20211029182032  -653.5 -90.2 -183.9
20211029182033  -653.4 -90.3 -184.0
20211029182034  -653.5 -90.3 -184.1
20211029182035  -653.6 -90.6 -184.1
20211029182036  -653.5 -90.5 -184.0
20211029182037  -652.7 -90.8 -183.5
20211029182038  -652.9 -90.6 -183.5
20211029182039  -653.4 -90.8 -183.9
20211029182040  -653.3 -90.7 -183.9
20211029182041  -653.3 -90.8 -184.1
20211029182042  -653.3 -90.8 -184.2
20211029182043  -653.3 -90.6 -183.9
20211029182044  -653.6 -90.6 -184.1
20211029182045  -653.5 -90.4 -184.3
20211029182046  -653.2 -90.2 -184.5
20211029182047  -653.3 -90.5 -184.6
20211029182048  -653.3 -90.8 -184.6
20211029182049  -653.3 -90.5 -184.5
20211029182050  -653.2 -90.5 -184.3
20211029182051  -653.3 -90.9 -184.6
20211029182052  -653.2 -90.7 -185.0
20211029182053  -653.4 -90.9 -184.8
20211029182054  -653.5 -91.1 -184.7
20211029182055  -653.2 -91.0 -184.7
20211029182056  -653.2 -90.7 -184.9
20211029182057  -653.2 -90.9 -184.7
20211029182058  -653.3 -91.1 -184.5
20211029182059  -653.1 -91.1 -184.6
20211029182100  -653.5 -91.3 -184.7
20211029182101  -653.1 -91.1 -184.9
20211029182102  -653.0 -91.3 -185.0
20211029182103  -652.5 -91.0 -184.4
20211029182104  -653.0 -90.9 -184.5
20211029182105  -652.9 -91.4 -184.6
20211029182106  -653.2 -91.1 -184.7
20211029182107  -653.5 -91.0 -184.8
20211029182108  -653.6 -91.1 -185.0
20211029182109  -653.5 -91.3 -184.9
20211029182110  -653.3 -91.4 -184.9
20211029182111  -653.4 -91.3 -184.9
20211029182112  -653.3 -91.3 -184.8
20211029182113  -653.3 -91.2 -185.0
20211029182114  -653.5 -91.2 -185.0
20211029182115  -653.5 -90.9 -185.1
20211029182116  -653.4 -90.7 -184.8
20211029182117  -653.5 -90.4 -184.8
20211029182118  -653.4 -90.5 -185.0
20211029182119  -653.7 -90.4 -184.8
20211029182120  -653.8 -90.8 -185.0
20211029182121  -653.7 -90.6 -185.3
20211029182122  -653.6 -90.8 -185.2
20211029182123  -653.7 -90.6 -185.0
20211029182124  -653.9 -90.6 -185.3
20211029182125  -653.9 -90.5 -185.2
20211029182126  -653.6 -90.3 -185.2
20211029182127  -653.9 -90.1 -185.2
20211029182128  -654.1 -90.2 -185.4
20211029182129  -653.3 -90.1 -184.9
20211029182130  -653.2 -90.0 -184.4
20211029182131  -652.9 -90.3 -184.1
20211029182132  -652.6 -90.0 -184.1
20211029182133  -653.0 -89.9 -184.0
20211029182134  -653.5 -89.8 -184.6
20211029182135  -653.6 -90.1 -184.6
20211029182136  -653.3 -90.0 -184.3
20211029182137  -653.5 -90.0 -184.3
20211029182138  -653.5 -89.8 -184.6
20211029182139  -653.2 -89.9 -184.6
20211029182140  -653.3 -90.1 -184.7
20211029182141  -653.2 -90.0 -184.9
20211029182142  -653.6 -90.1 -184.8
20211029182143  -653.7 -89.8 -184.7
20211029182144  -653.8 -89.9 -184.8
20211029182145  -653.7 -90.0 -184.8
20211029182146  -653.7 -90.0 -184.8
20211029182147  -653.8 -89.7 -184.8
20211029182148  -653.7 -90.0 -184.7
20211029182149  -653.2 -89.9 -185.0
20211029182150  -653.8 -89.9 -184.9
20211029182151  -653.9 -89.7 -185.3
20211029182152  -654.0 -89.9 -185.1
20211029182153  -654.0 -89.8 -184.9
20211029182154  -654.1 -89.8 -184.8
20211029182155  -653.8 -89.8 -184.8
20211029182156  -654.0 -89.7 -184.9
20211029182157  -653.9 -89.6 -185.2
20211029182158  -654.0 -89.7 -185.2
20211029182159  -653.6 -90.1 -185.2
20211029182200  -653.3 -89.9 -184.8
20211029182201  -653.0 -89.7 -184.4
20211029182202  -652.8 -89.5 -184.2
20211029182203  -652.9 -89.5 -184.2
20211029182204  -653.7 -89.7 -184.7
20211029182205  -653.8 -89.8 -184.6
20211029182206  -653.9 -89.7 -184.9
20211029182207  -653.8 -89.8 -184.8
20211029182208  -654.3 -89.6 -184.8
20211029182209  -653.9 -89.5 -185.0
20211029182210  -654.1 -89.9 -185.0
20211029182211  -654.1 -90.0 -184.9
20211029182212  -654.1 -90.1 -184.9
20211029182213  -654.1 -90.2 -185.1
20211029182214  -654.3 -90.1 -184.9
20211029182215  -654.1 -90.2 -185.0
20211029182216  -654.2 -90.3 -185.1
20211029182217  -654.1 -90.1 -184.8
20211029182218  -654.1 -90.4 -184.8
20211029182219  -654.4 -90.1 -184.8
20211029182220  -654.1 -90.2 -184.7
20211029182221  -653.9 -90.3 -184.9
20211029182222  -653.9 -90.0 -185.0
20211029182223  -654.1 -90.1 -185.1
20211029182224  -654.1 -90.3 -185.2
20211029182225  -654.1 -89.8 -185.0
20211029182226  -654.1 -89.8 -185.1
20211029182227  -654.1 -90.0 -185.3
20211029182228  -654.1 -89.9 -185.1
20211029182229  -653.8 -90.2 -184.8
20211029182230  -653.4 -90.1 -184.3
20211029182231  -653.8 -90.0 -184.7
20211029182232  -654.0 -90.1 -185.1
20211029182233  -654.2 -90.1 -185.1
20211029182234  -654.4 -90.2 -184.9
20211029182235  -654.1 -90.1 -184.9
20211029182236  -654.6 -90.1 -184.7
20211029182237  -654.4 -90.4 -185.3
20211029182238  -654.3 -90.2 -185.1
20211029182239  -654.3 -90.2 -184.9
20211029182240  -654.1 -90.1 -185.1
20211029182241  -654.2 -90.2 -185.1
20211029182242  -654.5 -90.0 -185.1
20211029182243  -654.4 -90.0 -184.9
20211029182244  -654.1 -90.3 -185.0
20211029182245  -654.5 -90.3 -184.9
20211029182246  -654.3 -90.3 -185.0
20211029182247  -654.3 -90.5 -185.0
20211029182248  -654.5 -90.4 -185.5
20211029182249  -654.6 -90.5 -185.3
20211029182250  -654.5 -90.5 -184.9
20211029182251  -654.4 -90.5 -185.1
20211029182252  -654.4 -90.4 -185.2
20211029182253  -654.7 -90.3 -185.1
20211029182254  -654.4 -90.3 -185.1
20211029182255  -654.6 -90.4 -185.1
20211029182256  -653.8 -90.7 -184.8
20211029182257  -653.7 -90.5 -184.2
20211029182258  -654.3 -90.6 -184.8
20211029182259  -654.3 -90.8 -184.8
20211029182300  -654.4 -90.9 -185.2
20211029182301  -654.3 -90.8 -185.4
20211029182302  -654.5 -90.5 -185.4
20211029182303  -654.6 -90.9 -185.1
20211029182304  -654.3 -90.8 -185.6
20211029182305  -653.9 -90.7 -185.2
20211029182306  -654.3 -90.8 -185.2
20211029182307  -654.2 -90.9 -185.1
20211029182308  -654.1 -90.6 -185.3
20211029182309  -654.4 -90.8 -185.0
20211029182310  -654.2 -90.6 -184.9
20211029182311  -654.3 -90.7 -185.3
20211029182312  -654.3 -90.2 -185.5
20211029182313  -654.5 -90.4 -185.0
20211029182314  -654.6 -90.6 -185.1
20211029182315  -654.2 -90.8 -185.6
20211029182316  -654.3 -90.9 -185.5
20211029182317  -654.3 -90.8 -185.4
20211029182318  -654.3 -90.9 -185.7
20211029182319  -654.5 -90.6 -185.8
20211029182320  -654.4 -90.9 -185.9
20211029182321  -654.4 -91.1 -185.7
20211029182322  -653.7 -90.9 -185.2
20211029182323  -653.5 -90.8 -184.4
20211029182324  -654.0 -90.7 -184.8
20211029182325  -654.1 -90.7 -185.4
20211029182326  -654.1 -90.7 -185.2
20211029182327  -654.1 -90.8 -185.5
20211029182328  -653.8 -90.9 -185.5
20211029182329  -654.1 -90.9 -185.4
20211029182330  -654.1 -91.0 -185.5
20211029182331  -654.3 -91.0 -185.3
20211029182332  -654.0 -91.2 -185.2
20211029182333  -654.0 -91.3 -185.4
20211029182334  -654.2 -91.5 -185.6
20211029182335  -654.2 -91.4 -185.3
20211029182336  -654.0 -91.4 -185.1
20211029182337  -654.2 -91.5 -185.5
20211029182338  -654.3 -91.4 -185.2
20211029182339  -654.1 -91.3 -185.2
20211029182340  -654.4 -91.2 -185.5
20211029182341  -654.3 -91.3 -185.6
20211029182342  -654.2 -91.3 -185.5
20211029182343  -654.2 -91.5 -185.4
20211029182344  -654.0 -91.7 -185.3
20211029182345  -654.3 -91.8 -185.3
20211029182346  -654.2 -91.6 -185.1
20211029182347  -654.5 -91.7 -185.2
20211029182348  -653.6 -91.8 -185.0
20211029182349  -653.6 -91.7 -184.5
20211029182350  -653.9 -91.5 -184.8
20211029182351  -654.2 -91.5 -185.4
20211029182352  -654.4 -91.6 -185.4
20211029182353  -654.2 -91.6 -185.3
20211029182354  -654.4 -91.5 -185.1
20211029182355  -654.5 -91.5 -185.2
20211029182356  -654.7 -91.5 -185.2
20211029182357  -654.4 -91.5 -185.4
20211029182358  -654.5 -91.6 -185.0
20211029182359  -654.6 -91.7 -185.2
20211029182400  -654.7 -91.3 -185.0
20211029182401  -654.4 -91.5 -185.4
20211029182402  -654.3 -91.5 -185.4
20211029182403  -654.2 -91.6 -185.2
20211029182404  -654.3 -91.6 -184.9
20211029182405  -654.4 -91.6 -185.3
20211029182406  -654.6 -91.6 -185.5
20211029182407  -654.7 -91.6 -185.2
20211029182408  -654.7 -91.5 -185.2
20211029182409  -654.7 -91.4 -185.1
20211029182410  -655.0 -91.3 -185.5
20211029182411  -654.9 -91.7 -185.2
20211029182412  -654.9 -91.6 -185.3
20211029182413  -655.0 -91.5 -185.3
20211029182414  -654.4 -91.4 -184.8
20211029182415  -654.3 -91.1 -184.5
20211029182416  -653.9 -91.2 -184.2
20211029182417  -655.0 -90.8 -184.8
20211029182418  -655.1 -91.1 -184.9
20211029182419  -655.4 -90.9 -185.0
20211029182420  -655.2 -90.8 -185.0
20211029182421  -655.4 -90.9 -185.0
20211029182422  -655.4 -90.8 -184.9
20211029182423  -655.3 -90.8 -185.0
20211029182424  -655.3 -91.0 -185.3
20211029182425  -655.4 -90.9 -185.4
20211029182426  -655.0 -90.7 -185.2
20211029182427  -655.4 -90.7 -185.6
20211029182428  -655.4 -90.9 -185.3
20211029182429  -655.2 -91.1 -185.1
20211029182430  -655.2 -91.0 -185.3
20211029182431  -655.3 -90.9 -185.3
20211029182432  -655.3 -91.0 -185.2
20211029182433  -655.1 -91.1 -185.2
20211029182434  -655.4 -91.1 -185.3
20211029182435  -655.4 -91.1 -185.4
20211029182436  -655.3 -91.0 -185.1
20211029182437  -655.2 -90.6 -185.2
20211029182438  -655.3 -90.8 -185.1
20211029182439  -655.4 -90.8 -185.0
20211029182440  -654.4 -90.7 -184.6
20211029182441  -654.1 -90.4 -184.3
20211029182442  -654.0 -90.4 -184.0
20211029182443  -654.1 -90.3 -184.0
20211029182444  -654.6 -90.4 -184.3
20211029182445  -654.8 -90.5 -184.6
20211029182446  -654.9 -90.6 -184.6
20211029182447  -654.8 -90.4 -184.6
20211029182448  -654.8 -90.6 -184.6
20211029182449  -655.1 -90.5 -184.7
20211029182450  -655.0 -90.0 -184.6
20211029182451  -655.0 -90.3 -184.6
20211029182452  -654.9 -90.0 -184.7
20211029182453  -654.8 -90.5 -184.6
20211029182454  -655.0 -90.5 -184.6
20211029182455  -655.0 -90.5 -184.8
20211029182456  -655.0 -90.5 -184.8
20211029182457  -655.2 -90.4 -184.8
20211029182458  -655.3 -90.7 -185.1
20211029182459  -655.2 -90.2 -184.7
20211029182500  -655.5 -90.1 -184.5
20211029182501  -655.1 -90.5 -184.6
20211029182502  -654.9 -90.2 -184.8
20211029182503  -654.9 -90.2 -184.7
20211029182504  -655.1 -90.3 -184.7
20211029182505  -655.0 -89.8 -184.9
20211029182506  -654.6 -90.2 -184.8
20211029182507  -654.6 -89.9 -184.2
20211029182508  -654.4 -89.9 -184.0
20211029182509  -654.2 -90.0 -183.7
20211029182510  -654.8 -90.1 -184.4
20211029182511  -654.9 -90.0 -184.4
20211029182512  -654.9 -90.1 -184.1
20211029182513  -655.0 -89.9 -184.1
20211029182514  -655.0 -89.8 -184.4
20211029182515  -655.0 -89.7 -184.3
20211029182516  -655.3 -89.8 -184.3
20211029182517  -655.4 -89.8 -184.2
20211029182518  -655.2 -89.9 -184.0
20211029182519  -655.5 -89.5 -184.0
20211029182520  -655.5 -89.4 -184.1
20211029182521  -655.4 -89.6 -184.3
20211029182522  -655.3 -89.6 -184.3
20211029182523  -655.3 -89.6 -184.6
20211029182524  -655.2 -89.4 -184.5
20211029182525  -655.1 -89.4 -184.6
20211029182526  -655.1 -89.3 -184.3
20211029182527  -655.1 -89.1 -184.2
20211029182528  -655.1 -89.2 -184.3
20211029182529  -655.0 -89.3 -184.5
20211029182530  -655.1 -89.0 -184.4
20211029182531  -655.1 -88.9 -184.3
20211029182532  -654.5 -89.2 -184.2
20211029182533  -654.3 -88.9 -183.7
20211029182534  -653.8 -88.9 -183.4
20211029182535  -653.6 -88.5 -183.4
20211029182536  -654.3 -88.5 -184.1
20211029182537  -654.4 -88.7 -183.9
20211029182538  -654.5 -88.5 -183.9
20211029182539  -654.7 -88.7 -183.7
20211029182540  -654.7 -88.6 -183.9
20211029182541  -654.5 -88.6 -183.7
20211029182542  -654.6 -88.8 -183.8
20211029182543  -654.3 -88.5 -183.6
20211029182544  -654.2 -88.3 -183.7
20211029182545  -654.4 -88.4 -183.9
20211029182546  -654.6 -87.9 -184.0
20211029182547  -654.7 -88.2 -184.3
20211029182548  -654.4 -87.7 -184.3
20211029182549  -654.6 -87.4 -184.0
20211029182550  -654.5 -88.0 -184.1
20211029182551  -654.7 -87.8 -184.0
20211029182552  -654.7 -87.8 -183.9
20211029182553  -654.6 -87.8 -183.9
20211029182554  -654.6 -87.4 -184.2
20211029182555  -654.5 -87.3 -184.1
20211029182556  -654.6 -87.4 -183.9
20211029182557  -654.5 -87.2 -183.9
20211029182558  -654.2 -87.5 -183.8
20211029182559  -653.5 -87.5 -183.4
20211029182600  -653.4 -87.5 -183.0
20211029182601  -653.2 -87.4 -182.9
20211029182602  -653.8 -87.2 -183.2
20211029182603  -654.0 -87.4 -183.8
20211029182604  -654.2 -87.7 -183.8
20211029182605  -654.3 -87.5 -183.8
20211029182606  -654.0 -87.4 -183.6
20211029182607  -654.1 -87.5 -183.7
20211029182608  -654.1 -87.6 -183.8
20211029182609  -653.8 -87.5 -183.8
20211029182610  -653.9 -87.5 -183.6
20211029182611  -653.8 -87.6 -183.8
20211029182612  -653.9 -87.5 -183.8
20211029182613  -654.0 -87.4 -184.0
20211029182614  -653.5 -87.4 -183.8
20211029182615  -653.8 -87.4 -183.4
20211029182616  -653.6 -87.6 -183.8
20211029182617  -653.6 -87.6 -183.8
20211029182618  -653.6 -87.5 -183.9
20211029182619  -653.7 -87.5 -184.2
20211029182620  -653.6 -87.7 -183.9
20211029182621  -653.6 -87.4 -184.2
20211029182622  -653.7 -87.3 -184.3
20211029182623  -653.9 -87.4 -184.3
20211029182624  -653.4 -87.7 -184.3
20211029182625  -653.1 -87.3 -183.9
20211029182626  -652.9 -87.3 -183.8
20211029182627  -652.9 -87.3 -183.8
20211029182628  -653.2 -87.2 -183.9
20211029182629  -653.3 -87.3 -184.0
20211029182630  -653.4 -87.5 -184.1
20211029182631  -653.2 -87.5 -183.9
20211029182632  -653.5 -87.5 -183.9
20211029182633  -653.4 -87.5 -184.0
20211029182634  -653.2 -87.4 -184.1
20211029182635  -653.3 -87.5 -184.1
20211029182636  -653.3 -87.5 -184.1
20211029182637  -653.2 -87.5 -184.1
20211029182638  -653.1 -87.7 -184.1
20211029182639  -653.2 -87.7 -184.2
20211029182640  -653.1 -87.7 -184.3
20211029182641  -653.1 -88.0 -184.2
20211029182642  -652.7 -87.9 -184.4
20211029182643  -652.9 -87.9 -184.6
20211029182644  -652.9 -88.1 -184.5
20211029182645  -652.9 -87.8 -184.6
20211029182646  -652.9 -88.1 -184.3
20211029182647  -652.8 -88.0 -184.5
20211029182648  -652.8 -88.1 -184.5
20211029182649  -652.3 -87.9 -184.7
20211029182650  -652.2 -88.1 -184.5
20211029182651  -651.9 -88.1 -184.3
20211029182652  -651.6 -88.1 -183.8
20211029182653  -651.3 -88.4 -183.6
20211029182654  -651.7 -87.8 -183.7
20211029182655  -652.0 -87.9 -184.3
20211029182656  -652.0 -88.1 -184.1
20211029182657  -651.9 -88.2 -184.1
20211029182658  -651.8 -88.1 -184.2
20211029182659  -651.8 -88.2 -184.3
20211029182700  -651.9 -88.2 -184.2
20211029182701  -651.5 -88.4 -184.1
20211029182702  -652.0 -88.3 -184.1
20211029182703  -651.8 -88.2 -184.1
20211029182704  -651.6 -88.3 -184.2
20211029182705  -652.0 -88.3 -184.2
20211029182706  -651.7 -88.5 -184.6
20211029182707  -651.8 -88.5 -184.7
20211029182708  -651.9 -88.4 -184.5
20211029182709  -651.7 -88.6 -184.3
20211029182710  -651.9 -88.5 -184.3
20211029182711  -652.3 -88.5 -184.1
20211029182712  -652.2 -88.3 -184.3
20211029182713  -652.0 -88.6 -184.4
20211029182714  -651.9 -88.8 -184.3
20211029182715  -652.3 -88.5 -184.2
20211029182716  -652.0 -88.7 -184.7
20211029182717  -651.7 -88.7 -184.6
20211029182718  -651.4 -88.8 -184.5
20211029182719  -651.2 -88.7 -184.0
20211029182720  -651.4 -88.7 -184.3
20211029182721  -652.0 -88.5 -184.7
20211029182722  -651.9 -88.8 -184.9
20211029182723  -652.1 -89.0 -184.7
20211029182724  -652.1 -88.9 -184.9
20211029182725  -652.1 -88.7 -184.6
20211029182726  -652.3 -88.7 -185.0
20211029182727  -652.3 -88.7 -184.5
20211029182728  -652.6 -88.7 -184.7
20211029182729  -652.5 -89.2 -184.9
20211029182730  -652.4 -89.0 -184.9
20211029182731  -652.5 -88.9 -185.2
20211029182732  -652.4 -88.8 -185.3
20211029182733  -652.7 -88.7 -185.1
20211029182734  -652.3 -89.1 -184.9
20211029182735  -652.4 -89.3 -185.0
20211029182736  -652.5 -89.2 -185.4
20211029182737  -652.2 -89.3 -185.3
20211029182738  -652.5 -89.4 -185.3
20211029182739  -652.3 -89.5 -185.6
20211029182740  -652.6 -89.2 -185.2
20211029182741  -652.6 -89.1 -185.5
20211029182742  -652.5 -89.4 -185.1
20211029182743  -651.7 -89.5 -185.3
20211029182744  -651.4 -89.4 -185.1
20211029182745  -651.5 -89.2 -184.7
20211029182746  -651.5 -89.3 -184.7
20211029182747  -652.6 -89.5 -185.2
20211029182748  -652.2 -89.9 -185.2
20211029182749  -652.2 -89.8 -185.3
20211029182750  -652.6 -89.7 -185.2
20211029182751  -652.3 -89.9 -185.3
20211029182752  -652.4 -89.6 -185.6
20211029182753  -652.2 -89.8 -185.7
20211029182754  -652.2 -89.9 -185.4
20211029182755  -652.3 -90.0 -185.3
20211029182756  -652.1 -90.1 -185.6
20211029182757  -652.3 -90.1 -185.5
20211029182758  -652.2 -90.5 -185.4
20211029182759  -652.3 -90.4 -185.5
20211029182800  -652.1 -90.4 -185.6
20211029182801  -652.2 -90.6 -185.4
20211029182802  -652.3 -90.5 -185.6
20211029182803  -652.2 -90.5 -185.6
20211029182804  -652.4 -90.5 -185.7
20211029182805  -652.0 -90.7 -185.5
20211029182806  -652.3 -90.8 -185.8
20211029182807  -652.4 -90.6 -185.8
20211029182808  -652.1 -90.9 -185.8
20211029182809  -651.6 -90.8 -185.4
20211029182810  -651.5 -90.7 -185.1
20211029182811  -651.4 -90.7 -184.6
20211029182812  -651.6 -90.5 -184.8
20211029182813  -651.6 -90.8 -184.8
20211029182814  -652.0 -90.8 -185.1
