20211109000000  -789.4 -40.4 -231.9
20211109000001  -789.8 -40.5 -232.7
20211109000002  -789.9 -40.5 -232.7
20211109000003  -789.9 -40.3 -232.8
20211109000004  -789.4 -40.3 -232.7
20211109000005  -789.6 -40.3 -232.6
20211109000006  -789.4 -40.3 -232.1
20211109000007  -789.3 -40.2 -232.0
20211109000008  -788.8 -40.1 -232.2
20211109000009  -788.9 -40.0 -231.9
20211109000010  -788.7 -39.9 -231.5
20211109000011  -788.7 -39.9 -231.2
20211109000012  -788.3 -40.1 -231.4
20211109000013  -788.2 -39.9 -231.2
20211109000014  -788.2 -40.1 -231.5
20211109000015  -788.2 -40.3 -231.2
20211109000016  -788.4 -40.6 -231.3
20211109000017  -788.3 -40.8 -231.4
20211109000018  -788.5 -40.8 -231.4
20211109000019  -788.5 -40.9 -231.5
20211109000020  -788.4 -41.0 -231.4
20211109000021  -788.4 -40.9 -231.7
20211109000022  -788.1 -40.7 -231.4
20211109000023  -787.9 -40.4 -230.9
20211109000024  -787.8 -40.5 -230.8
20211109000025  -787.5 -40.1 -230.5
20211109000026  -787.6 -39.9 -230.2
20211109000027  -788.4 -39.7 -230.9
20211109000028  -788.5 -39.6 -230.7
20211109000029  -788.3 -39.5 -230.5
20211109000030  -788.2 -39.5 -230.3
20211109000031  -788.2 -39.6 -230.2
20211109000032  -787.7 -39.6 -230.2
20211109000033  -787.8 -39.4 -230.0
20211109000034  -787.5 -39.4 -230.2
20211109000035  -787.4 -39.4 -230.2
20211109000036  -787.2 -39.3 -230.0
20211109000037  -787.3 -39.3 -229.9
20211109000038  -787.0 -39.3 -229.7
20211109000039  -786.6 -39.5 -229.5
20211109000040  -786.5 -39.5 -229.8
20211109000041  -786.3 -39.7 -229.7
20211109000042  -785.8 -39.7 -230.2
20211109000043  -785.5 -39.5 -230.0
20211109000044  -785.3 -39.5 -229.8
20211109000045  -785.0 -39.9 -229.9
20211109000046  -784.9 -39.8 -229.6
20211109000047  -784.4 -39.8 -229.5
20211109000048  -784.0 -39.9 -229.1
20211109000049  -783.4 -39.8 -228.7
20211109000050  -783.0 -39.8 -228.4
20211109000051  -782.4 -39.7 -228.2
20211109000052  -782.0 -39.4 -228.2
20211109000053  -782.4 -39.5 -228.7
20211109000054  -782.4 -39.6 -228.7
20211109000055  -781.6 -39.7 -228.6
20211109000056  -781.4 -39.7 -228.4
20211109000057  -781.0 -39.7 -228.5
20211109000058  -780.6 -39.5 -228.5
20211109000059  -779.9 -39.6 -228.6
20211109000100  -779.9 -39.5 -228.4
20211109000101  -779.6 -39.6 -228.4
20211109000102  -779.1 -39.5 -228.6
20211109000103  -778.7 -39.4 -228.6
20211109000104  -778.5 -39.3 -228.6
20211109000105  -778.3 -39.6 -228.2
20211109000106  -777.8 -39.6 -228.3
20211109000107  -777.3 -39.6 -228.6
20211109000108  -777.1 -40.0 -228.4
20211109000109  -776.9 -40.3 -228.5
20211109000110  -776.8 -40.1 -228.6
20211109000111  -776.4 -40.0 -228.5
20211109000112  -776.1 -40.1 -228.5
20211109000113  -775.6 -40.2 -228.4
20211109000114  -775.2 -40.3 -228.1
20211109000115  -774.1 -40.1 -227.5
20211109000116  -773.7 -39.9 -227.3
20211109000117  -773.2 -40.2 -227.0
20211109000118  -773.0 -40.0 -227.1
20211109000119  -773.4 -40.1 -227.7
20211109000120  -773.2 -40.2 -227.9
20211109000121  -772.9 -40.3 -227.5
20211109000122  -772.8 -40.1 -227.6
20211109000123  -772.8 -40.2 -227.5
20211109000124  -772.7 -40.5 -227.9
20211109000125  -772.3 -40.6 -227.7
20211109000126  -772.2 -40.3 -227.9
20211109000127  -772.2 -40.4 -228.0
20211109000128  -772.1 -40.5 -227.7
20211109000129  -772.0 -40.5 -228.1
20211109000130  -772.0 -40.4 -228.0
20211109000131  -772.0 -40.6 -227.8
20211109000132  -771.8 -40.6 -227.7
20211109000133  -771.9 -40.4 -227.8
20211109000134  -772.0 -40.1 -227.7
20211109000135  -771.6 -40.3 -227.6
20211109000136  -771.4 -40.3 -227.5
20211109000137  -771.4 -40.4 -227.7
20211109000138  -771.9 -40.5 -227.8
20211109000139  -771.9 -40.5 -228.0
20211109000140  -772.1 -40.3 -227.9
20211109000141  -771.9 -40.0 -227.6
20211109000142  -771.4 -39.8 -227.3
20211109000143  -771.4 -39.4 -227.3
20211109000144  -771.8 -39.3 -227.3
20211109000145  -772.7 -39.8 -227.8
20211109000146  -773.2 -39.7 -227.9
20211109000147  -773.0 -39.6 -227.7
20211109000148  -773.1 -39.4 -227.7
20211109000149  -773.4 -39.5 -227.8
20211109000150  -773.3 -39.3 -227.4
20211109000151  -773.5 -39.2 -227.5
20211109000152  -773.8 -39.4 -227.8
20211109000153  -773.9 -39.4 -227.7
20211109000154  -773.9 -39.8 -227.6
20211109000155  -773.9 -39.6 -227.7
20211109000156  -774.0 -39.6 -227.9
20211109000157  -774.5 -39.5 -227.7
20211109000158  -774.8 -39.1 -228.0
20211109000159  -774.6 -39.4 -227.9
20211109000200  -774.9 -39.6 -227.9
20211109000201  -775.0 -39.7 -227.6
20211109000202  -774.9 -39.5 -227.4
20211109000203  -774.7 -39.7 -227.6
20211109000204  -775.0 -39.7 -227.4
20211109000205  -774.8 -39.9 -227.4
20211109000206  -775.2 -39.9 -227.6
20211109000207  -774.8 -39.8 -227.3
20211109000208  -774.4 -39.9 -226.9
20211109000209  -774.3 -39.7 -226.6
20211109000210  -774.4 -39.7 -226.8
20211109000211  -775.1 -39.8 -227.2
