20211031071030  -661.1 -77.3 -188.8
20211031071031  -661.1 -77.1 -188.6
20211031071032  -661.5 -77.1 -188.9
20211031071033  -661.8 -77.1 -189.0
20211031071034  -661.5 -77.0 -188.9
20211031071035  -661.4 -77.1 -188.7
20211031071036  -661.5 -77.4 -188.9
20211031071037  -661.7 -77.0 -188.7
20211031071038  -661.6 -77.1 -188.6
20211031071039  -661.9 -76.8 -189.1
20211031071040  -662.0 -76.8 -189.1
20211031071041  -662.0 -76.7 -189.1
20211031071042  -662.1 -76.5 -189.0
20211031071043  -662.1 -76.4 -189.1
20211031071044  -662.1 -76.6 -188.9
20211031071045  -662.3 -76.6 -189.0
20211031071046  -662.4 -76.3 -188.8
20211031071047  -662.4 -76.6 -188.9
20211031071048  -662.4 -76.5 -188.9
20211031071049  -662.4 -76.3 -188.7
20211031071050  -662.9 -76.4 -188.6
20211031071051  -663.1 -76.5 -188.6
20211031071052  -663.1 -76.4 -188.8
20211031071053  -663.1 -76.2 -188.8
20211031071054  -663.0 -76.2 -188.7
20211031071055  -663.3 -76.4 -188.5
20211031071056  -663.4 -76.3 -188.4
20211031071057  -663.2 -76.0 -188.7
20211031071058  -663.1 -76.0 -188.7
20211031071059  -663.1 -76.0 -188.7
20211031071100  -662.7 -75.7 -188.1
20211031071101  -662.5 -75.4 -187.7
20211031071102  -663.3 -75.5 -188.2
20211031071103  -663.3 -75.4 -188.0
20211031071104  -663.2 -75.7 -188.0
20211031071105  -663.2 -75.7 -187.7
20211031071106  -663.1 -75.8 -187.9
20211031071107  -663.3 -75.6 -187.6
20211031071108  -663.2 -75.6 -187.9
20211031071109  -663.1 -75.5 -187.8
20211031071110  -663.4 -75.5 -188.0
20211031071111  -663.3 -75.5 -187.8
20211031071112  -663.2 -75.9 -188.0
20211031071113  -663.3 -75.7 -187.9
20211031071114  -662.9 -75.9 -188.1
20211031071115  -663.3 -76.4 -187.9
20211031071116  -663.3 -76.3 -187.9
20211031071117  -663.2 -76.2 -188.0
20211031071118  -663.1 -76.6 -187.7
20211031071119  -663.1 -76.6 -187.5
20211031071120  -663.2 -76.8 -187.8
20211031071121  -663.1 -77.0 -187.8
20211031071122  -663.1 -76.9 -187.8
20211031071123  -663.3 -76.9 -187.7
20211031071124  -663.1 -77.0 -187.5
20211031071125  -663.1 -77.1 -187.5
20211031071126  -663.4 -76.7 -187.7
20211031071127  -663.3 -76.9 -187.7
20211031071128  -663.3 -77.0 -187.8
20211031071129  -663.0 -77.1 -187.6
20211031071130  -662.6 -76.9 -187.2
20211031071131  -662.2 -76.9 -187.0
20211031071132  -662.8 -77.1 -187.3
20211031071133  -663.3 -77.3 -187.7
20211031071134  -663.2 -77.1 -187.8
20211031071135  -663.5 -77.1 -188.1
20211031071136  -663.5 -77.2 -188.2
20211031071137  -663.8 -76.8 -188.3
20211031071138  -663.9 -76.8 -188.4
20211031071139  -663.7 -76.8 -188.5
20211031071140  -663.6 -76.9 -188.3
20211031071141  -663.8 -77.1 -188.6
20211031071142  -663.9 -76.9 -188.5
20211031071143  -664.3 -76.5 -188.7
20211031071144  -664.3 -76.8 -188.9
20211031071145  -664.4 -76.9 -188.8
20211031071146  -664.4 -76.6 -188.9
20211031071147  -664.9 -76.2 -189.1
20211031071148  -664.8 -76.3 -189.1
20211031071149  -664.9 -76.3 -188.9
20211031071150  -664.8 -76.2 -189.0
20211031071151  -664.9 -76.6 -189.1
20211031071152  -664.4 -76.3 -189.2
20211031071153  -664.6 -75.9 -189.0
20211031071154  -664.3 -75.9 -189.4
20211031071155  -664.0 -75.6 -189.0
20211031071156  -663.8 -75.6 -188.8
20211031071157  -663.8 -75.6 -189.0
20211031071158  -663.5 -75.7 -188.9
20211031071159  -663.1 -76.0 -189.0
20211031071200  -662.2 -75.9 -188.8
20211031071201  -661.6 -76.2 -188.3
20211031071202  -661.5 -76.2 -188.6
20211031071203  -661.8 -76.3 -189.2
20211031071204  -661.5 -76.6 -189.1
20211031071205  -661.5 -76.8 -189.2
20211031071206  -661.2 -77.0 -189.5
20211031071207  -660.8 -76.9 -189.5
20211031071208  -660.9 -77.3 -189.2
20211031071209  -660.5 -77.4 -189.3
20211031071210  -660.6 -77.5 -189.5
20211031071211  -660.4 -77.5 -189.4
20211031071212  -660.3 -77.4 -189.3
20211031071213  -660.1 -77.5 -189.4
20211031071214  -660.5 -77.4 -189.4
20211031071215  -660.6 -77.5 -189.5
20211031071216  -660.6 -77.5 -189.5
20211031071217  -660.6 -77.2 -189.3
20211031071218  -660.8 -77.2 -189.3
20211031071219  -660.9 -77.0 -189.2
20211031071220  -661.4 -77.0 -189.3
20211031071221  -661.6 -77.0 -189.2
20211031071222  -661.8 -76.9 -189.2
20211031071223  -662.1 -76.8 -189.1
20211031071224  -662.4 -76.8 -189.1
20211031071225  -662.8 -76.4 -188.8
20211031071226  -662.7 -76.6 -188.8
20211031071227  -663.0 -76.5 -188.8
20211031071228  -663.3 -76.4 -188.4
20211031071229  -663.5 -76.4 -188.3
20211031071230  -663.0 -76.2 -187.4
20211031071231  -663.0 -75.8 -187.5
20211031071232  -663.0 -75.5 -187.3
20211031071233  -664.1 -75.4 -187.8
20211031071234  -664.3 -75.2 -187.7
20211031071235  -664.7 -74.8 -187.6
20211031071236  -664.9 -74.7 -187.5
20211031071237  -665.1 -74.3 -187.5
20211031071238  -665.2 -74.0 -187.5
20211031071239  -665.2 -73.7 -187.5
20211031071240  -665.4 -73.8 -187.0
20211031071241  -665.6 -73.6 -187.3
20211031071242  -665.8 -73.3 -187.0
20211031071243  -665.8 -73.1 -186.8
20211031071244  -665.8 -72.9 -187.1
20211031071245  -665.9 -72.4 -187.1
20211031071246  -665.7 -72.4 -187.0
20211031071247  -665.8 -72.3 -186.8
20211031071248  -666.0 -72.3 -186.6
20211031071249  -665.8 -72.2 -186.9
20211031071250  -665.5 -71.9 -186.3
20211031071251  -665.8 -72.0 -186.3
20211031071252  -665.6 -72.0 -186.4
20211031071253  -665.5 -71.6 -186.3
20211031071254  -665.6 -71.8 -186.2
20211031071255  -665.7 -71.6 -186.3
20211031071256  -665.6 -71.7 -186.2
20211031071257  -665.8 -71.7 -186.4
20211031071258  -665.7 -71.9 -186.3
20211031071259  -665.3 -72.1 -186.1
20211031071300  -664.6 -72.0 -185.4
20211031071301  -664.1 -71.6 -185.6
20211031071302  -663.7 -71.8 -185.5
20211031071303  -664.2 -71.6 -186.0
20211031071304  -664.2 -71.8 -185.8
20211031071305  -664.2 -71.9 -185.9
20211031071306  -664.0 -72.1 -186.1
20211031071307  -663.9 -72.3 -186.2
20211031071308  -664.2 -72.7 -186.3
20211031071309  -663.6 -73.0 -186.5
20211031071310  -663.5 -73.1 -186.6
20211031071311  -664.0 -73.4 -186.6
20211031071312  -663.8 -73.7 -186.8
20211031071313  -663.6 -73.5 -186.9
20211031071314  -663.5 -73.9 -186.9
20211031071315  -663.2 -74.0 -187.0
20211031071316  -663.0 -74.2 -187.1
20211031071317  -663.0 -74.2 -187.2
20211031071318  -662.9 -74.2 -187.3
20211031071319  -662.9 -74.6 -187.1
20211031071320  -662.8 -74.7 -187.2
20211031071321  -662.9 -75.0 -187.3
20211031071322  -662.9 -75.2 -187.6
20211031071323  -662.9 -75.4 -187.5
20211031071324  -662.7 -75.3 -187.5
20211031071325  -662.6 -75.6 -188.1
20211031071326  -662.8 -75.7 -187.9
20211031071327  -662.5 -75.9 -188.0
20211031071328  -662.5 -76.2 -188.4
20211031071329  -662.5 -76.3 -188.2
20211031071330  -661.9 -76.2 -187.8
20211031071331  -661.9 -76.2 -187.7
20211031071332  -661.5 -76.1 -187.7
20211031071333  -662.4 -76.5 -187.9
20211031071334  -662.6 -76.6 -188.4
20211031071335  -662.7 -76.9 -188.3
20211031071336  -662.8 -77.0 -188.4
20211031071337  -662.8 -76.9 -188.2
20211031071338  -662.9 -76.9 -188.4
20211031071339  -662.9 -76.8 -188.3
20211031071340  -663.0 -76.7 -188.3
20211031071341  -662.8 -76.5 -188.1
20211031071342  -662.7 -76.4 -188.2
20211031071343  -662.7 -76.3 -187.9
20211031071344  -662.7 -76.3 -188.1
20211031071345  -662.6 -76.2 -187.9
20211031071346  -662.5 -76.3 -187.8
20211031071347  -662.6 -75.8 -187.8
20211031071348  -662.7 -75.7 -188.0
20211031071349  -662.4 -75.8 -187.9
20211031071350  -662.2 -75.3 -187.6
20211031071351  -662.0 -75.1 -187.6
20211031071352  -661.8 -75.2 -187.9
20211031071353  -661.7 -74.7 -187.8
20211031071354  -661.7 -74.7 -187.2
20211031071355  -661.4 -74.3 -187.4
20211031071356  -661.2 -74.5 -187.6
20211031071357  -661.1 -74.2 -187.6
20211031071358  -661.0 -74.1 -187.4
20211031071359  -661.1 -74.1 -187.5
20211031071400  -660.5 -74.1 -187.3
20211031071401  -659.8 -73.5 -186.9
20211031071402  -659.8 -73.7 -186.5
20211031071403  -660.7 -73.7 -187.0
20211031071404  -660.5 -73.6 -187.5
20211031071405  -660.5 -73.3 -187.3
20211031071406  -660.5 -73.2 -187.3
20211031071407  -660.7 -73.0 -187.3
20211031071408  -660.8 -72.9 -187.6
20211031071409  -660.6 -72.7 -187.1
20211031071410  -660.7 -72.9 -187.2
20211031071411  -660.8 -72.7 -187.0
20211031071412  -660.7 -72.9 -186.7
20211031071413  -660.6 -72.9 -186.9
20211031071414  -660.6 -73.0 -186.6
20211031071415  -660.6 -73.2 -186.6
