20211103233101  -732.4 -48.6 -195.4
20211103233102  -732.3 -48.2 -195.5
20211103233103  -731.9 -48.1 -195.6
20211103233104  -731.3 -47.9 -195.6
20211103233105  -731.1 -47.8 -195.8
20211103233106  -731.1 -47.7 -195.7
20211103233107  -731.1 -47.6 -195.9
20211103233108  -730.8 -47.6 -196.0
20211103233109  -730.7 -47.2 -196.0
20211103233110  -730.8 -47.2 -196.3
20211103233111  -730.8 -46.8 -196.2
20211103233112  -730.5 -46.7 -196.3
20211103233113  -730.0 -46.5 -196.6
20211103233114  -729.8 -46.6 -196.5
20211103233115  -729.9 -46.7 -196.7
20211103233116  -729.5 -46.4 -196.5
20211103233117  -729.4 -46.0 -196.4
20211103233118  -729.2 -46.0 -196.4
20211103233119  -729.2 -45.9 -196.3
20211103233120  -728.8 -45.9 -196.4
20211103233121  -728.4 -45.7 -196.5
20211103233122  -728.5 -45.7 -196.5
20211103233123  -728.0 -45.1 -196.6
20211103233124  -727.8 -44.8 -196.8
20211103233125  -727.4 -45.0 -196.8
20211103233126  -727.4 -45.1 -197.0
20211103233127  -727.4 -45.0 -197.3
20211103233128  -727.7 -44.9 -197.7
20211103233129  -727.8 -44.7 -197.7
20211103233130  -728.1 -44.9 -197.9
20211103233131  -728.7 -44.6 -198.1
20211103233132  -729.2 -45.0 -198.3
20211103233133  -729.4 -44.9 -198.3
20211103233134  -729.4 -44.7 -198.4
20211103233135  -730.1 -44.7 -198.2
20211103233136  -730.8 -44.8 -198.5
20211103233137  -731.1 -44.9 -198.6
20211103233138  -731.8 -44.8 -198.7
20211103233139  -732.1 -44.2 -198.6
20211103233140  -732.6 -44.2 -199.0
20211103233141  -733.2 -44.4 -198.9
20211103233142  -734.1 -44.3 -199.0
20211103233143  -734.6 -44.0 -198.9
20211103233144  -735.3 -44.3 -199.0
20211103233145  -735.8 -44.1 -198.7
20211103233146  -736.1 -43.6 -198.7
20211103233147  -736.7 -43.6 -198.6
20211103233148  -737.1 -43.8 -198.6
20211103233149  -737.7 -43.4 -198.8
20211103233150  -738.3 -43.2 -199.0
20211103233151  -739.1 -43.1 -198.6
20211103233152  -739.6 -43.5 -198.9
20211103233153  -740.1 -43.3 -199.0
20211103233154  -740.8 -43.1 -198.7
20211103233155  -741.4 -43.4 -198.8
20211103233156  -741.8 -43.1 -198.6
20211103233157  -741.9 -43.2 -198.5
20211103233158  -742.4 -42.9 -198.5
20211103233159  -742.7 -43.0 -198.5
20211103233200  -743.0 -43.2 -198.4
20211103233201  -743.1 -42.7 -198.3
20211103233202  -743.7 -42.8 -198.2
20211103233203  -744.3 -42.9 -198.4
20211103233204  -744.6 -43.0 -198.4
20211103233205  -744.7 -42.9 -198.7
20211103233206  -744.9 -42.4 -198.6
20211103233207  -745.5 -42.3 -198.8
20211103233208  -745.9 -42.1 -198.6
20211103233209  -746.0 -41.9 -198.2
20211103233210  -746.0 -41.8 -197.8
20211103233211  -746.1 -41.5 -197.9
20211103233212  -746.3 -41.8 -197.4
20211103233213  -746.1 -41.7 -197.3
20211103233214  -746.4 -41.3 -197.2
20211103233215  -746.6 -41.3 -197.1
20211103233216  -746.5 -41.2 -196.8
20211103233217  -746.9 -40.9 -196.6
20211103233218  -747.0 -41.0 -196.8
20211103233219  -746.8 -41.1 -196.9
20211103233220  -746.7 -41.0 -197.0
20211103233221  -746.6 -40.8 -197.0
20211103233222  -746.9 -40.7 -197.0
20211103233223  -747.0 -40.7 -196.9
20211103233224  -747.2 -40.6 -197.1
20211103233225  -747.4 -40.4 -197.3
20211103233226  -747.8 -39.8 -197.6
20211103233227  -747.8 -39.6 -197.4
20211103233228  -747.8 -39.5 -197.3
20211103233229  -748.2 -39.3 -197.5
20211103233230  -748.4 -39.2 -197.7
20211103233231  -749.0 -38.9 -197.4
20211103233232  -749.1 -38.8 -197.6
20211103233233  -749.5 -38.6 -197.5
20211103233234  -749.6 -38.8 -197.9
20211103233235  -749.7 -38.6 -197.7
20211103233236  -749.7 -38.6 -197.8
20211103233237  -750.1 -38.7 -197.8
20211103233238  -750.4 -38.7 -197.9
20211103233239  -750.8 -38.7 -198.1
20211103233240  -750.8 -38.6 -198.1
20211103233241  -751.1 -38.2 -198.1
20211103233242  -751.3 -38.3 -198.2
20211103233243  -751.3 -38.5 -198.2
20211103233244  -751.4 -38.7 -198.2
20211103233245  -751.4 -38.8 -198.0
20211103233246  -751.3 -39.1 -197.9
20211103233247  -751.5 -39.2 -197.8
20211103233248  -751.3 -39.0 -197.8
20211103233249  -750.9 -39.2 -197.5
20211103233250  -750.6 -39.1 -197.6
20211103233251  -750.7 -39.1 -197.6
20211103233252  -750.6 -39.2 -197.8
20211103233253  -750.6 -39.3 -198.3
20211103233254  -750.6 -38.9 -198.5
20211103233255  -751.2 -39.3 -198.9
20211103233256  -751.0 -39.3 -198.9
20211103233257  -750.9 -39.4 -199.2
20211103233258  -751.1 -39.5 -199.3
20211103233259  -751.5 -39.4 -199.2
20211103233300  -751.5 -39.5 -199.4
20211103233301  -751.6 -39.8 -199.4
20211103233302  -751.8 -39.8 -199.5
20211103233303  -752.1 -40.1 -199.6
20211103233304  -752.2 -40.0 -199.9
20211103233305  -752.3 -40.1 -200.2
20211103233306  -752.5 -40.1 -200.3
20211103233307  -752.5 -39.8 -200.2
20211103233308  -752.8 -40.2 -200.2
20211103233309  -753.0 -40.1 -199.7
20211103233310  -753.2 -40.0 -200.0
20211103233311  -753.2 -40.1 -200.0
20211103233312  -753.3 -40.0 -200.2
20211103233313  -753.5 -39.8 -200.3
20211103233314  -754.1 -40.0 -200.6
20211103233315  -754.6 -40.1 -200.8
20211103233316  -754.6 -40.2 -200.9
20211103233317  -754.4 -40.4 -200.7
20211103233318  -754.4 -40.4 -200.8
20211103233319  -754.5 -40.8 -201.3
20211103233320  -754.6 -40.9 -201.0
20211103233321  -754.7 -41.0 -200.9
20211103233322  -754.5 -41.5 -201.3
20211103233323  -754.4 -41.3 -201.4
20211103233324  -754.0 -41.3 -201.4
20211103233325  -753.7 -41.3 -201.5
20211103233326  -754.0 -41.7 -201.6
20211103233327  -753.7 -41.7 -201.6
20211103233328  -753.4 -41.5 -201.8
20211103233329  -753.2 -41.6 -201.6
20211103233330  -752.8 -41.6 -201.6
20211103233331  -752.2 -41.7 -201.3
20211103233332  -752.1 -41.6 -202.0
20211103233333  -752.3 -41.6 -202.3
20211103233334  -752.2 -41.9 -202.5
20211103233335  -752.2 -41.8 -203.0
20211103233336  -751.8 -41.9 -203.1
20211103233337  -751.5 -42.1 -203.2
20211103233338  -751.4 -42.4 -203.3
20211103233339  -751.1 -42.4 -203.2
20211103233340  -751.0 -42.8 -203.7
20211103233341  -750.1 -42.6 -203.9
20211103233342  -750.2 -42.7 -204.2
20211103233343  -750.0 -42.8 -204.3
20211103233344  -749.8 -43.0 -204.9
20211103233345  -750.0 -43.1 -205.1
20211103233346  -749.7 -43.4 -205.6
20211103233347  -750.0 -43.5 -205.9
20211103233348  -749.7 -43.4 -206.1
20211103233349  -749.3 -43.5 -206.1
20211103233350  -749.1 -43.5 -206.3
20211103233351  -749.1 -43.6 -206.8
20211103233352  -749.0 -44.0 -207.0
20211103233353  -748.4 -43.9 -207.2
20211103233354  -748.2 -44.0 -207.6
20211103233355  -748.3 -44.3 -207.5
20211103233356  -748.0 -44.7 -207.7
20211103233357  -748.1 -44.6 -208.1
20211103233358  -747.7 -44.7 -208.3
20211103233359  -747.7 -44.6 -208.4
20211103233400  -747.9 -45.1 -208.9
20211103233401  -747.9 -45.0 -209.0
20211103233402  -747.7 -45.3 -209.2
20211103233403  -747.6 -45.5 -209.5
20211103233404  -747.5 -45.7 -209.6
20211103233405  -747.4 -45.9 -209.6
20211103233406  -747.8 -45.9 -210.3
20211103233407  -748.0 -46.1 -210.5
20211103233408  -748.3 -46.8 -211.0
20211103233409  -748.5 -47.1 -211.3
20211103233410  -748.5 -47.2 -211.6
20211103233411  -748.6 -47.1 -211.8
20211103233412  -748.5 -47.5 -211.8
20211103233413  -748.5 -47.6 -211.4
20211103233414  -748.6 -47.7 -211.7
20211103233415  -748.4 -47.9 -211.7
20211103233416  -748.3 -47.4 -211.8
20211103233417  -748.3 -47.3 -211.8
20211103233418  -748.3 -47.1 -211.8
20211103233419  -748.0 -47.0 -212.2
20211103233420  -748.2 -47.3 -212.5
20211103233421  -748.1 -47.7 -212.7
20211103233422  -748.3 -47.8 -213.1
20211103233423  -748.1 -48.0 -213.2
20211103233424  -748.3 -48.3 -213.9
20211103233425  -748.2 -48.4 -213.9
20211103233426  -748.2 -48.5 -214.4
20211103233427  -748.0 -48.8 -214.2
20211103233428  -747.7 -48.8 -214.6
20211103233429  -747.6 -49.0 -215.1
20211103233430  -747.7 -49.3 -215.3
20211103233431  -747.9 -49.6 -215.4
20211103233432  -747.6 -50.2 -215.4
20211103233433  -747.7 -50.7 -215.6
20211103233434  -747.4 -50.5 -215.7
20211103233435  -747.5 -50.6 -215.7
20211103233436  -747.4 -50.9 -216.1
20211103233437  -747.1 -51.5 -216.0
20211103233438  -747.2 -51.6 -216.2
20211103233439  -747.1 -51.6 -216.1
20211103233440  -746.9 -51.6 -216.3
20211103233441  -747.0 -51.7 -216.4
20211103233442  -746.8 -52.0 -216.5
20211103233443  -747.0 -51.8 -216.9
20211103233444  -746.8 -52.0 -217.0
20211103233445  -746.9 -52.1 -216.9
20211103233446  -747.0 -52.4 -217.4
20211103233447  -746.7 -52.7 -217.2
20211103233448  -746.7 -53.0 -217.3
20211103233449  -746.5 -52.7 -217.4
20211103233450  -746.2 -53.2 -217.4
20211103233451  -746.4 -53.4 -217.8
20211103233452  -746.2 -53.2 -217.9
20211103233453  -745.9 -53.4 -218.0
20211103233454  -746.0 -53.6 -218.1
20211103233455  -745.9 -54.0 -217.8
20211103233456  -745.9 -53.9 -217.8
20211103233457  -745.8 -53.8 -217.7
20211103233458  -745.7 -54.0 -217.8
20211103233459  -745.6 -54.1 -218.1
20211103233500  -745.4 -54.1 -218.2
20211103233501  -745.2 -54.3 -217.7
20211103233502  -744.7 -54.3 -218.0
20211103233503  -744.5 -54.4 -218.3
20211103233504  -744.1 -54.3 -218.0
20211103233505  -743.6 -54.3 -217.9
20211103233506  -743.6 -54.4 -217.7
20211103233507  -743.4 -54.1 -218.0
20211103233508  -743.4 -54.0 -217.6
20211103233509  -743.4 -54.2 -217.8
20211103233510  -743.1 -54.4 -217.7
20211103233511  -742.9 -54.5 -217.6
20211103233512  -742.7 -54.5 -217.7
20211103233513  -742.7 -54.4 -217.6
20211103233514  -742.6 -54.3 -217.6
20211103233515  -742.7 -54.5 -217.7
20211103233516  -742.6 -54.5 -217.7
20211103233517  -742.2 -54.7 -217.7
20211103233518  -742.3 -54.6 -217.8
20211103233519  -742.1 -54.9 -218.1
20211103233520  -742.2 -54.5 -217.7
20211103233521  -742.0 -54.6 -217.6
20211103233522  -741.9 -54.8 -217.6
20211103233523  -741.7 -54.7 -217.6
20211103233524  -741.3 -54.6 -217.6
20211103233525  -741.2 -54.5 -217.6
20211103233526  -741.2 -54.6 -217.7
20211103233527  -740.9 -54.9 -217.6
20211103233528  -740.8 -54.9 -217.6
20211103233529  -740.6 -54.8 -217.6
20211103233530  -740.2 -54.7 -217.4
20211103233531  -740.3 -54.6 -217.4
20211103233532  -739.8 -54.9 -217.3
20211103233533  -739.4 -54.8 -216.8
20211103233534  -739.3 -54.8 -217.0
20211103233535  -738.8 -54.9 -217.1
20211103233536  -738.6 -55.0 -217.0
20211103233537  -738.1 -54.7 -216.5
20211103233538  -738.0 -54.9 -216.8
20211103233539  -737.8 -54.4 -216.8
20211103233540  -737.5 -54.6 -216.4
20211103233541  -737.0 -54.8 -216.2
20211103233542  -736.8 -54.8 -216.5
20211103233543  -736.5 -54.6 -216.7
20211103233544  -736.2 -54.4 -216.4
20211103233545  -736.2 -54.5 -216.2
20211103233546  -735.9 -54.3 -216.5
20211103233547  -735.7 -54.2 -216.7
20211103233548  -735.5 -54.3 -216.6
20211103233549  -735.3 -53.9 -216.5
20211103233550  -735.3 -54.2 -216.3
20211103233551  -735.1 -54.3 -216.4
20211103233552  -734.8 -54.0 -216.8
20211103233553  -734.2 -54.1 -216.7
20211103233554  -734.0 -54.0 -216.2
20211103233555  -734.1 -53.7 -216.1
20211103233556  -733.9 -53.8 -216.2
20211103233557  -733.6 -53.5 -215.7
20211103233558  -733.5 -53.4 -215.8
20211103233559  -733.2 -53.5 -215.6
20211103233600  -732.6 -53.3 -215.5
20211103233601  -732.5 -53.1 -215.5
20211103233602  -732.2 -52.7 -215.1
20211103233603  -731.8 -52.8 -214.7
20211103233604  -731.6 -52.9 -215.0
20211103233605  -731.4 -52.8 -214.7
20211103233606  -730.9 -52.5 -214.5
20211103233607  -730.7 -52.4 -214.6
20211103233608  -730.2 -52.2 -214.4
20211103233609  -730.1 -52.1 -214.4
20211103233610  -730.2 -52.5 -214.1
20211103233611  -729.7 -52.1 -214.2
20211103233612  -729.4 -51.9 -214.2
20211103233613  -729.4 -51.7 -214.0
20211103233614  -728.9 -51.4 -213.9
20211103233615  -728.6 -51.6 -213.6
20211103233616  -728.0 -51.1 -213.5
20211103233617  -727.4 -51.0 -213.4
20211103233618  -727.1 -51.0 -213.3
20211103233619  -726.7 -51.0 -213.5
20211103233620  -726.3 -50.5 -213.3
20211103233621  -726.0 -50.2 -213.1
20211103233622  -725.5 -50.1 -213.1
20211103233623  -725.0 -50.0 -213.0
20211103233624  -724.5 -49.8 -212.9
20211103233625  -724.2 -49.9 -212.6
20211103233626  -723.8 -49.7 -212.5
20211103233627  -723.1 -49.3 -212.6
20211103233628  -722.9 -49.0 -212.6
20211103233629  -722.4 -49.4 -212.4
20211103233630  -722.2 -49.1 -212.3
20211103233631  -721.8 -48.8 -212.2
20211103233632  -721.6 -48.7 -212.6
20211103233633  -721.0 -48.6 -212.4
20211103233634  -720.9 -48.4 -212.4
20211103233635  -720.4 -48.4 -212.6
20211103233636  -720.0 -47.9 -212.1
20211103233637  -719.8 -47.7 -211.9
20211103233638  -719.5 -47.3 -212.1
20211103233639  -719.2 -47.4 -212.1
20211103233640  -718.7 -47.3 -211.9
20211103233641  -718.8 -47.4 -211.8
20211103233642  -718.6 -47.1 -211.8
20211103233643  -718.3 -46.9 -211.8
20211103233644  -717.9 -46.9 -211.7
20211103233645  -717.6 -47.0 -211.7
20211103233646  -717.2 -47.0 -211.6
20211103233647  -717.1 -46.6 -211.8
20211103233648  -717.0 -46.8 -211.7
20211103233649  -716.9 -46.6 -211.5
20211103233650  -716.7 -46.6 -211.2
20211103233651  -716.4 -46.4 -210.9
20211103233652  -715.9 -46.5 -211.0
20211103233653  -715.8 -46.3 -211.1
20211103233654  -715.6 -46.2 -211.0
20211103233655  -715.6 -46.4 -210.7
20211103233656  -715.5 -46.2 -210.7
20211103233657  -715.3 -46.0 -210.8
20211103233658  -715.0 -46.1 -210.5
20211103233659  -714.9 -45.6 -210.7
20211103233700  -714.7 -45.8 -210.5
20211103233701  -714.6 -45.5 -210.3
20211103233702  -714.4 -45.2 -210.4
20211103233703  -714.2 -45.1 -210.5
20211103233704  -713.8 -45.3 -210.4
20211103233705  -713.5 -45.3 -210.3
20211103233706  -713.2 -45.2 -210.1
20211103233707  -713.5 -45.0 -209.8
20211103233708  -713.1 -44.8 -209.9
20211103233709  -713.2 -45.0 -209.9
20211103233710  -712.9 -44.8 -209.9
20211103233711  -712.5 -44.6 -209.8
20211103233712  -712.5 -44.5 -209.8
20211103233713  -712.5 -44.3 -209.6
20211103233714  -712.3 -44.2 -209.6
20211103233715  -712.5 -43.8 -209.7
20211103233716  -712.5 -43.8 -209.6
20211103233717  -712.4 -43.7 -209.6
20211103233718  -712.3 -43.3 -209.4
20211103233719  -712.7 -42.9 -209.4
20211103233720  -712.8 -42.6 -209.1
20211103233721  -713.1 -42.8 -208.9
20211103233722  -712.8 -42.6 -208.8
20211103233723  -712.6 -42.2 -208.7
20211103233724  -713.2 -42.1 -208.3
20211103233725  -713.3 -42.1 -208.6
20211103233726  -713.4 -41.5 -208.8
20211103233727  -713.6 -40.9 -208.7
20211103233728  -713.8 -40.9 -208.7
20211103233729  -713.7 -40.6 -208.4
20211103233730  -713.9 -40.5 -208.4
20211103233731  -714.0 -40.4 -208.2
20211103233732  -714.0 -40.0 -208.3
20211103233733  -714.0 -40.0 -208.0
20211103233734  -714.0 -39.5 -208.2
20211103233735  -714.4 -39.4 -208.2
20211103233736  -714.0 -39.1 -208.1
20211103233737  -714.0 -38.6 -207.7
20211103233738  -714.1 -38.6 -207.4
20211103233739  -713.9 -38.3 -207.1
20211103233740  -713.9 -38.1 -206.7
20211103233741  -713.9 -37.8 -206.8
20211103233742  -713.8 -37.8 -206.9
20211103233743  -713.8 -37.7 -206.5
20211103233744  -713.9 -37.4 -206.2
20211103233745  -713.7 -37.2 -206.1
20211103233746  -713.2 -36.7 -206.0
20211103233747  -713.6 -36.5 -206.2
20211103233748  -713.4 -36.6 -206.0
20211103233749  -713.6 -36.6 -205.8
20211103233750  -713.8 -36.1 -206.1
20211103233751  -713.9 -35.7 -205.8
20211103233752  -713.9 -35.8 -205.6
20211103233753  -713.8 -35.2 -205.6
20211103233754  -714.0 -34.9 -205.5
20211103233755  -714.0 -35.0 -205.3
20211103233756  -713.9 -34.8 -205.1
20211103233757  -714.2 -34.5 -205.2
20211103233758  -714.3 -34.7 -205.1
20211103233759  -714.0 -34.8 -204.8
20211103233800  -714.2 -35.1 -204.9
20211103233801  -714.2 -34.8 -204.5
20211103233802  -714.1 -34.8 -204.2
20211103233803  -713.8 -34.4 -204.1
20211103233804  -714.0 -34.6 -204.3
20211103233805  -713.9 -34.1 -204.4
20211103233806  -713.9 -34.0 -204.1
20211103233807  -713.9 -34.3 -203.8
20211103233808  -714.0 -34.3 -203.9
20211103233809  -714.2 -33.9 -203.9
20211103233810  -714.3 -33.9 -203.7
20211103233811  -714.4 -33.7 -203.8
20211103233812  -714.5 -33.1 -203.6
20211103233813  -714.6 -32.7 -204.0
20211103233814  -714.8 -32.6 -204.0
20211103233815  -715.3 -32.4 -203.9
20211103233816  -715.5 -32.5 -203.8
20211103233817  -716.0 -32.9 -203.8
20211103233818  -716.4 -33.2 -203.9
20211103233819  -716.5 -33.6 -203.6
20211103233820  -716.8 -33.3 -203.4
20211103233821  -717.1 -33.8 -203.2
20211103233822  -717.5 -33.5 -203.1
20211103233823  -717.7 -34.0 -203.4
20211103233824  -718.1 -34.1 -203.5
20211103233825  -718.7 -34.2 -203.2
20211103233826  -719.3 -34.5 -203.1
20211103233827  -719.9 -34.5 -202.9
20211103233828  -720.4 -34.6 -202.8
20211103233829  -721.2 -34.8 -202.9
20211103233830  -721.9 -34.4 -202.9
20211103233831  -722.5 -34.4 -202.6
20211103233832  -723.0 -34.5 -202.4
20211103233833  -723.4 -34.7 -202.3
