20211110205430  -632.2 -88.4 -188.4
20211110205431  -632.3 -88.3 -188.5
20211110205432  -632.5 -88.0 -188.6
20211110205433  -632.7 -88.1 -188.6
20211110205434  -632.7 -88.4 -188.5
20211110205435  -632.9 -88.2 -188.8
20211110205436  -632.7 -88.2 -189.0
20211110205437  -633.3 -88.4 -189.0
20211110205438  -633.6 -88.4 -189.0
20211110205439  -633.7 -88.4 -189.2
20211110205440  -633.6 -88.5 -189.0
20211110205441  -634.1 -88.5 -188.8
20211110205442  -634.1 -88.5 -188.8
20211110205443  -634.3 -88.3 -188.9
20211110205444  -634.2 -88.2 -188.3
20211110205445  -634.1 -87.9 -189.0
20211110205446  -634.4 -87.9 -188.9
20211110205447  -634.4 -87.9 -188.6
20211110205448  -634.6 -88.0 -188.5
20211110205449  -634.5 -87.9 -188.4
20211110205450  -634.3 -88.0 -188.2
20211110205451  -634.6 -88.0 -188.2
20211110205452  -634.4 -88.2 -188.0
20211110205453  -634.1 -88.3 -187.8
20211110205454  -634.1 -88.2 -187.9
20211110205455  -634.0 -88.6 -187.8
20211110205456  -634.0 -88.8 -187.8
20211110205457  -633.7 -88.8 -188.0
20211110205458  -633.6 -89.1 -187.6
20211110205459  -632.6 -89.2 -187.4
20211110205500  -632.9 -89.3 -187.7
20211110205501  -632.7 -89.8 -187.4
20211110205502  -632.7 -90.1 -187.6
20211110205503  -632.7 -90.5 -187.4
20211110205504  -632.2 -90.8 -187.5
20211110205505  -632.3 -90.5 -187.4
20211110205506  -632.3 -90.7 -187.9
20211110205507  -632.0 -90.9 -187.6
20211110205508  -631.7 -91.3 -187.5
20211110205509  -631.5 -91.4 -187.7
20211110205510  -631.2 -91.3 -187.3
20211110205511  -631.1 -91.3 -187.3
20211110205512  -630.7 -91.4 -187.1
20211110205513  -630.5 -91.6 -187.1
20211110205514  -630.5 -91.6 -187.0
20211110205515  -630.3 -91.2 -186.5
20211110205516  -630.0 -91.4 -186.3
20211110205517  -629.4 -91.2 -186.3
20211110205518  -629.2 -90.9 -186.3
20211110205519  -629.3 -90.8 -186.2
20211110205520  -629.3 -90.8 -186.0
20211110205521  -629.3 -90.7 -186.1
20211110205522  -629.3 -90.7 -186.0
20211110205523  -629.3 -90.5 -185.7
20211110205524  -629.2 -90.2 -185.7
20211110205525  -629.3 -90.1 -185.6
20211110205526  -629.4 -89.8 -185.4
20211110205527  -629.5 -89.8 -185.5
20211110205528  -629.5 -89.6 -185.3
20211110205529  -629.1 -89.7 -185.0
20211110205530  -629.5 -89.5 -185.0
20211110205531  -629.5 -89.5 -185.0
20211110205532  -629.6 -89.4 -185.2
20211110205533  -630.0 -89.5 -185.1
20211110205534  -630.5 -89.6 -184.8
20211110205535  -630.7 -89.4 -185.1
20211110205536  -630.9 -89.3 -185.0
20211110205537  -631.3 -89.7 -184.8
20211110205538  -631.5 -89.7 -185.0
20211110205539  -631.7 -89.5 -184.8
20211110205540  -631.9 -89.6 -184.7
20211110205541  -632.5 -89.7 -184.3
20211110205542  -632.7 -89.7 -184.4
20211110205543  -632.8 -89.7 -184.2
20211110205544  -633.0 -89.9 -184.0
20211110205545  -633.3 -89.8 -183.7
20211110205546  -634.0 -89.8 -183.5
20211110205547  -634.1 -89.8 -183.4
20211110205548  -634.2 -90.2 -183.5
20211110205549  -634.5 -90.2 -183.1
20211110205550  -634.7 -90.1 -182.6
20211110205551  -634.7 -90.2 -182.4
20211110205552  -634.7 -90.2 -182.4
20211110205553  -635.1 -90.1 -182.1
20211110205554  -635.1 -89.9 -181.9
20211110205555  -635.1 -89.7 -181.6
20211110205556  -635.2 -89.4 -181.3
20211110205557  -635.2 -89.3 -181.2
20211110205558  -635.2 -89.2 -181.0
20211110205559  -635.3 -89.4 -180.6
20211110205600  -634.8 -89.1 -179.8
20211110205601  -634.9 -88.9 -180.4
20211110205602  -635.2 -88.9 -180.1
20211110205603  -635.4 -88.8 -180.1
20211110205604  -635.8 -88.4 -179.9
20211110205605  -635.7 -88.4 -179.6
20211110205606  -635.8 -88.2 -179.4
20211110205607  -636.0 -87.9 -179.3
20211110205608  -636.2 -87.8 -179.1
20211110205609  -636.2 -87.9 -179.2
20211110205610  -636.6 -87.4 -178.9
20211110205611  -636.3 -87.1 -178.9
20211110205612  -636.5 -86.8 -178.7
20211110205613  -636.9 -86.9 -178.6
20211110205614  -637.0 -86.4 -178.9
20211110205615  -637.2 -86.5 -178.8
20211110205616  -637.4 -86.0 -178.7
20211110205617  -637.4 -85.9 -178.5
20211110205618  -637.5 -85.7 -178.4
20211110205619  -637.6 -85.9 -178.1
20211110205620  -637.6 -86.2 -178.2
20211110205621  -637.5 -85.9 -178.0
20211110205622  -637.7 -85.8 -178.0
20211110205623  -637.9 -85.6 -177.6
20211110205624  -638.0 -85.6 -177.7
20211110205625  -638.0 -85.3 -177.7
20211110205626  -638.1 -85.3 -177.6
20211110205627  -638.2 -85.3 -177.5
20211110205628  -638.3 -85.2 -177.2
20211110205629  -638.2 -85.0 -177.3
20211110205630  -637.9 -85.1 -177.0
20211110205631  -638.2 -85.2 -177.3
20211110205632  -637.7 -85.2 -177.3
20211110205633  -637.8 -85.0 -177.2
20211110205634  -637.5 -84.9 -177.3
20211110205635  -637.4 -84.9 -177.6
20211110205636  -637.0 -84.8 -177.4
20211110205637  -636.7 -85.1 -177.6
20211110205638  -636.4 -84.9 -177.7
20211110205639  -636.1 -84.8 -177.3
20211110205640  -635.9 -84.8 -177.5
20211110205641  -635.8 -84.6 -177.5
20211110205642  -635.6 -84.7 -177.3
20211110205643  -635.6 -84.6 -177.4
20211110205644  -635.6 -84.7 -177.9
20211110205645  -635.4 -84.7 -177.8
20211110205646  -635.2 -84.5 -177.9
20211110205647  -635.2 -84.6 -178.1
20211110205648  -635.1 -84.5 -178.2
20211110205649  -635.0 -84.4 -177.8
20211110205650  -634.7 -84.4 -177.8
20211110205651  -634.5 -84.5 -177.7
20211110205652  -634.5 -84.7 -177.6
20211110205653  -633.9 -84.6 -177.8
20211110205654  -633.5 -84.5 -177.8
20211110205655  -633.3 -84.5 -177.9
20211110205656  -632.9 -84.5 -177.6
20211110205657  -632.7 -84.3 -177.6
20211110205658  -632.2 -84.3 -177.5
20211110205659  -632.1 -84.2 -177.4
20211110205700  -631.3 -84.4 -177.3
20211110205701  -631.0 -84.6 -177.4
20211110205702  -630.6 -84.4 -177.6
20211110205703  -630.6 -84.3 -177.4
20211110205704  -630.0 -84.4 -177.4
20211110205705  -629.8 -84.4 -177.4
20211110205706  -629.6 -84.5 -177.2
20211110205707  -629.1 -84.6 -177.6
20211110205708  -628.7 -84.5 -177.3
20211110205709  -628.7 -84.4 -177.4
20211110205710  -628.1 -84.3 -177.0
20211110205711  -628.0 -84.5 -177.2
20211110205712  -627.5 -84.3 -177.0
20211110205713  -627.4 -84.2 -177.1
20211110205714  -627.5 -84.2 -177.4
20211110205715  -627.1 -83.8 -177.2
20211110205716  -626.9 -83.7 -177.0
20211110205717  -626.9 -84.0 -176.9
20211110205718  -626.7 -83.7 -176.8
20211110205719  -626.5 -83.9 -177.1
20211110205720  -626.4 -83.9 -176.9
20211110205721  -626.2 -83.9 -176.9
20211110205722  -626.3 -83.7 -177.1
20211110205723  -626.2 -84.0 -177.0
20211110205724  -626.0 -84.1 -177.4
20211110205725  -626.0 -84.3 -177.1
20211110205726  -626.2 -84.2 -177.1
20211110205727  -626.1 -84.2 -177.0
20211110205728  -626.2 -84.3 -177.2
20211110205729  -626.2 -84.5 -177.1
20211110205730  -626.2 -84.5 -177.0
20211110205731  -626.1 -84.3 -176.5
20211110205732  -626.2 -84.3 -176.6
20211110205733  -626.4 -84.2 -176.5
20211110205734  -626.2 -84.3 -176.5
20211110205735  -626.2 -84.3 -176.5
20211110205736  -626.0 -84.2 -176.3
20211110205737  -625.9 -84.1 -176.6
20211110205738  -625.9 -84.1 -176.3
20211110205739  -625.8 -84.0 -176.2
20211110205740  -626.1 -84.0 -176.4
20211110205741  -626.1 -83.7 -176.3
20211110205742  -626.0 -83.7 -176.1
20211110205743  -626.0 -83.7 -176.3
20211110205744  -625.9 -83.2 -176.6
20211110205745  -625.8 -83.2 -176.4
20211110205746  -625.9 -83.5 -176.6
20211110205747  -626.0 -83.4 -176.4
20211110205748  -626.0 -83.4 -176.6
20211110205749  -625.9 -83.1 -176.6
20211110205750  -626.1 -83.1 -176.6
20211110205751  -626.3 -83.1 -176.4
20211110205752  -626.4 -83.2 -176.5
20211110205753  -626.4 -83.3 -176.5
20211110205754  -626.7 -83.1 -176.6
20211110205755  -626.7 -83.0 -176.6
20211110205756  -626.6 -82.9 -176.7
20211110205757  -626.8 -83.0 -176.9
20211110205758  -626.7 -82.7 -176.9
20211110205759  -627.1 -82.4 -176.7
20211110205800  -627.2 -82.4 -176.5
20211110205801  -627.2 -82.6 -176.5
20211110205802  -627.1 -82.8 -176.7
20211110205803  -627.4 -82.9 -177.0
20211110205804  -627.7 -82.9 -176.8
20211110205805  -627.8 -83.3 -176.9
20211110205806  -627.8 -83.4 -176.8
20211110205807  -627.8 -83.5 -177.1
20211110205808  -627.8 -83.2 -177.0
20211110205809  -627.8 -83.4 -177.2
20211110205810  -627.9 -83.8 -176.9
20211110205811  -627.9 -83.8 -177.1
20211110205812  -627.8 -83.9 -177.0
20211110205813  -628.0 -84.1 -176.9
20211110205814  -627.8 -84.0 -176.8
20211110205815  -628.1 -84.3 -176.7
