20211129225028  -674.1 -71.7 -193.2
20211129225029  -674.0 -71.6 -193.2
20211129225030  -674.2 -71.5 -193.2
20211129225031  -674.4 -71.3 -193.5
20211129225032  -674.5 -71.1 -193.4
20211129225033  -674.2 -71.2 -193.5
20211129225034  -674.2 -71.3 -193.6
20211129225035  -674.3 -71.4 -193.5
20211129225036  -674.5 -71.4 -193.5
20211129225037  -674.4 -71.6 -193.4
20211129225038  -673.6 -71.5 -192.7
20211129225039  -673.3 -71.3 -192.7
20211129225040  -673.1 -71.1 -192.3
20211129225041  -672.6 -71.1 -192.3
20211129225042  -672.4 -71.0 -191.9
20211129225043  -672.3 -71.0 -191.7
20211129225044  -671.9 -70.7 -191.6
20211129225045  -671.7 -70.3 -191.5
20211129225046  -672.5 -70.5 -192.3
20211129225047  -672.6 -70.8 -192.1
20211129225048  -672.7 -70.8 -192.2
20211129225049  -672.8 -70.8 -192.5
20211129225050  -672.6 -70.9 -192.5
20211129225051  -672.5 -70.8 -192.4
20211129225052  -672.4 -71.0 -192.2
20211129225053  -672.2 -70.7 -192.4
20211129225054  -672.2 -70.6 -192.5
20211129225055  -672.2 -70.8 -192.3
20211129225056  -672.3 -70.8 -192.2
20211129225057  -672.3 -70.8 -192.0
20211129225058  -672.2 -71.0 -192.4
20211129225059  -672.1 -71.0 -192.3
20211129225100  -672.1 -71.0 -192.2
20211129225101  -672.2 -71.1 -192.4
20211129225102  -672.3 -70.9 -192.3
20211129225103  -672.0 -71.0 -192.2
20211129225104  -671.9 -71.2 -192.2
20211129225105  -671.4 -71.0 -191.6
20211129225106  -671.0 -70.9 -191.5
20211129225107  -670.6 -70.5 -191.2
20211129225108  -670.6 -70.6 -191.2
20211129225109  -670.5 -70.6 -190.8
20211129225110  -670.2 -70.3 -190.7
20211129225111  -670.0 -70.3 -190.6
20211129225112  -669.9 -70.1 -190.4
20211129225113  -670.6 -70.2 -191.1
20211129225114  -671.0 -70.6 -191.3
20211129225115  -671.4 -70.2 -191.4
20211129225116  -670.9 -70.3 -191.2
20211129225117  -671.3 -70.3 -191.3
20211129225118  -671.3 -70.3 -191.8
20211129225119  -671.2 -70.4 -191.8
20211129225120  -671.4 -70.2 -191.7
20211129225121  -671.4 -70.4 -191.7
20211129225122  -671.5 -70.5 -191.6
20211129225123  -671.5 -70.7 -191.7
20211129225124  -671.6 -70.5 -191.5
20211129225125  -671.5 -70.7 -191.8
20211129225126  -671.8 -70.7 -191.8
20211129225127  -671.9 -70.8 -191.7
20211129225128  -671.6 -70.7 -191.7
20211129225129  -671.5 -70.4 -191.7
20211129225130  -671.3 -70.6 -191.8
20211129225131  -671.1 -70.6 -191.4
20211129225132  -670.7 -70.9 -191.3
20211129225133  -670.3 -70.4 -190.8
20211129225134  -670.5 -70.4 -190.4
20211129225135  -670.4 -70.3 -190.5
20211129225136  -670.3 -70.4 -190.7
20211129225137  -670.2 -70.3 -190.2
20211129225138  -669.7 -70.2 -189.8
20211129225139  -669.6 -70.1 -189.9
20211129225140  -670.5 -70.0 -190.4
20211129225141  -670.7 -70.3 -190.8
20211129225142  -670.8 -70.4 -191.0
20211129225143  -670.8 -70.4 -190.7
20211129225144  -671.0 -70.3 -191.0
20211129225145  -671.1 -70.4 -191.0
20211129225146  -670.9 -70.9 -191.0
20211129225147  -671.0 -70.5 -191.0
20211129225148  -671.1 -70.4 -191.1
20211129225149  -671.3 -70.8 -191.2
20211129225150  -671.3 -70.8 -191.3
20211129225151  -671.5 -70.8 -191.1
20211129225152  -671.6 -71.2 -191.2
20211129225153  -671.6 -71.0 -191.5
20211129225154  -671.5 -71.1 -191.3
20211129225155  -671.8 -71.1 -191.4
20211129225156  -671.8 -71.2 -191.7
20211129225157  -671.9 -71.7 -191.9
20211129225158  -671.4 -71.3 -191.4
20211129225159  -671.1 -71.2 -191.0
20211129225200  -671.2 -71.2 -190.7
20211129225201  -670.5 -70.9 -190.5
20211129225202  -670.2 -70.9 -189.9
20211129225203  -669.9 -71.0 -189.9
20211129225204  -669.8 -70.8 -189.9
20211129225205  -669.7 -70.5 -189.5
20211129225206  -669.6 -70.4 -189.3
20211129225207  -670.6 -70.5 -190.2
20211129225208  -670.8 -70.9 -190.5
20211129225209  -670.9 -70.5 -190.7
20211129225210  -670.9 -70.8 -190.7
20211129225211  -671.0 -70.9 -190.6
20211129225212  -671.0 -70.9 -190.5
20211129225213  -671.1 -70.8 -190.8
20211129225214  -671.2 -70.6 -190.9
20211129225215  -671.1 -70.7 -190.8
20211129225216  -671.2 -71.2 -190.8
20211129225217  -671.5 -71.0 -190.7
20211129225218  -671.6 -71.2 -190.7
20211129225219  -671.6 -71.4 -190.6
20211129225220  -671.9 -71.3 -190.7
20211129225221  -671.7 -71.4 -190.8
20211129225222  -671.7 -71.3 -191.1
20211129225223  -671.5 -71.4 -191.0
20211129225224  -671.6 -71.9 -191.4
20211129225225  -671.1 -71.5 -190.8
20211129225226  -671.2 -71.5 -190.4
20211129225227  -670.9 -71.4 -190.5
20211129225228  -670.6 -71.4 -190.0
20211129225229  -670.5 -71.2 -189.9
20211129225230  -670.4 -70.7 -189.4
20211129225231  -670.3 -70.9 -189.3
20211129225232  -670.1 -70.8 -189.6
20211129225233  -670.0 -70.7 -189.1
20211129225234  -671.1 -70.6 -189.9
20211129225235  -671.3 -70.8 -190.2
20211129225236  -671.0 -71.1 -190.3
20211129225237  -671.2 -71.3 -190.9
20211129225238  -671.5 -71.2 -190.7
20211129225239  -671.8 -71.1 -190.7
20211129225240  -671.6 -71.1 -190.6
20211129225241  -671.5 -71.0 -190.5
20211129225242  -671.7 -70.8 -190.7
20211129225243  -671.8 -71.1 -190.6
20211129225244  -671.8 -71.0 -190.7
20211129225245  -671.7 -71.0 -191.0
20211129225246  -671.6 -70.9 -190.5
20211129225247  -671.8 -71.0 -190.5
20211129225248  -671.6 -71.4 -190.7
20211129225249  -671.8 -71.4 -191.1
20211129225250  -672.0 -71.2 -191.2
20211129225251  -671.4 -71.3 -190.9
20211129225252  -671.1 -70.9 -190.7
20211129225253  -670.9 -70.9 -190.5
20211129225254  -670.7 -70.6 -189.9
20211129225255  -670.4 -70.6 -189.9
20211129225256  -670.2 -70.4 -189.5
20211129225257  -669.7 -70.0 -189.3
20211129225258  -669.7 -70.2 -189.0
20211129225259  -669.4 -70.3 -188.9
20211129225300  -669.4 -70.1 -188.9
20211129225301  -670.2 -70.3 -189.6
20211129225302  -670.4 -70.5 -189.7
20211129225303  -670.5 -70.6 -190.0
20211129225304  -670.5 -70.4 -189.9
20211129225305  -670.5 -70.4 -190.2
20211129225306  -670.5 -70.3 -190.3
20211129225307  -670.4 -70.4 -190.2
20211129225308  -670.3 -70.4 -190.3
20211129225309  -670.7 -70.5 -190.4
20211129225310  -671.0 -70.3 -190.6
20211129225311  -670.8 -70.6 -190.8
20211129225312  -671.1 -71.0 -190.6
20211129225313  -670.9 -71.0 -190.3
20211129225314  -671.0 -70.6 -190.5
20211129225315  -671.3 -70.8 -190.4
20211129225316  -671.0 -70.8 -190.3
20211129225317  -671.0 -71.0 -190.8
20211129225318  -671.0 -71.1 -190.6
20211129225319  -670.7 -70.9 -190.5
20211129225320  -670.3 -70.7 -190.0
20211129225321  -669.9 -70.6 -189.8
20211129225322  -669.5 -70.6 -189.5
20211129225323  -669.6 -70.5 -189.5
20211129225324  -669.4 -70.4 -189.6
20211129225325  -669.3 -70.2 -189.2
20211129225326  -668.8 -70.2 -188.7
20211129225327  -668.9 -69.9 -188.8
20211129225328  -669.5 -70.5 -189.2
20211129225329  -669.7 -70.3 -189.5
20211129225330  -669.7 -70.6 -189.7
20211129225331  -670.1 -70.4 -189.6
20211129225332  -669.9 -70.4 -189.8
20211129225333  -670.2 -70.4 -190.2
20211129225334  -670.6 -70.4 -190.3
20211129225335  -670.8 -70.6 -190.4
20211129225336  -671.0 -70.7 -190.5
20211129225337  -671.1 -71.1 -190.5
20211129225338  -670.9 -70.9 -190.6
20211129225339  -670.8 -70.7 -190.4
20211129225340  -670.9 -71.0 -190.5
20211129225341  -670.9 -70.7 -190.4
20211129225342  -670.8 -70.6 -190.5
20211129225343  -670.9 -70.9 -190.7
20211129225344  -671.0 -71.2 -191.1
20211129225345  -670.7 -71.1 -190.8
20211129225346  -670.3 -71.0 -190.3
20211129225347  -669.9 -70.9 -190.0
20211129225348  -669.7 -70.5 -189.4
20211129225349  -669.2 -70.2 -189.6
20211129225350  -669.2 -70.3 -189.6
20211129225351  -669.1 -70.4 -189.3
20211129225352  -668.8 -70.1 -189.0
20211129225353  -668.9 -69.9 -188.6
20211129225354  -669.3 -69.8 -188.8
20211129225355  -669.9 -69.9 -189.1
20211129225356  -670.1 -70.1 -189.5
20211129225357  -669.8 -70.1 -189.4
20211129225358  -669.9 -70.2 -189.2
20211129225359  -670.0 -70.2 -189.2
20211129225400  -669.9 -70.2 -189.6
20211129225401  -670.1 -70.5 -189.5
20211129225402  -670.3 -70.2 -189.9
20211129225403  -670.3 -69.9 -189.9
20211129225404  -670.2 -70.0 -189.8
20211129225405  -670.4 -70.1 -190.2
20211129225406  -670.4 -70.0 -190.0
20211129225407  -670.4 -69.9 -190.2
20211129225408  -670.4 -69.8 -190.3
20211129225409  -670.2 -69.9 -190.3
20211129225410  -670.1 -69.7 -189.9
20211129225411  -670.4 -70.3 -190.8
20211129225412  -670.2 -70.2 -190.1
20211129225413  -669.8 -69.9 -189.8
20211129225414  -669.5 -70.0 -189.5
20211129225415  -669.4 -69.6 -189.4
20211129225416  -669.2 -69.6 -189.4
20211129225417  -669.0 -69.5 -189.2
20211129225418  -668.7 -69.2 -189.0
20211129225419  -668.7 -69.3 -188.9
20211129225420  -668.5 -69.0 -188.4
20211129225421  -669.3 -69.0 -188.9
20211129225422  -669.8 -68.9 -189.0
20211129225423  -669.9 -68.8 -188.9
20211129225424  -670.0 -69.0 -188.9
20211129225425  -670.3 -69.2 -189.7
20211129225426  -670.1 -69.3 -189.5
20211129225427  -670.3 -69.2 -189.9
20211129225428  -670.3 -69.4 -189.8
20211129225429  -670.5 -69.1 -190.0
20211129225430  -670.5 -69.2 -189.9
20211129225431  -670.6 -69.2 -189.6
20211129225432  -670.8 -69.5 -190.0
20211129225433  -670.7 -69.2 -190.0
20211129225434  -671.1 -69.8 -190.3
20211129225435  -671.4 -69.6 -190.1
20211129225436  -671.3 -69.3 -190.3
20211129225437  -671.1 -69.5 -190.1
20211129225438  -671.3 -69.8 -190.9
20211129225439  -671.2 -69.4 -190.4
20211129225440  -670.9 -69.3 -189.9
20211129225441  -670.8 -68.9 -189.7
20211129225442  -670.5 -69.1 -189.6
20211129225443  -670.2 -69.1 -189.0
20211129225444  -670.0 -68.9 -188.8
20211129225445  -669.6 -68.6 -188.7
20211129225446  -669.6 -68.4 -188.7
20211129225447  -669.6 -68.2 -188.5
20211129225448  -670.4 -68.5 -189.1
20211129225449  -670.8 -68.6 -189.5
20211129225450  -670.6 -68.9 -189.8
20211129225451  -671.1 -68.8 -189.7
20211129225452  -671.4 -68.9 -189.7
20211129225453  -671.0 -68.8 -189.7
20211129225454  -671.3 -69.1 -189.9
20211129225455  -671.3 -68.9 -189.7
20211129225456  -671.4 -68.9 -189.9
20211129225457  -671.5 -69.0 -190.4
20211129225458  -671.7 -69.0 -190.6
20211129225459  -671.7 -69.2 -190.5
20211129225500  -671.8 -69.5 -190.5
20211129225501  -671.9 -69.4 -190.5
20211129225502  -672.0 -69.5 -190.5
20211129225503  -672.2 -69.2 -190.7
20211129225504  -672.4 -69.9 -191.1
20211129225505  -672.4 -70.0 -191.2
20211129225506  -671.9 -69.7 -190.7
20211129225507  -671.6 -69.8 -190.2
20211129225508  -671.5 -69.8 -190.4
20211129225509  -671.0 -69.4 -190.1
20211129225510  -671.1 -69.0 -189.8
20211129225511  -670.7 -69.3 -189.5
20211129225512  -670.7 -68.8 -189.4
20211129225513  -670.4 -68.9 -189.5
20211129225514  -671.1 -69.0 -189.5
20211129225515  -671.5 -69.2 -190.0
20211129225516  -671.7 -69.5 -190.0
20211129225517  -671.9 -69.5 -190.1
20211129225518  -671.8 -69.7 -190.2
20211129225519  -672.2 -69.6 -190.5
20211129225520  -672.3 -69.8 -190.6
20211129225521  -672.1 -70.0 -190.5
20211129225522  -672.5 -70.0 -190.8
20211129225523  -672.4 -70.1 -190.9
20211129225524  -672.2 -70.1 -190.8
20211129225525  -672.4 -70.0 -191.4
20211129225526  -672.2 -70.0 -191.5
20211129225527  -672.6 -70.1 -191.6
20211129225528  -672.6 -70.4 -191.6
20211129225529  -672.4 -70.2 -191.4
20211129225530  -672.7 -70.5 -191.8
20211129225531  -673.0 -70.7 -191.8
20211129225532  -672.6 -70.6 -191.5
20211129225533  -672.2 -70.3 -191.2
20211129225534  -672.0 -70.3 -190.9
20211129225535  -672.0 -70.1 -190.6
20211129225536  -671.9 -70.0 -190.6
20211129225537  -671.6 -69.9 -190.6
20211129225538  -671.4 -69.8 -190.4
20211129225539  -671.3 -69.6 -190.0
20211129225540  -671.4 -69.7 -189.9
20211129225541  -672.1 -70.0 -190.8
20211129225542  -672.4 -69.8 -190.9
20211129225543  -672.4 -69.8 -191.1
20211129225544  -672.5 -69.9 -191.4
20211129225545  -672.7 -70.2 -191.7
20211129225546  -673.0 -70.4 -191.5
20211129225547  -673.1 -70.4 -191.9
20211129225548  -673.1 -70.2 -192.2
20211129225549  -673.2 -70.4 -192.0
20211129225550  -673.6 -70.8 -192.2
20211129225551  -673.6 -70.8 -192.0
20211129225552  -673.6 -70.7 -192.6
20211129225553  -673.7 -70.8 -192.7
20211129225554  -673.9 -70.9 -192.6
20211129225555  -673.6 -70.9 -192.4
20211129225556  -673.6 -71.0 -192.6
20211129225557  -674.0 -71.0 -192.7
20211129225558  -674.2 -71.2 -193.3
20211129225559  -673.9 -71.2 -192.9
20211129225600  -673.5 -71.0 -192.8
20211129225601  -673.2 -71.3 -192.7
20211129225602  -673.3 -71.2 -192.6
20211129225603  -673.0 -70.9 -192.4
20211129225604  -672.9 -71.0 -192.2
20211129225605  -672.5 -70.9 -192.0
20211129225606  -672.7 -70.7 -191.8
20211129225607  -673.4 -70.7 -192.1
20211129225608  -673.6 -70.9 -192.4
20211129225609  -673.8 -71.0 -192.4
20211129225610  -673.8 -71.3 -192.5
20211129225611  -674.0 -71.4 -192.7
20211129225612  -674.0 -71.2 -192.7
20211129225613  -674.0 -71.2 -192.7
20211129225614  -674.1 -71.5 -193.1
20211129225615  -674.3 -71.3 -193.0
20211129225616  -674.6 -71.3 -193.4
20211129225617  -674.8 -71.7 -193.4
20211129225618  -674.4 -71.6 -193.5
20211129225619  -674.7 -71.7 -193.5
20211129225620  -674.7 -72.0 -193.7
20211129225621  -674.9 -72.1 -193.8
20211129225622  -675.2 -72.0 -193.7
20211129225623  -675.1 -71.7 -193.8
20211129225624  -675.2 -71.8 -194.1
20211129225625  -675.5 -72.4 -194.1
20211129225626  -674.9 -72.2 -193.8
20211129225627  -674.4 -72.0 -193.7
20211129225628  -674.3 -71.9 -193.4
20211129225629  -673.9 -71.6 -193.5
20211129225630  -673.8 -71.4 -193.4
20211129225631  -673.6 -71.4 -193.1
20211129225632  -673.7 -71.0 -192.7
20211129225633  -674.1 -71.4 -193.0
20211129225634  -674.7 -71.4 -193.6
20211129225635  -674.6 -71.5 -193.6
20211129225636  -674.7 -71.4 -193.8
20211129225637  -675.1 -71.5 -193.7
20211129225638  -675.3 -71.3 -193.9
20211129225639  -675.4 -71.5 -194.1
20211129225640  -675.3 -71.5 -194.3
20211129225641  -675.7 -71.3 -194.2
20211129225642  -675.5 -71.5 -194.4
20211129225643  -675.2 -71.4 -194.4
20211129225644  -675.2 -71.3 -194.5
20211129225645  -675.2 -71.3 -194.5
20211129225646  -675.3 -71.4 -194.6
20211129225647  -675.3 -71.2 -194.5
20211129225648  -675.4 -71.4 -194.4
20211129225649  -675.4 -71.6 -194.5
20211129225650  -675.2 -71.3 -194.5
20211129225651  -675.5 -71.7 -194.9
20211129225652  -674.8 -71.4 -194.0
20211129225653  -674.5 -71.3 -193.9
20211129225654  -674.3 -70.9 -193.8
20211129225655  -673.9 -71.0 -193.5
20211129225656  -673.7 -70.9 -193.4
20211129225657  -673.5 -70.8 -193.0
20211129225658  -673.3 -70.9 -193.0
20211129225659  -673.5 -71.0 -193.0
20211129225700  -674.1 -71.1 -193.7
20211129225701  -674.0 -71.4 -194.0
20211129225702  -674.3 -71.0 -193.9
20211129225703  -674.2 -71.2 -194.4
20211129225704  -674.5 -71.1 -194.3
20211129225705  -674.8 -71.4 -194.4
20211129225706  -674.6 -71.2 -194.5
20211129225707  -674.6 -71.3 -194.3
20211129225708  -674.4 -71.3 -194.5
20211129225709  -674.6 -71.2 -194.5
20211129225710  -674.6 -71.5 -194.5
20211129225711  -674.3 -71.6 -194.3
20211129225712  -674.3 -71.4 -194.4
20211129225713  -674.6 -71.8 -194.6
20211129225714  -674.5 -71.5 -194.8
20211129225715  -674.2 -71.5 -194.4
20211129225716  -674.6 -71.9 -194.8
20211129225717  -674.6 -71.9 -194.8
20211129225718  -674.3 -72.2 -195.5
20211129225719  -673.9 -72.1 -194.9
20211129225720  -673.5 -71.8 -194.3
20211129225721  -673.6 -71.9 -194.0
20211129225722  -673.2 -71.5 -193.8
20211129225723  -673.3 -71.3 -194.0
20211129225724  -673.2 -71.5 -194.0
20211129225725  -673.1 -71.1 -193.8
20211129225726  -673.7 -71.2 -194.4
20211129225727  -673.7 -71.3 -194.3
20211129225728  -673.8 -71.2 -194.6
20211129225729  -673.8 -71.4 -194.6
20211129225730  -674.1 -71.4 -194.5
20211129225731  -674.0 -71.3 -194.5
20211129225732  -674.1 -71.2 -194.7
20211129225733  -674.0 -71.4 -195.0
20211129225734  -674.4 -71.5 -194.9
20211129225735  -674.1 -71.4 -195.2
20211129225736  -674.3 -71.5 -194.9
20211129225737  -674.5 -71.5 -194.8
20211129225738  -674.6 -71.5 -194.9
20211129225739  -674.4 -71.2 -194.6
20211129225740  -674.5 -71.0 -194.9
20211129225741  -674.5 -70.9 -195.1
20211129225742  -674.3 -70.9 -195.0
20211129225743  -674.6 -71.3 -195.2
20211129225744  -674.9 -71.1 -195.2
20211129225745  -674.3 -71.0 -194.8
20211129225746  -674.0 -70.9 -194.2
20211129225747  -673.9 -70.7 -194.2
20211129225748  -673.8 -70.3 -194.3
20211129225749  -673.8 -70.2 -193.8
20211129225750  -673.4 -70.2 -193.9
20211129225751  -673.8 -70.3 -193.8
20211129225752  -674.5 -70.3 -194.5
20211129225753  -674.7 -70.4 -194.5
20211129225754  -674.4 -70.5 -194.6
20211129225755  -674.5 -70.8 -194.5
20211129225756  -674.2 -70.6 -194.5
20211129225757  -674.6 -70.6 -194.6
20211129225758  -674.6 -70.8 -194.7
20211129225759  -674.7 -70.9 -194.8
20211129225800  -674.8 -70.6 -194.9
20211129225801  -674.8 -70.5 -194.9
20211129225802  -674.9 -70.4 -195.0
20211129225803  -674.7 -70.8 -195.1
20211129225804  -674.6 -70.5 -195.0
20211129225805  -674.8 -70.6 -195.1
20211129225806  -675.1 -70.7 -195.2
20211129225807  -675.0 -70.6 -194.9
20211129225808  -674.9 -70.4 -195.0
20211129225809  -674.9 -70.8 -194.8
20211129225810  -675.1 -70.7 -194.9
20211129225811  -675.2 -71.1 -195.1
20211129225812  -674.5 -71.0 -194.4
