20211029230931  -660.4 -86.4 -209.1
20211029230932  -660.2 -86.7 -209.1
20211029230933  -660.4 -86.4 -209.1
20211029230934  -660.3 -86.6 -209.3
20211029230935  -660.3 -86.6 -209.2
20211029230936  -660.0 -86.7 -208.9
20211029230937  -659.8 -86.7 -208.8
20211029230938  -659.1 -86.6 -208.3
20211029230939  -659.8 -86.5 -208.6
20211029230940  -660.0 -86.9 -209.0
20211029230941  -660.0 -87.0 -209.0
20211029230942  -660.0 -87.1 -209.0
20211029230943  -660.1 -87.0 -208.9
20211029230944  -660.1 -87.4 -208.8
20211029230945  -660.0 -87.5 -209.0
20211029230946  -660.0 -87.4 -208.7
20211029230947  -660.0 -87.3 -209.0
20211029230948  -660.3 -87.4 -208.9
20211029230949  -660.3 -87.5 -209.0
20211029230950  -660.3 -87.5 -209.1
20211029230951  -660.4 -87.7 -208.9
20211029230952  -660.3 -87.6 -208.9
20211029230953  -660.4 -87.5 -208.9
20211029230954  -660.5 -87.4 -209.1
20211029230955  -660.5 -87.4 -209.1
20211029230956  -660.7 -87.5 -209.0
20211029230957  -660.8 -87.3 -209.3
20211029230958  -660.8 -87.5 -209.0
20211029230959  -660.7 -87.6 -209.0
20211029231000  -660.6 -87.1 -208.8
20211029231001  -660.7 -87.0 -209.0
20211029231002  -660.4 -87.5 -208.9
20211029231003  -659.9 -87.3 -208.3
20211029231004  -659.6 -86.9 -208.1
20211029231005  -660.7 -86.9 -208.6
20211029231006  -661.0 -87.3 -208.9
20211029231007  -660.9 -87.3 -209.2
20211029231008  -661.2 -87.4 -209.2
20211029231009  -660.9 -87.2 -209.0
20211029231010  -660.6 -87.1 -208.8
20211029231011  -660.8 -87.1 -208.9
20211029231012  -661.1 -87.0 -209.0
20211029231013  -661.1 -87.3 -209.1
20211029231014  -661.0 -87.5 -209.1
20211029231015  -661.0 -87.3 -209.2
20211029231016  -661.2 -87.3 -209.0
20211029231017  -661.4 -87.7 -209.1
20211029231018  -661.6 -87.6 -209.2
20211029231019  -661.5 -87.6 -209.1
20211029231020  -661.6 -87.7 -209.1
20211029231021  -661.5 -87.7 -209.1
20211029231022  -661.5 -87.8 -209.2
20211029231023  -661.4 -87.5 -209.3
20211029231024  -661.4 -87.8 -209.2
20211029231025  -661.5 -88.2 -209.4
20211029231026  -661.5 -88.1 -209.5
20211029231027  -661.4 -88.0 -209.5
20211029231028  -661.5 -88.0 -209.4
20211029231029  -661.4 -87.8 -209.0
20211029231030  -661.2 -87.4 -208.9
20211029231031  -661.8 -87.2 -209.1
20211029231032  -661.9 -87.6 -209.5
20211029231033  -661.9 -87.8 -209.4
20211029231034  -662.0 -87.5 -209.4
20211029231035  -661.9 -87.7 -209.3
20211029231036  -661.9 -87.6 -209.3
20211029231037  -661.8 -87.8 -209.6
20211029231038  -661.7 -87.8 -209.7
20211029231039  -661.8 -88.0 -209.9
20211029231040  -662.0 -87.9 -209.9
20211029231041  -662.0 -87.9 -209.7
20211029231042  -661.9 -87.9 -209.4
20211029231043  -661.9 -87.7 -209.3
20211029231044  -662.0 -87.7 -209.5
20211029231045  -662.0 -87.8 -209.6
20211029231046  -662.2 -87.6 -209.8
20211029231047  -662.4 -87.6 -209.6
20211029231048  -662.3 -87.8 -209.5
20211029231049  -661.9 -88.1 -209.8
20211029231050  -662.4 -88.0 -210.2
20211029231051  -662.3 -87.9 -210.2
20211029231052  -662.3 -88.2 -210.1
20211029231053  -662.4 -88.0 -210.1
20211029231054  -662.0 -88.2 -209.9
20211029231055  -661.4 -87.8 -209.3
20211029231056  -661.4 -87.9 -209.2
20211029231057  -661.6 -87.7 -209.1
20211029231058  -662.2 -87.6 -209.6
20211029231059  -661.9 -87.8 -209.5
20211029231100  -662.0 -87.8 -209.6
20211029231101  -662.2 -87.7 -209.8
20211029231102  -662.2 -87.7 -209.9
20211029231103  -662.1 -87.7 -209.8
20211029231104  -662.1 -87.9 -209.9
20211029231105  -661.9 -88.0 -210.1
20211029231106  -662.2 -87.8 -209.9
20211029231107  -662.1 -88.0 -210.1
20211029231108  -661.9 -87.9 -210.2
20211029231109  -661.8 -87.9 -210.2
20211029231110  -662.3 -87.8 -210.1
20211029231111  -662.0 -87.7 -210.2
20211029231112  -662.1 -87.5 -209.9
20211029231113  -662.3 -87.6 -209.8
20211029231114  -662.4 -87.7 -209.8
20211029231115  -662.2 -87.9 -209.7
20211029231116  -662.4 -87.6 -209.9
20211029231117  -662.3 -87.3 -209.8
20211029231118  -662.6 -87.5 -209.9
20211029231119  -662.3 -87.6 -209.6
20211029231120  -662.0 -87.5 -209.6
20211029231121  -661.4 -87.6 -209.4
20211029231122  -661.2 -87.3 -209.4
20211029231123  -661.3 -87.5 -209.3
20211029231124  -662.2 -87.4 -209.7
20211029231125  -662.0 -87.4 -209.7
20211029231126  -662.1 -87.3 -209.5
20211029231127  -662.2 -87.5 -209.5
20211029231128  -662.5 -87.6 -209.9
20211029231129  -662.5 -87.4 -209.6
20211029231130  -662.5 -87.1 -209.4
20211029231131  -662.3 -87.3 -209.5
20211029231132  -662.4 -87.2 -209.6
20211029231133  -662.3 -87.2 -209.6
20211029231134  -662.1 -87.3 -209.5
20211029231135  -662.4 -87.5 -209.6
20211029231136  -662.4 -87.2 -209.7
20211029231137  -662.4 -87.4 -209.9
20211029231138  -662.4 -87.5 -209.9
20211029231139  -662.1 -87.4 -210.1
20211029231140  -662.0 -87.3 -209.8
20211029231141  -662.2 -87.3 -209.8
20211029231142  -662.3 -87.3 -209.8
20211029231143  -662.3 -87.0 -210.0
20211029231144  -662.4 -87.1 -209.9
20211029231145  -662.4 -87.2 -210.0
20211029231146  -662.1 -87.3 -210.0
20211029231147  -661.6 -87.2 -209.4
20211029231148  -661.5 -86.8 -209.2
20211029231149  -661.4 -86.8 -209.0
20211029231150  -661.8 -86.5 -209.4
20211029231151  -661.8 -86.7 -209.6
20211029231152  -661.9 -86.6 -209.6
20211029231153  -661.8 -86.4 -209.5
20211029231154  -662.0 -86.7 -209.9
20211029231155  -662.0 -86.8 -210.0
20211029231156  -662.1 -86.8 -210.0
20211029231157  -662.0 -86.5 -209.8
20211029231158  -662.1 -87.1 -210.1
20211029231159  -661.9 -87.0 -209.8
20211029231200  -661.9 -86.9 -210.2
20211029231201  -661.8 -87.0 -210.2
20211029231202  -661.8 -87.0 -210.1
20211029231203  -661.9 -86.9 -210.0
20211029231204  -662.0 -87.0 -210.3
20211029231205  -662.1 -87.1 -210.3
20211029231206  -662.0 -86.9 -210.1
20211029231207  -662.0 -86.9 -210.3
20211029231208  -662.2 -86.9 -210.5
20211029231209  -662.2 -87.2 -210.6
20211029231210  -662.0 -87.0 -210.3
20211029231211  -662.1 -87.0 -210.4
20211029231212  -661.9 -87.1 -210.2
20211029231213  -661.5 -87.1 -209.8
20211029231214  -661.1 -87.0 -209.7
20211029231215  -660.8 -86.8 -209.4
20211029231216  -661.5 -86.8 -209.7
20211029231217  -662.0 -86.8 -210.2
20211029231218  -662.2 -86.9 -210.3
20211029231219  -662.3 -87.0 -210.1
20211029231220  -662.1 -87.2 -210.3
20211029231221  -662.1 -87.3 -210.3
20211029231222  -662.2 -87.2 -210.0
20211029231223  -662.4 -87.3 -210.2
20211029231224  -662.1 -87.6 -210.2
20211029231225  -662.3 -87.7 -210.3
20211029231226  -662.3 -87.4 -210.5
20211029231227  -662.3 -87.9 -210.7
20211029231228  -662.4 -88.0 -210.4
20211029231229  -662.2 -87.9 -210.5
20211029231230  -662.4 -87.9 -210.8
20211029231231  -662.2 -88.3 -210.7
20211029231232  -662.2 -88.2 -210.4
20211029231233  -662.4 -88.2 -210.9
20211029231234  -662.3 -88.2 -210.7
20211029231235  -662.3 -88.8 -211.0
20211029231236  -662.3 -88.5 -210.8
20211029231237  -662.2 -88.8 -211.1
20211029231238  -662.2 -88.8 -211.0
20211029231239  -661.8 -89.0 -210.8
20211029231240  -661.6 -88.6 -210.6
20211029231241  -661.5 -88.4 -210.4
20211029231242  -661.1 -88.4 -210.1
20211029231243  -661.9 -88.5 -210.9
20211029231244  -661.9 -88.4 -210.9
20211029231245  -662.0 -88.6 -211.1
20211029231246  -662.0 -88.6 -211.0
20211029231247  -661.9 -88.6 -211.0
20211029231248  -662.0 -88.6 -210.9
20211029231249  -661.9 -88.7 -210.8
20211029231250  -661.9 -88.9 -211.1
20211029231251  -661.9 -88.8 -211.2
20211029231252  -661.4 -88.8 -211.3
20211029231253  -661.7 -88.7 -211.4
20211029231254  -661.6 -89.0 -211.4
20211029231255  -661.8 -89.0 -211.3
20211029231256  -661.8 -88.9 -211.7
20211029231257  -661.8 -88.8 -211.7
20211029231258  -661.7 -88.8 -211.7
20211029231259  -661.7 -88.9 -211.6
20211029231300  -661.6 -88.9 -211.7
20211029231301  -661.8 -88.9 -211.7
20211029231302  -661.7 -89.0 -211.8
20211029231303  -662.1 -89.1 -211.8
20211029231304  -662.1 -88.8 -212.1
20211029231305  -661.6 -89.1 -211.8
20211029231306  -661.0 -89.0 -211.4
20211029231307  -661.3 -88.7 -211.2
20211029231308  -660.7 -88.7 -211.1
20211029231309  -661.4 -88.6 -211.5
20211029231310  -661.8 -88.8 -212.0
20211029231311  -661.6 -89.3 -211.9
20211029231312  -661.7 -89.1 -211.9
20211029231313  -661.6 -88.9 -212.1
20211029231314  -661.7 -89.0 -212.1
20211029231315  -662.0 -89.0 -212.2
20211029231316  -662.2 -89.0 -212.3
20211029231317  -662.0 -89.3 -212.1
20211029231318  -661.7 -89.5 -212.5
20211029231319  -661.9 -89.6 -212.3
20211029231320  -661.9 -89.8 -212.3
20211029231321  -661.8 -89.7 -212.4
20211029231322  -662.1 -89.6 -212.4
20211029231323  -662.3 -90.0 -212.5
20211029231324  -662.2 -89.8 -212.9
20211029231325  -662.6 -89.8 -212.8
20211029231326  -662.3 -89.9 -212.6
20211029231327  -662.4 -89.9 -212.9
20211029231328  -662.5 -90.1 -212.5
20211029231329  -662.5 -90.3 -212.6
20211029231330  -662.4 -90.1 -212.6
20211029231331  -662.0 -90.1 -212.4
20211029231332  -661.5 -89.6 -212.0
20211029231333  -661.0 -89.6 -211.8
20211029231334  -661.2 -89.3 -211.8
20211029231335  -661.6 -89.3 -211.6
20211029231336  -662.0 -89.6 -212.5
20211029231337  -661.9 -89.7 -212.4
20211029231338  -662.2 -89.6 -212.6
20211029231339  -662.3 -89.9 -212.5
20211029231340  -662.4 -89.5 -212.3
20211029231341  -662.6 -89.7 -212.4
20211029231342  -662.4 -90.0 -212.3
20211029231343  -662.4 -89.9 -212.6
20211029231344  -662.3 -90.1 -212.9
20211029231345  -662.6 -90.4 -212.9
20211029231346  -662.9 -90.4 -212.9
20211029231347  -662.8 -90.6 -212.8
20211029231348  -662.9 -90.2 -213.1
20211029231349  -662.6 -90.5 -212.6
20211029231350  -662.6 -90.4 -212.6
20211029231351  -662.9 -90.5 -213.0
20211029231352  -662.7 -90.4 -212.7
20211029231353  -662.8 -90.3 -212.7
20211029231354  -662.8 -90.2 -212.6
20211029231355  -662.9 -90.3 -212.8
20211029231356  -663.0 -90.1 -212.8
20211029231357  -662.7 -90.3 -212.8
20211029231358  -662.1 -90.2 -212.3
20211029231359  -661.9 -89.9 -212.3
20211029231400  -661.7 -90.0 -212.0
20211029231401  -661.6 -89.6 -211.9
20211029231402  -662.5 -89.8 -212.6
20211029231403  -662.3 -89.9 -212.6
20211029231404  -662.1 -89.8 -212.6
20211029231405  -662.3 -90.2 -212.6
20211029231406  -662.4 -90.1 -212.8
20211029231407  -662.3 -89.7 -212.8
20211029231408  -662.4 -89.7 -212.8
20211029231409  -662.6 -89.8 -212.6
20211029231410  -662.3 -89.6 -212.7
20211029231411  -662.1 -89.7 -213.0
20211029231412  -662.2 -89.6 -213.1
20211029231413  -662.4 -89.6 -212.7
20211029231414  -662.2 -89.6 -212.8
20211029231415  -662.1 -89.9 -213.2
20211029231416  -662.3 -89.8 -213.0
20211029231417  -662.1 -89.5 -212.9
20211029231418  -662.3 -89.7 -213.3
20211029231419  -662.3 -89.6 -213.1
20211029231420  -662.6 -89.7 -213.3
20211029231421  -662.5 -89.7 -213.4
20211029231422  -662.5 -89.5 -213.1
20211029231423  -662.5 -89.8 -213.2
20211029231424  -662.0 -89.7 -212.9
20211029231425  -661.7 -89.5 -212.4
20211029231426  -661.4 -89.4 -212.4
20211029231427  -661.3 -89.6 -212.1
20211029231428  -662.1 -89.3 -212.7
20211029231429  -662.0 -89.4 -212.8
20211029231430  -662.0 -89.7 -212.7
20211029231431  -662.1 -89.5 -213.1
20211029231432  -662.0 -89.5 -212.5
20211029231433  -661.9 -89.5 -212.6
20211029231434  -662.2 -89.5 -212.6
20211029231435  -662.3 -89.6 -212.9
20211029231436  -661.8 -89.5 -213.0
20211029231437  -662.2 -89.5 -213.0
20211029231438  -662.2 -89.3 -212.9
20211029231439  -662.1 -89.4 -212.7
20211029231440  -662.0 -89.2 -213.0
20211029231441  -661.9 -89.3 -213.2
20211029231442  -662.0 -89.6 -213.2
20211029231443  -662.0 -89.8 -213.4
20211029231444  -661.9 -89.7 -213.2
20211029231445  -662.1 -89.8 -213.2
20211029231446  -662.0 -89.8 -212.8
20211029231447  -662.2 -89.7 -212.8
20211029231448  -662.1 -89.9 -213.3
20211029231449  -662.2 -89.7 -213.4
20211029231450  -661.9 -89.9 -212.8
20211029231451  -661.3 -89.6 -212.5
20211029231452  -660.8 -89.7 -212.5
20211029231453  -661.0 -89.5 -212.4
20211029231454  -661.7 -89.5 -212.8
20211029231455  -661.8 -89.7 -212.7
20211029231456  -662.2 -89.7 -212.7
20211029231457  -662.1 -89.7 -213.1
20211029231458  -662.0 -89.9 -212.8
20211029231459  -662.2 -90.2 -213.0
20211029231500  -662.2 -89.9 -213.1
20211029231501  -661.9 -89.7 -213.0
20211029231502  -661.9 -89.7 -213.2
20211029231503  -662.0 -89.7 -213.1
20211029231504  -661.8 -89.7 -213.1
20211029231505  -661.8 -89.9 -213.4
20211029231506  -661.9 -89.9 -212.8
20211029231507  -661.9 -89.8 -213.1
20211029231508  -661.8 -89.7 -213.0
20211029231509  -661.8 -89.7 -212.9
20211029231510  -661.8 -90.0 -212.7
20211029231511  -661.9 -90.0 -213.1
20211029231512  -661.8 -89.8 -212.6
20211029231513  -662.1 -89.9 -212.8
20211029231514  -661.9 -89.9 -213.0
20211029231515  -661.8 -90.2 -213.0
20211029231516  -661.6 -90.3 -213.0
20211029231517  -661.3 -89.8 -212.5
20211029231518  -660.9 -89.9 -212.8
20211029231519  -660.9 -89.6 -212.6
20211029231520  -661.9 -89.8 -212.7
20211029231521  -662.0 -89.6 -213.0
20211029231522  -661.9 -89.4 -213.0
20211029231523  -661.7 -89.6 -213.1
20211029231524  -661.9 -89.7 -212.8
20211029231525  -662.0 -89.5 -213.1
20211029231526  -661.9 -89.6 -213.1
20211029231527  -662.1 -89.6 -213.2
20211029231528  -662.3 -89.6 -213.3
20211029231529  -662.2 -89.4 -213.3
20211029231530  -662.2 -89.5 -213.2
20211029231531  -662.1 -89.8 -213.2
20211029231532  -662.2 -89.7 -213.1
20211029231533  -662.2 -89.8 -213.5
20211029231534  -662.3 -89.7 -213.4
20211029231535  -662.6 -89.6 -213.3
20211029231536  -662.4 -89.9 -213.7
20211029231537  -662.6 -89.9 -213.8
20211029231538  -662.5 -89.8 -213.7
20211029231539  -662.4 -89.8 -213.7
20211029231540  -662.5 -89.9 -213.8
20211029231541  -662.7 -89.7 -213.8
20211029231542  -662.7 -90.1 -213.8
20211029231543  -661.6 -90.0 -213.3
20211029231544  -661.4 -89.9 -212.8
20211029231545  -661.5 -89.8 -212.8
20211029231546  -662.2 -89.9 -213.2
20211029231547  -662.1 -89.8 -213.2
20211029231548  -662.2 -90.0 -213.3
20211029231549  -662.0 -90.1 -213.4
20211029231550  -662.0 -89.7 -213.2
20211029231551  -661.9 -89.6 -213.3
20211029231552  -662.2 -89.8 -213.4
20211029231553  -662.1 -89.4 -213.2
20211029231554  -662.2 -89.5 -213.4
20211029231555  -662.3 -89.4 -213.6
20211029231556  -662.3 -89.3 -213.3
20211029231557  -662.2 -89.3 -213.3
20211029231558  -662.2 -89.2 -213.3
20211029231559  -662.3 -89.1 -213.3
20211029231600  -662.2 -89.1 -213.1
20211029231601  -662.2 -89.3 -213.2
20211029231602  -662.1 -89.6 -213.4
20211029231603  -662.1 -89.8 -213.3
20211029231604  -662.0 -89.8 -213.6
20211029231605  -662.1 -90.0 -213.6
20211029231606  -662.1 -89.9 -213.2
20211029231607  -661.9 -89.8 -213.3
20211029231608  -661.6 -89.9 -213.2
20211029231609  -661.5 -90.0 -212.8
20211029231610  -660.7 -89.7 -212.5
20211029231611  -661.2 -89.8 -212.8
20211029231612  -661.6 -89.8 -213.4
20211029231613  -661.7 -89.9 -213.2
20211029231614  -661.8 -90.1 -213.4
20211029231615  -661.7 -89.9 -213.2
20211029231616  -661.4 -89.7 -213.3
20211029231617  -661.5 -89.9 -213.2
20211029231618  -661.5 -89.7 -213.7
20211029231619  -661.7 -89.6 -213.1
20211029231620  -661.4 -89.6 -213.1
20211029231621  -661.2 -89.4 -213.3
20211029231622  -661.6 -89.6 -213.4
20211029231623  -661.2 -89.8 -213.6
20211029231624  -661.2 -89.9 -213.5
20211029231625  -661.2 -90.2 -213.4
20211029231626  -660.9 -89.9 -213.4
20211029231627  -661.1 -89.8 -213.6
20211029231628  -660.8 -89.9 -213.4
20211029231629  -661.1 -90.0 -213.4
20211029231630  -661.0 -89.8 -213.3
20211029231631  -661.2 -89.7 -213.4
20211029231632  -661.0 -89.9 -213.2
20211029231633  -660.9 -90.2 -213.5
20211029231634  -660.9 -90.1 -213.5
20211029231635  -660.6 -90.3 -213.4
20211029231636  -660.0 -90.2 -213.1
20211029231637  -660.7 -90.2 -213.6
20211029231638  -660.9 -90.2 -213.8
20211029231639  -660.8 -90.2 -213.5
20211029231640  -660.5 -90.4 -213.5
20211029231641  -660.4 -90.1 -213.4
20211029231642  -660.5 -90.2 -213.9
20211029231643  -660.7 -90.1 -213.9
20211029231644  -660.4 -90.2 -213.5
20211029231645  -660.3 -90.1 -213.5
20211029231646  -660.1 -90.1 -213.6
20211029231647  -660.6 -90.0 -214.0
20211029231648  -660.4 -90.3 -213.8
20211029231649  -660.5 -90.1 -213.8
20211029231650  -660.7 -89.8 -213.4
20211029231651  -660.7 -90.0 -213.7
20211029231652  -660.5 -90.2 -213.5
20211029231653  -660.7 -90.0 -213.3
20211029231654  -660.5 -90.1 -213.8
20211029231655  -660.7 -90.2 -213.6
20211029231656  -660.5 -90.5 -213.3
20211029231657  -660.7 -90.0 -213.4
20211029231658  -660.5 -90.3 -213.5
20211029231659  -660.6 -90.3 -213.6
20211029231700  -660.9 -90.0 -213.6
20211029231701  -660.3 -90.1 -213.4
20211029231702  -659.8 -89.9 -212.7
20211029231703  -660.3 -89.9 -213.1
20211029231704  -660.5 -89.7 -213.6
20211029231705  -661.0 -89.9 -213.8
20211029231706  -661.0 -90.2 -213.6
20211029231707  -661.1 -90.3 -213.6
20211029231708  -661.0 -90.0 -213.6
20211029231709  -660.9 -89.8 -213.7
20211029231710  -661.0 -89.9 -213.6
20211029231711  -660.9 -90.0 -213.5
20211029231712  -660.9 -90.2 -213.9
20211029231713  -660.9 -90.0 -213.6
20211029231714  -661.1 -90.3 -213.9
20211029231715  -660.9 -90.1 -213.7
20211029231716  -661.2 -90.2 -213.6
20211029231717  -661.1 -90.3 -213.6
20211029231718  -660.8 -90.2 -213.6
20211029231719  -661.3 -90.0 -213.6
20211029231720  -661.2 -90.2 -213.7
20211029231721  -661.3 -89.9 -213.9
20211029231722  -661.1 -90.0 -213.9
20211029231723  -661.3 -89.9 -213.7
20211029231724  -661.1 -89.8 -213.4
20211029231725  -661.4 -89.8 -213.5
20211029231726  -661.4 -89.9 -213.9
20211029231727  -661.3 -89.8 -213.7
20211029231728  -661.0 -89.7 -213.1
20211029231729  -661.0 -89.8 -213.0
20211029231730  -661.4 -90.0 -213.8
20211029231731  -661.5 -89.8 -213.6
20211029231732  -661.6 -89.6 -213.7
20211029231733  -661.8 -89.7 -214.0
20211029231734  -661.5 -89.7 -213.9
20211029231735  -661.5 -89.6 -214.0
20211029231736  -661.9 -89.6 -214.1
20211029231737  -661.9 -89.5 -214.1
20211029231738  -662.0 -89.6 -214.1
20211029231739  -662.4 -89.5 -214.0
20211029231740  -662.1 -89.7 -213.9
20211029231741  -661.9 -89.6 -214.1
20211029231742  -661.9 -89.7 -214.0
20211029231743  -662.2 -89.7 -214.3
20211029231744  -662.4 -89.9 -214.3
20211029231745  -662.2 -89.5 -214.4
20211029231746  -662.2 -89.9 -214.3
20211029231747  -662.3 -89.4 -214.2
20211029231748  -662.2 -89.6 -214.0
20211029231749  -662.1 -89.8 -214.1
20211029231750  -662.3 -90.0 -214.2
20211029231751  -662.3 -89.9 -213.9
20211029231752  -662.4 -89.9 -213.9
20211029231753  -662.0 -89.7 -213.7
20211029231754  -661.9 -89.7 -213.2
20211029231755  -661.4 -89.5 -213.2
20211029231756  -661.8 -89.4 -213.2
20211029231757  -662.2 -89.7 -214.0
20211029231758  -662.5 -89.6 -213.7
20211029231759  -662.5 -89.9 -214.1
20211029231800  -662.4 -90.0 -214.1
20211029231801  -662.8 -89.7 -213.9
20211029231802  -662.6 -89.8 -213.8
20211029231803  -663.0 -89.8 -214.0
20211029231804  -662.9 -90.0 -213.7
20211029231805  -662.9 -89.7 -214.0
20211029231806  -662.9 -89.6 -213.9
20211029231807  -662.5 -89.5 -213.9
20211029231808  -662.7 -89.7 -214.0
20211029231809  -663.0 -89.4 -214.0
20211029231810  -662.8 -89.1 -213.8
20211029231811  -662.7 -89.3 -214.0
20211029231812  -662.8 -89.2 -213.7
20211029231813  -662.8 -89.4 -214.1
20211029231814  -662.7 -89.6 -213.9
20211029231815  -663.2 -89.7 -214.2
20211029231816  -663.3 -89.3 -214.4
20211029231817  -663.6 -89.3 -214.1
20211029231818  -663.5 -89.1 -214.1
20211029231819  -663.2 -89.2 -213.7
20211029231820  -662.6 -89.0 -213.3
20211029231821  -662.4 -88.9 -212.9
20211029231822  -662.4 -88.8 -212.7
20211029231823  -662.8 -88.7 -213.1
20211029231824  -663.5 -88.8 -213.1
20211029231825  -663.3 -88.7 -213.2
20211029231826  -663.2 -88.8 -213.6
20211029231827  -663.3 -89.3 -213.4
20211029231828  -663.6 -89.1 -213.5
20211029231829  -663.2 -89.1 -213.5
20211029231830  -663.2 -89.2 -213.5
20211029231831  -663.4 -89.3 -213.6
20211029231832  -663.6 -89.3 -213.6
20211029231833  -663.2 -89.4 -213.4
20211029231834  -663.2 -89.4 -213.8
20211029231835  -663.4 -89.0 -213.6
20211029231836  -663.5 -89.2 -213.6
20211029231837  -663.8 -89.1 -213.5
20211029231838  -663.6 -89.2 -213.7
20211029231839  -663.6 -89.3 -213.7
20211029231840  -663.3 -88.9 -214.1
20211029231841  -663.5 -88.9 -213.7
20211029231842  -663.6 -89.0 -213.6
20211029231843  -663.7 -88.7 -213.8
20211029231844  -663.9 -88.7 -213.8
20211029231845  -663.6 -88.8 -213.6
20211029231846  -663.4 -88.5 -213.2
20211029231847  -663.1 -88.2 -213.0
20211029231848  -663.0 -88.3 -212.7
20211029231849  -662.9 -88.2 -212.4
20211029231850  -663.7 -88.3 -213.1
20211029231851  -663.9 -88.2 -213.0
20211029231852  -663.5 -88.4 -213.2
20211029231853  -663.6 -88.3 -213.2
20211029231854  -663.9 -88.4 -213.4
20211029231855  -664.0 -88.3 -213.3
20211029231856  -663.9 -88.5 -213.5
20211029231857  -664.1 -88.4 -213.1
20211029231858  -664.0 -88.4 -213.2
20211029231859  -664.1 -88.3 -213.1
20211029231900  -664.0 -88.1 -213.2
20211029231901  -664.2 -88.2 -213.5
20211029231902  -664.4 -88.1 -213.3
20211029231903  -664.2 -88.1 -213.7
20211029231904  -664.4 -88.2 -213.5
20211029231905  -664.3 -88.4 -213.5
20211029231906  -664.4 -88.2 -213.3
20211029231907  -664.6 -88.3 -213.4
20211029231908  -664.6 -88.5 -213.5
20211029231909  -664.6 -88.2 -213.9
20211029231910  -664.5 -88.3 -213.9
20211029231911  -664.1 -88.3 -213.6
20211029231912  -663.8 -88.5 -213.3
20211029231913  -663.7 -88.2 -213.1
20211029231914  -663.6 -88.4 -212.9
20211029231915  -663.7 -88.3 -213.0
20211029231916  -663.7 -88.0 -212.7
20211029231917  -664.4 -88.1 -213.2
20211029231918  -664.7 -88.0 -213.3
20211029231919  -664.7 -88.0 -213.3
20211029231920  -664.7 -88.2 -213.3
20211029231921  -664.5 -88.2 -213.5
20211029231922  -664.9 -88.2 -213.6
20211029231923  -665.1 -88.2 -213.5
20211029231924  -665.1 -88.1 -213.3
20211029231925  -665.0 -88.0 -213.3
20211029231926  -665.0 -88.0 -213.6
20211029231927  -664.8 -88.2 -213.7
20211029231928  -664.9 -88.1 -213.6
20211029231929  -665.0 -87.8 -213.6
20211029231930  -664.8 -88.1 -213.8
20211029231931  -665.2 -87.9 -213.8
20211029231932  -665.6 -87.9 -213.9
20211029231933  -665.2 -87.8 -213.7
20211029231934  -665.2 -88.1 -213.9
20211029231935  -665.6 -87.9 -213.8
20211029231936  -665.6 -87.6 -214.0
20211029231937  -665.4 -88.1 -213.9
20211029231938  -664.9 -88.0 -213.4
20211029231939  -664.7 -87.8 -213.1
20211029231940  -664.5 -87.8 -213.1
20211029231941  -664.5 -87.6 -212.9
20211029231942  -664.5 -87.6 -213.0
20211029231943  -664.4 -87.5 -212.6
20211029231944  -665.1 -87.7 -213.5
20211029231945  -664.9 -87.4 -213.6
20211029231946  -665.3 -87.9 -213.7
20211029231947  -664.9 -87.5 -213.3
20211029231948  -665.0 -87.8 -213.5
20211029231949  -665.2 -87.5 -213.5
20211029231950  -665.1 -87.6 -213.6
20211029231951  -665.4 -87.9 -213.6
20211029231952  -665.2 -87.8 -213.6
20211029231953  -665.3 -87.9 -213.9
20211029231954  -665.2 -87.9 -213.4
20211029231955  -665.2 -88.1 -213.7
20211029231956  -665.2 -88.2 -213.9
20211029231957  -665.4 -87.9 -213.7
20211029231958  -665.4 -87.6 -213.7
20211029231959  -665.3 -87.5 -213.7
20211029232000  -665.5 -87.6 -213.7
20211029232001  -665.4 -87.3 -213.9
20211029232002  -665.8 -87.4 -213.8
20211029232003  -665.7 -87.4 -213.7
20211029232004  -665.2 -87.2 -213.6
20211029232005  -664.7 -87.1 -213.3
20211029232006  -664.8 -87.0 -213.3
20211029232007  -664.7 -87.1 -213.0
20211029232008  -664.5 -87.0 -212.8
20211029232009  -664.1 -87.1 -212.8
20211029232010  -664.5 -86.9 -213.0
20211029232011  -665.3 -87.2 -213.1
20211029232012  -665.0 -87.1 -213.1
20211029232013  -665.2 -87.2 -213.2
20211029232014  -665.4 -87.2 -213.2
20211029232015  -665.5 -87.4 -213.3
20211029232016  -665.4 -87.1 -213.1
20211029232017  -665.1 -87.1 -213.2
20211029232018  -665.3 -87.1 -213.6
20211029232019  -665.3 -86.9 -213.6
20211029232020  -665.2 -86.8 -213.4
20211029232021  -665.1 -86.8 -213.3
20211029232022  -665.2 -87.0 -213.3
20211029232023  -665.0 -87.0 -213.4
20211029232024  -665.1 -86.9 -213.8
20211029232025  -665.1 -87.0 -213.9
20211029232026  -664.9 -87.0 -213.5
20211029232027  -665.0 -87.3 -213.4
20211029232028  -665.1 -87.3 -213.6
20211029232029  -665.3 -87.4 -213.6
20211029232030  -664.7 -87.3 -213.5
20211029232031  -664.3 -87.3 -212.9
20211029232032  -664.0 -87.0 -212.7
20211029232033  -663.9 -87.2 -212.7
20211029232034  -663.7 -87.0 -212.4
20211029232035  -663.7 -87.0 -212.3
20211029232036  -663.6 -87.0 -212.4
20211029232037  -663.9 -86.8 -212.4
20211029232038  -664.5 -87.0 -212.9
20211029232039  -664.7 -87.0 -212.8
20211029232040  -664.6 -87.0 -212.9
20211029232041  -664.5 -87.0 -213.2
20211029232042  -664.7 -86.8 -213.0
20211029232043  -664.8 -87.1 -212.8
20211029232044  -664.5 -87.0 -212.7
20211029232045  -664.7 -87.2 -212.8
20211029232046  -664.4 -86.9 -212.9
20211029232047  -664.5 -87.0 -213.1
20211029232048  -664.6 -87.1 -212.9
20211029232049  -664.4 -87.2 -213.1
20211029232050  -664.5 -87.2 -213.0
20211029232051  -664.5 -87.1 -212.8
20211029232052  -664.5 -87.0 -212.8
20211029232053  -664.6 -87.1 -213.0
20211029232054  -664.6 -87.1 -212.9
20211029232055  -664.6 -86.9 -212.7
20211029232056  -664.6 -87.0 -212.8
20211029232057  -664.1 -86.9 -212.6
20211029232058  -663.7 -86.7 -211.9
20211029232059  -663.2 -86.5 -211.8
20211029232100  -663.2 -86.4 -212.0
20211029232101  -662.8 -86.4 -211.6
20211029232102  -662.8 -86.1 -211.4
20211029232103  -662.6 -86.1 -211.2
20211029232104  -663.5 -86.2 -211.6
20211029232105  -663.6 -86.5 -212.2
20211029232106  -663.8 -86.4 -212.1
20211029232107  -663.7 -86.3 -212.3
20211029232108  -663.9 -86.4 -212.2
20211029232109  -663.7 -86.5 -212.1
20211029232110  -663.9 -86.3 -212.0
20211029232111  -664.0 -86.2 -212.4
20211029232112  -664.1 -86.5 -212.5
20211029232113  -664.1 -86.4 -212.3
20211029232114  -664.1 -86.6 -212.3
20211029232115  -664.2 -86.7 -212.2
20211029232116  -664.3 -86.4 -212.4
20211029232117  -664.1 -86.6 -212.7
20211029232118  -664.0 -86.7 -212.5
20211029232119  -663.9 -86.8 -212.4
20211029232120  -664.2 -86.7 -212.5
20211029232121  -664.1 -86.6 -212.3
20211029232122  -664.1 -86.9 -212.4
20211029232123  -663.9 -86.9 -212.4
20211029232124  -663.5 -86.4 -212.1
20211029232125  -663.1 -86.5 -211.7
20211029232126  -663.1 -86.3 -211.3
20211029232127  -662.8 -86.4 -211.5
20211029232128  -662.6 -86.4 -211.1
20211029232129  -662.6 -86.2 -210.8
20211029232130  -662.4 -86.2 -210.7
20211029232131  -663.5 -86.8 -211.4
20211029232132  -663.5 -86.6 -211.8
20211029232133  -663.5 -86.7 -211.9
20211029232134  -663.5 -86.9 -211.7
20211029232135  -663.8 -86.7 -211.6
20211029232136  -663.9 -86.7 -211.5
20211029232137  -663.7 -86.8 -211.6
20211029232138  -664.0 -87.1 -212.0
20211029232139  -663.9 -87.3 -212.1
20211029232140  -664.0 -87.0 -212.2
20211029232141  -663.9 -87.0 -211.9
20211029232142  -664.2 -87.2 -212.0
20211029232143  -664.4 -87.2 -211.9
20211029232144  -664.5 -87.0 -211.7
20211029232145  -664.3 -86.6 -212.0
20211029232146  -664.2 -86.9 -212.0
20211029232147  -664.1 -87.1 -212.4
20211029232148  -663.9 -87.1 -212.2
20211029232149  -664.1 -87.2 -212.2
20211029232150  -663.9 -87.1 -212.0
20211029232151  -663.4 -86.7 -211.6
20211029232152  -663.5 -87.0 -211.4
20211029232153  -663.4 -86.7 -211.3
20211029232154  -663.1 -86.7 -211.2
20211029232155  -663.1 -86.4 -211.1
20211029232156  -663.3 -86.3 -211.1
20211029232157  -663.8 -86.7 -211.5
20211029232158  -664.3 -86.7 -211.7
20211029232159  -664.1 -86.6 -212.0
20211029232200  -664.2 -87.0 -211.8
20211029232201  -664.1 -86.8 -211.7
20211029232202  -664.2 -86.6 -212.0
20211029232203  -663.9 -86.8 -212.1
20211029232204  -664.2 -86.8 -212.0
20211029232205  -664.4 -86.8 -211.8
20211029232206  -664.4 -86.6 -212.0
20211029232207  -664.4 -86.9 -212.1
20211029232208  -664.5 -86.9 -211.9
20211029232209  -664.6 -86.9 -212.0
20211029232210  -664.6 -86.9 -212.4
20211029232211  -664.6 -87.2 -212.4
20211029232212  -664.6 -87.1 -212.5
20211029232213  -664.5 -87.0 -212.1
20211029232214  -664.5 -86.9 -212.0
20211029232215  -664.8 -86.9 -212.3
20211029232216  -664.3 -87.7 -212.4
