20211201221630  -706.9 -18.0 -792.4
20211201221631  -706.8 -17.6 -792.7
20211201221632  -706.3 -17.9 -792.9
20211201221633  -706.1 -18.1 -793.3
20211201221634  -706.1 -18.1 -793.2
20211201221635  -706.1 -17.8 -793.7
20211201221636  -705.8 -17.9 -793.5
20211201221637  -705.6 -17.9 -793.6
20211201221638  -705.3 -17.7 -793.7
20211201221639  -705.0 -17.8 -793.8
20211201221640  -704.5 -17.7 -793.8
20211201221641  -703.9 -18.2 -793.9
20211201221642  -703.2 -18.1 -794.0
20211201221643  -702.4 -18.2 -793.9
20211201221644  -702.2 -18.1 -793.6
20211201221645  -702.3 -17.8 -793.9
20211201221646  -702.8 -18.2 -794.5
20211201221647  -703.4 -17.8 -794.8
20211201221648  -703.5 -17.9 -794.8
20211201221649  -703.6 -18.1 -794.5
20211201221650  -703.4 -18.1 -794.5
20211201221651  -703.3 -18.7 -794.9
20211201221652  -702.7 -18.7 -794.7
20211201221653  -702.3 -19.0 -794.6
20211201221654  -702.2 -19.0 -794.8
20211201221655  -701.9 -19.0 -794.9
20211201221656  -701.5 -19.2 -795.2
20211201221657  -701.3 -19.0 -795.3
20211201221658  -701.1 -19.0 -794.9
20211201221659  -700.8 -19.3 -795.2
20211201221700  -700.6 -19.3 -795.1
20211201221701  -700.0 -19.4 -794.9
20211201221702  -700.0 -19.9 -794.8
20211201221703  -699.9 -19.8 -795.4
20211201221704  -699.6 -19.2 -795.6
20211201221705  -700.1 -19.2 -795.6
20211201221706  -700.3 -19.3 -796.0
20211201221707  -700.3 -19.8 -795.9
20211201221708  -700.7 -20.0 -795.9
20211201221709  -700.5 -19.7 -795.7
20211201221710  -700.7 -19.9 -795.8
20211201221711  -700.1 -20.3 -795.6
20211201221712  -699.4 -20.0 -795.4
20211201221713  -699.2 -20.1 -795.3
20211201221714  -699.1 -20.0 -795.0
20211201221715  -699.2 -19.8 -795.1
20211201221716  -699.8 -19.8 -795.4
20211201221717  -700.1 -20.1 -795.7
20211201221718  -699.9 -20.6 -795.9
20211201221719  -699.8 -20.6 -796.0
20211201221720  -699.9 -21.0 -796.0
20211201221721  -700.0 -21.1 -796.3
20211201221722  -700.0 -21.5 -796.3
20211201221723  -700.2 -21.5 -796.4
20211201221724  -700.2 -21.7 -796.3
20211201221725  -700.2 -21.8 -796.3
20211201221726  -700.2 -22.3 -796.5
20211201221727  -700.3 -22.3 -796.8
20211201221728  -700.2 -22.3 -796.6
20211201221729  -700.4 -22.3 -796.4
20211201221730  -700.1 -22.4 -796.7
20211201221731  -699.9 -22.3 -796.2
20211201221732  -700.1 -22.0 -796.1
20211201221733  -700.1 -21.8 -796.2
20211201221734  -700.2 -21.7 -796.1
20211201221735  -700.2 -21.6 -796.2
20211201221736  -700.3 -21.8 -796.2
20211201221737  -700.1 -21.7 -796.4
20211201221738  -700.0 -21.5 -796.3
20211201221739  -699.9 -21.8 -796.5
20211201221740  -699.8 -22.1 -796.4
20211201221741  -699.4 -22.3 -796.7
20211201221742  -699.2 -22.4 -796.3
20211201221743  -699.1 -22.7 -796.2
20211201221744  -699.2 -22.8 -796.0
20211201221745  -699.1 -23.4 -795.8
20211201221746  -699.5 -23.3 -796.0
20211201221747  -700.2 -23.8 -796.2
20211201221748  -700.0 -23.9 -796.3
20211201221749  -700.0 -23.9 -796.0
20211201221750  -700.2 -24.1 -796.2
20211201221751  -700.1 -24.3 -796.3
20211201221752  -700.1 -24.2 -796.6
20211201221753  -700.1 -24.0 -796.8
20211201221754  -700.1 -24.1 -797.2
20211201221755  -700.1 -24.0 -797.0
20211201221756  -700.2 -23.5 -796.9
20211201221757  -700.2 -23.6 -797.2
20211201221758  -700.3 -23.7 -797.2
20211201221759  -699.9 -23.9 -797.1
20211201221800  -700.1 -24.1 -797.1
20211201221801  -700.3 -24.4 -797.2
20211201221802  -700.1 -24.4 -797.3
20211201221803  -700.2 -24.1 -797.5
20211201221804  -700.3 -24.4 -797.3
20211201221805  -700.4 -24.4 -797.7
20211201221806  -700.3 -24.2 -797.6
20211201221807  -700.6 -24.2 -798.0
20211201221808  -700.9 -24.5 -798.4
20211201221809  -701.5 -24.8 -799.1
20211201221810  -701.8 -25.2 -798.9
20211201221811  -702.5 -25.5 -798.9
20211201221812  -702.4 -25.7 -798.7
20211201221813  -702.1 -25.7 -798.0
20211201221814  -702.0 -25.6 -797.7
20211201221815  -701.9 -25.5 -797.1
20211201221816  -701.7 -25.3 -797.0
20211201221817  -702.4 -25.2 -797.6
20211201221818  -702.5 -25.2 -797.9
20211201221819  -702.3 -25.2 -798.1
20211201221820  -702.4 -25.3 -798.3
20211201221821  -702.6 -25.5 -798.3
20211201221822  -702.8 -25.5 -798.6
20211201221823  -703.1 -25.5 -798.6
20211201221824  -703.7 -25.5 -798.9
20211201221825  -703.9 -25.3 -799.4
20211201221826  -704.7 -25.3 -799.7
20211201221827  -704.9 -25.2 -799.6
20211201221828  -705.5 -25.4 -799.7
20211201221829  -705.9 -25.3 -799.5
20211201221830  -706.1 -25.0 -799.5
20211201221831  -706.3 -25.6 -799.9
20211201221832  -706.1 -25.9 -800.0
20211201221833  -706.2 -25.7 -800.0
20211201221834  -706.6 -25.6 -800.2
20211201221835  -706.8 -25.4 -800.2
20211201221836  -707.3 -25.4 -800.6
20211201221837  -707.4 -25.3 -800.7
20211201221838  -707.9 -25.5 -801.3
20211201221839  -708.3 -25.6 -801.4
20211201221840  -708.8 -25.8 -801.3
20211201221841  -709.4 -26.1 -801.3
20211201221842  -709.6 -26.5 -801.4
20211201221843  -710.0 -26.6 -800.9
20211201221844  -710.1 -26.4 -800.5
20211201221845  -710.1 -26.5 -800.5
20211201221846  -710.3 -26.4 -799.9
20211201221847  -710.9 -26.6 -800.6
20211201221848  -711.5 -26.4 -800.8
20211201221849  -711.7 -26.2 -800.9
20211201221850  -712.2 -26.3 -800.8
20211201221851  -711.9 -26.4 -801.1
20211201221852  -712.5 -26.1 -801.5
20211201221853  -713.1 -26.1 -801.9
20211201221854  -713.6 -26.4 -801.8
20211201221855  -714.2 -26.1 -802.3
20211201221856  -715.3 -26.2 -801.9
20211201221857  -715.4 -26.3 -802.2
20211201221858  -715.3 -26.6 -802.1
20211201221859  -715.4 -26.7 -801.8
20211201221900  -715.4 -27.0 -801.8
20211201221901  -715.5 -27.5 -801.9
20211201221902  -715.6 -27.3 -801.9
20211201221903  -715.9 -27.6 -802.2
20211201221904  -716.1 -27.7 -802.5
20211201221905  -716.4 -27.3 -802.7
20211201221906  -716.4 -26.8 -803.0
20211201221907  -716.7 -26.3 -803.0
20211201221908  -716.6 -26.0 -803.4
20211201221909  -717.0 -25.8 -804.0
20211201221910  -717.2 -25.7 -804.2
20211201221911  -717.8 -25.8 -804.5
20211201221912  -718.3 -25.7 -804.9
20211201221913  -719.0 -26.0 -804.5
20211201221914  -718.9 -26.2 -804.5
20211201221915  -719.2 -26.6 -804.6
20211201221916  -719.6 -27.1 -804.6
20211201221917  -720.6 -27.6 -804.9
20211201221918  -720.8 -28.0 -805.2
20211201221919  -721.0 -27.6 -805.1
20211201221920  -721.0 -27.5 -804.8
20211201221921  -721.1 -27.8 -804.9
20211201221922  -720.8 -27.7 -805.2
20211201221923  -720.7 -27.6 -805.5
20211201221924  -720.8 -27.9 -806.0
20211201221925  -721.0 -28.2 -806.3
20211201221926  -721.2 -28.3 -806.3
20211201221927  -721.2 -28.8 -806.6
20211201221928  -721.5 -28.6 -807.1
20211201221929  -721.7 -28.4 -807.5
20211201221930  -722.3 -28.2 -807.6
20211201221931  -722.4 -28.1 -807.5
20211201221932  -722.6 -27.8 -807.9
20211201221933  -723.3 -28.2 -808.4
20211201221934  -724.0 -28.8 -808.6
20211201221935  -724.9 -28.8 -808.9
20211201221936  -725.6 -28.7 -808.3
20211201221937  -726.0 -28.6 -808.3
20211201221938  -726.3 -28.9 -807.9
20211201221939  -726.6 -28.7 -807.4
20211201221940  -726.5 -28.8 -807.3
20211201221941  -726.1 -29.2 -807.4
20211201221942  -726.1 -29.0 -807.7
20211201221943  -726.1 -29.2 -807.8
20211201221944  -725.7 -28.3 -807.1
20211201221945  -725.3 -28.1 -807.1
20211201221946  -725.7 -28.0 -807.3
20211201221947  -726.3 -28.2 -808.0
20211201221948  -726.5 -28.7 -808.5
20211201221949  -726.7 -28.8 -808.7
20211201221950  -727.2 -29.4 -808.9
20211201221951  -727.2 -29.4 -809.0
20211201221952  -727.3 -29.7 -809.1
20211201221953  -727.9 -29.9 -809.2
20211201221954  -728.1 -30.2 -809.0
20211201221955  -728.7 -30.5 -809.4
20211201221956  -729.0 -30.5 -809.4
20211201221957  -729.5 -30.7 -810.2
20211201221958  -729.6 -30.3 -810.1
20211201221959  -729.9 -30.1 -810.7
20211201222000  -730.2 -30.1 -810.7
20211201222001  -730.3 -30.1 -810.7
20211201222002  -730.7 -29.5 -810.8
20211201222003  -730.5 -29.4 -811.1
20211201222004  -730.9 -29.6 -811.1
20211201222005  -731.3 -29.6 -810.6
20211201222006  -731.1 -29.8 -810.4
20211201222007  -731.5 -30.0 -810.1
20211201222008  -732.0 -30.0 -810.6
20211201222009  -732.4 -29.9 -810.3
20211201222010  -732.8 -29.8 -810.4
20211201222011  -733.0 -29.6 -810.2
20211201222012  -732.9 -29.3 -810.6
20211201222013  -732.9 -29.5 -810.6
20211201222014  -732.8 -29.7 -810.8
20211201222015  -732.7 -29.4 -810.5
20211201222016  -732.9 -29.7 -810.5
20211201222017  -733.4 -29.7 -811.1
20211201222018  -733.6 -30.1 -811.6
20211201222019  -734.0 -30.1 -811.9
20211201222020  -734.2 -30.2 -811.9
20211201222021  -734.5 -30.5 -812.0
20211201222022  -734.8 -30.8 -812.2
20211201222023  -734.6 -30.5 -811.8
20211201222024  -734.6 -30.4 -811.8
20211201222025  -734.1 -30.3 -812.2
20211201222026  -733.9 -30.7 -812.6
20211201222027  -733.6 -31.1 -813.1
20211201222028  -733.4 -31.5 -813.4
20211201222029  -733.6 -31.8 -813.4
20211201222030  -734.1 -31.8 -813.5
20211201222031  -734.2 -31.7 -813.5
20211201222032  -734.0 -31.9 -813.1
20211201222033  -734.5 -32.0 -813.0
20211201222034  -734.8 -31.5 -812.9
20211201222035  -734.6 -31.1 -812.8
20211201222036  -735.1 -30.9 -813.1
20211201222037  -735.4 -31.1 -813.2
20211201222038  -735.5 -31.5 -813.3
20211201222039  -735.5 -31.8 -813.4
20211201222040  -735.3 -32.2 -813.7
20211201222041  -735.5 -32.4 -814.3
20211201222042  -735.8 -32.7 -814.5
20211201222043  -735.8 -33.3 -814.8
20211201222044  -735.2 -33.3 -814.4
20211201222045  -735.2 -33.0 -813.9
20211201222046  -734.7 -32.7 -813.9
20211201222047  -735.3 -32.4 -814.3
20211201222048  -735.4 -32.6 -814.9
20211201222049  -736.2 -32.5 -815.2
20211201222050  -736.0 -32.7 -814.8
20211201222051  -735.9 -32.7 -815.0
20211201222052  -736.0 -32.8 -815.0
20211201222053  -736.1 -32.9 -815.0
20211201222054  -736.4 -33.1 -815.2
20211201222055  -736.7 -33.0 -815.3
20211201222056  -736.8 -33.0 -815.4
20211201222057  -737.3 -32.8 -815.5
20211201222058  -737.7 -32.4 -815.5
20211201222059  -737.6 -32.5 -815.6
20211201222100  -738.4 -32.0 -815.9
20211201222101  -738.7 -32.3 -816.1
20211201222102  -739.2 -32.0 -816.4
20211201222103  -739.8 -31.9 -816.7
20211201222104  -740.1 -31.8 -817.3
20211201222105  -740.7 -32.0 -817.2
20211201222106  -740.6 -32.0 -817.1
20211201222107  -740.6 -32.4 -817.0
20211201222108  -740.7 -32.5 -817.4
20211201222109  -740.6 -32.2 -817.6
20211201222110  -741.0 -32.4 -817.6
20211201222111  -741.2 -32.6 -817.6
20211201222112  -741.2 -32.5 -817.4
20211201222113  -741.2 -32.2 -817.5
20211201222114  -740.8 -31.8 -817.1
20211201222115  -740.8 -31.6 -817.1
20211201222116  -741.0 -31.6 -817.5
20211201222117  -741.2 -31.2 -817.6
20211201222118  -742.9 -31.4 -818.5
20211201222119  -743.4 -31.5 -818.8
20211201222120  -744.1 -31.2 -819.0
20211201222121  -744.4 -31.0 -818.5
20211201222122  -745.1 -31.3 -818.1
20211201222123  -745.4 -31.7 -818.1
20211201222124  -745.4 -31.7 -818.4
20211201222125  -745.4 -31.6 -818.4
20211201222126  -745.6 -31.4 -818.5
20211201222127  -745.8 -31.3 -818.7
20211201222128  -746.0 -31.2 -819.0
20211201222129  -746.4 -31.5 -819.5
20211201222130  -746.8 -31.9 -819.6
20211201222131  -747.4 -32.1 -819.6
20211201222132  -747.7 -31.9 -820.1
20211201222133  -748.2 -31.7 -820.8
20211201222134  -749.1 -31.9 -821.2
20211201222135  -750.3 -31.9 -821.2
20211201222136  -751.2 -31.7 -820.8
20211201222137  -752.1 -31.3 -820.0
20211201222138  -752.4 -30.6 -819.3
20211201222139  -752.4 -30.9 -818.7
20211201222140  -752.0 -31.4 -818.2
20211201222141  -752.1 -31.7 -818.1
20211201222142  -752.2 -32.5 -818.5
20211201222143  -752.1 -32.8 -818.4
20211201222144  -751.7 -33.3 -818.4
20211201222145  -751.7 -33.0 -818.3
20211201222146  -752.1 -33.1 -818.4
20211201222147  -752.6 -33.1 -818.3
20211201222148  -752.8 -33.1 -818.2
20211201222149  -754.4 -32.9 -818.9
20211201222150  -754.9 -33.1 -819.0
20211201222151  -755.5 -32.7 -818.9
20211201222152  -755.7 -32.6 -818.6
20211201222153  -755.7 -32.1 -818.6
20211201222154  -756.1 -31.6 -818.5
20211201222155  -756.4 -31.1 -818.7
20211201222156  -756.7 -31.0 -819.0
20211201222157  -757.2 -31.2 -819.2
20211201222158  -757.7 -31.2 -819.4
20211201222159  -758.3 -31.4 -820.2
20211201222200  -759.2 -31.5 -820.3
20211201222201  -760.1 -31.6 -820.4
20211201222202  -760.9 -31.5 -820.1
20211201222203  -761.6 -31.4 -819.9
20211201222204  -762.1 -31.5 -819.8
20211201222205  -761.9 -31.2 -819.0
20211201222206  -761.9 -31.4 -818.6
20211201222207  -761.8 -31.4 -818.3
20211201222208  -761.5 -31.6 -818.5
20211201222209  -761.4 -31.6 -818.9
20211201222210  -761.1 -31.7 -819.2
20211201222211  -761.1 -31.2 -819.8
20211201222212  -761.2 -31.3 -819.9
20211201222213  -761.4 -31.6 -820.1
20211201222214  -761.5 -31.8 -820.6
20211201222215  -761.4 -31.4 -820.5
20211201222216  -762.7 -31.4 -820.9
20211201222217  -763.3 -31.3 -820.5
20211201222218  -764.2 -30.7 -820.1
20211201222219  -764.1 -30.3 -819.6
20211201222220  -763.7 -30.1 -819.5
20211201222221  -763.3 -29.7 -819.6
20211201222222  -762.4 -29.9 -819.6
20211201222223  -762.1 -29.8 -820.1
20211201222224  -761.9 -29.9 -820.4
20211201222225  -761.9 -30.2 -820.1
20211201222226  -762.3 -30.5 -820.7
20211201222227  -762.3 -31.0 -820.5
20211201222228  -762.2 -30.9 -820.8
20211201222229  -762.6 -30.6 -820.9
20211201222230  -762.8 -30.5 -820.9
20211201222231  -762.9 -30.2 -820.9
20211201222232  -763.1 -30.6 -821.1
20211201222233  -763.2 -31.2 -820.9
20211201222234  -763.2 -32.0 -820.6
20211201222235  -762.9 -32.8 -820.7
20211201222236  -762.7 -33.3 -820.7
20211201222237  -762.2 -33.9 -820.6
20211201222238  -762.2 -33.9 -820.8
20211201222239  -761.9 -33.1 -821.0
20211201222240  -761.9 -32.7 -821.0
20211201222241  -761.4 -31.7 -821.0
20211201222242  -762.0 -31.3 -821.6
20211201222243  -762.3 -31.6 -821.8
20211201222244  -762.7 -31.6 -822.2
20211201222245  -762.3 -32.0 -822.1
20211201222246  -762.4 -32.6 -822.2
20211201222247  -762.4 -33.3 -822.1
20211201222248  -762.2 -33.6 -821.9
20211201222249  -762.0 -33.8 -822.1
20211201222250  -761.9 -34.0 -822.0
20211201222251  -761.9 -34.1 -822.2
20211201222252  -761.8 -34.5 -822.4
20211201222253  -762.0 -34.8 -822.3
20211201222254  -762.5 -34.4 -822.0
20211201222255  -762.6 -33.7 -822.2
20211201222256  -762.7 -32.7 -822.5
20211201222257  -762.3 -32.3 -822.5
20211201222258  -762.2 -32.0 -823.0
20211201222259  -762.0 -31.9 -823.5
20211201222300  -762.2 -32.6 -824.1
20211201222301  -762.3 -32.9 -824.4
20211201222302  -762.3 -33.5 -824.4
20211201222303  -762.6 -33.8 -824.7
20211201222304  -762.9 -34.0 -824.2
20211201222305  -762.6 -34.1 -823.7
20211201222306  -762.1 -34.3 -823.4
20211201222307  -761.1 -34.7 -822.9
20211201222308  -761.4 -34.7 -822.9
20211201222309  -762.1 -34.7 -822.9
20211201222310  -762.1 -34.9 -822.9
20211201222311  -762.4 -34.7 -823.2
20211201222312  -762.5 -34.2 -823.5
20211201222313  -762.9 -34.0 -823.7
20211201222314  -763.3 -33.8 -824.2
20211201222315  -763.7 -33.8 -824.2
20211201222316  -763.3 -33.7 -824.2
20211201222317  -763.3 -33.9 -824.2
20211201222318  -763.1 -33.9 -824.0
20211201222319  -762.9 -34.2 -823.9
20211201222320  -762.7 -34.4 -824.5
20211201222321  -762.3 -34.6 -824.1
20211201222322  -762.5 -34.3 -824.5
20211201222323  -762.7 -33.7 -824.8
20211201222324  -762.8 -32.8 -825.3
20211201222325  -763.0 -32.1 -825.5
20211201222326  -763.6 -32.1 -825.7
20211201222327  -763.8 -32.3 -825.2
20211201222328  -764.1 -32.6 -825.2
20211201222329  -764.1 -33.1 -824.8
20211201222330  -764.1 -33.5 -824.6
20211201222331  -763.9 -33.9 -824.7
20211201222332  -763.5 -34.4 -824.4
20211201222333  -762.7 -34.5 -823.9
20211201222334  -762.7 -34.3 -824.0
20211201222335  -762.5 -34.5 -824.1
20211201222336  -762.2 -34.1 -824.3
20211201222337  -762.2 -33.8 -824.5
20211201222338  -762.4 -33.2 -824.6
20211201222339  -762.0 -32.9 -824.6
20211201222340  -761.4 -33.2 -824.7
20211201222341  -761.2 -33.6 -824.1
20211201222342  -760.6 -33.9 -824.1
20211201222343  -759.9 -33.8 -823.7
20211201222344  -759.5 -33.9 -823.7
20211201222345  -758.9 -34.2 -824.0
20211201222346  -758.2 -34.1 -823.6
20211201222347  -758.0 -33.9 -823.5
20211201222348  -757.4 -33.5 -823.5
20211201222349  -757.0 -33.5 -823.9
20211201222350  -756.6 -33.2 -823.8
20211201222351  -756.5 -33.3 -824.3
20211201222352  -756.4 -33.3 -824.1
20211201222353  -756.3 -33.9 -823.9
20211201222354  -756.3 -34.1 -823.5
20211201222355  -755.8 -34.0 -823.2
20211201222356  -755.5 -34.5 -823.2
20211201222357  -755.5 -35.1 -822.9
20211201222358  -754.8 -35.7 -823.0
20211201222359  -754.1 -35.8 -822.7
20211201222400  -754.4 -35.7 -822.8
20211201222401  -754.5 -35.6 -823.4
20211201222402  -754.6 -35.6 -823.7
20211201222403  -754.6 -35.4 -823.7
20211201222404  -754.6 -35.7 -823.5
20211201222405  -754.8 -36.1 -823.4
20211201222406  -754.8 -35.7 -823.3
20211201222407  -754.9 -35.9 -823.7
20211201222408  -755.2 -36.5 -824.0
20211201222409  -755.2 -36.5 -824.2
20211201222410  -755.2 -36.7 -824.3
20211201222411  -755.2 -36.6 -824.2
20211201222412  -754.8 -36.9 -824.2
20211201222413  -754.8 -36.9 -824.3
20211201222414  -755.0 -37.5 -824.3
20211201222415  -755.2 -37.6 -824.1
20211201222416  -755.2 -38.0 -824.3
20211201222417  -755.1 -38.1 -824.6
20211201222418  -755.2 -37.6 -824.6
20211201222419  -755.5 -36.8 -824.8
20211201222420  -755.9 -36.3 -824.8
20211201222421  -756.4 -36.0 -824.8
20211201222422  -756.5 -35.6 -825.1
20211201222423  -757.3 -35.8 -825.1
20211201222424  -757.8 -36.3 -825.0
20211201222425  -757.7 -36.7 -824.6
20211201222426  -757.3 -36.8 -823.5
20211201222427  -756.9 -37.2 -822.7
20211201222428  -756.5 -36.8 -822.3
20211201222429  -755.8 -36.5 -822.4
20211201222430  -756.4 -36.0 -823.1
20211201222431  -756.1 -36.4 -823.2
20211201222432  -756.1 -36.3 -823.3
20211201222433  -755.8 -36.8 -823.1
20211201222434  -755.9 -37.0 -823.2
20211201222435  -756.1 -37.5 -823.2
20211201222436  -756.5 -37.6 -823.5
20211201222437  -756.8 -37.6 -823.5
20211201222438  -756.9 -37.9 -823.5
20211201222439  -757.2 -38.0 -823.7
20211201222440  -757.1 -38.2 -823.7
20211201222441  -757.4 -38.4 -823.7
20211201222442  -757.6 -38.2 -824.1
20211201222443  -758.1 -37.8 -824.6
20211201222444  -758.4 -37.5 -824.5
20211201222445  -758.6 -37.6 -824.6
20211201222446  -759.0 -37.8 -824.2
20211201222447  -759.0 -37.8 -823.8
20211201222448  -759.3 -37.7 -823.8
20211201222449  -759.4 -37.8 -823.9
20211201222450  -759.6 -37.8 -823.6
20211201222451  -759.7 -38.4 -823.3
20211201222452  -759.9 -38.3 -822.9
20211201222453  -759.7 -38.2 -822.8
20211201222454  -759.5 -38.4 -822.8
20211201222455  -759.1 -38.9 -822.7
20211201222456  -758.4 -38.7 -822.3
20211201222457  -757.9 -38.5 -821.7
20211201222458  -757.8 -38.1 -822.1
20211201222459  -757.4 -38.5 -821.7
20211201222500  -758.3 -38.7 -822.2
20211201222501  -758.2 -38.7 -822.3
20211201222502  -758.6 -38.8 -822.7
20211201222503  -759.2 -38.6 -823.1
20211201222504  -759.6 -38.5 -823.5
20211201222505  -760.3 -38.7 -823.7
20211201222506  -760.9 -38.9 -823.8
20211201222507  -761.4 -38.6 -823.5
20211201222508  -761.4 -38.5 -823.0
20211201222509  -761.7 -38.6 -822.8
20211201222510  -761.8 -38.6 -822.9
20211201222511  -761.6 -38.7 -822.7
20211201222512  -761.4 -38.9 -822.4
20211201222513  -761.2 -39.3 -822.4
20211201222514  -761.4 -39.5 -822.0
20211201222515  -761.2 -39.8 -821.9
20211201222516  -760.9 -39.9 -822.1
20211201222517  -760.8 -40.5 -822.5
20211201222518  -760.8 -40.5 -822.1
20211201222519  -760.8 -40.3 -822.3
20211201222520  -761.1 -39.6 -822.3
20211201222521  -761.2 -39.2 -822.8
20211201222522  -761.6 -39.3 -822.9
20211201222523  -761.8 -39.2 -822.3
20211201222524  -761.5 -39.4 -822.1
20211201222525  -761.7 -39.6 -821.8
20211201222526  -761.0 -40.2 -821.7
20211201222527  -760.3 -40.3 -821.4
20211201222528  -759.9 -39.9 -821.0
20211201222529  -760.0 -39.8 -821.1
20211201222530  -760.7 -39.6 -821.5
20211201222531  -761.0 -39.7 -821.7
20211201222532  -761.4 -39.4 -821.4
20211201222533  -761.4 -39.7 -821.2
20211201222534  -761.4 -39.6 -821.0
20211201222535  -761.4 -39.8 -820.4
20211201222536  -761.4 -39.8 -820.4
20211201222537  -761.2 -39.6 -820.0
20211201222538  -760.5 -39.3 -819.5
20211201222539  -760.5 -39.2 -819.2
20211201222540  -760.0 -38.8 -819.0
20211201222541  -759.6 -38.5 -818.8
20211201222542  -759.2 -38.6 -818.8
20211201222543  -758.6 -38.6 -818.6
20211201222544  -758.1 -38.7 -818.4
20211201222545  -757.8 -38.6 -818.4
20211201222546  -757.8 -38.4 -818.8
20211201222547  -757.9 -38.2 -818.6
20211201222548  -757.5 -37.9 -818.7
20211201222549  -757.5 -37.6 -818.6
20211201222550  -757.2 -37.6 -818.6
20211201222551  -757.3 -37.6 -818.6
20211201222552  -757.3 -37.7 -818.4
20211201222553  -757.1 -37.9 -818.1
20211201222554  -757.1 -37.4 -818.1
20211201222555  -757.0 -37.3 -817.9
20211201222556  -756.7 -37.3 -817.7
20211201222557  -756.5 -37.1 -817.5
20211201222558  -756.4 -36.8 -816.9
20211201222559  -756.4 -37.1 -816.6
20211201222600  -756.8 -36.9 -816.4
20211201222601  -757.0 -37.1 -816.2
20211201222602  -756.3 -37.1 -816.4
20211201222603  -756.2 -37.1 -816.5
20211201222604  -755.9 -36.7 -816.1
20211201222605  -756.2 -36.7 -816.3
20211201222606  -755.8 -36.4 -816.6
20211201222607  -755.9 -36.0 -816.7
20211201222608  -755.8 -35.5 -816.3
20211201222609  -756.1 -35.8 -816.5
20211201222610  -755.9 -36.2 -816.2
20211201222611  -755.8 -36.6 -815.7
20211201222612  -755.8 -36.4 -815.6
20211201222613  -755.6 -36.6 -815.4
20211201222614  -755.1 -36.3 -815.4
20211201222615  -754.6 -36.6 -815.6
20211201222616  -753.9 -36.6 -815.5
20211201222617  -754.0 -36.6 -816.0
20211201222618  -753.7 -36.5 -816.4
20211201222619  -754.0 -36.4 -816.7
20211201222620  -754.3 -36.1 -816.5
20211201222621  -754.4 -36.4 -816.3
20211201222622  -754.6 -36.4 -816.3
20211201222623  -754.9 -36.4 -815.5
20211201222624  -754.4 -36.1 -815.1
20211201222625  -754.5 -36.0 -814.9
20211201222626  -753.8 -36.3 -814.3
20211201222627  -753.1 -35.6 -813.8
20211201222628  -752.5 -35.4 -813.9
20211201222629  -752.1 -34.3 -813.4
20211201222630  -752.0 -33.7 -813.3
20211201222631  -752.4 -33.2 -813.9
20211201222632  -752.5 -33.2 -814.1
20211201222633  -752.4 -33.3 -814.0
20211201222634  -752.8 -33.3 -814.2
20211201222635  -752.7 -33.2 -814.3
20211201222636  -752.4 -33.1 -814.0
20211201222637  -752.2 -32.8 -813.3
20211201222638  -751.9 -32.9 -813.3
20211201222639  -751.5 -33.2 -813.3
20211201222640  -751.3 -33.0 -813.1
20211201222641  -751.2 -33.1 -813.0
20211201222642  -751.4 -32.9 -812.4
20211201222643  -751.0 -32.8 -812.7
20211201222644  -750.8 -33.0 -812.2
20211201222645  -750.3 -33.1 -812.2
20211201222646  -750.2 -32.8 -812.1
20211201222647  -750.0 -32.7 -812.0
20211201222648  -749.8 -32.3 -812.0
20211201222649  -749.3 -32.1 -811.7
20211201222650  -749.4 -31.8 -811.8
20211201222651  -749.3 -31.4 -811.7
20211201222652  -749.2 -31.1 -812.0
20211201222653  -749.8 -30.7 -811.6
20211201222654  -749.4 -30.7 -811.7
20211201222655  -749.6 -30.3 -811.4
20211201222656  -749.1 -30.7 -811.4
20211201222657  -748.4 -30.4 -810.9
20211201222658  -749.1 -30.3 -811.3
20211201222659  -749.1 -30.2 -811.2
20211201222700  -749.1 -30.1 -811.2
20211201222701  -749.2 -30.1 -811.3
20211201222702  -749.6 -30.0 -811.0
20211201222703  -749.7 -30.2 -811.1
20211201222704  -749.7 -30.1 -811.0
20211201222705  -749.8 -30.0 -811.0
20211201222706  -749.5 -29.7 -810.9
20211201222707  -749.8 -29.4 -810.7
20211201222708  -749.5 -29.4 -810.6
20211201222709  -749.6 -28.9 -810.7
20211201222710  -749.1 -28.5 -810.6
20211201222711  -749.2 -28.6 -810.7
20211201222712  -749.0 -28.2 -810.2
20211201222713  -749.0 -28.1 -810.2
20211201222714  -748.9 -27.7 -809.9
20211201222715  -748.9 -28.1 -809.9
20211201222716  -748.7 -28.2 -809.6
20211201222717  -748.6 -28.4 -809.3
20211201222718  -748.5 -28.6 -809.3
20211201222719  -748.2 -28.4 -809.3
20211201222720  -748.5 -28.0 -809.1
20211201222721  -748.1 -27.9 -809.3
20211201222722  -747.9 -27.8 -809.5
20211201222723  -747.5 -27.6 -808.8
20211201222724  -747.6 -27.4 -808.9
20211201222725  -748.3 -27.2 -809.2
20211201222726  -748.3 -26.8 -809.1
20211201222727  -748.2 -26.7 -809.2
20211201222728  -748.6 -27.0 -809.0
20211201222729  -748.6 -27.4 -809.3
20211201222730  -748.4 -27.7 -809.5
20211201222731  -748.5 -27.6 -809.6
20211201222732  -748.7 -27.5 -809.3
20211201222733  -748.7 -27.4 -809.4
20211201222734  -748.8 -27.2 -809.4
20211201222735  -749.1 -26.9 -809.6
20211201222736  -749.1 -27.2 -809.6
20211201222737  -749.4 -27.2 -809.8
20211201222738  -749.4 -27.5 -809.6
20211201222739  -749.8 -27.6 -809.3
20211201222740  -749.7 -27.5 -809.1
20211201222741  -749.5 -27.1 -809.0
20211201222742  -749.9 -27.1 -809.0
20211201222743  -750.2 -27.0 -809.0
20211201222744  -749.9 -26.8 -808.8
20211201222745  -750.2 -27.0 -808.9
20211201222746  -750.1 -27.1 -809.1
20211201222747  -750.2 -27.3 -809.2
20211201222748  -749.9 -27.4 -809.2
20211201222749  -749.4 -27.0 -808.4
20211201222750  -749.0 -27.1 -808.1
20211201222751  -749.7 -27.1 -808.6
20211201222752  -749.8 -27.4 -808.8
20211201222753  -749.6 -27.4 -808.8
20211201222754  -749.6 -27.6 -808.8
20211201222755  -750.0 -27.7 -808.9
20211201222756  -750.0 -28.0 -809.0
20211201222757  -750.0 -28.2 -809.2
20211201222758  -750.4 -27.9 -809.3
20211201222759  -750.4 -27.6 -809.4
20211201222800  -750.6 -27.8 -809.4
20211201222801  -750.8 -28.2 -809.2
20211201222802  -751.0 -28.1 -808.9
20211201222803  -751.1 -28.4 -809.0
20211201222804  -751.1 -28.6 -808.9
20211201222805  -751.2 -28.6 -808.8
20211201222806  -751.6 -28.3 -808.8
20211201222807  -751.4 -28.4 -808.6
20211201222808  -751.5 -28.7 -808.7
20211201222809  -751.5 -28.6 -809.0
20211201222810  -751.7 -28.9 -808.9
20211201222811  -752.0 -29.2 -808.9
20211201222812  -752.2 -28.9 -808.7
20211201222813  -752.2 -28.9 -808.3
