20211025210026  -651.6 -81.3 -177.9
20211025210027  -651.6 -81.2 -178.0
20211025210028  -651.4 -81.4 -178.2
20211025210029  -651.8 -81.3 -178.2
20211025210030  -651.8 -81.5 -178.0
20211025210031  -652.0 -81.7 -178.0
20211025210032  -651.7 -81.7 -178.2
20211025210033  -651.7 -81.5 -177.9
20211025210034  -651.7 -81.6 -178.0
20211025210035  -652.0 -81.5 -178.3
20211025210036  -651.8 -81.2 -178.1
20211025210037  -651.5 -81.5 -177.5
20211025210038  -650.9 -81.1 -177.3
20211025210039  -650.9 -81.4 -177.5
20211025210040  -650.5 -81.2 -177.3
20211025210041  -651.5 -81.4 -177.9
20211025210042  -651.8 -81.5 -178.1
20211025210043  -651.4 -80.9 -177.8
20211025210044  -651.6 -81.3 -177.6
20211025210045  -651.9 -81.2 -177.7
20211025210046  -651.9 -81.4 -177.7
20211025210047  -651.6 -81.2 -177.9
20211025210048  -651.7 -81.1 -177.9
20211025210049  -651.5 -81.3 -178.2
20211025210050  -651.6 -81.3 -178.2
20211025210051  -651.5 -81.4 -178.0
20211025210052  -651.9 -81.4 -178.3
20211025210053  -652.0 -81.5 -178.5
20211025210054  -652.0 -81.5 -178.3
20211025210055  -652.0 -81.6 -178.4
20211025210056  -651.9 -81.6 -178.7
20211025210057  -651.6 -81.6 -178.7
20211025210058  -651.9 -81.7 -178.7
20211025210059  -651.6 -81.6 -178.8
20211025210100  -651.8 -81.9 -178.8
20211025210101  -652.1 -81.8 -178.7
20211025210102  -651.9 -81.6 -178.4
20211025210103  -651.5 -81.7 -178.4
20211025210104  -651.9 -81.9 -178.7
20211025210105  -651.8 -81.8 -178.9
20211025210106  -651.8 -81.8 -178.8
20211025210107  -651.5 -81.8 -178.8
20211025210108  -651.1 -81.6 -178.5
20211025210109  -651.1 -81.6 -178.2
20211025210110  -651.3 -81.7 -178.5
20211025210111  -651.6 -81.7 -179.0
20211025210112  -651.8 -81.8 -179.0
20211025210113  -652.0 -81.7 -178.9
20211025210114  -652.1 -81.8 -178.9
20211025210115  -652.1 -82.1 -178.9
20211025210116  -652.0 -82.0 -178.8
20211025210117  -652.2 -81.8 -178.7
20211025210118  -652.2 -82.1 -178.8
20211025210119  -652.3 -82.1 -178.9
20211025210120  -652.3 -82.1 -179.0
20211025210121  -652.3 -82.0 -179.1
20211025210122  -652.2 -81.9 -178.9
20211025210123  -652.2 -81.9 -179.1
20211025210124  -652.1 -82.2 -179.2
20211025210125  -652.0 -82.2 -178.8
20211025210126  -651.9 -82.2 -179.0
20211025210127  -651.9 -82.4 -179.3
20211025210128  -651.9 -82.3 -178.9
20211025210129  -652.0 -82.1 -179.2
20211025210130  -652.2 -82.2 -179.1
20211025210131  -652.3 -82.3 -179.3
20211025210132  -652.3 -82.1 -179.0
20211025210133  -652.1 -82.3 -179.0
20211025210134  -652.3 -82.3 -179.0
20211025210135  -652.4 -82.3 -179.2
20211025210136  -652.4 -82.2 -179.3
20211025210137  -652.0 -82.5 -179.0
20211025210138  -651.6 -82.1 -178.7
20211025210139  -651.3 -82.1 -178.5
20211025210140  -651.7 -82.2 -178.5
20211025210141  -651.9 -82.2 -179.0
20211025210142  -652.0 -82.1 -179.1
20211025210143  -652.0 -82.2 -179.2
20211025210144  -652.0 -82.3 -179.3
20211025210145  -652.1 -82.1 -179.2
20211025210146  -652.1 -82.3 -178.9
20211025210147  -652.3 -82.7 -179.1
20211025210148  -652.5 -82.3 -179.1
20211025210149  -652.2 -82.2 -179.5
20211025210150  -652.2 -82.2 -179.4
20211025210151  -652.3 -82.5 -179.2
20211025210152  -652.3 -82.4 -179.1
20211025210153  -652.4 -82.6 -179.2
20211025210154  -652.4 -82.7 -179.5
20211025210155  -652.7 -82.7 -179.6
20211025210156  -652.6 -82.6 -179.4
20211025210157  -652.4 -82.7 -179.0
20211025210158  -652.5 -82.3 -179.0
20211025210159  -652.7 -82.7 -179.1
20211025210200  -652.8 -82.7 -179.4
20211025210201  -652.8 -82.8 -179.4
20211025210202  -653.0 -82.7 -179.6
20211025210203  -653.1 -83.1 -179.8
20211025210204  -653.3 -83.1 -179.7
20211025210205  -653.1 -83.0 -179.4
20211025210206  -653.4 -82.8 -179.5
20211025210207  -653.1 -83.2 -180.1
20211025210208  -652.8 -83.0 -179.4
20211025210209  -652.4 -82.8 -179.3
20211025210210  -653.2 -83.1 -180.0
20211025210211  -653.4 -82.9 -180.1
20211025210212  -653.5 -82.9 -179.8
20211025210213  -653.5 -83.0 -179.8
20211025210214  -653.5 -82.9 -179.7
20211025210215  -653.5 -83.0 -179.7
20211025210216  -653.4 -83.2 -179.6
20211025210217  -653.6 -83.2 -180.0
20211025210218  -653.7 -83.3 -179.8
20211025210219  -653.8 -83.3 -179.7
20211025210220  -653.5 -83.2 -179.7
20211025210221  -653.7 -83.2 -179.9
20211025210222  -653.7 -83.1 -179.9
20211025210223  -653.7 -83.1 -179.5
20211025210224  -653.9 -83.1 -179.5
20211025210225  -653.8 -82.9 -179.6
20211025210226  -653.8 -82.9 -179.9
20211025210227  -653.9 -83.0 -179.9
20211025210228  -653.8 -83.0 -179.7
20211025210229  -653.7 -83.1 -179.8
20211025210230  -653.9 -83.1 -179.5
20211025210231  -653.6 -83.3 -179.8
20211025210232  -654.0 -83.2 -180.2
20211025210233  -654.1 -83.0 -180.0
20211025210234  -653.9 -83.0 -180.1
20211025210235  -653.8 -82.8 -179.9
20211025210236  -653.8 -82.7 -179.8
20211025210237  -654.2 -83.0 -179.7
20211025210238  -653.3 -83.0 -179.1
20211025210239  -653.1 -83.0 -178.8
20211025210240  -654.0 -82.8 -179.2
20211025210241  -653.9 -82.8 -179.4
20211025210242  -654.0 -82.7 -179.6
20211025210243  -653.7 -83.1 -179.4
20211025210244  -653.8 -83.1 -180.0
20211025210245  -653.8 -83.0 -179.8
20211025210246  -653.9 -83.0 -179.8
20211025210247  -654.0 -83.0 -180.0
20211025210248  -654.0 -83.2 -179.7
20211025210249  -654.2 -83.3 -179.8
20211025210250  -654.1 -83.1 -179.8
20211025210251  -654.1 -83.5 -179.8
20211025210252  -654.2 -83.4 -180.0
20211025210253  -654.2 -83.5 -179.9
20211025210254  -654.1 -83.3 -179.7
20211025210255  -654.0 -83.2 -179.8
20211025210256  -654.1 -83.4 -179.9
20211025210257  -653.8 -83.4 -179.9
20211025210258  -654.0 -83.2 -180.0
20211025210259  -654.0 -83.1 -179.9
20211025210300  -653.9 -83.1 -179.8
20211025210301  -653.7 -83.1 -179.8
20211025210302  -654.0 -82.9 -179.7
20211025210303  -653.8 -83.1 -179.8
20211025210304  -654.0 -83.2 -180.0
20211025210305  -654.0 -83.7 -180.0
20211025210306  -654.1 -83.5 -180.1
20211025210307  -654.1 -83.7 -180.1
20211025210308  -653.3 -83.2 -179.5
20211025210309  -653.1 -83.6 -179.4
20211025210310  -653.6 -83.5 -179.6
20211025210311  -653.9 -83.9 -179.8
20211025210312  -653.8 -83.8 -179.6
20211025210313  -653.8 -83.8 -179.7
20211025210314  -653.9 -83.4 -179.9
20211025210315  -653.8 -83.3 -180.2
20211025210316  -653.8 -83.3 -180.2
20211025210317  -654.0 -83.2 -180.3
20211025210318  -654.1 -83.2 -180.0
20211025210319  -654.1 -83.1 -179.9
20211025210320  -654.2 -83.2 -180.1
20211025210321  -654.4 -83.2 -180.2
20211025210322  -654.3 -83.2 -180.5
20211025210323  -654.4 -83.3 -180.4
20211025210324  -654.4 -83.4 -180.5
20211025210325  -654.5 -83.5 -180.2
20211025210326  -654.5 -83.3 -179.8
20211025210327  -654.4 -83.4 -180.1
20211025210328  -654.6 -83.5 -180.3
20211025210329  -654.4 -83.4 -180.4
20211025210330  -654.4 -83.6 -180.4
20211025210331  -654.7 -83.4 -180.0
20211025210332  -654.6 -83.4 -180.3
20211025210333  -654.6 -83.4 -180.3
20211025210334  -654.5 -83.7 -180.4
20211025210335  -654.7 -83.7 -180.4
20211025210336  -654.5 -83.6 -180.3
20211025210337  -654.4 -83.4 -180.2
20211025210338  -653.9 -83.5 -179.7
20211025210339  -653.5 -83.5 -179.6
20211025210340  -653.5 -83.3 -179.8
20211025210341  -654.3 -83.4 -180.4
20211025210342  -654.6 -83.3 -180.3
20211025210343  -654.4 -83.5 -180.2
20211025210344  -654.4 -83.6 -180.4
20211025210345  -654.3 -83.5 -180.4
20211025210346  -654.6 -83.4 -180.3
20211025210347  -654.4 -83.5 -180.3
20211025210348  -654.7 -83.6 -180.3
20211025210349  -654.9 -83.9 -180.6
20211025210350  -654.7 -83.8 -180.6
20211025210351  -654.5 -83.8 -180.6
20211025210352  -654.9 -83.5 -180.6
20211025210353  -654.6 -83.9 -180.8
20211025210354  -654.9 -83.9 -180.9
20211025210355  -654.7 -83.8 -180.7
20211025210356  -654.8 -84.0 -180.3
20211025210357  -654.9 -83.9 -180.7
20211025210358  -654.7 -84.1 -180.9
20211025210359  -655.0 -83.9 -180.6
20211025210400  -655.0 -83.9 -180.7
20211025210401  -655.0 -83.8 -180.5
20211025210402  -654.7 -84.1 -180.5
20211025210403  -654.7 -84.0 -180.6
20211025210404  -654.9 -83.9 -180.2
20211025210405  -655.0 -83.9 -180.5
20211025210406  -654.7 -83.9 -180.3
20211025210407  -654.8 -83.7 -180.3
20211025210408  -654.6 -83.9 -179.8
20211025210409  -654.3 -83.7 -179.7
20211025210410  -654.4 -83.5 -179.8
20211025210411  -654.6 -83.7 -180.6
20211025210412  -654.8 -83.7 -180.3
20211025210413  -654.9 -83.7 -180.4
20211025210414  -654.9 -83.8 -180.6
20211025210415  -654.6 -83.8 -180.5
20211025210416  -654.8 -83.9 -180.8
20211025210417  -654.9 -83.7 -180.9
20211025210418  -654.7 -83.7 -180.6
20211025210419  -655.0 -83.6 -180.5
20211025210420  -654.7 -83.8 -180.5
20211025210421  -655.0 -83.9 -180.4
20211025210422  -654.8 -83.6 -180.6
20211025210423  -655.1 -83.6 -180.5
20211025210424  -654.6 -83.7 -180.5
20211025210425  -654.9 -83.8 -180.7
20211025210426  -654.6 -83.6 -180.6
20211025210427  -654.8 -83.6 -180.8
20211025210428  -654.9 -83.5 -180.8
20211025210429  -654.8 -83.2 -180.7
20211025210430  -654.8 -83.4 -180.7
20211025210431  -654.6 -83.3 -180.8
20211025210432  -654.7 -83.4 -180.9
20211025210433  -654.5 -83.5 -180.7
20211025210434  -654.9 -83.7 -180.7
20211025210435  -654.9 -83.6 -180.6
20211025210436  -654.6 -83.9 -181.0
20211025210437  -654.7 -83.6 -180.6
20211025210438  -654.0 -83.7 -180.7
20211025210439  -653.6 -83.3 -180.3
20211025210440  -653.5 -83.2 -179.8
20211025210441  -654.2 -83.3 -180.4
20211025210442  -654.1 -83.0 -180.3
20211025210443  -654.1 -83.4 -180.4
20211025210444  -654.1 -83.2 -180.5
20211025210445  -654.1 -83.2 -180.3
20211025210446  -654.0 -83.1 -180.1
20211025210447  -653.7 -83.5 -180.3
20211025210448  -653.6 -83.3 -180.1
20211025210449  -653.6 -83.2 -180.4
20211025210450  -654.1 -83.0 -180.3
20211025210451  -653.6 -83.0 -180.6
20211025210452  -653.5 -83.4 -180.6
20211025210453  -653.6 -83.4 -180.4
20211025210454  -653.6 -83.4 -180.9
20211025210455  -653.5 -83.2 -180.5
20211025210456  -653.4 -83.0 -180.5
20211025210457  -653.5 -83.1 -180.8
20211025210458  -653.2 -83.2 -180.6
20211025210459  -653.4 -83.1 -180.6
20211025210500  -653.5 -83.0 -180.8
20211025210501  -653.7 -83.1 -181.0
20211025210502  -653.2 -82.7 -180.8
20211025210503  -653.5 -82.7 -180.6
20211025210504  -653.4 -83.0 -180.7
20211025210505  -653.3 -82.8 -180.6
20211025210506  -653.3 -83.0 -180.6
20211025210507  -653.7 -82.9 -180.4
20211025210508  -653.1 -83.0 -180.4
20211025210509  -652.5 -82.5 -180.0
20211025210510  -652.6 -82.7 -180.2
20211025210511  -653.3 -82.8 -180.6
20211025210512  -653.2 -82.7 -180.5
20211025210513  -653.1 -83.0 -180.4
20211025210514  -653.3 -82.8 -180.9
20211025210515  -653.5 -82.7 -180.8
20211025210516  -653.4 -82.4 -180.7
20211025210517  -653.2 -82.4 -180.8
20211025210518  -653.6 -82.3 -180.7
20211025210519  -653.3 -82.2 -180.9
20211025210520  -653.6 -82.5 -181.0
20211025210521  -653.3 -82.1 -180.8
20211025210522  -653.7 -82.2 -180.9
20211025210523  -653.3 -82.3 -181.0
20211025210524  -653.7 -82.4 -180.9
20211025210525  -653.8 -82.5 -180.9
20211025210526  -653.9 -82.7 -180.8
20211025210527  -653.8 -82.6 -180.9
20211025210528  -654.0 -82.6 -180.7
20211025210529  -653.6 -82.7 -180.7
20211025210530  -653.8 -82.7 -180.7
20211025210531  -653.5 -82.4 -181.0
20211025210532  -654.1 -82.1 -181.1
20211025210533  -654.0 -82.8 -180.8
20211025210534  -653.4 -82.8 -180.7
20211025210535  -653.5 -82.5 -180.7
20211025210536  -653.6 -82.5 -180.8
20211025210537  -653.3 -82.4 -180.8
20211025210538  -653.1 -82.6 -180.7
20211025210539  -652.8 -82.6 -180.2
20211025210540  -653.1 -82.3 -179.9
20211025210541  -653.5 -82.3 -180.5
20211025210542  -653.6 -82.6 -180.7
20211025210543  -653.5 -82.8 -180.4
20211025210544  -653.6 -82.6 -180.9
20211025210545  -653.6 -82.9 -180.7
20211025210546  -653.5 -82.7 -181.0
20211025210547  -653.4 -82.7 -181.1
20211025210548  -653.4 -82.7 -181.0
20211025210549  -653.5 -83.0 -180.8
20211025210550  -653.3 -83.1 -180.6
20211025210551  -653.9 -83.2 -181.0
20211025210552  -653.5 -83.1 -181.0
20211025210553  -653.4 -83.2 -181.1
20211025210554  -653.6 -83.1 -180.9
20211025210555  -653.4 -83.3 -181.2
20211025210556  -653.7 -83.1 -181.1
20211025210557  -653.7 -83.1 -181.0
20211025210558  -653.8 -83.3 -181.1
20211025210559  -653.6 -83.4 -181.0
20211025210600  -653.6 -83.4 -181.0
20211025210601  -653.9 -83.3 -181.3
20211025210602  -653.7 -83.1 -181.1
20211025210603  -653.8 -82.8 -181.0
20211025210604  -654.0 -83.2 -181.1
20211025210605  -653.7 -83.3 -181.0
20211025210606  -654.0 -83.4 -180.9
20211025210607  -654.0 -83.2 -181.1
20211025210608  -653.8 -83.3 -180.9
20211025210609  -653.3 -83.1 -180.5
20211025210610  -653.7 -83.1 -180.7
20211025210611  -654.0 -83.3 -180.8
20211025210612  -654.1 -83.1 -180.9
20211025210613  -654.0 -83.2 -180.9
20211025210614  -654.0 -83.2 -180.9
20211025210615  -653.9 -83.2 -181.0
20211025210616  -653.8 -83.2 -180.9
20211025210617  -654.1 -83.1 -181.2
20211025210618  -654.1 -82.9 -181.0
20211025210619  -653.9 -83.5 -180.8
20211025210620  -653.9 -83.4 -180.8
20211025210621  -653.8 -83.3 -180.9
20211025210622  -653.8 -83.2 -180.9
20211025210623  -654.0 -83.3 -181.2
20211025210624  -654.0 -83.0 -181.2
20211025210625  -653.8 -83.3 -181.1
20211025210626  -653.9 -83.5 -181.3
20211025210627  -654.0 -83.6 -181.3
20211025210628  -654.0 -83.5 -181.3
20211025210629  -654.1 -83.3 -180.8
20211025210630  -654.2 -83.4 -181.1
20211025210631  -654.1 -83.3 -181.5
20211025210632  -654.2 -83.6 -181.3
20211025210633  -654.1 -83.7 -181.1
20211025210634  -654.0 -83.5 -181.2
20211025210635  -653.8 -83.4 -181.2
20211025210636  -653.8 -83.7 -181.1
20211025210637  -653.8 -83.6 -181.2
20211025210638  -653.9 -83.4 -181.2
20211025210639  -653.5 -83.3 -180.9
20211025210640  -654.1 -83.3 -180.8
20211025210641  -654.2 -83.5 -181.0
20211025210642  -654.0 -83.6 -181.2
20211025210643  -654.0 -83.5 -181.3
20211025210644  -653.9 -84.0 -181.1
20211025210645  -653.8 -83.7 -181.3
20211025210646  -654.0 -83.5 -181.2
20211025210647  -653.8 -83.7 -181.2
20211025210648  -653.9 -83.1 -181.0
20211025210649  -654.0 -83.4 -180.9
20211025210650  -654.2 -83.4 -181.2
20211025210651  -654.1 -83.2 -181.2
20211025210652  -654.0 -83.4 -181.3
20211025210653  -653.8 -83.4 -181.1
20211025210654  -653.9 -83.2 -181.5
20211025210655  -653.8 -83.1 -181.2
20211025210656  -654.1 -83.1 -181.1
20211025210657  -654.2 -83.2 -181.2
20211025210658  -654.0 -83.3 -181.4
20211025210659  -654.3 -83.1 -181.5
20211025210700  -654.2 -83.0 -181.3
20211025210701  -654.3 -83.2 -181.1
20211025210702  -654.7 -83.2 -181.2
20211025210703  -654.5 -83.1 -181.4
20211025210704  -654.4 -83.4 -181.3
20211025210705  -654.3 -83.3 -181.3
20211025210706  -654.2 -83.2 -181.2
20211025210707  -654.2 -83.2 -180.8
20211025210708  -654.2 -83.3 -180.9
20211025210709  -653.9 -83.2 -180.7
20211025210710  -654.3 -83.1 -181.1
20211025210711  -654.2 -83.4 -181.2
20211025210712  -654.3 -83.3 -181.3
20211025210713  -654.4 -83.4 -181.2
20211025210714  -654.1 -83.3 -181.0
20211025210715  -654.3 -83.3 -181.1
20211025210716  -654.6 -83.1 -181.2
20211025210717  -654.4 -83.1 -181.5
20211025210718  -654.3 -82.9 -181.5
20211025210719  -654.5 -82.8 -181.4
20211025210720  -654.1 -82.8 -181.4
20211025210721  -654.2 -83.1 -181.4
20211025210722  -654.3 -83.1 -181.2
20211025210723  -654.3 -83.0 -181.3
20211025210724  -654.5 -83.1 -181.4
20211025210725  -654.4 -83.0 -181.2
20211025210726  -654.3 -82.9 -181.3
20211025210727  -654.5 -83.0 -181.2
20211025210728  -654.3 -83.2 -181.4
20211025210729  -654.5 -83.3 -181.5
20211025210730  -654.5 -83.2 -181.3
20211025210731  -654.7 -83.4 -181.6
20211025210732  -654.6 -83.4 -181.5
20211025210733  -654.5 -83.1 -181.5
20211025210734  -654.8 -83.1 -181.7
20211025210735  -654.6 -83.2 -181.6
20211025210736  -654.7 -83.1 -181.8
20211025210737  -655.0 -83.1 -181.8
20211025210738  -654.8 -83.1 -181.8
20211025210739  -654.5 -83.2 -181.7
20211025210740  -654.8 -83.3 -181.6
20211025210741  -654.9 -83.4 -181.9
20211025210742  -654.9 -83.4 -181.7
20211025210743  -654.9 -83.4 -182.0
20211025210744  -655.1 -83.4 -181.7
20211025210745  -655.2 -83.1 -181.8
20211025210746  -655.3 -83.4 -182.1
20211025210747  -655.3 -83.4 -182.0
20211025210748  -655.0 -83.1 -182.2
20211025210749  -654.9 -83.4 -182.3
20211025210750  -655.0 -83.3 -182.3
20211025210751  -654.9 -83.2 -182.5
20211025210752  -655.1 -83.0 -182.5
20211025210753  -655.1 -83.4 -182.2
20211025210754  -655.2 -83.5 -182.3
20211025210755  -655.1 -83.6 -182.1
20211025210756  -655.0 -83.1 -182.3
20211025210757  -654.9 -83.3 -182.3
20211025210758  -655.0 -83.2 -182.2
20211025210759  -655.3 -83.5 -182.2
20211025210800  -655.1 -83.5 -182.6
20211025210801  -655.1 -83.3 -182.5
20211025210802  -655.2 -83.4 -182.5
20211025210803  -655.0 -83.5 -182.5
20211025210804  -655.1 -83.7 -182.6
20211025210805  -655.1 -83.3 -182.5
20211025210806  -655.2 -83.7 -182.4
20211025210807  -655.5 -83.7 -182.3
20211025210808  -655.3 -83.6 -182.4
20211025210809  -655.2 -83.5 -182.3
20211025210810  -654.9 -83.3 -182.1
20211025210811  -655.3 -83.4 -182.2
20211025210812  -655.2 -83.5 -182.1
20211025210813  -655.1 -83.3 -182.3
