20211202232638  -707.1 -86.1 -759.1
20211202232639  -707.1 -86.5 -759.2
20211202232640  -707.4 -86.3 -759.7
20211202232641  -707.5 -86.8 -759.7
20211202232642  -707.3 -86.4 -759.6
20211202232643  -707.4 -86.6 -759.6
20211202232644  -707.3 -86.7 -759.7
20211202232645  -707.4 -86.5 -759.5
20211202232646  -707.5 -86.6 -759.6
20211202232647  -707.1 -86.7 -759.6
20211202232648  -707.2 -86.7 -759.7
20211202232649  -707.0 -86.7 -759.9
20211202232650  -707.0 -86.9 -760.2
20211202232651  -707.1 -87.0 -759.8
20211202232652  -706.5 -87.0 -759.5
20211202232653  -706.2 -87.4 -759.5
20211202232654  -706.0 -87.4 -759.3
20211202232655  -706.6 -87.2 -759.7
20211202232656  -707.2 -87.4 -759.9
20211202232657  -707.0 -87.7 -760.2
20211202232658  -707.3 -87.8 -760.1
20211202232659  -707.3 -87.6 -760.0
20211202232700  -707.1 -87.6 -759.9
20211202232701  -707.5 -87.3 -759.8
20211202232702  -707.6 -87.3 -759.9
20211202232703  -707.8 -87.2 -760.0
20211202232704  -707.8 -87.2 -760.0
20211202232705  -707.7 -87.3 -759.9
20211202232706  -707.5 -87.5 -760.2
20211202232707  -707.5 -87.7 -760.3
20211202232708  -707.7 -87.4 -760.3
20211202232709  -707.7 -87.4 -760.5
20211202232710  -707.6 -87.7 -760.5
20211202232711  -707.8 -87.8 -760.6
20211202232712  -707.8 -88.1 -760.8
20211202232713  -707.8 -87.8 -760.7
20211202232714  -708.1 -87.7 -760.6
20211202232715  -708.1 -87.9 -760.7
20211202232716  -708.2 -87.6 -760.8
20211202232717  -707.8 -87.5 -760.8
20211202232718  -707.9 -87.5 -760.5
20211202232719  -707.5 -87.7 -760.0
20211202232720  -707.3 -87.5 -760.0
20211202232721  -708.0 -88.1 -760.7
20211202232722  -708.1 -88.1 -760.9
20211202232723  -708.4 -88.2 -761.0
20211202232724  -708.0 -88.1 -761.1
20211202232725  -708.0 -88.3 -761.0
20211202232726  -708.3 -88.1 -761.1
20211202232727  -708.4 -88.3 -761.3
20211202232728  -708.2 -88.5 -761.6
20211202232729  -708.3 -88.5 -761.7
20211202232730  -708.2 -88.4 -761.6
20211202232731  -708.3 -88.5 -761.9
20211202232732  -708.7 -88.6 -761.7
20211202232733  -708.6 -88.4 -761.2
20211202232734  -708.6 -88.8 -761.4
20211202232735  -708.3 -89.2 -761.6
20211202232736  -708.4 -89.2 -761.6
20211202232737  -708.5 -89.1 -762.0
20211202232738  -709.0 -89.0 -761.9
20211202232739  -709.1 -88.8 -761.9
20211202232740  -708.9 -88.8 -762.1
20211202232741  -709.4 -88.9 -762.0
20211202232742  -709.5 -89.1 -762.2
20211202232743  -709.4 -89.2 -762.1
20211202232744  -709.2 -89.7 -761.7
20211202232745  -708.5 -89.8 -761.6
20211202232746  -708.3 -89.5 -761.4
20211202232747  -709.0 -89.4 -762.1
20211202232748  -708.9 -89.3 -762.3
20211202232749  -709.3 -89.3 -762.7
20211202232750  -709.2 -89.2 -763.0
20211202232751  -709.7 -89.0 -762.8
20211202232752  -709.9 -89.1 -762.9
20211202232753  -710.0 -88.7 -763.4
20211202232754  -710.4 -88.5 -763.4
20211202232755  -710.6 -88.6 -763.5
20211202232756  -710.5 -88.5 -763.7
20211202232757  -710.9 -88.6 -763.8
20211202232758  -710.9 -88.6 -763.7
20211202232759  -711.2 -88.9 -764.1
20211202232800  -711.3 -89.0 -764.0
20211202232801  -711.5 -89.0 -764.4
20211202232802  -711.7 -89.2 -764.5
20211202232803  -712.2 -89.0 -764.7
20211202232804  -712.4 -89.1 -764.9
20211202232805  -712.7 -89.0 -764.9
20211202232806  -713.4 -89.3 -765.1
20211202232807  -713.6 -89.3 -765.3
20211202232808  -713.8 -89.6 -765.5
20211202232809  -713.8 -90.0 -765.4
20211202232810  -713.6 -90.2 -765.3
20211202232811  -713.5 -90.0 -765.0
20211202232812  -713.2 -89.8 -764.7
20211202232813  -713.8 -90.2 -765.3
20211202232814  -714.0 -90.2 -765.3
20211202232815  -713.8 -90.1 -765.6
20211202232816  -714.0 -90.1 -765.7
20211202232817  -714.1 -90.3 -765.7
20211202232818  -714.3 -90.7 -765.9
20211202232819  -714.7 -90.7 -766.2
20211202232820  -714.8 -90.6 -766.3
20211202232821  -715.0 -90.8 -766.0
20211202232822  -715.0 -91.0 -765.8
20211202232823  -714.8 -91.1 -765.9
20211202232824  -714.7 -91.2 -766.0
20211202232825  -714.3 -91.4 -766.1
20211202232826  -714.3 -91.9 -766.0
20211202232827  -714.2 -92.1 -766.1
20211202232828  -714.0 -92.2 -766.2
20211202232829  -713.8 -92.0 -766.6
20211202232830  -713.8 -91.8 -766.6
20211202232831  -714.2 -91.9 -766.5
20211202232832  -713.9 -92.2 -766.7
20211202232833  -714.3 -92.0 -766.9
20211202232834  -714.3 -92.3 -766.9
20211202232835  -714.3 -92.2 -766.7
20211202232836  -713.9 -92.4 -766.6
20211202232837  -713.4 -92.5 -766.3
20211202232838  -713.5 -92.4 -766.1
20211202232839  -714.0 -92.5 -766.6
20211202232840  -714.0 -92.6 -766.9
20211202232841  -714.1 -92.6 -766.8
20211202232842  -713.9 -92.7 -767.1
20211202232843  -713.8 -92.9 -767.1
20211202232844  -714.0 -92.9 -767.5
20211202232845  -714.1 -93.1 -767.6
20211202232846  -714.3 -93.0 -767.8
20211202232847  -714.7 -93.0 -767.9
20211202232848  -714.7 -92.8 -768.1
20211202232849  -715.0 -93.0 -767.9
20211202232850  -714.8 -92.7 -767.8
20211202232851  -715.5 -93.1 -768.2
20211202232852  -715.3 -93.2 -768.3
20211202232853  -715.2 -93.2 -768.0
20211202232854  -715.3 -93.6 -768.2
20211202232855  -715.3 -93.8 -768.6
20211202232856  -715.5 -93.7 -768.5
20211202232857  -715.6 -93.4 -768.9
20211202232858  -716.0 -93.6 -768.6
20211202232859  -716.2 -93.6 -768.9
20211202232900  -716.3 -93.5 -769.2
20211202232901  -716.5 -93.2 -769.5
20211202232902  -716.4 -93.4 -769.5
20211202232903  -716.4 -93.1 -768.9
20211202232904  -716.3 -93.0 -768.9
20211202232905  -717.3 -93.0 -769.7
20211202232906  -717.3 -93.0 -770.0
20211202232907  -717.8 -92.9 -769.8
20211202232908  -718.0 -93.2 -769.7
20211202232909  -718.2 -93.5 -769.9
20211202232910  -718.3 -93.2 -769.9
20211202232911  -718.5 -93.5 -770.2
20211202232912  -718.5 -93.4 -770.3
20211202232913  -718.7 -93.7 -770.3
20211202232914  -718.6 -93.6 -770.1
20211202232915  -719.0 -93.8 -770.2
20211202232916  -719.3 -93.9 -770.3
20211202232917  -719.4 -93.9 -770.0
20211202232918  -719.6 -93.9 -770.3
20211202232919  -719.6 -93.9 -770.3
20211202232920  -719.7 -94.2 -770.2
20211202232921  -719.9 -94.0 -770.1
20211202232922  -720.1 -93.9 -770.5
20211202232923  -720.2 -93.9 -770.7
20211202232924  -720.4 -93.8 -770.6
20211202232925  -720.3 -94.0 -770.4
20211202232926  -720.8 -93.9 -770.4
20211202232927  -721.1 -94.2 -770.4
20211202232928  -721.0 -94.3 -770.3
20211202232929  -720.6 -94.5 -769.7
20211202232930  -720.3 -94.2 -769.6
20211202232931  -720.7 -94.5 -769.6
20211202232932  -721.7 -94.7 -770.1
20211202232933  -721.9 -94.7 -770.5
20211202232934  -722.6 -94.7 -771.1
20211202232935  -722.9 -94.6 -771.2
20211202232936  -723.5 -94.5 -771.2
20211202232937  -724.1 -94.6 -771.3
20211202232938  -724.5 -94.8 -771.4
20211202232939  -724.6 -94.7 -771.4
20211202232940  -725.3 -94.8 -771.7
20211202232941  -725.5 -95.0 -771.8
20211202232942  -725.9 -95.3 -772.0
20211202232943  -726.7 -95.3 -772.3
20211202232944  -726.9 -95.4 -772.7
20211202232945  -727.6 -95.3 -772.9
20211202232946  -727.9 -95.7 -773.2
20211202232947  -728.2 -95.5 -773.4
20211202232948  -728.8 -95.7 -773.3
20211202232949  -729.3 -95.4 -773.5
20211202232950  -729.6 -95.3 -773.6
20211202232951  -729.7 -95.5 -773.3
20211202232952  -730.1 -95.6 -773.4
20211202232953  -730.1 -95.5 -773.4
20211202232954  -729.6 -95.9 -773.4
20211202232955  -729.6 -96.1 -772.8
20211202232956  -729.1 -95.9 -772.7
20211202232957  -729.1 -95.7 -772.6
20211202232958  -729.6 -95.9 -772.8
20211202232959  -729.9 -96.0 -773.2
20211202233000  -729.7 -95.8 -773.3
20211202233001  -730.0 -95.9 -773.3
20211202233002  -730.1 -96.0 -773.2
20211202233003  -730.3 -96.0 -773.3
20211202233004  -730.2 -95.8 -773.4
20211202233005  -730.3 -95.9 -773.8
20211202233006  -730.3 -96.1 -773.7
20211202233007  -730.5 -96.1 -774.0
20211202233008  -730.6 -96.4 -773.9
20211202233009  -730.8 -96.4 -773.8
20211202233010  -730.5 -96.8 -774.0
20211202233011  -730.4 -97.1 -773.6
20211202233012  -730.4 -97.1 -773.6
20211202233013  -730.2 -97.5 -773.6
20211202233014  -729.9 -97.8 -773.4
20211202233015  -729.8 -97.6 -773.6
20211202233016  -729.9 -97.5 -773.5
20211202233017  -730.1 -97.4 -773.8
20211202233018  -730.0 -97.5 -774.0
20211202233019  -730.0 -97.2 -774.0
20211202233020  -730.1 -97.3 -774.0
20211202233021  -729.3 -96.8 -773.2
20211202233022  -729.0 -97.1 -772.7
20211202233023  -728.8 -96.7 -773.0
20211202233024  -728.6 -96.6 -772.8
20211202233025  -728.9 -96.8 -773.3
20211202233026  -729.1 -97.0 -773.4
20211202233027  -729.4 -97.1 -773.4
20211202233028  -729.2 -97.3 -773.4
20211202233029  -729.1 -97.8 -773.5
20211202233030  -729.2 -97.8 -773.7
20211202233031  -729.3 -97.6 -773.6
20211202233032  -729.2 -97.5 -773.4
20211202233033  -728.9 -97.7 -773.4
20211202233034  -728.8 -97.6 -773.0
20211202233035  -728.9 -97.5 -773.1
20211202233036  -728.3 -97.1 -772.8
20211202233037  -728.4 -97.0 -772.7
20211202233038  -728.1 -96.9 -772.8
20211202233039  -727.7 -96.7 -772.8
20211202233040  -727.6 -96.8 -773.1
20211202233041  -727.4 -96.8 -772.9
20211202233042  -727.2 -97.0 -772.9
20211202233043  -727.1 -97.0 -772.7
20211202233044  -726.9 -97.1 -772.6
20211202233045  -726.7 -97.0 -772.7
20211202233046  -726.2 -97.1 -772.3
20211202233047  -725.7 -97.3 -772.2
20211202233048  -725.1 -97.0 -771.5
20211202233049  -724.6 -97.1 -771.2
20211202233050  -724.0 -96.9 -770.8
20211202233051  -724.3 -96.7 -770.8
20211202233052  -724.6 -96.9 -771.4
20211202233053  -724.6 -97.1 -771.4
20211202233054  -724.4 -96.9 -771.4
20211202233055  -724.2 -97.0 -771.6
20211202233056  -724.2 -97.1 -771.3
20211202233057  -724.1 -96.6 -771.5
20211202233058  -724.3 -96.8 -771.4
20211202233059  -724.2 -96.8 -771.5
20211202233100  -724.4 -96.6 -771.6
20211202233101  -724.5 -96.7 -771.7
20211202233102  -724.5 -96.7 -771.5
20211202233103  -724.5 -96.9 -771.5
20211202233104  -724.8 -96.7 -771.4
20211202233105  -724.4 -96.8 -771.6
20211202233106  -724.4 -96.8 -771.5
20211202233107  -724.4 -97.1 -771.7
20211202233108  -724.3 -97.2 -771.7
20211202233109  -724.3 -97.1 -771.3
20211202233110  -724.4 -97.0 -772.1
20211202233111  -724.2 -97.1 -771.6
20211202233112  -724.0 -97.1 -771.5
20211202233113  -723.6 -97.0 -771.6
20211202233114  -723.3 -96.9 -771.0
20211202233115  -723.0 -97.1 -770.8
20211202233116  -722.7 -96.7 -770.7
20211202233117  -723.0 -96.7 -770.6
20211202233118  -723.3 -96.7 -771.1
20211202233119  -723.9 -96.7 -771.6
20211202233120  -723.8 -96.4 -771.4
20211202233121  -724.1 -96.3 -771.7
20211202233122  -724.1 -96.0 -771.5
20211202233123  -724.3 -95.8 -771.7
20211202233124  -724.5 -95.7 -771.3
20211202233125  -724.2 -95.3 -771.6
20211202233126  -724.2 -95.3 -771.6
20211202233127  -724.3 -94.9 -771.7
20211202233128  -724.3 -94.7 -771.9
20211202233129  -724.2 -94.3 -771.6
20211202233130  -724.6 -94.1 -771.7
20211202233131  -724.6 -94.1 -771.8
20211202233132  -724.5 -94.2 -771.8
20211202233133  -724.3 -94.1 -772.1
20211202233134  -724.4 -94.2 -771.8
20211202233135  -724.2 -93.8 -771.7
20211202233136  -724.3 -93.9 -771.8
20211202233137  -724.4 -93.7 -771.7
20211202233138  -724.5 -93.8 -771.3
20211202233139  -724.2 -93.7 -771.3
20211202233140  -723.8 -93.3 -770.7
20211202233141  -723.3 -93.2 -770.4
20211202233142  -723.3 -93.1 -770.2
20211202233143  -723.1 -92.9 -769.8
20211202233144  -722.9 -92.8 -770.0
20211202233145  -723.2 -92.8 -770.5
20211202233146  -723.4 -93.0 -770.5
20211202233147  -723.3 -93.1 -770.4
20211202233148  -723.4 -93.1 -770.0
20211202233149  -723.0 -92.8 -770.1
20211202233150  -723.1 -92.7 -769.9
20211202233151  -722.6 -92.8 -770.3
20211202233152  -722.8 -92.8 -770.1
20211202233153  -722.9 -92.6 -770.4
20211202233154  -723.1 -92.5 -770.3
20211202233155  -723.0 -92.8 -770.0
20211202233156  -722.8 -92.5 -770.3
20211202233157  -722.9 -92.2 -770.1
20211202233158  -722.7 -92.0 -770.2
20211202233159  -722.3 -91.9 -770.2
20211202233200  -722.4 -91.9 -770.0
20211202233201  -722.1 -91.8 -770.1
20211202233202  -722.0 -91.4 -770.1
20211202233203  -722.1 -91.6 -769.9
20211202233204  -722.1 -92.2 -769.9
20211202233205  -722.0 -92.0 -769.7
20211202233206  -721.5 -91.8 -769.5
20211202233207  -721.0 -91.5 -769.2
20211202233208  -720.8 -91.2 -769.0
20211202233209  -720.5 -91.2 -768.4
20211202233210  -720.4 -90.9 -768.3
20211202233211  -720.1 -91.1 -768.2
20211202233212  -720.7 -90.6 -768.7
20211202233213  -720.8 -90.8 -768.7
20211202233214  -721.0 -90.4 -768.9
20211202233215  -721.0 -90.4 -768.7
20211202233216  -721.1 -90.5 -768.8
20211202233217  -721.0 -90.5 -768.9
20211202233218  -721.4 -90.9 -769.0
20211202233219  -721.1 -90.8 -768.9
20211202233220  -721.2 -91.0 -769.1
20211202233221  -721.5 -91.2 -769.1
20211202233222  -721.1 -91.0 -769.1
20211202233223  -721.0 -91.3 -769.2
20211202233224  -721.1 -91.6 -769.1
20211202233225  -720.8 -91.6 -769.2
20211202233226  -721.0 -91.5 -769.4
20211202233227  -721.2 -91.7 -769.4
20211202233228  -721.1 -91.5 -769.0
20211202233229  -721.5 -91.4 -769.0
20211202233230  -721.7 -91.5 -769.0
20211202233231  -721.8 -91.7 -769.0
20211202233232  -721.4 -91.8 -768.7
20211202233233  -720.9 -91.4 -768.0
20211202233234  -720.5 -91.3 -767.6
20211202233235  -720.3 -91.5 -767.6
20211202233236  -720.3 -91.7 -767.4
20211202233237  -719.9 -91.8 -767.5
20211202233238  -720.3 -91.4 -767.6
20211202233239  -720.7 -91.6 -768.0
20211202233240  -720.7 -91.9 -767.9
20211202233241  -720.9 -92.1 -767.8
20211202233242  -720.7 -92.1 -767.9
20211202233243  -720.7 -92.2 -767.6
20211202233244  -720.7 -92.2 -767.7
20211202233245  -721.0 -92.2 -767.7
20211202233246  -720.9 -92.3 -767.6
20211202233247  -721.0 -92.2 -767.7
20211202233248  -720.9 -92.1 -767.7
20211202233249  -721.4 -91.8 -767.7
20211202233250  -721.3 -92.0 -767.9
20211202233251  -721.1 -91.8 -767.9
20211202233252  -720.9 -91.7 -767.8
20211202233253  -721.1 -91.6 -768.1
20211202233254  -721.0 -91.4 -768.2
20211202233255  -721.2 -91.4 -767.9
20211202233256  -721.3 -91.3 -768.0
20211202233257  -721.5 -90.9 -767.9
20211202233258  -721.2 -91.0 -768.0
20211202233259  -721.0 -91.2 -767.7
20211202233300  -720.9 -91.0 -766.8
20211202233301  -720.6 -91.1 -767.0
20211202233302  -720.6 -90.9 -766.9
20211202233303  -720.5 -90.9 -766.7
20211202233304  -720.8 -90.7 -766.7
20211202233305  -721.0 -91.1 -767.4
20211202233306  -720.9 -91.0 -767.4
20211202233307  -721.0 -90.9 -767.2
20211202233308  -721.1 -91.2 -767.8
20211202233309  -721.2 -91.2 -767.4
20211202233310  -721.1 -91.3 -767.6
20211202233311  -721.2 -91.3 -767.5
20211202233312  -721.4 -91.4 -767.5
20211202233313  -721.3 -91.7 -767.6
20211202233314  -721.1 -91.7 -767.6
20211202233315  -721.2 -91.8 -767.5
20211202233316  -720.8 -91.5 -767.8
20211202233317  -721.1 -91.5 -767.8
20211202233318  -720.9 -91.4 -767.9
20211202233319  -720.7 -91.5 -767.8
20211202233320  -720.5 -91.7 -767.7
20211202233321  -720.4 -91.4 -767.7
20211202233322  -720.4 -91.5 -767.7
20211202233323  -720.1 -91.6 -767.8
20211202233324  -719.9 -91.8 -767.5
20211202233325  -719.3 -92.0 -767.2
20211202233326  -718.9 -92.0 -766.9
