-206.7
20211031221040  -991.7 0.1 -206.8
20211031221041  -991.3 0.2 -206.6
20211031221042  -990.4 0.4 -206.4
20211031221043  -989.3 0.4 -206.6
20211031221044  -988.5 0.8 -206.9
20211031221045  -987.7 0.6 -206.8
20211031221046  -987.0 0.2 -206.9
20211031221047  -985.9 0.7 -207.0
20211031221048  -985.0 0.8 -207.3
20211031221049  -984.5 1.2 -207.9
20211031221050  -984.0 1.2 -207.9
20211031221051  -983.5 1.3 -208.0
20211031221052  -982.5 1.5 -208.0
20211031221053  -982.1 1.7 -207.8
20211031221054  -981.3 1.9 -208.2
20211031221055  -980.5 2.1 -208.6
20211031221056  -980.0 2.7 -208.5
20211031221057  -979.2 3.0 -208.5
20211031221058  -978.7 4.1 -209.1
20211031221059  -978.6 4.2 -209.7
20211031221100  -978.0 4.1 -210.2
20211031221101  -977.8 4.6 -210.9
20211031221102  -977.4 5.1 -211.2
20211031221103  -977.1 5.1 -211.8
20211031221104  -976.7 5.4 -212.7
20211031221105  -976.2 5.3 -213.1
20211031221106  -975.8 5.3 -213.1
20211031221107  -975.4 5.1 -213.6
20211031221108  -974.7 5.3 -213.8
20211031221109  -973.9 5.5 -214.1
20211031221110  -973.3 5.9 -214.2
20211031221111  -972.7 5.8 -214.8
20211031221112  -972.1 5.8 -214.5
20211031221113  -971.7 6.1 -214.2
20211031221114  -971.3 6.8 -214.6
20211031221115  -970.5 7.0 -215.0
20211031221116  -969.9 7.1 -215.3
20211031221117  -969.2 7.0 -214.9
20211031221118  -968.4 7.0 -215.0
20211031221119  -968.1 7.4 -215.4
20211031221120  -967.5 7.4 -216.1
20211031221121  -967.5 8.2 -216.8
20211031221122  -967.1 8.4 -217.2
20211031221123  -966.6 8.6 -217.7
20211031221124  -966.4 8.8 -218.0
20211031221125  -966.1 8.6 -218.4
20211031221126  -965.5 8.8 -218.6
20211031221127  -964.9 8.6 -218.4
20211031221128  -964.3 8.9 -218.9
20211031221129  -963.7 9.0 -218.8
20211031221130  -963.2 9.2 -219.4
20211031221131  -962.6 9.3 -219.5
20211031221132  -962.0 9.2 -220.3
20211031221133  -961.3 9.2 -220.1
20211031221134  -960.4 9.3 -220.2
20211031221135  -959.4 9.3 -220.4
20211031221136  -958.5 9.1 -220.7
20211031221137  -957.8 9.2 -220.6
20211031221138  -957.0 9.1 -220.6
20211031221139  -955.9 9.0 -220.5
20211031221140  -954.8 9.4 -220.8
20211031221141  -954.4 9.6 -221.3
20211031221142  -953.3 10.1 -221.4
20211031221143  -952.2 10.1 -221.3
20211031221144  -951.4 10.1 -221.8
20211031221145  -950.8 10.0 -222.3
20211031221146  -950.0 9.7 -222.3
20211031221147  -949.1 9.5 -222.7
20211031221148  -948.4 9.1 -223.1
20211031221149  -947.8 9.2 -223.5
20211031221150  -947.7 9.7 -224.2
20211031221151  -947.4 10.1 -224.3
20211031221152  -947.1 10.3 -224.5
20211031221153  -946.4 10.2 -224.7
20211031221154  -945.8 10.4 -224.9
20211031221155  -945.0 10.3 -225.1
20211031221156  -944.5 10.5 -225.5
20211031221157  -943.8 10.5 -225.6
20211031221158  -942.9 10.6 -225.8
20211031221159  -941.9 10.4 -225.5
20211031221200  -941.0 10.8 -225.6
20211031221201  -939.8 11.3 -225.7
20211031221202  -938.9 11.8 -225.5
20211031221203  -937.9 11.9 -225.4
20211031221204  -936.5 12.0 -225.7
20211031221205  -935.6 12.2 -225.7
20211031221206  -934.9 12.7 -225.9
20211031221207  -934.2 12.9 -226.3
20211031221208  -933.5 13.2 -226.8
20211031221209  -933.1 13.8 -227.1
20211031221210  -931.8 14.5 -226.7
20211031221211  -931.8 14.4 -227.3
20211031221212  -931.0 14.4 -227.4
20211031221213  -930.4 14.5 -227.6
20211031221214  -929.9 14.7 -227.6
20211031221215  -929.3 14.9 -227.9
20211031221216  -929.1 15.0 -228.1
20211031221217  -928.6 15.3 -228.7
20211031221218  -928.6 15.2 -228.8
20211031221219  -928.1 15.0 -229.5
20211031221220  -927.7 15.3 -229.8
20211031221221  -927.4 15.4 -230.4
20211031221222  -926.9 15.5 -230.1
20211031221223  -926.3 15.1 -229.8
20211031221224  -925.7 15.2 -230.1
20211031221225  -925.4 15.6 -230.5
20211031221226  -925.0 15.8 -230.5
20211031221227  -924.5 15.5 -230.8
20211031221228  -924.4 15.7 -231.2
20211031221229  -924.2 15.3 -231.2
20211031221230  -924.0 16.0 -231.6
20211031221231  -923.5 16.2 -232.1
20211031221232  -923.2 16.4 -232.4
20211031221233  -923.0 16.4 -232.1
20211031221234  -922.5 16.6 -232.1
20211031221235  -922.2 16.7 -232.2
20211031221236  -922.0 17.2 -232.4
20211031221237  -921.6 17.2 -233.1
20211031221238  -921.1 17.5 -233.1
20211031221239  -921.0 17.3 -233.4
20211031221240  -920.1 17.2 -233.3
20211031221241  -919.7 17.3 -233.7
20211031221242  -918.9 17.5 -233.8
20211031221243  -918.5 17.5 -233.8
20211031221244  -917.9 17.1 -234.3
20211031221245  -916.9 17.1 -234.8
20211031221246  -916.5 16.7 -235.0
20211031221247  -916.0 16.2 -235.5
20211031221248  -915.6 15.7 -236.1
20211031221249  -915.3 15.3 -236.3
20211031221250  -914.7 15.3 -236.5
20211031221251  -914.3 15.1 -236.4
20211031221252  -914.0 15.4 -236.4
20211031221253  -913.8 15.5 -236.5
20211031221254  -913.7 15.3 -237.0
20211031221255  -913.0 15.0 -237.2
20211031221256  -913.2 14.7 -237.0
20211031221257  -912.9 14.9 -236.8
20211031221258  -912.5 14.6 -237.2
20211031221259  -911.9 14.3 -237.1
20211031221300  -911.5 14.5 -237.1
20211031221301  -911.1 14.3 -237.3
20211031221302  -910.5 14.3 -237.1
20211031221303  -910.0 14.0 -237.4
20211031221304  -909.5 13.7 -236.9
20211031221305  -908.9 13.9 -236.8
20211031221306  -908.7 13.7 -237.2
20211031221307  -908.4 13.7 -237.1
20211031221308  -908.0 13.9 -236.7
20211031221309  -907.6 14.0 -236.5
20211031221310  -907.2 14.0 -236.3
20211031221311  -907.0 14.0 -236.0
20211031221312  -906.9 14.1 -235.9
20211031221313  -906.2 14.4 -235.8
20211031221314  -905.8 14.5 -235.7
20211031221315  -905.4 15.0 -235.7
20211031221316  -905.4 15.5 -235.3
20211031221317  -905.4 16.0 -234.8
20211031221318  -905.6 16.2 -235.0
20211031221319  -905.4 16.5 -235.0
20211031221320  -905.4 16.8 -235.1
20211031221321  -905.4 16.7 -235.0
20211031221322  -905.3 16.6 -235.1
20211031221323  -905.5 16.4 -235.2
20211031221324  -905.9 17.0 -235.2
20211031221325  -905.8 17.0 -235.6
20211031221326  -906.5 17.7 -235.7
20211031221327  -906.9 17.9 -235.4
20211031221328  -907.1 18.1 -235.0
20211031221329  -907.1 18.3 -234.7
20211031221330  -907.1 18.7 -234.5
20211031221331  -907.4 19.2 -234.4
20211031221332  -907.4 19.2 -234.1
20211031221333  -907.7 19.3 -233.6
20211031221334  -907.5 20.1 -233.3
20211031221335  -907.8 20.4 -233.5
20211031221336  -908.3 20.8 -233.4
20211031221337  -908.6 21.1 -233.7
20211031221338  -908.9 21.7 -233.6
20211031221339  -909.1 21.9 -233.7
20211031221340  -909.0 21.9 -233.7
20211031221341  -909.1 21.9 -233.6
20211031221342  -909.6 22.1 -233.5
20211031221343  -910.1 22.1 -233.9
20211031221344  -910.5 22.0 -233.8
20211031221345  -911.3 22.5 -233.5
20211031221346  -911.9 23.1 -233.5
20211031221347  -912.5 23.7 -233.8
20211031221348  -913.2 24.0 -233.6
20211031221349  -913.5 23.9 -233.8
20211031221350  -914.1 24.0 -233.9
20211031221351  -914.4 23.8 -233.6
20211031221352  -914.8 23.7 -233.5
20211031221353  -915.0 23.5 -233.5
20211031221354  -915.0 23.5 -233.3
20211031221355  -915.4 23.6 -233.2
20211031221356  -915.4 23.5 -232.9
20211031221357  -915.9 23.5 -232.7
20211031221358  -916.2 23.3 -232.6
20211031221359  -916.6 23.6 -232.4
20211031221400  -916.9 23.5 -232.5
20211031221401  -917.3 23.8 -232.3
20211031221402  -917.3 23.8 -232.3
20211031221403  -917.7 23.1 -232.4
20211031221404  -917.6 23.0 -232.3
20211031221405  -918.0 23.0 -232.3
20211031221406  -918.1 22.9 -232.2
20211031221407  -918.2 22.7 -231.8
20211031221408  -918.8 23.7 -231.8
20211031221409  -919.4 24.4 -231.7
20211031221410  -919.8 24.4 -231.5
20211031221411  -919.6 24.8 -231.2
20211031221412  -919.8 25.3 -231.1
20211031221413  -920.0 25.3 -231.2
20211031221414  -920.3 25.5 -231.1
20211031221415  -920.2 25.6 -231.1
20211031221416  -920.9 25.7 -231.2
20211031221417  -921.3 26.2 -231.2
20211031221418  -921.7 26.5 -231.3
20211031221419  -921.8 26.6 -231.3
20211031221420  -922.5 27.0 -231.8
20211031221421  -923.2 27.3 -231.5
20211031221422  -923.8 27.7 -231.4
20211031221423  -924.4 27.6 -231.5
20211031221424  -924.8 27.5 -231.5
20211031221425  -925.5 27.4 -231.5
20211031221426  -926.0 27.3 -231.9
20211031221427  -926.5 26.9 -232.3
