6.0
20211030234835  -869.0 15.5 -287.1
20211030234836  -869.1 15.1 -287.5
20211030234837  -868.9 14.5 -287.2
20211030234838  -868.9 13.8 -287.2
20211030234839  -869.0 13.4 -287.1
20211030234840  -869.6 13.3 -286.8
20211030234841  -869.2 13.4 -286.5
20211030234842  -869.1 14.0 -285.9
20211030234843  -868.8 14.5 -285.1
20211030234844  -868.7 15.2 -285.1
20211030234845  -868.7 15.1 -285.3
20211030234846  -868.7 14.9 -285.3
20211030234847  -868.8 13.9 -285.7
20211030234848  -869.2 13.1 -286.0
20211030234849  -869.5 12.1 -285.9
20211030234850  -869.8 11.7 -286.2
20211030234851  -870.1 11.3 -286.4
20211030234852  -870.4 11.0 -286.4
20211030234853  -870.6 10.8 -285.8
20211030234854  -870.8 10.7 -285.3
20211030234855  -871.0 10.8 -285.0
20211030234856  -870.8 10.8 -285.1
20211030234857  -871.1 10.7 -284.8
20211030234858  -870.9 10.8 -284.6
20211030234859  -870.7 10.9 -284.3
20211030234900  -870.6 10.7 -284.4
20211030234901  -871.2 10.5 -284.5
20211030234902  -871.4 10.3 -284.5
20211030234903  -871.4 10.3 -284.8
20211030234904  -871.3 10.6 -284.0
20211030234905  -872.0 10.5 -284.6
20211030234906  -871.9 10.1 -284.3
20211030234907  -872.0 9.7 -284.2
20211030234908  -872.0 8.9 -283.9
20211030234909  -872.1 8.8 -283.4
20211030234910  -872.0 8.8 -282.8
20211030234911  -871.8 8.7 -282.4
20211030234912  -871.8 8.6 -282.2
20211030234913  -871.4 8.1 -282.1
20211030234914  -871.1 8.1 -281.9
20211030234915  -870.9 7.6 -281.4
20211030234916  -870.5 8.0 -280.8
20211030234917  -870.1 8.0 -280.4
20211030234918  -869.9 8.0 -280.3
20211030234919  -869.7 8.2 -280.5
20211030234920  -869.5 8.0 -280.5
20211030234921  -869.5 8.0 -280.9
20211030234922  -869.3 7.9 -280.3
20211030234923  -869.0 7.6 -280.6
20211030234924  -869.2 7.4 -280.4
20211030234925  -868.9 7.4 -280.6
20211030234926  -868.8 7.2 -280.7
20211030234927  -868.9 7.1 -280.8
20211030234928  -869.0 7.6 -281.0
20211030234929  -869.2 8.1 -281.4
20211030234930  -868.9 8.6 -281.1
20211030234931  -869.0 9.2 -280.8
20211030234932  -868.7 9.5 -280.3
20211030234933  -868.1 9.9 -279.8
20211030234934  -867.3 10.0 -279.3
20211030234935  -867.5 10.3 -279.3
20211030234936  -867.4 10.8 -279.3
20211030234937  -867.3 11.6 -279.3
20211030234938  -867.0 12.2 -279.4
20211030234939  -866.9 12.8 -279.1
20211030234940  -866.8 12.9 -279.2
20211030234941  -866.5 12.9 -279.2
20211030234942  -866.6 13.2 -279.1
20211030234943  -866.2 13.2 -278.8
20211030234944  -866.2 13.2 -278.5
20211030234945  -866.0 13.4 -277.7
20211030234946  -865.6 13.3 -277.1
20211030234947  -865.4 13.5 -276.5
20211030234948  -865.0 13.3 -276.2
20211030234949  -865.0 13.7 -276.1
20211030234950  -865.3 14.0 -275.8
20211030234951  -865.6 14.1 -275.9
20211030234952  -865.7 14.4 -276.3
20211030234953  -866.2 14.3 -276.5
20211030234954  -866.6 14.4 -276.8
20211030234955  -866.9 14.2 -277.1
20211030234956  -867.0 14.4 -277.5
20211030234957  -867.2 14.3 -277.3
20211030234958  -867.4 14.7 -277.1
20211030234959  -867.2 14.8 -276.7
20211030235000  -867.1 14.7 -276.1
20211030235001  -866.8 14.5 -275.2
20211030235002  -866.6 14.4 -274.5
20211030235003  -866.3 14.0 -274.2
20211030235004  -865.5 14.1 -273.3
20211030235005  -865.8 13.8 -273.3
20211030235006  -865.5 13.5 -273.6
20211030235007  -866.1 12.9 -273.9
20211030235008  -866.0 12.7 -274.0
20211030235009  -866.7 12.1 -274.2
20211030235010  -867.3 11.4 -274.7
20211030235011  -867.5 10.9 -274.8
20211030235012  -867.8 10.3 -274.6
20211030235013  -867.9 9.6 -274.3
20211030235014  -868.1 9.3 -273.9
20211030235015  -868.0 9.3 -273.3
20211030235016  -868.1 9.6 -272.5
20211030235017  -868.0 9.5 -272.4
20211030235018  -868.1 9.7 -272.1
20211030235019  -868.4 9.8 -272.2
20211030235020  -868.5 9.8 -271.9
20211030235021  -868.6 10.0 -271.9
20211030235022  -868.7 10.1 -271.5
20211030235023  -869.3 10.4 -271.3
20211030235024  -869.3 10.5 -271.4
20211030235025  -869.3 10.9 -271.2
20211030235026  -869.4 11.2 -271.4
20211030235027  -869.2 11.0 -271.2
20211030235028  -869.1 10.7 -271.1
20211030235029  -868.7 10.8 -270.9
20211030235030  -868.6 10.9 -270.0
20211030235031  -868.6 11.6 -269.9
20211030235032  -868.3 11.9 -269.7
20211030235033  -868.3 12.3 -269.8
20211030235034  -867.7 12.9 -269.5
20211030235035  -868.4 13.2 -269.9
20211030235036  -868.6 13.3 -270.2
20211030235037  -869.0 13.3 -270.2
20211030235038  -869.0 13.2 -270.7
20211030235039  -869.4 13.1 -270.4
20211030235040  -869.5 12.6 -270.7
20211030235041  -869.6 11.9 -270.8
20211030235042  -869.8 11.6 -270.7
20211030235043  -870.0 11.7 -270.4
20211030235044  -870.2 11.7 -270.3
20211030235045  -870.5 12.1 -270.1
20211030235046  -870.9 12.5 -269.5
20211030235047  -871.1 12.6 -269.5
20211030235048  -871.0 12.8 -269.6
20211030235049  -871.1 13.2 -269.6
20211030235050  -871.0 13.8 -269.5
20211030235051  -870.8 14.2 -269.6
20211030235052  -870.7 14.9 -269.9
20211030235053  -870.6 15.1 -270.0
20211030235054  -870.8 15.0 -270.2
20211030235055  -870.8 14.9 -270.3
20211030235056  -870.6 14.7 -270.5
20211030235057  -871.0 14.1 -270.6
20211030235058  -871.3 13.7 -271.0
20211030235059  -871.6 13.1 -271.2
20211030235100  -871.6 12.6 -271.6
20211030235101  -872.0 12.3 -271.4
20211030235102  -872.2 12.3 -271.1
20211030235103  -872.0 12.7 -270.4
20211030235104  -871.5 12.9 -270.1
20211030235105  -871.9 13.2 -270.2
20211030235106  -872.0 12.8 -270.2
20211030235107  -871.8 12.8 -269.8
20211030235108  -871.5 12.3 -269.9
20211030235109  -871.5 12.1 -270.2
20211030235110  -871.6 12.1 -270.3
20211030235111  -871.8 12.1 -270.3
20211030235112  -871.9 11.8 -270.3
20211030235113  -872.1 11.7 -270.1
20211030235114  -872.4 11.4 -270.7
20211030235115  -872.4 11.0 -271.0
20211030235116  -872.3 10.7 -271.1
20211030235117  -872.5 10.1 -271.2
20211030235118  -872.6 10.0 -270.8
20211030235119  -872.7 9.8 -271.1
20211030235120  -873.0 9.7 -271.0
20211030235121  -873.4 9.7 -271.6
20211030235122  -873.2 9.9 -272.0
20211030235123  -873.6 9.9 -271.7
20211030235124  -873.4 9.5 -271.8
20211030235125  -873.3 9.1 -271.7
20211030235126  -873.4 8.5 -272.0
20211030235127  -873.4 8.3 -272.3
20211030235128  -873.7 8.2 -272.4
20211030235129  -874.1 8.0 -272.7
20211030235130  -874.4 8.5 -272.6
20211030235131  -874.4 8.7 -272.4
20211030235132  -874.6 8.3 -272.2
20211030235133  -874.7 8.0 -272.1
20211030235134  -874.1 7.6 -271.4
20211030235135  -874.1 7.3 -271.3
20211030235136  -874.1 7.2 -271.0
20211030235137  -873.8 7.5 -270.2
20211030235138  -873.6 7.5 -270.1
20211030235139  -873.2 7.2 -269.4
20211030235140  -872.6 6.7 -269.1
20211030235141  -872.4 6.7 -268.8
20211030235142  -872.3 5.8 -268.8
20211030235143  -872.2 5.8 -268.7
20211030235144  -872.2 5.2 -268.7
20211030235145  -872.1 5.0 -268.4
20211030235146  -871.8 4.7 -268.4
20211030235147  -871.8 4.5 -268.4
20211030235148  -871.8 4.5 -268.3
20211030235149  -871.9 4.9 -268.7
20211030235150  -872.0 4.7 -268.9
20211030235151  -872.0 4.8 -269.2
20211030235152  -871.9 4.7 -269.5
20211030235153  -871.9 4.8 -269.9
20211030235154  -871.6 5.0 -269.9
20211030235155  -871.5 4.7 -270.1
20211030235156  -871.6 4.4 -270.3
20211030235157  -871.9 4.4 -270.2
20211030235158  -871.9 4.9 -270.5
20211030235159  -872.2 5.0 -270.6
20211030235200  -872.2 5.3 -270.5
20211030235201  -872.1 5.7 -270.5
20211030235202  -871.9 5.8 -270.7
20211030235203  -871.9 5.9 -270.7
20211030235204  -871.5 5.9 -270.7
20211030235205  -871.6 5.5 -270.4
20211030235206  -871.4 5.0 -270.6
20211030235207  -871.4 4.3 -270.6
20211030235208  -871.5 3.5 -270.6
20211030235209  -871.7 3.1 -270.8
20211030235210  -872.0 3.1 -270.6
20211030235211  -872.2 3.6 -270.0
20211030235212  -872.5 3.8 -269.4
20211030235213  -872.8 4.5 -269.7
20211030235214  -872.9 4.7 -269.6
20211030235215  -872.9 5.3 -269.6
20211030235216  -873.0 5.7 -269.7
20211030235217  -872.8 6.3 -269.6
20211030235218  -872.4 7.2 -269.0
20211030235219  -872.3 8.2 -268.6
20211030235220  -871.8 9.2 -268.0
20211030235221  -871.4 9.8 -267.7
20211030235222  -870.9 9.9 -267.0
20211030235223  -870.8 10.2 -266.7
