20211128221037  -772.1 -33.1 -244.8
20211128221038  -772.6 -33.2 -244.8
20211128221039  -772.9 -33.2 -245.1
20211128221040  -773.3 -33.4 -245.1
20211128221041  -773.5 -33.4 -245.2
20211128221042  -773.6 -33.6 -245.1
20211128221043  -773.9 -33.6 -245.2
20211128221044  -774.3 -34.1 -245.5
20211128221045  -773.7 -34.0 -244.6
20211128221046  -773.6 -33.5 -244.1
20211128221047  -773.3 -33.6 -243.7
20211128221048  -773.1 -33.3 -243.0
20211128221049  -772.7 -33.1 -242.9
20211128221050  -772.1 -33.2 -242.9
20211128221051  -771.7 -33.2 -242.6
20211128221052  -771.7 -32.9 -242.4
20211128221053  -771.7 -32.9 -242.2
20211128221054  -772.6 -33.0 -243.2
20211128221055  -772.9 -33.0 -243.2
20211128221056  -773.4 -33.0 -243.7
20211128221057  -773.7 -33.3 -243.8
20211128221058  -773.7 -33.5 -243.7
20211128221059  -773.8 -33.5 -244.0
20211128221100  -773.9 -33.8 -244.1
20211128221101  -774.0 -33.8 -244.1
20211128221102  -774.2 -33.8 -243.9
20211128221103  -773.7 -33.8 -244.0
20211128221104  -773.7 -33.9 -244.0
20211128221105  -774.2 -34.2 -243.9
20211128221106  -773.8 -34.1 -243.7
20211128221107  -773.9 -33.9 -243.7
20211128221108  -773.8 -33.9 -243.7
20211128221109  -773.5 -34.0 -243.5
20211128221110  -773.5 -34.0 -243.7
20211128221111  -773.3 -34.3 -244.0
20211128221112  -772.4 -34.1 -243.6
20211128221113  -771.9 -34.0 -243.4
20211128221114  -771.7 -33.8 -243.1
20211128221115  -771.6 -33.7 -242.8
20211128221116  -771.6 -33.6 -243.0
20211128221117  -771.1 -33.4 -242.7
20211128221118  -771.1 -33.4 -242.3
20211128221119  -770.8 -33.4 -242.0
20211128221120  -771.2 -33.3 -241.9
20211128221121  -771.9 -33.6 -242.8
20211128221122  -771.9 -33.9 -243.0
20211128221123  -771.9 -34.1 -243.2
20211128221124  -771.9 -34.2 -243.4
20211128221125  -772.0 -34.5 -243.3
20211128221126  -772.1 -34.3 -243.3
20211128221127  -772.2 -34.2 -243.5
20211128221128  -772.2 -34.6 -243.3
20211128221129  -772.0 -34.7 -243.2
20211128221130  -772.0 -34.9 -243.2
20211128221131  -771.8 -34.7 -243.6
20211128221132  -771.8 -34.5 -243.8
20211128221133  -771.9 -34.8 -243.7
20211128221134  -771.7 -34.9 -243.8
20211128221135  -771.9 -35.0 -243.8
20211128221136  -772.3 -35.3 -243.8
20211128221137  -772.1 -35.6 -244.2
20211128221138  -771.9 -35.8 -243.9
20211128221139  -771.5 -35.8 -243.2
20211128221140  -771.2 -35.7 -242.6
20211128221141  -770.6 -35.4 -242.2
20211128221142  -770.1 -35.3 -241.8
20211128221143  -769.5 -35.1 -241.4
20211128221144  -769.0 -35.0 -241.1
20211128221145  -768.4 -35.1 -240.9
20211128221146  -767.7 -35.0 -240.8
20211128221147  -767.3 -35.1 -240.5
20211128221148  -768.4 -35.1 -241.7
20211128221149  -768.4 -35.3 -242.1
20211128221150  -768.5 -35.3 -242.2
20211128221151  -768.6 -35.6 -242.5
20211128221152  -768.8 -35.8 -242.8
20211128221153  -769.1 -35.9 -242.5
20211128221154  -769.3 -35.8 -242.7
20211128221155  -769.4 -35.9 -242.5
20211128221156  -769.4 -35.9 -242.2
20211128221157  -769.5 -35.9 -242.7
20211128221158  -769.2 -36.1 -242.8
20211128221159  -769.2 -36.4 -242.8
20211128221200  -769.1 -36.5 -242.9
20211128221201  -769.0 -36.8 -242.9
20211128221202  -768.9 -36.9 -242.6
20211128221203  -768.6 -37.0 -242.3
20211128221204  -768.7 -37.7 -243.0
20211128221205  -768.0 -37.3 -242.7
20211128221206  -767.8 -37.2 -242.2
20211128221207  -767.1 -37.3 -241.5
20211128221208  -766.7 -36.7 -241.4
20211128221209  -766.0 -36.8 -241.1
20211128221210  -765.4 -36.7 -240.5
20211128221211  -764.9 -36.3 -240.2
20211128221212  -764.5 -36.2 -240.0
20211128221213  -763.4 -36.0 -239.4
20211128221214  -762.8 -36.0 -239.1
20211128221215  -763.2 -36.3 -239.9
20211128221216  -762.8 -36.3 -239.8
20211128221217  -762.3 -36.3 -239.7
20211128221218  -761.7 -35.9 -239.7
20211128221219  -761.3 -35.8 -239.5
20211128221220  -760.8 -36.1 -239.7
20211128221221  -760.5 -36.1 -239.8
20211128221222  -760.0 -36.0 -239.8
20211128221223  -759.5 -36.2 -239.7
20211128221224  -758.9 -36.1 -240.0
20211128221225  -758.5 -36.1 -240.2
20211128221226  -758.1 -36.1 -240.2
20211128221227  -757.3 -36.2 -240.2
20211128221228  -757.1 -36.1 -240.4
20211128221229  -756.5 -35.9 -240.4
20211128221230  -756.3 -36.1 -240.4
20211128221231  -756.5 -36.5 -241.0
20211128221232  -755.8 -36.1 -240.8
20211128221233  -754.9 -36.1 -240.2
20211128221234  -754.4 -35.9 -240.0
20211128221235  -753.5 -35.6 -239.7
20211128221236  -753.0 -35.5 -239.5
20211128221237  -752.4 -35.2 -239.2
20211128221238  -752.3 -35.1 -239.2
20211128221239  -751.8 -34.6 -238.8
20211128221240  -751.6 -34.6 -238.7
20211128221241  -751.6 -34.5 -238.5
20211128221242  -752.1 -34.7 -239.0
20211128221243  -751.9 -34.4 -239.2
20211128221244  -751.9 -34.8 -238.9
20211128221245  -751.5 -34.7 -239.0
20211128221246  -751.7 -34.6 -239.3
20211128221247  -751.6 -34.9 -239.6
20211128221248  -751.9 -34.6 -239.7
20211128221249  -752.2 -34.7 -240.0
20211128221250  -752.3 -35.0 -239.9
20211128221251  -752.3 -35.1 -240.1
20211128221252  -752.1 -35.1 -239.8
20211128221253  -752.0 -34.9 -239.9
20211128221254  -752.2 -34.4 -239.6
20211128221255  -752.1 -35.0 -239.4
20211128221256  -752.0 -35.1 -240.1
20211128221257  -752.2 -35.2 -240.0
20211128221258  -752.3 -35.1 -240.5
20211128221259  -751.7 -35.3 -240.0
20211128221300  -751.3 -35.1 -239.6
20211128221301  -750.9 -34.6 -239.2
20211128221302  -750.8 -34.7 -239.0
20211128221303  -750.8 -34.5 -239.0
20211128221304  -750.7 -34.4 -238.8
20211128221305  -750.1 -34.4 -238.4
20211128221306  -749.8 -34.3 -238.3
20211128221307  -749.6 -34.2 -237.7
20211128221308  -749.8 -34.1 -237.6
20211128221309  -750.1 -34.4 -237.9
20211128221310  -749.8 -34.5 -238.2
20211128221311  -749.9 -34.8 -238.2
20211128221312  -750.0 -34.8 -238.6
20211128221313  -750.1 -34.6 -238.8
20211128221314  -750.2 -34.6 -238.5
20211128221315  -750.2 -34.5 -238.5
20211128221316  -749.9 -34.2 -238.3
20211128221317  -749.8 -34.0 -237.8
20211128221318  -749.8 -33.9 -238.1
20211128221319  -749.2 -34.0 -238.2
20211128221320  -749.2 -33.8 -238.2
20211128221321  -749.0 -34.0 -238.2
20211128221322  -748.7 -34.0 -238.4
20211128221323  -748.7 -34.1 -238.4
20211128221324  -748.6 -34.3 -238.5
20211128221325  -748.4 -34.4 -238.4
20211128221326  -748.1 -33.6 -238.0
20211128221327  -747.5 -33.8 -237.6
20211128221328  -747.5 -33.5 -237.3
20211128221329  -747.3 -33.1 -237.2
20211128221330  -747.1 -32.6 -236.8
20211128221331  -746.8 -32.4 -236.5
20211128221332  -746.5 -32.3 -236.1
20211128221333  -745.9 -32.3 -235.9
20211128221334  -745.9 -32.2 -235.7
20211128221335  -746.2 -32.1 -235.7
20211128221336  -746.6 -32.2 -236.2
20211128221337  -747.0 -32.2 -236.6
20211128221338  -747.5 -32.2 -236.8
20211128221339  -747.6 -32.4 -237.1
20211128221340  -748.2 -32.2 -237.3
20211128221341  -748.6 -32.2 -237.5
20211128221342  -749.3 -32.2 -237.4
20211128221343  -749.9 -32.5 -237.7
20211128221344  -750.0 -32.5 -237.5
20211128221345  -750.6 -32.6 -237.4
20211128221346  -751.0 -32.6 -237.6
20211128221347  -751.6 -32.7 -237.9
20211128221348  -752.2 -32.8 -238.1
20211128221349  -753.0 -32.6 -238.0
20211128221350  -753.4 -32.9 -237.8
20211128221351  -754.1 -32.8 -238.0
20211128221352  -754.1 -32.9 -238.1
20211128221353  -754.1 -32.4 -237.8
20211128221354  -754.2 -32.2 -237.5
20211128221355  -754.6 -32.2 -237.1
20211128221356  -754.5 -32.2 -236.8
20211128221357  -754.3 -32.1 -236.4
20211128221358  -754.3 -31.8 -235.9
20211128221359  -754.2 -31.7 -235.8
20211128221400  -754.1 -31.7 -235.2
20211128221401  -754.2 -31.6 -234.8
20211128221402  -755.2 -31.9 -235.2
20211128221403  -755.7 -31.9 -235.5
20211128221404  -755.7 -31.6 -235.5
20211128221405  -755.7 -31.9 -235.4
20211128221406  -755.9 -32.1 -235.1
20211128221407  -755.7 -32.0 -235.3
20211128221408  -755.6 -32.1 -235.3
20211128221409  -755.6 -32.3 -235.2
20211128221410  -755.2 -32.1 -235.1
20211128221411  -754.9 -32.2 -234.8
20211128221412  -754.8 -31.9 -234.8
