20211110184633  -666.4 -87.2 -185.6
20211110184634  -666.3 -87.1 -185.4
20211110184635  -666.3 -87.1 -185.2
20211110184636  -666.0 -87.3 -185.2
20211110184637  -666.1 -87.0 -185.2
20211110184638  -666.0 -87.1 -185.2
20211110184639  -665.6 -87.4 -184.9
20211110184640  -665.1 -87.3 -184.4
20211110184641  -665.6 -87.0 -184.5
20211110184642  -666.0 -87.2 -185.2
20211110184643  -665.8 -87.1 -185.1
20211110184644  -665.8 -87.1 -185.3
20211110184645  -665.7 -87.0 -185.1
20211110184646  -665.9 -87.3 -185.2
20211110184647  -665.8 -87.3 -185.4
20211110184648  -665.8 -86.9 -185.2
20211110184649  -665.9 -87.0 -185.3
20211110184650  -665.8 -86.8 -185.1
20211110184651  -666.0 -86.7 -184.8
20211110184652  -665.8 -87.0 -185.2
20211110184653  -665.6 -87.1 -185.2
20211110184654  -665.8 -87.2 -185.1
20211110184655  -665.9 -87.1 -185.1
20211110184656  -665.9 -87.2 -184.9
20211110184657  -665.9 -87.2 -185.1
20211110184658  -665.8 -87.1 -185.1
20211110184659  -665.8 -87.5 -184.9
20211110184700  -665.9 -87.1 -185.2
20211110184701  -665.7 -87.3 -185.2
20211110184702  -665.8 -87.5 -185.3
20211110184703  -665.7 -87.2 -185.6
20211110184704  -665.8 -86.9 -185.4
20211110184705  -666.0 -86.9 -185.3
20211110184706  -665.9 -87.2 -185.3
20211110184707  -665.9 -87.1 -185.0
20211110184708  -665.8 -87.2 -185.1
20211110184709  -665.2 -87.3 -185.0
20211110184710  -664.9 -87.0 -184.6
20211110184711  -665.5 -87.1 -184.9
20211110184712  -665.6 -87.3 -185.4
20211110184713  -665.7 -87.4 -185.3
20211110184714  -665.6 -87.5 -185.5
20211110184715  -665.7 -87.7 -185.3
20211110184716  -665.6 -87.4 -185.3
20211110184717  -665.8 -87.8 -185.6
20211110184718  -665.6 -87.6 -185.4
20211110184719  -665.6 -87.4 -185.3
20211110184720  -665.7 -87.3 -185.4
20211110184721  -666.2 -87.4 -185.2
20211110184722  -666.1 -87.5 -185.3
20211110184723  -665.8 -87.5 -185.3
20211110184724  -666.2 -87.2 -185.2
20211110184725  -665.8 -87.2 -185.1
20211110184726  -666.0 -87.3 -185.3
20211110184727  -666.0 -87.3 -185.0
20211110184728  -665.8 -87.5 -185.3
20211110184729  -665.5 -87.5 -185.3
20211110184730  -665.8 -87.5 -185.0
20211110184731  -665.9 -87.3 -185.4
20211110184732  -666.1 -87.1 -185.1
20211110184733  -666.1 -87.3 -185.0
20211110184734  -666.0 -87.1 -185.2
20211110184735  -666.0 -87.5 -185.3
20211110184736  -666.2 -87.3 -185.2
20211110184737  -666.0 -87.3 -185.3
20211110184738  -665.7 -87.2 -185.3
20211110184739  -665.6 -87.4 -185.5
20211110184740  -665.2 -87.5 -185.2
20211110184741  -666.0 -87.6 -185.8
20211110184742  -666.3 -87.6 -185.7
20211110184743  -666.4 -87.5 -185.7
20211110184744  -666.5 -87.7 -185.7
20211110184745  -666.5 -87.5 -185.7
20211110184746  -666.4 -87.4 -185.8
20211110184747  -666.1 -87.4 -185.6
20211110184748  -666.2 -87.5 -185.4
20211110184749  -665.9 -87.4 -185.3
20211110184750  -665.9 -87.5 -185.4
20211110184751  -665.8 -87.1 -185.5
20211110184752  -666.1 -87.5 -185.4
20211110184753  -665.9 -87.6 -185.3
20211110184754  -666.0 -87.5 -185.6
20211110184755  -666.0 -87.9 -185.4
20211110184756  -666.2 -87.6 -185.5
20211110184757  -666.4 -87.7 -185.5
20211110184758  -666.1 -87.4 -185.5
20211110184759  -666.0 -87.5 -185.5
20211110184800  -665.9 -87.6 -185.6
20211110184801  -666.1 -87.5 -185.7
20211110184802  -666.1 -87.5 -185.7
20211110184803  -666.1 -87.6 -186.0
20211110184804  -666.2 -87.6 -185.7
20211110184805  -666.0 -87.6 -185.7
20211110184806  -666.0 -87.3 -185.6
20211110184807  -665.9 -87.5 -185.5
20211110184808  -665.8 -87.6 -185.4
20211110184809  -665.7 -87.6 -185.4
20211110184810  -665.1 -87.2 -185.0
20211110184811  -665.7 -87.4 -185.1
20211110184812  -665.9 -87.5 -185.6
20211110184813  -665.8 -87.5 -185.5
20211110184814  -665.8 -87.5 -185.3
20211110184815  -665.8 -87.3 -185.2
20211110184816  -665.8 -87.5 -185.5
20211110184817  -665.9 -87.6 -185.3
20211110184818  -665.8 -87.3 -185.3
20211110184819  -665.9 -87.2 -185.2
20211110184820  -666.1 -87.3 -185.4
20211110184821  -666.1 -87.6 -185.1
20211110184822  -666.1 -87.5 -185.3
20211110184823  -665.9 -87.5 -185.3
20211110184824  -665.8 -87.5 -185.4
20211110184825  -666.2 -87.6 -185.4
20211110184826  -666.0 -87.4 -185.1
20211110184827  -666.1 -87.6 -185.1
20211110184828  -666.1 -87.6 -185.4
20211110184829  -666.1 -87.8 -185.3
20211110184830  -666.3 -87.5 -185.5
20211110184831  -666.0 -87.5 -185.3
20211110184832  -666.0 -87.6 -185.5
20211110184833  -666.0 -87.4 -185.5
20211110184834  -666.1 -87.4 -185.5
20211110184835  -666.5 -87.7 -185.3
20211110184836  -666.4 -87.5 -185.1
20211110184837  -666.3 -87.6 -185.4
20211110184838  -666.5 -87.4 -185.3
20211110184839  -665.8 -87.9 -185.4
20211110184840  -665.2 -87.8 -184.6
20211110184841  -665.6 -87.6 -184.8
20211110184842  -666.0 -87.6 -185.2
20211110184843  -665.9 -87.7 -185.0
20211110184844  -666.1 -87.4 -184.9
20211110184845  -665.8 -87.6 -185.0
20211110184846  -666.0 -87.5 -185.1
20211110184847  -666.1 -87.6 -185.2
20211110184848  -666.0 -87.5 -185.1
20211110184849  -665.9 -87.7 -185.3
20211110184850  -665.8 -87.4 -185.5
20211110184851  -665.9 -87.6 -185.3
20211110184852  -665.9 -87.8 -185.3
20211110184853  -666.0 -87.4 -185.0
20211110184854  -665.6 -87.4 -184.8
20211110184855  -665.8 -87.5 -185.1
20211110184856  -665.7 -87.5 -185.0
20211110184857  -665.8 -87.6 -185.4
20211110184858  -665.9 -87.5 -185.7
20211110184859  -665.8 -87.4 -185.5
20211110184900  -666.1 -87.7 -185.4
20211110184901  -666.1 -87.8 -185.4
20211110184902  -666.3 -87.5 -185.4
20211110184903  -665.9 -87.8 -185.5
20211110184904  -665.8 -87.8 -185.4
20211110184905  -666.1 -87.9 -185.5
20211110184906  -666.2 -88.0 -185.6
20211110184907  -666.1 -87.9 -185.6
20211110184908  -666.2 -87.7 -185.4
20211110184909  -665.7 -87.9 -185.5
20211110184910  -665.1 -87.7 -185.2
20211110184911  -665.4 -87.2 -185.4
20211110184912  -665.9 -87.3 -185.4
20211110184913  -666.0 -87.6 -185.5
20211110184914  -666.0 -88.1 -185.7
20211110184915  -665.7 -87.8 -186.0
20211110184916  -665.8 -87.8 -185.6
20211110184917  -665.8 -87.9 -185.6
20211110184918  -665.9 -87.9 -185.5
20211110184919  -665.7 -88.0 -185.4
20211110184920  -665.9 -88.0 -185.5
20211110184921  -665.8 -88.0 -185.5
20211110184922  -665.9 -87.7 -185.5
20211110184923  -665.9 -87.8 -185.7
20211110184924  -665.7 -87.7 -185.1
20211110184925  -666.0 -87.7 -185.0
20211110184926  -665.9 -87.8 -185.2
20211110184927  -666.1 -87.8 -185.0
20211110184928  -666.0 -87.8 -185.2
20211110184929  -666.0 -87.6 -185.3
20211110184930  -666.1 -87.8 -185.5
20211110184931  -666.2 -88.1 -185.5
20211110184932  -665.9 -87.9 -185.4
20211110184933  -666.3 -88.0 -185.6
20211110184934  -665.8 -87.8 -185.5
20211110184935  -665.9 -88.2 -185.4
20211110184936  -665.6 -87.9 -185.4
20211110184937  -665.6 -88.2 -185.6
20211110184938  -665.5 -87.9 -185.5
20211110184939  -665.3 -87.7 -185.3
20211110184940  -664.9 -87.6 -184.9
20211110184941  -664.7 -87.3 -184.6
20211110184942  -665.2 -87.1 -185.0
20211110184943  -665.1 -87.5 -184.9
20211110184944  -665.3 -87.7 -185.3
20211110184945  -665.3 -87.5 -185.1
20211110184946  -665.3 -87.4 -185.5
20211110184947  -665.4 -87.5 -185.5
20211110184948  -665.3 -87.3 -185.5
20211110184949  -665.4 -87.5 -185.2
20211110184950  -665.4 -87.8 -185.5
20211110184951  -665.5 -87.5 -185.0
20211110184952  -665.4 -87.5 -184.8
20211110184953  -665.4 -87.7 -184.9
20211110184954  -665.4 -87.6 -185.1
20211110184955  -665.3 -87.5 -184.8
20211110184956  -665.3 -87.2 -184.9
20211110184957  -665.6 -87.3 -185.3
20211110184958  -665.7 -87.5 -185.4
20211110184959  -665.6 -87.4 -185.2
20211110185000  -666.0 -87.4 -185.1
20211110185001  -665.8 -87.2 -185.2
20211110185002  -665.8 -87.3 -184.9
20211110185003  -665.8 -87.6 -185.1
20211110185004  -665.8 -87.4 -185.1
20211110185005  -665.8 -87.5 -185.6
20211110185006  -665.7 -87.5 -185.3
20211110185007  -665.9 -87.3 -185.2
20211110185008  -665.7 -87.3 -185.3
20211110185009  -665.3 -87.5 -185.0
20211110185010  -664.6 -87.0 -184.6
20211110185011  -664.8 -86.9 -184.7
20211110185012  -665.5 -87.2 -185.2
20211110185013  -665.6 -87.2 -185.3
20211110185014  -665.6 -87.4 -185.2
20211110185015  -665.7 -87.7 -185.5
20211110185016  -665.8 -87.8 -185.6
20211110185017  -665.9 -87.7 -185.4
20211110185018  -665.8 -87.7 -185.2
20211110185019  -665.5 -87.4 -185.3
20211110185020  -665.8 -87.8 -185.1
20211110185021  -666.0 -87.7 -185.2
20211110185022  -665.8 -87.8 -185.1
20211110185023  -665.7 -87.9 -185.2
20211110185024  -665.6 -87.9 -185.3
20211110185025  -665.9 -87.9 -185.5
20211110185026  -665.8 -88.1 -185.3
20211110185027  -665.6 -88.2 -185.2
20211110185028  -665.5 -88.0 -185.3
20211110185029  -665.5 -88.0 -185.4
20211110185030  -665.6 -87.7 -185.1
20211110185031  -665.5 -87.9 -185.4
20211110185032  -665.8 -88.2 -185.3
20211110185033  -666.1 -88.1 -185.4
20211110185034  -665.9 -88.5 -185.3
20211110185035  -665.9 -88.2 -185.7
20211110185036  -666.0 -88.0 -185.5
20211110185037  -665.8 -88.2 -185.5
20211110185038  -665.8 -87.9 -185.5
20211110185039  -665.5 -88.2 -185.5
20211110185040  -665.1 -88.1 -185.2
20211110185041  -665.5 -88.1 -185.1
20211110185042  -665.7 -88.2 -185.6
20211110185043  -666.0 -88.0 -185.3
20211110185044  -665.8 -88.1 -185.7
20211110185045  -666.2 -88.2 -185.6
20211110185046  -666.0 -88.3 -185.4
20211110185047  -666.0 -88.4 -185.3
20211110185048  -666.1 -88.5 -185.5
20211110185049  -665.7 -88.6 -185.2
20211110185050  -665.7 -88.3 -185.2
20211110185051  -665.6 -88.2 -185.5
20211110185052  -665.5 -88.3 -185.4
20211110185053  -665.9 -88.2 -185.6
20211110185054  -665.6 -88.3 -185.5
20211110185055  -665.6 -88.2 -185.6
20211110185056  -666.1 -88.0 -185.4
20211110185057  -666.0 -88.2 -185.2
20211110185058  -665.7 -88.3 -185.7
20211110185059  -665.9 -88.3 -185.5
20211110185100  -665.8 -88.3 -185.7
20211110185101  -665.6 -88.0 -185.7
20211110185102  -666.1 -88.1 -185.3
20211110185103  -665.7 -88.0 -185.3
20211110185104  -665.6 -88.2 -185.4
20211110185105  -665.5 -88.2 -185.2
20211110185106  -665.5 -88.3 -185.4
20211110185107  -665.6 -88.2 -185.5
20211110185108  -665.7 -88.2 -185.4
20211110185109  -665.5 -88.3 -185.6
20211110185110  -665.0 -88.1 -185.3
20211110185111  -665.6 -88.3 -185.6
20211110185112  -665.4 -88.2 -185.7
20211110185113  -665.4 -88.1 -185.8
20211110185114  -665.5 -88.3 -185.7
20211110185115  -665.8 -88.2 -185.7
20211110185116  -665.6 -87.9 -186.3
20211110185117  -665.5 -88.3 -186.1
20211110185118  -665.5 -88.7 -186.2
20211110185119  -665.4 -88.6 -186.1
20211110185120  -665.6 -88.7 -185.9
20211110185121  -665.6 -88.6 -186.0
20211110185122  -665.5 -88.7 -186.0
20211110185123  -665.7 -88.3 -185.8
20211110185124  -665.7 -88.6 -185.9
20211110185125  -665.5 -88.5 -186.1
20211110185126  -665.7 -88.6 -186.1
20211110185127  -665.4 -88.5 -186.2
20211110185128  -665.2 -88.9 -186.0
20211110185129  -665.3 -88.6 -185.8
20211110185130  -665.4 -88.4 -186.2
20211110185131  -665.2 -88.3 -186.1
20211110185132  -665.3 -88.5 -186.2
20211110185133  -665.3 -88.5 -186.1
20211110185134  -665.6 -88.3 -186.3
20211110185135  -665.4 -88.3 -186.7
20211110185136  -665.6 -88.2 -186.3
20211110185137  -665.6 -88.5 -186.3
20211110185138  -665.5 -88.4 -186.0
20211110185139  -665.2 -88.3 -186.2
20211110185140  -664.6 -88.6 -186.1
20211110185141  -665.1 -88.5 -185.9
20211110185142  -665.4 -88.1 -186.3
20211110185143  -665.2 -88.4 -185.9
20211110185144  -665.3 -88.5 -186.2
20211110185145  -665.3 -88.3 -186.1
20211110185146  -665.4 -88.4 -186.0
20211110185147  -665.2 -88.6 -186.1
20211110185148  -665.4 -88.5 -186.0
20211110185149  -664.9 -88.4 -185.9
20211110185150  -665.3 -88.2 -186.2
20211110185151  -665.4 -88.1 -186.3
20211110185152  -665.2 -88.0 -186.2
20211110185153  -665.4 -88.6 -186.3
20211110185154  -665.6 -88.1 -186.4
20211110185155  -665.4 -88.2 -186.5
20211110185156  -665.5 -88.4 -186.2
20211110185157  -665.2 -88.5 -186.4
20211110185158  -665.1 -88.4 -186.2
20211110185159  -665.2 -88.3 -186.1
20211110185200  -665.4 -88.4 -186.2
20211110185201  -665.2 -88.2 -186.3
20211110185202  -665.1 -88.4 -186.2
20211110185203  -665.1 -88.3 -186.2
20211110185204  -665.1 -88.2 -186.6
20211110185205  -665.1 -88.1 -186.6
20211110185206  -665.1 -88.1 -186.6
20211110185207  -665.4 -88.2 -186.7
20211110185208  -665.4 -88.2 -187.0
20211110185209  -665.4 -88.0 -186.5
20211110185210  -664.8 -87.9 -186.0
20211110185211  -665.2 -88.2 -186.2
20211110185212  -665.2 -88.4 -186.3
20211110185213  -665.3 -88.1 -186.3
20211110185214  -665.0 -88.0 -186.3
20211110185215  -664.7 -88.2 -186.5
20211110185216  -664.6 -88.1 -186.5
