20211202002221  -774.5 -60.1 -848.1
20211202002222  -774.3 -60.0 -848.3
20211202002223  -774.2 -60.1 -848.5
20211202002224  -774.0 -60.0 -848.0
20211202002225  -774.3 -60.0 -848.2
20211202002226  -774.1 -60.1 -848.1
20211202002227  -773.8 -60.3 -848.4
20211202002228  -774.1 -60.4 -848.5
20211202002229  -774.2 -60.7 -848.4
20211202002230  -774.5 -61.2 -848.4
20211202002231  -774.5 -61.2 -848.5
20211202002232  -774.7 -60.9 -848.4
20211202002233  -774.8 -61.2 -848.1
20211202002234  -774.7 -61.4 -848.1
20211202002235  -774.2 -61.1 -848.2
20211202002236  -773.8 -60.7 -847.7
20211202002237  -773.7 -60.5 -847.6
20211202002238  -774.8 -60.6 -848.4
20211202002239  -774.9 -60.4 -848.4
20211202002240  -775.0 -60.2 -848.4
20211202002241  -775.0 -60.3 -848.5
20211202002242  -775.2 -60.3 -848.5
20211202002243  -775.2 -60.5 -848.5
20211202002244  -775.5 -60.4 -848.5
20211202002245  -775.9 -60.4 -848.7
20211202002246  -775.9 -60.4 -848.9
20211202002247  -775.6 -60.1 -848.6
20211202002248  -775.9 -59.8 -848.8
20211202002249  -775.8 -59.6 -848.7
20211202002250  -775.7 -59.3 -848.8
20211202002251  -775.4 -59.1 -848.9
20211202002252  -775.3 -58.9 -849.0
20211202002253  -775.2 -58.7 -848.9
20211202002254  -775.0 -58.5 -848.6
20211202002255  -774.8 -57.7 -848.7
20211202002256  -774.9 -57.0 -849.2
20211202002257  -775.0 -56.6 -849.2
20211202002258  -774.8 -56.2 -849.1
20211202002259  -774.7 -56.3 -849.5
20211202002300  -774.7 -56.3 -849.6
20211202002301  -774.8 -56.3 -849.5
20211202002302  -774.5 -55.4 -848.8
20211202002303  -774.3 -55.2 -848.8
20211202002304  -774.7 -55.0 -849.0
20211202002305  -775.1 -54.9 -849.2
20211202002306  -774.8 -54.3 -849.5
20211202002307  -774.7 -53.8 -849.5
20211202002308  -774.4 -53.8 -849.6
20211202002309  -774.4 -53.4 -849.8
20211202002310  -774.4 -53.0 -850.1
20211202002311  -774.5 -53.0 -850.1
20211202002312  -774.7 -52.7 -850.1
20211202002313  -774.5 -52.6 -850.2
20211202002314  -774.3 -52.3 -850.3
20211202002315  -774.5 -52.5 -850.3
20211202002316  -774.5 -52.4 -850.4
20211202002317  -774.6 -52.4 -850.2
20211202002318  -774.3 -52.5 -850.1
20211202002319  -774.6 -52.7 -850.5
20211202002320  -774.7 -52.6 -850.6
20211202002321  -775.1 -52.7 -850.6
20211202002322  -775.0 -53.0 -850.8
20211202002323  -775.3 -53.2 -850.8
20211202002324  -775.2 -53.4 -850.8
20211202002325  -775.9 -53.4 -851.0
20211202002326  -776.0 -53.7 -851.2
20211202002327  -776.5 -53.9 -851.4
20211202002328  -776.2 -53.9 -851.0
20211202002329  -776.4 -53.1 -850.3
20211202002330  -776.8 -52.9 -850.5
20211202002331  -777.4 -53.1 -851.0
20211202002332  -777.7 -52.9 -851.1
20211202002333  -777.8 -52.6 -851.2
20211202002334  -777.7 -52.6 -851.4
20211202002335  -777.9 -52.9 -851.2
20211202002336  -778.1 -53.1 -850.7
20211202002337  -778.2 -53.3 -851.2
20211202002338  -778.4 -53.5 -851.4
20211202002339  -778.5 -53.5 -850.9
20211202002340  -778.6 -53.3 -850.9
20211202002341  -778.7 -53.4 -851.1
20211202002342  -778.9 -53.1 -850.9
20211202002343  -779.1 -53.0 -851.0
20211202002344  -779.4 -53.3 -850.8
20211202002345  -779.4 -53.3 -851.0
20211202002346  -779.6 -53.1 -850.8
20211202002347  -779.7 -52.9 -850.9
20211202002348  -779.9 -52.9 -851.4
20211202002349  -780.1 -53.0 -851.0
20211202002350  -780.2 -52.7 -851.3
20211202002351  -780.5 -52.6 -850.9
20211202002352  -780.5 -52.8 -850.9
20211202002353  -780.6 -52.9 -850.9
20211202002354  -780.3 -52.8 -850.4
20211202002355  -779.8 -52.6 -849.8
20211202002356  -780.0 -52.9 -850.0
20211202002357  -780.6 -52.9 -850.3
20211202002358  -780.7 -53.1 -850.2
20211202002359  -780.7 -53.5 -850.3
20211202002400  -780.4 -53.5 -850.2
20211202002401  -780.4 -53.3 -850.1
20211202002402  -780.3 -52.9 -850.0
20211202002403  -780.0 -52.8 -850.0
20211202002404  -780.1 -52.5 -850.0
20211202002405  -779.6 -52.2 -850.2
20211202002406  -779.6 -51.9 -850.2
20211202002407  -779.7 -51.4 -850.2
20211202002408  -779.7 -51.4 -850.2
20211202002409  -780.0 -51.5 -850.5
20211202002410  -780.1 -51.5 -850.2
20211202002411  -780.1 -51.7 -849.8
20211202002412  -780.1 -51.7 -850.0
20211202002413  -780.1 -51.9 -850.1
20211202002414  -780.3 -52.1 -850.0
20211202002415  -780.3 -52.0 -849.8
20211202002416  -780.5 -52.0 -850.1
20211202002417  -780.7 -51.4 -850.1
20211202002418  -780.7 -51.1 -849.9
20211202002419  -780.9 -50.6 -849.8
20211202002420  -780.4 -50.3 -849.3
20211202002421  -780.3 -49.7 -849.0
20211202002422  -780.4 -49.3 -849.2
20211202002423  -781.0 -49.1 -849.6
20211202002424  -780.8 -48.9 -849.2
20211202002425  -781.1 -49.0 -849.3
20211202002426  -781.0 -49.1 -849.4
20211202002427  -781.5 -49.3 -849.3
20211202002428  -781.9 -49.3 -848.9
20211202002429  -781.8 -49.5 -848.8
20211202002430  -781.7 -49.8 -848.9
20211202002431  -781.8 -49.4 -848.6
20211202002432  -782.0 -49.0 -848.4
20211202002433  -782.5 -48.5 -848.4
20211202002434  -782.8 -48.1 -848.3
20211202002435  -783.1 -47.7 -848.3
20211202002436  -783.4 -47.7 -848.3
20211202002437  -783.4 -48.1 -848.1
20211202002438  -783.7 -47.8 -847.8
20211202002439  -783.5 -47.8 -846.9
20211202002440  -783.6 -47.8 -847.3
20211202002441  -783.8 -47.4 -847.6
20211202002442  -783.7 -47.6 -847.7
20211202002443  -783.8 -47.4 -847.9
20211202002444  -784.0 -47.4 -847.8
20211202002445  -784.1 -47.2 -848.1
20211202002446  -784.3 -47.4 -848.0
20211202002447  -784.2 -46.9 -847.6
20211202002448  -784.3 -46.7 -847.9
20211202002449  -784.8 -46.5 -847.7
20211202002450  -785.0 -45.9 -847.1
20211202002451  -785.2 -45.5 -847.0
20211202002452  -785.3 -45.4 -847.0
20211202002453  -785.6 -45.5 -847.3
20211202002454  -786.2 -45.4 -847.6
20211202002455  -786.5 -45.3 -847.6
20211202002456  -787.3 -44.7 -847.9
20211202002457  -787.8 -44.7 -847.8
20211202002458  -788.2 -44.5 -848.0
20211202002459  -788.5 -44.5 -847.8
20211202002500  -789.4 -44.6 -847.9
20211202002501  -789.7 -44.7 -847.6
20211202002502  -790.9 -44.5 -847.8
20211202002503  -791.5 -44.4 -847.8
20211202002504  -792.1 -44.1 -847.9
20211202002505  -792.3 -43.6 -847.9
20211202002506  -792.5 -43.7 -847.6
20211202002507  -793.1 -43.6 -847.7
20211202002508  -793.5 -43.7 -848.0
20211202002509  -794.1 -43.2 -848.2
20211202002510  -794.2 -43.3 -848.1
20211202002511  -794.7 -42.9 -847.6
20211202002512  -794.9 -42.9 -847.6
20211202002513  -794.3 -42.5 -847.0
20211202002514  -793.8 -42.3 -846.5
20211202002515  -794.7 -42.3 -846.8
20211202002516  -795.1 -42.7 -847.2
20211202002517  -795.2 -43.0 -847.2
20211202002518  -795.6 -42.9 -847.4
20211202002519  -795.8 -42.8 -847.4
20211202002520  -796.0 -42.7 -847.9
20211202002521  -796.1 -42.9 -848.1
20211202002522  -796.2 -42.8 -848.1
20211202002523  -796.8 -43.6 -848.3
20211202002524  -797.4 -43.9 -848.2
20211202002525  -797.6 -43.9 -847.8
20211202002526  -798.2 -43.9 -847.7
20211202002527  -798.4 -43.3 -847.9
20211202002528  -798.7 -43.1 -847.6
20211202002529  -798.8 -42.7 -847.6
20211202002530  -799.1 -42.6 -847.9
20211202002531  -799.8 -42.3 -848.1
20211202002532  -800.1 -42.2 -848.1
20211202002533  -800.3 -42.3 -848.3
20211202002534  -800.6 -42.2 -848.1
20211202002535  -800.6 -42.3 -847.8
20211202002536  -800.6 -42.1 -847.8
20211202002537  -800.8 -42.4 -847.9
20211202002538  -801.3 -42.6 -848.3
20211202002539  -801.2 -42.6 -848.1
20211202002540  -801.3 -42.3 -847.7
20211202002541  -802.0 -42.1 -848.2
20211202002542  -802.2 -42.0 -848.3
20211202002543  -802.3 -41.5 -848.1
20211202002544  -802.7 -41.1 -848.3
20211202002545  -802.8 -40.1 -848.2
20211202002546  -803.1 -39.1 -848.4
20211202002547  -803.2 -38.5 -848.5
20211202002548  -803.3 -38.6 -848.9
20211202002549  -803.7 -39.3 -848.9
20211202002550  -803.9 -39.6 -848.6
20211202002551  -804.4 -39.6 -848.2
20211202002552  -804.6 -39.3 -847.7
20211202002553  -804.4 -38.9 -847.5
20211202002554  -804.6 -38.4 -847.9
20211202002555  -805.0 -38.2 -848.1
20211202002556  -805.1 -38.3 -848.1
20211202002557  -805.4 -38.2 -848.4
20211202002558  -805.5 -38.0 -848.3
20211202002559  -805.5 -38.0 -847.7
20211202002600  -805.5 -37.9 -847.9
20211202002601  -806.1 -38.0 -847.8
20211202002602  -806.5 -38.2 -847.6
20211202002603  -806.8 -38.3 -847.2
20211202002604  -807.1 -38.5 -847.5
20211202002605  -806.9 -38.3 -846.7
20211202002606  -806.7 -38.0 -846.0
20211202002607  -806.8 -37.5 -845.5
20211202002608  -807.2 -37.3 -846.0
20211202002609  -807.2 -37.6 -846.5
20211202002610  -807.8 -37.8 -846.8
20211202002611  -808.2 -37.9 -847.3
20211202002612  -808.7 -37.9 -847.3
20211202002613  -809.1 -38.2 -847.1
20211202002614  -809.6 -38.1 -847.0
20211202002615  -809.8 -38.4 -847.2
20211202002616  -810.2 -38.8 -847.2
20211202002617  -811.1 -39.0 -847.7
20211202002618  -811.4 -38.5 -847.4
20211202002619  -812.2 -38.0 -847.5
20211202002620  -812.7 -37.8 -847.4
20211202002621  -813.2 -37.6 -847.2
20211202002622  -813.8 -37.5 -846.6
20211202002623  -814.0 -37.2 -846.7
20211202002624  -814.6 -36.9 -846.9
20211202002625  -815.2 -37.0 -846.8
20211202002626  -815.8 -36.7 -846.3
20211202002627  -816.6 -36.4 -846.2
20211202002628  -817.0 -36.0 -845.7
20211202002629  -817.4 -35.7 -845.2
20211202002630  -818.2 -35.3 -845.0
20211202002631  -818.6 -35.2 -845.1
20211202002632  -818.9 -34.7 -845.1
20211202002633  -819.6 -34.6 -845.4
20211202002634  -820.5 -34.8 -846.3
20211202002635  -821.1 -34.8 -846.1
20211202002636  -822.0 -34.6 -845.9
20211202002637  -822.5 -34.5 -845.5
20211202002638  -823.2 -34.1 -845.4
20211202002639  -823.3 -33.7 -845.3
20211202002640  -824.1 -33.9 -844.9
20211202002641  -824.7 -34.3 -845.1
20211202002642  -825.2 -34.6 -845.5
20211202002643  -825.8 -34.9 -845.6
20211202002644  -826.5 -35.3 -845.9
20211202002645  -827.0 -35.5 -845.7
20211202002646  -827.3 -35.7 -845.4
20211202002647  -828.0 -35.3 -845.3
20211202002648  -828.4 -34.9 -844.3
20211202002649  -828.8 -34.2 -843.9
20211202002650  -829.2 -33.8 -843.2
20211202002651  -829.4 -33.6 -842.9
20211202002652  -830.1 -33.2 -842.6
20211202002653  -830.2 -33.0 -842.4
20211202002654  -830.6 -32.8 -842.4
20211202002655  -831.0 -32.9 -842.5
20211202002656  -831.8 -33.2 -842.5
20211202002657  -832.2 -33.2 -842.7
20211202002658  -832.5 -33.3 -842.7
20211202002659  -833.0 -33.2 -842.3
20211202002700  -833.9 -33.1 -842.1
20211202002701  -834.3 -32.8 -841.9
20211202002702  -834.7 -32.6 -841.4
20211202002703  -835.1 -32.3 -841.1
20211202002704  -835.6 -32.5 -841.5
20211202002705  -836.4 -32.9 -842.0
20211202002706  -836.8 -33.0 -842.2
20211202002707  -837.3 -33.4 -841.4
20211202002708  -837.5 -34.1 -841.1
20211202002709  -837.5 -34.7 -841.1
20211202002710  -838.1 -34.8 -840.8
20211202002711  -838.7 -34.4 -840.9
20211202002712  -839.2 -34.3 -840.7
20211202002713  -839.6 -34.7 -840.6
20211202002714  -840.1 -34.7 -840.0
20211202002715  -840.5 -35.3 -839.9
20211202002716  -840.6 -35.9 -840.1
20211202002717  -840.7 -35.7 -840.5
20211202002718  -841.4 -35.6 -841.2
20211202002719  -841.7 -35.3 -841.6
20211202002720  -841.9 -35.3 -840.7
20211202002721  -841.9 -35.1 -840.2
20211202002722  -841.7 -35.0 -839.6
20211202002723  -841.4 -34.8 -839.4
20211202002724  -840.9 -35.5 -839.1
20211202002725  -840.9 -35.9 -838.9
20211202002726  -841.6 -36.2 -838.4
20211202002727  -842.5 -36.1 -838.8
20211202002728  -842.5 -36.0 -838.7
20211202002729  -842.3 -35.5 -838.4
20211202002730  -842.3 -35.1 -838.3
20211202002731  -842.5 -34.7 -838.6
20211202002732  -842.4 -34.7 -838.4
20211202002733  -842.2 -34.7 -838.1
20211202002734  -842.3 -35.1 -838.0
20211202002735  -842.4 -35.4 -838.0
20211202002736  -843.1 -35.5 -838.0
20211202002737  -843.7 -35.1 -837.9
20211202002738  -843.8 -35.1 -838.0
20211202002739  -844.1 -34.7 -837.7
20211202002740  -844.2 -34.5 -837.5
20211202002741  -844.4 -34.7 -837.3
20211202002742  -844.7 -35.2 -837.4
20211202002743  -844.8 -36.2 -837.2
20211202002744  -845.4 -36.5 -837.1
20211202002745  -845.8 -36.7 -836.8
20211202002746  -846.2 -36.3 -836.7
20211202002747  -846.7 -36.0 -835.9
20211202002748  -846.8 -35.2 -835.2
20211202002749  -846.5 -34.6 -834.9
20211202002750  -846.3 -34.1 -835.2
20211202002751  -846.2 -34.0 -835.8
20211202002752  -846.6 -34.2 -835.8
20211202002753  -847.5 -35.0 -836.5
20211202002754  -848.2 -35.7 -836.4
20211202002755  -848.2 -36.5 -835.9
20211202002756  -848.0 -37.4 -835.4
20211202002757  -848.1 -38.2 -835.5
20211202002758  -848.0 -38.6 -836.3
20211202002759  -848.3 -38.5 -836.7
20211202002800  -848.2 -38.6 -837.4
20211202002801  -848.3 -38.4 -837.9
20211202002802  -848.3 -38.3 -838.1
20211202002803  -848.6 -38.3 -838.3
20211202002804  -848.7 -38.7 -838.1
20211202002805  -848.6 -39.7 -837.8
20211202002806  -848.8 -41.0 -837.3
20211202002807  -849.5 -41.5 -836.7
20211202002808  -850.0 -41.8 -836.1
20211202002809  -850.9 -40.9 -835.7
20211202002810  -851.2 -40.1 -835.8
20211202002811  -851.6 -39.4 -836.6
20211202002812  -851.3 -39.4 -836.7
20211202002813  -850.9 -40.2 -837.0
