20211115220535  -744.6 -39.1 -211.4
20211115220536  -744.0 -39.2 -211.1
20211115220537  -744.0 -39.3 -210.7
20211115220538  -744.6 -39.1 -210.9
20211115220539  -744.6 -39.3 -211.3
20211115220540  -744.3 -39.6 -211.2
20211115220541  -744.0 -39.6 -211.4
20211115220542  -744.5 -39.3 -211.5
20211115220543  -744.5 -39.5 -211.6
20211115220544  -744.6 -39.8 -211.8
20211115220545  -744.3 -39.8 -211.7
20211115220546  -744.1 -40.0 -211.9
20211115220547  -744.1 -40.2 -211.9
20211115220548  -744.1 -40.2 -211.8
20211115220549  -743.8 -40.6 -211.7
20211115220550  -743.8 -40.6 -211.7
20211115220551  -743.8 -40.7 -211.3
20211115220552  -743.7 -40.6 -211.6
20211115220553  -744.0 -41.1 -211.6
20211115220554  -743.7 -41.2 -212.0
20211115220555  -743.9 -41.0 -212.1
20211115220556  -744.0 -41.5 -212.1
20211115220557  -744.0 -42.0 -212.4
20211115220558  -744.1 -42.0 -212.4
20211115220559  -744.1 -42.0 -211.9
20211115220600  -743.8 -41.8 -212.0
20211115220601  -744.1 -42.2 -211.9
20211115220602  -743.8 -42.4 -212.0
20211115220603  -743.7 -42.5 -212.0
20211115220604  -743.6 -42.5 -211.8
20211115220605  -743.3 -42.3 -211.8
20211115220606  -743.1 -42.8 -211.9
20211115220607  -742.7 -42.4 -210.9
20211115220608  -742.9 -42.7 -210.8
20211115220609  -743.1 -42.7 -211.2
20211115220610  -743.2 -42.8 -211.3
20211115220611  -743.5 -42.9 -211.3
20211115220612  -743.5 -43.0 -211.2
20211115220613  -743.5 -42.9 -211.4
20211115220614  -743.3 -42.9 -211.1
20211115220615  -743.0 -43.4 -211.2
20211115220616  -743.0 -43.0 -211.2
20211115220617  -743.0 -43.3 -211.3
20211115220618  -742.9 -43.6 -211.3
20211115220619  -742.8 -43.6 -211.3
20211115220620  -742.8 -43.5 -211.3
20211115220621  -742.4 -43.3 -211.1
20211115220622  -742.1 -43.5 -210.9
20211115220623  -742.1 -43.3 -210.9
20211115220624  -741.8 -43.4 -210.8
20211115220625  -741.7 -43.7 -210.9
20211115220626  -741.4 -43.5 -211.0
20211115220627  -741.0 -43.8 -210.9
20211115220628  -740.6 -43.9 -210.9
20211115220629  -740.7 -44.0 -210.7
20211115220630  -740.3 -44.1 -210.9
20211115220631  -740.3 -44.3 -210.5
20211115220632  -739.7 -44.2 -210.4
20211115220633  -739.2 -44.4 -210.4
20211115220634  -739.0 -44.2 -210.5
20211115220635  -738.6 -44.2 -210.6
20211115220636  -738.1 -44.4 -210.7
20211115220637  -737.1 -44.1 -210.1
20211115220638  -736.9 -44.2 -210.0
20211115220639  -737.2 -44.1 -210.4
20211115220640  -737.1 -44.1 -210.7
20211115220641  -737.0 -44.1 -210.9
20211115220642  -736.8 -44.1 -210.8
20211115220643  -736.5 -44.4 -211.0
20211115220644  -736.3 -44.3 -211.2
20211115220645  -736.2 -44.3 -211.2
20211115220646  -735.8 -44.7 -211.4
20211115220647  -735.7 -44.9 -211.4
20211115220648  -735.8 -44.9 -211.7
20211115220649  -735.6 -44.8 -211.6
20211115220650  -735.5 -44.8 -211.7
20211115220651  -735.2 -45.0 -211.7
20211115220652  -735.0 -45.1 -211.8
20211115220653  -734.7 -45.1 -211.5
20211115220654  -734.4 -45.5 -211.6
20211115220655  -734.3 -45.7 -211.5
20211115220656  -733.8 -45.6 -211.7
20211115220657  -733.5 -45.6 -211.1
20211115220658  -733.0 -45.7 -211.3
20211115220659  -732.8 -45.7 -211.6
20211115220700  -732.4 -45.7 -211.4
20211115220701  -732.0 -45.8 -211.8
20211115220702  -732.2 -45.8 -211.9
20211115220703  -731.6 -45.9 -212.1
20211115220704  -731.4 -45.9 -212.2
20211115220705  -731.0 -45.7 -212.4
20211115220706  -731.0 -45.5 -212.1
20211115220707  -730.1 -45.9 -211.8
20211115220708  -729.5 -45.3 -211.3
20211115220709  -729.3 -45.3 -211.3
20211115220710  -729.5 -45.7 -212.1
20211115220711  -729.5 -45.7 -212.6
20211115220712  -729.3 -46.1 -212.7
20211115220713  -729.3 -46.1 -212.6
20211115220714  -728.6 -46.1 -212.5
20211115220715  -728.4 -46.4 -212.8
20211115220716  -728.1 -46.8 -212.7
20211115220717  -727.7 -47.0 -212.7
20211115220718  -727.5 -46.7 -212.7
20211115220719  -727.4 -46.6 -213.2
20211115220720  -727.1 -46.9 -213.2
20211115220721  -727.1 -47.1 -213.2
20211115220722  -727.1 -47.2 -213.3
20211115220723  -727.1 -47.3 -213.7
20211115220724  -727.3 -47.9 -214.1
20211115220725  -727.1 -47.5 -214.0
20211115220726  -727.1 -47.7 -213.9
20211115220727  -727.1 -47.6 -213.8
20211115220728  -727.1 -47.9 -213.8
20211115220729  -726.7 -48.3 -213.6
20211115220730  -726.5 -48.1 -213.6
20211115220731  -726.3 -48.2 -214.1
20211115220732  -726.4 -48.2 -214.4
20211115220733  -726.5 -48.3 -214.5
20211115220734  -726.3 -48.4 -214.5
20211115220735  -726.3 -48.5 -215.0
20211115220736  -726.2 -48.6 -215.1
20211115220737  -726.2 -49.0 -215.4
20211115220738  -725.3 -49.3 -214.5
20211115220739  -725.4 -49.0 -214.1
20211115220740  -726.0 -49.3 -214.8
20211115220741  -726.0 -49.7 -215.3
20211115220742  -726.0 -49.7 -215.2
20211115220743  -725.9 -49.9 -215.2
20211115220744  -725.7 -50.0 -215.1
20211115220745  -726.0 -50.0 -215.1
20211115220746  -725.7 -50.3 -215.2
20211115220747  -725.4 -50.4 -215.2
20211115220748  -725.8 -50.7 -215.3
20211115220749  -726.0 -50.5 -215.3
20211115220750  -725.6 -50.6 -215.3
20211115220751  -725.8 -50.8 -215.5
20211115220752  -725.9 -51.4 -215.5
20211115220753  -726.0 -51.3 -215.7
20211115220754  -726.2 -51.4 -215.7
20211115220755  -726.2 -51.8 -216.1
20211115220756  -726.2 -52.0 -215.9
20211115220757  -726.1 -52.0 -216.1
20211115220758  -726.4 -51.8 -215.8
20211115220759  -726.5 -52.0 -215.7
20211115220800  -726.6 -52.3 -215.6
20211115220801  -726.8 -52.2 -215.7
20211115220802  -726.8 -52.6 -215.7
20211115220803  -727.1 -52.6 -215.6
20211115220804  -727.4 -52.8 -215.5
20211115220805  -727.0 -53.0 -215.5
20211115220806  -727.0 -53.3 -215.7
20211115220807  -727.4 -53.4 -215.9
20211115220808  -727.1 -53.5 -215.8
20211115220809  -727.2 -53.4 -215.2
20211115220810  -728.0 -53.5 -215.9
20211115220811  -728.4 -53.9 -215.9
20211115220812  -728.6 -53.7 -215.5
20211115220813  -728.3 -53.7 -215.8
20211115220814  -728.7 -53.9 -215.8
20211115220815  -728.8 -53.9 -216.0
20211115220816  -728.7 -53.9 -216.2
20211115220817  -729.2 -54.2 -216.1
20211115220818  -729.5 -54.1 -216.2
20211115220819  -729.3 -54.2 -216.3
20211115220820  -729.5 -54.7 -216.4
20211115220821  -729.7 -54.7 -216.0
20211115220822  -729.7 -54.6 -216.1
20211115220823  -730.2 -55.0 -216.1
20211115220824  -730.2 -54.8 -215.8
20211115220825  -730.4 -55.0 -216.0
20211115220826  -730.5 -55.5 -215.9
20211115220827  -730.6 -55.2 -215.9
20211115220828  -730.7 -55.3 -216.3
20211115220829  -731.1 -55.0 -216.1
20211115220830  -731.5 -55.3 -216.3
20211115220831  -731.6 -55.9 -216.4
20211115220832  -731.8 -56.0 -216.3
20211115220833  -731.9 -56.0 -216.3
20211115220834  -732.2 -56.0 -216.4
20211115220835  -732.2 -56.0 -216.4
20211115220836  -732.5 -56.0 -216.2
20211115220837  -732.8 -56.3 -216.5
20211115220838  -733.1 -56.4 -216.4
20211115220839  -733.1 -56.2 -215.8
20211115220840  -733.8 -56.6 -215.9
20211115220841  -734.2 -56.7 -216.4
20211115220842  -734.5 -56.8 -216.2
20211115220843  -735.0 -57.0 -216.4
20211115220844  -735.8 -57.1 -216.2
20211115220845  -735.9 -57.4 -216.3
20211115220846  -736.0 -57.5 -216.4
20211115220847  -736.4 -57.4 -216.5
20211115220848  -736.8 -57.7 -216.2
20211115220849  -737.1 -57.8 -216.2
20211115220850  -737.1 -58.3 -215.9
20211115220851  -737.2 -57.9 -215.9
20211115220852  -737.4 -58.1 -215.7
20211115220853  -737.7 -58.6 -215.2
20211115220854  -737.5 -58.7 -214.9
20211115220855  -737.6 -58.7 -214.8
20211115220856  -737.8 -58.6 -215.0
20211115220857  -737.7 -58.6 -214.8
20211115220858  -737.8 -58.6 -214.9
20211115220859  -737.8 -58.9 -214.5
20211115220900  -737.8 -59.2 -214.7
20211115220901  -737.7 -59.0 -215.0
20211115220902  -737.9 -59.1 -214.8
20211115220903  -738.0 -59.3 -214.9
20211115220904  -738.1 -59.5 -214.6
20211115220905  -737.9 -59.3 -214.8
20211115220906  -737.8 -59.4 -214.5
20211115220907  -737.8 -59.6 -214.7
20211115220908  -738.0 -59.9 -214.5
20211115220909  -737.2 -60.1 -214.1
20211115220910  -737.0 -59.7 -213.9
20211115220911  -737.8 -59.9 -214.3
20211115220912  -737.9 -60.1 -214.7
20211115220913  -737.7 -60.2 -214.4
20211115220914  -737.9 -60.2 -214.2
20211115220915  -737.9 -60.4 -214.5
20211115220916  -738.0 -60.1 -214.5
20211115220917  -737.8 -60.2 -214.5
20211115220918  -737.6 -60.2 -214.1
20211115220919  -737.5 -60.3 -214.1
20211115220920  -737.8 -60.4 -214.4
20211115220921  -737.9 -60.5 -214.3
20211115220922  -737.8 -60.5 -214.5
20211115220923  -737.8 -60.6 -214.7
20211115220924  -737.9 -60.6 -214.5
20211115220925  -737.7 -60.5 -214.5
20211115220926  -737.9 -60.4 -214.1
20211115220927  -738.0 -60.6 -214.1
20211115220928  -737.8 -60.8 -214.4
20211115220929  -737.7 -61.0 -214.3
20211115220930  -737.7 -61.0 -214.5
20211115220931  -737.7 -60.8 -214.5
20211115220932  -737.5 -61.2 -214.6
20211115220933  -737.6 -61.2 -214.8
20211115220934  -737.7 -61.1 -214.9
20211115220935  -737.7 -61.3 -214.9
20211115220936  -738.0 -61.3 -214.8
20211115220937  -737.8 -61.5 -214.8
20211115220938  -737.9 -61.8 -215.2
20211115220939  -737.6 -61.9 -215.1
20211115220940  -737.1 -61.6 -214.5
20211115220941  -737.3 -61.8 -214.7
20211115220942  -737.5 -62.0 -214.8
20211115220943  -737.4 -62.0 -215.0
20211115220944  -737.5 -61.8 -214.7
20211115220945  -737.5 -62.0 -215.0
20211115220946  -737.0 -62.0 -215.2
20211115220947  -737.2 -62.1 -215.3
20211115220948  -736.9 -62.4 -215.2
20211115220949  -736.7 -62.4 -215.4
20211115220950  -736.5 -62.5 -215.6
20211115220951  -736.4 -62.4 -215.3
20211115220952  -736.5 -62.3 -215.4
20211115220953  -736.0 -62.1 -215.7
20211115220954  -736.0 -62.2 -215.6
20211115220955  -735.5 -62.5 -215.6
20211115220956  -735.7 -62.6 -215.7
20211115220957  -735.6 -62.6 -215.8
20211115220958  -735.4 -62.7 -215.6
20211115220959  -735.5 -62.8 -215.5
20211115221000  -735.1 -62.9 -215.7
20211115221001  -735.2 -63.0 -215.8
20211115221002  -735.1 -62.9 -216.1
20211115221003  -735.1 -63.1 -216.2
20211115221004  -735.1 -63.2 -215.9
20211115221005  -735.1 -63.3 -216.0
20211115221006  -735.3 -63.7 -216.0
20211115221007  -735.3 -63.8 -216.1
20211115221008  -735.1 -63.6 -216.3
20211115221009  -734.8 -63.9 -216.5
20211115221010  -734.4 -64.0 -216.2
20211115221011  -734.3 -63.9 -215.8
20211115221012  -734.9 -63.9 -216.3
20211115221013  -735.0 -63.9 -216.3
20211115221014  -735.0 -63.9 -216.2
20211115221015  -734.9 -64.1 -216.3
20211115221016  -734.9 -63.9 -216.3
20211115221017  -734.8 -64.0 -216.3
20211115221018  -735.0 -64.2 -216.2
20211115221019  -734.8 -64.1 -216.4
20211115221020  -734.9 -64.1 -216.5
20211115221021  -734.8 -64.1 -216.5
20211115221022  -734.9 -63.8 -216.3
20211115221023  -734.9 -63.7 -216.3
20211115221024  -734.8 -64.1 -216.4
20211115221025  -734.9 -64.1 -216.3
20211115221026  -734.7 -64.1 -216.5
20211115221027  -734.7 -64.1 -216.7
20211115221028  -734.7 -64.0 -216.7
20211115221029  -735.2 -64.0 -216.7
20211115221030  -735.0 -64.1 -216.3
20211115221031  -735.0 -63.7 -216.3
20211115221032  -735.0 -63.7 -216.4
20211115221033  -734.9 -63.8 -216.0
20211115221034  -734.9 -63.8 -216.1
20211115221035  -735.2 -63.5 -216.2
20211115221036  -735.1 -63.3 -216.0
20211115221037  -735.4 -63.4 -216.0
20211115221038  -735.1 -63.5 -215.8
20211115221039  -735.0 -63.4 -215.8
20211115221040  -734.6 -63.3 -215.2
20211115221041  -734.3 -63.1 -215.0
20211115221042  -734.4 -63.1 -215.1
20211115221043  -735.0 -63.0 -215.6
20211115221044  -735.1 -63.1 -215.3
20211115221045  -735.2 -63.1 -215.2
20211115221046  -735.6 -62.9 -215.2
20211115221047  -735.3 -63.2 -215.1
20211115221048  -735.3 -63.4 -215.4
20211115221049  -735.5 -63.4 -215.3
20211115221050  -735.4 -63.3 -215.3
20211115221051  -735.5 -63.3 -215.1
20211115221052  -735.4 -63.0 -215.2
20211115221053  -735.4 -63.1 -215.2
20211115221054  -735.3 -63.4 -215.0
20211115221055  -735.3 -63.0 -214.9
20211115221056  -735.4 -63.0 -214.7
20211115221057  -735.1 -63.0 -214.6
20211115221058  -735.3 -63.0 -214.6
20211115221059  -734.9 -62.9 -214.6
20211115221100  -734.9 -62.9 -214.4
20211115221101  -734.9 -63.0 -214.4
20211115221102  -735.0 -62.9 -214.4
20211115221103  -734.9 -62.8 -214.2
20211115221104  -734.8 -62.6 -214.3
20211115221105  -734.7 -62.7 -213.9
20211115221106  -734.5 -63.1 -213.9
20211115221107  -734.7 -62.6 -213.8
20211115221108  -734.3 -62.6 -213.8
20211115221109  -734.2 -62.3 -213.7
20211115221110  -733.7 -62.4 -213.4
20211115221111  -733.1 -61.9 -212.5
20211115221112  -732.7 -61.8 -212.0
20211115221113  -732.6 -61.6 -212.1
20211115221114  -733.0 -61.8 -212.4
20211115221115  -733.3 -61.7 -212.7
20211115221116  -733.1 -61.8 -212.6
20211115221117  -733.0 -61.7 -212.5
20211115221118  -732.7 -61.7 -212.7
20211115221119  -732.5 -62.0 -212.6
20211115221120  -732.5 -61.8 -212.5
20211115221121  -732.3 -61.6 -212.2
20211115221122  -732.4 -61.9 -212.4
20211115221123  -732.5 -61.7 -212.6
20211115221124  -732.7 -61.7 -212.4
20211115221125  -732.6 -61.7 -212.0
20211115221126  -732.3 -61.7 -211.9
20211115221127  -732.3 -61.4 -211.8
20211115221128  -732.3 -61.3 -211.6
20211115221129  -732.4 -61.4 -211.6
20211115221130  -731.9 -61.8 -211.5
20211115221131  -731.9 -61.5 -211.4
20211115221132  -731.8 -61.5 -211.2
20211115221133  -731.6 -61.5 -211.3
20211115221134  -731.6 -61.4 -211.3
20211115221135  -731.3 -61.4 -211.1
20211115221136  -731.6 -61.3 -211.1
20211115221137  -731.3 -61.5 -211.1
20211115221138  -731.0 -61.4 -210.9
20211115221139  -730.9 -61.4 -210.9
20211115221140  -730.5 -61.7 -210.9
20211115221141  -730.0 -61.4 -210.4
20211115221142  -729.3 -61.2 -209.8
20211115221143  -729.2 -61.5 -209.9
20211115221144  -729.3 -61.3 -209.8
20211115221145  -729.8 -61.6 -210.2
20211115221146  -729.5 -61.7 -210.3
20211115221147  -729.4 -61.6 -210.1
20211115221148  -729.5 -61.8 -210.1
20211115221149  -729.4 -61.8 -210.2
20211115221150  -729.3 -61.8 -210.1
20211115221151  -729.3 -61.6 -210.4
20211115221152  -729.4 -61.8 -209.9
20211115221153  -729.0 -62.0 -210.0
20211115221154  -728.7 -61.8 -210.1
20211115221155  -728.6 -61.9 -210.2
20211115221156  -728.8 -62.1 -210.1
20211115221157  -728.8 -62.1 -210.0
20211115221158  -728.5 -62.0 -209.9
20211115221159  -728.6 -62.2 -209.9
20211115221200  -728.4 -62.2 -209.8
20211115221201  -728.4 -62.0 -210.2
20211115221202  -728.3 -62.0 -209.9
20211115221203  -728.3 -62.3 -210.0
20211115221204  -728.2 -62.3 -210.1
20211115221205  -728.2 -62.4 -209.8
20211115221206  -728.2 -62.4 -210.2
20211115221207  -728.0 -62.2 -209.9
20211115221208  -727.9 -62.7 -209.9
20211115221209  -728.3 -62.8 -209.6
20211115221210  -728.3 -62.6 -209.9
20211115221211  -727.6 -62.7 -209.3
20211115221212  -727.6 -62.4 -209.0
20211115221213  -727.6 -62.3 -209.0
20211115221214  -727.4 -62.3 -208.8
20211115221215  -727.6 -62.2 -208.6
20211115221216  -728.4 -62.3 -209.4
20211115221217  -728.7 -62.5 -209.4
20211115221218  -728.8 -62.4 -209.4
20211115221219  -729.1 -62.6 -209.4
20211115221220  -729.0 -62.7 -209.3
