 -707.9 -99.5 -267.1
20211220233104  -707.8 -100.0 -267.3
20211220233105  -707.7 -100.2 -267.3
20211220233106  -708.2 -100.7 -267.5
20211220233107  -708.4 -100.4 -267.5
20211220233108  -708.6 -100.8 -267.8
20211220233109  -708.7 -100.8 -267.7
20211220233110  -708.9 -100.8 -267.8
20211220233111  -709.0 -101.0 -267.6
20211220233112  -709.0 -101.2 -267.8
20211220233113  -708.8 -101.2 -267.9
20211220233114  -709.0 -101.2 -268.1
20211220233115  -708.9 -101.0 -268.0
20211220233116  -708.8 -101.0 -268.3
20211220233117  -708.5 -100.8 -268.0
20211220233118  -707.9 -100.2 -267.7
20211220233119  -707.8 -99.9 -267.4
20211220233120  -707.6 -99.3 -267.0
20211220233121  -707.6 -98.7 -267.5
20211220233122  -707.7 -98.5 -267.8
20211220233123  -707.6 -98.4 -268.1
20211220233124  -707.5 -98.0 -267.9
20211220233125  -707.4 -97.5 -267.9
20211220233126  -706.8 -97.2 -268.1
20211220233127  -706.4 -96.5 -268.4
20211220233128  -706.3 -96.2 -268.4
20211220233129  -706.1 -95.7 -268.8
20211220233130  -706.1 -95.6 -269.0
20211220233131  -706.0 -95.4 -269.1
20211220233132  -706.1 -95.4 -269.8
20211220233133  -706.2 -95.1 -270.2
20211220233134  -706.3 -94.8 -270.2
20211220233135  -706.3 -94.7 -270.6
20211220233136  -706.5 -94.8 -271.0
20211220233137  -706.3 -94.7 -271.0
20211220233138  -706.4 -95.0 -271.3
20211220233139  -706.3 -94.7 -271.6
20211220233140  -707.0 -94.8 -271.7
20211220233141  -706.9 -94.9 -272.0
20211220233142  -707.0 -94.7 -272.5
20211220233143  -707.0 -94.6 -272.3
20211220233144  -706.9 -94.9 -272.1
20211220233145  -706.6 -94.6 -271.6
20211220233146  -706.6 -94.6 -271.6
20211220233147  -707.5 -94.7 -272.0
20211220233148  -708.0 -95.3 -272.9
20211220233149  -708.3 -95.1 -273.0
20211220233150  -708.8 -95.4 -273.0
20211220233151  -708.9 -95.4 -273.3
20211220233152  -710.0 -95.5 -273.6
20211220233153  -710.2 -95.6 -273.4
20211220233154  -710.8 -95.7 -273.6
20211220233155  -711.1 -95.7 -273.6
20211220233156  -711.5 -95.8 -273.3
20211220233157  -711.8 -95.9 -273.4
20211220233158  -712.3 -95.9 -273.6
20211220233159  -712.8 -95.8 -273.5
20211220233200  -713.0 -95.9 -273.7
20211220233201  -713.3 -95.7 -273.9
20211220233202  -713.6 -95.6 -273.9
20211220233203  -713.9 -95.4 -273.9
20211220233204  -714.3 -95.0 -273.9
20211220233205  -714.0 -94.8 -273.8
20211220233206  -714.0 -94.3 -274.0
20211220233207  -714.5 -94.1 -274.2
20211220233208  -714.6 -93.8 -273.9
20211220233209  -714.5 -93.1 -273.6
20211220233210  -714.5 -92.8 -273.5
20211220233211  -714.4 -92.5 -273.6
20211220233212  -714.6 -92.0 -273.9
20211220233213  -714.7 -91.4 -273.7
20211220233214  -715.8 -91.0 -274.5
20211220233215  -715.7 -91.0 -274.3
20211220233216  -715.9 -90.7 -274.3
20211220233217  -716.2 -90.6 -274.4
20211220233218  -716.3 -90.0 -274.4
20211220233219  -716.1 -89.7 -274.6
20211220233220  -716.0 -89.3 -274.8
20211220233221  -716.2 -88.9 -274.9
20211220233222  -716.7 -88.4 -275.3
20211220233223  -716.5 -87.7 -275.0
20211220233224  -716.4 -87.3 -274.9
20211220233225  -716.6 -87.0 -275.2
20211220233226  -716.6 -86.4 -275.3
20211220233227  -716.6 -86.0 -275.6
20211220233228  -717.2 -85.7 -275.5
20211220233229  -717.3 -85.3 -275.5
20211220233230  -717.7 -84.8 -275.6
20211220233231  -717.5 -84.2 -275.4
20211220233232  -717.5 -83.8 -275.5
20211220233233  -717.5 -83.2 -275.6
20211220233234  -717.7 -82.9 -275.6
20211220233235  -717.7 -82.2 -275.6
20211220233236  -717.4 -81.7 -275.3
20211220233237  -717.3 -81.2 -275.4
20211220233238  -717.7 -80.7 -275.1
20211220233239  -717.8 -79.9 -274.9
20211220233240  -718.1 -79.8 -275.2
20211220233241  -719.0 -80.2 -275.6
20211220233242  -719.4 -80.1 -275.7
20211220233243  -720.0 -79.9 -275.9
20211220233244  -720.2 -79.7 -276.2
20211220233245  -720.4 -79.8 -276.0
20211220233246  -720.2 -80.0 -276.0
20211220233247  -720.6 -80.4 -276.0
20211220233248  -720.6 -80.5 -275.5
20211220233249  -720.4 -80.8 -275.5
20211220233250  -720.4 -80.9 -275.4
20211220233251  -720.6 -81.1 -275.6
20211220233252  -720.7 -81.1 -275.3
20211220233253  -720.5 -81.1 -275.4
20211220233254  -720.3 -80.9 -275.3
20211220233255  -720.4 -80.8 -274.9
20211220233256  -720.3 -80.9 -275.1
20211220233257  -720.3 -80.6 -275.2
20211220233258  -719.7 -80.4 -275.2
20211220233259  -719.7 -79.9 -275.0
20211220233300  -719.6 -79.9 -275.1
20211220233301  -719.4 -79.9 -274.7
20211220233302  -718.9 -79.5 -274.3
20211220233303  -718.4 -79.1 -273.9
20211220233304  -718.1 -78.6 -273.8
20211220233305  -717.5 -78.3 -273.8
20211220233306  -717.5 -77.9 -273.6
20211220233307  -717.6 -77.4 -273.7
20211220233308  -717.5 -77.2 -274.0
20211220233309  -717.6 -77.1 -273.8
20211220233310  -717.3 -77.1 -273.8
20211220233311  -717.1 -76.9 -273.8
20211220233312  -716.4 -76.6 -273.8
20211220233313  -715.8 -76.6 -273.5
20211220233314  -715.4 -76.8 -273.8
20211220233315  -715.0 -76.8 -274.0
20211220233316  -714.7 -77.1 -274.0
20211220233317  -714.2 -76.7 -274.1
20211220233318  -713.7 -76.7 -274.0
20211220233319  -713.3 -76.2 -274.1
20211220233320  -713.1 -76.2 -273.9
20211220233321  -712.7 -75.6 -273.9
20211220233322  -712.3 -75.1 -273.9
20211220233323  -712.4 -74.6 -273.9
20211220233324  -712.4 -74.5 -273.9
20211220233325  -712.2 -74.3 -274.4
20211220233326  -712.2 -74.0 -274.6
20211220233327  -711.8 -73.6 -274.4
20211220233328  -711.3 -72.8 -273.9
20211220233329  -710.9 -72.3 -273.8
20211220233330  -710.8 -71.7 -273.5
20211220233331  -710.4 -71.2 -273.3
20211220233332  -709.9 -70.8 -273.4
20211220233333  -709.9 -70.0 -273.3
20211220233334  -710.7 -69.7 -274.0
20211220233335  -710.6 -69.5 -274.2
20211220233336  -710.7 -69.0 -274.3
20211220233337  -710.9 -69.0 -274.9
20211220233338  -710.7 -68.6 -274.7
20211220233339  -710.8 -68.5 -274.6
20211220233340  -710.7 -68.4 -275.1
20211220233341  -711.0 -68.0 -274.9
20211220233342  -711.1 -67.8 -275.3
20211220233343  -711.1 -67.5 -275.2
20211220233344  -711.1 -67.5 -275.3
20211220233345  -711.0 -66.8 -275.3
20211220233346  -711.2 -66.5 -275.4
20211220233347  -711.3 -66.5 -275.8
20211220233348  -711.3 -66.5 -275.9
20211220233349  -711.5 -66.1 -275.9
20211220233350  -711.9 -66.0 -275.9
20211220233351  -712.1 -65.8 -275.8
20211220233352  -712.3 -65.2 -275.5
20211220233353  -711.7 -65.1 -275.6
20211220233354  -711.5 -64.4 -275.2
20211220233355  -711.1 -63.9 -274.3
20211220233356  -710.5 -63.1 -273.8
20211220233357  -710.1 -62.5 -274.0
20211220233358  -709.8 -61.6 -273.5
20211220233359  -709.6 -60.9 -273.1
20211220233400  -709.9 -60.3 -273.3
20211220233401  -709.6 -59.8 -273.8
20211220233402  -709.4 -59.2 -273.6
20211220233403  -708.9 -58.6 -273.7
20211220233404  -708.7 -58.2 -273.5
20211220233405  -708.3 -57.5 -273.6
20211220233406  -708.0 -57.0 -273.7
20211220233407  -707.9 -56.6 -273.9
20211220233408  -707.7 -56.1 -273.7
20211220233409  -707.6 -55.5 -274.0
20211220233410  -707.2 -55.2 -273.9
20211220233411  -707.1 -54.4 -273.7
20211220233412  -706.7 -54.2 -273.9
20211220233413  -706.6 -53.7 -274.1
20211220233414  -706.7 -53.0 -274.1
20211220233415  -706.5 -52.6 -274.0
20211220233416  -706.2 -52.1 -273.9
20211220233417  -705.8 -51.8 -273.9
20211220233418  -705.9 -51.3 -274.1
20211220233419  -705.7 -51.0 -273.6
20211220233420  -705.4 -51.0 -273.8
20211220233421  -704.9 -50.0 -273.7
20211220233422  -704.6 -49.9 -273.5
20211220233423  -704.3 -49.6 -273.4
20211220233424  -704.1 -49.0 -273.2
20211220233425  -703.9 -48.7 -273.1
20211220233426  -703.5 -48.1 -273.1
20211220233427  -703.9 -48.1 -273.6
20211220233428  -704.0 -48.2 -273.9
20211220233429  -704.0 -47.9 -274.4
20211220233430  -703.8 -47.9 -274.7
20211220233431  -703.8 -47.8 -274.8
20211220233432  -703.7 -47.7 -274.6
20211220233433  -703.6 -47.6 -274.6
20211220233434  -703.4 -47.6 -274.8
20211220233435  -703.0 -47.5 -275.0
20211220233436  -703.2 -46.9 -274.9
20211220233437  -703.0 -47.0 -275.0
20211220233438  -702.7 -47.1 -275.0
20211220233439  -702.8 -47.2 -275.4
20211220233440  -702.6 -46.9 -275.2
20211220233441  -702.5 -46.9 -275.1
20211220233442  -702.6 -47.0 -275.4
20211220233443  -702.5 -46.8 -275.3
20211220233444  -702.6 -47.1 -275.5
20211220233445  -702.5 -47.1 -275.9
20211220233446  -702.3 -47.5 -276.0
20211220233447  -701.9 -47.6 -275.7
20211220233448  -702.0 -48.0 -275.7
20211220233449  -702.1 -48.1 -275.3
20211220233450  -702.3 -48.4 -275.6
20211220233451  -702.5 -48.6 -275.3
20211220233452  -702.8 -48.7 -275.3
20211220233453  -703.5 -49.0 -275.4
20211220233454  -704.2 -49.6 -276.0
20211220233455  -704.7 -50.0 -276.5
20211220233456  -705.4 -50.5 -276.5
20211220233457  -705.5 -51.0 -276.9
20211220233458  -706.1 -51.1 -276.6
20211220233459  -706.7 -51.8 -276.8
20211220233500  -707.1 -52.3 -276.6
20211220233501  -707.5 -52.3 -276.9
20211220233502  -708.1 -52.6 -277.0
20211220233503  -708.5 -52.9 -276.7
20211220233504  -709.1 -53.0 -276.7
20211220233505  -709.7 -53.7 -276.9
20211220233506  -710.0 -53.9 -276.8
20211220233507  -710.2 -53.9 -276.7
20211220233508  -710.8 -53.9 -276.8
20211220233509  -711.6 -54.2 -276.7
20211220233510  -711.5 -54.4 -276.5
20211220233511  -712.2 -54.8 -276.2
20211220233512  -712.5 -55.0 -276.2
20211220233513  -712.5 -55.3 -276.2
20211220233514  -711.9 -55.3 -275.5
20211220233515  -712.0 -55.4 -275.0
20211220233516  -711.9 -55.4 -274.7
20211220233517  -711.6 -55.3 -274.4
20211220233518  -711.8 -55.4 -273.9
20211220233519  -712.0 -55.6 -274.4
20211220233520  -712.6 -55.8 -274.5
20211220233521  -712.7 -55.9 -274.8
20211220233522  -712.8 -56.1 -275.0
20211220233523  -712.6 -56.6 -275.2
20211220233524  -712.3 -56.8 -275.3
20211220233525  -712.5 -56.9 -275.3
20211220233526  -712.5 -57.3 -275.4
20211220233527  -712.5 -57.2 -276.0
20211220233528  -712.5 -57.4 -275.8
20211220233529  -712.3 -57.3 -275.5
20211220233530  -712.3 -57.4 -276.0
20211220233531  -712.4 -57.5 -276.2
20211220233532  -712.4 -57.4 -276.7
20211220233533  -712.4 -57.5 -276.3
20211220233534  -712.0 -57.5 -276.2
20211220233535  -711.8 -57.3 -276.1
20211220233536  -711.6 -57.2 -276.1
20211220233537  -711.5 -57.0 -276.3
20211220233538  -711.1 -57.1 -276.3
20211220233539  -711.0 -57.1 -276.4
20211220233540  -710.1 -57.0 -276.0
20211220233541  -709.2 -56.9 -275.2
20211220233542  -709.0 -56.4 -275.3
20211220233543  -708.2 -56.0 -275.7
20211220233544  -708.0 -55.5 -275.4
20211220233545  -708.2 -54.8 -276.0
20211220233546  -708.2 -54.3 -276.1
20211220233547  -707.8 -53.8 -276.0
20211220233548  -707.2 -53.4 -276.3
20211220233549  -706.9 -52.9 -276.4
20211220233550  -706.5 -52.3 -276.6
20211220233551  -706.0 -51.7 -276.5
20211220233552  -705.9 -51.1 -276.5
20211220233553  -705.8 -50.3 -276.8
20211220233554  -705.5 -49.7 -276.8
20211220233555  -705.5 -49.3 -277.0
20211220233556  -705.4 -48.5 -276.9
20211220233557  -705.5 -48.0 -276.8
20211220233558  -705.9 -47.7 -276.7
20211220233559  -705.8 -47.2 -276.8
20211220233600  -706.0 -46.8 -276.8
20211220233601  -706.0 -46.4 -277.0
20211220233602  -706.4 -45.8 -276.9
20211220233603  -706.7 -45.4 -277.2
20211220233604  -706.9 -44.9 -277.2
20211220233605  -707.2 -44.8 -277.3
20211220233606  -707.3 -44.5 -276.9
20211220233607  -707.5 -43.7 -276.3
20211220233608  -708.1 -43.3 -275.9
20211220233609  -708.2 -43.2 -275.5
20211220233610  -709.1 -42.8 -275.6
20211220233611  -710.5 -42.7 -275.7
20211220233612  -711.4 -42.5 -275.6
20211220233613  -712.1 -42.3 -275.3
20211220233614  -712.7 -42.0 -275.1
20211220233615  -713.5 -42.1 -275.1
20211220233616  -714.3 -41.8 -274.8
20211220233617  -715.3 -41.8 -274.5
20211220233618  -716.3 -41.6 -274.4
20211220233619  -717.2 -41.3 -274.4
20211220233620  -718.4 -41.6 -274.3
20211220233621  -719.4 -41.0 -274.0
20211220233622  -720.4 -40.8 -273.8
20211220233623  -721.6 -40.4 -273.7
20211220233624  -722.8 -40.5 -273.8
20211220233625  -724.0 -40.9 -273.6
20211220233626  -724.8 -41.2 -273.6
20211220233627  -725.9 -41.8 -273.1
20211220233628  -727.1 -42.2 -272.9
20211220233629  -728.1 -42.5 -272.9
20211220233630  -729.1 -42.9 -272.4
20211220233631  -730.3 -43.1 -272.5
20211220233632  -730.9 -43.4 -272.1
20211220233633  -731.6 -43.7 -271.5
20211220233634  -732.4 -44.0 -271.0
20211220233635  -732.8 -44.0 -270.2
20211220233636  -734.0 -44.2 -269.6
20211220233637  -735.2 -44.3 -270.1
20211220233638  -736.3 -44.3 -269.3
20211220233639  -737.1 -44.3 -268.7
20211220233640  -737.4 -44.5 -268.5
20211220233641  -738.4 -44.7 -267.7
20211220233642  -738.9 -45.0 -267.4
20211220233643  -739.4 -45.2 -267.1
20211220233644  -740.0 -45.4 -266.8
20211220233645  -740.4 -45.7 -266.8
20211220233646  -741.0 -45.6 -266.2
20211220233647  -741.9 -45.6 -265.7
20211220233648  -742.5 -45.5 -265.2
20211220233649  -743.1 -45.4 -264.9
20211220233650  -743.8 -45.6 -264.5
20211220233651  -744.2 -45.6 -264.4
20211220233652  -744.8 -46.0 -264.3
20211220233653  -745.3 -46.4 -264.1
20211220233654  -745.9 -47.0 -264.1
20211220233655  -746.3 -47.7 -263.8
20211220233656  -747.1 -48.2 -263.8
20211220233657  -747.4 -48.5 -263.4
20211220233658  -747.6 -49.4 -263.7
20211220233659  -747.6 -48.9 -263.0
20211220233700  -747.8 -48.9 -262.7
20211220233701  -748.1 -48.3 -262.2
20211220233702  -749.6 -47.8 -262.2
20211220233703  -750.4 -47.3 -262.4
20211220233704  -751.2 -46.6 -262.4
20211220233705  -752.5 -45.9 -262.4
20211220233706  -753.5 -45.6 -262.1
20211220233707  -754.6 -44.7 -262.2
20211220233708  -755.4 -44.3 -262.2
20211220233709  -756.6 -43.6 -261.8
20211220233710  -757.8 -43.0 -261.5
20211220233711  -758.6 -42.6 -261.3
20211220233712  -759.3 -42.1 -260.7
20211220233713  -760.1 -41.3 -260.5
20211220233714  -760.3 -40.8 -260.0
20211220233715  -761.0 -40.2 -259.7
20211220233716  -761.2 -39.8 -259.1
20211220233717  -761.8 -39.8 -259.1
20211220233718  -761.9 -39.1 -259.0
20211220233719  -761.9 -39.2 -258.7
20211220233720  -762.2 -39.1 -258.7
20211220233721  -762.2 -39.3 -258.1
20211220233722  -762.7 -39.8 -258.0
20211220233723  -762.6 -40.0 -257.9
20211220233724  -762.5 -40.5 -257.9
20211220233725  -762.6 -40.9 -258.4
20211220233726  -762.2 -41.3 -258.1
20211220233727  -762.1 -41.6 -257.9
20211220233728  -762.8 -42.6 -258.5
20211220233729  -763.0 -42.8 -258.4
20211220233730  -763.1 -43.4 -258.4
20211220233731  -762.7 -44.0 -257.9
20211220233732  -762.6 -44.7 -257.7
20211220233733  -762.2 -45.5 -257.4
20211220233734  -761.3 -46.8 -257.2
20211220233735  -760.6 -47.8 -256.9
20211220233736  -759.7 -48.9 -257.0
20211220233737  -759.1 -49.6 -256.9
20211220233738  -758.9 -50.5 -257.1
20211220233739  -758.3 -51.0 -257.2
20211220233740  -758.1 -51.4 -257.2
20211220233741  -758.1 -51.7 -257.5
20211220233742  -757.9 -51.8 -257.6
20211220233743  -758.1 -52.0 -257.6
20211220233744  -758.1 -52.1 -257.6
20211220233745  -758.4 -52.3 -257.3
20211220233746  -758.5 -52.5 -257.7
20211220233747  -759.1 -52.6 -257.9
20211220233748  -759.3 -52.5 -258.0
20211220233749  -760.0 -52.6 -258.0
20211220233750  -760.4 -53.0 -257.7
20211220233751  -760.5 -53.2 -257.6
20211220233752  -761.3 -52.7 -257.2
20211220233753  -762.0 -52.5 -257.3
20211220233754  -763.4 -52.6 -257.6
20211220233755  -764.6 -52.2 -257.2
20211220233756  -765.2 -52.1 -257.3
20211220233757  -765.6 -52.0 -257.1
20211220233758  -766.5 -51.4 -257.1
20211220233759  -767.2 -51.1 -257.3
20211220233800  -768.3 -51.0 -257.2
20211220233801  -769.2 -50.7 -256.9
20211220233802  -770.0 -50.5 -257.0
20211220233803  -770.2 -50.5 -256.7
20211220233804  -770.6 -50.5 -256.4
20211220233805  -770.5 -50.4 -256.0
20211220233806  -770.5 -50.8 -255.7
20211220233807  -770.6 -50.9 -255.6
20211220233808  -770.5 -50.7 -255.6
20211220233809  -770.2 -51.1 -255.0
20211220233810  -770.0 -51.3 -255.0
20211220233811  -769.4 -51.5 -254.8
20211220233812  -769.4 -51.3 -254.3
20211220233813  -769.4 -51.6 -254.2
