20211116203631  -678.1 -82.2 -183.2
20211116203632  -677.9 -82.1 -183.1
20211116203633  -677.8 -81.9 -183.0
20211116203634  -677.8 -82.2 -183.2
20211116203635  -677.8 -82.2 -183.5
20211116203636  -677.9 -82.2 -183.3
20211116203637  -677.7 -81.9 -183.3
20211116203638  -677.8 -82.1 -183.3
20211116203639  -677.9 -82.1 -183.2
20211116203640  -677.8 -81.8 -183.3
20211116203641  -678.0 -81.7 -183.3
20211116203642  -678.1 -81.9 -183.2
20211116203643  -678.0 -81.8 -183.2
20211116203644  -677.8 -81.4 -183.1
20211116203645  -677.8 -81.5 -183.3
20211116203646  -677.5 -81.4 -183.1
20211116203647  -677.8 -81.6 -183.2
20211116203648  -677.9 -81.5 -183.3
20211116203649  -677.8 -81.6 -183.2
20211116203650  -677.7 -81.4 -182.9
20211116203651  -677.5 -81.7 -183.0
20211116203652  -677.7 -81.7 -183.1
20211116203653  -677.9 -81.6 -182.9
20211116203654  -677.6 -81.9 -183.3
20211116203655  -677.5 -81.6 -183.1
20211116203656  -677.7 -81.7 -183.1
20211116203657  -677.5 -81.5 -183.1
20211116203658  -677.8 -81.5 -182.9
20211116203659  -677.8 -81.6 -182.9
20211116203700  -677.8 -81.7 -182.9
20211116203701  -677.8 -81.7 -183.1
20211116203702  -677.8 -81.8 -183.0
20211116203703  -677.5 -81.8 -183.0
20211116203704  -677.4 -81.8 -182.9
20211116203705  -677.2 -81.6 -182.7
20211116203706  -677.1 -81.6 -183.0
20211116203707  -677.1 -81.5 -183.3
20211116203708  -677.1 -81.9 -183.1
20211116203709  -677.1 -81.8 -183.1
20211116203710  -677.0 -81.7 -182.8
20211116203711  -677.0 -81.6 -182.8
20211116203712  -677.0 -81.4 -182.7
20211116203713  -676.9 -81.4 -182.8
20211116203714  -676.8 -81.3 -183.0
20211116203715  -676.8 -81.2 -182.5
20211116203716  -676.9 -81.2 -182.8
20211116203717  -676.8 -81.1 -182.7
20211116203718  -676.8 -81.5 -182.5
20211116203719  -676.5 -81.3 -182.7
20211116203720  -676.6 -81.0 -182.6
20211116203721  -676.3 -81.2 -182.6
20211116203722  -676.5 -81.3 -182.5
20211116203723  -676.1 -81.1 -182.2
20211116203724  -676.2 -81.1 -182.5
20211116203725  -675.9 -81.3 -182.3
20211116203726  -675.9 -81.1 -182.4
20211116203727  -675.7 -81.2 -182.5
20211116203728  -675.7 -81.3 -182.5
20211116203729  -675.7 -81.2 -182.4
20211116203730  -675.7 -81.2 -182.7
20211116203731  -675.5 -81.2 -182.3
20211116203732  -675.6 -81.1 -182.3
20211116203733  -675.3 -81.3 -182.5
20211116203734  -675.4 -81.5 -182.6
20211116203735  -675.3 -81.0 -182.6
20211116203736  -675.3 -81.1 -182.7
20211116203737  -675.4 -80.9 -182.8
20211116203738  -675.3 -80.9 -182.6
20211116203739  -675.2 -80.9 -182.7
20211116203740  -675.3 -81.1 -182.9
20211116203741  -674.9 -80.8 -182.3
20211116203742  -675.2 -81.0 -182.8
20211116203743  -674.9 -81.1 -182.4
20211116203744  -675.3 -80.9 -182.4
20211116203745  -675.3 -80.7 -182.4
20211116203746  -675.2 -80.6 -182.5
20211116203747  -675.1 -80.7 -182.5
20211116203748  -674.9 -80.6 -182.2
20211116203749  -675.1 -80.7 -182.3
20211116203750  -675.2 -80.7 -182.0
20211116203751  -674.7 -80.6 -182.1
20211116203752  -674.7 -80.6 -182.2
20211116203753  -674.7 -80.4 -182.2
20211116203754  -674.4 -80.1 -181.8
20211116203755  -674.5 -80.5 -181.9
20211116203756  -674.3 -80.3 -181.6
20211116203757  -674.1 -80.3 -181.7
20211116203758  -674.0 -80.2 -181.9
20211116203759  -673.9 -80.3 -181.5
20211116203800  -674.3 -80.4 -181.8
20211116203801  -674.2 -80.2 -182.2
20211116203802  -674.1 -80.5 -182.0
20211116203803  -674.3 -80.2 -181.9
20211116203804  -674.0 -80.4 -181.9
20211116203805  -673.8 -80.5 -181.9
20211116203806  -673.9 -80.2 -182.0
20211116203807  -674.0 -80.1 -182.1
20211116203808  -673.8 -79.8 -182.0
20211116203809  -674.1 -80.0 -181.8
20211116203810  -673.5 -80.1 -182.0
20211116203811  -673.0 -79.9 -181.7
20211116203812  -673.1 -79.8 -181.5
20211116203813  -673.0 -79.7 -181.3
20211116203814  -672.8 -79.8 -181.5
20211116203815  -672.9 -79.9 -181.4
20211116203816  -672.9 -79.8 -181.3
20211116203817  -672.9 -80.1 -181.4
20211116203818  -672.9 -80.0 -181.4
20211116203819  -672.7 -80.1 -181.1
20211116203820  -672.6 -79.8 -180.9
20211116203821  -672.7 -79.8 -181.0
20211116203822  -672.7 -80.1 -180.9
20211116203823  -672.3 -79.8 -180.8
20211116203824  -672.4 -79.9 -180.9
20211116203825  -671.8 -79.7 -180.7
20211116203826  -672.1 -79.6 -180.9
20211116203827  -672.0 -79.6 -180.7
20211116203828  -671.8 -79.4 -180.8
20211116203829  -671.9 -79.2 -180.8
20211116203830  -671.9 -79.4 -180.8
20211116203831  -671.8 -79.4 -180.8
20211116203832  -671.8 -79.3 -180.9
20211116203833  -671.5 -79.5 -180.9
20211116203834  -671.5 -79.7 -180.8
20211116203835  -671.3 -79.4 -180.7
20211116203836  -671.4 -79.2 -180.5
20211116203837  -671.3 -79.3 -180.6
20211116203838  -671.3 -79.2 -180.7
20211116203839  -671.3 -79.2 -180.7
20211116203840  -671.1 -79.0 -180.4
20211116203841  -671.0 -79.0 -180.5
20211116203842  -670.2 -78.9 -179.8
20211116203843  -671.0 -78.9 -180.4
20211116203844  -670.6 -79.0 -180.5
20211116203845  -670.6 -79.4 -180.4
20211116203846  -670.9 -79.1 -180.4
20211116203847  -670.8 -79.3 -180.3
20211116203848  -670.6 -79.4 -180.0
20211116203849  -670.6 -79.3 -180.1
20211116203850  -670.7 -79.1 -180.4
20211116203851  -670.6 -79.1 -180.3
20211116203852  -670.6 -79.1 -180.2
20211116203853  -670.5 -79.3 -180.2
20211116203854  -670.3 -79.1 -180.0
20211116203855  -670.4 -79.2 -179.8
20211116203856  -670.5 -79.4 -180.1
20211116203857  -670.6 -79.2 -180.0
20211116203858  -670.2 -79.1 -180.2
20211116203859  -670.2 -78.9 -179.8
20211116203900  -670.2 -78.9 -180.0
20211116203901  -670.3 -78.9 -180.1
20211116203902  -669.8 -78.6 -180.0
20211116203903  -670.0 -78.7 -179.9
20211116203904  -670.0 -78.4 -179.9
20211116203905  -669.8 -78.7 -179.8
20211116203906  -669.7 -78.7 -179.2
20211116203907  -669.7 -78.5 -179.5
20211116203908  -669.9 -78.7 -179.8
20211116203909  -669.5 -78.9 -179.7
20211116203910  -669.5 -78.9 -179.5
20211116203911  -669.3 -78.8 -179.9
20211116203912  -668.2 -78.6 -179.5
20211116203913  -668.3 -78.3 -179.2
20211116203914  -668.6 -78.2 -179.7
20211116203915  -668.8 -78.3 -179.6
20211116203916  -668.7 -78.1 -179.6
20211116203917  -668.8 -78.3 -179.8
20211116203918  -668.7 -78.4 -179.8
20211116203919  -669.1 -78.3 -179.6
20211116203920  -668.8 -78.6 -179.8
20211116203921  -669.0 -78.4 -179.5
20211116203922  -668.8 -78.5 -179.5
20211116203923  -668.7 -78.5 -179.6
20211116203924  -668.8 -78.5 -179.3
20211116203925  -668.7 -78.4 -179.5
20211116203926  -668.5 -78.3 -179.7
20211116203927  -668.8 -78.4 -179.1
20211116203928  -668.9 -78.3 -179.3
20211116203929  -668.8 -78.5 -179.3
20211116203930  -668.9 -78.6 -179.4
20211116203931  -668.7 -78.4 -179.7
20211116203932  -668.8 -78.7 -179.7
20211116203933  -669.0 -78.9 -179.9
20211116203934  -669.0 -78.6 -179.7
20211116203935  -669.1 -78.9 -179.7
20211116203936  -669.1 -79.2 -179.5
20211116203937  -669.1 -79.0 -179.9
20211116203938  -669.1 -78.9 -179.8
20211116203939  -669.2 -79.1 -179.8
20211116203940  -669.2 -79.0 -179.9
20211116203941  -669.4 -79.1 -179.7
20211116203942  -669.2 -79.1 -179.9
20211116203943  -668.5 -78.8 -179.4
20211116203944  -669.2 -78.8 -179.6
20211116203945  -669.7 -79.2 -180.0
20211116203946  -669.6 -78.8 -180.2
20211116203947  -669.7 -79.0 -180.1
20211116203948  -669.5 -79.1 -179.9
20211116203949  -669.4 -79.2 -180.0
20211116203950  -669.6 -79.1 -179.9
20211116203951  -669.4 -79.4 -180.0
20211116203952  -669.8 -79.1 -179.9
20211116203953  -669.8 -79.1 -179.8
20211116203954  -670.2 -79.7 -179.9
20211116203955  -669.9 -79.4 -179.7
20211116203956  -669.6 -79.5 -179.8
20211116203957  -669.8 -79.1 -179.6
20211116203958  -669.9 -79.1 -179.9
20211116203959  -670.1 -78.9 -180.0
20211116204000  -669.7 -79.1 -179.8
20211116204001  -669.4 -79.3 -180.0
20211116204002  -669.6 -79.1 -179.8
20211116204003  -669.5 -79.3 -179.9
20211116204004  -669.8 -79.1 -180.1
20211116204005  -669.4 -79.1 -180.0
20211116204006  -669.5 -79.4 -179.9
20211116204007  -669.4 -78.9 -179.9
20211116204008  -669.4 -79.0 -180.0
20211116204009  -669.4 -79.0 -180.1
20211116204010  -669.6 -78.9 -180.4
20211116204011  -669.5 -79.0 -180.3
20211116204012  -669.6 -78.9 -180.2
20211116204013  -668.6 -78.7 -179.5
20211116204014  -669.2 -78.7 -179.6
20211116204015  -669.7 -79.0 -179.8
20211116204016  -669.5 -79.3 -179.8
20211116204017  -669.6 -79.3 -179.7
20211116204018  -669.6 -79.2 -179.7
20211116204019  -669.5 -79.7 -179.7
20211116204020  -669.8 -79.5 -179.9
20211116204021  -669.8 -79.5 -179.9
20211116204022  -670.0 -79.2 -180.0
20211116204023  -670.2 -79.2 -180.0
20211116204024  -670.2 -79.3 -180.0
20211116204025  -670.2 -79.4 -180.3
20211116204026  -670.3 -79.2 -180.2
20211116204027  -670.4 -79.1 -180.2
20211116204028  -670.2 -79.2 -179.9
20211116204029  -670.2 -79.4 -180.1
20211116204030  -670.1 -79.2 -180.3
20211116204031  -670.1 -79.2 -180.0
20211116204032  -670.1 -78.9 -180.3
20211116204033  -670.1 -79.2 -180.3
20211116204034  -670.2 -79.2 -179.9
20211116204035  -670.3 -79.3 -180.1
20211116204036  -670.2 -79.3 -180.0
20211116204037  -670.4 -79.4 -179.9
20211116204038  -670.1 -79.4 -180.1
20211116204039  -670.3 -79.4 -180.1
20211116204040  -670.4 -79.3 -180.0
20211116204041  -670.6 -79.6 -180.1
20211116204042  -670.7 -79.5 -180.5
20211116204043  -670.2 -79.8 -180.3
20211116204044  -670.2 -79.8 -179.7
20211116204045  -670.5 -79.7 -180.3
20211116204046  -670.4 -79.9 -180.1
20211116204047  -670.0 -80.0 -180.1
20211116204048  -670.6 -79.8 -180.5
20211116204049  -670.5 -79.6 -180.2
20211116204050  -670.9 -79.9 -180.2
20211116204051  -670.8 -79.9 -180.3
20211116204052  -671.0 -79.8 -180.4
20211116204053  -671.0 -79.9 -180.4
20211116204054  -671.1 -80.0 -180.4
20211116204055  -671.2 -80.0 -180.1
20211116204056  -671.4 -79.9 -180.4
20211116204057  -671.2 -80.0 -180.6
20211116204058  -671.2 -80.3 -180.4
20211116204059  -671.3 -80.1 -180.3
20211116204100  -671.1 -80.1 -180.7
20211116204101  -671.3 -80.3 -180.7
20211116204102  -671.3 -80.4 -180.9
20211116204103  -671.3 -80.1 -180.9
20211116204104  -671.4 -80.3 -181.1
20211116204105  -671.4 -80.2 -181.2
20211116204106  -671.6 -80.3 -181.0
20211116204107  -671.5 -80.2 -181.0
20211116204108  -671.6 -80.1 -181.1
20211116204109  -671.5 -80.2 -181.3
20211116204110  -671.7 -80.3 -181.3
20211116204111  -671.4 -80.1 -180.9
20211116204112  -671.8 -80.3 -181.3
20211116204113  -671.9 -80.2 -181.3
20211116204114  -671.4 -80.2 -180.9
20211116204115  -672.1 -80.3 -181.6
20211116204116  -672.3 -80.4 -181.2
20211116204117  -672.5 -80.5 -181.5
20211116204118  -672.3 -80.4 -181.4
20211116204119  -672.4 -80.2 -181.4
20211116204120  -672.4 -80.2 -181.3
20211116204121  -672.5 -80.2 -181.4
20211116204122  -672.4 -80.0 -181.4
20211116204123  -672.6 -80.1 -181.4
20211116204124  -672.7 -80.3 -181.5
20211116204125  -672.7 -80.2 -181.5
20211116204126  -672.6 -80.2 -181.3
20211116204127  -672.9 -80.5 -181.3
20211116204128  -672.8 -80.5 -181.3
20211116204129  -672.8 -80.5 -181.4
20211116204130  -672.9 -80.5 -181.3
20211116204131  -673.0 -80.5 -181.3
20211116204132  -673.0 -80.3 -181.0
20211116204133  -672.9 -80.3 -181.2
20211116204134  -672.8 -80.2 -181.1
20211116204135  -673.0 -80.2 -181.4
20211116204136  -673.2 -80.4 -181.4
20211116204137  -672.8 -80.5 -181.4
20211116204138  -672.8 -80.6 -181.5
20211116204139  -672.8 -80.4 -181.5
20211116204140  -672.7 -80.8 -181.4
20211116204141  -672.9 -80.6 -181.8
20211116204142  -673.1 -80.8 -181.6
20211116204143  -673.1 -80.6 -181.8
20211116204144  -672.6 -80.5 -181.5
20211116204145  -672.8 -80.4 -181.1
20211116204146  -673.2 -80.5 -181.4
20211116204147  -673.0 -80.4 -181.6
20211116204148  -673.3 -80.4 -181.9
20211116204149  -673.3 -80.3 -181.7
20211116204150  -673.4 -80.2 -181.9
20211116204151  -673.5 -80.5 -181.9
20211116204152  -673.6 -80.1 -181.8
20211116204153  -673.5 -80.1 -181.9
20211116204154  -673.7 -80.6 -181.7
20211116204155  -673.7 -80.7 -181.9
20211116204156  -673.7 -80.9 -182.0
20211116204157  -673.6 -80.9 -182.0
20211116204158  -673.9 -80.6 -181.9
20211116204159  -673.5 -80.5 -181.7
20211116204200  -673.6 -80.8 -181.8
20211116204201  -673.6 -80.7 -182.1
20211116204202  -673.6 -80.9 -182.0
20211116204203  -673.7 -80.6 -181.9
20211116204204  -673.7 -80.6 -182.0
20211116204205  -673.5 -80.7 -182.2
20211116204206  -673.6 -80.9 -182.2
20211116204207  -673.8 -80.7 -182.1
20211116204208  -673.4 -80.8 -181.9
20211116204209  -673.3 -81.2 -181.8
20211116204210  -673.7 -81.3 -181.7
20211116204211  -673.5 -81.2 -182.0
20211116204212  -673.5 -80.9 -181.8
20211116204213  -673.6 -80.8 -181.8
20211116204214  -673.5 -80.7 -181.9
20211116204215  -672.9 -80.8 -181.1
20211116204216  -673.6 -81.2 -181.9
20211116204217  -673.8 -81.1 -182.1
20211116204218  -673.8 -81.2 -181.8
20211116204219  -673.9 -80.9 -182.2
20211116204220  -673.6 -80.7 -182.2
20211116204221  -673.8 -81.1 -182.1
20211116204222  -673.9 -81.2 -182.3
20211116204223  -673.9 -81.0 -182.1
20211116204224  -673.9 -80.8 -182.1
20211116204225  -673.7 -80.8 -182.3
20211116204226  -673.9 -80.8 -182.1
20211116204227  -674.3 -80.6 -182.2
20211116204228  -674.0 -80.7 -182.2
20211116204229  -674.2 -80.8 -182.3
20211116204230  -673.9 -80.7 -182.4
20211116204231  -674.1 -81.0 -182.2
20211116204232  -674.2 -81.0 -182.3
20211116204233  -674.1 -80.8 -182.0
20211116204234  -674.2 -81.0 -182.2
20211116204235  -674.3 -81.0 -182.3
20211116204236  -674.3 -80.9 -182.2
20211116204237  -674.1 -80.7 -182.3
20211116204238  -674.5 -80.9 -182.4
20211116204239  -674.3 -80.8 -182.3
20211116204240  -674.5 -80.6 -181.9
20211116204241  -674.3 -80.8 -182.2
20211116204242  -674.4 -80.7 -182.1
20211116204243  -674.2 -80.6 -182.1
20211116204244  -674.4 -80.5 -182.1
20211116204245  -673.5 -80.9 -181.9
20211116204246  -673.9 -80.9 -181.6
20211116204247  -674.1 -80.8 -182.4
20211116204248  -674.2 -80.8 -182.1
20211116204249  -674.4 -81.1 -182.1
20211116204250  -674.6 -81.1 -182.3
20211116204251  -674.4 -80.9 -182.3
20211116204252  -674.4 -81.0 -182.1
20211116204253  -674.6 -80.8 -182.1
20211116204254  -674.5 -81.0 -182.4
20211116204255  -674.5 -80.9 -182.2
20211116204256  -674.6 -80.8 -182.3
20211116204257  -674.6 -81.0 -182.5
20211116204258  -674.8 -81.0 -182.7
20211116204259  -674.7 -81.0 -182.5
20211116204300  -675.0 -81.2 -182.5
20211116204301  -675.1 -81.1 -182.3
20211116204302  -674.8 -81.1 -182.4
20211116204303  -675.0 -81.2 -182.6
20211116204304  -674.9 -81.3 -182.6
20211116204305  -674.9 -81.2 -182.6
20211116204306  -675.1 -81.1 -182.5
20211116204307  -675.2 -81.3 -182.6
20211116204308  -674.9 -81.1 -182.4
20211116204309  -675.2 -81.0 -182.7
20211116204310  -675.0 -81.3 -182.7
20211116204311  -675.3 -81.1 -182.4
20211116204312  -675.1 -81.0 -182.6
20211116204313  -675.2 -81.3 -182.8
20211116204314  -675.1 -81.2 -182.4
20211116204315  -674.6 -81.5 -182.6
20211116204316  -674.3 -80.7 -182.0
20211116204317  -674.8 -80.7 -182.3
20211116204318  -675.2 -80.8 -182.8
20211116204319  -674.9 -80.8 -182.6
20211116204320  -674.8 -80.6 -182.5
20211116204321  -674.9 -80.7 -182.7
20211116204322  -674.9 -80.8 -183.0
20211116204323  -674.6 -81.2 -182.8
20211116204324  -674.7 -81.1 -183.1
20211116204325  -674.9 -81.0 -183.0
20211116204326  -675.0 -80.8 -183.0
20211116204327  -675.2 -81.1 -182.9
20211116204328  -675.1 -81.3 -183.0
20211116204329  -674.8 -81.1 -182.9
20211116204330  -675.0 -80.8 -183.0
20211116204331  -674.8 -81.2 -182.9
20211116204332  -674.6 -81.3 -182.8
20211116204333  -674.9 -81.0 -182.7
20211116204334  -675.0 -81.5 -182.7
20211116204335  -674.6 -81.3 -182.4
20211116204336  -674.7 -81.5 -182.6
20211116204337  -674.8 -81.4 -182.6
20211116204338  -674.9 -81.5 -182.9
20211116204339  -674.8 -81.4 -183.2
20211116204340  -674.7 -81.4 -182.9
20211116204341  -674.9 -81.7 -183.0
20211116204342  -674.9 -81.4 -183.0
20211116204343  -675.1 -81.5 -182.8
20211116204344  -674.7 -81.5 -182.9
20211116204345  -674.3 -81.6 -182.9
20211116204346  -674.0 -81.5 -182.2
20211116204347  -673.8 -81.5 -182.0
20211116204348  -674.5 -81.5 -182.5
20211116204349  -674.9 -81.6 -182.9
20211116204350  -674.9 -81.8 -182.8
20211116204351  -675.0 -81.9 -183.0
20211116204352  -675.1 -82.1 -182.8
20211116204353  -675.1 -82.1 -183.3
20211116204354  -675.0 -81.8 -183.1
20211116204355  -675.3 -81.7 -183.1
20211116204356  -675.2 -81.8 -183.1
20211116204357  -675.3 -81.7 -183.3
20211116204358  -675.0 -81.8 -183.2
20211116204359  -675.2 -81.9 -183.2
20211116204400  -675.1 -82.3 -183.3
20211116204401  -675.2 -82.0 -183.1
20211116204402  -675.3 -82.0 -183.1
20211116204403  -675.3 -82.1 -182.9
20211116204404  -675.2 -82.3 -183.1
20211116204405  -675.7 -82.3 -183.2
20211116204406  -675.1 -82.2 -183.1
20211116204407  -674.7 -82.0 -183.1
20211116204408  -675.0 -82.2 -183.1
20211116204409  -675.0 -82.1 -183.1
20211116204410  -674.7 -82.1 -182.8
20211116204411  -675.1 -82.2 -182.8
20211116204412  -674.8 -81.9 -182.9
20211116204413  -674.8 -82.0 -183.0
20211116204414  -674.8 -82.0 -183.1
20211116204415  -674.6 -81.8 -183.2
20211116204416  -673.8 -81.7 -182.6
20211116204417  -673.5 -81.7 -182.1
20211116204418  -673.3 -81.7 -182.1
20211116204419  -674.2 -81.8 -182.6
20211116204420  -673.8 -81.8 -182.8
20211116204421  -674.1 -81.9 -183.0
20211116204422  -674.0 -81.8 -182.9
20211116204423  -673.9 -82.2 -183.2
20211116204424  -673.9 -82.0 -182.8
20211116204425  -673.9 -81.9 -182.8
20211116204426  -674.0 -82.0 -183.1
20211116204427  -674.0 -82.3 -183.5
20211116204428  -673.8 -82.1 -183.4
20211116204429  -674.2 -81.9 -183.2
20211116204430  -674.0 -82.2 -183.4
20211116204431  -674.0 -82.0 -183.4
20211116204432  -673.8 -81.9 -183.3
20211116204433  -674.0 -82.2 -183.1
20211116204434  -674.0 -82.4 -183.3
20211116204435  -673.9 -82.1 -183.3
20211116204436  -674.2 -82.0 -183.5
20211116204437  -673.9 -82.0 -183.4
20211116204438  -673.8 -82.2 -183.2
20211116204439  -673.6 -82.4 -183.3
20211116204440  -673.9 -82.0 -183.1
20211116204441  -674.0 -82.0 -183.2
20211116204442  -674.0 -82.0 -183.3
20211116204443  -673.8 -82.0 -183.3
20211116204444  -674.0 -81.9 -183.3
20211116204445  -673.6 -81.9 -183.3
20211116204446  -673.2 -82.1 -182.9
20211116204447  -673.3 -81.7 -183.0
20211116204448  -672.8 -81.9 -182.6
20211116204449  -672.8 -82.0 -182.2
20211116204450  -673.6 -81.8 -182.9
20211116204451  -674.0 -81.9 -183.2
20211116204452  -673.9 -81.9 -182.8
20211116204453  -673.5 -81.9 -182.8
20211116204454  -673.5 -81.6 -182.9
20211116204455  -673.6 -81.5 -183.0
20211116204456  -673.5 -82.0 -183.0
20211116204457  -673.1 -81.7 -182.8
20211116204458  -673.1 -81.8 -183.2
20211116204459  -672.9 -81.8 -183.0
20211116204500  -672.9 -81.8 -183.0
20211116204501  -672.7 -81.9 -182.8
20211116204502  -672.7 -81.8 -183.1
20211116204503  -672.6 -81.9 -182.9
20211116204504  -672.4 -82.2 -182.7
20211116204505  -672.4 -81.9 -182.7
20211116204506  -672.3 -81.8 -182.8
20211116204507  -672.4 -82.2 -182.9
20211116204508  -672.5 -82.1 -182.8
20211116204509  -672.7 -82.2 -183.1
20211116204510  -672.8 -82.5 -183.1
20211116204511  -672.4 -82.3 -183.3
20211116204512  -672.6 -82.4 -183.1
20211116204513  -672.5 -82.3 -183.1
20211116204514  -672.3 -82.3 -183.2
20211116204515  -672.4 -82.4 -183.1
20211116204516  -672.0 -82.7 -182.8
20211116204517  -671.3 -82.4 -182.4
20211116204518  -671.2 -82.0 -182.2
20211116204519  -670.9 -82.1 -182.2
20211116204520  -672.0 -82.1 -182.3
20211116204521  -671.7 -82.2 -182.8
20211116204522  -671.6 -82.1 -182.6
20211116204523  -671.4 -82.0 -182.6
20211116204524  -671.6 -82.2 -182.8
20211116204525  -671.5 -82.2 -182.9
20211116204526  -671.8 -82.2 -182.6
20211116204527  -671.6 -82.0 -182.7
20211116204528  -671.7 -82.4 -182.8
20211116204529  -671.5 -82.4 -183.0
20211116204530  -671.6 -82.6 -183.1
20211116204531  -671.8 -82.7 -183.2
20211116204532  -672.2 -82.4 -183.0
20211116204533  -671.9 -82.2 -182.7
20211116204534  -672.0 -82.2 -183.0
20211116204535  -672.4 -82.4 -182.7
20211116204536  -672.3 -82.5 -182.6
20211116204537  -672.3 -82.4 -182.9
20211116204538  -672.0 -82.5 -182.8
20211116204539  -672.1 -82.3 -183.1
20211116204540  -672.4 -82.5 -183.1
20211116204541  -672.3 -82.6 -182.8
20211116204542  -672.1 -82.2 -183.2
20211116204543  -672.4 -82.3 -183.1
20211116204544  -672.6 -82.3 -182.9
20211116204545  -672.5 -82.4 -183.0
20211116204546  -672.4 -82.6 -182.9
20211116204547  -671.7 -82.3 -182.5
20211116204548  -671.4 -82.2 -182.1
20211116204549  -671.4 -82.2 -182.1
20211116204550  -672.2 -82.2 -182.4
20211116204551  -672.3 -82.5 -182.7
20211116204552  -672.2 -82.5 -182.7
20211116204553  -672.2 -82.5 -182.7
20211116204554  -672.2 -82.5 -182.9
20211116204555  -672.3 -82.6 -182.6
20211116204556  -672.3 -82.8 -182.7
20211116204557  -672.2 -82.8 -182.5
20211116204558  -672.2 -82.8 -182.8
20211116204559  -671.9 -82.9 -182.7
20211116204600  -672.1 -82.5 -182.9
20211116204601  -672.3 -82.4 -182.9
20211116204602  -672.4 -82.1 -182.9
20211116204603  -672.5 -82.4 -182.6
20211116204604  -672.5 -82.6 -182.9
20211116204605  -672.6 -82.6 -182.9
20211116204606  -672.3 -82.7 -183.0
20211116204607  -672.3 -82.7 -182.7
20211116204608  -672.3 -82.6 -183.0
20211116204609  -672.1 -82.5 -182.8
20211116204610  -672.2 -82.5 -182.7
20211116204611  -672.3 -82.5 -182.8
20211116204612  -672.4 -82.7 -182.7
20211116204613  -672.2 -82.2 -182.5
20211116204614  -672.0 -82.3 -182.8
20211116204615  -671.8 -82.5 -182.7
20211116204616  -671.8 -82.3 -182.7
20211116204617  -671.1 -82.3 -182.3
20211116204618  -670.7 -81.9 -181.8
20211116204619  -670.4 -81.7 -181.8
20211116204620  -670.8 -81.9 -182.0
20211116204621  -671.4 -82.2 -182.6
20211116204622  -671.1 -82.1 -182.6
20211116204623  -671.3 -82.3 -182.4
20211116204624  -671.3 -81.9 -182.2
20211116204625  -671.2 -82.1 -181.9
20211116204626  -671.1 -82.2 -182.1
20211116204627  -671.3 -82.2 -182.4
20211116204628  -671.3 -82.3 -182.5
20211116204629  -671.3 -82.2 -182.6
20211116204630  -671.6 -82.3 -182.6
20211116204631  -671.5 -82.3 -182.4
20211116204632  -671.4 -82.5 -182.5
20211116204633  -671.5 -82.3 -182.4
20211116204634  -671.5 -82.2 -182.5
20211116204635  -671.7 -82.2 -182.8
20211116204636  -671.8 -82.2 -182.9
20211116204637  -671.4 -82.2 -182.7
20211116204638  -671.5 -82.3 -182.7
20211116204639  -671.4 -82.3 -182.4
20211116204640  -671.5 -82.3 -182.3
20211116204641  -671.5 -82.3 -182.3
20211116204642  -671.6 -82.5 -182.4
20211116204643  -671.5 -82.4 -182.7
20211116204644  -671.7 -82.5 -182.4
20211116204645  -671.3 -82.3 -182.4
20211116204646  -671.4 -82.6 -182.5
20211116204647  -671.1 -82.7 -182.4
20211116204648  -670.7 -82.6 -182.3
20211116204649  -670.1 -82.2 -181.7
20211116204650  -670.5 -82.2 -181.5
20211116204651  -671.2 -82.5 -182.0
20211116204652  -671.1 -82.5 -181.9
20211116204653  -671.2 -82.4 -182.1
20211116204654  -671.0 -82.4 -182.2
20211116204655  -671.0 -82.4 -182.2
20211116204656  -671.1 -82.4 -182.2
20211116204657  -671.1 -82.6 -182.2
20211116204658  -670.9 -82.6 -182.0
20211116204659  -671.3 -82.3 -182.0
20211116204700  -671.2 -82.5 -181.9
20211116204701  -671.0 -82.3 -181.9
20211116204702  -670.9 -82.4 -182.1
20211116204703  -671.0 -82.4 -182.5
20211116204704  -670.8 -82.5 -182.6
20211116204705  -670.7 -82.3 -182.4
20211116204706  -670.7 -82.3 -182.4
20211116204707  -670.7 -82.2 -182.6
20211116204708  -670.9 -82.8 -182.7
20211116204709  -671.0 -82.4 -182.6
20211116204710  -671.2 -82.6 -182.6
20211116204711  -671.0 -82.4 -182.4
20211116204712  -671.2 -82.5 -182.4
20211116204713  -671.2 -82.6 -182.4
20211116204714  -671.3 -82.6 -182.4
20211116204715  -671.0 -82.5 -182.3
20211116204716  -671.3 -82.4 -182.3
20211116204717  -671.2 -82.2 -182.7
20211116204718  -670.3 -82.5 -182.5
20211116204719  -670.3 -82.1 -182.1
20211116204720  -670.3 -82.1 -182.0
20211116204721  -671.3 -82.3 -182.7
20211116204722  -671.0 -82.5 -182.6
20211116204723  -671.2 -82.4 -182.6
20211116204724  -671.5 -82.2 -182.9
20211116204725  -671.6 -82.3 -182.5
20211116204726  -671.7 -82.3 -182.5
20211116204727  -671.5 -82.3 -182.3
20211116204728  -671.8 -82.1 -182.1
20211116204729  -672.0 -82.3 -182.4
20211116204730  -671.9 -82.5 -182.5
20211116204731  -671.9 -82.3 -182.3
20211116204732  -672.1 -82.6 -182.2
20211116204733  -672.0 -82.7 -182.4
20211116204734  -672.4 -82.5 -182.6
20211116204735  -672.5 -82.3 -182.1
20211116204736  -672.2 -82.5 -182.3
20211116204737  -672.2 -82.3 -182.5
20211116204738  -672.3 -82.3 -182.3
20211116204739  -672.1 -82.3 -182.3
20211116204740  -672.2 -82.7 -182.5
20211116204741  -672.4 -82.5 -182.3
20211116204742  -672.3 -82.2 -182.5
20211116204743  -672.4 -82.2 -182.4
20211116204744  -672.5 -82.4 -182.4
20211116204745  -672.8 -82.6 -182.3
20211116204746  -672.7 -82.4 -182.3
20211116204747  -672.4 -82.5 -182.3
20211116204748  -672.2 -82.5 -182.3
20211116204749  -671.9 -82.5 -181.5
20211116204750  -671.5 -82.2 -181.3
20211116204751  -672.4 -82.2 -181.7
20211116204752  -672.4 -82.3 -181.9
20211116204753  -672.3 -82.6 -181.8
20211116204754  -672.3 -82.2 -182.1
20211116204755  -672.4 -82.5 -182.0
20211116204756  -672.7 -82.6 -182.1
20211116204757  -672.6 -82.6 -182.1
20211116204758  -672.6 -82.6 -182.0
20211116204759  -672.8 -82.8 -182.1
20211116204800  -672.7 -82.6 -182.1
20211116204801  -672.6 -82.5 -182.2
20211116204802  -672.7 -82.7 -182.3
20211116204803  -672.6 -82.6 -182.4
20211116204804  -672.6 -83.0 -182.3
20211116204805  -672.6 -82.7 -182.4
20211116204806  -672.7 -82.3 -182.2
20211116204807  -672.7 -82.5 -182.1
20211116204808  -672.5 -83.0 -182.2
20211116204809  -672.4 -82.8 -182.3
20211116204810  -672.4 -82.6 -182.5
20211116204811  -672.2 -82.5 -182.7
20211116204812  -672.3 -82.6 -182.5
20211116204813  -672.2 -82.7 -182.4
20211116204814  -672.2 -82.9 -181.9
20211116204815  -672.2 -82.9 -182.1
20211116204816  -672.0 -82.6 -182.3
20211116204817  -672.5 -82.5 -182.2
