20211101223053  -673.6 -91.4 -193.1
20211101223054  -673.5 -91.4 -193.2
20211101223055  -673.6 -91.2 -193.3
20211101223056  -673.4 -91.2 -193.1
20211101223057  -673.4 -91.2 -193.5
20211101223058  -673.5 -91.0 -193.5
20211101223059  -673.4 -91.0 -193.4
20211101223100  -673.3 -91.1 -193.3
20211101223101  -673.4 -91.0 -193.4
20211101223102  -673.3 -90.8 -193.2
20211101223103  -672.7 -90.6 -193.0
20211101223104  -673.3 -90.3 -192.7
20211101223105  -673.4 -90.4 -193.1
20211101223106  -673.4 -90.2 -193.2
20211101223107  -673.3 -90.2 -193.2
20211101223108  -673.5 -90.0 -193.1
20211101223109  -673.8 -90.0 -193.3
20211101223110  -673.4 -90.2 -193.3
20211101223111  -673.5 -90.3 -193.4
20211101223112  -673.4 -90.2 -193.2
20211101223113  -673.2 -89.9 -193.2
20211101223114  -673.3 -89.8 -193.4
20211101223115  -673.4 -90.0 -193.3
20211101223116  -673.4 -89.7 -193.0
20211101223117  -673.3 -90.0 -193.1
20211101223118  -673.6 -90.0 -193.3
20211101223119  -673.5 -90.1 -193.4
20211101223120  -673.3 -89.8 -193.4
20211101223121  -673.2 -89.7 -193.4
20211101223122  -673.3 -89.6 -193.5
20211101223123  -673.4 -89.4 -193.1
20211101223124  -673.7 -89.1 -193.2
20211101223125  -673.6 -89.5 -193.3
20211101223126  -673.4 -89.4 -193.5
20211101223127  -673.5 -89.1 -193.2
20211101223128  -673.4 -89.1 -193.2
20211101223129  -673.4 -89.1 -193.1
20211101223130  -673.1 -89.1 -193.3
20211101223131  -673.2 -88.9 -193.3
20211101223132  -673.2 -88.8 -193.2
20211101223133  -672.7 -88.8 -193.0
20211101223134  -673.3 -88.7 -192.8
20211101223135  -673.0 -88.8 -193.1
20211101223136  -673.2 -88.8 -193.0
20211101223137  -673.0 -88.3 -192.9
20211101223138  -673.2 -88.5 -192.9
20211101223139  -673.5 -88.6 -192.9
20211101223140  -673.1 -88.4 -192.9
20211101223141  -673.1 -88.3 -192.9
20211101223142  -672.9 -88.6 -193.0
20211101223143  -672.9 -88.5 -192.9
20211101223144  -673.0 -88.7 -193.1
20211101223145  -673.1 -88.5 -193.2
20211101223146  -672.7 -88.6 -192.9
20211101223147  -672.8 -88.5 -192.9
20211101223148  -672.8 -88.5 -192.9
20211101223149  -672.3 -88.4 -192.6
20211101223150  -672.3 -88.3 -192.2
20211101223151  -672.4 -88.3 -192.4
20211101223152  -672.6 -88.4 -192.8
20211101223153  -672.0 -88.4 -192.9
20211101223154  -672.3 -88.3 -192.8
20211101223155  -672.2 -88.3 -192.5
20211101223156  -672.3 -88.3 -192.7
20211101223157  -671.8 -88.1 -192.6
20211101223158  -671.5 -87.9 -192.4
20211101223159  -671.5 -87.9 -192.5
20211101223200  -671.1 -87.6 -192.4
20211101223201  -671.1 -87.7 -192.3
20211101223202  -671.0 -87.7 -192.2
20211101223203  -670.8 -88.0 -191.9
20211101223204  -670.5 -87.5 -191.8
20211101223205  -670.8 -87.5 -192.0
20211101223206  -670.4 -87.7 -192.1
20211101223207  -670.3 -87.4 -192.1
20211101223208  -669.9 -87.3 -191.7
20211101223209  -670.0 -87.4 -191.7
20211101223210  -669.7 -87.4 -191.5
20211101223211  -669.5 -87.4 -191.3
20211101223212  -669.4 -87.3 -191.1
20211101223213  -669.3 -87.3 -191.4
20211101223214  -669.3 -87.1 -191.3
20211101223215  -668.7 -87.1 -191.1
20211101223216  -668.7 -87.3 -191.3
20211101223217  -668.5 -87.3 -191.3
20211101223218  -668.3 -87.2 -191.0
20211101223219  -668.4 -87.0 -191.1
20211101223220  -668.0 -87.2 -191.2
20211101223221  -667.8 -86.9 -191.0
20211101223222  -667.6 -86.8 -191.3
20211101223223  -667.3 -86.7 -191.3
20211101223224  -667.3 -86.5 -191.1
20211101223225  -667.1 -86.4 -191.2
20211101223226  -667.1 -86.8 -191.1
20211101223227  -667.0 -86.5 -191.0
20211101223228  -666.8 -86.4 -190.8
20211101223229  -666.6 -86.7 -190.9
20211101223230  -666.5 -86.6 -190.6
20211101223231  -666.2 -86.3 -190.2
20211101223232  -666.2 -86.3 -190.1
20211101223233  -666.2 -86.1 -190.6
20211101223234  -666.1 -86.0 -190.2
20211101223235  -666.3 -86.0 -190.4
20211101223236  -666.2 -86.0 -190.4
20211101223237  -666.2 -85.9 -190.3
20211101223238  -665.8 -85.8 -190.3
20211101223239  -665.7 -85.8 -190.3
20211101223240  -665.7 -86.0 -190.3
20211101223241  -665.4 -86.3 -190.2
20211101223242  -665.3 -85.9 -190.1
20211101223243  -665.4 -86.0 -190.2
20211101223244  -665.3 -86.1 -190.1
20211101223245  -664.8 -85.8 -190.1
20211101223246  -665.0 -85.8 -189.9
20211101223247  -664.7 -86.0 -190.1
20211101223248  -664.7 -85.7 -190.1
20211101223249  -664.9 -85.8 -190.1
20211101223250  -664.7 -85.6 -190.0
20211101223251  -664.5 -85.8 -189.8
20211101223252  -664.1 -85.6 -189.8
20211101223253  -663.8 -85.7 -189.7
20211101223254  -663.6 -85.8 -189.5
20211101223255  -663.7 -86.1 -189.7
20211101223256  -663.5 -86.0 -189.8
20211101223257  -663.2 -86.2 -189.9
20211101223258  -663.3 -86.1 -189.9
20211101223259  -663.0 -86.1 -189.8
20211101223300  -662.9 -86.2 -189.6
20211101223301  -662.6 -86.1 -189.5
20211101223302  -662.6 -86.1 -189.6
20211101223303  -662.7 -86.0 -189.4
20211101223304  -662.2 -85.8 -189.2
20211101223305  -662.6 -85.9 -189.7
20211101223306  -662.5 -86.0 -189.4
20211101223307  -662.2 -86.1 -189.5
20211101223308  -662.0 -85.9 -189.3
20211101223309  -662.2 -86.0 -189.5
20211101223310  -662.0 -86.1 -189.2
20211101223311  -662.0 -86.2 -189.4
20211101223312  -662.0 -86.1 -189.1
20211101223313  -661.7 -86.1 -189.2
20211101223314  -661.8 -86.0 -189.3
20211101223315  -661.8 -86.0 -189.0
20211101223316  -661.8 -86.1 -189.1
20211101223317  -661.9 -85.9 -188.9
20211101223318  -661.9 -86.3 -188.8
20211101223319  -661.9 -86.2 -188.9
20211101223320  -661.8 -86.1 -189.0
20211101223321  -661.6 -86.2 -189.2
20211101223322  -661.5 -85.8 -188.7
20211101223323  -661.4 -85.9 -189.4
20211101223324  -661.5 -86.2 -189.0
20211101223325  -661.7 -86.2 -189.1
20211101223326  -661.7 -86.2 -189.1
20211101223327  -661.8 -86.3 -189.2
20211101223328  -661.7 -86.3 -188.8
20211101223329  -661.9 -86.5 -188.9
20211101223330  -661.7 -86.5 -189.0
20211101223331  -661.7 -86.7 -189.0
20211101223332  -661.6 -86.5 -188.6
20211101223333  -661.9 -86.4 -188.8
20211101223334  -661.5 -86.5 -189.0
20211101223335  -661.9 -86.8 -189.2
20211101223336  -662.1 -86.5 -189.0
20211101223337  -661.9 -86.7 -189.0
20211101223338  -662.1 -86.7 -189.0
20211101223339  -661.7 -86.8 -188.7
20211101223340  -662.1 -86.9 -188.9
20211101223341  -662.1 -86.9 -188.7
20211101223342  -662.3 -86.7 -188.6
20211101223343  -662.0 -86.9 -189.0
20211101223344  -662.2 -86.7 -189.0
20211101223345  -662.2 -86.7 -189.0
20211101223346  -662.3 -87.0 -189.1
20211101223347  -662.1 -86.8 -189.1
20211101223348  -662.1 -87.0 -189.2
20211101223349  -662.5 -87.0 -189.0
20211101223350  -662.6 -86.9 -188.9
20211101223351  -662.3 -87.0 -189.0
20211101223352  -662.3 -87.3 -189.0
20211101223353  -662.2 -87.1 -188.9
20211101223354  -662.3 -87.2 -188.5
20211101223355  -662.5 -87.6 -188.7
20211101223356  -662.7 -87.8 -188.8
20211101223357  -662.4 -88.0 -189.0
20211101223358  -662.4 -87.8 -188.7
20211101223359  -662.5 -87.7 -188.6
20211101223400  -662.6 -87.7 -188.8
20211101223401  -662.6 -87.7 -188.7
20211101223402  -662.5 -87.8 -188.7
20211101223403  -662.6 -87.7 -188.4
20211101223404  -662.5 -87.9 -188.6
20211101223405  -662.4 -87.7 -188.5
20211101223406  -662.4 -87.7 -188.4
20211101223407  -662.4 -87.7 -188.5
20211101223408  -662.4 -87.5 -188.4
20211101223409  -662.7 -87.4 -188.6
20211101223410  -662.6 -87.5 -188.4
20211101223411  -662.8 -87.8 -187.8
20211101223412  -662.7 -87.8 -187.9
20211101223413  -662.9 -88.0 -188.1
20211101223414  -662.7 -87.7 -188.3
20211101223415  -662.9 -87.4 -188.3
20211101223416  -663.0 -87.6 -188.0
20211101223417  -662.8 -87.6 -188.1
20211101223418  -662.7 -87.2 -188.4
20211101223419  -662.5 -87.4 -188.2
20211101223420  -662.8 -87.2 -187.9
20211101223421  -662.7 -87.2 -187.9
20211101223422  -662.9 -87.3 -187.9
20211101223423  -662.6 -87.2 -187.7
20211101223424  -662.6 -87.6 -187.7
20211101223425  -662.9 -87.5 -188.0
20211101223426  -662.5 -87.4 -187.8
20211101223427  -662.6 -87.5 -187.9
