0235424  -871.6 7.1 -252.8
20211030235425  -871.6 6.3 -252.9
20211030235426  -872.0 5.8 -253.2
20211030235427  -872.1 5.7 -252.9
20211030235428  -872.5 6.2 -253.2
20211030235429  -872.6 6.3 -253.3
20211030235430  -873.3 6.2 -253.5
20211030235431  -873.2 6.1 -253.7
20211030235432  -873.5 6.2 -253.7
20211030235433  -873.7 5.9 -253.6
20211030235434  -873.8 5.0 -253.4
20211030235435  -873.7 4.2 -253.0
20211030235436  -873.2 3.8 -252.5
20211030235437  -873.4 3.3 -252.6
20211030235438  -873.2 3.5 -252.2
20211030235439  -872.9 4.6 -251.3
20211030235440  -872.7 5.4 -250.6
20211030235441  -872.6 6.2 -250.2
20211030235442  -872.4 6.4 -250.3
20211030235443  -872.2 6.2 -250.8
20211030235444  -872.4 5.3 -251.1
20211030235445  -872.5 4.2 -251.3
20211030235446  -872.6 3.4 -251.8
20211030235447  -872.9 2.5 -252.4
20211030235448  -873.4 2.3 -252.5
20211030235449  -873.6 2.4 -252.4
20211030235450  -873.6 3.2 -252.0
20211030235451  -873.6 4.6 -251.7
20211030235452  -873.1 5.9 -251.1
20211030235453  -872.9 7.3 -250.6
20211030235454  -872.6 8.3 -250.1
20211030235455  -872.2 8.4 -250.1
20211030235456  -872.1 7.9 -249.5
20211030235457  -871.7 7.5 -249.9
20211030235458  -871.6 6.3 -250.2
20211030235459  -871.6 4.8 -250.2
20211030235500  -871.4 3.6 -249.9
20211030235501  -871.6 3.0 -249.0
20211030235502  -871.8 2.8 -248.7
20211030235503  -871.5 3.0 -248.7
20211030235504  -871.7 3.4 -249.1
20211030235505  -871.5 3.1 -249.9
20211030235506  -870.9 3.6 -249.9
20211030235507  -871.1 3.7 -250.5
20211030235508  -870.7 4.2 -250.5
20211030235509  -870.5 5.0 -250.6
20211030235510  -870.3 5.1 -250.9
20211030235511  -870.5 5.0 -251.6
20211030235512  -870.4 4.9 -251.5
20211030235513  -870.3 4.4 -251.5
20211030235514  -870.3 4.3 -251.8
20211030235515  -870.2 4.6 -251.7
20211030235516  -870.4 4.8 -251.3
20211030235517  -869.7 5.0 -250.5
20211030235518  -869.7 5.2 -249.1
20211030235519  -869.5 6.3 -247.9
20211030235520  -869.6 6.9 -247.3
20211030235521  -870.1 7.8 -247.6
20211030235522  -870.4 8.8 -248.6
20211030235523  -871.1 9.3 -250.2
20211030235524  -871.4 9.6 -251.5
20211030235525  -871.9 9.2 -252.5
20211030235526  -872.2 8.9 -252.9
20211030235527  -872.0 8.2 -252.9
20211030235528  -871.9 8.0 -253.0
20211030235529  -871.6 8.0 -252.4
20211030235530  -871.4 7.7 -251.4
20211030235531  -871.3 8.1 -250.0
20211030235532  -870.8 8.3 -248.6
20211030235533  -870.3 9.3 -247.1
20211030235534  -869.8 10.3 -246.0
20211030235535  -869.2 11.5 -245.8
20211030235536  -868.4 12.6 -245.5
20211030235537  -868.4 12.9 -246.2
20211030235538  -868.4 12.9 -246.9
20211030235539  -868.9 12.8 -248.0
20211030235540  -869.3 11.8 -249.2
20211030235541  -869.7 10.9 -250.1
20211030235542  -870.1 10.0 -250.3
20211030235543  -870.1 9.5 -250.2
20211030235544  -870.2 9.5 -249.7
20211030235545  -870.3 9.9 -249.0
20211030235546  -870.3 9.9 -247.7
20211030235547  -870.4 10.3 -246.8
20211030235548  -870.7 9.9 -245.9
20211030235549  -870.6 9.7 -245.5
20211030235550  -870.2 9.0 -245.4
20211030235551  -870.0 9.1 -245.6
20211030235552  -869.7 9.7 -244.9
20211030235553  -869.7 10.5 -244.8
20211030235554  -869.7 11.6 -244.6
20211030235555  -869.8 11.4 -244.6
20211030235556  -870.3 11.3 -245.3
20211030235557  -870.8 10.7 -245.9
20211030235558  -871.6 9.7 -246.9
20211030235559  -871.9 8.9 -247.2
20211030235600  -872.3 8.2 -247.1
20211030235601  -872.6 7.9 -246.5
20211030235602  -872.4 7.9 -246.2
20211030235603  -872.4 8.2 -246.4
20211030235604  -872.5 8.8 -246.6
20211030235605  -872.6 9.5 -246.6
20211030235606  -872.6 10.1 -246.4
20211030235607  -873.1 10.5 -246.0
20211030235608  -873.5 10.6 -245.7
20211030235609  -873.1 10.8 -245.4
20211030235610  -873.1 10.4 -245.7
20211030235611  -872.6 10.0 -245.7
20211030235612  -872.0 9.1 -245.4
20211030235613  -871.4 8.3 -244.4
20211030235614  -870.7 7.5 -243.3
20211030235615  -870.3 7.0 -242.6
20211030235616  -870.0 6.5 -242.1
20211030235617  -869.8 6.6 -241.8
20211030235618  -869.9 7.1 -242.6
20211030235619  -870.2 8.0 -242.7
20211030235620  -870.8 8.8 -243.3
20211030235621  -871.0 9.3 -244.0
20211030235622  -871.3 9.3 -244.9
20211030235623  -871.5 8.3 -246.4
20211030235624  -871.9 6.4 -247.2
20211030235625  -872.5 4.8 -247.7
20211030235626  -872.4 3.0 -248.0
20211030235627  -872.9 1.7 -247.3
20211030235628  -873.3 0.9 -246.1
20211030235629  -873.2 0.0 -245.4
20211030235630  -873.5 -0.4 -244.8
20211030235631  -873.7 -0.2 -244.3
20211030235632  -873.8 0.5 -243.8
20211030235633  -874.1 1.5 -243.6
20211030235634  -874.3 3.5 -243.5
20211030235635  -874.8 5.3 -243.5
20211030235636  -874.7 7.5 -243.5
20211030235637  -874.7 8.8 -243.8
20211030235638  -874.4 9.1 -243.7
20211030235639  -873.7 8.7 -243.7
20211030235640  -872.9 7.6 -244.1
20211030235641  -872.8 5.8 -244.5
20211030235642  -872.6 3.9 -245.1
20211030235643  -873.3 2.6 -245.3
20211030235644  -874.0 1.2 -245.5
20211030235645  -874.9 0.7 -245.6
20211030235646  -875.6 0.8 -245.6
20211030235647  -876.2 1.1 -245.0
20211030235648  -876.4 1.9 -245.0
20211030235649  -876.3 3.2 -244.9
20211030235650  -876.6 4.0 -245.1
20211030235651  -876.0 5.3 -244.8
20211030235652  -875.8 6.5 -244.7
20211030235653  -875.3 7.4 -243.5
20211030235654  -874.9 8.6 -242.7
20211030235655  -874.7 9.3 -241.8
20211030235656  -874.6 9.5 -241.1
20211030235657  -874.9 9.0 -241.0
20211030235658  -875.0 7.6 -241.2
20211030235659  -875.1 5.8 -241.3
20211030235700  -875.5 4.2 -241.2
20211030235701  -875.5 2.9 -241.2
20211030235702  -875.7 2.0 -241.1
20211030235703  -875.6 1.3 -241.4
20211030235704  -875.6 1.2 -241.7
20211030235705  -875.9 1.6 -242.1
20211030235706  -876.0 2.0 -243.0
20211030235707  -875.8 3.0 -243.8
20211030235708  -876.2 4.2 -244.2
20211030235709  -876.0 5.7 -244.3
20211030235710  -875.5 6.5 -244.0
20211030235711  -875.2 7.4 -243.7
20211030235712  -875.1 7.9 -243.3
20211030235713  -875.5 7.9 -243.1
20211030235714  -875.8 7.6 -242.7
20211030235715  -876.1 7.5 -242.9
20211030235716  -876.6 7.2 -243.3
20211030235717  -876.6 7.2 -243.3
20211030235718  -876.8 7.2 -243.6
20211030235719  -876.5 6.7 -243.2
20211030235720  -877.1 5.6 -242.8
20211030235721  -876.9 4.6 -242.6
20211030235722  -877.1 3.3 -242.2
20211030235723  -876.9 3.1 -241.7
20211030235724  -877.2 2.6 -241.7
20211030235725  -877.8 2.6 -241.3
20211030235726  -877.9 2.6 -240.8
20211030235727  -877.6 2.1 -240.5
20211030235728  -877.2 1.5 -240.5
20211030235729  -877.1 0.4 -240.5
20211030235730  -877.1 -0.3 -240.9
20211030235731  -877.0 -0.4 -241.1
20211030235732  -877.3 -0.1 -240.7
20211030235733  -877.1 0.9 -240.7
20211030235734  -877.2 1.4 -240.3
20211030235735  -877.2 2.1 -240.3
20211030235736  -876.9 2.2 -239.4
20211030235737  -876.5 2.2 -239.8
20211030235738  -876.5 1.9 -240.0
20211030235739  -876.5 1.3 -239.9
20211030235740  -876.7 0.7 -239.7
20211030235741  -876.9 0.6 -239.4
20211030235742  -877.3 1.0 -238.6
20211030235743  -877.8 1.5 -237.3
20211030235744  -877.8 2.3 -236.1
20211030235745  -877.7 2.8 -235.2
20211030235746  -877.3 3.2 -234.4
20211030235747  -877.3 3.3 -234.1
20211030235748  -877.1 3.3 -234.0
20211030235749  -877.1 3.2 -234.6
20211030235750  -877.2 3.3 -235.7
20211030235751  -876.7 3.6 -236.4
20211030235752  -876.5 3.8 -236.9
20211030235753  -876.2 4.2 -237.0
20211030235754  -875.7 4.8 -236.8
20211030235755  -875.0 4.9 -236.7
20211030235756  -874.9 5.0 -236.6
20211030235757  -874.9 4.2 -236.6
20211030235758  -875.0 3.3 -236.6
20211030235759  -875.0 1.8 -236.6
20211030235800  -876.0 -0.2 -236.5
20211030235801  -876.4 -1.7 -236.2
20211030235802  -876.7 -2.7 -236.0
20211030235803  -877.3 -3.3 -236.0
20211030235804  -877.8 -3.3 -236.2
20211030235805  -877.9 -3.4 -236.1
20211030235806  -878.6 -3.2 -236.4
20211030235807  -878.3 -3.2 -235.9
20211030235808  -878.8 -2.9 -235.6
20211030235809  -878.5 -2.2 -235.1
20211030235810  -878.7 -1.6 -234.9
20211030235811  -878.4 -0.6 -235.1
20211030235812  -878.3 -0.2 -236.4
20211030235813  -878.6 -0.2 -237.8
20211030235814  -878.7 -0.9 -239.5
20211030235815  -878.6 -2.3 -240.1
20211030235816  -878.2 -3.6 -240.7
20211030235817  -878.3 -4.8 -241.2
20211030235818  -878.0 -5.6 -240.8
