.6
20211109134958  -673.5 -95.2 -185.6
20211109134959  -673.6 -95.2 -185.8
20211109135000  -673.7 -95.0 -185.6
20211109135001  -673.9 -94.9 -185.6
20211109135002  -674.0 -95.1 -185.7
20211109135003  -674.0 -94.9 -185.5
20211109135004  -674.2 -95.0 -185.5
20211109135005  -674.1 -95.0 -185.4
20211109135006  -674.1 -95.4 -185.3
20211109135007  -674.1 -95.4 -185.3
20211109135008  -673.9 -95.4 -185.3
20211109135009  -673.4 -95.2 -184.7
20211109135010  -673.2 -95.1 -184.6
20211109135011  -673.8 -95.2 -184.6
20211109135012  -674.0 -95.4 -185.1
20211109135013  -674.0 -95.4 -185.1
20211109135014  -673.8 -95.4 -184.8
20211109135015  -673.8 -95.3 -185.1
20211109135016  -674.0 -95.4 -185.2
20211109135017  -673.8 -95.4 -185.2
20211109135018  -674.2 -95.3 -185.2
20211109135019  -674.0 -95.4 -185.4
20211109135020  -673.9 -95.6 -185.2
20211109135021  -674.0 -95.3 -185.2
20211109135022  -673.7 -95.3 -185.2
20211109135023  -673.9 -95.4 -185.5
20211109135024  -673.9 -95.3 -185.6
20211109135025  -674.2 -95.0 -185.4
20211109135026  -673.8 -95.1 -185.4
20211109135027  -673.8 -94.9 -185.3
20211109135028  -674.0 -94.9 -185.4
20211109135029  -674.1 -95.0 -185.2
20211109135030  -674.1 -95.1 -185.0
20211109135031  -674.1 -95.5 -185.2
20211109135032  -674.2 -95.4 -185.1
20211109135033  -674.1 -95.3 -185.1
20211109135034  -673.5 -95.4 -184.8
20211109135035  -673.0 -95.0 -184.2
20211109135036  -672.6 -94.7 -184.2
20211109135037  -672.8 -94.6 -183.9
20211109135038  -673.4 -94.7 -184.4
20211109135039  -673.4 -95.1 -184.6
20211109135040  -673.2 -95.1 -184.5
20211109135041  -673.4 -95.3 -184.4
20211109135042  -673.3 -95.2 -184.6
20211109135043  -673.0 -95.5 -184.5
20211109135044  -673.4 -95.2 -184.8
20211109135045  -673.4 -95.2 -184.8
20211109135046  -673.3 -94.8 -185.0
20211109135047  -673.3 -94.8 -185.0
20211109135048  -673.2 -95.2 -184.6
20211109135049  -673.5 -94.8 -184.2
20211109135050  -673.5 -94.6 -184.6
20211109135051  -673.3 -94.7 -184.6
20211109135052  -673.0 -94.6 -184.7
20211109135053  -673.2 -94.4 -184.9
20211109135054  -673.3 -94.2 -184.7
20211109135055  -672.9 -94.1 -184.7
20211109135056  -672.9 -94.0 -184.6
20211109135057  -673.2 -94.3 -184.5
20211109135058  -673.0 -94.1 -184.5
20211109135059  -673.0 -94.0 -184.4
20211109135100  -672.9 -93.6 -184.2
20211109135101  -672.0 -93.6 -183.7
20211109135102  -671.8 -93.3 -183.5
20211109135103  -672.1 -93.4 -183.4
20211109135104  -672.6 -93.3 -184.2
20211109135105  -672.5 -93.3 -184.1
20211109135106  -672.5 -93.5 -184.4
20211109135107  -672.4 -93.4 -184.1
20211109135108  -672.5 -93.2 -183.7
20211109135109  -672.5 -93.2 -184.2
20211109135110  -672.6 -93.2 -184.2
20211109135111  -673.0 -93.2 -184.0
20211109135112  -672.9 -93.4 -184.0
20211109135113  -672.8 -93.4 -184.0
20211109135114  -672.8 -93.7 -184.0
20211109135115  -673.0 -93.7 -184.2
20211109135116  -673.0 -93.7 -184.2
20211109135117  -672.9 -93.7 -184.2
20211109135118  -672.8 -93.7 -184.0
20211109135119  -672.9 -93.9 -184.0
20211109135120  -672.9 -93.9 -184.1
20211109135121  -673.1 -93.8 -184.3
20211109135122  -672.9 -93.5 -184.3
20211109135123  -673.1 -93.9 -184.2
20211109135124  -673.0 -93.8 -184.1
20211109135125  -673.3 -93.9 -184.0
20211109135126  -673.3 -94.1 -184.3
20211109135127  -672.8 -94.0 -183.7
20211109135128  -672.7 -93.8 -183.4
20211109135129  -673.6 -93.9 -183.9
20211109135130  -673.8 -93.8 -184.0
20211109135131  -673.9 -93.8 -184.1
20211109135132  -673.8 -93.8 -184.0
20211109135133  -674.2 -93.9 -184.0
20211109135134  -674.1 -94.0 -184.2
20211109135135  -673.6 -93.8 -184.3
20211109135136  -673.5 -94.2 -184.5
20211109135137  -673.9 -94.3 -184.6
20211109135138  -673.7 -94.3 -184.5
20211109135139  -673.9 -94.4 -184.4
20211109135140  -674.1 -94.3 -184.3
20211109135141  -673.8 -94.4 -184.2
20211109135142  -673.8 -94.5 -184.4
20211109135143  -673.7 -94.3 -184.4
20211109135144  -674.0 -94.4 -184.2
20211109135145  -674.1 -95.0 -184.0
20211109135146  -673.9 -94.9 -184.4
20211109135147  -674.2 -94.8 -184.2
20211109135148  -674.1 -94.9 -184.1
20211109135149  -674.0 -95.0 -184.4
20211109135150  -674.0 -94.9 -184.5
20211109135151  -673.9 -95.4 -184.3
20211109135152  -674.0 -95.4 -184.7
20211109135153  -673.1 -95.4 -183.9
20211109135154  -673.4 -95.6 -183.9
20211109135155  -673.7 -95.8 -184.7
20211109135156  -673.5 -95.5 -184.6
20211109135157  -674.0 -95.7 -184.6
20211109135158  -673.9 -95.8 -184.5
20211109135159  -673.8 -95.9 -184.4
20211109135200  -673.9 -96.0 -184.5
20211109135201  -674.0 -96.1 -184.4
20211109135202  -673.9 -96.1 -184.6
20211109135203  -673.9 -96.4 -184.7
20211109135204  -674.0 -96.2 -184.5
20211109135205  -674.1 -96.3 -185.1
20211109135206  -674.2 -96.3 -184.6
20211109135207  -673.7 -96.2 -184.8
20211109135208  -674.2 -96.3 -184.8
20211109135209  -674.4 -96.5 -184.8
20211109135210  -674.4 -96.4 -184.7
20211109135211  -674.2 -96.4 -184.5
20211109135212  -674.1 -96.4 -184.7
20211109135213  -674.0 -96.5 -184.7
20211109135214  -674.0 -96.4 -184.8
20211109135215  -674.0 -96.4 -184.8
20211109135216  -674.2 -96.1 -184.5
20211109135217  -673.8 -96.3 -184.8
20211109135218  -673.7 -96.4 -185.0
20211109135219  -673.0 -96.2 -184.8
20211109135220  -672.5 -96.1 -184.3
20211109135221  -672.3 -96.1 -183.9
20211109135222  -671.7 -95.8 -183.6
20211109135223  -672.0 -95.4 -183.6
20211109135224  -672.4 -95.4 -184.5
20211109135225  -672.0 -95.4 -184.5
20211109135226  -671.7 -95.2 -184.3
20211109135227  -671.7 -95.2 -184.5
20211109135228  -671.5 -95.2 -184.7
20211109135229  -671.5 -95.1 -184.7
20211109135230  -671.3 -95.2 -184.4
20211109135231  -671.1 -95.2 -184.3
20211109135232  -670.8 -95.1 -184.4
20211109135233  -670.7 -94.9 -184.6
20211109135234  -670.4 -94.9 -184.7
20211109135235  -670.3 -94.8 -184.7
20211109135236  -670.4 -94.6 -184.6
20211109135237  -670.2 -94.4 -184.9
20211109135238  -670.5 -94.3 -184.7
20211109135239  -670.4 -94.5 -184.8
20211109135240  -670.5 -94.4 -184.7
20211109135241  -670.4 -94.4 -185.1
20211109135242  -670.2 -94.5 -184.9
20211109135243  -670.3 -94.4 -184.8
20211109135244  -670.4 -94.3 -184.5
20211109135245  -670.7 -94.3 -184.2
20211109135246  -670.7 -94.5 -184.6
20211109135247  -670.7 -94.5 -184.5
20211109135248  -670.9 -94.7 -184.7
20211109135249  -670.7 -95.0 -184.5
20211109135250  -670.2 -94.8 -184.2
20211109135251  -670.3 -94.7 -184.0
20211109135252  -670.3 -94.6 -183.7
20211109135253  -671.2 -94.4 -184.3
20211109135254  -671.3 -94.6 -184.8
20211109135255  -671.2 -94.7 -184.3
20211109135256  -671.2 -95.0 -184.6
20211109135257  -671.3 -94.7 -184.8
20211109135258  -671.5 -94.6 -184.7
20211109135259  -671.5 -95.0 -184.6
20211109135300  -671.4 -94.9 -184.7
20211109135301  -671.3 -94.9 -184.4
20211109135302  -671.3 -95.0 -184.6
20211109135303  -671.5 -94.9 -184.8
20211109135304  -671.2 -94.9 -184.7
20211109135305  -671.3 -95.3 -184.9
20211109135306  -671.3 -94.8 -184.7
20211109135307  -671.4 -95.0 -184.8
20211109135308  -671.3 -95.0 -185.0
20211109135309  -670.9 -95.0 -184.8
20211109135310  -671.2 -94.9 -184.6
20211109135311  -671.0 -94.7 -184.5
20211109135312  -670.6 -94.7 -184.7
20211109135313  -670.4 -94.6 -184.8
20211109135314  -670.6 -94.6 -184.4
20211109135315  -670.4 -94.5 -184.6
20211109135316  -670.5 -94.5 -184.3
20211109135317  -670.6 -94.3 -184.5
20211109135318  -670.4 -94.4 -184.5
20211109135319  -670.1 -94.6 -184.4
20211109135320  -669.6 -94.6 -183.8
20211109135321  -669.2 -94.2 -183.8
20211109135322  -669.2 -93.7 -183.8
20211109135323  -669.9 -93.8 -184.4
20211109135324  -670.1 -94.0 -184.8
20211109135325  -670.0 -94.2 -184.4
20211109135326  -670.0 -94.3 -184.3
20211109135327  -670.2 -94.1 -184.4
20211109135328  -670.0 -94.2 -184.4
20211109135329  -670.3 -94.3 -184.6
20211109135330  -670.0 -94.2 -184.4
20211109135331  -669.9 -94.2 -184.4
20211109135332  -670.2 -94.4 -184.7
20211109135333  -670.3 -94.3 -184.7
20211109135334  -670.3 -94.2 -184.6
20211109135335  -670.2 -94.4 -184.7
20211109135336  -670.3 -94.6 -184.7
20211109135337  -670.4 -94.5 -184.6
20211109135338  -670.6 -94.3 -184.5
20211109135339  -670.6 -94.5 -184.4
20211109135340  -670.8 -94.4 -184.5
20211109135341  -670.9 -94.4 -184.3
20211109135342  -671.2 -94.6 -184.4
20211109135343  -671.3 -94.9 -184.4
20211109135344  -671.2 -94.6 -184.3
20211109135345  -671.4 -94.3 -184.1
20211109135346  -671.4 -94.3 -184.2
20211109135347  -671.5 -94.3 -184.2
20211109135348  -671.4 -94.6 -184.4
20211109135349  -671.3 -94.7 -184.6
20211109135350  -670.9 -94.5 -184.3
20211109135351  -670.5 -94.2 -184.0
20211109135352  -670.3 -93.9 -184.2
20211109135353  -670.9 -94.1 -184.6
20211109135354  -671.0 -94.2 -184.2
20211109135355  -671.1 -94.0 -184.4
20211109135356  -671.3 -94.1 -184.4
20211109135357  -671.3 -94.1 -184.5
20211109135358  -671.2 -94.3 -184.3
20211109135359  -671.0 -94.6 -184.5
20211109135400  -671.1 -94.6 -184.3
20211109135401  -671.1 -94.4 -184.4
20211109135402  -671.5 -94.3 -184.5
20211109135403  -671.1 -94.6 -184.5
20211109135404  -671.2 -94.5 -184.3
20211109135405  -671.4 -94.7 -184.3
20211109135406  -671.5 -94.7 -184.4
20211109135407  -671.5 -94.7 -184.3
20211109135408  -671.3 -94.6 -184.3
20211109135409  -671.1 -94.5 -184.5
20211109135410  -671.5 -94.7 -184.7
20211109135411  -671.7 -94.5 -184.4
20211109135412  -671.9 -94.9 -184.3
20211109135413  -672.2 -94.6 -184.2
20211109135414  -672.2 -94.9 -184.3
20211109135415  -672.1 -94.8 -184.2
20211109135416  -672.2 -94.6 -184.3
20211109135417  -672.3 -94.6 -184.3
20211109135418  -672.1 -94.6 -184.2
20211109135419  -672.3 -94.7 -183.9
20211109135420  -671.9 -95.1 -183.8
20211109135421  -671.5 -94.5 -183.1
20211109135422  -671.7 -94.3 -182.9
20211109135423  -672.8 -94.5 -183.5
20211109135424  -672.7 -94.6 -183.9
20211109135425  -673.2 -94.3 -184.0
20211109135426  -673.3 -94.5 -184.0
20211109135427  -673.2 -94.6 -183.6
20211109135428  -673.2 -94.9 -183.7
20211109135429  -673.4 -94.6 -184.0
20211109135430  -673.5 -94.7 -184.2
20211109135431  -673.9 -94.8 -184.1
20211109135432  -673.7 -94.6 -183.9
20211109135433  -673.9 -94.7 -183.9
20211109135434  -674.1 -94.7 -184.0
20211109135435  -674.1 -94.7 -183.9
20211109135436  -674.2 -95.1 -184.1
20211109135437  -674.1 -95.2 -183.9
20211109135438  -674.6 -95.2 -184.0
20211109135439  -674.9 -95.0 -184.3
20211109135440  -674.9 -95.2 -184.4
20211109135441  -675.0 -95.4 -184.1
20211109135442  -674.8 -95.2 -183.9
20211109135443  -675.0 -95.2 -184.1
20211109135444  -675.3 -95.3 -184.2
20211109135445  -675.4 -95.2 -184.4
20211109135446  -675.3 -95.1 -184.2
20211109135447  -675.4 -95.1 -184.2
20211109135448  -675.7 -95.5 -184.5
20211109135449  -675.4 -95.6 -184.5
20211109135450  -675.4 -95.8 -184.1
20211109135451  -675.0 -95.5 -183.4
20211109135452  -675.0 -95.7 -183.3
20211109135453  -675.8 -95.5 -183.8
20211109135454  -675.9 -95.5 -184.2
20211109135455  -676.1 -95.8 -184.4
20211109135456  -676.1 -95.6 -184.4
20211109135457  -676.2 -96.0 -184.4
20211109135458  -676.3 -96.3 -184.4
20211109135459  -676.6 -96.2 -184.4
20211109135500  -676.2 -96.3 -184.4
20211109135501  -676.1 -96.3 -184.4
20211109135502  -676.3 -96.4 -184.3
20211109135503  -676.3 -96.4 -184.3
20211109135504  -676.4 -96.3 -184.5
20211109135505  -676.4 -96.3 -184.8
20211109135506  -676.4 -96.5 -184.5
20211109135507  -676.4 -96.7 -184.6
20211109135508  -676.2 -96.6 -184.5
20211109135509  -676.5 -96.8 -184.6
20211109135510  -676.4 -96.8 -184.7
20211109135511  -676.3 -96.4 -184.7
20211109135512  -676.3 -96.7 -184.2
20211109135513  -676.1 -96.8 -184.6
20211109135514  -676.0 -96.6 -184.7
20211109135515  -675.8 -97.0 -184.8
20211109135516  -675.7 -96.6 -184.9
20211109135517  -675.9 -96.8 -184.8
20211109135518  -675.9 -96.7 -184.7
20211109135519  -675.8 -96.7 -185.0
20211109135520  -675.3 -96.7 -184.6
20211109135521  -674.3 -96.6 -184.0
20211109135522  -673.9 -96.4 -183.7
20211109135523  -674.2 -96.2 -183.7
20211109135524  -674.5 -96.3 -184.0
20211109135525  -674.4 -96.2 -184.2
20211109135526  -674.4 -96.3 -184.5
20211109135527  -674.3 -95.9 -184.8
20211109135528  -674.1 -95.9 -184.7
20211109135529  -674.2 -96.0 -184.9
20211109135530  -674.0 -96.0 -184.8
20211109135531  -673.7 -95.8 -184.8
20211109135532  -673.8 -95.9 -184.9
20211109135533  -673.5 -96.2 -185.0
20211109135534  -673.6 -96.3 -185.1
20211109135535  -673.1 -96.2 -184.8
20211109135536  -673.2 -96.0 -185.0
20211109135537  -673.3 -95.9 -185.0
20211109135538  -673.3 -95.9 -185.1
20211109135539  -673.1 -95.6 -185.2
20211109135540  -673.2 -95.9 -185.0
20211109135541  -673.1 -95.7 -185.0
20211109135542  -673.3 -95.9 -185.0
20211109135543  -673.2 -95.9 -185.2
20211109135544  -673.1 -96.0 -184.9
20211109135545  -673.0 -95.8 -184.8
20211109135546  -673.5 -95.9 -184.9
20211109135547  -672.9 -95.8 -185.1
20211109135548  -673.1 -95.9 -185.1
20211109135549  -673.2 -95.7 -185.1
20211109135550  -672.9 -95.8 -185.1
20211109135551  -672.2 -95.6 -184.9
20211109135552  -672.1 -95.5 -184.5
20211109135553  -672.2 -95.2 -184.3
20211109135554  -673.1 -95.2 -185.0
20211109135555  -672.8 -95.2 -185.0
20211109135556  -673.0 -95.4 -184.8
20211109135557  -672.7 -95.6 -185.0
20211109135558  -672.5 -95.6 -185.2
20211109135559  -672.6 -95.5 -184.9
20211109135600  -672.8 -95.3 -185.4
20211109135601  -673.1 -95.2 -185.3
20211109135602  -673.3 -95.5 -185.3
20211109135603  -673.4 -95.6 -185.4
20211109135604  -673.5 -95.6 -185.5
20211109135605  -673.6 -95.3 -185.4
20211109135606  -673.6 -95.4 -185.3
20211109135607  -673.6 -95.4 -185.6
20211109135608  -673.6 -95.3 -185.4
20211109135609  -673.9 -95.4 -185.3
20211109135610  -673.6 -95.6 -185.3
20211109135611  -673.6 -95.6 -185.2
20211109135612  -673.7 -95.6 -185.6
20211109135613  -673.7 -95.7 -185.7
20211109135614  -673.6 -95.5 -185.2
20211109135615  -673.7 -95.7 -185.1
20211109135616  -673.6 -96.1 -185.1
20211109135617  -673.4 -95.8 -185.2
20211109135618  -673.6 -95.8 -185.3
20211109135619  -673.6 -96.1 -185.2
20211109135620  -673.7 -96.2 -185.4
20211109135621  -673.0 -96.2 -184.6
20211109135622  -672.9 -96.0 -184.7
20211109135623  -672.3 -96.1 -184.2
20211109135624  -672.8 -96.0 -184.6
20211109135625  -672.9 -95.9 -184.8
20211109135626  -673.0 -95.8 -184.9
20211109135627  -673.3 -96.0 -184.8
20211109135628  -673.2 -96.1 -184.9
20211109135629  -673.2 -96.1 -184.9
20211109135630  -673.4 -96.0 -185.1
20211109135631  -673.0 -95.9 -184.7
20211109135632  -673.1 -95.5 -184.9
20211109135633  -672.8 -95.6 -185.0
20211109135634  -672.7 -95.4 -184.9
20211109135635  -672.6 -95.4 -185.1
20211109135636  -672.7 -95.5 -185.2
20211109135637  -672.7 -95.4 -185.3
20211109135638  -672.5 -95.3 -185.2
20211109135639  -672.8 -95.1 -185.3
20211109135640  -672.4 -94.9 -185.2
20211109135641  -672.6 -95.0 -185.1
20211109135642  -673.0 -95.0 -185.2
20211109135643  -672.9 -95.1 -185.2
20211109135644  -673.0 -95.1 -185.1
20211109135645  -673.1 -95.1 -185.3
20211109135646  -673.2 -94.8 -185.2
20211109135647  -673.3 -94.6 -185.2
20211109135648  -673.2 -94.8 -185.2
20211109135649  -673.4 -94.8 -185.1
20211109135650  -673.5 -94.8 -185.1
20211109135651  -672.8 -94.4 -184.5
20211109135652  -672.7 -94.7 -184.4
20211109135653  -672.8 -94.2 -184.3
20211109135654  -673.4 -94.5 -184.3
20211109135655  -674.1 -94.5 -185.1
20211109135656  -674.0 -94.7 -185.2
20211109135657  -674.1 -94.6 -184.7
20211109135658  -674.5 -95.0 -184.8
20211109135659  -674.1 -95.0 -184.9
20211109135700  -674.4 -95.1 -185.4
20211109135701  -674.5 -95.0 -185.2
20211109135702  -674.6 -94.9 -185.0
20211109135703  -674.5 -95.0 -185.1
20211109135704  -674.3 -95.0 -185.3
20211109135705  -674.4 -95.2 -184.8
20211109135706  -674.7 -95.3 -185.0
20211109135707  -674.6 -95.4 -185.1
20211109135708  -675.0 -95.1 -185.0
20211109135709  -674.8 -95.0 -185.3
20211109135710  -674.9 -95.2 -184.9
20211109135711  -674.7 -95.3 -184.9
20211109135712  -674.7 -95.1 -184.7
20211109135713  -674.7 -95.3 -184.7
20211109135714  -674.9 -95.3 -184.8
20211109135715  -674.8 -95.3 -185.0
20211109135716  -675.0 -95.5 -184.5
20211109135717  -674.6 -95.5 -184.9
20211109135718  -674.6 -95.7 -185.0
20211109135719  -674.7 -95.6 -184.6
20211109135720  -675.0 -95.8 -184.6
20211109135721  -674.2 -95.7 -184.0
20211109135722  -673.8 -95.6 -183.8
20211109135723  -673.4 -95.4 -183.5
20211109135724  -673.6 -95.3 -183.6
20211109135725  -674.1 -95.3 -184.4
20211109135726  -673.8 -95.4 -184.4
20211109135727  -673.9 -95.4 -184.5
20211109135728  -674.1 -95.1 -184.8
20211109135729  -673.9 -95.3 -184.7
20211109135730  -673.9 -95.2 -184.5
20211109135731  -673.7 -95.4 -184.8
20211109135732  -673.6 -95.6 -185.0
20211109135733  -674.1 -95.6 -184.9
20211109135734  -673.5 -95.3 -184.9
20211109135735  -673.7 -95.2 -185.0
20211109135736  -674.0 -95.5 -184.9
20211109135737  -673.7 -95.6 -185.1
20211109135738  -673.7 -95.8 -185.2
20211109135739  -673.6 -95.2 -184.8
20211109135740  -673.9 -95.1 -185.1
20211109135741  -673.8 -95.1 -185.1
20211109135742  -673.9 -95.2 -185.0
20211109135743  -673.7 -94.8 -184.8
20211109135744  -673.7 -94.9 -184.9
20211109135745  -673.7 -94.9 -184.6
20211109135746  -673.7 -94.9 -184.8
20211109135747  -673.7 -94.9 -184.6
20211109135748  -673.7 -94.8 -184.9
20211109135749  -673.6 -95.0 -184.8
20211109135750  -673.8 -94.9 -184.8
20211109135751  -673.4 -95.0 -185.0
20211109135752  -673.1 -94.8 -184.4
20211109135753  -672.8 -94.6 -184.5
20211109135754  -672.8 -94.4 -184.4
20211109135755  -673.4 -94.6 -184.9
20211109135756  -673.5 -94.5 -184.9
20211109135757  -673.3 -94.5 -184.9
20211109135758  -673.2 -94.6 -185.1
20211109135759  -673.1 -94.6 -185.1
20211109135800  -673.2 -94.9 -184.8
20211109135801  -673.3 -94.5 -184.8
20211109135802  -673.3 -94.6 -184.6
20211109135803  -673.3 -94.7 -184.8
20211109135804  -673.5 -94.6 -184.4
20211109135805  -673.8 -94.8 -184.6
20211109135806  -673.6 -94.8 -184.8
20211109135807  -673.7 -95.0 -184.9
20211109135808  -673.7 -95.0 -184.8
20211109135809  -673.9 -94.9 -184.9
20211109135810  -674.1 -94.6 -185.1
20211109135811  -674.2 -94.6 -185.1
20211109135812  -674.5 -94.6 -185.4
20211109135813  -674.4 -94.8 -185.2
20211109135814  -674.5 -95.1 -185.3
20211109135815  -674.6 -95.2 -185.1
20211109135816  -674.4 -95.2 -185.0
20211109135817  -674.6 -95.0 -184.9
20211109135818  -674.6 -95.0 -184.9
20211109135819  -674.9 -95.0 -185.1
20211109135820  -674.8 -95.0 -185.1
20211109135821  -674.6 -94.9 -185.0
20211109135822  -674.3 -94.9 -184.7
20211109135823  -674.0 -94.4 -184.4
20211109135824  -674.5 -94.5 -184.5
20211109135825  -674.9 -94.8 -185.2
20211109135826  -674.5 -95.0 -185.4
20211109135827  -674.7 -94.9 -185.6
20211109135828  -674.9 -94.8 -185.5
20211109135829  -674.8 -95.1 -185.5
20211109135830  -675.0 -94.8 -185.6
20211109135831  -675.1 -94.9 -185.4
20211109135832  -674.9 -94.9 -185.8
20211109135833  -675.1 -95.2 -185.7
20211109135834  -674.8 -95.1 -185.7
20211109135835  -674.8 -95.3 -185.7
20211109135836  -674.9 -95.1 -185.8
20211109135837  -675.1 -95.2 -185.7
20211109135838  -674.9 -95.3 -185.5
20211109135839  -674.8 -95.3 -185.4
20211109135840  -675.1 -95.4 -185.4
20211109135841  -675.1 -95.6 -185.5
20211109135842  -674.9 -95.5 -185.6
20211109135843  -674.8 -95.3 -185.5
20211109135844  -674.9 -95.4 -185.2
20211109135845  -674.8 -95.2 -185.3
20211109135846  -674.8 -95.2 -185.4
20211109135847  -674.9 -95.5 -185.3
20211109135848  -674.7 -95.2 -185.2
20211109135849  -674.7 -95.2 -185.3
20211109135850  -674.7 -95.3 -185.2
20211109135851  -674.3 -95.5 -185.4
20211109135852  -673.8 -95.6 -185.3
20211109135853  -673.4 -95.3 -184.8
20211109135854  -674.0 -95.2 -184.8
20211109135855  -674.1 -95.3 -185.2
20211109135856  -674.4 -95.2 -185.1
20211109135857  -674.5 -95.4 -185.3
20211109135858  -674.5 -95.3 -185.3
20211109135859  -674.4 -95.4 -185.2
20211109135900  -674.6 -95.4 -185.2
20211109135901  -674.3 -95.9 -185.2
20211109135902  -674.5 -95.7 -185.3
20211109135903  -674.5 -95.8 -185.2
20211109135904  -674.7 -95.7 -185.1
20211109135905  -674.2 -95.9 -185.1
20211109135906  -674.1 -96.0 -185.3
20211109135907  -674.3 -96.0 -185.5
20211109135908  -674.1 -95.9 -185.6
20211109135909  -674.1 -95.7 -185.4
20211109135910  -674.1 -95.4 -185.5
20211109135911  -674.2 -95.6 -185.5
20211109135912  -674.4 -95.5 -185.6
20211109135913  -674.3 -95.4 -186.0
20211109135914  -674.5 -95.5 -185.9
20211109135915  -674.5 -95.4 -185.9
20211109135916  -674.5 -95.6 -185.5
20211109135917  -674.5 -95.6 -185.7
20211109135918  -674.5 -95.8 -185.6
20211109135919  -674.8 -95.9 -185.6
20211109135920  -675.0 -96.1 -185.9
20211109135921  -674.7 -96.2 -185.8
20211109135922  -674.5 -96.3 -185.7
20211109135923  -674.2 -96.3 -185.4
20211109135924  -674.5 -96.3 -185.5
20211109135925  -675.1 -96.6 -185.9
20211109135926  -675.0 -96.7 -186.0
20211109135927  -674.9 -96.8 -185.8
20211109135928  -674.9 -96.4 -185.7
20211109135929  -675.1 -96.7 -186.2
20211109135930  -675.0 -96.8 -186.0
20211109135931  -675.1 -96.7 -185.9
20211109135932  -675.0 -96.4 -185.9
20211109135933  -675.2 -96.3 -186.3
20211109135934  -675.3 -96.6 -186.1
20211109135935  -675.4 -96.6 -185.9
20211109135936  -675.7 -96.5 -186.0
20211109135937  -675.4 -96.6 -186.2
20211109135938  -675.5 -96.9 -186.2
20211109135939  -675.6 -97.0 -186.2
20211109135940  -675.5 -96.7 -186.2
20211109135941  -675.4 -96.9 -186.1
20211109135942  -675.7 -96.9 -186.3
20211109135943  -675.4 -97.0 -186.4
20211109135944  -675.5 -97.4 -186.3
20211109135945  -675.4 -97.2 -186.3
20211109135946  -675.4 -97.0 -186.3
20211109135947  -675.5 -97.1 -186.6
20211109135948  -675.5 -97.0 -186.3
20211109135949  -675.5 -97.0 -186.2
20211109135950  -675.3 -97.1 -186.4
20211109135951  -675.1 -97.1 -186.7
20211109135952  -674.9 -97.2 -186.4
20211109135953  -674.1 -97.1 -185.7
20211109135954  -673.9 -97.1 -185.7
20211109135955  -674.4 -97.3 -186.8
20211109135956  -674.6 -97.4 -186.5
20211109135957  -674.5 -97.3 -186.4
20211109135958  -674.6 -97.3 -186.5
20211109135959  -674.3 -96.7 -186.3
20211109140000  -674.2 -97.0 -186.4
20211109140001  -674.5 -97.3 -186.7
20211109140002  -674.3 -97.2 -186.5
20211109140003  -674.1 -97.3 -186.8
20211109140004  -674.0 -97.4 -186.7
20211109140005  -674.0 -97.2 -186.8
20211109140006  -673.7 -97.7 -186.7
20211109140007  -674.0 -97.5 -187.0
20211109140008  -673.8 -97.2 -186.8
20211109140009  -673.9 -97.3 -186.7
20211109140010  -674.1 -97.6 -187.2
20211109140011  -673.9 -97.5 -187.1
20211109140012  -673.9 -97.3 -186.8
20211109140013  -673.7 -97.3 -186.8
20211109140014  -673.5 -97.1 -186.7
20211109140015  -673.5 -97.4 -187.2
20211109140016  -673.4 -97.1 -186.9
20211109140017  -673.5 -97.0 -186.9
20211109140018  -673.6 -97.0 -186.9
20211109140019  -673.3 -97.1 -186.7
20211109140020  -673.3 -96.8 -187.0
20211109140021  -673.1 -96.8 -186.8
20211109140022  -673.3 -97.3 -186.7
20211109140023  -672.8 -97.0 -185.9
20211109140024  -672.7 -97.0 -186.0
20211109140025  -672.8 -96.8 -186.0
20211109140026  -673.3 -96.9 -186.7
20211109140027  -673.5 -97.1 -186.7
20211109140028  -673.6 -96.8 -186.3
20211109140029  -673.4 -96.8 -186.7
20211109140030  -673.3 -96.9 -186.6
20211109140031  -673.5 -97.0 -186.8
20211109140032  -673.6 -97.3 -186.6
20211109140033  -673.6 -96.9 -186.8
20211109140034  -673.7 -96.9 -186.7
20211109140035  -673.6 -96.8 -186.7
20211109140036  -673.7 -97.0 -186.6
20211109140037  -673.6 -97.1 -186.8
20211109140038  -673.7 -96.9 -186.9
20211109140039  -673.9 -97.0 -187.2
20211109140040  -673.6 -97.5 -186.9
20211109140041  -673.5 -97.3 -186.7
20211109140042  -673.5 -97.2 -186.7
20211109140043  -673.8 -96.9 -186.8
20211109140044  -673.7 -96.8 -186.7
20211109140045  -673.6 -97.0 -186.8
20211109140046  -674.1 -97.2 -186.9
20211109140047  -674.1 -97.2 -186.9
20211109140048  -673.7 -97.0 -186.8
20211109140049  -673.5 -97.0 -186.8
20211109140050  -673.5 -97.1 -186.7
20211109140051  -673.4 -96.8 -186.4
20211109140052  -673.5 -96.9 -186.3
20211109140053  -672.9 -96.7 -185.8
20211109140054  -673.1 -96.7 -185.8
20211109140055  -673.0 -96.6 -185.6
20211109140056  -673.9 -96.4 -186.2
20211109140057  -673.8 -96.5 -186.5
20211109140058  -673.8 -96.8 -186.6
20211109140059  -673.6 -96.7 -186.7
20211109140100  -673.7 -96.5 -186.9
20211109140101  -673.8 -96.3 -186.4
20211109140102  -673.8 -96.5 -186.6
20211109140103  -673.7 -96.5 -186.7
20211109140104  -673.5 -96.4 -186.8
20211109140105  -673.2 -96.4 -187.2
20211109140106  -673.5 -96.4 -186.8
20211109140107  -673.8 -96.3 -186.7
20211109140108  -673.6 -96.3 -186.7
20211109140109  -673.7 -96.2 -186.5
20211109140110  -673.9 -96.1 -186.8
20211109140111  -673.7 -96.1 -186.3
20211109140112  -673.7 -96.2 -186.3
20211109140113  -673.6 -95.8 -186.3
20211109140114  -673.4 -95.5 -186.4
20211109140115  -673.8 -95.9 -186.6
20211109140116  -673.6 -95.7 -186.6
20211109140117  -673.8 -95.6 -186.4
20211109140118  -673.7 -95.3 -186.6
20211109140119  -673.5 -95.4 -186.7
20211109140120  -673.7 -95.4 -186.6
20211109140121  -673.5 -95.4 -186.6
20211109140122  -673.8 -95.3 -186.4
20211109140123  -672.8 -95.2 -186.0
20211109140124  -672.6 -95.0 -185.9
20211109140125  -672.3 -94.7 -185.6
20211109140126  -673.0 -94.6 -186.0
20211109140127  -673.4 -94.6 -186.3
20211109140128  -673.4 -94.9 -186.2
20211109140129  -673.4 -94.8 -186.2
20211109140130  -673.7 -94.8 -186.5
20211109140131  -673.7 -94.9 -186.7
20211109140132  -673.8 -94.6 -186.5
20211109140133  -673.7 -94.9 -186.4
20211109140134  -673.8 -94.7 -186.3
20211109140135  -674.1 -94.8 -186.4
20211109140136  -674.0 -94.7 -186.4
20211109140137  -673.8 -94.9 -186.6
20211109140138  -674.1 -94.8 -186.5
20211109140139  -673.9 -95.0 -186.6
20211109140140  -674.1 -94.7 -186.6
20211109140141  -674.2 -95.0 -186.8
20211109140142  -674.2 -95.0 -186.6
20211109140143  -674.2 -94.9 -186.7
20211109140144  -674.5 -94.9 -186.4
20211109140145  -674.6 -95.2 -186.6
20211109140146  -674.7 -95.1 -186.3
20211109140147  -674.5 -95.0 -186.5
20211109140148  -674.7 -94.9 -186.6
20211109140149  -674.9 -95.1 -186.2
20211109140150  -674.8 -95.1 -185.9
20211109140151  -674.7 -94.8 -186.0
20211109140152  -674.7 -95.1 -186.3
20211109140153  -673.8 -95.0 -185.9
20211109140154  -673.8 -95.0 -185.7
20211109140155  -673.7 -94.8 -185.4
20211109140156  -673.4 -94.9 -185.3
20211109140157  -673.9 -94.8 -185.7
20211109140158  -674.0 -94.9 -185.9
20211109140159  -674.0 -94.9 -185.9
20211109140200  -674.3 -95.0 -186.1
20211109140201  -674.3 -94.7 -186.2
20211109140202  -674.1 -94.5 -186.0
20211109140203  -674.2 -94.6 -185.9
20211109140204  -674.5 -94.8 -185.7
20211109140205  -674.2 -94.9 -185.9
20211109140206  -674.1 -95.2 -186.1
20211109140207  -674.4 -95.1 -186.0
20211109140208  -674.1 -95.1 -186.1
20211109140209  -674.1 -95.0 -186.0
20211109140210  -674.2 -95.2 -186.0
20211109140211  -674.2 -95.4 -186.3
20211109140212  -674.5 -95.0 -186.5
20211109140213  -674.4 -95.3 -186.2
20211109140214  -674.3 -95.1 -186.2
20211109140215  -674.7 -95.4 -186.1
20211109140216  -674.3 -95.3 -186.3
20211109140217  -674.3 -95.4 -186.2
20211109140218  -674.5 -95.3 -186.2
20211109140219  -674.7 -95.5 -186.4
20211109140220  -674.6 -95.6 -186.5
20211109140221  -674.6 -95.4 -186.4
20211109140222  -674.7 -95.7 -186.4
20211109140223  -674.2 -96.1 -186.3
20211109140224  -673.8 -95.4 -185.8
20211109140225  -673.5 -95.5 -185.6
20211109140226  -673.6 -95.5 -185.7
20211109140227  -674.3 -95.5 -186.2
20211109140228  -674.1 -95.7 -186.2
20211109140229  -674.2 -95.8 -186.1
20211109140230  -674.3 -96.0 -186.2
20211109140231  -674.4 -95.8 -186.6
20211109140232  -674.6 -95.8 -186.6
20211109140233  -674.5 -96.0 -186.5
20211109140234  -674.4 -95.8 -186.5
20211109140235  -674.4 -95.9 -186.4
20211109140236  -674.6 -95.6 -185.9
20211109140237  -674.5 -95.5 -186.2
20211109140238  -674.3 -95.4 -186.3
20211109140239  -674.2 -95.4 -186.2
20211109140240  -674.1 -95.3 -186.4
20211109140241  -673.9 -95.6 -186.5
20211109140242  -674.1 -95.3 -186.7
20211109140243  -674.2 -95.3 -186.7
20211109140244  -674.0 -95.4 -186.6
20211109140245  -673.9 -95.1 -186.8
20211109140246  -673.8 -95.0 -186.7
20211109140247  -673.8 -95.1 -186.7
20211109140248  -673.9 -95.1 -187.0
20211109140249  -673.8 -95.0 -186.8
20211109140250  -673.8 -95.3 -187.0
20211109140251  -673.6 -95.3 -187.1
20211109140252  -673.6 -95.2 -187.2
20211109140253  -673.6 -95.5 -186.8
20211109140254  -672.8 -95.3 -186.3
20211109140255  -672.4 -95.3 -186.0
20211109140256  -672.4 -95.5 -185.6
20211109140257  -673.2 -95.8 -186.5
20211109140258  -673.3 -95.7 -186.4
20211109140259  -673.3 -95.6 -186.8
20211109140300  -673.4 -95.4 -186.8
20211109140301  -673.2 -95.5 -186.4
20211109140302  -673.2 -95.7 -186.8
20211109140303  -673.2 -95.8 -186.6
20211109140304  -673.5 -95.7 -186.6
20211109140305  -673.5 -95.6 -186.7
20211109140306  -673.4 -95.7 -186.7
20211109140307  -673.7 -95.8 -186.7
20211109140308  -673.6 -95.6 -186.6
20211109140309  -673.8 -95.8 -186.6
20211109140310  -673.5 -95.9 -186.7
20211109140311  -673.2 -95.9 -186.8
20211109140312  -673.3 -96.0 -186.4
20211109140313  -673.4 -95.9 -186.4
20211109140314  -673.2 -95.9 -186.7
20211109140315  -673.0 -95.9 -186.4
20211109140316  -672.5 -96.1 -186.6
20211109140317  -672.4 -96.1 -186.6
20211109140318  -672.5 -96.3 -186.7
20211109140319  -672.4 -96.0 -186.5
20211109140320  -672.4 -96.0 -186.7
20211109140321  -672.2 -95.8 -186.8
20211109140322  -672.2 -95.6 -186.7
20211109140323  -671.9 -95.7 -186.4
20211109140324  -671.2 -95.8 -186.0
20211109140325  -670.9 -95.5 -185.4
20211109140326  -670.7 -95.2 -185.8
20211109140327  -671.5 -95.2 -186.3
20211109140328  -671.3 -94.7 -186.2
20211109140329  -671.0 -95.0 -186.5
20211109140330  -670.9 -94.7 -186.3
20211109140331  -670.8 -94.6 -186.4
20211109140332  -670.9 -94.6 -186.5
20211109140333  -670.9 -94.5 -186.3
20211109140334  -670.7 -94.3 -186.2
20211109140335  -670.8 -94.6 -186.5
20211109140336  -670.8 -94.7 -186.5
20211109140337  -670.3 -94.8 -186.6
20211109140338  -670.6 -94.6 -186.6
20211109140339  -670.3 -94.7 -186.6
20211109140340  -670.3 -94.8 -186.4
20211109140341  -670.4 -94.5 -186.5
20211109140342  -670.3 -94.5 -186.8
20211109140343  -670.4 -94.5 -186.9
20211109140344  -670.3 -94.2 -186.8
20211109140345  -670.3 -94.5 -187.0
20211109140346  -670.4 -94.5 -186.9
20211109140347  -670.4 -94.4 -186.6
20211109140348  -670.5 -94.6 -186.8
20211109140349  -670.6 -94.8 -186.9
20211109140350  -670.5 -94.8 -186.9
20211109140351  -670.3 -94.8 -187.0
20211109140352  -670.7 -94.8 -186.8
20211109140353  -670.6 -94.8 -186.7
20211109140354  -670.2 -94.9 -187.0
20211109140355  -669.9 -94.7 -186.2
20211109140356  -669.9 -94.5 -186.2
20211109140357  -670.6 -94.7 -186.7
20211109140358  -670.6 -94.6 -186.7
20211109140359  -670.5 -94.7 -187.0
20211109140400  -670.6 -94.5 -187.3
20211109140401  -670.4 -94.5 -187.1
20211109140402  -670.4 -94.5 -186.8
20211109140403  -670.2 -94.4 -187.0
20211109140404  -670.4 -94.2 -187.1
20211109140405  -670.5 -94.6 -187.0
20211109140406  -670.4 -94.5 -187.2
20211109140407  -670.5 -94.5 -187.0
20211109140408  -670.3 -94.6 -187.4
20211109140409  -670.4 -95.1 -187.2
20211109140410  -670.0 -95.3 -187.2
20211109140411  -670.1 -95.1 -186.9
20211109140412  -669.7 -95.3 -186.8
20211109140413  -669.4 -95.0 -187.1
20211109140414  -669.2 -95.3 -187.0
20211109140415  -669.1 -95.2 -186.9
20211109140416  -669.3 -95.0 -187.2
20211109140417  -669.0 -94.9 -187.2
20211109140418  -668.9 -94.9 -187.2
20211109140419  -669.3 -94.7 -187.4
20211109140420  -669.2 -94.7 -187.0
20211109140421  -669.2 -94.6 -187.1
20211109140422  -669.0 -94.5 -187.1
20211109140423  -668.8 -94.2 -187.1
20211109140424  -668.7 -94.6 -187.1
20211109140425  -668.1 -94.3 -186.4
20211109140426  -668.0 -94.2 -186.3
20211109140427  -668.4 -94.0 -186.9
20211109140428  -668.2 -94.1 -187.0
20211109140429  -668.5 -94.0 -186.8
20211109140430  -668.1 -94.0 -187.0
20211109140431  -668.1 -94.1 -186.8
20211109140432  -668.2 -94.2 -187.0
20211109140433  -668.5 -94.1 -187.0
20211109140434  -668.4 -93.8 -186.8
20211109140435  -668.3 -94.1 -186.8
20211109140436  -668.5 -94.3 -187.1
20211109140437  -668.4 -93.8 -187.2
20211109140438  -668.1 -93.7 -187.0
20211109140439  -668.2 -94.0 -186.8
20211109140440  -668.2 -93.9 -187.0
20211109140441  -668.5 -94.2 -187.0
20211109140442  -668.4 -94.0 -187.3
20211109140443  -668.2 -93.9 -187.2
20211109140444  -668.4 -93.6 -187.1
20211109140445  -668.4 -93.8 -187.0
20211109140446  -668.4 -93.6 -187.2
20211109140447  -668.5 -93.8 -187.4
20211109140448  -668.7 -93.6 -187.4
20211109140449  -668.6 -93.9 -187.3
20211109140450  -668.6 -93.6 -187.4
20211109140451  -668.6 -93.7 -187.5
20211109140452  -668.9 -94.0 -187.4
20211109140453  -668.7 -93.7 -187.6
20211109140454  -668.6 -93.6 -187.4
20211109140455  -668.1 -93.8 -186.8
20211109140456  -668.3 -93.6 -186.7
20211109140457  -668.5 -93.9 -187.4
20211109140458  -668.8 -93.9 -187.5
20211109140459  -668.6 -93.7 -187.4
20211109140500  -668.6 -94.1 -187.2
20211109140501  -668.6 -93.7 -187.1
20211109140502  -668.9 -93.6 -187.4
20211109140503  -668.8 -93.3 -187.3
20211109140504  -668.9 -93.2 -187.3
20211109140505  -669.0 -93.2 -187.3
20211109140506  -668.7 -93.4 -187.1
20211109140507  -669.0 -93.7 -187.1
20211109140508  -669.1 -93.5 -187.0
20211109140509  -669.2 -93.5 -187.0
20211109140510  -669.2 -93.4 -186.9
20211109140511  -669.3 -93.3 -187.1
20211109140512  -669.3 -93.2 -187.0
20211109140513  -669.5 -93.4 -187.2
20211109140514  -669.3 -93.4 -187.0
20211109140515  -669.5 -93.6 -186.9
20211109140516  -669.3 -93.5 -187.1
20211109140517  -669.7 -93.6 -187.4
20211109140518  -669.5 -93.7 -187.2
20211109140519  -669.6 -93.8 -187.2
20211109140520  -669.7 -93.8 -187.1
20211109140521  -669.8 -93.6 -187.2
20211109140522  -669.9 -94.0 -187.4
20211109140523  -670.0 -93.6 -187.4
20211109140524  -669.9 -93.8 -187.4
20211109140525  -669.5 -94.1 -187.2
20211109140526  -669.5 -94.0 -186.8
20211109140527  -670.0 -94.0 -187.0
20211109140528  -670.5 -93.8 -187.0
20211109140529  -670.6 -93.7 -187.1
20211109140530  -670.4 -93.6 -187.3
20211109140531  -670.3 -93.6 -187.1
20211109140532  -670.5 -93.6 -187.1
20211109140533  -670.4 -93.6 -187.0
20211109140534  -670.3 -93.8 -187