20211031224844  -761.4 -26.0 -290.5
20211031224845  -761.6 -25.7 -290.4
20211031224846  -761.7 -25.3 -290.4
20211031224847  -761.5 -25.0 -290.2
20211031224848  -761.5 -25.1 -290.3
20211031224849  -761.7 -24.8 -290.4
20211031224850  -761.6 -24.8 -290.4
20211031224851  -761.4 -25.0 -290.7
20211031224852  -761.5 -24.9 -290.7
20211031224853  -761.6 -25.1 -290.6
20211031224854  -761.5 -25.0 -290.3
20211031224855  -761.7 -25.3 -290.1
20211031224856  -761.5 -25.0 -289.8
20211031224857  -761.5 -25.1 -290.0
20211031224858  -761.6 -25.1 -289.5
20211031224859  -761.7 -25.1 -289.4
20211031224900  -761.4 -24.9 -289.8
20211031224901  -761.7 -25.2 -289.7
20211031224902  -761.5 -24.8 -289.7
20211031224903  -761.6 -24.8 -289.5
20211031224904  -761.5 -24.7 -289.8
20211031224905  -761.5 -25.0 -289.9
20211031224906  -760.9 -25.3 -289.9
20211031224907  -760.0 -25.2 -289.3
20211031224908  -760.0 -25.2 -288.6
20211031224909  -760.6 -25.5 -289.2
20211031224910  -760.4 -25.3 -289.3
20211031224911  -760.0 -25.2 -289.6
20211031224912  -760.0 -25.1 -289.5
20211031224913  -759.7 -25.0 -289.3
20211031224914  -759.4 -25.0 -289.5
20211031224915  -759.1 -24.8 -289.5
20211031224916  -758.8 -25.0 -289.6
20211031224917  -758.3 -25.2 -289.9
20211031224918  -758.1 -25.4 -289.8
20211031224919  -758.2 -25.6 -289.6
20211031224920  -757.6 -25.8 -289.8
20211031224921  -757.2 -25.7 -290.0
20211031224922  -756.7 -25.7 -289.8
20211031224923  -756.1 -26.0 -290.0
20211031224924  -756.1 -26.4 -290.0
20211031224925  -755.6 -26.2 -289.9
20211031224926  -755.4 -26.5 -289.9
20211031224927  -754.9 -26.3 -290.0
20211031224928  -754.6 -26.6 -290.2
20211031224929  -754.0 -26.8 -290.1
20211031224930  -753.6 -26.6 -290.3
20211031224931  -753.6 -26.6 -290.2
20211031224932  -753.1 -26.8 -289.9
20211031224933  -752.7 -26.5 -290.1
20211031224934  -752.6 -26.7 -290.1
20211031224935  -752.3 -26.4 -290.1
20211031224936  -751.8 -26.7 -289.9
20211031224937  -750.6 -26.9 -289.7
20211031224938  -750.2 -26.7 -289.4
20211031224939  -750.2 -26.9 -289.6
20211031224940  -750.3 -27.1 -289.5
20211031224941  -749.4 -27.2 -289.7
20211031224942  -749.1 -27.5 -289.7
20211031224943  -748.5 -27.7 -289.7
20211031224944  -748.4 -27.4 -289.6
20211031224945  -747.6 -27.8 -289.9
20211031224946  -747.3 -28.0 -289.8
20211031224947  -747.2 -28.1 -290.0
20211031224948  -746.8 -28.4 -290.0
20211031224949  -746.4 -28.6 -289.8
20211031224950  -746.0 -29.1 -289.8
20211031224951  -745.5 -29.1 -289.9
20211031224952  -745.0 -29.2 -289.6
20211031224953  -744.1 -29.3 -289.7
20211031224954  -744.0 -29.2 -289.7
20211031224955  -743.7 -29.5 -289.4
20211031224956  -743.3 -29.7 -289.5
20211031224957  -742.6 -29.8 -289.7
20211031224958  -742.3 -29.7 -289.8
20211031224959  -741.5 -29.9 -289.8
20211031225000  -741.1 -30.1 -289.6
20211031225001  -740.5 -30.0 -289.9
20211031225002  -739.9 -30.3 -289.7
20211031225003  -739.6 -30.5 -290.1
20211031225004  -738.9 -30.6 -289.9
20211031225005  -738.5 -30.8 -290.0
20211031225006  -738.4 -30.7 -290.2
20211031225007  -737.7 -31.1 -289.9
20211031225008  -737.4 -30.8 -289.8
20211031225009  -737.4 -31.3 -289.8
20211031225010  -737.2 -31.3 -290.0
20211031225011  -736.8 -31.4 -290.2
20211031225012  -736.4 -31.9 -290.2
20211031225013  -736.0 -32.4 -290.2
20211031225014  -736.2 -32.1 -290.5
20211031225015  -736.0 -32.1 -290.7
20211031225016  -736.2 -32.3 -290.9
20211031225017  -736.4 -32.2 -290.6
20211031225018  -736.0 -32.5 -290.5
20211031225019  -735.9 -32.3 -290.7
20211031225020  -735.9 -32.6 -291.0
20211031225021  -736.1 -32.4 -290.7
20211031225022  -736.2 -32.3 -290.9
20211031225023  -736.3 -32.4 -290.8
20211031225024  -736.0 -32.5 -290.6
20211031225025  -735.8 -32.6 -290.7
20211031225026  -735.8 -32.2 -290.6
20211031225027  -735.8 -32.4 -290.3
20211031225028  -735.8 -32.3 -290.7
20211031225029  -735.8 -32.3 -290.7
20211031225030  -735.7 -32.2 -290.9
20211031225031  -736.1 -32.6 -291.0
20211031225032  -736.4 -32.4 -291.3
20211031225033  -736.7 -32.4 -291.0
20211031225034  -736.3 -32.1 -291.1
20211031225035  -736.4 -31.7 -291.4
20211031225036  -736.9 -31.6 -290.9
20211031225037  -736.7 -31.7 -290.6
20211031225038  -737.3 -31.3 -290.7
20211031225039  -737.7 -31.7 -291.1
20211031225040  -737.9 -32.2 -291.3
20211031225041  -738.1 -32.1 -291.5
20211031225042  -738.2 -31.9 -291.4
20211031225043  -738.5 -31.9 -291.4
20211031225044  -738.6 -32.0 -291.5
20211031225045  -739.2 -31.8 -291.3
20211031225046  -739.6 -32.0 -291.3
20211031225047  -739.6 -32.1 -291.4
20211031225048  -739.8 -32.0 -291.4
20211031225049  -740.0 -32.0 -291.2
20211031225050  -740.0 -32.0 -291.0
20211031225051  -740.1 -32.0 -290.8
20211031225052  -740.4 -31.9 -291.0
20211031225053  -740.4 -32.1 -291.0
20211031225054  -740.6 -32.1 -290.6
20211031225055  -740.6 -31.9 -290.8
20211031225056  -740.8 -32.1 -291.0
20211031225057  -740.9 -31.7 -290.6
20211031225058  -741.1 -31.7 -290.8
20211031225059  -741.5 -31.8 -290.8
20211031225100  -741.6 -31.8 -291.1
20211031225101  -741.5 -31.7 -290.7
20211031225102  -741.7 -31.5 -290.7
20211031225103  -742.3 -31.7 -290.8
20211031225104  -742.2 -31.7 -290.6
20211031225105  -742.5 -32.1 -291.0
20211031225106  -742.4 -31.6 -291.1
20211031225107  -742.6 -31.8 -290.8
20211031225108  -742.7 -31.6 -290.6
20211031225109  -743.2 -31.8 -290.5
20211031225110  -743.3 -31.6 -290.4
20211031225111  -743.5 -31.7 -290.5
20211031225112  -743.6 -31.6 -290.6
20211031225113  -744.0 -31.5 -290.6
20211031225114  -744.5 -31.9 -290.6
20211031225115  -744.5 -32.1 -290.6
20211031225116  -744.6 -31.5 -290.6
20211031225117  -744.8 -31.8 -290.8
20211031225118  -744.8 -32.1 -290.5
20211031225119  -744.8 -32.0 -290.2
20211031225120  -745.0 -31.7 -290.0
20211031225121  -744.8 -31.9 -290.1
20211031225122  -745.0 -31.9 -289.7
20211031225123  -745.4 -31.9 -289.8
20211031225124  -745.6 -31.9 -290.1
20211031225125  -745.8 -32.1 -290.0
20211031225126  -746.0 -32.3 -290.4
20211031225127  -746.1 -32.3 -290.5
20211031225128  -746.5 -32.5 -290.0
20211031225129  -746.4 -32.4 -290.2
20211031225130  -746.7 -32.7 -290.1
20211031225131  -746.9 -32.7 -290.0
20211031225132  -746.9 -32.4 -289.7
20211031225133  -746.9 -32.1 -289.8
20211031225134  -746.8 -32.2 -289.7
20211031225135  -746.8 -32.4 -289.6
20211031225136  -746.7 -32.3 -289.4
20211031225137  -746.7 -32.3 -289.4
20211031225138  -746.4 -32.4 -289.3
20211031225139  -746.5 -32.2 -289.5
20211031225140  -746.6 -32.7 -289.5
20211031225141  -746.7 -33.1 -289.7
20211031225142  -746.4 -33.2 -289.5
20211031225143  -746.8 -33.5 -289.7
20211031225144  -747.1 -33.8 -289.7
20211031225145  -746.9 -33.9 -289.7
20211031225146  -746.8 -33.6 -289.6
20211031225147  -746.8 -33.8 -289.4
20211031225148  -746.9 -33.9 -289.8
20211031225149  -747.0 -33.8 -289.6
20211031225150  -747.0 -33.9 -289.7
20211031225151  -747.1 -33.9 -289.5
20211031225152  -747.3 -33.8 -289.6
20211031225153  -747.6 -33.9 -289.7
20211031225154  -747.6 -33.9 -289.8
20211031225155  -747.9 -33.9 -290.1
20211031225156  -747.8 -34.1 -289.8
20211031225157  -748.0 -34.3 -289.9
20211031225158  -747.8 -34.2 -289.8
20211031225159  -748.1 -34.2 -289.8
20211031225200  -748.0 -34.5 -290.0
20211031225201  -748.4 -34.7 -289.9
20211031225202  -748.7 -34.6 -290.4
20211031225203  -748.8 -34.8 -290.2
20211031225204  -749.2 -34.9 -290.0
20211031225205  -749.5 -34.7 -289.9
20211031225206  -749.5 -34.7 -289.8
20211031225207  -749.7 -34.6 -289.9
20211031225208  -750.3 -34.7 -290.0
20211031225209  -750.4 -34.3 -290.1
20211031225210  -750.4 -34.0 -289.8
20211031225211  -751.0 -34.1 -290.4
20211031225212  -751.1 -34.2 -290.4
20211031225213  -751.8 -34.2 -290.5
20211031225214  -752.1 -34.5 -290.4
20211031225215  -752.4 -34.5 -290.1
20211031225216  -752.6 -34.7 -290.0
20211031225217  -752.8 -34.5 -289.9
20211031225218  -753.1 -34.8 -289.9
20211031225219  -753.3 -35.2 -290.0
20211031225220  -753.6 -35.0 -289.9
20211031225221  -753.7 -35.0 -289.7
