20211206224525  -683.5 -74.9 -743.8
20211206224526  -683.1 -74.6 -743.3
20211206224527  -682.8 -74.3 -742.8
20211206224528  -682.5 -74.2 -742.8
20211206224529  -682.5 -74.1 -742.6
20211206224530  -682.4 -73.9 -742.3
20211206224531  -682.3 -73.7 -742.2
20211206224532  -682.3 -73.6 -742.0
20211206224533  -682.2 -73.9 -741.7
20211206224534  -682.9 -73.9 -742.2
20211206224535  -683.5 -74.0 -742.6
20211206224536  -683.5 -73.9 -742.8
20211206224537  -683.7 -73.9 -743.0
20211206224538  -683.7 -74.1 -743.0
20211206224539  -683.8 -74.3 -742.9
20211206224540  -683.9 -74.2 -743.1
20211206224541  -684.2 -74.1 -743.3
20211206224542  -684.1 -74.2 -743.3
20211206224543  -684.1 -74.0 -743.1
20211206224544  -684.2 -74.2 -743.5
20211206224545  -684.1 -74.4 -743.6
20211206224546  -684.3 -74.3 -743.8
20211206224547  -684.7 -74.3 -744.1
20211206224548  -685.3 -74.8 -745.1
20211206224549  -685.2 -75.0 -745.0
20211206224550  -684.7 -74.9 -744.3
20211206224551  -684.1 -74.7 -744.0
20211206224552  -684.0 -74.6 -743.7
20211206224553  -683.9 -74.3 -743.4
20211206224554  -683.5 -74.4 -743.2
20211206224555  -683.4 -74.2 -743.0
20211206224556  -683.1 -74.1 -742.6
20211206224557  -683.0 -74.1 -742.5
20211206224558  -682.9 -73.8 -742.6
20211206224559  -682.9 -73.8 -742.2
20211206224600  -682.6 -73.3 -741.9
20211206224601  -682.9 -73.2 -742.2
20211206224602  -683.7 -73.2 -742.6
20211206224603  -683.8 -73.4 -742.9
20211206224604  -684.0 -73.5 -743.2
20211206224605  -684.1 -73.6 -742.7
20211206224606  -684.3 -73.7 -743.1
20211206224607  -684.3 -73.6 -743.1
20211206224608  -684.4 -73.6 -743.1
20211206224609  -684.5 -73.6 -743.2
20211206224610  -684.6 -73.6 -743.4
20211206224611  -684.6 -73.4 -743.2
20211206224612  -684.8 -73.2 -743.9
20211206224613  -685.0 -73.8 -743.9
20211206224614  -685.1 -73.9 -744.0
20211206224615  -685.4 -74.3 -744.4
20211206224616  -685.5 -74.2 -744.6
20211206224617  -684.5 -73.9 -744.0
20211206224618  -684.4 -73.7 -743.4
20211206224619  -684.3 -73.3 -743.3
20211206224620  -683.8 -73.2 -743.1
20211206224621  -683.6 -72.9 -742.8
20211206224622  -683.7 -72.9 -742.4
20211206224623  -683.4 -72.9 -742.1
20211206224624  -683.3 -72.9 -742.3
20211206224625  -683.0 -72.5 -742.0
20211206224626  -682.9 -72.5 -741.8
20211206224627  -683.0 -72.3 -741.8
20211206224628  -683.1 -72.4 -742.0
20211206224629  -683.9 -72.4 -742.5
20211206224630  -684.4 -72.9 -742.8
20211206224631  -684.3 -72.9 -742.8
20211206224632  -684.3 -72.9 -742.6
20211206224633  -684.3 -73.0 -743.0
20211206224634  -684.3 -73.0 -742.9
20211206224635  -684.4 -73.1 -743.0
20211206224636  -684.5 -73.0 -743.0
20211206224637  -684.6 -73.2 -743.2
20211206224638  -684.8 -73.3 -743.2
20211206224639  -684.6 -73.1 -743.3
20211206224640  -684.7 -73.3 -743.5
20211206224641  -684.8 -73.5 -743.5
20211206224642  -685.0 -73.6 -743.6
20211206224643  -685.3 -73.9 -744.4
20211206224644  -684.5 -73.4 -743.7
20211206224645  -684.1 -73.5 -743.0
20211206224646  -683.8 -72.9 -742.8
20211206224647  -683.6 -72.8 -742.5
20211206224648  -683.4 -72.6 -742.6
20211206224649  -682.8 -72.1 -742.1
20211206224650  -682.6 -72.1 -742.1
20211206224651  -682.4 -72.1 -741.7
20211206224652  -682.3 -71.7 -741.1
20211206224653  -682.3 -71.8 -741.0
20211206224654  -682.2 -72.0 -741.3
20211206224655  -682.1 -71.6 -741.1
20211206224656  -683.2 -72.0 -742.1
20211206224657  -683.6 -72.2 -741.8
20211206224658  -683.5 -72.5 -741.8
20211206224659  -683.5 -72.6 -742.1
20211206224700  -683.9 -72.4 -742.0
20211206224701  -683.9 -72.6 -742.5
20211206224702  -684.1 -72.7 -742.5
20211206224703  -684.2 -72.4 -742.3
20211206224704  -684.6 -72.8 -742.8
20211206224705  -684.6 -72.6 -742.8
20211206224706  -684.6 -72.8 -743.0
20211206224707  -684.6 -73.0 -742.8
20211206224708  -685.0 -72.7 -743.0
20211206224709  -685.1 -73.1 -743.2
20211206224710  -685.7 -73.9 -744.4
20211206224711  -685.2 -73.7 -744.0
20211206224712  -684.6 -73.4 -743.6
20211206224713  -684.2 -73.3 -743.0
20211206224714  -683.9 -72.9 -742.7
20211206224715  -683.7 -73.0 -742.2
20211206224716  -683.6 -72.5 -741.9
20211206224717  -683.4 -72.4 -741.7
20211206224718  -683.1 -72.0 -741.5
20211206224719  -683.0 -71.8 -741.4
20211206224720  -682.9 -71.8 -741.2
20211206224721  -682.7 -71.9 -741.2
20211206224722  -682.8 -71.8 -741.0
20211206224723  -683.5 -72.0 -741.8
20211206224724  -683.3 -72.1 -741.9
20211206224725  -683.8 -72.1 -742.1
20211206224726  -683.8 -72.1 -742.0
20211206224727  -683.9 -72.3 -742.1
20211206224728  -684.5 -72.4 -742.1
20211206224729  -684.8 -72.3 -742.4
20211206224730  -684.8 -72.3 -742.4
20211206224731  -685.0 -72.3 -742.5
20211206224732  -685.2 -72.6 -742.6
20211206224733  -685.2 -72.6 -742.8
20211206224734  -685.3 -72.5 -742.8
20211206224735  -685.5 -72.6 -743.0
20211206224736  -685.5 -72.8 -743.1
20211206224737  -685.9 -73.4 -744.0
20211206224738  -685.7 -73.2 -743.5
20211206224739  -685.2 -73.0 -743.2
20211206224740  -685.0 -72.7 -742.9
20211206224741  -684.4 -72.5 -742.3
20211206224742  -684.0 -72.1 -741.6
20211206224743  -683.7 -72.2 -741.4
20211206224744  -683.7 -72.2 -741.2
20211206224745  -683.5 -72.1 -741.0
20211206224746  -683.3 -72.0 -741.0
20211206224747  -683.4 -71.9 -741.0
20211206224748  -682.8 -71.9 -740.8
20211206224749  -682.7 -71.7 -740.7
20211206224750  -683.3 -72.0 -741.4
20211206224751  -683.6 -72.1 -741.9
20211206224752  -683.9 -72.1 -742.0
20211206224753  -683.8 -72.4 -742.0
20211206224754  -684.1 -72.4 -741.9
20211206224755  -684.2 -72.4 -741.8
20211206224756  -684.3 -72.4 -742.0
20211206224757  -684.4 -72.6 -742.0
20211206224758  -684.3 -72.5 -742.3
20211206224759  -684.7 -72.8 -742.1
20211206224800  -684.8 -72.9 -742.5
20211206224801  -684.9 -72.6 -742.6
20211206224802  -685.2 -72.7 -743.1
20211206224803  -685.1 -73.0 -743.2
20211206224804  -685.6 -73.5 -743.8
20211206224805  -685.6 -73.4 -743.4
20211206224806  -685.3 -72.9 -743.2
20211206224807  -684.8 -72.5 -742.4
20211206224808  -684.6 -72.3 -742.0
20211206224809  -684.3 -72.2 -741.7
20211206224810  -683.8 -72.1 -741.5
20211206224811  -683.6 -72.1 -741.4
20211206224812  -683.6 -71.7 -741.1
20211206224813  -683.4 -71.6 -740.8
20211206224814  -683.2 -71.9 -740.8
20211206224815  -683.2 -71.6 -740.6
20211206224816  -683.3 -71.7 -740.4
20211206224817  -683.6 -71.5 -740.6
20211206224818  -684.5 -72.0 -741.6
20211206224819  -684.4 -72.1 -741.7
20211206224820  -684.9 -72.3 -741.7
20211206224821  -684.7 -72.2 -742.0
20211206224822  -684.7 -72.2 -742.0
20211206224823  -684.9 -72.0 -742.0
20211206224824  -685.2 -72.2 -742.0
20211206224825  -685.4 -72.2 -742.1
20211206224826  -685.6 -72.3 -742.3
20211206224827  -685.7 -72.5 -742.6
20211206224828  -685.6 -72.8 -742.8
20211206224829  -685.3 -72.7 -742.7
20211206224830  -685.7 -72.9 -742.9
20211206224831  -686.2 -73.2 -743.3
20211206224832  -686.5 -73.3 -744.0
20211206224833  -686.1 -73.1 -743.4
20211206224834  -685.5 -72.7 -742.8
20211206224835  -685.4 -72.5 -742.7
20211206224836  -685.2 -72.4 -742.5
20211206224837  -684.8 -72.5 -742.0
20211206224838  -684.7 -72.1 -741.8
20211206224839  -684.6 -71.8 -741.4
20211206224840  -683.9 -71.6 -741.0
20211206224841  -683.9 -71.9 -740.9
20211206224842  -683.7 -71.7 -740.7
20211206224843  -683.6 -71.4 -740.8
20211206224844  -683.7 -71.1 -740.1
20211206224845  -684.7 -71.5 -741.3
20211206224846  -685.0 -71.5 -741.5
20211206224847  -684.8 -71.6 -741.4
20211206224848  -684.9 -71.6 -741.6
20211206224849  -685.0 -71.9 -741.9
20211206224850  -685.5 -71.6 -742.1
20211206224851  -685.8 -71.4 -742.3
20211206224852  -685.8 -71.8 -742.5
20211206224853  -686.0 -71.8 -742.3
20211206224854  -686.0 -71.8 -742.5
20211206224855  -686.6 -72.0 -742.7
20211206224856  -686.8 -72.1 -742.7
20211206224857  -686.9 -72.2 -743.0
20211206224858  -686.9 -72.3 -742.9
20211206224859  -687.5 -72.8 -743.9
20211206224900  -686.8 -72.7 -742.9
20211206224901  -686.7 -72.4 -742.6
20211206224902  -686.4 -72.2 -742.4
20211206224903  -686.2 -72.3 -742.0
20211206224904  -685.9 -71.8 -742.0
20211206224905  -685.6 -71.7 -741.5
20211206224906  -685.7 -71.3 -741.6
20211206224907  -685.5 -71.6 -741.2
20211206224908  -685.4 -71.3 -741.2
20211206224909  -685.3 -71.5 -741.0
20211206224910  -685.0 -71.6 -741.1
20211206224911  -685.2 -71.4 -740.8
20211206224912  -686.2 -71.4 -741.2
20211206224913  -686.5 -71.6 -741.8
20211206224914  -686.7 -71.9 -741.7
20211206224915  -686.6 -71.6 -741.7
20211206224916  -686.7 -72.0 -742.0
20211206224917  -687.1 -72.0 -742.1
20211206224918  -687.1 -71.7 -742.0
20211206224919  -686.8 -72.0 -742.0
20211206224920  -687.3 -72.1 -742.0
20211206224921  -687.4 -72.1 -742.4
20211206224922  -687.3 -72.0 -742.4
20211206224923  -687.5 -72.3 -742.5
20211206224924  -687.6 -72.2 -742.6
20211206224925  -687.6 -72.1 -742.9
20211206224926  -688.2 -72.8 -743.5
20211206224927  -687.7 -72.5 -743.2
20211206224928  -687.5 -72.3 -742.7
20211206224929  -687.0 -72.1 -742.0
20211206224930  -686.7 -71.4 -741.6
20211206224931  -686.2 -71.6 -741.5
20211206224932  -685.8 -71.4 -741.5
20211206224933  -685.9 -71.1 -741.2
20211206224934  -685.6 -71.2 -740.7
20211206224935  -685.5 -71.1 -740.5
20211206224936  -685.3 -71.1 -740.3
20211206224937  -684.9 -70.9 -740.0
20211206224938  -685.0 -70.6 -740.2
20211206224939  -685.2 -71.0 -740.0
20211206224940  -686.0 -71.2 -740.8
20211206224941  -686.4 -71.2 -740.8
20211206224942  -686.7 -71.2 -741.1
20211206224943  -686.5 -71.4 -741.2
20211206224944  -686.7 -71.4 -741.1
20211206224945  -686.5 -71.5 -741.0
20211206224946  -686.6 -71.6 -741.2
20211206224947  -686.8 -71.5 -741.5
20211206224948  -687.0 -71.6 -741.8
20211206224949  -687.0 -71.5 -741.4
20211206224950  -687.2 -71.6 -741.5
20211206224951  -687.1 -71.6 -741.6
20211206224952  -687.1 -71.6 -742.0
20211206224953  -687.7 -72.2 -742.7
20211206224954  -687.7 -72.3 -742.4
20211206224955  -687.1 -71.8 -742.0
20211206224956  -686.7 -71.4 -741.5
20211206224957  -686.2 -71.4 -741.0
20211206224958  -686.0 -71.3 -741.3
20211206224959  -685.8 -71.2 -740.9
20211206225000  -685.4 -71.0 -740.4
20211206225001  -685.0 -70.9 -740.3
20211206225002  -684.6 -70.5 -740.0
20211206225003  -684.3 -70.1 -739.8
20211206225004  -684.3 -69.9 -739.8
20211206225005  -684.1 -69.9 -739.6
20211206225006  -683.9 -69.9 -739.3
20211206225007  -685.2 -70.1 -740.0
20211206225008  -685.3 -70.1 -740.4
20211206225009  -685.4 -70.1 -740.6
20211206225010  -685.7 -70.2 -740.5
20211206225011  -685.6 -70.1 -740.5
20211206225012  -685.5 -70.3 -740.9
20211206225013  -685.3 -70.3 -740.8
20211206225014  -685.7 -70.4 -740.9
20211206225015  -685.6 -70.4 -741.1
20211206225016  -685.7 -70.7 -741.3
20211206225017  -685.9 -70.4 -741.4
20211206225018  -685.7 -70.5 -741.5
20211206225019  -686.2 -70.8 -741.3
20211206225020  -686.4 -70.8 -741.8
20211206225021  -686.4 -70.9 -742.0
20211206225022  -685.6 -70.8 -741.2
20211206225023  -685.3 -70.2 -740.7
20211206225024  -684.8 -70.1 -740.4
20211206225025  -684.6 -69.9 -740.2
20211206225026  -684.2 -69.9 -739.9
20211206225027  -684.0 -69.9 -739.8
20211206225028  -684.1 -69.8 -739.4
20211206225029  -683.8 -69.5 -739.3
20211206225030  -683.4 -69.3 -739.5
20211206225031  -683.2 -69.2 -739.1
20211206225032  -682.9 -69.1 -738.9
20211206225033  -682.8 -69.3 -739.0
20211206225034  -683.3 -69.1 -739.0
20211206225035  -683.7 -69.4 -739.7
20211206225036  -683.5 -69.2 -739.8
20211206225037  -683.7 -69.3 -739.7
20211206225038  -683.6 -69.6 -739.7
20211206225039  -683.5 -69.2 -739.7
20211206225040  -683.3 -69.4 -739.7
20211206225041  -683.2 -69.6 -739.8
20211206225042  -683.4 -69.9 -739.8
20211206225043  -683.6 -69.8 -740.0
20211206225044  -683.4 -69.8 -740.0
20211206225045  -683.5 -69.7 -740.4
20211206225046  -683.7 -70.2 -740.7
20211206225047  -683.6 -70.0 -740.9
20211206225048  -684.2 -70.6 -741.6
20211206225049  -683.6 -70.2 -741.0
20211206225050  -683.2 -70.1 -740.3
20211206225051  -682.8 -69.9 -740.0
20211206225052  -682.5 -69.7 -739.4
20211206225053  -682.0 -69.4 -739.3
20211206225054  -681.6 -69.2 -739.0
20211206225055  -681.3 -69.1 -738.5
20211206225056  -681.1 -69.0 -738.6
20211206225057  -680.8 -69.0 -738.0
20211206225058  -680.5 -68.8 -737.9
20211206225059  -680.5 -68.6 -737.4
20211206225100  -680.4 -68.4 -737.3
20211206225101  -680.3 -68.0 -737.2
20211206225102  -681.2 -68.5 -738.6
20211206225103  -681.2 -68.7 -738.5
20211206225104  -681.2 -68.9 -738.6
20211206225105  -681.2 -69.1 -738.5
20211206225106  -681.3 -69.1 -738.4
20211206225107  -681.2 -69.2 -738.8
20211206225108  -681.3 -69.1 -738.9
20211206225109  -681.2 -69.0 -738.8
20211206225110  -681.1 -69.1 -738.8
20211206225111  -681.4 -69.0 -739.2
20211206225112  -681.5 -69.2 -739.3
20211206225113  -681.6 -69.3 -739.4
20211206225114  -681.8 -69.4 -739.6
20211206225115  -682.5 -70.2 -740.2
20211206225116  -682.4 -69.9 -740.2
20211206225117  -682.2 -69.5 -739.8
20211206225118  -681.8 -69.5 -739.5
20211206225119  -681.4 -69.1 -739.2
20211206225120  -681.3 -69.0 -738.8
20211206225121  -681.1 -68.7 -738.5
20211206225122  -680.8 -68.8 -738.6
20211206225123  -680.8 -68.7 -738.4
20211206225124  -680.7 -68.6 -738.2
20211206225125  -680.6 -68.3 -738.0
20211206225126  -680.4 -68.1 -737.6
20211206225127  -680.2 -68.0 -737.4
20211206225128  -680.2 -68.2 -737.5
20211206225129  -681.3 -68.6 -738.5
20211206225130  -681.5 -68.6 -738.7
20211206225131  -681.5 -68.7 -738.7
20211206225132  -682.1 -68.7 -739.1
20211206225133  -682.1 -68.5 -739.1
20211206225134  -682.3 -68.6 -739.0
20211206225135  -682.6 -68.8 -739.3
20211206225136  -683.1 -68.9 -739.5
20211206225137  -682.9 -69.1 -739.2
20211206225138  -683.1 -69.1 -739.4
20211206225139  -683.1 -69.1 -739.6
20211206225140  -683.3 -69.2 -740.0
20211206225141  -683.9 -69.2 -740.1
20211206225142  -684.0 -69.7 -740.4
20211206225143  -683.9 -69.4 -740.5
20211206225144  -683.6 -69.2 -739.9
20211206225145  -683.2 -68.9 -739.5
20211206225146  -682.7 -68.6 -738.9
20211206225147  -682.7 -68.5 -738.8
20211206225148  -682.3 -68.2 -738.7
20211206225149  -682.2 -68.4 -738.2
20211206225150  -682.1 -68.2 -738.0
20211206225151  -682.1 -68.1 -737.9
20211206225152  -682.2 -68.0 -737.7
20211206225153  -681.9 -67.9 -737.6
20211206225154  -681.8 -67.9 -737.4
20211206225155  -681.5 -67.8 -737.2
20211206225156  -682.2 -67.7 -737.9
20211206225157  -682.8 -68.0 -738.8
20211206225158  -683.0 -68.0 -738.6
20211206225159  -683.2 -67.9 -738.8
20211206225200  -683.2 -67.9 -738.7
20211206225201  -683.3 -68.3 -739.0
20211206225202  -683.5 -68.5 -738.9
20211206225203  -683.5 -68.6 -739.0
20211206225204  -683.7 -68.5 -739.3
20211206225205  -684.0 -68.7 -739.5
20211206225206  -684.0 -68.4 -739.5
20211206225207  -684.1 -68.4 -739.5
20211206225208  -684.4 -68.4 -739.5
20211206225209  -684.7 -68.4 -740.0
20211206225210  -685.1 -69.0 -740.5
20211206225211  -684.4 -68.6 -739.6
20211206225212  -683.9 -68.4 -739.4
