20211029234043  -663.6 -85.8 -209.5
20211029234044  -663.5 -85.4 -209.6
20211029234045  -663.6 -85.5 -209.8
20211029234046  -663.6 -85.6 -209.6
20211029234047  -663.5 -85.7 -209.7
20211029234048  -663.6 -85.6 -209.7
20211029234049  -663.5 -85.5 -209.7
20211029234050  -663.3 -85.5 -209.8
20211029234051  -663.7 -85.3 -209.9
20211029234052  -663.4 -85.3 -209.7
20211029234053  -663.6 -85.4 -209.6
20211029234054  -663.4 -85.0 -209.4
20211029234055  -663.2 -85.0 -209.7
20211029234056  -663.4 -85.1 -209.7
20211029234057  -663.2 -84.9 -209.7
20211029234058  -662.9 -84.9 -209.7
20211029234059  -662.3 -84.5 -209.0
20211029234100  -662.0 -84.5 -208.8
20211029234101  -662.7 -84.4 -209.1
20211029234102  -662.8 -84.5 -209.3
20211029234103  -662.9 -84.7 -209.1
20211029234104  -663.0 -84.6 -209.3
20211029234105  -662.9 -84.8 -209.2
20211029234106  -662.8 -84.6 -209.4
20211029234107  -662.8 -84.5 -209.5
20211029234108  -662.6 -84.7 -209.3
20211029234109  -662.8 -84.4 -209.5
20211029234110  -663.1 -84.5 -209.2
20211029234111  -662.8 -84.5 -208.9
20211029234112  -662.8 -84.6 -208.8
20211029234113  -662.7 -84.6 -209.4
20211029234114  -663.0 -84.7 -209.1
20211029234115  -662.7 -84.5 -209.1
20211029234116  -662.7 -84.6 -209.1
20211029234117  -662.8 -84.5 -208.9
20211029234118  -662.7 -84.5 -209.1
20211029234119  -662.7 -84.6 -209.0
20211029234120  -662.4 -84.3 -209.1
20211029234121  -662.4 -84.3 -208.9
20211029234122  -662.4 -84.6 -209.0
20211029234123  -662.6 -84.2 -208.8
20211029234124  -662.8 -84.4 -208.8
20211029234125  -662.1 -84.6 -208.6
20211029234126  -661.6 -84.2 -208.3
20211029234127  -662.2 -84.2 -208.6
20211029234128  -662.5 -84.1 -208.5
20211029234129  -662.5 -84.3 -208.4
20211029234130  -662.4 -83.9 -209.0
20211029234131  -662.2 -84.3 -208.7
20211029234132  -662.4 -84.5 -208.8
20211029234133  -662.1 -84.1 -209.0
20211029234134  -662.2 -84.2 -208.8
20211029234135  -662.1 -84.2 -209.0
20211029234136  -661.9 -84.2 -209.0
20211029234137  -662.0 -84.1 -208.7
20211029234138  -661.9 -84.3 -208.5
20211029234139  -661.6 -84.3 -208.5
20211029234140  -661.7 -84.4 -208.7
20211029234141  -662.0 -84.2 -208.6
20211029234142  -662.2 -84.4 -208.5
20211029234143  -662.2 -84.1 -208.5
20211029234144  -662.0 -84.1 -208.4
20211029234145  -662.1 -84.1 -208.6
20211029234146  -661.9 -84.1 -208.7
20211029234147  -662.1 -84.1 -208.7
20211029234148  -662.1 -84.1 -208.9
20211029234149  -662.1 -83.9 -208.6
20211029234150  -662.2 -83.9 -208.6
20211029234151  -661.8 -84.0 -208.2
20211029234152  -661.2 -84.0 -207.7
20211029234153  -660.7 -83.8 -207.5
20211029234154  -660.9 -84.0 -207.3
20211029234155  -660.7 -83.9 -207.0
20211029234156  -661.3 -83.8 -207.2
20211029234157  -661.6 -84.0 -207.9
20211029234158  -661.5 -83.9 -207.6
20211029234159  -661.6 -83.8 -207.5
20211029234200  -661.6 -83.9 -207.7
20211029234201  -661.6 -83.6 -207.7
20211029234202  -661.6 -83.6 -207.7
20211029234203  -661.3 -83.3 -207.8
20211029234204  -661.2 -83.4 -207.7
20211029234205  -661.3 -83.6 -207.8
20211029234206  -661.3 -83.6 -207.7
20211029234207  -661.1 -83.6 -207.6
20211029234208  -661.3 -83.6 -207.4
20211029234209  -661.4 -83.7 -207.6
20211029234210  -661.4 -83.5 -207.4
20211029234211  -661.1 -83.4 -207.8
20211029234212  -661.4 -83.3 -207.9
20211029234213  -661.3 -83.3 -207.9
20211029234214  -661.7 -83.2 -207.9
20211029234215  -661.9 -83.3 -208.2
20211029234216  -661.7 -83.2 -208.0
20211029234217  -661.9 -83.3 -208.2
20211029234218  -661.8 -83.4 -207.9
20211029234219  -661.7 -83.0 -207.9
20211029234220  -661.6 -83.4 -207.9
20211029234221  -661.5 -83.3 -207.8
20211029234222  -661.0 -83.2 -207.4
20211029234223  -660.8 -82.9 -207.0
20211029234224  -660.8 -83.0 -207.1
20211029234225  -660.9 -82.7 -207.0
20211029234226  -661.2 -82.9 -207.2
20211029234227  -661.7 -83.2 -207.8
20211029234228  -661.7 -83.5 -207.7
20211029234229  -661.6 -83.2 -207.5
20211029234230  -661.7 -83.4 -207.6
20211029234231  -661.5 -83.3 -207.5
20211029234232  -661.5 -83.3 -207.9
20211029234233  -661.5 -83.1 -207.8
20211029234234  -661.4 -83.2 -207.4
20211029234235  -661.5 -83.2 -207.4
20211029234236  -661.7 -83.2 -207.6
20211029234237  -661.8 -83.1 -207.6
20211029234238  -661.4 -83.2 -207.6
20211029234239  -661.4 -83.0 -207.5
20211029234240  -661.5 -83.2 -207.6
20211029234241  -661.7 -83.1 -207.7
20211029234242  -661.6 -83.3 -207.7
20211029234243  -661.2 -83.2 -207.7
20211029234244  -661.6 -83.2 -207.7
20211029234245  -661.7 -83.0 -207.8
20211029234246  -662.0 -83.0 -207.9
20211029234247  -661.7 -83.2 -207.7
20211029234248  -661.6 -83.1 -207.7
20211029234249  -661.8 -83.0 -208.0
20211029234250  -661.9 -83.2 -207.9
20211029234251  -661.7 -82.8 -207.8
20211029234252  -661.2 -83.5 -207.6
20211029234253  -661.1 -83.1 -207.4
20211029234254  -660.9 -83.1 -207.0
20211029234255  -660.7 -82.9 -206.7
20211029234256  -660.8 -82.9 -206.9
20211029234257  -661.2 -82.9 -207.6
20211029234258  -661.8 -83.1 -207.5
20211029234259  -661.7 -83.3 -207.0
20211029234300  -661.6 -83.4 -207.3
20211029234301  -661.9 -83.3 -207.3
20211029234302  -661.9 -83.0 -207.5
20211029234303  -661.9 -83.5 -207.3
20211029234304  -662.0 -83.3 -207.1
20211029234305  -662.2 -83.3 -207.3
20211029234306  -662.3 -83.2 -207.6
20211029234307  -662.3 -83.0 -207.4
20211029234308  -662.3 -83.3 -207.3
20211029234309  -662.3 -83.2 -207.5
20211029234310  -662.4 -83.4 -207.5
20211029234311  -662.3 -83.3 -207.7
20211029234312  -662.4 -83.6 -207.6
20211029234313  -662.2 -83.3 -207.4
20211029234314  -662.4 -83.3 -207.6
20211029234315  -662.5 -83.2 -207.5
20211029234316  -662.7 -83.4 -207.7
20211029234317  -662.4 -83.4 -207.3
20211029234318  -662.5 -83.5 -207.6
20211029234319  -662.5 -83.4 -207.6
20211029234320  -662.7 -83.2 -207.6
20211029234321  -662.7 -83.1 -207.5
20211029234322  -662.6 -83.1 -207.7
20211029234323  -661.9 -82.8 -207.1
20211029234324  -661.8 -83.0 -206.9
20211029234325  -661.5 -83.2 -206.6
20211029234326  -661.8 -82.5 -206.5
20211029234327  -662.6 -83.0 -207.0
20211029234328  -662.9 -83.3 -207.4
20211029234329  -662.8 -83.1 -207.3
20211029234330  -663.1 -83.1 -207.2
20211029234331  -662.9 -83.0 -207.5
20211029234332  -662.9 -82.9 -207.2
20211029234333  -662.8 -82.6 -207.2
20211029234334  -662.7 -82.8 -207.2
20211029234335  -662.6 -83.1 -207.1
20211029234336  -662.8 -83.0 -207.2
20211029234337  -662.6 -82.9 -207.2
20211029234338  -662.9 -82.8 -207.3
20211029234339  -662.7 -82.8 -207.2
20211029234340  -663.1 -82.9 -207.4
20211029234341  -662.9 -82.8 -207.1
20211029234342  -662.9 -82.9 -207.3
20211029234343  -663.0 -82.7 -207.1
20211029234344  -663.1 -82.6 -207.3
20211029234345  -662.9 -82.7 -207.4
20211029234346  -662.8 -82.9 -207.6
20211029234347  -662.7 -82.5 -207.7
20211029234348  -663.1 -82.7 -207.5
20211029234349  -663.0 -82.7 -207.5
20211029234350  -662.8 -82.9 -207.4
20211029234351  -663.0 -83.0 -207.7
20211029234352  -663.1 -83.2 -207.5
20211029234353  -662.8 -83.1 -207.3
20211029234354  -662.5 -82.7 -206.9
20211029234355  -662.3 -82.5 -206.8
20211029234356  -662.1 -82.2 -206.6
20211029234357  -663.0 -82.4 -207.1
20211029234358  -663.4 -82.6 -207.4
20211029234359  -663.3 -82.5 -207.4
20211029234400  -663.1 -82.5 -207.2
20211029234401  -663.3 -82.6 -207.1
20211029234402  -663.3 -82.5 -207.4
20211029234403  -663.3 -82.5 -207.6
20211029234404  -663.2 -82.7 -207.6
20211029234405  -663.2 -82.4 -207.2
20211029234406  -663.4 -82.4 -207.3
20211029234407  -663.5 -82.6 -207.5
20211029234408  -663.4 -82.4 -207.6
20211029234409  -663.3 -82.4 -207.4
20211029234410  -663.7 -82.4 -207.3
20211029234411  -663.4 -82.4 -207.2
20211029234412  -663.4 -82.5 -207.5
20211029234413  -663.3 -82.3 -207.3
20211029234414  -663.5 -82.6 -207.2
20211029234415  -663.8 -82.4 -207.0
20211029234416  -663.4 -82.4 -207.1
20211029234417  -663.6 -82.2 -207.1
20211029234418  -663.7 -82.2 -207.1
20211029234419  -663.6 -82.6 -207.0
20211029234420  -663.5 -82.6 -207.3
20211029234421  -663.5 -82.5 -207.0
20211029234422  -663.5 -82.5 -207.1
20211029234423  -662.9 -82.6 -207.1
20211029234424  -662.5 -82.5 -206.5
20211029234425  -662.3 -82.3 -206.7
20211029234426  -662.1 -82.2 -206.6
20211029234427  -662.2 -82.1 -206.7
20211029234428  -663.0 -82.1 -207.4
20211029234429  -662.7 -82.1 -207.2
20211029234430  -662.7 -82.2 -207.2
20211029234431  -663.1 -82.0 -207.1
20211029234432  -663.2 -82.1 -207.2
20211029234433  -663.2 -82.1 -207.4
20211029234434  -663.4 -82.1 -207.6
20211029234435  -663.4 -82.2 -207.6
20211029234436  -663.5 -82.3 -207.6
20211029234437  -663.6 -82.2 -207.3
20211029234438  -663.5 -82.1 -207.2
20211029234439  -663.7 -82.3 -207.5
20211029234440  -663.7 -82.3 -207.2
20211029234441  -663.5 -82.2 -207.7
20211029234442  -663.8 -82.5 -207.6
20211029234443  -663.6 -82.5 -207.5
20211029234444  -663.6 -82.3 -207.4
20211029234445  -663.9 -82.3 -207.4
20211029234446  -663.6 -82.4 -207.5
20211029234447  -663.7 -82.5 -207.5
20211029234448  -663.8 -82.5 -207.6
20211029234449  -663.8 -82.5 -207.5
20211029234450  -664.1 -82.3 -207.3
20211029234451  -663.9 -82.5 -206.9
20211029234452  -663.9 -82.5 -207.0
20211029234453  -663.2 -82.5 -207.2
20211029234454  -663.2 -82.5 -207.1
20211029234455  -663.9 -82.6 -207.5
20211029234456  -664.1 -82.6 -207.5
20211029234457  -664.0 -82.7 -207.3
20211029234458  -664.3 -82.8 -207.5
20211029234459  -663.8 -82.4 -207.5
20211029234500  -664.0 -82.5 -207.5
20211029234501  -664.1 -82.5 -207.6
20211029234502  -664.2 -82.3 -207.6
20211029234503  -664.2 -82.5 -207.5
20211029234504  -664.2 -82.6 -207.4
20211029234505  -664.4 -82.5 -207.4
20211029234506  -664.5 -82.3 -207.1
20211029234507  -664.6 -82.5 -207.5
20211029234508  -664.6 -82.5 -207.4
20211029234509  -664.6 -82.6 -207.5
20211029234510  -664.7 -82.3 -207.6
20211029234511  -664.6 -82.4 -207.5
20211029234512  -664.6 -82.3 -207.5
20211029234513  -664.2 -82.5 -207.6
20211029234514  -664.6 -82.8 -207.8
20211029234515  -664.3 -82.4 -207.8
20211029234516  -664.6 -82.6 -207.5
20211029234517  -664.7 -82.8 -207.7
20211029234518  -664.7 -82.3 -207.6
20211029234519  -664.6 -82.9 -207.7
20211029234520  -663.7 -82.6 -207.1
20211029234521  -664.6 -82.5 -207.7
20211029234522  -664.7 -82.3 -207.6
20211029234523  -664.7 -82.6 -207.7
20211029234524  -665.1 -82.8 -207.7
20211029234525  -664.7 -82.5 -207.7
20211029234526  -664.8 -82.7 -207.9
20211029234527  -664.8 -82.6 -207.5
20211029234528  -665.0 -82.8 -207.6
20211029234529  -665.0 -82.5 -207.7
20211029234530  -665.2 -82.7 -207.7
20211029234531  -665.4 -82.7 -207.7
20211029234532  -665.1 -82.8 -207.8
20211029234533  -665.3 -82.9 -207.7
20211029234534  -665.5 -83.0 -208.0
20211029234535  -665.2 -82.9 -207.9
20211029234536  -665.4 -82.9 -207.9
20211029234537  -665.1 -82.7 -207.8
20211029234538  -665.2 -82.8 -207.5
20211029234539  -665.4 -82.7 -207.5
20211029234540  -665.5 -82.5 -207.5
20211029234541  -665.6 -82.6 -207.7
20211029234542  -665.4 -82.6 -208.0
20211029234543  -665.7 -82.6 -208.0
20211029234544  -665.6 -82.9 -207.9
20211029234545  -665.2 -82.7 -207.6
20211029234546  -664.8 -82.8 -207.4
20211029234547  -665.3 -82.9 -207.5
20211029234548  -665.5 -82.8 -207.8
20211029234549  -665.5 -82.8 -208.1
20211029234550  -665.6 -82.8 -207.8
20211029234551  -665.4 -83.0 -208.0
20211029234552  -665.5 -83.1 -207.8
20211029234553  -665.4 -83.0 -207.8
20211029234554  -665.4 -82.9 -207.9
20211029234555  -665.3 -82.8 -207.5
20211029234556  -665.3 -83.0 -207.8
20211029234557  -665.4 -82.9 -207.7
20211029234558  -665.7 -82.9 -207.9
20211029234559  -665.7 -83.0 -207.6
20211029234600  -665.6 -83.0 -207.5
20211029234601  -665.5 -83.0 -207.7
20211029234602  -665.4 -83.1 -207.7
20211029234603  -665.3 -83.0 -207.8
20211029234604  -665.4 -83.3 -207.8
20211029234605  -665.2 -83.2 -207.9
20211029234606  -665.6 -83.2 -207.4
20211029234607  -665.3 -83.4 -207.7
20211029234608  -665.3 -83.4 -207.7
20211029234609  -665.6 -83.5 -207.4
20211029234610  -665.6 -83.3 -207.9
20211029234611  -665.5 -83.3 -208.0
20211029234612  -664.5 -83.4 -207.2
20211029234613  -665.2 -83.2 -207.4
20211029234614  -665.3 -83.3 -207.8
20211029234615  -665.5 -83.7 -207.7
20211029234616  -665.5 -83.4 -207.7
20211029234617  -665.4 -83.6 -207.7
20211029234618  -665.7 -83.7 -207.7
20211029234619  -665.5 -83.3 -207.6
20211029234620  -665.5 -83.3 -207.6
20211029234621  -665.4 -83.4 -207.7
20211029234622  -665.7 -83.2 -207.7
20211029234623  -665.5 -83.2 -207.8
20211029234624  -665.4 -83.5 -207.8
20211029234625  -665.4 -83.5 -207.8
20211029234626  -665.1 -83.5 -208.1
20211029234627  -665.4 -83.3 -208.0
20211029234628  -665.3 -83.1 -207.9
20211029234629  -665.4 -83.1 -208.0
20211029234630  -665.0 -82.9 -208.3
20211029234631  -665.2 -83.1 -208.3
20211029234632  -665.3 -83.1 -208.2
20211029234633  -665.3 -83.1 -208.4
20211029234634  -665.0 -83.0 -208.3
20211029234635  -665.1 -83.0 -208.2
20211029234636  -665.2 -83.0 -208.1
20211029234637  -664.9 -83.0 -208.0
20211029234638  -664.4 -82.9 -207.7
20211029234639  -664.8 -82.6 -207.8
20211029234640  -665.1 -82.9 -208.1
20211029234641  -665.1 -82.8 -208.0
20211029234642  -665.1 -82.8 -208.2
20211029234643  -665.2 -82.6 -208.2
20211029234644  -665.3 -82.9 -208.0
20211029234645  -665.3 -82.6 -208.3
20211029234646  -665.3 -82.6 -208.2
20211029234647  -665.2 -82.7 -208.0
20211029234648  -665.3 -82.6 -208.2
20211029234649  -665.3 -82.9 -208.0
20211029234650  -665.1 -82.9 -208.0
20211029234651  -665.5 -82.7 -208.3
20211029234652  -665.3 -82.6 -208.4
20211029234653  -665.6 -82.7 -208.3
20211029234654  -665.7 -82.9 -208.5
20211029234655  -665.4 -82.6 -208.3
20211029234656  -665.5 -83.1 -208.4
20211029234657  -665.5 -82.8 -208.2
20211029234658  -665.6 -82.3 -208.5
20211029234659  -665.9 -82.7 -208.1
20211029234700  -665.9 -83.0 -208.4
20211029234701  -666.1 -82.7 -208.1
20211029234702  -666.1 -82.9 -208.2
20211029234703  -665.9 -83.0 -208.5
20211029234704  -665.2 -82.6 -207.8
20211029234705  -665.0 -82.4 -207.3
20211029234706  -665.0 -82.4 -207.1
20211029234707  -664.7 -82.2 -207.2
20211029234708  -664.4 -82.0 -206.8
20211029234709  -665.2 -82.1 -207.7
20211029234710  -665.4 -82.2 -207.8
20211029234711  -665.3 -82.1 -208.0
20211029234712  -665.7 -82.0 -207.7
20211029234713  -665.5 -82.2 -207.8
20211029234714  -665.3 -82.0 -207.9
20211029234715  -665.5 -82.1 -208.0
20211029234716  -665.4 -82.1 -208.0
20211029234717  -665.6 -82.1 -208.0
20211029234718  -665.7 -81.9 -207.9
20211029234719  -665.6 -81.9 -207.9
20211029234720  -665.7 -81.9 -207.7
20211029234721  -665.6 -82.0 -208.0
20211029234722  -665.3 -81.9 -207.9
20211029234723  -665.6 -82.3 -207.9
20211029234724  -665.7 -82.1 -208.1
20211029234725  -665.7 -82.3 -208.2
20211029234726  -665.7 -82.2 -207.9
20211029234727  -665.8 -82.6 -208.1
20211029234728  -665.9 -82.6 -208.2
20211029234729  -665.6 -82.3 -208.2
20211029234730  -665.5 -82.5 -208.1
20211029234731  -665.7 -82.5 -208.1
20211029234732  -665.9 -82.1 -208.3
20211029234733  -665.9 -82.3 -208.1
20211029234734  -665.6 -82.3 -208.2
20211029234735  -665.2 -82.0 -207.7
20211029234736  -664.8 -81.7 -207.0
20211029234737  -664.6 -81.8 -206.9
20211029234738  -664.6 -81.7 -207.0
20211029234739  -665.1 -81.9 -207.4
20211029234740  -665.4 -81.9 -207.7
20211029234741  -665.3 -82.2 -207.7
20211029234742  -665.5 -82.2 -207.7
20211029234743  -665.5 -81.9 -207.9
20211029234744  -665.4 -81.6 -207.9
20211029234745  -665.3 -81.7 -207.4
20211029234746  -664.9 -81.6 -207.4
20211029234747  -665.0 -81.7 -207.4
20211029234748  -665.0 -81.9 -207.4
20211029234749  -665.2 -81.8 -207.6
20211029234750  -665.4 -82.0 -207.9
20211029234751  -665.3 -81.8 -207.9
20211029234752  -665.3 -81.8 -208.0
20211029234753  -665.4 -81.9 -208.1
20211029234754  -665.2 -81.8 -207.7
20211029234755  -665.2 -81.8 -207.8
20211029234756  -665.0 -81.7 -207.9
20211029234757  -665.0 -81.9 -207.5
20211029234758  -665.2 -82.0 -207.5
20211029234759  -665.2 -81.9 -207.8
20211029234800  -665.1 -82.0 -207.4
20211029234801  -665.1 -81.8 -207.7
20211029234802  -665.2 -81.6 -207.2
20211029234803  -665.2 -81.7 -207.3
20211029234804  -665.3 -81.6 -207.2
20211029234805  -664.5 -81.7 -206.8
20211029234806  -664.5 -81.5 -206.7
20211029234807  -664.0 -81.6 -206.6
20211029234808  -663.9 -81.3 -206.5
20211029234809  -664.4 -81.4 -206.9
20211029234810  -664.6 -81.6 -207.1
20211029234811  -664.7 -81.5 -207.1
20211029234812  -664.7 -81.4 -207.3
20211029234813  -664.7 -81.3 -207.1
20211029234814  -664.7 -81.2 -207.2
20211029234815  -664.8 -81.5 -207.4
20211029234816  -664.9 -81.6 -207.2
20211029234817  -665.2 -81.3 -207.5
20211029234818  -665.0 -81.5 -207.5
20211029234819  -665.1 -81.4 -207.6
20211029234820  -664.9 -81.3 -207.2
20211029234821  -664.7 -81.4 -207.2
20211029234822  -664.9 -81.2 -207.3
20211029234823  -664.7 -81.5 -207.2
20211029234824  -665.1 -81.3 -207.1
20211029234825  -665.0 -81.4 -207.3
