20211210232024  -671.8 -55.2 -755.0
20211210232025  -671.9 -55.4 -754.9
20211210232026  -672.0 -55.4 -755.1
20211210232027  -672.0 -55.6 -755.4
20211210232028  -671.7 -55.3 -754.9
20211210232029  -671.5 -55.6 -754.8
20211210232030  -671.7 -55.5 -754.7
20211210232031  -672.3 -55.6 -755.4
20211210232032  -672.5 -55.5 -755.4
20211210232033  -672.8 -55.6 -755.5
20211210232034  -672.7 -55.9 -755.6
20211210232035  -672.8 -55.6 -756.0
20211210232036  -672.7 -55.6 -755.8
20211210232037  -672.9 -55.9 -755.6
20211210232038  -673.0 -55.9 -755.5
20211210232039  -673.0 -55.7 -755.5
20211210232040  -673.5 -55.6 -755.6
20211210232041  -673.3 -55.5 -755.9
20211210232042  -673.1 -55.4 -755.8
20211210232043  -673.6 -55.7 -755.9
20211210232044  -673.6 -55.8 -755.9
20211210232045  -673.8 -55.9 -756.0
20211210232046  -674.0 -56.0 -756.0
20211210232047  -673.9 -56.2 -756.0
20211210232048  -674.3 -56.0 -756.4
20211210232049  -674.4 -56.1 -755.9
20211210232050  -674.5 -56.0 -756.1
20211210232051  -674.6 -56.0 -756.6
20211210232052  -674.9 -56.1 -756.6
20211210232053  -674.5 -56.1 -756.4
20211210232054  -674.3 -56.0 -755.9
20211210232055  -674.1 -56.0 -755.6
20211210232056  -674.5 -56.0 -755.7
20211210232057  -675.1 -56.0 -756.3
20211210232058  -675.3 -55.9 -756.0
20211210232059  -675.6 -56.0 -756.0
20211210232100  -675.7 -55.9 -756.0
20211210232101  -675.9 -56.1 -756.3
20211210232102  -676.4 -56.1 -756.2
20211210232103  -676.2 -56.2 -756.3
20211210232104  -676.5 -56.3 -756.3
20211210232105  -676.8 -56.2 -756.4
20211210232106  -676.8 -56.1 -756.7
20211210232107  -676.9 -56.3 -756.7
20211210232108  -677.1 -56.2 -756.7
20211210232109  -677.0 -56.4 -757.1
20211210232110  -677.2 -56.4 -756.9
20211210232111  -677.3 -56.3 -756.8
20211210232112  -677.7 -56.1 -756.7
20211210232113  -677.5 -56.1 -756.6
20211210232114  -677.7 -56.2 -756.7
20211210232115  -677.8 -56.0 -756.5
20211210232116  -678.0 -56.0 -756.5
20211210232117  -677.8 -56.1 -756.7
20211210232118  -678.2 -56.0 -756.9
20211210232119  -678.5 -56.1 -756.7
20211210232120  -677.9 -56.4 -756.5
20211210232121  -678.1 -56.2 -756.3
20211210232122  -678.9 -56.3 -756.8
20211210232123  -679.1 -56.4 -757.0
20211210232124  -679.2 -56.4 -757.0
20211210232125  -679.2 -56.6 -757.1
20211210232126  -679.4 -56.4 -757.4
20211210232127  -679.5 -56.7 -757.3
20211210232128  -679.5 -56.6 -756.9
20211210232129  -679.7 -56.6 -756.7
20211210232130  -679.9 -56.7 -756.8
20211210232131  -679.9 -56.6 -757.2
20211210232132  -679.8 -56.7 -757.1
20211210232133  -679.9 -56.7 -757.1
20211210232134  -680.0 -56.9 -757.1
20211210232135  -679.8 -56.9 -757.4
20211210232136  -679.8 -56.6 -757.4
20211210232137  -680.0 -56.9 -757.7
20211210232138  -680.0 -56.7 -757.4
20211210232139  -680.1 -56.7 -757.3
20211210232140  -679.8 -57.0 -757.7
20211210232141  -680.2 -56.7 -757.6
20211210232142  -680.4 -57.0 -757.1
20211210232143  -680.1 -56.9 -757.2
20211210232144  -680.2 -57.2 -757.4
20211210232145  -680.2 -57.1 -757.5
20211210232146  -680.1 -57.5 -757.7
20211210232147  -679.6 -57.2 -757.3
20211210232148  -680.3 -57.2 -757.9
20211210232149  -680.6 -57.2 -758.0
20211210232150  -680.9 -57.4 -758.2
20211210232151  -681.0 -57.4 -758.2
20211210232152  -680.9 -57.2 -758.0
20211210232153  -681.0 -57.2 -758.3
20211210232154  -681.3 -57.3 -758.3
20211210232155  -681.4 -57.6 -758.3
20211210232156  -681.4 -57.9 -758.2
20211210232157  -681.6 -58.0 -758.3
20211210232158  -681.7 -57.8 -758.2
20211210232159  -681.7 -57.7 -758.4
20211210232200  -681.9 -57.7 -758.3
20211210232201  -682.0 -57.8 -758.7
20211210232202  -682.3 -57.9 -758.4
20211210232203  -682.6 -57.8 -758.8
20211210232204  -682.3 -57.7 -758.7
20211210232205  -682.3 -57.7 -758.5
20211210232206  -682.3 -57.9 -758.6
20211210232207  -682.8 -57.9 -758.8
20211210232208  -682.5 -58.1 -758.7
20211210232209  -682.6 -57.9 -759.0
20211210232210  -682.7 -58.0 -759.0
20211210232211  -682.9 -57.9 -758.8
20211210232212  -682.7 -58.2 -758.9
20211210232213  -682.5 -58.1 -758.5
20211210232214  -682.3 -57.8 -758.4
20211210232215  -682.7 -58.1 -759.0
20211210232216  -682.8 -58.1 -759.2
20211210232217  -682.9 -58.1 -759.1
20211210232218  -683.0 -58.0 -759.1
20211210232219  -683.0 -58.1 -759.5
20211210232220  -683.4 -58.3 -759.3
20211210232221  -683.6 -58.4 -759.2
20211210232222  -683.2 -58.3 -759.3
20211210232223  -683.3 -58.3 -758.9
20211210232224  -683.2 -58.5 -758.8
20211210232225  -683.6 -58.6 -759.0
20211210232226  -683.5 -59.0 -759.0
20211210232227  -683.7 -58.8 -759.5
20211210232228  -683.7 -58.9 -759.4
20211210232229  -683.9 -58.8 -759.6
20211210232230  -683.7 -58.9 -759.6
20211210232231  -684.1 -58.8 -759.6
20211210232232  -684.0 -59.0 -759.4
20211210232233  -684.1 -59.1 -759.4
20211210232234  -684.3 -59.0 -759.4
20211210232235  -684.2 -59.0 -759.6
20211210232236  -684.5 -58.9 -759.8
20211210232237  -684.5 -59.2 -760.0
20211210232238  -684.1 -59.2 -759.5
20211210232239  -683.9 -59.3 -759.4
20211210232240  -683.6 -59.0 -759.1
20211210232241  -684.5 -59.1 -759.8
20211210232242  -684.3 -59.2 -759.5
20211210232243  -684.4 -59.1 -759.5
20211210232244  -684.6 -59.4 -759.9
20211210232245  -684.7 -59.2 -760.0
20211210232246  -684.8 -59.3 -760.1
20211210232247  -684.7 -59.3 -760.0
20211210232248  -684.7 -59.2 -759.9
20211210232249  -684.6 -59.4 -759.7
20211210232250  -684.8 -59.2 -759.8
20211210232251  -684.8 -59.4 -759.9
20211210232252  -684.7 -59.1 -759.9
20211210232253  -684.8 -59.0 -759.4
20211210232254  -685.2 -59.1 -759.4
20211210232255  -685.2 -59.4 -759.4
20211210232256  -685.2 -59.2 -759.7
20211210232257  -684.9 -59.1 -759.9
20211210232258  -685.2 -59.2 -759.8
20211210232259  -685.3 -59.1 -760.1
20211210232300  -685.3 -59.0 -759.9
20211210232301  -685.5 -59.3 -760.0
20211210232302  -685.4 -59.5 -760.1
20211210232303  -685.6 -59.5 -759.9
20211210232304  -685.8 -59.5 -760.1
20211210232305  -685.2 -59.5 -759.5
20211210232306  -685.1 -59.8 -759.5
20211210232307  -685.4 -59.6 -759.5
20211210232308  -685.7 -59.6 -759.9
20211210232309  -685.8 -59.7 -759.9
20211210232310  -685.7 -59.9 -760.2
20211210232311  -686.1 -59.9 -760.0
20211210232312  -685.9 -59.8 -760.0
20211210232313  -686.1 -60.0 -760.2
20211210232314  -686.1 -59.7 -760.3
20211210232315  -686.1 -59.5 -760.2
20211210232316  -686.5 -59.3 -760.1
20211210232317  -686.4 -59.5 -760.1
20211210232318  -686.6 -59.6 -760.3
20211210232319  -686.6 -59.6 -760.5
20211210232320  -686.6 -59.6 -760.5
20211210232321  -686.8 -59.5 -760.6
20211210232322  -686.9 -59.6 -761.0
20211210232323  -687.2 -59.5 -760.6
20211210232324  -687.1 -59.6 -760.6
20211210232325  -687.2 -59.5 -760.4
20211210232326  -687.2 -59.4 -760.4
20211210232327  -687.4 -59.6 -760.9
20211210232328  -687.5 -59.7 -760.6
20211210232329  -687.3 -59.6 -760.8
20211210232330  -687.2 -59.5 -760.8
20211210232331  -686.5 -59.3 -760.4
20211210232332  -686.3 -59.2 -759.9
20211210232333  -686.5 -59.2 -759.8
20211210232334  -687.3 -59.3 -760.2
20211210232335  -686.9 -59.2 -760.3
20211210232336  -686.7 -59.2 -760.2
20211210232337  -686.7 -59.4 -760.2
20211210232338  -686.6 -59.6 -760.2
20211210232339  -687.2 -59.4 -760.1
20211210232340  -687.1 -59.2 -760.6
20211210232341  -686.9 -59.1 -760.5
20211210232342  -686.9 -59.2 -760.4
20211210232343  -687.1 -59.0 -760.4
20211210232344  -687.2 -59.0 -760.4
20211210232345  -687.0 -59.0 -760.4
20211210232346  -686.8 -59.1 -760.4
20211210232347  -687.0 -58.9 -760.7
20211210232348  -687.1 -59.0 -760.6
20211210232349  -686.9 -59.0 -760.7
20211210232350  -687.1 -59.0 -760.6
20211210232351  -687.1 -59.2 -760.6
20211210232352  -687.2 -59.0 -760.5
20211210232353  -687.2 -59.0 -760.4
20211210232354  -687.0 -58.7 -760.5
20211210232355  -686.9 -58.6 -760.4
20211210232356  -687.1 -58.7 -760.5
20211210232357  -686.5 -58.7 -760.2
20211210232358  -685.9 -58.6 -760.1
20211210232359  -685.8 -58.7 -759.6
20211210232400  -686.2 -58.5 -760.1
20211210232401  -686.5 -58.6 -760.2
20211210232402  -686.8 -58.9 -760.2
20211210232403  -686.6 -58.9 -760.4
20211210232404  -686.7 -58.9 -760.6
20211210232405  -686.7 -58.6 -760.5
20211210232406  -686.8 -58.5 -760.5
20211210232407  -687.1 -58.3 -760.5
20211210232408  -687.0 -58.3 -760.4
20211210232409  -687.1 -58.1 -760.8
20211210232410  -687.0 -58.3 -760.6
20211210232411  -687.4 -58.1 -760.6
20211210232412  -687.4 -58.1 -760.8
20211210232413  -687.3 -58.0 -760.6
20211210232414  -687.6 -57.9 -760.5
20211210232415  -687.7 -57.8 -760.5
20211210232416  -687.6 -57.8 -760.5
20211210232417  -687.7 -57.8 -760.6
20211210232418  -687.9 -57.7 -760.5
20211210232419  -687.8 -57.7 -760.6
20211210232420  -688.0 -57.7 -760.7
20211210232421  -687.8 -57.8 -760.5
20211210232422  -687.7 -58.0 -760.7
20211210232423  -687.5 -57.5 -760.4
20211210232424  -687.2 -57.5 -760.0
20211210232425  -687.0 -57.2 -759.7
20211210232426  -687.4 -57.1 -759.6
20211210232427  -688.0 -57.4 -760.2
20211210232428  -688.3 -57.3 -760.4
20211210232429  -688.6 -57.2 -760.7
20211210232430  -688.3 -57.4 -760.6
20211210232431  -688.5 -57.3 -760.3
20211210232432  -688.8 -57.6 -760.5
20211210232433  -688.5 -57.2 -760.4
20211210232434  -688.7 -57.4 -760.4
20211210232435  -688.8 -57.4 -760.5
20211210232436  -688.9 -57.4 -760.3
20211210232437  -688.8 -57.5 -760.5
20211210232438  -688.8 -57.4 -760.6
20211210232439  -689.0 -57.3 -760.6
20211210232440  -688.9 -57.5 -760.4
20211210232441  -689.1 -57.5 -760.4
20211210232442  -689.1 -57.8 -760.3
20211210232443  -689.1 -57.7 -760.6
20211210232444  -688.9 -57.6 -760.5
20211210232445  -689.0 -57.8 -760.4
20211210232446  -689.0 -57.7 -760.4
20211210232447  -689.1 -57.8 -760.4
20211210232448  -689.0 -57.4 -760.4
20211210232449  -688.7 -57.7 -759.9
20211210232450  -687.9 -57.5 -759.3
20211210232451  -688.0 -57.3 -759.4
20211210232452  -688.1 -57.1 -759.3
20211210232453  -688.4 -57.1 -759.4
20211210232454  -688.7 -57.1 -760.0
20211210232455  -688.7 -57.0 -760.1
20211210232456  -688.8 -57.2 -760.0
20211210232457  -688.8 -57.5 -760.3
20211210232458  -688.9 -57.6 -760.0
20211210232459  -689.0 -57.4 -760.0
20211210232500  -689.1 -57.4 -759.9
20211210232501  -689.1 -57.2 -760.3
20211210232502  -689.1 -57.4 -760.0
20211210232503  -689.1 -57.2 -760.0
20211210232504  -689.1 -57.3 -759.9
20211210232505  -689.4 -57.1 -760.2
20211210232506  -689.5 -57.2 -760.3
20211210232507  -689.4 -57.4 -760.1
20211210232508  -689.6 -57.5 -760.5
20211210232509  -689.4 -57.6 -760.2
20211210232510  -689.6 -57.4 -760.0
20211210232511  -689.4 -57.6 -759.8
20211210232512  -689.4 -57.6 -759.8
20211210232513  -689.4 -57.4 -759.9
20211210232514  -689.3 -57.5 -760.0
20211210232515  -689.2 -57.7 -759.8
20211210232516  -688.8 -57.5 -759.7
20211210232517  -688.8 -57.7 -759.4
20211210232518  -688.4 -57.3 -759.4
20211210232519  -688.9 -57.5 -759.6
20211210232520  -689.2 -57.4 -760.0
20211210232521  -689.2 -57.6 -759.8
20211210232522  -689.4 -57.7 -759.8
20211210232523  -689.5 -57.8 -760.3
20211210232524  -689.3 -58.2 -760.3
20211210232525  -689.4 -58.3 -760.1
20211210232526  -689.3 -57.8 -760.2
20211210232527  -689.3 -57.9 -760.2
20211210232528  -689.7 -57.8 -760.1
20211210232529  -689.7 -58.0 -760.0
20211210232530  -689.6 -57.8 -760.1
20211210232531  -689.4 -57.7 -759.9
20211210232532  -689.5 -57.6 -760.0
20211210232533  -689.6 -58.1 -760.0
20211210232534  -689.5 -57.9 -759.9
20211210232535  -689.6 -57.5 -760.1
20211210232536  -690.0 -57.6 -759.9
20211210232537  -690.0 -57.7 -759.9
20211210232538  -689.9 -57.9 -759.7
20211210232539  -689.8 -57.9 -760.0
20211210232540  -689.8 -58.0 -759.8
20211210232541  -689.6 -57.7 -759.8
20211210232542  -689.7 -57.9 -759.6
20211210232543  -689.0 -58.0 -759.4
20211210232544  -688.8 -57.6 -759.5
20211210232545  -689.3 -57.7 -759.6
20211210232546  -689.4 -57.5 -760.0
20211210232547  -689.4 -57.8 -759.6
20211210232548  -689.3 -57.8 -759.7
20211210232549  -689.7 -57.8 -759.8
20211210232550  -689.6 -58.0 -760.0
20211210232551  -689.8 -57.8 -760.0
20211210232552  -689.7 -57.6 -759.8
20211210232553  -689.9 -57.8 -759.9
20211210232554  -690.0 -57.5 -760.0
20211210232555  -690.1 -57.8 -759.7
20211210232556  -690.4 -57.9 -759.6
20211210232557  -690.3 -58.0 -759.8
20211210232558  -690.3 -58.2 -759.6
20211210232559  -690.4 -57.5 -759.6
20211210232600  -690.3 -57.6 -759.7
20211210232601  -690.3 -57.8 -759.6
20211210232602  -690.4 -57.7 -759.8
20211210232603  -690.3 -57.7 -759.8
20211210232604  -690.4 -57.7 -759.8
20211210232605  -690.3 -57.8 -759.7
20211210232606  -690.2 -58.0 -759.7
20211210232607  -690.4 -57.8 -759.8
20211210232608  -690.5 -58.0 -759.7
20211210232609  -690.0 -57.7 -759.1
20211210232610  -689.7 -57.8 -759.1
20211210232611  -690.2 -57.7 -759.4
20211210232612  -690.6 -57.9 -759.7
20211210232613  -690.7 -57.8 -759.7
20211210232614  -690.4 -57.9 -759.7
20211210232615  -690.5 -57.9 -759.9
20211210232616  -690.5 -57.6 -759.8
20211210232617  -690.5 -57.7 -759.7
20211210232618  -690.5 -58.1 -759.5
20211210232619  -690.6 -58.2 -759.9
20211210232620  -690.7 -58.2 -760.1
20211210232621  -690.7 -58.1 -759.9
20211210232622  -690.8 -58.1 -759.8
20211210232623  -691.2 -58.2 -759.6
20211210232624  -691.3 -58.3 -760.1
20211210232625  -691.2 -58.3 -759.8
20211210232626  -691.2 -58.2 -759.9
20211210232627  -691.2 -58.5 -759.6
20211210232628  -691.2 -58.2 -759.8
20211210232629  -691.3 -58.0 -760.0
20211210232630  -691.1 -58.2 -759.9
20211210232631  -691.1 -58.1 -760.1
20211210232632  -691.1 -58.0 -760.3
20211210232633  -691.0 -58.0 -760.3
20211210232634  -690.8 -57.9 -760.2
20211210232635  -690.4 -58.0 -759.7
20211210232636  -690.3 -57.6 -759.6
20211210232637  -691.1 -57.9 -759.7
20211210232638  -691.3 -57.9 -759.9
20211210232639  -691.3 -58.0 -759.9
20211210232640  -691.2 -58.1 -759.8
20211210232641  -691.2 -58.2 -759.8
20211210232642  -691.2 -57.9 -759.7
20211210232643  -691.4 -58.1 -759.9
20211210232644  -691.1 -58.2 -760.2
20211210232645  -691.4 -57.8 -760.0
20211210232646  -691.3 -58.1 -760.2
20211210232647  -691.0 -58.2 -759.8
20211210232648  -691.3 -58.5 -760.0
20211210232649  -691.3 -58.6 -760.1
20211210232650  -691.2 -58.4 -759.8
20211210232651  -691.1 -58.1 -759.7
20211210232652  -690.9 -58.4 -759.8
20211210232653  -690.9 -58.4 -759.5
20211210232654  -690.8 -58.7 -759.5
20211210232655  -690.9 -58.7 -759.6
20211210232656  -690.7 -58.3 -759.6
20211210232657  -690.8 -58.7 -759.7
20211210232658  -690.5 -58.5 -759.8
20211210232659  -690.6 -58.3 -759.7
20211210232700  -690.8 -58.3 -760.0
20211210232701  -689.6 -58.6 -759.2
20211210232702  -689.5 -58.5 -758.6
20211210232703  -690.2 -58.3 -759.3
20211210232704  -690.0 -58.1 -759.2
20211210232705  -690.0 -58.2 -759.0
20211210232706  -689.9 -58.2 -759.0
20211210232707  -689.8 -58.3 -759.1
20211210232708  -689.6 -58.6 -759.2
20211210232709  -689.5 -58.5 -759.1
20211210232710  -689.2 -58.4 -758.9
20211210232711  -689.1 -58.4 -759.2
20211210232712  -689.2 -58.5 -759.3
20211210232713  -688.9 -58.3 -759.4
20211210232714  -688.6 -58.4 -759.1
20211210232715  -688.5 -58.5 -759.1
20211210232716  -688.3 -58.4 -759.1
20211210232717  -688.2 -58.3 -759.2
20211210232718  -688.5 -58.2 -759.3
20211210232719  -688.3 -58.2 -759.1
20211210232720  -688.3 -58.1 -759.0
20211210232721  -688.5 -58.4 -759.1
20211210232722  -688.3 -58.7 -758.9
20211210232723  -688.4 -58.7 -758.9
20211210232724  -688.3 -58.5 -758.9
20211210232725  -688.1 -58.5 -758.8
20211210232726  -688.0 -58.7 -758.9
20211210232727  -687.9 -59.0 -758.6
20211210232728  -687.3 -58.8 -758.1
20211210232729  -687.9 -58.7 -758.6
20211210232730  -687.8 -58.7 -758.5
20211210232731  -687.8 -58.8 -758.2
20211210232732  -687.8 -59.0 -758.3
20211210232733  -687.6 -59.0 -758.3
20211210232734  -687.5 -59.0 -758.2
20211210232735  -687.7 -58.7 -758.2
20211210232736  -687.7 -58.5 -758.1
20211210232737  -687.3 -58.6 -758.1
20211210232738  -687.5 -58.5 -758.3
20211210232739  -687.2 -58.4 -758.1
20211210232740  -687.1 -58.3 -758.0
20211210232741  -687.1 -58.3 -758.1
20211210232742  -687.3 -58.1 -757.9
20211210232743  -687.4 -58.4 -757.7
20211210232744  -687.0 -58.1 -757.5
20211210232745  -687.0 -58.2 -757.4
20211210232746  -687.1 -58.4 -757.3
20211210232747  -686.8 -58.5 -757.2
20211210232748  -686.6 -58.6 -757.3
20211210232749  -686.4 -58.4 -757.3
20211210232750  -686.2 -58.3 -757.2
20211210232751  -686.1 -58.4 -757.2
20211210232752  -686.2 -58.3 -757.2
20211210232753  -685.6 -58.4 -757.2
20211210232754  -685.1 -57.9 -756.9
20211210232755  -685.4 -58.0 -756.9
20211210232756  -685.3 -57.9 -757.2
20211210232757  -685.4 -57.9 -757.6
20211210232758  -685.5 -58.0 -757.4
20211210232759  -685.5 -57.8 -757.3
20211210232800  -685.2 -57.7 -757.6
20211210232801  -685.2 -57.8 -757.4
20211210232802  -685.2 -57.8 -757.4
20211210232803  -685.5 -57.6 -757.6
20211210232804  -685.3 -57.9 -757.5
20211210232805  -685.0 -57.7 -757.4
20211210232806  -685.4 -57.9 -757.5
20211210232807  -685.4 -57.9 -757.5
20211210232808  -685.5 -57.8 -757.6
20211210232809  -685.5 -57.5 -757.5
20211210232810  -685.5 -57.7 -757.4
20211210232811  -685.4 -57.5 -757.5
20211210232812  -685.5 -57.5 -757.4
