20211108223232  -753.6 -49.9 -224.4
20211108223233  -753.2 -49.7 -224.1
20211108223234  -753.2 -49.5 -223.6
20211108223235  -753.0 -49.4 -223.4
20211108223236  -752.6 -49.5 -223.7
20211108223237  -752.2 -49.1 -223.6
20211108223238  -753.1 -49.5 -224.8
20211108223239  -752.8 -49.8 -224.9
20211108223240  -753.0 -49.9 -225.6
20211108223241  -753.3 -50.0 -226.0
20211108223242  -753.4 -50.0 -226.0
20211108223243  -753.6 -49.6 -226.3
20211108223244  -753.4 -50.1 -226.2
20211108223245  -753.8 -50.2 -226.6
20211108223246  -754.1 -50.4 -226.9
20211108223247  -754.5 -50.1 -227.1
20211108223248  -754.8 -50.1 -227.3
20211108223249  -754.9 -50.0 -227.7
20211108223250  -755.2 -49.9 -227.7
20211108223251  -755.5 -50.2 -228.0
20211108223252  -755.7 -50.3 -228.0
20211108223253  -755.8 -50.4 -228.3
20211108223254  -756.2 -50.5 -228.2
20211108223255  -756.5 -50.4 -228.2
20211108223256  -756.4 -51.1 -228.4
20211108223257  -756.3 -50.8 -228.4
20211108223258  -756.6 -50.7 -228.9
20211108223259  -756.4 -50.4 -228.9
20211108223300  -756.1 -49.7 -228.4
20211108223301  -756.0 -49.2 -228.2
20211108223302  -755.7 -49.3 -228.1
20211108223303  -756.4 -49.0 -228.5
20211108223304  -757.1 -48.6 -229.4
20211108223305  -757.5 -48.3 -229.5
20211108223306  -757.7 -47.9 -230.0
20211108223307  -758.0 -48.0 -230.5
20211108223308  -758.6 -47.9 -230.5
20211108223309  -759.0 -47.4 -230.6
20211108223310  -759.1 -47.2 -230.6
20211108223311  -759.3 -47.0 -230.8
20211108223312  -759.6 -46.5 -231.1
20211108223313  -760.2 -46.5 -231.2
20211108223314  -760.4 -46.4 -231.5
20211108223315  -760.8 -46.4 -231.7
20211108223316  -760.8 -46.5 -231.9
20211108223317  -761.4 -46.5 -232.0
20211108223318  -761.5 -46.6 -232.3
20211108223319  -762.1 -46.6 -232.8
20211108223320  -762.1 -46.1 -232.8
20211108223321  -762.5 -46.0 -233.1
20211108223322  -763.0 -45.8 -233.4
20211108223323  -763.3 -45.7 -234.3
20211108223324  -763.6 -46.3 -234.4
20211108223325  -764.2 -46.5 -234.9
20211108223326  -764.0 -46.3 -234.7
20211108223327  -764.1 -46.2 -234.6
20211108223328  -764.1 -45.9 -234.3
20211108223329  -765.3 -45.7 -235.0
20211108223330  -765.8 -45.6 -235.4
20211108223331  -765.9 -46.0 -235.3
20211108223332  -765.9 -45.8 -235.6
20211108223333  -765.9 -45.7 -235.8
20211108223334  -765.8 -45.5 -235.8
20211108223335  -765.8 -45.2 -236.1
20211108223336  -765.7 -45.4 -236.2
20211108223337  -766.1 -45.5 -237.0
20211108223338  -765.9 -45.5 -237.4
20211108223339  -766.0 -45.6 -237.4
20211108223340  -766.1 -45.9 -237.8
20211108223341  -765.8 -45.6 -238.1
20211108223342  -765.9 -45.8 -238.0
20211108223343  -765.9 -46.0 -238.5
20211108223344  -766.0 -46.4 -238.4
20211108223345  -765.8 -46.1 -238.7
20211108223346  -766.0 -46.1 -239.1
20211108223347  -765.8 -46.4 -239.2
20211108223348  -765.8 -46.6 -239.1
20211108223349  -765.9 -46.9 -239.4
20211108223350  -765.7 -47.3 -239.5
20211108223351  -765.3 -47.7 -239.6
20211108223352  -764.8 -47.4 -239.1
20211108223353  -764.6 -47.6 -238.7
20211108223354  -764.7 -47.7 -239.1
20211108223355  -765.1 -47.9 -239.5
20211108223356  -765.0 -48.1 -239.2
20211108223357  -764.8 -48.1 -239.6
20211108223358  -764.8 -47.9 -239.8
20211108223359  -764.9 -47.9 -239.7
20211108223400  -764.9 -48.2 -239.9
20211108223401  -764.8 -48.1 -239.9
20211108223402  -764.5 -48.4 -239.9
20211108223403  -764.6 -48.4 -240.1
20211108223404  -764.9 -48.5 -240.2
20211108223405  -765.0 -48.7 -240.5
20211108223406  -764.9 -49.1 -240.5
20211108223407  -765.1 -49.3 -240.7
20211108223408  -765.5 -49.4 -240.8
20211108223409  -765.4 -49.3 -240.6
20211108223410  -765.6 -49.2 -240.5
20211108223411  -765.5 -49.5 -240.5
20211108223412  -765.5 -49.3 -240.4
20211108223413  -765.3 -49.2 -240.7
20211108223414  -765.6 -49.3 -241.1
20211108223415  -765.8 -49.1 -241.2
20211108223416  -765.7 -49.5 -241.6
20211108223417  -765.9 -49.9 -241.6
20211108223418  -765.6 -49.8 -241.1
20211108223419  -765.4 -49.8 -241.1
20211108223420  -766.1 -49.8 -241.5
20211108223421  -766.8 -49.8 -242.2
20211108223422  -767.1 -50.4 -242.2
20211108223423  -767.1 -50.4 -242.3
20211108223424  -767.6 -50.8 -242.6
20211108223425  -768.1 -50.8 -243.0
20211108223426  -768.4 -50.6 -243.4
20211108223427  -769.1 -50.6 -243.3
20211108223428  -769.6 -50.4 -243.3
20211108223429  -769.9 -50.5 -243.4
20211108223430  -770.2 -50.7 -243.7
20211108223431  -770.9 -50.9 -244.0
20211108223432  -771.4 -51.1 -244.2
20211108223433  -771.6 -51.2 -244.3
20211108223434  -771.7 -51.3 -244.6
20211108223435  -772.3 -51.4 -244.9
20211108223436  -772.6 -51.2 -245.3
20211108223437  -773.2 -51.5 -245.5
20211108223438  -773.6 -51.5 -245.9
20211108223439  -774.0 -52.0 -245.7
20211108223440  -774.6 -52.2 -245.8
20211108223441  -775.0 -52.4 -245.9
20211108223442  -775.7 -52.8 -245.9
20211108223443  -776.1 -53.2 -246.1
20211108223444  -775.9 -53.8 -246.0
20211108223445  -776.0 -54.0 -246.0
20211108223446  -776.8 -54.3 -246.5
20211108223447  -777.1 -54.4 -246.8
20211108223448  -777.4 -54.4 -247.0
20211108223449  -777.9 -54.4 -247.2
20211108223450  -778.2 -54.5 -247.3
20211108223451  -778.8 -54.6 -247.6
20211108223452  -779.0 -54.7 -247.8
20211108223453  -779.4 -54.9 -247.7
20211108223454  -779.7 -55.3 -248.5
20211108223455  -780.0 -55.4 -248.5
20211108223456  -780.2 -55.7 -249.0
20211108223457  -780.6 -56.0 -249.5
20211108223458  -781.3 -56.4 -250.0
20211108223459  -781.4 -56.5 -249.8
20211108223500  -782.2 -56.8 -250.2
20211108223501  -782.2 -57.1 -250.4
20211108223502  -782.2 -57.5 -250.7
20211108223503  -782.3 -57.7 -250.6
20211108223504  -782.5 -57.9 -250.9
20211108223505  -783.0 -57.7 -251.3
20211108223506  -783.1 -57.5 -251.2
20211108223507  -783.5 -57.5 -251.3
20211108223508  -783.7 -57.6 -251.2
20211108223509  -783.7 -57.2 -251.2
20211108223510  -783.7 -56.9 -250.8
20211108223511  -783.7 -56.6 -250.5
20211108223512  -784.6 -56.3 -251.1
20211108223513  -784.4 -56.3 -251.3
20211108223514  -784.9 -55.9 -251.6
20211108223515  -785.2 -55.2 -252.0
20211108223516  -785.7 -55.0 -252.1
20211108223517  -786.3 -54.7 -252.5
20211108223518  -786.6 -54.4 -252.9
20211108223519  -786.8 -54.7 -252.9
20211108223520  -787.1 -54.6 -253.0
20211108223521  -786.9 -54.1 -252.9
20211108223522  -787.0 -54.4 -252.9
20211108223523  -787.4 -54.6 -253.1
20211108223524  -787.4 -54.1 -253.0
20211108223525  -787.6 -53.7 -253.3
20211108223526  -787.5 -53.4 -253.7
20211108223527  -787.5 -53.3 -254.0
20211108223528  -787.6 -53.5 -254.0
20211108223529  -787.5 -53.1 -254.3
20211108223530  -787.6 -53.3 -254.1
20211108223531  -787.4 -53.3 -254.0
20211108223532  -787.6 -53.3 -254.1
20211108223533  -787.7 -53.5 -254.0
20211108223534  -787.4 -53.5 -254.3
20211108223535  -787.2 -53.4 -254.8
20211108223536  -786.5 -53.3 -254.7
20211108223537  -786.0 -53.1 -254.5
20211108223538  -786.7 -53.3 -255.6
20211108223539  -786.7 -53.5 -255.6
20211108223540  -786.4 -53.7 -255.7
20211108223541  -786.4 -53.7 -256.0
20211108223542  -786.2 -53.9 -256.3
20211108223543  -786.4 -54.0 -256.6
20211108223544  -786.4 -53.9 -256.3
20211108223545  -786.1 -54.3 -255.7
20211108223546  -785.9 -54.5 -255.8
20211108223547  -786.1 -54.4 -255.4
20211108223548  -785.7 -54.4 -255.8
20211108223549  -785.5 -54.2 -255.7
20211108223550  -785.1 -54.3 -255.8
20211108223551  -784.8 -54.3 -256.0
20211108223552  -784.9 -54.5 -256.3
20211108223553  -784.4 -54.8 -256.3
20211108223554  -783.9 -55.0 -256.1
20211108223555  -783.1 -55.2 -256.3
20211108223556  -783.1 -55.4 -256.6
20211108223557  -782.5 -55.8 -256.9
20211108223558  -782.4 -56.1 -256.9
20211108223559  -782.3 -56.0 -257.1
20211108223600  -782.1 -55.7 -257.5
20211108223601  -782.1 -55.6 -257.7
20211108223602  -781.3 -55.7 -257.7
20211108223603  -781.0 -55.7 -257.5
20211108223604  -781.6 -55.7 -258.1
20211108223605  -782.6 -56.1 -259.3
20211108223606  -782.8 -55.9 -259.7
20211108223607  -783.2 -55.3 -259.7
20211108223608  -783.8 -55.0 -259.8
20211108223609  -784.3 -55.1 -260.2
20211108223610  -784.6 -55.2 -260.2
20211108223611  -785.5 -55.3 -260.3
20211108223612  -785.7 -56.0 -260.1
20211108223613  -786.2 -56.5 -260.5
20211108223614  -786.5 -56.8 -260.7
20211108223615  -786.9 -57.0 -261.3
