20211031082837  -667.7 -71.8 -189.5
20211031082838  -668.0 -71.5 -189.7
20211031082839  -667.8 -71.7 -189.4
20211031082840  -667.9 -71.5 -189.2
20211031082841  -668.2 -71.5 -189.2
20211031082842  -668.0 -71.3 -189.2
20211031082843  -668.3 -71.1 -189.2
20211031082844  -668.4 -71.1 -189.4
20211031082845  -668.7 -71.1 -189.7
20211031082846  -668.6 -71.2 -189.3
20211031082847  -668.7 -71.5 -189.4
20211031082848  -668.9 -71.4 -189.5
20211031082849  -668.7 -71.2 -189.5
20211031082850  -668.8 -71.3 -189.4
20211031082851  -668.7 -71.5 -189.5
20211031082852  -668.7 -71.5 -189.6
20211031082853  -668.6 -71.8 -189.7
20211031082854  -668.5 -71.8 -189.6
20211031082855  -667.6 -72.0 -189.1
20211031082856  -668.0 -72.1 -189.3
20211031082857  -667.8 -72.3 -189.6
20211031082858  -667.6 -72.2 -189.5
20211031082859  -667.7 -72.3 -189.6
20211031082900  -667.0 -72.3 -189.3
20211031082901  -667.2 -72.6 -189.4
20211031082902  -667.0 -72.5 -189.4
20211031082903  -667.2 -72.7 -189.4
20211031082904  -666.9 -72.5 -189.4
20211031082905  -666.6 -72.8 -189.3
20211031082906  -666.5 -72.7 -189.3
20211031082907  -666.5 -72.3 -189.6
20211031082908  -666.1 -72.1 -189.6
20211031082909  -666.3 -72.1 -189.6
20211031082910  -666.3 -71.8 -189.4
20211031082911  -666.5 -71.7 -189.5
20211031082912  -666.6 -71.5 -189.4
20211031082913  -666.8 -71.4 -189.7
20211031082914  -666.9 -71.2 -189.5
20211031082915  -667.1 -71.0 -189.4
20211031082916  -667.6 -71.2 -189.6
20211031082917  -667.4 -70.9 -189.3
20211031082918  -667.5 -70.3 -189.4
20211031082919  -667.6 -70.4 -189.1
20211031082920  -667.8 -70.2 -189.3
20211031082921  -667.7 -69.7 -189.0
20211031082922  -667.0 -69.6 -188.7
20211031082923  -667.6 -69.9 -188.8
20211031082924  -667.5 -69.9 -188.7
20211031082925  -667.7 -70.2 -189.1
20211031082926  -667.6 -70.4 -189.1
20211031082927  -667.3 -70.2 -189.4
20211031082928  -667.5 -70.4 -189.4
20211031082929  -667.4 -70.8 -189.3
20211031082930  -667.5 -70.9 -189.3
20211031082931  -667.5 -71.2 -189.5
20211031082932  -667.3 -71.4 -189.5
20211031082933  -667.4 -71.6 -189.3
20211031082934  -667.2 -71.6 -189.5
20211031082935  -667.2 -71.7 -189.6
20211031082936  -666.8 -71.9 -189.7
20211031082937  -666.7 -72.3 -189.4
20211031082938  -666.5 -72.4 -189.5
20211031082939  -666.5 -72.7 -189.4
20211031082940  -666.2 -72.7 -189.7
20211031082941  -666.1 -72.9 -189.6
20211031082942  -666.1 -72.9 -189.7
20211031082943  -665.6 -73.5 -190.0
20211031082944  -665.3 -73.6 -190.0
20211031082945  -665.5 -73.4 -190.1
20211031082946  -665.6 -73.5 -190.3
20211031082947  -665.5 -73.6 -190.3
20211031082948  -664.8 -73.7 -189.8
20211031082949  -664.6 -73.8 -189.7
20211031082950  -665.2 -74.1 -189.9
20211031082951  -665.2 -74.2 -189.9
20211031082952  -665.4 -74.1 -190.0
20211031082953  -664.9 -73.9 -189.7
20211031082954  -665.1 -73.8 -189.5
20211031082955  -665.3 -73.7 -189.8
20211031082956  -665.3 -73.4 -189.7
20211031082957  -665.5 -73.4 -190.0
20211031082958  -665.4 -73.6 -189.9
20211031082959  -665.3 -73.7 -190.2
20211031083000  -665.6 -73.6 -190.2
20211031083001  -665.7 -73.6 -190.3
20211031083002  -665.7 -73.6 -190.5
20211031083003  -665.7 -73.4 -190.5
20211031083004  -665.6 -73.6 -190.3
20211031083005  -665.6 -73.7 -190.4
20211031083006  -665.6 -73.8 -190.1
20211031083007  -665.3 -73.8 -190.4
20211031083008  -665.3 -73.9 -190.4
20211031083009  -665.2 -73.9 -190.3
20211031083010  -664.9 -73.7 -190.1
20211031083011  -664.8 -73.7 -190.0
20211031083012  -664.7 -73.8 -190.0
20211031083013  -664.8 -74.2 -190.3
20211031083014  -664.3 -74.3 -189.9
20211031083015  -664.0 -74.0 -189.7
20211031083016  -664.1 -74.2 -190.2
20211031083017  -664.3 -74.3 -190.1
20211031083018  -664.4 -74.2 -190.0
20211031083019  -664.2 -74.3 -190.0
20211031083020  -664.2 -74.5 -190.1
20211031083021  -664.4 -74.7 -190.3
20211031083022  -664.1 -74.6 -190.2
20211031083023  -664.0 -74.7 -190.7
20211031083024  -664.1 -75.0 -190.6
20211031083025  -664.1 -74.9 -190.5
20211031083026  -663.9 -75.1 -190.6
20211031083027  -664.0 -74.8 -190.5
20211031083028  -663.9 -75.2 -190.7
20211031083029  -664.0 -75.2 -190.5
20211031083030  -664.0 -75.4 -190.8
20211031083031  -663.7 -75.4 -190.7
20211031083032  -663.6 -75.4 -190.7
20211031083033  -663.7 -75.2 -190.7
20211031083034  -663.9 -75.6 -191.2
20211031083035  -663.8 -76.0 -191.0
20211031083036  -664.1 -76.2 -191.2
20211031083037  -663.8 -76.5 -191.0
20211031083038  -664.0 -76.6 -191.0
20211031083039  -663.7 -76.8 -191.1
20211031083040  -663.3 -77.0 -190.9
20211031083041  -662.7 -76.9 -190.4
20211031083042  -663.3 -77.1 -190.7
20211031083043  -663.1 -77.3 -191.0
20211031083044  -662.5 -77.2 -191.0
20211031083045  -662.8 -77.4 -191.3
20211031083046  -662.5 -77.2 -191.0
20211031083047  -662.4 -77.3 -190.9
20211031083048  -662.2 -77.6 -190.8
20211031083049  -662.3 -77.8 -190.9
20211031083050  -661.7 -77.5 -190.8
20211031083051  -661.9 -77.7 -190.9
20211031083052  -662.1 -77.6 -190.9
20211031083053  -662.3 -77.6 -191.1
20211031083054  -662.2 -77.3 -191.2
20211031083055  -662.3 -77.3 -191.1
20211031083056  -662.6 -77.3 -191.4
20211031083057  -662.7 -77.4 -191.2
20211031083058  -662.7 -77.2 -191.4
20211031083059  -663.0 -77.0 -191.4
20211031083100  -663.1 -76.6 -191.3
20211031083101  -662.9 -76.7 -191.3
20211031083102  -663.3 -76.4 -191.8
20211031083103  -663.3 -76.3 -191.5
20211031083104  -663.5 -75.8 -191.5
20211031083105  -663.6 -75.8 -191.7
20211031083106  -663.1 -76.0 -191.5
20211031083107  -662.7 -75.7 -191.3
20211031083108  -663.6 -75.5 -191.8
20211031083109  -663.9 -75.4 -191.7
20211031083110  -663.9 -75.4 -192.2
20211031083111  -664.0 -75.4 -192.2
20211031083112  -664.0 -75.0 -192.1
20211031083113  -663.9 -75.2 -192.3
20211031083114  -664.1 -74.9 -192.3
20211031083115  -664.1 -75.1 -192.2
20211031083116  -664.2 -74.9 -192.2
20211031083117  -664.2 -75.0 -192.0
20211031083118  -664.3 -74.9 -191.9
20211031083119  -664.2 -74.7 -192.2
20211031083120  -664.2 -75.1 -191.9
20211031083121  -664.2 -75.0 -192.0
20211031083122  -664.5 -74.9 -191.9
20211031083123  -664.3 -74.9 -191.9
20211031083124  -664.2 -74.5 -191.7
20211031083125  -664.1 -74.3 -191.9
20211031083126  -664.2 -74.2 -192.1
20211031083127  -664.2 -74.2 -191.9
20211031083128  -664.3 -74.0 -191.9
20211031083129  -664.1 -74.0 -191.8
20211031083130  -663.9 -74.0 -192.0
20211031083131  -663.8 -73.8 -192.0
20211031083132  -663.2 -73.9 -191.8
20211031083133  -663.1 -73.4 -191.4
20211031083134  -663.3 -73.8 -191.8
20211031083135  -663.3 -73.8 -191.9
20211031083136  -663.1 -73.9 -191.8
20211031083137  -663.3 -73.9 -191.7
20211031083138  -663.1 -73.8 -191.8
20211031083139  -663.2 -73.7 -192.0
20211031083140  -662.8 -73.6 -191.8
20211031083141  -662.8 -73.8 -191.8
20211031083142  -662.6 -74.1 -192.0
20211031083143  -662.6 -74.0 -192.0
20211031083144  -662.4 -74.1 -192.1
20211031083145  -662.3 -74.2 -192.1
20211031083146  -662.2 -74.3 -192.2
20211031083147  -662.1 -74.7 -192.1
20211031083148  -661.8 -74.5 -192.1
20211031083149  -661.8 -74.9 -192.3
20211031083150  -661.6 -75.3 -192.4
20211031083151  -661.4 -75.2 -192.3
20211031083152  -661.3 -75.6 -192.6
20211031083153  -661.3 -75.9 -192.4
20211031083154  -661.2 -76.3 -192.3
20211031083155  -661.3 -76.2 -192.3
20211031083156  -661.1 -76.8 -192.2
20211031083157  -661.0 -76.9 -192.2
20211031083158  -660.3 -77.1 -192.0
20211031083159  -660.0 -77.4 -192.1
20211031083200  -660.6 -77.8 -192.5
20211031083201  -660.7 -78.2 -192.6
20211031083202  -660.6 -78.7 -192.5
20211031083203  -660.6 -79.1 -193.1
20211031083204  -660.4 -79.5 -192.8
20211031083205  -660.3 -79.5 -192.4
20211031083206  -659.9 -79.9 -192.6
20211031083207  -659.7 -80.0 -192.6
20211031083208  -659.6 -80.4 -192.7
20211031083209  -659.6 -80.4 -192.7
20211031083210  -659.5 -80.6 -192.9
20211031083211  -659.4 -80.6 -193.0
20211031083212  -659.3 -80.6 -192.8
20211031083213  -659.0 -80.6 -193.1
20211031083214  -659.0 -81.1 -192.9
20211031083215  -658.9 -80.9 -193.1
20211031083216  -659.1 -80.9 -193.1
20211031083217  -659.4 -80.8 -193.0
20211031083218  -659.3 -80.9 -193.0
20211031083219  -659.1 -80.9 -193.4
20211031083220  -659.3 -81.1 -193.1
