20211110201434  -623.8 -78.9 -175.2
20211110201435  -623.7 -79.1 -175.3
20211110201436  -623.7 -78.9 -175.2
20211110201437  -623.3 -78.9 -175.5
20211110201438  -623.3 -78.4 -175.5
20211110201439  -623.4 -78.2 -175.6
20211110201440  -623.2 -78.3 -175.8
20211110201441  -623.4 -78.2 -176.0
20211110201442  -623.4 -78.0 -176.5
20211110201443  -623.8 -78.0 -176.7
20211110201444  -623.9 -78.0 -177.1
20211110201445  -624.1 -77.9 -177.2
20211110201446  -624.2 -77.9 -177.3
20211110201447  -624.1 -77.7 -177.2
20211110201448  -624.3 -77.7 -177.2
20211110201449  -624.8 -77.9 -177.5
20211110201450  -625.1 -78.1 -177.9
20211110201451  -625.1 -78.0 -177.9
20211110201452  -625.0 -78.0 -178.1
20211110201453  -625.2 -78.3 -178.4
20211110201454  -625.1 -78.4 -178.7
20211110201455  -625.3 -78.5 -178.6
20211110201456  -625.0 -78.5 -178.6
20211110201457  -625.0 -78.7 -178.7
20211110201458  -624.9 -78.3 -178.8
20211110201459  -624.8 -78.5 -179.0
20211110201500  -624.8 -78.4 -179.0
20211110201501  -624.5 -78.3 -179.2
20211110201502  -624.0 -78.0 -179.0
20211110201503  -623.9 -78.0 -179.2
20211110201504  -623.1 -77.9 -178.6
20211110201505  -622.1 -77.5 -178.6
20211110201506  -621.5 -77.4 -178.7
20211110201507  -620.9 -77.5 -178.7
20211110201508  -620.6 -77.5 -179.1
20211110201509  -619.9 -77.6 -179.3
20211110201510  -619.0 -77.6 -179.8
20211110201511  -619.0 -78.1 -179.9
20211110201512  -618.5 -78.2 -179.9
20211110201513  -618.1 -78.7 -179.7
20211110201514  -617.4 -78.6 -180.0
20211110201515  -617.0 -78.8 -180.2
20211110201516  -616.5 -79.1 -180.5
20211110201517  -616.3 -79.5 -180.7
20211110201518  -615.4 -79.8 -180.8
20211110201519  -615.2 -80.3 -181.4
20211110201520  -614.9 -80.5 -181.3
20211110201521  -614.5 -80.7 -181.5
20211110201522  -614.2 -81.0 -181.6
20211110201523  -613.8 -81.4 -182.3
20211110201524  -613.2 -81.7 -182.4
20211110201525  -612.9 -82.1 -182.7
20211110201526  -612.9 -82.6 -182.9
20211110201527  -612.7 -82.9 -183.3
20211110201528  -612.6 -83.0 -183.6
20211110201529  -612.8 -83.6 -183.9
20211110201530  -612.6 -84.3 -184.0
20211110201531  -612.3 -84.7 -184.2
20211110201532  -612.3 -84.6 -184.7
20211110201533  -612.3 -84.9 -185.2
20211110201534  -612.5 -85.6 -185.7
20211110201535  -612.5 -86.1 -185.9
20211110201536  -612.6 -86.3 -186.6
20211110201537  -612.8 -86.9 -186.9
20211110201538  -613.3 -87.3 -187.0
20211110201539  -613.3 -87.6 -187.4
20211110201540  -613.2 -88.2 -187.7
20211110201541  -612.9 -88.4 -187.4
20211110201542  -612.7 -88.9 -187.6
20211110201543  -612.5 -89.0 -188.0
20211110201544  -612.4 -89.6 -188.5
20211110201545  -612.4 -89.5 -188.5
20211110201546  -612.1 -89.6 -188.7
20211110201547  -612.2 -90.1 -188.9
20211110201548  -611.6 -90.3 -188.6
20211110201549  -611.4 -90.5 -188.8
20211110201550  -611.4 -90.5 -188.9
20211110201551  -611.2 -90.8 -189.2
20211110201552  -611.0 -91.2 -189.5
20211110201553  -611.0 -91.2 -189.3
20211110201554  -611.1 -91.2 -189.6
20211110201555  -610.7 -91.5 -189.8
20211110201556  -610.5 -91.7 -189.5
20211110201557  -610.6 -92.1 -189.8
20211110201558  -610.8 -92.5 -190.0
20211110201559  -610.9 -92.8 -189.9
20211110201600  -610.8 -93.1 -189.8
20211110201601  -610.7 -93.9 -189.8
20211110201602  -610.8 -94.1 -189.7
20211110201603  -610.8 -94.5 -189.6
20211110201604  -611.0 -94.6 -189.3
20211110201605  -610.7 -94.7 -189.3
20211110201606  -610.7 -95.0 -189.4
20211110201607  -610.8 -94.9 -189.1
20211110201608  -610.7 -95.4 -189.2
20211110201609  -610.4 -95.5 -189.1
20211110201610  -610.4 -95.5 -188.8
20211110201611  -610.0 -96.1 -188.5
20211110201612  -610.0 -96.4 -188.3
20211110201613  -610.0 -96.9 -188.3
20211110201614  -609.1 -97.2 -188.1
20211110201615  -608.8 -97.5 -187.8
20211110201616  -608.6 -97.9 -187.6
20211110201617  -608.6 -98.0 -187.2
20211110201618  -608.3 -98.0 -187.5
20211110201619  -608.5 -97.8 -187.3
20211110201620  -608.4 -97.9 -187.2
20211110201621  -608.4 -97.8 -187.5
20211110201622  -608.2 -98.0 -187.1
20211110201623  -608.1 -98.1 -186.7
20211110201624  -608.0 -98.0 -186.2
20211110201625  -607.7 -98.3 -186.0
20211110201626  -607.6 -97.9 -186.0
20211110201627  -607.3 -97.5 -185.7
20211110201628  -607.6 -97.5 -185.5
20211110201629  -607.5 -97.6 -185.1
20211110201630  -607.3 -97.9 -184.8
20211110201631  -607.6 -97.7 -184.7
20211110201632  -607.7 -97.7 -184.5
20211110201633  -607.7 -97.7 -184.1
20211110201634  -607.6 -97.6 -184.0
20211110201635  -607.4 -97.7 -183.8
20211110201636  -607.2 -97.8 -183.5
20211110201637  -607.3 -97.8 -183.6
20211110201638  -607.4 -97.7 -183.5
20211110201639  -607.3 -97.8 -183.3
20211110201640  -607.3 -97.8 -183.1
20211110201641  -607.4 -97.6 -182.7
20211110201642  -607.2 -97.9 -182.7
20211110201643  -607.4 -97.8 -182.9
20211110201644  -607.2 -97.8 -182.5
20211110201645  -607.3 -97.7 -182.2
20211110201646  -607.3 -97.6 -182.7
20211110201647  -607.5 -97.6 -182.4
20211110201648  -607.6 -97.3 -182.2
20211110201649  -607.7 -96.9 -181.5
20211110201650  -608.2 -96.9 -181.9
20211110201651  -608.7 -96.4 -181.8
20211110201652  -609.1 -96.0 -181.6
20211110201653  -609.5 -95.6 -181.5
20211110201654  -609.8 -95.3 -181.3
20211110201655  -610.1 -94.7 -181.2
20211110201656  -610.5 -94.3 -181.2
20211110201657  -610.8 -93.9 -181.0
20211110201658  -610.9 -93.6 -180.8
20211110201659  -611.5 -93.1 -180.9
20211110201700  -611.9 -92.4 -180.5
20211110201701  -612.3 -92.1 -180.7
20211110201702  -612.5 -91.6 -180.7
20211110201703  -612.9 -91.3 -180.8
20211110201704  -613.1 -90.8 -180.9
20211110201705  -613.6 -90.1 -180.6
20211110201706  -613.9 -90.0 -180.8
20211110201707  -614.4 -89.9 -180.8
20211110201708  -615.0 -89.5 -181.0
20211110201709  -615.5 -89.5 -181.2
20211110201710  -615.9 -88.9 -181.4
20211110201711  -616.3 -88.2 -181.5
20211110201712  -616.7 -88.3 -181.4
20211110201713  -617.0 -88.1 -181.8
20211110201714  -617.5 -88.1 -182.0
20211110201715  -618.2 -87.7 -182.3
20211110201716  -618.7 -87.8 -182.5
20211110201717  -618.9 -87.9 -182.9
20211110201718  -619.3 -87.9 -183.2
20211110201719  -619.0 -87.8 -183.0
20211110201720  -619.9 -87.6 -183.6
20211110201721  -620.5 -87.5 -183.8
20211110201722  -621.2 -87.7 -183.9
20211110201723  -621.4 -87.6 -184.3
20211110201724  -621.8 -87.6 -184.4
20211110201725  -621.8 -88.0 -184.8
20211110201726  -622.1 -88.1 -184.9
20211110201727  -622.2 -87.9 -185.1
20211110201728  -622.5 -88.3 -185.3
20211110201729  -622.7 -88.8 -185.5
20211110201730  -622.7 -88.9 -185.6
20211110201731  -622.9 -89.0 -185.8
20211110201732  -623.0 -89.6 -185.8
20211110201733  -623.3 -89.6 -185.8
20211110201734  -623.0 -89.4 -185.8
20211110201735  -622.8 -89.7 -185.7
20211110201736  -622.6 -89.9 -185.9
20211110201737  -622.3 -89.9 -185.7
20211110201738  -622.0 -89.9 -185.6
20211110201739  -621.9 -90.0 -185.4
20211110201740  -621.1 -90.3 -185.2
20211110201741  -620.8 -90.4 -184.9
20211110201742  -620.2 -90.2 -184.7
20211110201743  -619.8 -90.2 -184.4
20211110201744  -619.1 -90.2 -184.4
20211110201745  -619.0 -90.1 -184.3
20211110201746  -618.9 -90.2 -184.3
20211110201747  -618.3 -90.2 -184.0
20211110201748  -617.7 -89.9 -184.0
20211110201749  -616.7 -89.8 -183.1
20211110201750  -616.5 -89.1 -183.0
20211110201751  -616.6 -88.9 -183.3
20211110201752  -616.3 -88.8 -183.1
20211110201753  -615.7 -88.4 -183.4
20211110201754  -615.4 -88.6 -183.2
20211110201755  -614.9 -88.5 -182.8
20211110201756  -614.4 -88.6 -182.9
20211110201757  -613.7 -88.4 -182.6
20211110201758  -613.2 -88.5 -182.4
20211110201759  -612.7 -88.2 -182.6
20211110201800  -612.3 -88.6 -182.6
20211110201801  -612.1 -88.8 -183.1
20211110201802  -611.8 -88.8 -183.3
20211110201803  -611.7 -88.7 -183.3
20211110201804  -611.2 -88.7 -183.0
20211110201805  -610.7 -88.8 -183.1
20211110201806  -610.1 -89.0 -183.3
20211110201807  -609.6 -88.9 -183.1
20211110201808  -608.9 -88.5 -182.9
20211110201809  -608.2 -88.6 -182.9
20211110201810  -607.2 -88.5 -182.7
20211110201811  -606.4 -88.4 -182.9
20211110201812  -605.4 -88.6 -182.7
20211110201813  -604.7 -88.9 -183.0
20211110201814  -604.0 -89.1 -183.3
20211110201815  -602.9 -89.4 -183.5
