20211129224025  -673.5 -72.2 -193.2
20211129224026  -673.5 -72.2 -193.4
20211129224027  -673.3 -72.1 -193.4
20211129224028  -673.4 -72.0 -193.4
20211129224029  -673.5 -72.3 -193.2
20211129224030  -673.3 -72.6 -193.7
20211129224031  -673.1 -72.4 -193.4
20211129224032  -672.8 -72.1 -192.9
20211129224033  -672.5 -72.2 -192.7
20211129224034  -672.4 -72.0 -192.6
20211129224035  -672.3 -71.9 -192.4
20211129224036  -672.2 -71.9 -192.4
20211129224037  -671.9 -71.8 -192.2
20211129224038  -672.7 -71.8 -193.1
20211129224039  -673.0 -72.2 -192.9
20211129224040  -673.2 -72.1 -193.2
20211129224041  -673.2 -72.4 -193.6
20211129224042  -673.3 -72.3 -193.7
20211129224043  -673.4 -72.1 -193.5
20211129224044  -673.7 -72.0 -193.3
20211129224045  -673.6 -72.1 -193.4
20211129224046  -673.9 -72.1 -193.3
20211129224047  -673.5 -72.1 -193.3
20211129224048  -673.9 -72.6 -193.6
20211129224049  -674.0 -72.4 -193.8
20211129224050  -673.8 -72.3 -194.0
20211129224051  -674.0 -72.5 -193.7
20211129224052  -674.1 -72.5 -193.6
20211129224053  -674.2 -72.5 -193.7
20211129224054  -674.3 -72.8 -193.7
20211129224055  -674.4 -72.7 -193.7
20211129224056  -674.3 -72.8 -193.9
20211129224057  -674.2 -73.0 -194.4
20211129224058  -673.7 -72.8 -193.3
20211129224059  -673.5 -72.7 -193.0
20211129224100  -672.9 -72.5 -192.7
20211129224101  -672.9 -72.4 -192.6
20211129224102  -673.0 -72.5 -192.3
20211129224103  -672.8 -72.4 -192.3
20211129224104  -673.6 -72.3 -192.9
20211129224105  -673.9 -72.5 -193.3
20211129224106  -673.9 -72.5 -193.2
20211129224107  -674.0 -72.9 -193.4
20211129224108  -673.9 -72.8 -193.3
20211129224109  -674.1 -72.8 -193.1
20211129224110  -673.7 -72.8 -193.2
20211129224111  -674.2 -72.9 -193.2
20211129224112  -674.1 -72.8 -193.4
20211129224113  -674.1 -73.0 -193.4
20211129224114  -674.1 -73.2 -193.4
20211129224115  -673.9 -73.1 -193.4
20211129224116  -673.8 -73.0 -193.6
20211129224117  -674.0 -72.8 -193.5
20211129224118  -674.1 -72.8 -193.4
20211129224119  -674.3 -72.5 -193.4
20211129224120  -674.3 -72.6 -193.2
20211129224121  -674.3 -72.7 -193.2
20211129224122  -674.3 -72.8 -193.4
20211129224123  -674.2 -73.1 -193.8
20211129224124  -673.6 -73.0 -193.2
20211129224125  -673.4 -72.9 -192.6
20211129224126  -673.0 -72.9 -192.8
20211129224127  -673.0 -72.5 -192.4
20211129224128  -672.7 -72.6 -192.1
20211129224129  -672.4 -72.4 -192.0
20211129224130  -672.8 -72.3 -192.1
20211129224131  -673.0 -72.4 -192.7
20211129224132  -673.5 -72.2 -192.6
20211129224133  -673.5 -72.4 -192.5
20211129224134  -673.5 -72.5 -192.5
20211129224135  -673.1 -72.3 -192.7
20211129224136  -673.4 -72.4 -192.9
20211129224137  -673.6 -72.5 -193.0
20211129224138  -673.3 -72.5 -193.0
20211129224139  -673.3 -72.4 -192.9
20211129224140  -673.4 -72.4 -193.0
20211129224141  -673.4 -72.3 -192.9
20211129224142  -673.3 -72.3 -193.1
20211129224143  -673.5 -72.4 -193.0
20211129224144  -673.4 -72.4 -192.8
20211129224145  -673.3 -72.5 -192.9
20211129224146  -673.5 -72.5 -193.1
20211129224147  -673.3 -72.6 -193.2
20211129224148  -673.3 -72.5 -192.8
20211129224149  -673.4 -72.5 -192.8
20211129224150  -673.3 -72.6 -193.0
20211129224151  -672.4 -72.2 -192.2
20211129224152  -672.5 -72.2 -191.7
20211129224153  -672.0 -72.0 -191.6
20211129224154  -672.0 -71.8 -191.2
20211129224155  -671.8 -71.6 -191.2
20211129224156  -671.9 -71.5 -191.0
20211129224157  -672.5 -71.8 -191.7
20211129224158  -672.6 -72.0 -191.8
20211129224159  -672.7 -71.8 -191.9
20211129224200  -672.7 -71.5 -191.8
20211129224201  -672.6 -71.7 -191.7
20211129224202  -672.5 -71.8 -191.9
20211129224203  -672.5 -71.5 -191.8
20211129224204  -672.4 -71.6 -192.0
20211129224205  -672.4 -71.5 -191.9
20211129224206  -672.3 -71.6 -191.9
20211129224207  -672.3 -71.7 -191.8
20211129224208  -672.6 -71.4 -192.1
20211129224209  -672.4 -71.6 -192.3
20211129224210  -672.7 -71.6 -191.9
20211129224211  -672.4 -71.4 -191.8
20211129224212  -672.7 -71.2 -191.9
20211129224213  -672.5 -71.2 -191.6
20211129224214  -672.7 -71.1 -191.6
20211129224215  -672.4 -71.3 -191.7
20211129224216  -672.5 -71.8 -192.2
20211129224217  -672.2 -71.5 -191.7
20211129224218  -672.1 -71.3 -191.1
20211129224219  -672.0 -71.4 -190.9
20211129224220  -671.9 -70.9 -190.7
20211129224221  -671.5 -70.9 -190.6
20211129224222  -671.2 -70.9 -190.2
20211129224223  -672.1 -70.9 -191.2
20211129224224  -672.4 -71.1 -191.5
20211129224225  -672.7 -70.9 -191.8
20211129224226  -672.4 -71.0 -191.8
20211129224227  -672.4 -71.1 -191.7
20211129224228  -672.6 -71.2 -191.6
20211129224229  -672.5 -71.1 -191.8
20211129224230  -672.6 -71.0 -191.9
20211129224231  -672.9 -70.9 -191.9
20211129224232  -672.9 -70.9 -191.8
20211129224233  -672.8 -71.1 -191.9
20211129224234  -673.0 -71.0 -191.8
20211129224235  -673.0 -71.2 -192.0
20211129224236  -672.9 -71.0 -192.1
20211129224237  -673.0 -71.1 -191.9
20211129224238  -673.1 -71.1 -192.1
20211129224239  -673.2 -71.0 -192.1
20211129224240  -673.2 -70.9 -192.1
20211129224241  -673.1 -71.1 -192.0
20211129224242  -672.9 -71.2 -191.9
20211129224243  -672.9 -71.4 -191.7
20211129224244  -672.5 -70.6 -191.3
20211129224245  -672.2 -71.0 -191.2
20211129224246  -672.1 -70.7 -190.9
20211129224247  -671.9 -70.6 -190.7
20211129224248  -671.8 -70.4 -190.8
20211129224249  -672.6 -70.6 -191.2
20211129224250  -672.9 -70.7 -191.5
20211129224251  -673.0 -71.0 -191.6
20211129224252  -673.1 -70.9 -191.5
20211129224253  -673.2 -70.9 -191.8
20211129224254  -673.2 -71.0 -191.8
20211129224255  -673.3 -70.9 -191.8
20211129224256  -673.5 -71.2 -191.9
20211129224257  -673.5 -71.0 -191.8
20211129224258  -673.4 -71.1 -191.7
20211129224259  -673.5 -70.9 -192.1
20211129224300  -673.7 -70.9 -191.8
20211129224301  -673.8 -70.9 -191.7
20211129224302  -673.8 -70.8 -191.6
20211129224303  -674.0 -70.7 -191.8
20211129224304  -674.2 -70.7 -191.3
20211129224305  -674.1 -70.9 -191.9
20211129224306  -674.0 -70.8 -191.9
20211129224307  -674.0 -70.9 -191.7
20211129224308  -673.9 -70.8 -191.6
20211129224309  -673.6 -71.4 -191.7
20211129224310  -673.0 -71.0 -191.3
20211129224311  -672.9 -70.6 -191.0
20211129224312  -672.9 -70.7 -191.1
20211129224313  -672.4 -70.6 -191.0
20211129224314  -672.2 -70.5 -190.6
20211129224315  -672.5 -70.5 -190.9
20211129224316  -673.0 -70.5 -191.1
20211129224317  -673.4 -70.8 -191.4
20211129224318  -673.3 -70.7 -191.7
20211129224319  -673.5 -70.6 -191.8
20211129224320  -673.6 -70.6 -191.8
20211129224321  -673.4 -70.7 -191.5
20211129224322  -673.3 -70.5 -191.6
20211129224323  -673.6 -70.6 -191.6
20211129224324  -673.8 -70.7 -191.5
20211129224325  -673.9 -70.7 -191.5
20211129224326  -673.9 -70.8 -191.9
20211129224327  -673.8 -71.0 -192.1
20211129224328  -673.6 -71.1 -192.0
20211129224329  -673.6 -71.2 -191.8
20211129224330  -673.8 -70.8 -192.1
20211129224331  -673.8 -70.8 -192.1
20211129224332  -673.6 -70.8 -192.2
20211129224333  -673.7 -70.9 -192.3
20211129224334  -673.8 -70.7 -192.3
20211129224335  -673.8 -71.0 -192.3
20211129224336  -673.4 -71.0 -192.3
20211129224337  -673.1 -70.7 -191.8
20211129224338  -672.6 -70.6 -191.7
20211129224339  -672.4 -70.5 -191.3
20211129224340  -672.5 -70.4 -191.2
20211129224341  -673.0 -70.7 -191.5
20211129224342  -673.5 -70.7 -191.9
20211129224343  -673.6 -70.7 -192.0
20211129224344  -673.6 -70.7 -191.9
20211129224345  -673.5 -70.8 -192.3
20211129224346  -673.8 -70.8 -192.1
20211129224347  -673.9 -70.5 -192.0
20211129224348  -673.8 -70.5 -191.7
20211129224349  -673.7 -70.6 -192.0
20211129224350  -673.8 -70.5 -192.1
20211129224351  -673.7 -70.6 -192.1
20211129224352  -673.6 -70.6 -192.4
20211129224353  -673.8 -70.7 -192.3
20211129224354  -673.8 -70.7 -192.3
20211129224355  -674.0 -70.6 -192.1
20211129224356  -673.8 -70.8 -192.1
20211129224357  -674.0 -70.4 -192.3
20211129224358  -673.9 -70.9 -192.4
20211129224359  -673.6 -70.8 -192.5
20211129224400  -673.5 -70.7 -192.7
20211129224401  -673.5 -70.8 -192.6
20211129224402  -673.3 -70.6 -192.2
20211129224403  -672.7 -70.4 -191.7
20211129224404  -672.4 -70.5 -191.6
20211129224405  -672.5 -70.3 -191.6
20211129224406  -672.1 -70.4 -191.4
20211129224407  -672.8 -70.2 -191.6
20211129224408  -673.1 -70.1 -192.0
20211129224409  -673.2 -70.4 -192.3
20211129224410  -673.2 -70.4 -192.2
20211129224411  -673.3 -70.0 -192.1
20211129224412  -673.2 -70.5 -192.0
20211129224413  -673.4 -70.3 -192.5
20211129224414  -673.5 -70.1 -192.6
20211129224415  -673.3 -70.2 -192.7
20211129224416  -673.3 -70.2 -192.6
20211129224417  -673.1 -70.3 -192.4
20211129224418  -673.0 -70.3 -192.3
20211129224419  -673.3 -70.6 -192.4
20211129224420  -673.4 -70.4 -192.5
20211129224421  -673.4 -70.6 -192.6
20211129224422  -673.4 -70.6 -192.5
20211129224423  -673.5 -70.6 -192.7
20211129224424  -673.5 -70.7 -192.6
20211129224425  -673.5 -70.7 -192.5
20211129224426  -673.3 -70.6 -192.6
20211129224427  -673.4 -70.8 -192.8
20211129224428  -673.0 -71.0 -192.8
20211129224429  -672.2 -70.6 -192.0
20211129224430  -672.2 -70.3 -191.5
20211129224431  -671.8 -70.3 -191.2
20211129224432  -671.8 -70.1 -191.2
20211129224433  -672.0 -70.3 -191.4
20211129224434  -672.6 -70.6 -191.9
20211129224435  -672.8 -70.3 -192.2
20211129224436  -673.0 -70.2 -192.0
20211129224437  -672.8 -70.3 -192.2
20211129224438  -673.0 -70.3 -192.1
20211129224439  -672.8 -70.4 -192.0
20211129224440  -672.6 -70.3 -192.1
20211129224441  -672.9 -70.6 -192.4
20211129224442  -673.2 -70.7 -192.2
20211129224443  -672.9 -70.5 -192.3
20211129224444  -673.0 -70.5 -192.6
20211129224445  -673.1 -70.2 -192.6
20211129224446  -673.3 -70.4 -192.6
20211129224447  -673.5 -70.0 -192.9
20211129224448  -673.4 -70.3 -192.9
20211129224449  -673.4 -70.2 -192.6
20211129224450  -673.4 -70.1 -192.9
20211129224451  -673.2 -70.0 -193.0
20211129224452  -673.4 -70.1 -192.8
20211129224453  -673.7 -70.0 -193.0
20211129224454  -673.4 -70.7 -193.0
20211129224455  -673.1 -70.7 -192.5
20211129224456  -672.6 -70.4 -192.6
20211129224457  -672.2 -70.1 -192.2
20211129224458  -672.3 -70.2 -192.2
20211129224459  -672.3 -69.9 -192.1
20211129224500  -673.2 -69.9 -192.7
20211129224501  -673.1 -70.3 -193.0
20211129224502  -673.1 -70.2 -193.1
20211129224503  -673.1 -70.4 -192.9
20211129224504  -673.2 -70.3 -192.9
20211129224505  -673.4 -70.6 -192.6
20211129224506  -673.2 -70.2 -192.9
20211129224507  -673.2 -70.3 -192.8
20211129224508  -673.4 -70.3 -193.0
20211129224509  -673.5 -70.0 -193.2
20211129224510  -673.6 -70.1 -193.0
20211129224511  -673.6 -70.1 -193.0
20211129224512  -673.6 -70.0 -193.2
20211129224513  -673.6 -70.1 -193.2
20211129224514  -673.6 -70.0 -193.3
20211129224515  -673.7 -70.1 -193.3
20211129224516  -673.8 -70.1 -193.6
20211129224517  -673.6 -70.2 -193.4
20211129224518  -673.9 -70.3 -193.7
20211129224519  -673.6 -70.0 -193.2
20211129224520  -673.4 -70.1 -193.6
20211129224521  -673.2 -70.2 -193.2
20211129224522  -672.9 -70.0 -192.8
20211129224523  -672.7 -70.3 -192.6
20211129224524  -672.6 -70.2 -192.1
20211129224525  -672.4 -70.1 -192.0
20211129224526  -672.9 -70.0 -192.2
20211129224527  -673.3 -70.2 -192.7
20211129224528  -673.2 -70.2 -192.8
20211129224529  -673.3 -70.1 -192.9
20211129224530  -673.6 -70.1 -193.1
20211129224531  -673.6 -70.0 -193.2
20211129224532  -673.7 -70.3 -193.1
20211129224533  -674.3 -70.2 -193.1
20211129224534  -674.1 -70.3 -193.2
20211129224535  -674.1 -70.5 -193.4
20211129224536  -673.9 -70.3 -193.4
20211129224537  -673.9 -70.4 -193.4
20211129224538  -673.8 -70.7 -193.5
20211129224539  -673.8 -70.8 -193.5
20211129224540  -673.9 -70.8 -193.3
20211129224541  -673.8 -70.7 -193.6
20211129224542  -674.1 -70.8 -193.7
20211129224543  -674.5 -70.8 -193.7
20211129224544  -674.3 -70.7 -193.6
20211129224545  -674.2 -70.5 -193.7
20211129224546  -674.2 -70.6 -193.7
20211129224547  -674.0 -70.6 -193.6
20211129224548  -673.5 -70.5 -193.2
20211129224549  -673.2 -70.2 -192.8
20211129224550  -673.2 -70.4 -192.8
20211129224551  -673.2 -70.0 -192.8
20211129224552  -673.1 -69.8 -192.8
20211129224553  -674.1 -70.3 -193.6
20211129224554  -674.2 -70.3 -193.9
20211129224555  -674.3 -70.4 -194.0
20211129224556  -674.3 -70.3 -194.0
20211129224557  -674.4 -70.3 -193.9
20211129224558  -674.5 -70.3 -193.8
20211129224559  -674.5 -70.3 -193.9
20211129224600  -674.6 -70.5 -193.9
20211129224601  -674.8 -70.6 -194.1
20211129224602  -674.6 -70.6 -194.1
20211129224603  -674.9 -70.6 -194.2
20211129224604  -674.9 -70.9 -194.0
20211129224605  -674.8 -70.6 -194.3
20211129224606  -674.8 -70.6 -194.3
20211129224607  -674.9 -70.5 -194.3
20211129224608  -674.9 -70.6 -194.5
20211129224609  -674.8 -70.6 -194.3
20211129224610  -674.9 -70.3 -194.2
20211129224611  -674.7 -70.5 -194.4
20211129224612  -674.8 -70.8 -194.5
20211129224613  -674.6 -71.1 -194.3
20211129224614  -674.3 -70.9 -193.9
20211129224615  -673.9 -70.6 -193.7
20211129224616  -673.5 -70.7 -193.2
20211129224617  -673.3 -70.6 -193.3
20211129224618  -673.2 -70.6 -193.6
20211129224619  -674.3 -70.2 -193.7
20211129224620  -674.3 -70.5 -194.0
20211129224621  -674.7 -70.8 -194.1
20211129224622  -674.4 -70.6 -193.8
20211129224623  -674.8 -70.7 -194.2
20211129224624  -674.9 -70.6 -194.5
20211129224625  -674.6 -70.4 -194.4
20211129224626  -674.6 -70.4 -194.3
20211129224627  -674.7 -70.3 -194.6
20211129224628  -674.6 -70.1 -194.4
20211129224629  -674.6 -70.3 -194.3
20211129224630  -674.8 -70.1 -194.4
20211129224631  -674.9 -70.7 -194.4
20211129224632  -675.2 -70.8 -194.4
20211129224633  -674.9 -70.5 -194.3
20211129224634  -674.8 -70.4 -194.1
20211129224635  -675.2 -70.8 -194.0
20211129224636  -674.8 -70.7 -194.4
20211129224637  -674.3 -70.6 -194.2
20211129224638  -674.6 -70.7 -194.4
20211129224639  -674.6 -70.6 -194.2
20211129224640  -674.3 -70.4 -193.8
20211129224641  -673.9 -70.3 -193.6
20211129224642  -673.6 -70.3 -193.2
20211129224643  -673.5 -70.2 -193.3
20211129224644  -673.4 -70.1 -193.2
20211129224645  -673.2 -69.9 -193.1
20211129224646  -674.0 -70.3 -193.8
20211129224647  -673.9 -70.6 -193.7
20211129224648  -674.1 -70.6 -193.7
20211129224649  -674.2 -70.5 -193.7
20211129224650  -674.3 -70.6 -193.8
20211129224651  -674.6 -70.5 -194.0
20211129224652  -674.3 -70.5 -193.7
20211129224653  -674.4 -70.5 -193.8
20211129224654  -674.3 -70.8 -193.6
20211129224655  -674.3 -70.5 -193.8
20211129224656  -674.3 -70.7 -193.7
20211129224657  -674.4 -70.7 -194.1
20211129224658  -674.3 -70.3 -194.3
20211129224659  -674.2 -70.6 -194.2
20211129224700  -674.0 -70.6 -194.4
20211129224701  -674.4 -70.8 -194.6
20211129224702  -674.7 -70.8 -194.2
20211129224703  -674.3 -71.1 -194.3
20211129224704  -674.4 -71.0 -194.1
20211129224705  -674.4 -70.8 -194.1
20211129224706  -674.0 -70.9 -193.9
20211129224707  -673.7 -70.9 -193.6
20211129224708  -673.4 -70.5 -193.4
20211129224709  -673.1 -70.7 -193.3
20211129224710  -673.2 -70.6 -193.3
20211129224711  -673.0 -70.4 -192.9
20211129224712  -673.6 -70.2 -193.1
20211129224713  -674.0 -70.6 -193.3
20211129224714  -674.2 -70.6 -193.7
20211129224715  -673.8 -70.5 -193.8
20211129224716  -673.9 -70.6 -193.7
20211129224717  -673.8 -70.6 -193.4
20211129224718  -673.9 -70.7 -193.4
20211129224719  -673.8 -70.9 -193.4
20211129224720  -673.7 -70.9 -193.6
20211129224721  -673.8 -70.8 -193.6
20211129224722  -674.2 -70.7 -193.9
20211129224723  -674.0 -70.7 -193.9
20211129224724  -674.0 -70.6 -194.0
20211129224725  -674.1 -70.6 -194.0
20211129224726  -674.2 -70.9 -194.0
20211129224727  -673.9 -70.5 -194.0
20211129224728  -674.3 -70.7 -194.3
20211129224729  -674.1 -70.8 -194.1
20211129224730  -673.9 -71.0 -194.2
20211129224731  -674.0 -71.1 -194.0
20211129224732  -673.6 -71.0 -194.1
20211129224733  -673.2 -70.6 -193.4
20211129224734  -673.1 -70.5 -193.4
20211129224735  -672.8 -70.5 -193.3
20211129224736  -672.7 -70.7 -193.3
20211129224737  -672.6 -70.3 -192.9
20211129224738  -672.6 -70.4 -192.8
20211129224739  -673.5 -70.2 -193.4
20211129224740  -673.3 -70.3 -193.5
20211129224741  -673.4 -70.5 -193.9
20211129224742  -673.6 -70.6 -193.8
20211129224743  -673.9 -70.3 -193.9
20211129224744  -673.6 -70.5 -193.8
20211129224745  -673.7 -70.5 -193.5
20211129224746  -673.9 -70.6 -193.5
20211129224747  -673.8 -70.7 -194.0
20211129224748  -673.6 -70.6 -193.7
20211129224749  -673.7 -70.6 -193.8
20211129224750  -673.7 -70.8 -193.7
20211129224751  -673.7 -71.0 -193.9
20211129224752  -673.6 -70.9 -193.9
20211129224753  -673.7 -71.0 -194.2
20211129224754  -673.9 -71.1 -194.0
20211129224755  -673.8 -71.0 -193.7
20211129224756  -673.8 -71.1 -193.8
20211129224757  -673.7 -71.0 -193.6
20211129224758  -673.7 -70.9 -193.6
20211129224759  -673.0 -70.9 -193.2
20211129224800  -672.8 -71.0 -193.1
20211129224801  -672.6 -70.8 -192.9
20211129224802  -672.1 -70.7 -192.4
20211129224803  -671.8 -70.8 -192.3
20211129224804  -671.9 -70.7 -192.0
20211129224805  -672.4 -70.5 -192.4
20211129224806  -672.9 -70.7 -193.1
20211129224807  -673.1 -70.8 -193.0
20211129224808  -673.1 -70.9 -192.9
20211129224809  -673.0 -70.8 -193.1
20211129224810  -673.2 -70.9 -192.9
20211129224811  -673.1 -70.9 -193.0
20211129224812  -673.1 -70.9 -193.4
20211129224813  -673.3 -71.1 -193.6
