31002417  -854.5 24.9 -253.0
20211031002418  -854.3 24.9 -253.2
20211031002419  -854.4 24.7 -253.4
20211031002420  -854.4 24.6 -253.4
20211031002421  -854.5 25.1 -253.4
20211031002422  -854.6 26.1 -253.9
20211031002423  -855.0 27.0 -254.0
20211031002424  -855.0 27.8 -253.9
20211031002425  -855.0 28.3 -254.1
20211031002426  -854.9 28.5 -253.7
20211031002427  -854.7 28.2 -253.0
20211031002428  -854.4 28.3 -251.8
20211031002429  -854.3 28.5 -251.2
20211031002430  -853.9 28.6 -250.3
20211031002431  -854.0 29.4 -249.7
20211031002432  -853.4 30.3 -248.9
20211031002433  -853.2 30.6 -248.9
20211031002434  -853.1 30.4 -249.3
20211031002435  -853.1 29.5 -250.4
20211031002436  -853.8 28.5 -251.3
20211031002437  -853.8 27.4 -251.8
20211031002438  -853.8 25.8 -251.9
20211031002439  -853.6 24.8 -251.6
20211031002440  -853.6 24.0 -251.4
20211031002441  -853.9 23.3 -250.9
20211031002442  -854.0 23.1 -251.1
20211031002443  -854.1 22.8 -251.0
20211031002444  -854.0 22.9 -251.1
20211031002445  -854.3 23.2 -250.9
20211031002446  -854.2 23.0 -250.4
20211031002447  -854.2 22.9 -250.5
20211031002448  -854.3 22.6 -250.5
20211031002449  -854.6 22.8 -250.1
20211031002450  -854.8 23.0 -249.7
20211031002451  -854.7 23.6 -249.2
20211031002452  -854.8 24.4 -248.5
20211031002453  -854.7 24.8 -248.2
20211031002454  -854.5 24.8 -248.3
20211031002455  -854.0 24.8 -248.2
20211031002456  -853.1 24.1 -248.0
20211031002457  -852.6 23.9 -248.2
20211031002458  -852.0 23.8 -248.6
20211031002459  -851.3 23.8 -248.8
20211031002500  -851.3 23.4 -249.2
20211031002501  -850.9 23.5 -249.5
20211031002502  -850.5 23.5 -249.9
20211031002503  -850.6 23.6 -250.4
20211031002504  -850.8 23.7 -250.8
20211031002505  -851.1 23.4 -251.6
20211031002506  -851.5 23.5 -252.0
20211031002507  -851.9 22.8 -252.2
20211031002508  -852.1 22.3 -252.1
20211031002509  -852.3 21.8 -251.5
20211031002510  -852.4 22.2 -250.7
20211031002511  -852.4 23.3 -249.5
20211031002512  -852.4 25.2 -248.3
20211031002513  -852.5 27.3 -247.6
20211031002514  -852.4 28.2 -247.6
20211031002515  -852.0 28.1 -248.0
20211031002516  -851.8 26.8 -248.9
20211031002517  -851.5 24.7 -249.1
20211031002518  -851.0 22.9 -249.4
20211031002519  -850.3 21.3 -249.0
20211031002520  -850.3 20.5 -248.9
20211031002521  -850.1 20.2 -248.7
20211031002522  -849.8 20.0 -248.8
20211031002523  -849.9 19.9 -249.1
20211031002524  -849.8 20.8 -249.3
20211031002525  -850.2 21.7 -249.2
20211031002526  -850.5 22.7 -249.1
20211031002527  -850.7 23.6 -249.2
20211031002528  -850.2 24.2 -248.6
20211031002529  -849.8 24.9 -247.8
20211031002530  -849.0 25.0 -248.1
20211031002531  -848.5 24.7 -248.2
20211031002532  -847.6 24.5 -248.3
20211031002533  -847.5 24.4 -248.7
20211031002534  -847.3 23.8 -249.2
20211031002535  -847.4 23.1 -249.1
20211031002536  -847.2 22.5 -248.9
20211031002537  -846.7 21.7 -249.1
20211031002538  -847.3 20.7 -249.3
20211031002539  -847.6 18.9 -249.1
20211031002540  -847.7 17.7 -249.0
20211031002541  -847.8 16.8 -248.5
20211031002542  -847.6 16.2 -247.7
20211031002543  -847.6 15.5 -247.5
20211031002544  -847.4 15.2 -246.0
20211031002545  -847.2 15.3 -245.2
20211031002546  -847.4 15.6 -245.1
20211031002547  -847.6 16.2 -245.7
20211031002548  -848.1 17.2 -245.8
20211031002549  -847.4 18.2 -245.5
20211031002550  -847.7 18.8 -245.8
20211031002551  -847.6 19.3 -245.9
20211031002552  -847.3 20.2 -246.2
20211031002553  -847.0 21.0 -246.0
20211031002554  -846.8 22.4 -245.9
20211031002555  -846.7 23.1 -246.3
20211031002556  -846.9 23.3 -246.9
20211031002557  -847.2 23.0 -247.8
20211031002558  -847.2 22.3 -248.0
20211031002559  -847.5 21.3 -247.9
20211031002600  -847.6 20.2 -248.0
20211031002601  -847.6 19.6 -247.8
20211031002602  -847.7 18.2 -247.4
20211031002603  -848.1 17.2 -247.3
20211031002604  -848.2 16.2 -246.9
20211031002605  -848.3 15.8 -246.0
20211031002606  -848.1 16.0 -245.8
20211031002607  -848.0 16.2 -245.7
20211031002608  -847.7 16.2 -245.9
20211031002609  -847.6 16.8 -246.3
20211031002610  -847.7 16.8 -246.2
20211031002611  -847.5 17.3 -246.1
20211031002612  -847.3 17.5 -245.9
20211031002613  -846.8 17.5 -245.9
20211031002614  -846.9 17.5 -246.0
20211031002615  -847.1 17.9 -245.8
20211031002616  -847.1 18.6 -245.6
20211031002617  -847.2 19.1 -245.8
20211031002618  -847.0 19.8 -246.4
20211031002619  -846.3 20.5 -246.2
20211031002620  -846.6 21.2 -246.4
20211031002621  -847.1 21.5 -246.2
20211031002622  -846.8 21.3 -246.0
20211031002623  -847.2 21.8 -246.1
20211031002624  -847.0 21.8 -246.2
20211031002625  -847.0 21.6 -246.3
20211031002626  -846.6 21.7 -246.7
20211031002627  -846.3 20.7 -246.5
20211031002628  -846.1 20.3 -246.6
20211031002629  -845.8 19.3 -246.3
20211031002630  -845.4 18.1 -245.8
20211031002631  -845.3 17.3 -245.5
20211031002632  -845.0 16.5 -245.0
20211031002633  -844.6 15.9 -244.8
20211031002634  -844.3 16.0 -244.9
20211031002635  -844.4 15.7 -245.4
20211031002636  -844.4 15.9 -245.1
20211031002637  -844.6 16.0 -245.3
20211031002638  -844.6 16.3 -244.9
20211031002639  -844.6 16.5 -244.0
20211031002640  -844.5 16.7 -243.1
20211031002641  -844.3 17.6 -242.3
20211031002642  -843.7 18.5 -242.6
20211031002643  -843.4 18.9 -243.2
20211031002644  -843.4 19.2 -243.6
20211031002645  -843.1 19.4 -243.7
20211031002646  -842.6 18.9 -244.1
20211031002647  -842.4 18.4 -244.0
20211031002648  -842.0 18.0 -244.3
20211031002649  -840.7 17.4 -244.3
20211031002650  -840.1 17.3 -244.0
20211031002651  -840.4 16.7 -245.1
20211031002652  -841.0 16.8 -245.6
20211031002653  -840.7 16.7 -245.4
20211031002654  -840.7 16.1 -245.3
20211031002655  -840.4 16.0 -245.1
20211031002656  -839.9 15.8 -245.0
20211031002657  -839.7 15.8 -244.8
20211031002658  -839.4 15.8 -244.8
20211031002659  -839.0 15.7 -244.5
20211031002700  -838.3 16.0 -244.1
20211031002701  -838.8 16.1 -244.1
20211031002702  -838.7 16.5 -244.3
20211031002703  -838.9 16.9 -244.2
20211031002704  -839.3 17.3 -244.5
20211031002705  -839.6 18.2 -244.9
20211031002706  -839.9 18.5 -245.0
20211031002707  -840.1 18.5 -245.9
20211031002708  -840.2 17.8 -246.6
20211031002709  -840.5 17.1 -247.1
20211031002710  -840.3 16.6 -247.4
20211031002711  -840.2 16.5 -247.7
20211031002712  -840.1 16.7 -248.0
20211031002713  -840.1 16.9 -247.9
20211031002714  -840.1 17.4 -248.3
20211031002715  -840.4 17.4 -249.0
20211031002716  -840.2 17.8 -249.4
20211031002717  -840.4 17.8 -249.1
20211031002718  -840.4 18.0 -248.8
20211031002719  -840.0 17.9 -248.8
20211031002720  -839.3 18.5 -247.8
20211031002721  -839.8 18.2 -247.8
20211031002722  -839.8 18.1 -247.6
20211031002723  -839.6 17.7 -247.6
20211031002724  -839.3 17.2 -247.1
20211031002725  -839.4 16.7 -246.7
20211031002726  -839.3 16.3 -246.1
20211031002727  -839.1 16.4 -245.9
20211031002728  -839.2 15.9 -246.3
20211031002729  -839.7 15.9 -246.4
20211031002730  -840.2 15.7 -246.1
20211031002731  -840.1 15.4 -245.8
20211031002732  -840.0 15.0 -245.3
20211031002733  -839.8 14.6 -245.5
20211031002734  -840.2 14.1 -245.8
20211031002735  -840.6 13.6 -245.7
20211031002736  -840.8 13.4 -245.7
20211031002737  -840.8 12.3 -246.0
20211031002738  -840.8 11.6 -246.9
20211031002739  -840.9 10.4 -247.7
20211031002740  -841.5 9.6 -248.3
20211031002741  -841.6 8.7 -248.0
20211031002742  -841.2 7.7 -248.1
20211031002743  -840.9 7.4 -247.7
20211031002744  -840.6 7.1 -246.9
20211031002745  -840.0 6.6 -246.6
20211031002746  -839.4 6.8 -246.0
20211031002747  -839.0 6.8 -245.7
20211031002748  -838.8 7.5 -245.5
20211031002749  -838.7 8.9 -244.9
20211031002750  -837.9 10.5 -243.6
20211031002751  -837.8 11.5 -243.4
20211031002752  -837.7 12.9 -243.0
20211031002753  -837.4 14.1 -242.4
20211031002754  -836.9 14.6 -242.3
20211031002755  -836.9 14.7 -242.7
20211031002756  -837.0 14.0 -243.5
20211031002757  -837.1 13.1 -243.5
20211031002758  -837.4 12.0 -243.5
20211031002759  -837.3 11.7 -243.4
20211031002800  -837.4 11.6 -243.2
20211031002801  -837.3 11.8 -243.3
20211031002802  -837.3 11.8 -243.3
20211031002803  -837.3 11.8 -243.4
20211031002804  -837.4 11.4 -243.7
20211031002805  -837.4 11.8 -243.2
20211031002806  -837.4 12.2 -243.0
20211031002807  -837.0 12.1 -242.9
20211031002808  -836.5 12.2 -242.4
20211031002809  -835.9 12.3 -242.7
20211031002810  -835.2 12.8 -242.7
20211031002811  -835.0 13.0 -242.1
20211031002812  -834.1 13.5 -241.6
