20211031004626  -778.6 -30.0 -262.1
20211031004627  -778.4 -30.0 -262.1
20211031004628  -778.4 -30.6 -262.0
20211031004629  -778.2 -30.9 -261.8
20211031004630  -778.0 -30.9 -261.9
20211031004631  -777.8 -31.0 -261.8
20211031004632  -777.7 -31.3 -262.2
20211031004633  -777.6 -31.4 -262.9
20211031004634  -777.3 -31.7 -262.9
20211031004635  -777.6 -31.9 -262.9
20211031004636  -777.8 -31.9 -262.8
20211031004637  -777.7 -32.1 -262.9
20211031004638  -777.7 -32.1 -263.2
20211031004639  -777.7 -31.8 -263.4
20211031004640  -777.8 -31.7 -263.5
20211031004641  -778.0 -31.5 -263.6
20211031004642  -777.9 -31.4 -263.4
20211031004643  -777.8 -31.3 -263.0
20211031004644  -777.9 -31.5 -262.6
20211031004645  -777.9 -31.7 -262.5
20211031004646  -777.7 -31.6 -262.2
20211031004647  -777.4 -31.8 -262.6
20211031004648  -777.5 -31.8 -262.5
20211031004649  -777.5 -32.1 -263.0
20211031004650  -777.6 -32.3 -262.8
20211031004651  -777.7 -33.1 -263.4
20211031004652  -777.6 -33.7 -263.3
20211031004653  -778.1 -33.6 -263.3
20211031004654  -778.2 -33.5 -263.4
20211031004655  -778.4 -33.6 -263.5
20211031004656  -778.4 -33.0 -263.5
20211031004657  -778.2 -33.0 -263.3
20211031004658  -778.0 -32.5 -263.4
20211031004659  -778.1 -32.1 -263.6
20211031004700  -778.0 -31.8 -263.5
20211031004701  -777.6 -31.3 -263.5
20211031004702  -777.6 -30.8 -263.5
20211031004703  -777.5 -30.9 -263.7
20211031004704  -777.6 -30.6 -264.0
20211031004705  -777.6 -30.5 -264.1
20211031004706  -777.2 -30.3 -263.7
20211031004707  -777.9 -30.2 -264.2
20211031004708  -777.9 -29.8 -264.2
20211031004709  -778.0 -29.4 -264.2
20211031004710  -777.6 -28.9 -263.7
20211031004711  -777.8 -28.9 -263.4
20211031004712  -777.8 -28.7 -263.6
20211031004713  -777.7 -28.9 -263.5
20211031004714  -777.7 -28.8 -263.4
20211031004715  -777.4 -28.9 -263.5
20211031004716  -777.3 -29.2 -263.7
20211031004717  -777.3 -29.2 -263.9
20211031004718  -776.9 -29.3 -263.8
20211031004719  -777.3 -29.4 -264.5
20211031004720  -777.5 -29.4 -264.8
20211031004721  -777.8 -29.5 -265.1
20211031004722  -778.0 -29.7 -265.2
20211031004723  -777.8 -29.8 -264.7
20211031004724  -777.8 -30.1 -264.8
20211031004725  -778.0 -29.8 -264.4
20211031004726  -777.9 -29.8 -264.4
20211031004727  -777.7 -29.7 -263.9
20211031004728  -777.8 -29.7 -263.8
20211031004729  -777.4 -29.8 -264.0
20211031004730  -777.4 -29.8 -263.8
20211031004731  -777.4 -29.6 -264.0
20211031004732  -777.4 -29.4 -264.0
20211031004733  -777.7 -29.6 -263.8
20211031004734  -777.5 -29.5 -264.1
20211031004735  -777.3 -29.4 -264.2
20211031004736  -777.0 -29.7 -264.1
20211031004737  -777.1 -29.9 -264.6
20211031004738  -777.0 -29.9 -265.0
20211031004739  -777.2 -30.1 -265.3
20211031004740  -777.4 -30.4 -265.7
20211031004741  -777.3 -30.0 -265.7
20211031004742  -777.5 -29.9 -265.7
20211031004743  -777.6 -29.4 -265.6
20211031004744  -777.5 -28.8 -265.3
20211031004745  -777.5 -28.7 -265.3
20211031004746  -777.2 -28.6 -265.2
20211031004747  -776.9 -28.5 -265.3
20211031004748  -776.8 -28.1 -265.3
20211031004749  -776.6 -28.4 -265.1
20211031004750  -776.7 -28.3 -265.3
20211031004751  -776.4 -28.3 -265.3
20211031004752  -776.5 -28.5 -265.4
20211031004753  -776.4 -28.6 -265.8
20211031004754  -776.3 -28.4 -265.7
20211031004755  -776.2 -28.8 -265.8
20211031004756  -775.8 -28.9 -266.0
20211031004757  -775.9 -28.6 -265.5
20211031004758  -776.1 -28.8 -265.5
20211031004759  -776.1 -29.2 -265.5
20211031004800  -775.7 -29.5 -265.2
20211031004801  -775.6 -29.8 -265.0
20211031004802  -775.4 -29.8 -264.8
20211031004803  -775.7 -29.7 -264.8
20211031004804  -775.7 -29.8 -264.8
20211031004805  -775.5 -29.9 -264.8
20211031004806  -775.5 -29.8 -265.0
20211031004807  -775.7 -29.5 -264.2
20211031004808  -775.6 -29.5 -264.2
20211031004809  -775.3 -28.9 -264.0
20211031004810  -775.4 -28.3 -263.8
20211031004811  -775.5 -28.1 -264.0
20211031004812  -775.5 -27.7 -264.2
20211031004813  -775.5 -27.9 -264.6
20211031004814  -775.5 -28.1 -264.8
20211031004815  -775.6 -28.4 -265.2
20211031004816  -775.7 -28.3 -265.2
20211031004817  -775.6 -28.4 -265.2
20211031004818  -775.5 -28.8 -265.2
20211031004819  -775.6 -28.8 -264.8
20211031004820  -775.8 -28.5 -264.5
20211031004821  -775.5 -28.8 -264.3
20211031004822  -775.7 -28.7 -263.9
20211031004823  -775.6 -28.9 -264.0
20211031004824  -775.6 -28.9 -264.1
20211031004825  -775.7 -29.3 -264.4
20211031004826  -775.6 -29.0 -264.3
20211031004827  -775.6 -28.8 -264.7
20211031004828  -775.7 -28.8 -264.9
20211031004829  -775.6 -28.8 -265.0
20211031004830  -775.2 -28.6 -265.3
20211031004831  -775.2 -28.1 -265.4
20211031004832  -775.1 -28.3 -265.7
20211031004833  -775.2 -28.1 -265.7
20211031004834  -775.4 -28.3 -265.8
20211031004835  -775.0 -28.4 -266.0
20211031004836  -775.0 -29.0 -266.3
20211031004837  -774.5 -29.0 -265.5
20211031004838  -774.4 -28.8 -265.1
20211031004839  -774.3 -28.9 -265.0
20211031004840  -774.4 -28.3 -264.6
20211031004841  -774.1 -28.2 -264.6
20211031004842  -774.0 -27.9 -264.6
20211031004843  -774.5 -27.9 -264.6
20211031004844  -774.5 -27.7 -264.6
20211031004845  -774.6 -27.7 -264.9
20211031004846  -774.8 -27.7 -265.1
20211031004847  -774.6 -28.0 -264.9
20211031004848  -774.6 -28.0 -265.0
20211031004849  -774.8 -27.8 -264.9
20211031004850  -775.0 -27.8 -264.5
20211031004851  -774.5 -27.7 -264.5
20211031004852  -774.5 -28.2 -264.5
20211031004853  -774.5 -28.1 -264.4
20211031004854  -774.8 -28.4 -264.4
20211031004855  -774.7 -28.5 -264.3
20211031004856  -774.6 -28.3 -264.1
20211031004857  -774.6 -28.5 -263.9
20211031004858  -774.4 -28.0 -263.5
20211031004859  -774.0 -28.1 -263.0
20211031004900  -774.2 -27.8 -263.0
20211031004901  -774.0 -27.7 -263.0
20211031004902  -773.6 -27.6 -263.2
20211031004903  -773.8 -28.2 -263.7
20211031004904  -773.8 -28.6 -264.3
20211031004905  -773.8 -28.6 -264.2
20211031004906  -773.8 -28.7 -263.9
20211031004907  -773.5 -29.0 -264.0
20211031004908  -773.3 -28.9 -263.9
20211031004909  -772.9 -28.9 -263.6
20211031004910  -772.9 -28.7 -263.9
20211031004911  -772.7 -28.7 -263.9
20211031004912  -772.6 -28.2 -264.0
20211031004913  -772.5 -28.0 -264.0
20211031004914  -772.5 -28.0 -264.5
20211031004915  -772.4 -28.0 -264.6
20211031004916  -772.2 -28.2 -264.6
20211031004917  -772.2 -28.5 -264.8
20211031004918  -772.3 -28.5 -264.5
20211031004919  -772.2 -28.8 -264.8
20211031004920  -772.4 -29.1 -264.3
20211031004921  -772.1 -28.9 -264.3
20211031004922  -771.9 -29.3 -264.4
20211031004923  -771.8 -29.6 -264.2
20211031004924  -771.8 -29.9 -264.3
20211031004925  -771.5 -30.1 -264.4
20211031004926  -771.4 -29.9 -264.7
20211031004927  -770.9 -29.8 -264.7
20211031004928  -771.2 -29.7 -264.6
20211031004929  -771.0 -29.4 -264.9
20211031004930  -770.7 -29.4 -265.2
20211031004931  -770.5 -28.8 -265.0
20211031004932  -770.1 -28.1 -265.2
20211031004933  -769.9 -27.8 -265.0
20211031004934  -769.8 -27.4 -264.6
20211031004935  -769.5 -27.6 -264.3
20211031004936  -769.4 -27.5 -264.0
20211031004937  -769.3 -27.2 -263.8
20211031004938  -769.1 -27.6 -264.0
20211031004939  -768.9 -27.8 -264.1
20211031004940  -768.4 -28.0 -263.9
20211031004941  -768.5 -28.3 -264.5
20211031004942  -768.2 -28.2 -264.2
20211031004943  -768.1 -28.2 -264.7
20211031004944  -767.9 -28.4 -264.7
20211031004945  -767.7 -28.6 -265.0
20211031004946  -767.4 -29.2 -265.0
20211031004947  -767.1 -29.0 -264.8
20211031004948  -766.9 -29.0 -264.7
20211031004949  -767.3 -28.9 -264.8
20211031004950  -766.9 -29.1 -264.8
20211031004951  -766.9 -28.6 -265.3
20211031004952  -766.9 -28.6 -265.2
20211031004953  -767.1 -28.4 -265.3
20211031004954  -767.0 -28.3 -265.4
20211031004955  -766.9 -28.0 -265.6
20211031004956  -767.1 -28.3 -265.6
20211031004957  -766.9 -28.2 -265.4
20211031004958  -766.9 -28.1 -265.0
20211031004959  -766.3 -28.1 -264.7
20211031005000  -766.3 -28.1 -264.2
20211031005001  -766.1 -27.9 -263.9
20211031005002  -765.9 -27.6 -263.9
20211031005003  -766.0 -27.5 -264.2
20211031005004  -766.2 -27.3 -264.7
20211031005005  -766.4 -27.2 -265.1
20211031005006  -766.5 -27.6 -265.6
20211031005007  -766.7 -28.0 -265.9
20211031005008  -767.2 -28.4 -265.6
20211031005009  -767.4 -28.8 -265.5
20211031005010  -767.5 -28.6 -265.4
20211031005011  -767.4 -28.4 -265.0
20211031005012  -767.5 -28.2 -264.1
20211031005013  -767.5 -27.9 -264.0
