20211028220019  -653.6 -90.0 -196.1
20211028220020  -653.4 -89.9 -195.7
20211028220021  -653.2 -89.8 -195.5
20211028220022  -653.8 -90.0 -196.0
20211028220023  -653.9 -90.1 -196.4
20211028220024  -653.5 -90.3 -196.3
20211028220025  -653.7 -90.2 -196.2
20211028220026  -653.7 -90.4 -196.4
20211028220027  -653.7 -90.1 -196.2
20211028220028  -653.8 -89.8 -196.4
20211028220029  -653.4 -89.9 -196.5
20211028220030  -653.6 -90.2 -196.3
20211028220031  -653.5 -90.1 -195.9
20211028220032  -653.6 -89.9 -195.8
20211028220033  -653.8 -90.0 -195.9
20211028220034  -653.6 -90.0 -196.0
20211028220035  -653.9 -90.0 -196.2
20211028220036  -654.1 -89.8 -196.3
20211028220037  -653.6 -89.5 -196.4
20211028220038  -653.6 -89.7 -196.6
20211028220039  -653.6 -90.0 -196.3
20211028220040  -653.7 -90.0 -196.3
20211028220041  -653.7 -89.9 -196.4
20211028220042  -653.6 -90.0 -196.4
20211028220043  -653.7 -90.1 -196.6
20211028220044  -653.7 -90.1 -196.4
20211028220045  -653.8 -90.3 -196.5
20211028220046  -653.7 -90.2 -196.5
20211028220047  -654.0 -90.3 -196.2
20211028220048  -653.9 -90.3 -196.4
20211028220049  -653.3 -90.2 -195.9
20211028220050  -653.1 -90.0 -195.5
20211028220051  -653.3 -89.9 -195.4
20211028220052  -653.7 -90.1 -195.9
20211028220053  -653.6 -89.7 -196.0
20211028220054  -653.8 -89.7 -196.4
20211028220055  -653.6 -89.6 -196.3
20211028220056  -653.7 -89.7 -196.4
20211028220057  -653.7 -89.7 -196.2
20211028220058  -653.7 -89.8 -196.4
20211028220059  -653.8 -89.8 -196.5
20211028220100  -653.6 -89.5 -196.5
20211028220101  -654.1 -89.9 -196.2
20211028220102  -653.6 -89.7 -196.0
20211028220103  -653.9 -89.7 -195.9
20211028220104  -654.0 -90.0 -196.1
20211028220105  -653.9 -89.7 -196.2
20211028220106  -654.1 -90.0 -196.6
20211028220107  -654.0 -90.1 -196.7
20211028220108  -654.0 -90.1 -196.4
20211028220109  -653.7 -90.1 -196.5
20211028220110  -653.9 -90.2 -196.6
20211028220111  -653.6 -90.0 -196.4
20211028220112  -653.5 -89.9 -196.4
20211028220113  -653.7 -89.9 -196.4
20211028220114  -653.9 -90.1 -196.3
20211028220115  -654.1 -90.2 -196.5
20211028220116  -653.8 -90.2 -196.6
20211028220117  -653.8 -90.1 -196.6
20211028220118  -653.9 -90.1 -196.3
20211028220119  -653.2 -90.4 -196.2
20211028220120  -652.9 -89.9 -195.6
20211028220121  -653.2 -89.9 -195.7
20211028220122  -653.7 -89.7 -196.3
20211028220123  -653.8 -89.6 -196.5
20211028220124  -653.7 -89.8 -196.5
20211028220125  -653.9 -89.5 -196.7
20211028220126  -653.6 -89.7 -196.6
20211028220127  -653.7 -89.8 -196.6
20211028220128  -653.7 -89.8 -196.7
20211028220129  -653.6 -89.8 -196.6
20211028220130  -653.8 -89.9 -196.5
20211028220131  -653.5 -89.7 -196.6
20211028220132  -653.5 -89.7 -196.5
20211028220133  -653.6 -89.9 -196.6
20211028220134  -653.7 -89.7 -196.6
20211028220135  -653.9 -89.7 -196.6
20211028220136  -653.9 -89.5 -196.6
20211028220137  -653.8 -89.6 -196.2
20211028220138  -654.1 -89.7 -196.3
20211028220139  -653.8 -89.9 -196.2
20211028220140  -653.5 -89.8 -196.3
20211028220141  -653.4 -89.9 -196.5
20211028220142  -653.6 -89.8 -196.5
20211028220143  -653.5 -89.8 -196.4
20211028220144  -653.7 -89.9 -196.3
20211028220145  -653.8 -90.0 -196.4
20211028220146  -653.7 -89.9 -196.1
20211028220147  -653.9 -89.9 -196.5
20211028220148  -654.0 -89.7 -196.3
20211028220149  -653.3 -90.1 -196.3
20211028220150  -653.1 -89.7 -195.8
20211028220151  -653.5 -89.5 -195.9
20211028220152  -653.7 -89.5 -196.3
20211028220153  -653.6 -89.7 -196.3
20211028220154  -653.7 -89.8 -196.4
20211028220155  -654.0 -89.8 -196.4
20211028220156  -653.9 -90.0 -196.3
20211028220157  -654.1 -90.0 -196.2
20211028220158  -654.1 -90.0 -196.4
20211028220159  -653.9 -89.6 -196.6
20211028220200  -654.0 -90.0 -196.5
20211028220201  -654.0 -90.0 -196.3
20211028220202  -654.1 -89.8 -196.3
20211028220203  -654.1 -90.1 -196.5
20211028220204  -654.1 -90.0 -196.6
20211028220205  -653.9 -89.8 -196.4
20211028220206  -654.2 -90.0 -196.3
20211028220207  -653.9 -90.0 -196.6
20211028220208  -653.9 -90.2 -196.6
20211028220209  -654.2 -90.2 -196.7
20211028220210  -654.0 -89.9 -196.6
20211028220211  -654.0 -90.1 -196.6
20211028220212  -654.2 -90.0 -196.4
20211028220213  -654.3 -89.7 -196.4
20211028220214  -654.3 -90.1 -196.4
20211028220215  -654.2 -90.1 -196.2
20211028220216  -654.4 -90.1 -196.1
20211028220217  -654.4 -90.3 -196.2
20211028220218  -654.4 -90.4 -196.4
20211028220219  -654.3 -90.4 -196.4
20211028220220  -653.7 -90.1 -196.0
20211028220221  -653.9 -89.9 -196.2
20211028220222  -654.2 -90.2 -196.2
20211028220223  -654.4 -90.2 -196.2
20211028220224  -654.4 -89.8 -196.5
20211028220225  -654.8 -89.8 -196.7
20211028220226  -654.5 -89.9 -196.6
20211028220227  -654.3 -90.1 -196.2
20211028220228  -654.1 -90.2 -196.4
20211028220229  -654.4 -90.2 -196.3
20211028220230  -654.1 -90.2 -196.2
20211028220231  -653.7 -90.2 -196.3
20211028220232  -654.0 -90.3 -196.7
20211028220233  -653.8 -90.2 -196.6
20211028220234  -654.2 -90.3 -196.5
20211028220235  -654.2 -90.1 -196.7
20211028220236  -654.0 -90.3 -196.8
20211028220237  -654.2 -90.3 -196.5
20211028220238  -654.4 -90.4 -196.7
20211028220239  -654.6 -90.5 -196.7
20211028220240  -654.5 -90.5 -196.5
20211028220241  -654.3 -90.3 -196.4
20211028220242  -654.5 -90.2 -196.5
20211028220243  -654.5 -90.1 -196.7
20211028220244  -654.6 -90.0 -196.5
20211028220245  -654.7 -90.1 -196.6
20211028220246  -654.3 -90.0 -196.6
20211028220247  -654.7 -90.1 -196.7
20211028220248  -654.7 -90.1 -196.5
20211028220249  -654.6 -90.1 -196.5
20211028220250  -653.7 -89.8 -195.9
20211028220251  -654.3 -89.9 -195.9
20211028220252  -654.6 -90.0 -196.5
20211028220253  -654.4 -90.1 -196.3
20211028220254  -654.5 -89.8 -196.1
20211028220255  -654.7 -89.8 -196.2
20211028220256  -654.7 -89.8 -196.5
20211028220257  -654.6 -89.8 -196.3
20211028220258  -654.3 -89.9 -196.2
20211028220259  -654.5 -90.0 -196.5
20211028220300  -654.5 -90.1 -196.2
20211028220301  -654.2 -90.4 -196.4
20211028220302  -654.2 -90.1 -196.3
20211028220303  -654.3 -90.1 -196.4
20211028220304  -654.3 -90.0 -196.7
20211028220305  -654.3 -89.9 -196.5
20211028220306  -654.3 -90.0 -196.4
20211028220307  -654.3 -90.0 -196.5
20211028220308  -654.2 -89.8 -196.6
20211028220309  -654.0 -90.0 -196.4
20211028220310  -654.2 -90.0 -196.2
20211028220311  -654.6 -90.2 -196.4
20211028220312  -654.3 -90.2 -196.5
20211028220313  -654.6 -89.9 -196.5
20211028220314  -654.5 -90.2 -196.1
20211028220315  -654.7 -90.5 -196.4
20211028220316  -654.8 -90.3 -196.7
20211028220317  -654.5 -90.2 -196.8
20211028220318  -654.3 -90.3 -196.8
20211028220319  -654.3 -90.3 -196.6
20211028220320  -653.6 -90.0 -196.0
20211028220321  -654.2 -90.0 -196.0
20211028220322  -654.5 -90.0 -196.5
20211028220323  -654.5 -90.1 -196.7
20211028220324  -654.2 -89.9 -196.7
20211028220325  -654.1 -90.2 -196.7
20211028220326  -654.3 -90.2 -196.6
20211028220327  -654.3 -90.0 -196.2
20211028220328  -654.3 -90.3 -196.4
20211028220329  -654.3 -90.3 -196.3
20211028220330  -654.2 -90.3 -196.8
20211028220331  -654.3 -90.0 -196.5
20211028220332  -654.5 -90.2 -196.5
20211028220333  -654.5 -90.2 -197.0
20211028220334  -654.6 -90.1 -196.7
20211028220335  -654.6 -90.1 -196.7
20211028220336  -654.8 -90.2 -196.4
20211028220337  -654.6 -90.1 -196.1
20211028220338  -654.6 -90.2 -196.4
20211028220339  -654.6 -90.5 -196.6
20211028220340  -654.6 -90.3 -196.7
20211028220341  -654.6 -90.2 -196.4
20211028220342  -654.4 -90.4 -196.6
20211028220343  -654.2 -90.2 -196.6
20211028220344  -654.5 -90.0 -196.6
20211028220345  -654.5 -90.0 -196.2
20211028220346  -654.4 -90.3 -196.7
20211028220347  -654.5 -90.2 -196.6
20211028220348  -654.7 -90.3 -196.8
20211028220349  -654.4 -90.4 -196.7
20211028220350  -653.9 -90.2 -196.4
20211028220351  -653.9 -90.2 -196.3
20211028220352  -654.4 -90.5 -196.7
20211028220353  -654.5 -90.5 -196.7
20211028220354  -654.7 -90.5 -196.6
20211028220355  -654.6 -90.6 -196.9
20211028220356  -654.5 -90.6 -196.7
20211028220357  -654.4 -90.4 -196.9
20211028220358  -654.3 -90.2 -197.1
20211028220359  -654.4 -90.5 -196.9
20211028220400  -654.3 -90.4 -196.9
20211028220401  -654.4 -90.4 -197.1
20211028220402  -654.4 -90.0 -197.0
20211028220403  -654.7 -89.9 -197.1
20211028220404  -654.8 -89.9 -196.7
20211028220405  -654.7 -90.2 -196.8
20211028220406  -654.4 -90.0 -196.6
20211028220407  -654.5 -90.5 -197.0
20211028220408  -654.6 -90.4 -196.7
20211028220409  -654.6 -90.3 -196.8
20211028220410  -654.8 -90.2 -197.0
20211028220411  -654.9 -90.2 -196.9
20211028220412  -654.7 -90.2 -197.1
20211028220413  -654.6 -90.2 -197.2
20211028220414  -654.8 -90.1 -196.8
20211028220415  -655.1 -90.3 -196.7
20211028220416  -655.1 -90.3 -197.0
20211028220417  -655.2 -90.7 -196.7
20211028220418  -655.3 -90.3 -196.8
20211028220419  -655.2 -90.3 -196.9
20211028220420  -654.3 -90.0 -196.3
20211028220421  -654.0 -90.1 -196.1
20211028220422  -654.7 -90.2 -196.6
20211028220423  -654.7 -89.9 -196.7
20211028220424  -654.7 -89.9 -196.8
20211028220425  -654.6 -89.9 -196.7
20211028220426  -654.3 -89.8 -196.5
20211028220427  -654.5 -89.7 -196.9
20211028220428  -654.5 -89.9 -196.7
20211028220429  -654.4 -89.8 -196.8
20211028220430  -654.6 -89.4 -196.8
20211028220431  -654.7 -89.3 -196.8
20211028220432  -654.5 -89.4 -196.8
20211028220433  -654.6 -89.4 -196.9
20211028220434  -654.6 -89.4 -196.9
20211028220435  -654.6 -89.8 -196.6
20211028220436  -654.4 -89.7 -196.6
20211028220437  -654.5 -89.9 -196.9
20211028220438  -654.4 -90.0 -197.1
20211028220439  -654.9 -90.1 -196.7
20211028220440  -654.7 -89.8 -196.6
20211028220441  -654.7 -89.6 -196.6
20211028220442  -654.5 -89.5 -196.7
20211028220443  -654.3 -89.6 -196.8
20211028220444  -654.6 -89.8 -196.8
20211028220445  -654.6 -89.7 -196.8
20211028220446  -654.7 -89.8 -196.9
20211028220447  -654.4 -89.6 -196.9
20211028220448  -654.3 -89.5 -196.6
20211028220449  -654.2 -89.7 -196.7
20211028220450  -653.4 -89.5 -195.9
20211028220451  -653.8 -89.2 -195.8
20211028220452  -654.3 -89.5 -196.4
20211028220453  -654.3 -89.5 -196.4
20211028220454  -654.2 -89.7 -196.5
20211028220455  -654.3 -89.8 -196.8
20211028220456  -654.4 -89.7 -196.5
20211028220457  -654.3 -89.6 -196.5
20211028220458  -654.1 -89.2 -196.4
20211028220459  -654.5 -89.3 -196.6
20211028220500  -654.2 -89.5 -196.4
20211028220501  -654.3 -89.4 -196.6
20211028220502  -654.5 -89.5 -196.5
20211028220503  -654.3 -89.5 -196.7
20211028220504  -654.3 -89.3 -196.8
20211028220505  -654.1 -89.4 -196.4
20211028220506  -654.3 -89.5 -196.4
20211028220507  -654.4 -89.2 -196.3
20211028220508  -654.4 -89.2 -196.3
20211028220509  -654.3 -89.3 -196.3
20211028220510  -654.5 -89.6 -196.1
20211028220511  -654.2 -89.4 -196.3
20211028220512  -654.5 -89.3 -196.6
20211028220513  -654.3 -89.5 -196.3
20211028220514  -654.6 -89.6 -196.4
20211028220515  -654.4 -89.4 -196.4
20211028220516  -654.4 -89.5 -196.5
20211028220517  -654.4 -89.4 -196.4
20211028220518  -654.4 -89.2 -196.4
20211028220519  -654.3 -89.5 -196.4
20211028220520  -653.9 -89.5 -196.3
20211028220521  -654.0 -89.1 -195.7
20211028220522  -654.2 -89.2 -196.2
20211028220523  -654.1 -89.1 -196.1
20211028220524  -654.2 -89.0 -196.5
20211028220525  -654.1 -89.1 -196.3
20211028220526  -654.2 -89.2 -196.2
20211028220527  -654.5 -89.3 -196.2
20211028220528  -654.2 -89.2 -196.1
20211028220529  -654.0 -89.2 -196.2
20211028220530  -654.2 -89.2 -196.6
20211028220531  -654.3 -89.1 -196.5
20211028220532  -654.4 -89.3 -196.5
20211028220533  -654.3 -89.3 -196.4
20211028220534  -654.4 -89.3 -196.7
20211028220535  -654.5 -89.6 -196.2
20211028220536  -654.2 -89.4 -196.3
20211028220537  -654.6 -89.3 -196.5
20211028220538  -654.7 -89.3 -196.5
20211028220539  -654.8 -89.3 -196.5
20211028220540  -654.5 -89.1 -196.2
20211028220541  -654.4 -89.4 -196.2
20211028220542  -654.4 -89.4 -196.4
20211028220543  -654.4 -89.4 -196.2
20211028220544  -654.3 -89.2 -196.4
20211028220545  -654.1 -89.2 -196.5
20211028220546  -654.5 -89.1 -196.4
20211028220547  -654.3 -89.0 -196.4
20211028220548  -654.6 -89.3 -196.4
20211028220549  -654.5 -89.3 -196.5
20211028220550  -654.1 -89.2 -196.5
20211028220551  -654.1 -89.2 -195.9
20211028220552  -654.5 -89.2 -196.6
20211028220553  -654.6 -89.0 -196.3
20211028220554  -654.5 -89.4 -196.6
20211028220555  -654.6 -89.3 -196.9
20211028220556  -654.7 -89.2 -196.7
20211028220557  -654.3 -89.2 -196.6
20211028220558  -654.6 -89.5 -196.8
20211028220559  -654.4 -89.6 -196.9
20211028220600  -654.6 -89.5 -196.7
20211028220601  -654.7 -89.5 -196.4
20211028220602  -654.6 -89.2 -196.8
20211028220603  -654.6 -89.2 -196.4
20211028220604  -654.5 -89.4 -196.8
20211028220605  -654.8 -89.2 -196.9
20211028220606  -654.8 -89.0 -196.5
20211028220607  -654.7 -89.1 -196.4
20211028220608  -654.6 -89.2 -196.5
20211028220609  -654.7 -89.2 -196.6
20211028220610  -654.7 -89.4 -196.6
20211028220611  -654.4 -89.3 -196.6
20211028220612  -654.7 -89.2 -196.8
20211028220613  -654.7 -89.5 -196.6
20211028220614  -654.7 -89.3 -196.6
20211028220615  -654.7 -89.2 -196.6
20211028220616  -654.4 -89.3 -196.8
20211028220617  -654.5 -89.2 -196.8
20211028220618  -654.6 -89.2 -197.0
20211028220619  -654.9 -89.2 -197.0
20211028220620  -654.4 -88.9 -196.8
20211028220621  -654.2 -88.9 -196.5
20211028220622  -654.3 -89.4 -196.6
20211028220623  -654.4 -89.2 -196.9
20211028220624  -654.4 -89.0 -196.7
20211028220625  -654.1 -89.1 -196.9
20211028220626  -654.2 -89.0 -196.8
20211028220627  -654.1 -89.0 -196.6
20211028220628  -654.3 -89.1 -196.6
20211028220629  -654.4 -89.2 -196.7
20211028220630  -654.4 -89.2 -196.8
20211028220631  -654.5 -89.1 -196.8
20211028220632  -654.4 -89.0 -196.5
20211028220633  -654.5 -89.1 -196.4
20211028220634  -654.6 -89.0 -196.6
20211028220635  -654.4 -89.2 -196.7
20211028220636  -654.5 -88.9 -196.9
20211028220637  -654.6 -88.9 -196.8
20211028220638  -654.3 -89.1 -196.8
20211028220639  -654.5 -89.0 -197.0
20211028220640  -654.5 -89.1 -197.0
20211028220641  -654.9 -89.1 -196.9
20211028220642  -654.5 -89.4 -196.7
20211028220643  -654.3 -89.5 -196.8
20211028220644  -654.4 -88.9 -196.6
20211028220645  -654.6 -89.0 -196.6
20211028220646  -654.5 -89.2 -197.0
20211028220647  -654.6 -89.2 -196.9
20211028220648  -654.7 -89.2 -196.6
20211028220649  -654.5 -89.3 -196.7
20211028220650  -654.5 -89.3 -196.9
20211028220651  -654.4 -89.2 -196.2
20211028220652  -654.7 -89.4 -196.9
20211028220653  -654.5 -89.1 -196.5
20211028220654  -654.9 -89.1 -196.7
20211028220655  -654.6 -89.0 -196.6
20211028220656  -654.9 -89.2 -196.7
20211028220657  -654.7 -89.1 -196.7
20211028220658  -654.7 -89.2 -196.8
20211028220659  -654.7 -89.0 -196.8
20211028220700  -655.0 -88.8 -196.6
20211028220701  -654.6 -88.9 -196.7
20211028220702  -654.5 -88.9 -196.4
20211028220703  -654.5 -88.8 -196.7
20211028220704  -654.5 -88.8 -196.4
20211028220705  -654.7 -88.8 -196.5
20211028220706  -654.7 -89.0 -196.4
20211028220707  -654.6 -89.1 -196.5
20211028220708  -654.8 -89.1 -196.4
20211028220709  -654.6 -89.2 -196.6
20211028220710  -654.6 -88.8 -196.7
20211028220711  -654.7 -88.5 -196.7
20211028220712  -654.6 -88.6 -197.0
20211028220713  -654.6 -88.6 -196.9
20211028220714  -654.5 -88.8 -196.7
20211028220715  -654.4 -88.8 -196.8
20211028220716  -654.8 -89.0 -197.0
20211028220717  -654.5 -89.2 -196.6
20211028220718  -654.7 -89.2 -196.9
20211028220719  -654.6 -89.1 -196.7
20211028220720  -654.8 -89.2 -197.0
20211028220721  -654.5 -89.1 -196.7
20211028220722  -655.0 -88.9 -196.9
20211028220723  -655.1 -89.0 -196.6
20211028220724  -655.1 -89.5 -196.8
20211028220725  -655.0 -89.3 -196.7
20211028220726  -655.3 -89.1 -197.0
20211028220727  -655.0 -89.2 -196.7
20211028220728  -654.9 -89.4 -197.0
20211028220729  -655.1 -89.2 -196.9
20211028220730  -655.0 -89.2 -196.8
20211028220731  -655.2 -89.4 -196.9
20211028220732  -655.2 -89.3 -196.8
20211028220733  -654.7 -89.1 -196.9
20211028220734  -655.0 -89.1 -196.8
20211028220735  -654.8 -89.1 -196.6
20211028220736  -655.0 -89.1 -196.8
20211028220737  -655.3 -88.9 -196.9
20211028220738  -655.2 -89.1 -196.8
20211028220739  -655.2 -89.0 -196.8
20211028220740  -655.1 -89.2 -197.2
20211028220741  -655.1 -89.2 -197.0
20211028220742  -655.2 -89.2 -196.9
20211028220743  -655.4 -89.3 -196.9
20211028220744  -655.0 -89.5 -196.9
20211028220745  -655.2 -89.5 -197.1
20211028220746  -655.5 -89.5 -196.8
20211028220747  -655.4 -89.6 -196.8
20211028220748  -655.4 -89.5 -196.8
20211028220749  -654.9 -89.6 -197.0
20211028220750  -655.2 -89.4 -197.0
20211028220751  -654.7 -89.2 -196.7
20211028220752  -655.1 -89.5 -196.6
20211028220753  -655.2 -89.2 -196.6
20211028220754  -655.2 -89.3 -196.7
20211028220755  -655.3 -89.5 -196.7
20211028220756  -655.2 -89.4 -196.9
20211028220757  -655.4 -89.2 -196.6
20211028220758  -655.1 -89.3 -196.6
20211028220759  -655.2 -89.5 -196.6
20211028220800  -655.2 -89.5 -196.7
20211028220801  -655.0 -89.6 -196.7
20211028220802  -655.2 -89.4 -196.5
20211028220803  -655.6 -89.5 -196.6
20211028220804  -655.3 -89.2 -196.7
20211028220805  -655.6 -89.4 -196.6
20211028220806  -655.2 -89.5 -196.8
20211028220807  -655.3 -89.3 -196.9
20211028220808  -655.1 -89.4 -196.8
20211028220809  -655.6 -89.5 -196.9
20211028220810  -655.6 -89.2 -196.8
20211028220811  -655.8 -89.5 -196.8
20211028220812  -655.7 -89.3 -197.0
20211028220813  -655.5 -89.5 -196.9
20211028220814  -655.7 -89.5 -196.9
20211028220815  -655.4 -89.4 -196.9
20211028220816  -655.6 -89.4 -197.0
20211028220817  -655.6 -89.5 -196.9
20211028220818  -655.7 -89.6 -197.0
20211028220819  -655.7 -89.7 -196.9
20211028220820  -655.4 -89.7 -196.8
20211028220821  -655.5 -89.6 -197.0
20211028220822  -655.5 -89.5 -196.9
20211028220823  -655.4 -89.6 -197.0
20211028220824  -655.4 -89.7 -197.0
20211028220825  -655.8 -89.4 -196.5
20211028220826  -655.7 -89.4 -196.9
20211028220827  -655.7 -89.2 -196.8
20211028220828  -655.5 -89.5 -196.9
20211028220829  -655.5 -89.6 -196.9
20211028220830  -655.5 -89.5 -197.0
20211028220831  -655.6 -89.6 -197.1
20211028220832  -655.6 -89.5 -197.0
20211028220833  -655.5 -89.4 -197.1
20211028220834  -655.4 -89.4 -197.1
20211028220835  -655.4 -89.4 -196.7
20211028220836  -655.3 -89.6 -196.8
20211028220837  -655.1 -89.5 -196.8
20211028220838  -655.5 -89.6 -197.0
20211028220839  -655.6 -89.6 -197.0
20211028220840  -655.8 -89.5 -196.9
20211028220841  -655.6 -89.4 -196.9
20211028220842  -655.7 -89.5 -196.6
20211028220843  -655.7 -89.4 -196.9
20211028220844  -655.6 -89.5 -196.9
20211028220845  -655.3 -89.6 -196.8
20211028220846  -655.4 -89.4 -196.9
20211028220847  -655.3 -89.5 -196.7
20211028220848  -655.6 -89.3 -196.9
20211028220849  -655.6 -89.4 -196.6
20211028220850  -655.3 -89.0 -196.8
20211028220851  -655.2 -89.1 -196.5
20211028220852  -655.1 -88.9 -196.3
20211028220853  -655.6 -89.4 -196.8
20211028220854  -655.5 -89.3 -196.6
20211028220855  -655.4 -89.4 -197.0
20211028220856  -655.6 -89.4 -196.8
20211028220857  -655.6 -89.3 -196.6
20211028220858  -655.4 -89.3 -196.7
20211028220859  -655.4 -89.4 -196.7
20211028220900  -655.7 -89.2 -196.8
20211028220901  -655.5 -89.2 -196.9
20211028220902  -655.4 -89.1 -196.7
20211028220903  -655.2 -89.2 -196.7
20211028220904  -655.3 -89.1 -196.9
20211028220905  -655.3 -89.2 -196.6
20211028220906  -655.1 -89.3 -196.9
20211028220907  -655.2 -89.3 -196.5
20211028220908  -655.2 -89.4 -197.1
20211028220909  -655.1 -89.3 -197.0
20211028220910  -655.1 -89.4 -196.9
20211028220911  -655.4 -89.4 -196.8
20211028220912  -655.2 -89.4 -196.6
20211028220913  -655.1 -89.1 -196.8
20211028220914  -655.5 -89.2 -196.6
20211028220915  -655.3 -89.4 -196.7
20211028220916  -655.4 -89.4 -196.9
20211028220917  -655.1 -89.3 -196.9
20211028220918  -655.2 -89.3 -196.9
20211028220919  -655.1 -89.2 -197.1
20211028220920  -655.2 -89.3 -196.8
20211028220921  -655.3 -89.4 -196.8
20211028220922  -654.8 -89.3 -196.4
20211028220923  -655.4 -89.6 -197.1
20211028220924  -655.5 -89.6 -196.9
20211028220925  -655.2 -89.5 -197.2
20211028220926  -655.0 -89.5 -197.5
20211028220927  -655.2 -89.7 -197.2
20211028220928  -655.3 -89.7 -196.9
20211028220929  -655.2 -89.4 -197.2
20211028220930  -655.2 -89.6 -197.2
20211028220931  -655.4 -89.7 -197.2
20211028220932  -655.4 -89.3 -196.8
20211028220933  -655.6 -89.3 -196.9
20211028220934  -655.6 -89.4 -197.2
20211028220935  -655.5 -89.2 -197.1
20211028220936  -655.2 -89.3 -196.8
20211028220937  -655.3 -89.3 -197.1
20211028220938  -655.3 -89.3 -197.0
20211028220939  -655.3 -89.2 -196.7
20211028220940  -655.3 -89.6 -196.8
20211028220941  -655.3 -89.4 -196.8
20211028220942  -655.1 -89.8 -196.8
20211028220943  -655.1 -89.5 -196.9
20211028220944  -655.2 -89.2 -196.8
20211028220945  -655.1 -89.2 -196.6
20211028220946  -655.4 -89.2 -196.8
20211028220947  -655.2 -89.1 -196.7
20211028220948  -655.0 -89.4 -196.7
20211028220949  -655.1 -89.3 -197.1
20211028220950  -655.1 -89.3 -197.0
20211028220951  -654.7 -89.3 -196.8
20211028220952  -654.0 -89.1 -196.0
20211028220953  -654.2 -88.9 -195.8
20211028220954  -654.6 -89.2 -196.3
20211028220955  -654.5 -89.1 -196.0
20211028220956  -654.4 -88.9 -196.2
20211028220957  -654.4 -89.4 -196.3
20211028220958  -654.6 -89.0 -196.4
20211028220959  -654.4 -89.2 -196.6
20211028221000  -654.5 -89.4 -196.4
20211028221001  -654.6 -89.4 -196.4
20211028221002  -654.6 -89.4 -196.4
20211028221003  -654.6 -89.4 -196.1
20211028221004  -654.6 -89.2 -196.2
20211028221005  -654.7 -89.0 -196.4
20211028221006  -654.5 -89.0 -196.1
20211028221007  -654.6 -89.4 -196.3
20211028221008  -654.8 -89.0 -196.2
20211028221009  -654.9 -88.9 -196.3
20211028221010  -654.9 -89.1 -196.4
20211028221011  -654.5 -89.0 -196.3
20211028221012  -654.8 -89.0 -196.3
20211028221013  -654.6 -88.7 -196.5
20211028221014  -654.4 -88.9 -196.4
20211028221015  -654.5 -88.9 -196.2
20211028221016  -654.7 -88.9 -196.2
20211028221017  -654.8 -88.8 -196.4
20211028221018  -654.7 -88.8 -196.5
20211028221019  -654.9 -88.9 -196.6
20211028221020  -654.5 -89.0 -196.4
20211028221021  -654.5 -89.1 -196.6
20211028221022  -653.9 -88.9 -195.9
20211028221023  -653.8 -88.8 -195.7
20211028221024  -654.2 -89.0 -196.0
20211028221025  -654.1 -88.7 -196.1
20211028221026  -654.1 -89.1 -196.4
20211028221027  -654.1 -89.1 -196.2
20211028221028  -654.3 -88.8 -196.2
20211028221029  -654.2 -88.9 -196.4
20211028221030  -654.1 -89.1 -196.3
20211028221031  -653.9 -88.8 -196.2
20211028221032  -654.0 -88.9 -196.3
20211028221033  -654.3 -88.9 -196.2
20211028221034  -654.0 -88.9 -196.3
20211028221035  -654.1 -88.9 -196.4
20211028221036  -654.2 -88.6 -196.5
20211028221037  -653.9 -88.9 -196.8
20211028221038  -654.1 -88.7 -196.3
20211028221039  -654.2 -88.7 -196.5
20211028221040  -654.2 -88.6 -196.5
20211028221041  -654.4 -88.6 -196.5
20211028221042  -654.2 -88.6 -196.5
20211028221043  -654.0 -88.7 -196.5
20211028221044  -654.4 -88.9 -196.3
20211028221045  -654.3 -88.7 -196.1
20211028221046  -654.5 -88.8 -196.1
20211028221047  -654.2 -88.9 -196.1
20211028221048  -654.2 -88.8 -196.3
20211028221049  -654.5 -88.9 -196.3
20211028221050  -654.4 -89.0 -196.3
20211028221051  -654.4 -89.2 -195.9
20211028221052  -654.0 -89.3 -196.1
20211028221053  -653.6 -88.5 -195.8
20211028221054  -654.0 -88.7 -196.1
20211028221055  -654.2 -88.8 -196.2
20211028221056  -654.3 -88.8 -196.0
20211028221057  -654.0 -88.8 -195.9
20211028221058  -654.0 -89.0 -196.3
20211028221059  -653.9 -88.9 -196.3
20211028221100  -654.2 -88.9 -196.4
20211028221101  -654.2 -89.1 -196.2
20211028221102  -654.1 -89.2 -196.1
20211028221103  -654.3 -89.2 -196.1
20211028221104  -654.2 -89.0 -196.5
20211028221105  -654.0 -89.1 -196.2
20211028221106  -654.1 -89.2 -196.1
20211028221107  -654.1 -89.1 -196.5
20211028221108  -654.2 -89.0 -196.8
20211028221109  -654.2 -89.2 -196.5
20211028221110  -654.1 -88.9 -196.7
20211028221111  -654.1 -89.0 -196.5
20211028221112  -654.1 -89.0 -196.3
20211028221113  -654.3 -88.8 -196.5
20211028221114  -654.0 -89.0 -196.4
20211028221115  -654.4 -89.0 -196.7
20211028221116  -654.4 -89.1 -196.4
20211028221117  -654.3 -88.9 -196.5
20211028221118  -654.4 -88.9 -196.3
20211028221119  -654.4 -89.0 -196.5
20211028221120  -654.5 -89.1 -196.4
20211028221121  -654.4 -89.2 -196.8
20211028221122  -654.2 -89.4 -196.6
20211028221123  -653.9 -89.1 -196.2
20211028221124  -654.3 -89.2 -196.5
20211028221125  -654.5 -89.1 -196.9
20211028221126  -654.5 -89.1 -196.9
20211028221127  -654.5 -89.2 -196.8
20211028221128  -654.2 -88.9 -196.8
20211028221129  -654.5 -88.9 -196.9
20211028221130  -654.8 -89.3 -197.1
20211028221131  -655.0 -89.3 -197.0
20211028221132  -654.5 -89.2 -196.9
20211028221133  -654.7 -89.0 -196.7
20211028221134  -654.7 -88.9 -196.4
20211028221135  -654.6 -89.1 -196.3
20211028221136  -654.8 -88.9 -196.4
20211028221137  -654.6 -89.0 -196.5
20211028221138  -654.5 -88.9 -196.8
20211028221139  -654.4 -88.8 -196.8
20211028221140  -654.4 -88.9 -196.8
20211028221141  -654.6 -88.8 -196.7
20211028221142  -654.7 -89.0 -196.8
20211028221143  -654.6 -88.7 -196.4
20211028221144  -655.0 -88.8 -196.4
20211028221145  -654.8 -88.7 -196.6
20211028221146  -654.6 -88.8 -196.7
20211028221147  -654.9 -88.9 -196.4
20211028221148  -655.0 -88.9 -196.5
20211028221149  -654.9 -89.1 -196.6
20211028221150  -654.8 -89.2 -196.6
20211028221151  -654.7 -89.0 -196.5
20211028221152  -654.5 -89.1 -196.6
20211028221153  -653.6 -88.7 -195.7
20211028221154  -654.5 -88.7 -196.1
20211028221155  -654.5 -88.9 -196.1
20211028221156  -654.4 -88.8 -196.3
20211028221157  -654.4 -89.0 -196.3
20211028221158  -654.4 -88.6 -196.4
20211028221159  -654.6 -88.5 -196.8
20211028221200  -654.3 -88.4 -196.7
20211028221201  -654.2 -88.7 -196.7
20211028221202  -654.1 -88.7 -196.7
20211028221203  -654.4 -88.6 -196.6
20211028221204  -654.5 -89.0 -196.6
20211028221205  -654.4 -89.0 -196.7
20211028221206  -654.3 -88.7 -196.6
20211028221207  -654.2 -88.9 -196.7
20211028221208  -654.2 -88.6 -196.6
20211028221209  -654.3 -88.8 -196.5
20211028221210  -654.2 -88.6 -196.7
20211028221211  -654.6 -88.6 -196.7
20211028221212  -654.4 -88.7 -196.8
20211028221213  -654.3 -88.6 -196.9
20211028221214  -654.0 -88.6 -197.0
20211028221215  -654.2 -88.7 -196.7
20211028221216  -654.1 -88.6 -196.6
20211028221217  -653.9 -88.8 -196.6
20211028221218  -654.0 -88.6 -196.4
20211028221219  -654.2 -88.6 -196.5
20211028221220  -654.1 -88.6 -196.6
20211028221221  -654.2 -88.5 -196.5
20211028221222  -654.0 -88.6 -196.5
20211028221223  -653.3 -88.4 -196.2
20211028221224  -653.9 -88.3 -196.6
20211028221225  -654.1 -88.4 -196.9
20211028221226  -654.1 -88.4 -196.6
20211028221227  -653.9 -88.6 -196.6
20211028221228  -654.0 -88.5 -196.5
20211028221229  -654.1 -88.7 -196.5
20211028221230  -654.4 -88.5 -196.4
20211028221231  -653.9 -88.3 -196.7
20211028221232  -654.2 -88.6 -196.6
20211028221233  -654.3 -88.8 -196.7
20211028221234  -654.1 -88.9 -196.8
20211028221235  -654.4 -89.0 -197.1
20211028221236  -654.4 -88.7 -196.8
20211028221237  -654.6 -88.8 -196.7
20211028221238  -654.5 -88.8 -196.7
20211028221239  -654.4 -88.8 -196.8
20211028221240  -654.3 -88.7 -196.9
20211028221241  -654.4 -88.7 -196.7
20211028221242  -654.3 -88.8 -196.6
20211028221243  -654.3 -89.0 -196.6
20211028221244  -654.3 -88.9 -196.8
20211028221245  -654.0 -88.6 -196.8
20211028221246  -654.3 -88.9 -196.7
20211028221247  -654.2 -88.8 -196.8
20211028221248  -654.0 -88.8 -196.7
20211028221249  -654.4 -88.6 -196.5
20211028221250  -654.3 -88.8 -196.8
20211028221251  -654.5 -88.6 -196.8
20211028221252  -654.5 -88.8 -197.1
20211028221253  -654.2 -88.8 -196.9
20211028221254  -654.4 -89.0 -196.7
20211028221255  -654.4 -88.7 -197.0
20211028221256  -654.5 -88.7 -196.8
20211028221257  -654.6 -88.9 -196.6
20211028221258  -654.7 -88.7 -196.7
20211028221259  -654.5 -88.6 -196.8
20211028221300  -654.3 -88.7 -196.7
20211028221301  -654.4 -88.8 -197.0
20211028221302  -654.5 -88.9 -196.8
20211028221303  -654.3 -89.0 -196.9
20211028221304  -654.8 -88.8 -196.8
20211028221305  -654.7 -88.6 -196.6
20211028221306  -654.7 -88.9 -196.6
20211028221307  -654.8 -88.7 -196.4
20211028221308  -654.8 -88.9 -196.5
20211028221309  -654.7 -89.1 -196.5
20211028221310  -654.7 -89.1 -196.5
20211028221311  -655.0 -89.1 -196.5
20211028221312  -654.8 -89.2 -196.5
20211028221313  -654.9 -89.1 -196.6
20211028221314  -654.7 -88.9 -196.6
20211028221315  -655.1 -89.1 -196.2
20211028221316  -654.8 -89.3 -196.4
20211028221317  -654.9 -88.9 -196.3
20211028221318  -654.9 -89.1 -196.3
20211028221319  -655.0 -89.1 -196.4
20211028221320  -655.2 -89.1 -196.3
20211028221321  -655.3 -89.2 -196.6
20211028221322  -655.1 -89.1 -196.5
20211028221323  -654.9 -89.1 -196.3
20211028221324  -654.4 -88.9 -195.8
20211028221325  -654.9 -89.3 -196.5
20211028221326  -655.0 -88.9 -196.4
20211028221327  -655.3 -89.1 -196.6
20211028221328  -655.4 -89.0 -196.5
20211028221329  -655.5 -89.1 -196.6
20211028221330  -655.2 -89.1 -196.5
20211028221331  -655.3 -89.1 -196.1
20211028221332  -655.1 -89.1 -196.3
20211028221333  -655.2 -89.2 -196.3
20211028221334  -655.1 -89.0 -196.6
20211028221335  -654.9 -89.2 -196.6
20211028221336  -655.0 -89.4 -196.7
20211028221337  -655.0 -89.4 -196.6
20211028221338  -654.8 -89.3 -196.6
20211028221339  -655.1 -89.5 -196.6
20211028221340  -654.9 -89.4 -196.5
20211028221341  -654.9 -89.6 -196.7
20211028221342  -655.1 -89.4 -196.9
20211028221343  -655.2 -89.4 -196.7
20211028221344  -655.4 -89.5 -196.6
20211028221345  -655.3 -89.2 -196.7
20211028221346  -655.0 -88.9 -196.5
20211028221347  -655.1 -89.1 -196.5
20211028221348  -654.9 -89.2 -196.4
20211028221349  -655.1 -89.2 -196.3
20211028221350  -654.8 -89.1 -196.6
20211028221351  -654.9 -89.1 -196.8
20211028221352  -654.9 -89.0 -196.7
20211028221353  -654.5 -88.8 -196.6
20211028221354  -654.0 -88.7 -196.1
20211028221355  -654.3 -88.4 -196.2
20211028221356  -655.0 -88.8 -196.1
20211028221357  -655.0 -88.9 -196.4
20211028221358  -655.2 -88.8 -196.7
20211028221359  -655.1 -88.9 -196.7
20211028221400  -654.9 -89.1 -196.5
20211028221401  -655.2 -88.8 -196.4
20211028221402  -654.9 -88.8 -196.4
20211028221403  -655.2 -88.9 -196.6
20211028221404  -655.1 -89.0 -196.6
20211028221405  -655.1 -89.2 -196.8
20211028221406  -655.1 -89.3 -196.5
20211028221407  -655.3 -88.9 -196.6
20211028221408  -655.2 -89.2 -196.5
20211028221409  -654.9 -89.1 -196.6
20211028221410  -654.9 -89.3 -196.7
20211028221411  -655.0 -89.2 -196.5
20211028221412  -655.0 -89.3 -196.6
20211028221413  -654.8 -89.3 -196.5
20211028221414  -654.9 -89.2 -196.8
20211028221415  -654.9 -88.9 -196.6
20211028221416  -655.0 -89.0 -196.7
20211028221417  -655.0 -89.3 -196.9
20211028221418  -654.9 -89.4 -196.7
20211028221419  -655.0 -89.2 -196.9
20211028221420  -655.2 -89.1 -196.9
20211028221421  -655.2 -89.1 -196.8
20211028221422  -655.0 -89.0 -196.6
20211028221423  -655.0 -89.3 -196.6
20211028221424  -654.3 -89.1 -195.9
20211028221425  -654.3 -89.0 -195.7
20211028221426  -654.7 -89.0 -196.4
20211028221427  -654.9 -88.9 -196.6
20211028221428  -655.0 -89.0 -196.7
20211028221429  -654.9 -89.1 -196.5
20211028221430  -655.0 -89.0 -196.5
20211028221431  -655.0 -88.8 -196.5
20211028221432  -655.1 -88.9 -196.7
20211028221433  -655.3 -88.9 -196.6
20211028221434  -655.1 -88.6 -196.5
20211028221435  -655.1 -89.1 -196.7
20211028221436  -654.8 -89.1 -196.7
20211028221437  -655.1 -88.8 -196.5
20211028221438  -655.0 -89.0 -196.4
20211028221439  -655.0 -89.1 -196.6
20211028221440  -654.9 -89.0 -196.6
20211028221441  -654.9 -89.0 -196.5
20211028221442  -655.0 -88.9 -196.4
20211028221443  -655.1 -88.8 -196.5
20211028221444  -655.1 -88.7 -196.2
20211028221445  -655.1 -88.5 -196.2
20211028221446  -655.3 -88.7 -196.3
20211028221447  -655.3 -89.1 -196.6
20211028221448  -655.0 -89.3 -196.3
20211028221449  -655.2 -89.4 -196.6
20211028221450  -655.2 -89.1 -196.7
20211028221451  -655.1 -89.0 -196.4
20211028221452  -655.0 -88.7 -196.2
20211028221453  -654.8 -89.3 -196.4
20211028221454  -654.5 -88.5 -195.5
20211028221455  -654.2 -88.5 -195.5
20211028221456  -654.1 -88.4 -195.7
20211028221457  -654.8 -88.7 -196.2
20211028221458  -654.9 -89.0 -196.1
20211028221459  -655.1 -88.9 -196.4
20211028221500  -654.9 -89.1 -196.1
20211028221501  -654.6 -89.1 -196.2
20211028221502  -654.9 -89.2 -196.2
20211028221503  -654.9 -89.1 -196.2
20211028221504  -654.9 -89.1 -196.3
20211028221505  -655.0 -89.2 -196.2
20211028221506  -655.1 -89.2 -196.2
20211028221507  -654.8 -89.3 -196.4
20211028221508  -654.9 -89.2 -196.3
20211028221509  -655.0 -89.1 -196.4
20211028221510  -655.1 -88.9 -196.4
20211028221511  -655.0 -88.9 -196.5
20211028221512  -654.7 -89.2 -196.4
20211028221513  -654.8 -89.2 -196.5
20211028221514  -654.7 -89.1 -196.9
20211028221515  -654.9 -88.9 -196.8
20211028221516  -654.8 -88.8 -196.6
20211028221517  -654.7 -88.9 -196.7
20211028221518  -654.7 -88.9 -196.7
20211028221519  -654.7 -89.0 -196.9
20211028221520  -654.9 -88.7 -196.8
20211028221521  -654.8 -88.8 -196.9
20211028221522  -654.8 -88.8 -196.7
20211028221523  -654.8 -88.9 -196.8
20211028221524  -654.1 -89.2 -196.3
20211028221525  -653.8 -88.8 -196.2
20211028221526  -653.7 -88.7 -195.8
20211028221527  -654.0 -88.8 -196.1
20211028221528  -654.3 -88.9 -196.5
20211028221529  -654.4 -88.8 -196.4
20211028221530  -654.1 -88.5 -196.3
20211028221531  -654.4 -88.7 -196.3
20211028221532  -654.6 -88.6 -196.3
20211028221533  -654.3 -88.5 -196.5
20211028221534  -654.7 -88.5 -196.4
20211028221535  -654.6 -88.8 -196.2
20211028221536  -654.6 -88.9 -196.1
20211028221537  -654.4 -88.9 -196.2
20211028221538  -654.5 -88.6 -196.2
20211028221539  -654.8 -88.6 -196.4
20211028221540  -654.5 -88.6 -196.2
20211028221541  -654.4 -88.8 -196.2
20211028221542  -654.4 -88.8 -196.4
20211028221543  -654.3 -88.7 -196.2
20211028221544  -654.4 -88.9 -196.6
20211028221545  -654.0 -88.4 -196.5
20211028221546  -654.0 -88.7 -196.7
20211028221547  -654.1 -88.7 -196.7
20211028221548  -654.1 -88.6 -196.5
20211028221549  -654.5 -88.8 -196.4
20211028221550  -654.3 -88.8 -196.9
20211028221551  -654.3 -88.6 -196.9
20211028221552  -654.2 -88.5 -196.6
20211028221553  -654.5 -88.7 -196.3
20211028221554  -654.0 -88.7 -196.4
20211028221555  -653.6 -88.7 -195.8
20211028221556  -653.2 -88.4 -195.9
20211028221557  -653.4 -88.7 -195.7
20211028221558  -654.2 -88.6 -196.2
20211028221559  -654.2 -88.5 -196.3
20211028221600  -654.2 -88.8 -196.0
20211028221601  -654.0 -88.8 -196.2
20211028221602  -654.0 -88.6 -195.9
20211028221603  -654.1 -88.7 -196.4
20211028221604  -654.1 -88.4 -196.5
20211028221605  -654.0 -88.4 -196.2
20211028221606  -654.0 -88.4 -196.0
20211028221607  -654.0 -88.2 -195.9
20211028221608  -654.0 -88.4 -196.1
20211028221609  -653.7 -88.7 -195.9
20211028221610  -653.8 -89.0 -196.2
20211028221611  -653.9 -88.7 -196.2
20211028221612  -653.8 -88.6 -196.3
20211028221613  -653.8 -88.7 -196.2
20211028221614  -653.8 -88.7 -196.2
20211028221615  -653.9 -88.9 -196.3
20211028221616  -653.7 -89.0 -196.5
20211028221617  -653.9 -89.0 -196.7
20211028221618  -653.9 -88.8 -196.4
20211028221619  -653.9 -88.6 -196.4
20211028221620  -653.9 -88.7 -196.2
20211028221621  -654.0 -88.9 -196.4
20211028221622  -653.9 -88.6 -196.5
20211028221623  -653.9 -88.6 -196.3
20211028221624  -653.8 -89.1 -196.2
20211028221625  -653.1 -89.0 -195.6
20211028221626  -652.8 -88.7 -195.6
20211028221627  -653.1 -88.5 -195.5
20211028221628  -653.8 -88.4 -195.9
20211028221629  -653.6 -88.4 -195.9
20211028221630  -653.6 -88.5 -195.7
20211028221631  -653.7 -88.3 -195.7
20211028221632  -653.4 -88.6 -195.7
20211028221633  -653.4 -88.4 -195.8
20211028221634  -653.4 -88.3 -195.7
20211028221635  -653.7 -88.6 -195.8
20211028221636  -653.6 -88.5 -195.6
20211028221637  -653.8 -88.6 -196.0
20211028221638  -653.8 -88.4 -196.0
20211028221639  -653.7 -88.7 -195.9
20211028221640  -653.7 -88.6 -196.3
20211028221641  -653.8 -88.5 -196.3
20211028221642  -653.5 -88.4 -196.1
20211028221643  -653.7 -88.7 -196.2
20211028221644  -653.8 -88.6 -196.0
20211028221645  -653.6 -88.3 -196.0
20211028221646  -653.5 -88.5 -196.3
20211028221647  -653.9 -88.5 -196.0
20211028221648  -653.8 -88.5 -196.1
20211028221649  -654.0 -88.5 -196.1
20211028221650  -653.7 -88.4 -196.0
20211028221651  -653.9 -88.3 -196.1
20211028221652  -653.8 -88.4 -196.0
20211028221653  -653.8 -88.3 -195.9
20211028221654  -653.8 -88.3 -195.8
20211028221655  -653.2 -88.5 -195.6
20211028221656  -653.0 -88.3 -195.4
20211028221657  -653.2 -88.2 -195.6
20211028221658  -653.5 -88.2 -196.0
20211028221659  -653.7 -88.3 -195.9
20211028221700  -653.7 -88.3 -196.2
20211028221701  -653.6 -88.6 -195.9
20211028221702  -653.5 -88.3 -196.0
20211028221703  -653.9 -88.8 -196.4
20211028221704  -653.7 -88.6 -196.4
20211028221705  -653.8 -88.6 -196.3
20211028221706  -654.0 -88.6 -196.2
20211028221707  -653.6 -88.6 -196.2
20211028221708  -653.7 -88.4 -196.0
20211028221709  -653.6 -88.3 -196.1
20211028221710  -653.6 -88.2 -196.2
20211028221711  -653.7 -88.3 -196.5
20211028221712  -653.8 -88.4 -196.3
20211028221713  -653.8 -88.4 -195.9
20211028221714  -653.8 -88.2 -196.1
20211028221715  -653.7 -88.3 -195.9
20211028221716  -653.6 -88.5 -196.2
20211028221717  -653.4 -88.3 -196.4
20211028221718  -653.3 -88.1 -196.3
20211028221719  -653.3 -88.2 -196.3
20211028221720  -653.5 -88.4 -196.5
20211028221721  -653.4 -88.5 -196.4
20211028221722  -653.6 -88.3 -196.4
20211028221723  -653.6 -88.2 -196.2
20211028221724  -653.5 -88.5 -196.5
20211028221725  -652.9 -88.7 -196.1
20211028221726  -652.5 -88.9 -195.9
20211028221727  -652.9 -88.7 -196.2
20211028221728  -653.1 -88.6 -196.5
20211028221729  -652.7 -88.8 -196.5
20211028221730  -653.1 -88.3 -196.2
20211028221731  -652.9 -88.1 -196.5
20211028221732  -653.3 -87.9 -196.8
20211028221733  -653.6 -88.4 -196.6
20211028221734  -653.7 -88.6 -196.5
20211028221735  -653.7 -88.6 -196.7
20211028221736  -653.6 -88.5 -196.4
20211028221737  -653.6 -88.4 -196.3
20211028221738  -653.7 -88.4 -196.5
20211028221739  -653.9 -88.6 -196.4
20211028221740  -654.1 -88.6 -196.3
20211028221741  -654.1 -88.5 -196.5
20211028221742  -654.0 -88.6 -196.4
20211028221743  -653.7 -88.6 -196.3
20211028221744  -653.4 -88.5 -196.1
20211028221745  -653.6 -88.6 -196.5
20211028221746  -653.7 -88.4 -196.4
20211028221747  -653.8 -88.5 -196.5
20211028221748  -654.0 -88.7 -196.6
20211028221749  -654.1 -88.7 -196.5
20211028221750  -654.1 -88.7 -196.6
20211028221751  -654.2 -88.9 -196.6
20211028221752  -654.1 -88.8 -196.9
20211028221753  -653.8 -88.8 -196.7
20211028221754  -653.9 -88.8 -196.8
20211028221755  -653.6 -88.7 -196.5
20211028221756  -652.9 -88.6 -195.6
20211028221757  -653.2 -88.4 -196.0
20211028221758  -653.9 -88.9 -196.7
20211028221759  -653.6 -88.5 -196.6
20211028221800  -653.4 -88.4 -196.6
20211028221801  -654.2 -88.8 -196.5
20211028221802  -653.5 -88.6 -196.3
20211028221803  -653.9 -88.9 -196.5
20211028221804  -653.8 -88.7 -196.5
20211028221805  -653.7 -88.7 -196.5
20211028221806  -654.0 -88.6 -196.6
20211028221807  -653.7 -88.7 -196.5
20211028221808  -653.8 -88.5 -196.8
20211028221809  -654.0 -88.6 -196.5
20211028221810  -654.1 -88.7 -196.5
20211028221811  -654.0 -88.6 -196.5
20211028221812  -654.0 -88.6 -196.6
20211028221813  -653.9 -88.6 -196.4
20211028221814  -653.9 -88.9 -196.6
20211028221815  -653.9 -88.7 -196.6
20211028221816  -653.9 -88.6 -196.4
20211028221817  -653.9 -88.8 -196.3
20211028221818  -654.0 -88.7 -196.4
20211028221819  -654.0 -88.7 -196.5
20211028221820  -653.9 -88.5 -196.3
20211028221821  -654.1 -88.6 -196.4
20211028221822  -654.0 -88.4 -196.6
20211028221823  -654.0 -88.6 -196.3
20211028221824  -654.2 -88.9 -196.4
20211028221825  -654.4 -88.7 -196.4
20211028221826  -654.0 -88.5 -196.3
20211028221827  -653.9 -88.5 -196.0
20211028221828  -654.2 -88.8 -196.4
20211028221829  -654.3 -88.8 -196.4
20211028221830  -654.3 -88.8 -196.4
20211028221831  -654.5 -88.7 -196.4
20211028221832  -654.5 -88.8 -196.8
20211028221833  -654.5 -88.7 -196.4
20211028221834  -654.4 -88.9 -196.6
20211028221835  -654.6 -88.9 -196.8
20211028221836  -654.5 -88.8 -196.4
20211028221837  -654.5 -89.0 -196.7
20211028221838  -654.8 -88.8 -196.8
20211028221839  -654.6 -88.8 -196.6
20211028221840  -654.4 -88.8 -196.5
20211028221841  -654.4 -88.9 -196.6
20211028221842  -654.4 -89.1 -196.8
20211028221843  -654.5 -89.3 -196.5
20211028221844  -654.3 -89.1 -196.6
20211028221845  -654.7 -89.1 -196.7
20211028221846  -654.6 -89.2 -196.5
20211028221847  -654.6 -89.3 -196.8
20211028221848  -654.7 -89.4 -196.8
20211028221849  -654.6 -89.3 -196.8
20211028221850  -654.4 -89.1 -196.8
20211028221851  -654.6 -89.2 -196.8
20211028221852  -654.2 -88.9 -196.7
20211028221853  -654.4 -88.8 -196.8
20211028221854  -654.4 -88.9 -196.8
20211028221855  -654.2 -89.0 -196.9
20211028221856  -653.7 -89.2 -196.6
20211028221857  -653.7 -88.8 -196.3
20211028221858  -654.2 -89.1 -196.5
20211028221859  -654.0 -89.0 -196.6
20211028221900  -654.2 -89.2 -196.9
20211028221901  -654.2 -89.2 -197.0
20211028221902  -654.2 -89.1 -196.9
20211028221903  -654.4 -89.2 -196.9
20211028221904  -654.3 -89.2 -196.8
20211028221905  -654.4 -89.3 -196.6
20211028221906  -654.4 -88.9 -197.0
20211028221907  -654.5 -88.7 -196.9
20211028221908  -654.8 -89.1 -196.8
20211028221909  -654.7 -89.2 -196.7
20211028221910  -654.7 -89.3 -196.8
20211028221911  -654.8 -89.1 -196.7
20211028221912  -655.0 -89.1 -196.8
20211028221913  -654.8 -88.8 -197.0
20211028221914  -654.8 -89.0 -197.1
20211028221915  -655.0 -89.0 -196.9
20211028221916  -655.0 -89.1 -196.7
20211028221917  -655.0 -89.1 -196.9
20211028221918  -654.9 -89.2 -196.9
20211028221919  -655.1 -89.1 -197.0
20211028221920  -655.1 -89.2 -196.9
20211028221921  -655.0 -89.0 -197.0
20211028221922  -654.9 -88.9 -196.7
20211028221923  -654.9 -88.8 -196.6
20211028221924  -654.8 -88.8 -196.6
20211028221925  -654.8 -88.9 -196.7
20211028221926  -654.3 -88.9 -196.0
20211028221927  -654.0 -88.8 -196.2
20211028221928  -654.6 -88.9 -195.9
20211028221929  -654.9 -88.9 -196.7
20211028221930  -654.7 -88.9 -196.8
20211028221931  -654.6 -88.8 -196.6
20211028221932  -655.0 -88.8 -196.5
20211028221933  -655.2 -88.7 -196.5
20211028221934  -654.8 -88.9 -196.7
20211028221935  -654.7 -89.5 -196.8
20211028221936  -654.9 -89.4 -196.5
20211028221937  -655.2 -89.2 -196.9
20211028221938  -655.5 -89.1 -196.7
20211028221939  -655.0 -89.2 -196.7
20211028221940  -655.0 -89.3 -196.5
20211028221941  -654.8 -89.1 -196.5
20211028221942  -654.8 -89.3 -196.5
20211028221943  -655.1 -89.2 -196.7
20211028221944  -654.7 -89.0 -196.8
20211028221945  -654.5 -89.0 -197.0
20211028221946  -654.7 -89.2 -196.7
20211028221947  -654.8 -89.3 -196.5
20211028221948  -654.8 -89.3 -196.3
20211028221949  -654.7 -89.1 -196.8
20211028221950  -654.8 -89.1 -196.6
20211028221951  -654.8 -89.1 -196.7
20211028221952  -654.8 -89.1 -196.7
20211028221953  -654.9 -89.3 -196.7
20211028221954  -655.1 -89.3 -196.7
20211028221955  -655.2 -89.4 -196.6
20211028221956  -654.5 -89.4 -196.6
20211028221957  -654.4 -89.3 -196.0
20211028221958  -654.1 -88.9 -195.7
20211028221959  -654.9 -89.4 -196.7
20211028222000  -655.0 -89.1 -196.4
20211028222001  -655.3 -89.4 -196.7
20211028222002  -655.1 -89.4 -196.7
20211028222003  -655.2 -89.2 -196.5
20211028222004  -655.1 -89.2 -196.7
20211028222005  -655.1 -89.1 -196.8
20211028222006  -654.8 -88.8 -196.8
20211028222007  -655.0 -89.1 -196.3
20211028222008  -655.1 -89.3 -196.4
20211028222009  -655.0 -89.4 -196.5
20211028222010  -655.0 -89.2 -196.4
20211028222011  -655.1 -89.5 -196.5
20211028222012  -655.0 -89.2 -196.4
20211028222013  -654.9 -89.2 -196.7
20211028222014  -654.8 -89.3 -196.8
20211028222015  -654.8 -89.1 -196.8
20211028222016  -654.9 -88.9 -196.5
20211028222017  -655.1 -89.3 -196.9
20211028222018  -654.9 -89.5 -197.0
20211028222019  -654.9 -89.4 -197.0
20211028222020  -655.3 -89.3 -197.1
20211028222021  -655.2 -89.2 -197.1
20211028222022  -655.1 -89.3 -196.9
20211028222023  -654.9 -89.2 -196.5
20211028222024  -654.9 -89.3 -197.0
20211028222025  -655.2 -88.9 -196.9
20211028222026  -654.6 -89.1 -196.7
20211028222027  -654.4 -89.0 -196.1
20211028222028  -654.2 -88.9 -196.1
20211028222029  -654.5 -88.9 -196.3
20211028222030  -654.6 -89.3 -196.5
20211028222031  -654.7 -89.1 -196.3
20211028222032  -654.9 -89.3 -196.6
20211028222033  -654.8 -89.3 -196.6
20211028222034  -654.8 -89.3 -196.7
20211028222035  -654.9 -89.5 -196.7
20211028222036  -654.8 -89.3 -196.6
20211028222037  -654.8 -89.3 -196.7
20211028222038  -655.0 -89.3 -197.0
20211028222039  -654.5 -89.2 -196.9
20211028222040  -654.6 -89.2 -196.9
20211028222041  -654.7 -88.8 -197.0
20211028222042  -654.7 -89.0 -197.1
20211028222043  -654.8 -88.9 -196.8
20211028222044  -654.9 -89.0 -197.0
20211028222045  -654.8 -89.0 -196.8
20211028222046  -654.8 -89.0 -197.0
20211028222047  -655.0 -88.9 -196.8
20211028222048  -654.9 -88.9 -196.6
20211028222049  -655.0 -88.9 -196.8
20211028222050  -654.7 -88.9 -196.8
20211028222051  -654.8 -89.0 -196.9
20211028222052  -654.7 -88.7 -196.8
20211028222053  -654.9 -88.6 -197.0
20211028222054  -654.7 -88.8 -196.7
20211028222055  -654.7 -89.0 -196.7
20211028222056  -654.5 -89.2 -196.5
20211028222057  -654.0 -88.5 -196.2
20211028222058  -654.3 -88.7 -195.9
20211028222059  -654.0 -88.6 -196.0
20211028222100  -654.6 -88.4 -196.6
20211028222101  -654.8 -88.7 -196.4
20211028222102  -654.6 -88.6 -196.3
20211028222103  -654.6 -88.7 -196.2
20211028222104  -654.7 -88.6 -196.2
20211028222105  -654.8 -89.0 -196.2
20211028222106  -654.5 -88.7 -196.2
20211028222107  -654.7 -88.7 -196.4
20211028222108  -654.6 -88.8 -196.4
20211028222109  -654.8 -88.7 -196.6
20211028222110  -654.4 -88.7 -196.4
20211028222111  -654.4 -88.9 -196.2
20211028222112  -654.7 -88.8 -196.8
20211028222113  -654.4 -88.8 -196.5
20211028222114  -654.4 -89.1 -196.6
20211028222115  -654.5 -88.7 -196.4
20211028222116  -654.4 -88.6 -196.6
20211028222117  -654.4 -88.7 -196.8
20211028222118  -654.4 -88.5 -197.1
20211028222119  -654.2 -88.6 -197.0
20211028222120  -654.3 -88.5 -196.5
20211028222121  -654.2 -88.5 -196.5
20211028222122  -654.1 -88.6 -196.7
20211028222123  -654.4 -88.4 -196.7
20211028222124  -654.1 -88.6 -196.6
20211028222125  -654.3 -88.5 -196.7
20211028222126  -654.1 -88.7 -196.4
20211028222127  -653.7 -88.6 -196.0
20211028222128  -653.3 -88.2 -195.7
20211028222129  -653.7 -88.3 -196.0
20211028222130  -654.0 -88.5 -196.5
20211028222131  -654.2 -88.6 -196.7
20211028222132  -654.0 -88.2 -196.7
20211028222133  -653.8 -88.2 -196.8
20211028222134  -653.8 -88.4 -196.4
20211028222135  -653.9 -88.8 -196.2
20211028222136  -654.1 -88.5 -196.4
20211028222137  -654.1 -88.4 -196.4
20211028222138  -654.1 -88.5 -196.6
20211028222139  -653.9 -88.6 -196.6
20211028222140  -654.1 -88.5 -196.7
20211028222141  -653.9 -88.6 -196.6
20211028222142  -653.9 -88.5 -196.4
20211028222143  -653.7 -88.6 -196.6
20211028222144  -653.7 -88.4 -196.5
20211028222145  -653.9 -88.5 -196.6
20211028222146  -653.6 -88.5 -196.6
20211028222147  -653.9 -88.7 -196.5
20211028222148  -654.0 -88.5 -196.6
20211028222149  -654.2 -88.9 -196.5
20211028222150  -653.9 -88.8 -196.3
20211028222151  -653.9 -88.7 -196.6
20211028222152  -653.9 -88.7 -196.4
20211028222153  -654.2 -88.7 -196.4
20211028222154  -654.2 -88.7 -196.4
20211028222155  -653.9 -88.7 -196.6
20211028222156  -653.7 -88.6 -196.3
20211028222157  -653.2 -88.7 -196.1
20211028222158  -653.1 -88.3 -196.0
20211028222159  -653.6 -88.6 -196.3
20211028222200  -653.7 -88.6 -196.5
20211028222201  -654.2 -88.7 -196.4
20211028222202  -654.1 -88.7 -196.3
20211028222203  -654.0 -88.5 -196.6
20211028222204  -654.1 -88.5 -196.5
20211028222205  -653.9 -88.7 -196.6
20211028222206  -654.1 -88.8 -196.5
20211028222207  -654.5 -88.6 -196.6
20211028222208  -654.1 -88.6 -196.6
20211028222209  -654.2 -88.6 -196.3
20211028222210  -654.1 -88.3 -196.4
20211028222211  -654.3 -88.2 -196.4
20211028222212  -654.3 -88.4 -196.4
20211028222213  -654.4 -88.4 -196.1
20211028222214  -654.2 -88.5 -196.5
20211028222215  -654.4 -88.7 -196.2
20211028222216  -654.3 -88.5 -196.3
20211028222217  -654.3 -88.5 -196.4
20211028222218  -654.3 -88.7 -196.2
20211028222219  -654.4 -88.5 -196.6
20211028222220  -654.5 -88.5 -196.6
20211028222221  -654.3 -88.3 -196.6
20211028222222  -654.4 -88.4 -196.5
20211028222223  -654.5 -88.4 -196.4
20211028222224  -654.4 -88.6 -196.5
20211028222225  -654.4 -88.3 -196.5
20211028222226  -654.3 -88.3 -196.3
20211028222227  -654.0 -88.7 -196.1
20211028222228  -653.5 -88.5 -195.6
20211028222229  -654.0 -88.6 -195.9
20211028222230  -654.1 -88.4 -196.3
20211028222231  -654.3 -88.7 -196.1
20211028222232  -654.3 -88.5 -196.4
20211028222233  -654.5 -88.5 -196.3
20211028222234  -654.3 -88.7 -196.1
20211028222235  -654.6 -88.7 -196.2
20211028222236  -654.7 -88.6 -196.3
20211028222237  -654.5 -88.8 -196.4
20211028222238  -654.4 -88.5 -196.3
20211028222239  -654.0 -88.6 -196.4
20211028222240  -654.4 -88.5 -196.4
20211028222241  -654.4 -88.6 -196.3
20211028222242  -654.5 -88.5 -196.2
20211028222243  -654.5 -88.5 -196.3
20211028222244  -654.4 -88.5 -196.2
20211028222245  -654.2 -88.4 -196.2
20211028222246  -654.2 -88.5 -196.3
20211028222247  -654.5 -88.8 -196.5
20211028222248  -654.4 -88.8 -196.1
20211028222249  -654.6 -88.9 -196.1
20211028222250  -654.5 -88.8 -196.3
20211028222251  -654.5 -88.7 -196.5
20211028222252  -654.5 -88.8 -196.4
20211028222253  -654.8 -88.6 -196.2
20211028222254  -654.6 -88.7 -196.1
20211028222255  -654.7 -88.4 -196.1
20211028222256  -654.8 -88.5 -196.4
20211028222257  -654.7 -88.8 -196.2
20211028222258  -654.1 -88.6 -195.8
20211028222259  -654.6 -88.5 -195.9
20211028222300  -655.0 -88.5 -196.3
20211028222301  -655.1 -88.3 -196.1
20211028222302  -654.8 -88.4 -196.2
20211028222303  -655.0 -88.3 -196.4
20211028222304  -654.8 -88.3 -196.4
20211028222305  -654.8 -88.5 -196.3
20211028222306  -654.6 -88.5 -196.1
20211028222307  -654.6 -88.3 -196.2
20211028222308  -654.8 -88.5 -196.3
20211028222309  -654.7 -88.4 -196.2
20211028222310  -654.5 -88.3 -196.0
20211028222311  -654.9 -88.6 -196.3
20211028222312  -655.0 -88.5 -196.0
20211028222313  -655.0 -88.5 -196.2
20211028222314  -654.9 -88.2 -196.1
20211028222315  -654.7 -88.1 -196.3
20211028222316  -654.7 -88.1 -196.4
20211028222317  -654.5 -88.2 -196.3
20211028222318  -654.7 -88.2 -196.6
20211028222319  -655.0 -88.4 -196.6
20211028222320  -655.0 -88.4 -196.5
20211028222321  -654.9 -88.4 -196.3
20211028222322  -655.0 -88.6 -196.4
20211028222323  -655.1 -88.4 -196.3
20211028222324  -654.9 -88.5 -196.4
20211028222325  -655.1 -88.5 -196.6
20211028222326  -655.1 -88.7 -196.7
20211028222327  -655.0 -88.4 -196.5
20211028222328  -654.5 -88.5 -195.9
20211028222329  -654.7 -88.1 -196.2
20211028222330  -654.8 -88.2 -196.4
20211028222331  -654.7 -88.4 -196.4
20211028222332  -654.7 -88.3 -196.8
20211028222333  -654.8 -88.5 -196.3
20211028222334  -654.8 -88.5 -196.6
20211028222335  -654.7 -88.6 -196.7
20211028222336  -654.8 -88.5 -196.6
20211028222337  -654.9 -88.4 -196.5
20211028222338  -654.8 -88.5 -196.5
20211028222339  -654.7 -88.5 -196.6
20211028222340  -654.9 -88.6 -196.1
20211028222341  -654.8 -88.5 -196.3
20211028222342  -654.9 -88.5 -196.4
20211028222343  -654.8 -88.5 -196.2
20211028222344  -654.9 -88.6 -196.2
20211028222345  -655.2 -88.4 -196.2
20211028222346  -655.1 -88.4 -196.2
20211028222347  -655.1 -88.5 -196.3
20211028222348  -655.1 -88.7 -196.6
20211028222349  -655.2 -88.7 -196.3
20211028222350  -655.3 -88.6 -196.1
20211028222351  -655.2 -88.6 -196.0
20211028222352  -655.2 -88.7 -196.1
20211028222353  -655.1 -88.6 -196.4
20211028222354  -655.2 -88.5 -196.4
20211028222355  -655.1 -88.3 -196.2
20211028222356  -655.3 -87.9 -196.1
20211028222357  -655.2 -88.2 -196.5
20211028222358  -654.8 -88.6 -196.0
20211028222359  -654.9 -88.5 -195.9
20211028222400  -655.2 -88.3 -196.2
20211028222401  -655.1 -88.4 -196.2
20211028222402  -655.1 -88.5 -196.3
20211028222403  -655.2 -88.6 -196.3
20211028222404  -655.1 -88.6 -196.2
20211028222405  -655.0 -88.4 -196.1
20211028222406  -655.3 -88.7 -196.0
20211028222407  -655.3 -88.7 -196.0
20211028222408  -655.4 -88.4 -196.2
20211028222409  -655.4 -88.4 -196.3
20211028222410  -655.5 -88.5 -196.3
20211028222411  -655.6 -88.5 -196.4
20211028222412  -655.6 -88.5 -196.2
20211028222413  -655.4 -88.3 -195.8
20211028222414  -655.6 -88.5 -196.1
20211028222415  -655.6 -88.9 -196.1
20211028222416  -655.4 -88.9 -196.1
20211028222417  -655.7 -89.0 -196.4
20211028222418  -655.6 -88.5 -196.3
20211028222419  -655.7 -88.7 -196.4
20211028222420  -655.3 -88.9 -196.4
20211028222421  -655.4 -88.8 -196.6
20211028222422  -655.4 -88.9 -196.6
20211028222423  -655.3 -89.2 -196.3
20211028222424  -655.5 -88.6 -196.5
20211028222425  -655.3 -88.9 -196.3
20211028222426  -655.6 -88.7 -196.6
20211028222427  -655.5 -88.5 -196.3
20211028222428  -654.9 -88.5 -196.4
20211028222429  -654.5 -88.2 -195.7
20211028222430  -655.2 -88.4 -196.2
20211028222431  -655.4 -88.7 -196.3
20211028222432  -655.1 -88.7 -196.3
20211028222433  -655.4 -88.6 -196.3
20211028222434  -655.1 -88.6 -196.2
20211028222435  -655.2 -88.7 -196.4
20211028222436  -655.0 -89.0 -196.1
20211028222437  -655.2 -88.6 -196.0
20211028222438  -655.2 -88.6 -196.1
20211028222439  -655.0 -88.5 -196.1
20211028222440  -655.1 -88.4 -195.9
20211028222441  -655.2 -88.2 -195.9
20211028222442  -655.2 -88.3 -196.1
20211028222443  -655.1 -88.3 -196.2
20211028222444  -655.1 -88.4 -195.9
20211028222445  -655.2 -88.5 -195.9
20211028222446  -655.2 -88.6 -195.9
20211028222447  -655.0 -88.5 -195.9
20211028222448  -655.2 -88.4 -196.3
20211028222449  -655.5 -88.6 -196.2
20211028222450  -655.7 -88.5 -196.2
20211028222451  -655.4 -88.5 -196.3
20211028222452  -655.6 -88.5 -196.3
20211028222453  -655.2 -88.6 -196.5
20211028222454  -655.2 -88.7 -196.4
20211028222455  -655.3 -88.5 -196.5
20211028222456  -655.0 -88.4 -196.5
20211028222457  -655.1 -88.5 -196.6
20211028222458  -655.0 -88.3 -196.2
20211028222459  -654.6 -88.1 -195.7
20211028222500  -654.8 -88.0 -195.5
20211028222501  -655.2 -88.3 -196.2
20211028222502  -655.2 -88.4 -196.3
20211028222503  -654.9 -88.4 -196.2
20211028222504  -654.8 -88.4 -196.3
20211028222505  -654.9 -88.4 -196.4
20211028222506  -655.1 -88.5 -196.4
20211028222507  -655.2 -88.4 -196.3
20211028222508  -655.4 -88.3 -196.3
20211028222509  -655.3 -88.4 -196.3
20211028222510  -655.2 -88.4 -196.5
20211028222511  -655.3 -88.5 -196.2
20211028222512  -655.2 -88.3 -196.5
20211028222513  -654.9 -88.4 -196.6
20211028222514  -655.2 -88.4 -196.6
20211028222515  -655.2 -88.2 -196.5
20211028222516  -655.1 -88.5 -196.6
20211028222517  -655.0 -88.6 -196.7
20211028222518  -655.5 -88.5 -196.3
20211028222519  -655.2 -88.2 -196.0
20211028222520  -655.0 -88.3 -196.3
20211028222521  -655.2 -88.2 -196.3
20211028222522  -655.1 -88.3 -196.2
20211028222523  -655.1 -88.4 -196.4
20211028222524  -655.2 -88.5 -196.5
20211028222525  -655.2 -88.5 -196.4
20211028222526  -655.2 -88.3 -196.4
20211028222527  -655.4 -88.2 -196.4
20211028222528  -654.8 -88.4 -195.9
20211028222529  -654.2 -88.4 -195.6
20211028222530  -654.0 -88.2 -195.6
20211028222531  -654.7 -88.2 -196.0
20211028222532  -654.9 -88.5 -196.1
20211028222533  -655.0 -88.7 -196.1
20211028222534  -654.8 -88.3 -196.1
20211028222535  -654.8 -88.4 -195.9
20211028222536  -654.5 -88.6 -196.0
20211028222537  -654.5 -88.5 -196.1
20211028222538  -654.8 -88.4 -196.1
20211028222539  -654.7 -88.4 -196.3
20211028222540  -654.8 -88.7 -196.1
20211028222541  -654.8 -88.6 -196.1
20211028222542  -654.7 -88.4 -196.3
20211028222543  -654.5 -88.4 -196.2
20211028222544  -654.7 -88.4 -196.3
20211028222545  -654.8 -88.6 -196.3
20211028222546  -654.6 -88.4 -196.2
20211028222547  -654.6 -88.2 -196.3
20211028222548  -654.5 -88.4 -196.5
20211028222549  -654.5 -88.6 -196.5
20211028222550  -654.7 -88.7 -196.4
20211028222551  -654.6 -89.1 -196.5
20211028222552  -654.8 -89.1 -196.4
20211028222553  -654.9 -88.9 -196.3
20211028222554  -654.8 -89.2 -196.0
20211028222555  -655.0 -88.9 -196.1
20211028222556  -654.6 -88.8 -196.1
20211028222557  -654.7 -88.7 -196.1
20211028222558  -654.5 -88.9 -196.0
20211028222559  -654.1 -88.5 -195.6
20211028222600  -653.9 -88.6 -195.4
20211028222601  -654.3 -88.4 -195.6
20211028222602  -654.5 -88.9 -196.1
20211028222603  -654.6 -88.8 -196.2
20211028222604  -654.7 -88.8 -196.3
20211028222605  -654.6 -88.8 -196.2
20211028222606  -654.6 -88.9 -196.0
20211028222607  -654.6 -88.5 -196.1
20211028222608  -654.4 -88.5 -195.9
20211028222609  -654.6 -88.4 -196.0
20211028222610  -654.4 -88.5 -195.8
20211028222611  -654.5 -88.5 -195.9
20211028222612  -654.7 -88.5 -196.0
20211028222613  -654.5 -88.5 -195.9
20211028222614  -654.6 -88.6 -196.0
20211028222615  -654.7 -88.4 -196.1
20211028222616  -654.8 -88.2 -196.0
20211028222617  -654.7 -88.4 -196.1
20211028222618  -654.5 -88.5 -196.1
20211028222619  -654.6 -88.5 -196.2
20211028222620  -654.9 -88.6 -196.1
20211028222621  -654.6 -88.7 -196.1
20211028222622  -654.7 -88.9 -196.2
20211028222623  -654.6 -88.8 -196.1
20211028222624  -654.6 -88.5 -196.0
20211028222625  -654.7 -88.5 -196.1
20211028222626  -654.5 -88.8 -196.3
20211028222627  -654.8 -88.8 -196.4
20211028222628  -654.3 -88.8 -196.0
20211028222629  -653.8 -88.7 -195.7
20211028222630  -653.6 -88.4 -195.3
20211028222631  -653.7 -88.1 -195.3
20211028222632  -654.2 -88.3 -195.7
20211028222633  -654.5 -88.3 -196.0
20211028222634  -654.3 -88.3 -195.8
20211028222635  -654.3 -88.3 -195.7
20211028222636  -654.3 -88.4 -195.9
20211028222637  -654.5 -88.1 -195.8
20211028222638  -654.3 -88.2 -195.9
20211028222639  -654.1 -88.4 -195.7
20211028222640  -654.0 -88.4 -195.9
20211028222641  -654.4 -88.3 -195.9
20211028222642  -654.2 -88.2 -196.0
20211028222643  -654.4 -88.7 -196.0
20211028222644  -654.3 -88.5 -195.7
20211028222645  -654.4 -88.6 -195.8
20211028222646  -654.1 -88.8 -195.7
20211028222647  -653.9 -88.7 -195.9
20211028222648  -653.9 -88.6 -195.9
20211028222649  -654.0 -88.5 -195.8
20211028222650  -654.1 -88.7 -196.2
20211028222651  -654.0 -88.8 -195.9
20211028222652  -654.0 -88.7 -195.9
20211028222653  -654.3 -88.6 -196.1
20211028222654  -654.1 -88.5 -195.6
20211028222655  -654.0 -88.5 -195.6
20211028222656  -653.9 -88.6 -195.6
20211028222657  -654.2 -88.5 -196.0
20211028222658  -653.9 -88.6 -196.0
20211028222659  -653.5 -88.8 -196.0
20211028222700  -653.4 -88.4 -195.6
20211028222701  -653.6 -88.3 -195.5
20211028222702  -654.2 -88.4 -196.2
20211028222703  -654.2 -88.2 -196.1
20211028222704  -654.3 -88.4 -196.0
20211028222705  -654.2 -88.6 -196.2
20211028222706  -654.3 -88.6 -196.2
20211028222707  -654.1 -88.4 -196.4
20211028222708  -654.3 -88.5 -196.3
20211028222709  -654.1 -88.5 -196.0
20211028222710  -654.5 -88.3 -195.9
20211028222711  -654.5 -88.3 -196.2
20211028222712  -654.2 -88.5 -196.1
20211028222713  -654.4 -88.7 -195.9
20211028222714  -654.4 -88.5 -195.9
20211028222715  -654.3 -88.6 -196.3
20211028222716  -654.3 -88.7 -196.0
20211028222717  -654.6 -88.8 -196.3
20211028222718  -654.5 -88.9 -196.4
20211028222719  -654.7 -88.8 -196.3
20211028222720  -654.6 -88.6 -196.2
20211028222721  -654.5 -88.4 -195.8
20211028222722  -654.4 -88.7 -195.8
20211028222723  -654.2 -88.7 -196.0
20211028222724  -654.5 -88.8 -195.9
20211028222725  -654.4 -88.6 -196.0
20211028222726  -654.5 -88.5 -195.9
20211028222727  -654.4 -88.5 -195.9
20211028222728  -654.5 -88.6 -196.0
20211028222729  -654.0 -88.7 -196.0
20211028222730  -653.6 -88.6 -195.7
20211028222731  -653.7 -88.6 -195.4
20211028222732  -654.1 -88.2 -195.6
20211028222733  -654.3 -88.6 -195.8
20211028222734  -654.2 -88.5 -195.8
20211028222735  -654.0 -88.7 -195.5
20211028222736  -654.0 -88.4 -195.5
20211028222737  -653.9 -88.5 -195.6
20211028222738  -654.1 -88.4 -195.8
20211028222739  -653.9 -88.5 -195.9
20211028222740  -653.9 -88.5 -196.0
20211028222741  -654.1 -88.5 -195.9
20211028222742  -654.2 -88.7 -196.0
20211028222743  -654.2 -88.5 -195.8
20211028222744  -654.2 -88.5 -195.9
20211028222745  -654.2 -88.5 -196.0
20211028222746  -654.3 -88.4 -195.9
20211028222747  -654.1 -88.8 -195.9
20211028222748  -654.2 -88.8 -195.8
20211028222749  -654.2 -88.8 -196.0
20211028222750  -654.3 -88.8 -196.0
20211028222751  -654.4 -88.7 -195.7
20211028222752  -654.2 -89.0 -195.8
20211028222753  -654.4 -88.8 -196.0
20211028222754  -654.2 -89.1 -195.8
20211028222755  -653.9 -88.9 -195.7
20211028222756  -654.1 -89.0 -195.6
20211028222757  -654.2 -89.0 -195.8
20211028222758  -654.2 -89.0 -196.1
20211028222759  -653.9 -89.1 -195.8
20211028222800  -653.2 -88.7 -195.1
20211028222801  -653.3 -88.8 -194.9
20211028222802  -653.8 -88.9 -195.7
20211028222803  -653.9 -88.9 -195.6
20211028222804  -653.8 -88.8 -195.7
20211028222805  -653.8 -89.1 -195.5
20211028222806  -654.1 -88.9 -195.5
20211028222807  -654.1 -88.9 -195.8
20211028222808  -653.9 -89.0 -195.5
20211028222809  -654.2 -88.9 -195.5
20211028222810  -654.0 -88.9 -195.5
20211028222811  -653.8 -89.2 -195.5
20211028222812  -653.9 -89.1 -195.8
20211028222813  -654.1 -88.9 -195.8
20211028222814  -653.9 -89.2 -196.0
20211028222815  -653.8 -89.1 -195.7
20211028222816  -653.9 -89.0 -195.5
20211028222817  -653.9 -89.1 -195.7
20211028222818  -653.8 -89.1 -195.5
20211028222819  -653.8 -89.0 -195.7
20211028222820  -653.8 -88.9 -195.5
20211028222821  -653.8 -88.9 -195.5
20211028222822  -653.8 -89.1 -195.7
20211028222823  -654.0 -88.9 -195.5
20211028222824  -653.9 -88.8 -195.8
20211028222825  -654.1 -89.0 -195.7
20211028222826  -653.9 -89.2 -195.8
20211028222827  -653.9 -88.8 -195.9
20211028222828  -654.1 -88.9 -195.9
20211028222829  -654.2 -89.0 -195.9
20211028222830  -653.6 -88.8 -195.6
20211028222831  -653.3 -88.6 -195.4
20211028222832  -653.9 -88.8 -196.0
20211028222833  -654.0 -88.7 -195.9
20211028222834  -653.8 -88.8 -195.9
20211028222835  -654.0 -89.2 -196.0
20211028222836  -654.1 -89.0 -195.6
20211028222837  -654.0 -89.2 -195.7
20211028222838  -653.9 -88.9 -195.6
20211028222839  -654.1 -88.7 -195.8
20211028222840  -654.3 -88.9 -195.8
20211028222841  -654.2 -88.8 -195.7
20211028222842  -654.2 -89.0 -195.8
20211028222843  -654.3 -88.8 -195.8
20211028222844  -654.5 -89.0 -196.0
20211028222845  -654.1 -88.8 -195.8
20211028222846  -654.3 -88.7 -196.0
20211028222847  -654.3 -88.9 -195.6
20211028222848  -654.1 -89.1 -195.8
20211028222849  -654.2 -89.1 -196.0
20211028222850  -653.9 -89.1 -195.7
20211028222851  -654.1 -89.0 -195.7
20211028222852  -653.9 -88.6 -195.7
20211028222853  -654.1 -89.0 -195.9
20211028222854  -654.2 -89.0 -195.7
20211028222855  -653.8 -89.0 -195.8
20211028222856  -654.3 -88.7 -195.8
20211028222857  -654.1 -88.9 -196.0
20211028222858  -654.1 -89.0 -196.2
20211028222859  -654.3 -89.3 -196.0
20211028222900  -653.8 -89.0 -195.7
20211028222901  -653.5 -89.0 -195.4
20211028222902  -654.0 -89.2 -195.8
20211028222903  -654.2 -88.9 -196.0
20211028222904  -654.0 -89.0 -195.9
20211028222905  -654.3 -89.1 -196.0
20211028222906  -654.3 -89.2 -196.1
20211028222907  -654.3 -89.3 -196.0
20211028222908  -654.4 -89.2 -196.1
20211028222909  -654.4 -89.3 -196.0
20211028222910  -654.0 -89.4 -195.9
20211028222911  -654.2 -89.5 -195.7
20211028222912  -654.1 -89.2 -196.0
20211028222913  -654.0 -89.3 -196.2
20211028222914  -653.7 -89.3 -195.9
20211028222915  -653.8 -89.1 -196.2
20211028222916  -654.2 -89.3 -195.9
20211028222917  -654.0 -89.3 -196.2
20211028222918  -654.5 -89.2 -196.0
20211028222919  -654.6 -89.6 -196.4
20211028222920  -654.6 -89.5 -196.4
20211028222921  -654.4 -89.2 -196.4
20211028222922  -654.5 -89.4 -196.3
20211028222923  -654.6 -89.3 -196.1
20211028222924  -654.7 -89.4 -196.5
20211028222925  -654.8 -89.6 -196.2
20211028222926  -654.8 -89.5 -196.0
20211028222927  -654.9 -89.5 -196.2
20211028222928  -654.7 -89.6 -196.1
20211028222929  -654.6 -89.6 -196.2
20211028222930  -654.4 -89.6 -196.1
20211028222931  -653.9 -89.3 -195.7
20211028222932  -654.7 -89.5 -196.0
20211028222933  -654.9 -89.6 -196.0
20211028222934  -654.9 -89.6 -196.1
20211028222935  -654.9 -89.7 -196.3
20211028222936  -654.9 -89.8 -196.0
20211028222937  -654.6 -89.9 -196.0
20211028222938  -654.7 -89.8 -196.2
20211028222939  -654.9 -89.7 -196.4
20211028222940  -654.8 -89.6 -196.1
20211028222941  -654.7 -89.5 -196.1
20211028222942  -654.6 -89.5 -196.4
20211028222943  -654.6 -89.4 -196.1
20211028222944  -654.7 -89.4 -196.4
20211028222945  -654.7 -89.3 -196.5
20211028222946  -655.0 -89.5 -196.2
20211028222947  -654.9 -89.5 -196.2
20211028222948  -654.9 -89.4 -196.4
20211028222949  -655.0 -89.4 -196.5
20211028222950  -654.6 -89.3 -196.1
20211028222951  -654.8 -89.6 -196.2
20211028222952  -655.0 -89.8 -196.3
20211028222953  -654.8 -89.7 -196.4
20211028222954  -654.9 -89.8 -196.5
20211028222955  -654.9 -89.7 -196.1
20211028222956  -654.8 -90.0 -196.2
20211028222957  -655.0 -89.5 -196.4
20211028222958  -655.1 -89.8 -196.6
20211028222959  -655.0 -89.8 -196.1
20211028223000  -654.7 -89.8 -196.4
20211028223001  -654.1 -89.6 -195.7
20211028223002  -654.4 -89.4 -195.7
20211028223003  -654.8 -89.5 -196.1
20211028223004  -654.8 -89.5 -196.1
20211028223005  -654.7 -89.2 -196.0
20211028223006  -654.7 -89.2 -196.0
20211028223007  -654.6 -89.5 -196.0
20211028223008  -654.5 -89.3 -196.0
20211028223009  -654.7 -89.6 -196.1
20211028223010  -654.9 -89.6 -196.3
20211028223011  -654.6 -89.7 -196.2
20211028223012  -654.8 -89.8 -196.5
20211028223013  -655.1 -89.5 -196.4
20211028223014  -654.8 -89.6 -196.3
20211028223015  -654.7 -89.6 -196.3
20211028223016  -654.8 -89.9 -196.4
20211028223017  -654.8 -89.7 -196.2
20211028223018  -655.0 -89.5 -196.3
20211028223019  -655.2 -89.6 -196.3
20211028223020  -654.7 -89.7 -196.3
20211028223021  -655.1 -89.8 -196.4
20211028223022  -654.9 -89.9 -196.4
20211028223023  -654.9 -89.6 -196.3
20211028223024  -654.8 -89.6 -196.4
20211028223025  -654.9 -89.7 -196.3
20211028223026  -654.9 -89.5 -196.5
20211028223027  -655.0 -89.5 -196.5
20211028223028  -654.9 -89.6 -196.7
20211028223029  -654.9 -89.8 -196.4
20211028223030  -654.9 -90.1 -196.9
20211028223031  -654.2 -89.7 -196.4
20211028223032  -654.4 -89.3 -196.2
20211028223033  -654.9 -89.5 -196.3
20211028223034  -654.9 -89.6 -196.4
20211028223035  -655.0 -89.6 -196.8
20211028223036  -655.0 -89.4 -196.4
20211028223037  -654.8 -89.7 -196.4
20211028223038  -654.6 -89.9 -196.6
20211028223039  -654.9 -89.5 -196.4
20211028223040  -654.8 -89.5 -196.3
20211028223041  -654.9 -89.3 -196.4
20211028223042  -655.0 -89.7 -196.2
20211028223043  -654.9 -89.8 -196.5
20211028223044  -655.1 -89.6 -196.5
20211028223045  -654.8 -89.6 -196.4
20211028223046  -655.1 -89.7 -196.4
20211028223047  -655.1 -89.8 -196.7
20211028223048  -654.8 -89.7 -196.4
20211028223049  -655.0 -89.8 -196.3
20211028223050  -655.0 -89.4 -196.4
20211028223051  -655.2 -89.7 -196.1
20211028223052  -655.4 -89.6 -196.2
20211028223053  -655.2 -89.7 -196.2
20211028223054  -655.1 -89.8 -196.1
20211028223055  -655.0 -89.8 -196.0
20211028223056  -655.0 -89.8 -196.5
20211028223057  -654.8 -90.0 -196.4
20211028223058  -654.8 -89.6 -196.7
20211028223059  -654.9 -89.9 -196.6
20211028223100  -654.6 -89.9 -196.5
20211028223101  -653.7 -89.7 -195.7
20211028223102  -653.7 -89.2 -195.5
20211028223103  -654.4 -89.4 -196.0
20211028223104  -654.4 -89.5 -195.9
20211028223105  -654.5 -89.5 -196.3
20211028223106  -654.5 -89.7 -196.3
20211028223107  -654.7 -89.5 -196.5
20211028223108  -654.7 -89.2 -196.4
20211028223109  -654.8 -89.2 -196.3
20211028223110  -654.5 -89.3 -196.5
20211028223111  -654.7 -89.6 -196.3
20211028223112  -654.7 -89.4 -196.2
20211028223113  -654.7 -89.5 -195.9
20211028223114  -654.8 -89.6 -196.1
20211028223115  -654.7 -89.8 -196.0
20211028223116  -654.5 -89.8 -196.2
20211028223117  -654.4 -89.9 -196.2
20211028223118  -654.4 -89.8 -196.4
20211028223119  -654.5 -89.4 -196.2
20211028223120  -654.4 -89.8 -196.1
20211028223121  -654.5 -89.8 -196.4
20211028223122  -654.6 -89.6 -196.3
20211028223123  -654.8 -89.7 -196.3
20211028223124  -654.6 -89.7 -196.3
20211028223125  -654.5 -90.1 -196.2
20211028223126  -654.3 -89.8 -196.3
20211028223127  -654.2 -89.7 -196.0
20211028223128  -654.4 -89.7 -196.2
20211028223129  -654.5 -89.5 -196.4
20211028223130  -654.3 -89.2 -196.4
20211028223131  -653.7 -89.5 -195.9
20211028223132  -653.8 -89.4 -195.5
20211028223133  -654.0 -89.4 -195.7
20211028223134  -654.6 -89.5 -196.2
20211028223135  -654.2 -89.3 -196.2
20211028223136  -653.8 -89.1 -196.2
20211028223137  -654.1 -89.0 -196.2
20211028223138  -654.0 -89.4 -196.4
20211028223139  -654.3 -89.5 -196.3
20211028223140  -654.3 -89.4 -196.3
20211028223141  -654.4 -89.2 -196.2
20211028223142  -654.1 -89.3 -196.3
20211028223143  -654.3 -89.4 -196.3
20211028223144  -654.3 -89.4 -196.2
20211028223145  -654.4 -89.5 -196.2
20211028223146  -654.5 -89.4 -196.4
20211028223147  -654.5 -89.6 -196.1
20211028223148  -654.5 -89.3 -196.2
20211028223149  -654.4 -89.5 -196.4
20211028223150  -654.4 -89.5 -196.6
20211028223151  -654.4 -89.4 -196.2
20211028223152  -654.3 -89.5 -196.6
20211028223153  -654.6 -89.6 -196.3
20211028223154  -654.2 -89.4 -196.2
20211028223155  -654.2 -89.4 -196.4
20211028223156  -654.3 -89.1 -196.3
20211028223157  -654.1 -89.4 -196.4
20211028223158  -654.1 -89.4 -196.3
20211028223159  -654.2 -89.3 -196.6
20211028223200  -654.0 -89.5 -196.4
20211028223201  -653.2 -89.3 -195.8
20211028223202  -653.2 -89.3 -195.8
20211028223203  -653.1 -89.1 -196.0
20211028223204  -653.7 -88.9 -196.4
20211028223205  -653.7 -89.3 -196.2
20211028223206  -653.8 -89.0 -196.3
20211028223207  -654.0 -88.9 -196.3
20211028223208  -653.8 -89.0 -196.3
20211028223209  -654.0 -89.3 -196.2
20211028223210  -653.9 -89.1 -196.4
20211028223211  -653.8 -89.1 -196.3
20211028223212  -654.1 -89.0 -196.2
20211028223213  -654.0 -88.9 -196.1
20211028223214  -654.0 -89.2 -196.3
20211028223215  -654.2 -89.1 -196.4
20211028223216  -653.6 -89.0 -196.4
20211028223217  -653.8 -89.1 -196.4
20211028223218  -654.1 -89.1 -196.3
20211028223219  -654.0 -89.1 -196.7
20211028223220  -654.0 -89.3 -196.4
20211028223221  -654.0 -89.3 -196.4
20211028223222  -654.2 -89.4 -196.2
20211028223223  -653.9 -89.1 -196.3
20211028223224  -654.0 -89.2 -196.6
20211028223225  -654.1 -89.0 -196.7
20211028223226  -653.9 -89.1 -196.5
20211028223227  -654.0 -89.0 -196.4
20211028223228  -654.0 -89.1 -196.5
20211028223229  -653.9 -89.0 -196.5
20211028223230  -653.7 -89.1 -196.5
20211028223231  -653.5 -89.0 -196.4
20211028223232  -653.4 -88.9 -196.2
20211028223233  -653.3 -89.2 -195.9
20211028223234  -653.8 -89.2 -196.6
20211028223235  -654.0 -89.0 -196.3
20211028223236  -653.9 -89.1 -196.3
20211028223237  -654.0 -89.0 -196.4
20211028223238  -653.7 -89.2 -196.7
20211028223239  -654.0 -89.1 -196.6
20211028223240  -654.0 -89.1 -196.4
20211028223241  -653.8 -89.1 -196.6
20211028223242  -653.8 -89.0 -196.8
20211028223243  -653.8 -89.1 -196.7
20211028223244  -653.8 -89.2 -196.7
20211028223245  -654.0 -89.3 -196.7
20211028223246  -654.0 -89.4 -196.8
20211028223247  -653.9 -89.2 -196.7
20211028223248  -653.7 -89.3 -196.9
20211028223249  -653.9 -89.6 -196.6
20211028223250  -654.0 -89.5 -196.6
20211028223251  -654.1 -89.1 -196.8
20211028223252  -654.0 -89.0 -196.8
20211028223253  -653.9 -89.3 -196.5
20211028223254  -654.1 -89.2 -196.4
20211028223255  -654.0 -89.6 -196.6
20211028223256  -654.0 -89.3 -196.4
20211028223257  -654.0 -89.2 -196.5
20211028223258  -654.0 -89.3 -196.8
20211028223259  -654.0 -89.1 -196.9
20211028223300  -653.9 -89.4 -196.7
20211028223301  -653.7 -89.4 -196.7
20211028223302  -653.2 -89.2 -195.7
20211028223303  -653.2 -89.0 -195.5
20211028223304  -653.9 -89.3 -196.2
20211028223305  -654.1 -89.5 -196.5
20211028223306  -653.8 -89.3 -196.2
20211028223307  -654.0 -89.3 -196.3
20211028223308  -654.0 -89.2 -196.2
20211028223309  -654.1 -89.5 -196.4
20211028223310  -653.9 -89.4 -196.5
20211028223311  -654.1 -89.3 -196.6
20211028223312  -654.1 -89.2 -196.6
20211028223313  -653.8 -89.0 -196.6
20211028223314  -653.8 -89.1 -196.4
20211028223315  -654.0 -89.0 -196.2
20211028223316  -653.8 -89.0 -196.5
20211028223317  -653.8 -89.1 -196.2
20211028223318  -653.5 -89.2 -196.6
20211028223319  -653.7 -89.3 -196.6
20211028223320  -653.7 -89.2 -196.7
20211028223321  -653.8 -89.2 -197.0
20211028223322  -653.8 -89.2 -196.8
20211028223323  -653.7 -89.0 -196.8
20211028223324  -653.8 -89.1 -196.8
20211028223325  -653.8 -89.5 -196.7
20211028223326  -653.8 -89.3 -196.5
20211028223327  -653.8 -89.3 -196.7
20211028223328  -654.1 -89.4 -196.8
20211028223329  -654.0 -89.3 -196.9
20211028223330  -653.9 -89.3 -196.8
20211028223331  -653.6 -89.4 -196.7
20211028223332  -653.0 -89.2 -196.0
20211028223333  -653.2 -89.1 -196.0
20211028223334  -653.8 -89.3 -196.7
20211028223335  -653.8 -89.0 -196.5
20211028223336  -654.0 -89.2 -196.6
20211028223337  -654.0 -89.2 -196.6
20211028223338  -654.0 -89.2 -196.7
20211028223339  -654.0 -89.3 -196.4
20211028223340  -654.3 -89.3 -196.5
20211028223341  -653.9 -89.1 -196.5
20211028223342  -654.0 -89.4 -196.6
20211028223343  -654.2 -89.3 -196.8
20211028223344  -654.1 -89.6 -196.8
20211028223345  -654.2 -89.3 -196.7
20211028223346  -654.1 -89.5 -196.9
20211028223347  -654.0 -89.6 -196.7
20211028223348  -654.0 -89.4 -196.6
20211028223349  -654.0 -89.2 -196.5
20211028223350  -654.3 -89.6 -196.5
20211028223351  -653.9 -89.6 -196.4
20211028223352  -654.0 -89.4 -196.4
20211028223353  -654.0 -89.2 -196.7
20211028223354  -653.8 -89.3 -196.8
20211028223355  -653.9 -89.4 -196.5
20211028223356  -653.9 -89.3 -196.3
20211028223357  -654.0 -89.4 -196.7
20211028223358  -654.2 -89.4 -196.5
20211028223359  -654.2 -89.2 -196.4
20211028223400  -654.2 -89.5 -196.1
20211028223401  -654.0 -89.6 -196.1
20211028223402  -653.3 -89.4 -195.9
20211028223403  -653.3 -89.1 -196.1
20211028223404  -653.9 -89.2 -196.4
20211028223405  -653.8 -89.3 -196.5
20211028223406  -653.9 -89.1 -196.5
20211028223407  -653.9 -89.0 -196.7
20211028223408  -653.8 -88.9 -196.5
20211028223409  -654.0 -88.9 -196.6
20211028223410  -653.8 -89.2 -196.5
20211028223411  -654.0 -89.4 -196.6
20211028223412  -653.9 -89.4 -196.7
20211028223413  -653.7 -89.4 -196.7
20211028223414  -654.0 -89.4 -196.6
20211028223415  -653.8 -89.3 -196.6
20211028223416  -653.9 -89.4 -196.6
20211028223417  -653.8 -89.5 -196.8
20211028223418  -653.8 -89.4 -196.8
20211028223419  -654.1 -89.5 -196.5
20211028223420  -654.1 -89.4 -196.5
20211028223421  -654.0 -89.1 -196.8
20211028223422  -653.9 -89.2 -196.6
20211028223423  -653.8 -89.3 -196.6
20211028223424  -653.8 -89.4 -196.8
20211028223425  -653.7 -89.4 -196.9
20211028223426  -654.3 -89.5 -196.8
20211028223427  -654.1 -89.4 -196.9
20211028223428  -654.2 -89.2 -197.1
20211028223429  -654.0 -89.3 -196.6
20211028223430  -653.7 -89.4 -196.9
20211028223431  -654.0 -89.4 -197.0
20211028223432  -653.8 -89.7 -196.3
20211028223433  -653.9 -89.6 -196.5
20211028223434  -654.3 -89.5 -196.8
20211028223435  -654.3 -89.7 -196.9
20211028223436  -654.3 -89.7 -196.6
20211028223437  -654.3 -89.8 -196.5
20211028223438  -654.3 -89.5 -197.0
20211028223439  -654.4 -89.5 -197.0
20211028223440  -654.2 -89.7 -196.6
20211028223441  -654.5 -89.8 -196.7
20211028223442  -654.4 -89.8 -196.7
20211028223443  -654.4 -89.9 -197.2
20211028223444  -654.6 -89.8 -196.9
20211028223445  -654.6 -89.7 -197.0
20211028223446  -654.5 -90.2 -197.0
20211028223447  -654.6 -90.2 -197.2
20211028223448  -654.5 -90.1 -197.4
20211028223449  -654.6 -90.2 -196.8
20211028223450  -654.6 -90.0 -197.0
20211028223451  -654.7 -89.9 -197.1
20211028223452  -654.7 -89.9 -196.7
20211028223453  -654.3 -89.9 -197.0
20211028223454  -654.6 -89.9 -197.2
20211028223455  -654.6 -89.8 -197.2
20211028223456  -654.7 -90.0 -197.2
20211028223457  -654.8 -89.9 -197.3
20211028223458  -654.7 -89.9 -197.1
20211028223459  -654.7 -89.9 -197.1
20211028223500  -654.5 -89.8 -197.4
20211028223501  -654.7 -89.8 -196.9
20211028223502  -654.3 -89.8 -196.8
20211028223503  -653.7 -89.8 -196.3
20211028223504  -654.2 -89.9 -196.9
20211028223505  -654.1 -89.9 -197.0
20211028223506  -654.2 -89.6 -196.9
20211028223507  -654.2 -89.9 -196.7
20211028223508  -654.3 -89.8 -197.1
20211028223509  -654.3 -89.8 -197.2
20211028223510  -654.6 -90.0 -196.8
20211028223511  -654.3 -89.7 -196.9
20211028223512  -654.4 -90.0 -197.1
20211028223513  -654.2 -89.9 -197.0
20211028223514  -654.4 -89.8 -197.0
20211028223515  -654.3 -90.0 -197.0
20211028223516  -654.3 -89.7 -197.0
20211028223517  -654.1 -90.0 -196.9
20211028223518  -654.4 -90.1 -197.0
20211028223519  -654.5 -89.6 -196.9
20211028223520  -654.5 -89.7 -197.0
20211028223521  -654.3 -89.8 -197.0
20211028223522  -654.4 -89.9 -197.0
20211028223523  -654.5 -89.9 -197.1
20211028223524  -654.6 -89.7 -196.9
20211028223525  -654.6 -89.7 -196.8
20211028223526  -654.7 -89.7 -196.7
20211028223527  -654.6 -89.6 -197.2
20211028223528  -654.7 -89.9 -197.2
20211028223529  -654.8 -89.9 -196.9
20211028223530  -654.5 -89.8 -197.0
20211028223531  -654.7 -89.9 -197.1
20211028223532  -654.0 -89.8 -196.8
20211028223533  -653.7 -89.7 -196.3
20211028223534  -654.5 -89.7 -196.8
20211028223535  -654.6 -89.7 -196.9
20211028223536  -654.8 -89.7 -197.1
20211028223537  -654.6 -89.6 -197.0
20211028223538  -654.7 -89.4 -196.7
20211028223539  -654.7 -89.6 -196.7
20211028223540  -654.8 -89.9 -197.0
20211028223541  -654.5 -89.5 -197.1
20211028223542  -654.6 -89.5 -197.2
20211028223543  -654.6 -89.6 -197.2
20211028223544  -654.7 -89.7 -197.2
20211028223545  -654.6 -90.1 -197.1
20211028223546  -654.7 -90.0 -196.8
20211028223547  -654.7 -89.8 -197.0
20211028223548  -654.6 -90.1 -196.8
20211028223549  -654.6 -90.0 -196.9
20211028223550  -654.6 -90.1 -196.9
20211028223551  -654.6 -89.9 -197.1
20211028223552  -654.6 -89.8 -196.7
20211028223553  -654.5 -89.9 -197.0
20211028223554  -654.6 -89.9 -197.0
20211028223555  -654.6 -89.9 -197.0
20211028223556  -654.9 -90.0 -196.9
20211028223557  -654.8 -89.9 -196.7
20211028223558  -654.8 -89.8 -196.9
20211028223559  -654.7 -89.9 -196.9
20211028223600  -654.6 -90.0 -197.0
20211028223601  -654.6 -90.1 -197.0
20211028223602  -654.2 -90.1 -196.5
20211028223603  -653.7 -90.2 -196.5
20211028223604  -654.2 -90.1 -196.6
20211028223605  -654.7 -90.0 -196.9
20211028223606  -654.6 -90.2 -197.0
20211028223607  -654.7 -90.0 -196.9
20211028223608  -654.9 -89.8 -197.0
20211028223609  -654.8 -89.9 -197.0
20211028223610  -655.0 -90.2 -197.1
