20211027181022  -656.8 -92.5 -193.1
20211027181023  -656.7 -92.9 -192.9
20211027181024  -656.3 -92.5 -192.4
20211027181025  -656.1 -92.4 -192.3
20211027181026  -656.1 -92.5 -192.1
20211027181027  -655.8 -92.3 -192.2
20211027181028  -656.7 -92.5 -192.7
20211027181029  -656.7 -92.6 -192.7
20211027181030  -656.6 -92.5 -192.7
20211027181031  -656.9 -92.5 -192.9
20211027181032  -656.7 -92.8 -193.0
20211027181033  -656.7 -93.0 -192.8
20211027181034  -656.8 -92.8 -193.0
20211027181035  -656.8 -92.9 -193.1
20211027181036  -656.7 -93.0 -193.1
20211027181037  -656.7 -93.1 -192.7
20211027181038  -656.6 -93.3 -192.7
20211027181039  -657.0 -93.3 -193.0
20211027181040  -656.8 -93.2 -192.8
20211027181041  -657.1 -93.3 -193.0
20211027181042  -657.1 -93.3 -192.7
20211027181043  -657.0 -93.5 -193.0
20211027181044  -657.1 -93.5 -193.0
20211027181045  -656.9 -93.9 -192.9
20211027181046  -656.9 -93.9 -192.8
20211027181047  -657.2 -93.8 -192.9
20211027181048  -657.0 -93.8 -193.0
20211027181049  -657.1 -93.8 -193.0
20211027181050  -657.1 -93.6 -193.2
20211027181051  -657.1 -93.7 -192.9
20211027181052  -657.1 -93.8 -192.9
20211027181053  -657.2 -93.9 -193.2
20211027181054  -656.7 -93.8 -192.6
20211027181055  -657.3 -94.1 -193.1
20211027181056  -657.0 -94.1 -193.3
20211027181057  -657.4 -94.1 -192.8
20211027181058  -657.3 -94.4 -192.9
20211027181059  -656.9 -94.3 -193.2
20211027181100  -657.1 -94.1 -193.2
20211027181101  -657.2 -94.3 -193.2
20211027181102  -657.3 -94.7 -193.1
20211027181103  -657.3 -94.6 -193.1
20211027181104  -657.4 -94.5 -193.2
20211027181105  -657.5 -94.6 -193.2
20211027181106  -657.4 -94.5 -193.2
20211027181107  -657.2 -94.2 -193.2
20211027181108  -657.0 -94.3 -193.3
20211027181109  -657.4 -94.4 -193.2
20211027181110  -657.4 -94.6 -193.5
20211027181111  -657.3 -94.7 -193.4
20211027181112  -657.6 -94.3 -193.3
20211027181113  -657.8 -94.3 -193.6
20211027181114  -657.5 -94.3 -193.4
20211027181115  -657.5 -94.3 -193.5
20211027181116  -657.4 -94.4 -193.4
20211027181117  -657.5 -94.4 -193.5
20211027181118  -657.4 -94.4 -193.4
20211027181119  -657.2 -94.2 -193.6
20211027181120  -656.5 -94.3 -193.0
20211027181121  -656.7 -94.1 -193.2
20211027181122  -657.0 -94.2 -193.4
20211027181123  -657.1 -94.1 -193.1
20211027181124  -657.0 -94.1 -193.1
20211027181125  -656.9 -94.3 -193.4
20211027181126  -656.6 -94.0 -193.3
20211027181127  -656.9 -94.3 -193.3
20211027181128  -656.9 -94.2 -193.2
20211027181129  -657.1 -94.2 -193.2
20211027181130  -656.8 -93.8 -193.1
20211027181131  -657.0 -94.1 -193.2
20211027181132  -656.9 -94.1 -193.5
20211027181133  -657.0 -94.2 -193.6
20211027181134  -656.8 -94.1 -193.5
20211027181135  -656.7 -94.2 -193.5
20211027181136  -656.5 -94.3 -193.6
20211027181137  -656.4 -94.4 -193.4
20211027181138  -656.7 -94.1 -193.7
20211027181139  -656.9 -94.3 -193.8
20211027181140  -656.7 -94.7 -193.5
20211027181141  -656.8 -94.5 -193.7
20211027181142  -656.8 -94.6 -193.4
20211027181143  -656.7 -94.4 -193.9
20211027181144  -656.5 -94.6 -193.7
20211027181145  -656.5 -94.7 -193.8
20211027181146  -655.8 -94.5 -193.1
20211027181147  -656.2 -94.7 -193.4
20211027181148  -656.1 -94.6 -193.7
20211027181149  -656.3 -94.9 -193.6
20211027181150  -656.0 -95.2 -193.6
20211027181151  -656.1 -94.9 -193.7
20211027181152  -656.0 -95.1 -193.6
20211027181153  -656.4 -94.9 -193.4
20211027181154  -656.3 -95.0 -193.5
20211027181155  -656.4 -94.9 -193.6
20211027181156  -656.2 -95.0 -193.7
20211027181157  -656.2 -95.3 -193.6
20211027181158  -656.2 -95.6 -193.7
20211027181159  -656.4 -95.2 -193.7
20211027181200  -656.3 -95.4 -193.9
20211027181201  -656.1 -95.3 -193.9
20211027181202  -656.3 -95.2 -193.8
20211027181203  -656.2 -95.5 -193.9
20211027181204  -656.0 -95.4 -194.1
20211027181205  -656.1 -95.4 -194.0
20211027181206  -656.1 -95.4 -194.1
20211027181207  -656.5 -95.3 -194.2
20211027181208  -656.4 -95.6 -193.9
20211027181209  -656.8 -95.6 -194.1
20211027181210  -657.0 -95.4 -194.0
20211027181211  -657.3 -95.4 -193.9
20211027181212  -656.4 -95.7 -193.5
20211027181213  -656.3 -95.2 -193.5
20211027181214  -656.1 -95.1 -193.3
20211027181215  -655.9 -94.7 -193.4
20211027181216  -656.0 -94.9 -193.5
20211027181217  -656.8 -95.1 -194.2
20211027181218  -656.7 -95.0 -194.1
20211027181219  -656.8 -94.7 -194.1
20211027181220  -656.3 -94.7 -194.2
20211027181221  -656.3 -94.7 -194.3
20211027181222  -656.2 -94.9 -194.1
20211027181223  -656.4 -95.1 -194.1
20211027181224  -656.3 -95.1 -193.9
20211027181225  -656.2 -95.2 -194.2
20211027181226  -656.1 -95.4 -194.3
20211027181227  -656.2 -95.2 -194.3
20211027181228  -656.1 -95.1 -194.0
20211027181229  -656.1 -95.2 -194.2
20211027181230  -656.3 -95.2 -194.0
20211027181231  -656.5 -95.5 -194.0
20211027181232  -656.4 -95.1 -194.0
20211027181233  -656.2 -95.2 -193.9
20211027181234  -656.2 -95.4 -194.1
20211027181235  -656.1 -95.0 -194.2
20211027181236  -656.1 -94.9 -194.2
20211027181237  -656.5 -95.1 -194.2
20211027181238  -656.4 -95.1 -194.2
20211027181239  -656.6 -95.3 -194.3
20211027181240  -656.5 -95.4 -194.3
20211027181241  -656.2 -95.4 -194.0
20211027181242  -655.9 -95.3 -194.3
20211027181243  -655.5 -95.0 -193.5
20211027181244  -655.5 -95.1 -193.3
20211027181245  -655.2 -95.0 -193.2
20211027181246  -655.4 -95.3 -193.3
20211027181247  -655.7 -95.2 -194.0
20211027181248  -655.7 -95.4 -194.3
20211027181249  -656.1 -95.7 -193.9
20211027181250  -655.8 -95.5 -193.8
20211027181251  -655.8 -95.4 -194.0
20211027181252  -655.9 -95.7 -193.9
20211027181253  -655.6 -95.5 -193.8
20211027181254  -655.6 -95.5 -194.0
20211027181255  -655.9 -95.1 -194.1
20211027181256  -655.8 -95.3 -194.5
20211027181257  -656.2 -95.6 -194.3
20211027181258  -656.1 -95.5 -194.3
20211027181259  -655.9 -95.4 -194.2
20211027181300  -655.9 -95.3 -194.2
20211027181301  -655.8 -95.2 -194.1
20211027181302  -655.8 -95.4 -194.3
20211027181303  -656.0 -95.2 -194.4
20211027181304  -656.2 -95.3 -194.3
20211027181305  -656.1 -95.3 -194.3
20211027181306  -655.9 -95.6 -194.3
20211027181307  -656.1 -95.3 -194.6
20211027181308  -655.9 -95.6 -194.3
20211027181309  -656.1 -95.6 -194.6
20211027181310  -655.9 -95.2 -194.2
20211027181311  -656.1 -95.3 -194.2
20211027181312  -655.7 -95.0 -194.1
20211027181313  -655.1 -95.0 -193.6
20211027181314  -654.9 -95.1 -193.4
20211027181315  -655.1 -94.9 -193.3
20211027181316  -655.0 -95.2 -193.2
20211027181317  -655.6 -95.0 -194.0
20211027181318  -655.9 -94.7 -194.1
20211027181319  -655.6 -94.9 -194.0
20211027181320  -655.8 -94.9 -193.8
20211027181321  -655.9 -95.2 -194.0
20211027181322  -656.0 -95.1 -194.0
20211027181323  -655.8 -95.3 -193.9
20211027181324  -655.9 -95.4 -194.1
20211027181325  -655.8 -95.2 -194.1
20211027181326  -655.8 -95.2 -194.2
20211027181327  -655.5 -95.1 -194.0
20211027181328  -655.4 -94.8 -194.1
20211027181329  -655.8 -94.9 -194.4
20211027181330  -656.0 -94.9 -194.3
20211027181331  -655.8 -94.9 -194.3
20211027181332  -655.7 -95.1 -194.4
20211027181333  -655.5 -95.0 -194.3
20211027181334  -655.4 -95.2 -194.2
20211027181335  -655.6 -95.3 -194.3
20211027181336  -655.8 -95.5 -194.0
20211027181337  -655.7 -95.4 -194.6
20211027181338  -656.0 -95.4 -194.2
20211027181339  -655.8 -95.5 -194.4
20211027181340  -655.8 -95.4 -194.6
20211027181341  -655.7 -95.5 -194.4
20211027181342  -655.7 -95.7 -194.5
20211027181343  -655.2 -95.5 -194.2
20211027181344  -654.9 -95.2 -194.0
20211027181345  -654.7 -95.5 -194.1
20211027181346  -655.0 -95.2 -193.7
20211027181347  -655.6 -95.4 -194.4
20211027181348  -655.6 -95.4 -194.5
20211027181349  -655.8 -95.2 -194.5
20211027181350  -655.7 -95.1 -194.6
20211027181351  -655.5 -95.3 -194.3
20211027181352  -655.6 -95.4 -194.5
20211027181353  -655.6 -95.4 -194.5
20211027181354  -655.8 -95.7 -194.9
20211027181355  -655.7 -95.4 -194.8
20211027181356  -655.8 -95.4 -194.4
20211027181357  -655.9 -95.5 -194.7
20211027181358  -656.0 -95.7 -194.8
20211027181359  -656.0 -95.7 -194.6
20211027181400  -655.8 -95.7 -195.0
20211027181401  -655.8 -95.6 -194.8
20211027181402  -655.8 -95.9 -194.7
20211027181403  -655.9 -96.0 -194.6
20211027181404  -656.0 -96.0 -194.9
20211027181405  -655.9 -96.1 -194.9
20211027181406  -655.9 -96.0 -194.8
20211027181407  -655.8 -95.6 -194.9
20211027181408  -655.8 -95.6 -195.1
20211027181409  -655.8 -95.7 -195.0
20211027181410  -655.7 -95.9 -194.8
20211027181411  -656.0 -95.7 -195.1
20211027181412  -656.1 -95.7 -194.8
20211027181413  -655.9 -95.6 -194.3
20211027181414  -655.6 -95.4 -194.0
20211027181415  -655.1 -95.3 -194.2
20211027181416  -655.1 -95.1 -194.2
20211027181417  -656.0 -95.6 -194.7
20211027181418  -656.0 -95.6 -194.8
20211027181419  -656.0 -95.5 -194.4
20211027181420  -656.0 -95.9 -194.6
20211027181421  -656.3 -95.7 -194.7
20211027181422  -656.1 -95.5 -194.7
20211027181423  -656.2 -95.5 -194.7
20211027181424  -656.1 -95.5 -194.7
20211027181425  -656.0 -95.6 -194.7
20211027181426  -656.4 -95.6 -194.6
20211027181427  -656.2 -95.7 -194.6
20211027181428  -656.7 -95.3 -194.9
20211027181429  -656.4 -95.4 -194.8
20211027181430  -656.2 -95.3 -194.9
20211027181431  -656.2 -95.5 -194.8
20211027181432  -656.2 -95.4 -194.5
20211027181433  -656.2 -95.4 -194.4
20211027181434  -656.2 -95.2 -194.5
20211027181435  -656.1 -95.5 -194.4
20211027181436  -656.4 -95.7 -194.6
20211027181437  -656.3 -95.5 -194.9
20211027181438  -656.5 -95.5 -194.8
20211027181439  -656.7 -95.4 -194.9
20211027181440  -656.7 -95.3 -194.5
20211027181441  -656.4 -95.8 -194.7
20211027181442  -656.3 -95.5 -194.6
20211027181443  -655.7 -95.5 -194.0
20211027181444  -655.7 -95.3 -194.1
20211027181445  -655.7 -95.3 -193.9
20211027181446  -655.5 -95.0 -193.7
20211027181447  -655.8 -94.8 -194.1
20211027181448  -656.1 -94.9 -194.2
20211027181449  -655.7 -94.9 -194.4
20211027181450  -655.9 -94.9 -194.4
20211027181451  -655.7 -94.8 -194.1
20211027181452  -656.0 -95.1 -194.4
20211027181453  -656.3 -95.0 -194.1
20211027181454  -656.1 -94.7 -194.5
20211027181455  -656.0 -94.6 -194.8
20211027181456  -655.9 -95.0 -194.6
20211027181457  -656.0 -95.0 -194.6
20211027181458  -656.0 -95.0 -194.7
20211027181459  -656.2 -95.0 -194.8
20211027181500  -656.0 -95.1 -194.9
20211027181501  -656.1 -95.2 -194.8
20211027181502  -656.3 -95.3 -194.6
20211027181503  -656.1 -95.4 -194.8
20211027181504  -656.1 -95.1 -194.8
20211027181505  -656.0 -95.1 -194.9
20211027181506  -655.9 -95.3 -194.7
20211027181507  -655.8 -95.0 -194.5
20211027181508  -656.0 -95.3 -194.7
20211027181509  -655.8 -95.0 -194.5
20211027181510  -655.9 -95.1 -194.8
20211027181511  -655.6 -95.1 -195.0
20211027181512  -655.7 -94.8 -194.9
20211027181513  -655.0 -95.0 -194.8
20211027181514  -654.8 -94.9 -194.3
20211027181515  -655.6 -94.9 -194.9
20211027181516  -655.7 -94.9 -195.0
20211027181517  -655.6 -95.4 -194.9
20211027181518  -655.7 -95.1 -194.6
20211027181519  -655.8 -94.8 -194.8
20211027181520  -655.6 -95.2 -195.0
20211027181521  -655.7 -95.1 -195.1
20211027181522  -655.6 -95.1 -195.2
20211027181523  -655.6 -95.1 -195.0
20211027181524  -655.5 -94.8 -194.9
20211027181525  -655.4 -95.1 -194.9
20211027181526  -655.4 -95.2 -194.9
20211027181527  -655.5 -95.0 -194.9
20211027181528  -655.5 -94.8 -194.9
20211027181529  -655.7 -94.8 -195.1
20211027181530  -655.5 -94.7 -194.9
20211027181531  -655.6 -94.8 -195.2
20211027181532  -655.5 -94.9 -195.2
20211027181533  -655.3 -95.0 -194.9
20211027181534  -655.5 -94.8 -195.0
20211027181535  -655.3 -94.7 -195.0
20211027181536  -655.5 -94.6 -194.9
20211027181537  -655.7 -94.6 -195.2
20211027181538  -655.8 -94.7 -195.2
20211027181539  -655.1 -94.8 -195.1
20211027181540  -654.5 -94.6 -194.8
20211027181541  -655.3 -94.6 -195.0
20211027181542  -655.6 -94.5 -195.0
20211027181543  -655.7 -94.5 -194.9
20211027181544  -655.9 -94.4 -195.1
20211027181545  -655.6 -94.3 -195.2
20211027181546  -655.7 -94.1 -195.2
20211027181547  -655.8 -94.3 -195.1
20211027181548  -655.6 -94.1 -194.8
20211027181549  -655.5 -94.0 -194.9
20211027181550  -655.7 -93.9 -195.0
20211027181551  -655.7 -94.0 -195.1
20211027181552  -655.8 -93.8 -194.8
20211027181553  -655.8 -93.7 -194.8
20211027181554  -655.7 -93.7 -194.8
20211027181555  -656.0 -93.5 -194.7
20211027181556  -655.9 -93.6 -194.9
20211027181557  -656.0 -93.7 -194.6
20211027181558  -656.1 -93.6 -194.7
20211027181559  -656.2 -93.5 -194.9
20211027181600  -655.8 -93.6 -194.6
20211027181601  -655.8 -93.6 -194.7
20211027181602  -656.1 -93.8 -194.8
20211027181603  -655.8 -93.4 -195.1
20211027181604  -655.8 -93.5 -194.8
20211027181605  -656.0 -93.4 -194.9
20211027181606  -655.4 -93.2 -194.5
20211027181607  -655.5 -93.2 -194.6
20211027181608  -655.8 -93.0 -194.9
20211027181609  -656.1 -93.1 -194.9
20211027181610  -655.8 -93.4 -194.9
20211027181611  -655.5 -93.4 -195.0
20211027181612  -655.4 -93.4 -195.0
20211027181613  -655.2 -93.3 -194.7
20211027181614  -655.5 -93.1 -194.5
20211027181615  -655.3 -93.2 -194.8
20211027181616  -655.4 -93.1 -194.9
20211027181617  -655.3 -93.1 -194.8
20211027181618  -655.2 -93.2 -195.0
20211027181619  -655.3 -93.3 -194.9
20211027181620  -655.4 -93.2 -195.1
20211027181621  -655.4 -93.2 -195.1
20211027181622  -655.2 -92.9 -195.1
20211027181623  -655.4 -93.1 -195.2
20211027181624  -655.3 -93.2 -194.9
20211027181625  -655.3 -93.3 -195.0
20211027181626  -655.1 -93.5 -194.9
20211027181627  -655.0 -93.2 -194.9
20211027181628  -655.0 -93.2 -195.2
20211027181629  -655.0 -93.3 -194.8
20211027181630  -654.9 -92.9 -194.6
20211027181631  -654.8 -92.8 -194.8
20211027181632  -654.1 -92.8 -194.0
20211027181633  -653.9 -92.4 -193.8
20211027181634  -654.8 -92.6 -194.5
20211027181635  -654.6 -92.8 -194.6
20211027181636  -654.8 -92.8 -194.7
20211027181637  -654.5 -92.7 -194.5
20211027181638  -655.0 -92.7 -194.6
20211027181639  -654.8 -93.0 -194.7
20211027181640  -655.1 -93.1 -194.6
20211027181641  -654.9 -92.9 -194.4
20211027181642  -654.9 -92.9 -194.5
20211027181643  -654.6 -92.8 -194.4
20211027181644  -654.6 -92.9 -194.5
20211027181645  -654.6 -92.8 -194.7
20211027181646  -654.7 -92.8 -194.8
20211027181647  -654.2 -92.9 -195.0
20211027181648  -654.3 -92.9 -194.9
20211027181649  -654.4 -93.1 -194.4
20211027181650  -654.4 -92.7 -194.7
20211027181651  -654.6 -92.8 -194.9
20211027181652  -654.4 -93.1 -195.0
20211027181653  -654.5 -92.9 -194.7
20211027181654  -654.3 -92.8 -194.6
20211027181655  -654.5 -92.9 -194.6
20211027181656  -654.5 -92.6 -194.7
20211027181657  -654.4 -92.7 -194.7
20211027181658  -653.9 -92.9 -194.2
20211027181659  -653.9 -92.8 -193.6
20211027181700  -654.4 -92.9 -194.6
20211027181701  -654.7 -92.8 -194.4
20211027181702  -654.8 -92.5 -194.3
20211027181703  -654.9 -92.6 -194.7
20211027181704  -654.8 -92.8 -194.7
20211027181705  -654.9 -92.7 -194.4
20211027181706  -655.0 -92.6 -194.5
20211027181707  -654.7 -92.7 -194.7
20211027181708  -654.8 -92.6 -194.6
20211027181709  -654.9 -92.3 -194.4
20211027181710  -654.6 -92.6 -194.7
20211027181711  -654.8 -92.5 -194.7
20211027181712  -654.9 -92.6 -194.4
20211027181713  -655.0 -92.7 -194.7
20211027181714  -654.8 -92.4 -194.8
20211027181715  -655.0 -92.6 -194.5
20211027181716  -655.2 -92.7 -194.8
20211027181717  -655.1 -92.5 -194.5
20211027181718  -655.0 -92.4 -194.7
20211027181719  -655.1 -92.4 -194.6
20211027181720  -655.1 -92.3 -194.8
20211027181721  -655.0 -92.6 -194.6
20211027181722  -655.0 -92.5 -194.7
20211027181723  -655.0 -92.6 -194.9
20211027181724  -654.8 -92.6 -194.6
20211027181725  -654.3 -92.2 -194.2
20211027181726  -654.1 -92.1 -193.8
20211027181727  -653.7 -92.1 -193.7
20211027181728  -654.1 -91.9 -193.4
20211027181729  -654.6 -91.7 -193.7
20211027181730  -654.8 -91.7 -193.8
20211027181731  -655.1 -91.8 -193.6
20211027181732  -654.5 -91.8 -193.9
20211027181733  -654.5 -91.7 -193.8
20211027181734  -654.3 -91.8 -193.7
20211027181735  -654.2 -91.9 -194.1
20211027181736  -654.2 -91.7 -194.1
20211027181737  -654.4 -91.9 -193.9
20211027181738  -654.7 -91.5 -193.9
20211027181739  -654.4 -91.3 -194.1
20211027181740  -654.5 -91.4 -193.6
20211027181741  -654.4 -91.0 -193.8
20211027181742  -654.5 -91.1 -194.0
20211027181743  -654.6 -91.3 -194.0
20211027181744  -654.3 -91.2 -193.8
20211027181745  -654.7 -91.2 -193.7
20211027181746  -654.6 -91.5 -193.8
20211027181747  -654.7 -91.3 -193.8
20211027181748  -654.7 -91.2 -194.0
20211027181749  -654.5 -91.1 -194.0
20211027181750  -654.7 -91.4 -193.8
20211027181751  -654.5 -91.4 -194.2
20211027181752  -654.4 -91.1 -194.1
20211027181753  -654.4 -91.2 -193.7
20211027181754  -654.2 -91.6 -194.2
20211027181755  -653.6 -91.2 -193.7
20211027181756  -653.4 -91.1 -193.2
20211027181757  -653.2 -91.2 -193.2
20211027181758  -652.9 -91.0 -192.8
20211027181759  -653.7 -91.2 -193.4
20211027181800  -654.1 -90.8 -193.7
20211027181801  -653.9 -91.1 -193.5
20211027181802  -654.0 -91.3 -193.7
20211027181803  -654.3 -91.5 -193.7
20211027181804  -653.9 -91.1 -193.7
20211027181805  -654.2 -91.4 -193.8
20211027181806  -654.0 -91.4 -193.5
20211027181807  -654.1 -91.4 -193.6
20211027181808  -654.0 -91.2 -193.9
20211027181809  -654.2 -91.5 -193.6
20211027181810  -654.3 -91.4 -193.7
20211027181811  -654.2 -91.5 -193.8
