20211110174040  -670.7 -87.3 -184.8
20211110174041  -670.9 -87.1 -184.8
20211110174042  -671.0 -87.1 -184.8
20211110174043  -670.8 -87.0 -184.4
20211110174044  -670.8 -86.9 -184.4
20211110174045  -670.8 -87.1 -184.5
20211110174046  -670.7 -86.7 -184.4
20211110174047  -670.7 -87.0 -184.4
20211110174048  -670.9 -86.7 -184.5
20211110174049  -671.0 -87.2 -184.7
20211110174050  -671.2 -87.1 -184.6
20211110174051  -671.0 -87.1 -184.7
20211110174052  -671.2 -87.3 -184.9
20211110174053  -671.0 -87.1 -184.7
20211110174054  -671.0 -87.0 -184.8
20211110174055  -671.1 -87.0 -184.6
20211110174056  -671.0 -87.1 -184.6
20211110174057  -671.1 -87.0 -184.6
20211110174058  -671.5 -87.1 -184.7
20211110174059  -671.5 -87.1 -184.8
20211110174100  -671.0 -87.3 -184.6
20211110174101  -670.8 -87.3 -184.4
20211110174102  -670.6 -86.8 -183.8
20211110174103  -670.9 -86.8 -183.8
20211110174104  -671.0 -86.7 -184.2
20211110174105  -671.2 -86.9 -184.1
20211110174106  -671.2 -86.8 -184.1
20211110174107  -671.3 -86.5 -184.2
20211110174108  -671.2 -86.6 -184.2
20211110174109  -671.1 -86.9 -184.3
20211110174110  -671.0 -86.7 -184.3
20211110174111  -671.0 -86.8 -184.3
20211110174112  -671.0 -86.8 -184.3
20211110174113  -670.8 -86.3 -184.3
20211110174114  -671.0 -86.6 -183.9
20211110174115  -671.0 -86.9 -184.4
20211110174116  -671.1 -86.7 -184.3
20211110174117  -671.0 -86.7 -184.4
20211110174118  -670.9 -86.8 -184.3
20211110174119  -670.9 -86.9 -184.3
20211110174120  -670.9 -86.9 -184.2
20211110174121  -671.0 -86.8 -184.5
20211110174122  -670.9 -86.9 -184.2
20211110174123  -670.9 -86.9 -184.0
20211110174124  -670.9 -86.8 -184.1
20211110174125  -670.5 -86.8 -184.1
20211110174126  -670.4 -86.9 -184.2
20211110174127  -670.8 -86.9 -184.5
20211110174128  -670.5 -86.9 -184.6
20211110174129  -670.7 -87.0 -184.4
20211110174130  -670.8 -86.9 -184.2
20211110174131  -670.8 -86.9 -184.5
20211110174132  -669.8 -87.2 -184.0
20211110174133  -670.0 -87.1 -183.9
20211110174134  -670.6 -86.9 -184.6
20211110174135  -670.8 -87.0 -184.3
20211110174136  -670.6 -87.2 -184.5
20211110174137  -670.4 -87.2 -184.6
20211110174138  -670.6 -87.3 -184.5
20211110174139  -670.7 -87.3 -184.6
20211110174140  -670.6 -87.1 -184.3
20211110174141  -670.6 -87.1 -184.9
20211110174142  -670.7 -87.3 -184.8
20211110174143  -670.7 -87.3 -184.6
20211110174144  -670.7 -87.0 -184.7
20211110174145  -670.6 -87.1 -184.6
20211110174146  -670.3 -87.4 -184.7
20211110174147  -670.5 -87.3 -185.0
20211110174148  -670.3 -87.2 -184.8
20211110174149  -670.2 -86.9 -184.8
20211110174150  -670.4 -86.9 -184.8
20211110174151  -670.5 -87.1 -184.9
20211110174152  -670.6 -87.1 -184.8
20211110174153  -670.8 -87.2 -185.1
20211110174154  -670.7 -87.1 -184.9
20211110174155  -670.3 -86.9 -185.0
20211110174156  -670.6 -86.9 -184.9
20211110174157  -670.7 -87.1 -184.8
20211110174158  -670.7 -87.3 -184.7
20211110174159  -670.5 -87.4 -184.6
20211110174200  -670.5 -87.6 -184.9
20211110174201  -670.4 -87.5 -184.9
20211110174202  -669.9 -87.6 -184.5
20211110174203  -669.7 -87.0 -184.3
20211110174204  -670.5 -87.2 -184.5
20211110174205  -670.4 -87.1 -184.8
20211110174206  -670.3 -87.0 -184.5
20211110174207  -670.5 -87.1 -184.4
20211110174208  -670.3 -87.5 -184.7
20211110174209  -670.5 -87.5 -184.6
20211110174210  -670.4 -87.3 -184.8
20211110174211  -670.3 -87.4 -184.7
20211110174212  -670.3 -87.0 -184.9
20211110174213  -670.3 -87.3 -184.6
20211110174214  -670.3 -87.2 -184.6
20211110174215  -670.5 -87.4 -184.6
20211110174216  -670.3 -87.1 -184.7
20211110174217  -670.1 -87.1 -184.8
20211110174218  -670.2 -87.3 -184.5
20211110174219  -670.4 -87.3 -184.7
20211110174220  -670.4 -87.2 -184.5
