20211029000000  -655.6 -87.0 -196.5
20211029000001  -655.5 -87.2 -196.4
20211029000002  -655.2 -87.2 -196.4
20211029000003  -655.2 -87.2 -196.4
20211029000004  -655.3 -87.0 -196.3
20211029000005  -655.0 -87.2 -196.1
20211029000006  -654.5 -87.1 -195.1
20211029000007  -654.2 -87.0 -195.2
20211029000008  -654.2 -87.0 -195.2
20211029000009  -654.9 -87.1 -195.5
20211029000010  -655.1 -87.1 -195.8
20211029000011  -655.4 -87.3 -195.9
20211029000012  -655.1 -87.3 -195.7
20211029000013  -655.2 -87.5 -195.9
20211029000014  -655.1 -87.4 -196.2
20211029000015  -654.9 -87.2 -196.0
20211029000016  -654.9 -87.1 -196.2
20211029000017  -655.2 -87.0 -196.2
20211029000018  -655.4 -87.2 -196.1
20211029000019  -655.4 -87.3 -195.9
20211029000020  -655.5 -87.2 -195.9
20211029000021  -655.4 -87.6 -195.9
20211029000022  -655.1 -87.3 -195.9
20211029000023  -655.1 -87.2 -196.1
20211029000024  -655.3 -87.2 -195.8
20211029000025  -655.2 -87.5 -195.9
20211029000026  -655.2 -87.2 -195.8
20211029000027  -655.4 -87.3 -196.1
20211029000028  -655.1 -87.3 -196.2
20211029000029  -655.2 -87.4 -196.1
20211029000030  -655.2 -87.2 -196.3
20211029000031  -654.9 -87.2 -196.1
20211029000032  -655.3 -87.3 -196.2
20211029000033  -655.0 -87.5 -196.0
20211029000034  -655.1 -87.4 -196.2
20211029000035  -655.1 -87.7 -196.3
20211029000036  -654.5 -87.7 -196.1
20211029000037  -654.3 -87.6 -195.8
20211029000038  -654.6 -87.3 -195.2
20211029000039  -655.3 -87.6 -195.9
20211029000040  -655.3 -87.2 -196.1
20211029000041  -655.4 -87.1 -196.3
20211029000042  -655.5 -87.3 -196.2
20211029000043  -655.5 -87.3 -196.1
20211029000044  -655.7 -87.2 -196.2
20211029000045  -655.7 -87.1 -196.3
20211029000046  -655.5 -87.0 -195.9
20211029000047  -655.4 -87.1 -196.1
20211029000048  -655.3 -87.1 -196.4
20211029000049  -655.2 -87.1 -196.2
20211029000050  -655.1 -86.9 -196.3
20211029000051  -655.6 -86.9 -196.5
20211029000052  -655.4 -87.0 -196.2
20211029000053  -655.3 -87.0 -196.1
20211029000054  -655.1 -87.2 -196.2
20211029000055  -655.5 -87.2 -196.4
20211029000056  -655.4 -87.2 -196.2
20211029000057  -655.5 -87.1 -196.1
20211029000058  -655.3 -87.6 -196.2
20211029000059  -655.6 -87.7 -196.3
20211029000100  -655.4 -87.7 -196.3
20211029000101  -655.5 -87.4 -196.6
20211029000102  -655.5 -87.4 -196.4
20211029000103  -655.5 -87.2 -196.4
20211029000104  -655.7 -87.1 -196.5
20211029000105  -655.5 -87.0 -196.2
20211029000106  -654.5 -86.9 -195.9
20211029000107  -654.2 -86.8 -195.5
20211029000108  -654.1 -86.7 -195.3
20211029000109  -655.1 -87.2 -195.9
20211029000110  -654.8 -87.0 -196.1
20211029000111  -654.9 -87.0 -195.9
20211029000112  -655.0 -86.6 -196.1
20211029000113  -654.9 -87.0 -196.1
20211029000114  -654.9 -86.9 -196.4
20211029000115  -654.8 -86.7 -196.2
20211029000116  -655.1 -87.1 -196.3
20211029000117  -655.1 -86.9 -196.1
20211029000118  -655.3 -86.9 -196.1
20211029000119  -655.4 -86.8 -195.9
20211029000120  -655.1 -86.7 -196.2
20211029000121  -655.1 -86.8 -196.3
20211029000122  -655.0 -87.0 -196.1
20211029000123  -655.1 -86.8 -196.0
20211029000124  -655.3 -86.9 -196.3
20211029000125  -655.4 -86.9 -196.2
20211029000126  -655.3 -87.4 -196.2
20211029000127  -655.4 -87.0 -196.5
20211029000128  -655.2 -87.2 -196.7
20211029000129  -655.1 -87.2 -196.4
20211029000130  -655.4 -87.3 -196.3
20211029000131  -655.2 -87.4 -196.6
20211029000132  -655.3 -87.5 -196.6
20211029000133  -655.2 -87.1 -196.5
20211029000134  -655.3 -87.1 -196.4
20211029000135  -655.4 -87.3 -196.6
20211029000136  -654.6 -87.4 -196.4
20211029000137  -654.6 -87.2 -196.0
20211029000138  -654.2 -87.1 -195.9
20211029000139  -655.1 -87.6 -196.2
20211029000140  -655.2 -87.6 -196.2
20211029000141  -654.9 -87.4 -195.8
20211029000142  -654.9 -87.1 -196.1
20211029000143  -654.9 -87.1 -196.3
20211029000144  -655.0 -87.2 -196.3
20211029000145  -654.9 -87.1 -196.3
20211029000146  -655.2 -87.3 -196.4
20211029000147  -655.1 -87.3 -196.2
20211029000148  -654.9 -87.2 -196.2
20211029000149  -654.9 -87.3 -196.6
20211029000150  -655.2 -87.2 -196.3
20211029000151  -655.2 -87.2 -196.6
20211029000152  -654.8 -87.2 -196.8
20211029000153  -654.9 -86.9 -196.3
20211029000154  -655.0 -87.3 -196.3
20211029000155  -655.1 -87.3 -196.3
20211029000156  -655.0 -87.3 -196.3
20211029000157  -655.4 -87.2 -196.1
20211029000158  -655.1 -87.5 -195.8
20211029000159  -655.3 -87.5 -195.8
20211029000200  -655.2 -87.5 -195.7
20211029000201  -655.4 -87.4 -195.9
20211029000202  -655.2 -87.0 -196.0
20211029000203  -655.4 -87.4 -196.3
20211029000204  -655.5 -87.4 -196.8
20211029000205  -655.2 -87.4 -196.7
20211029000206  -655.2 -87.7 -196.4
20211029000207  -654.6 -87.6 -196.0
20211029000208  -654.5 -87.4 -195.8
