20211025204828  -647.2 -82.3 -166.0
20211025204829  -646.8 -82.3 -166.1
20211025204830  -646.9 -82.2 -166.2
20211025204831  -647.1 -82.2 -166.3
20211025204832  -647.0 -82.1 -166.2
20211025204833  -646.6 -82.0 -165.9
20211025204834  -646.6 -82.1 -166.0
20211025204835  -646.6 -81.6 -165.8
20211025204836  -646.3 -81.7 -165.7
20211025204837  -646.2 -81.5 -165.4
20211025204838  -645.9 -81.5 -165.5
20211025204839  -645.7 -81.3 -165.2
20211025204840  -645.7 -81.4 -164.9
20211025204841  -645.7 -81.2 -164.9
20211025204842  -645.4 -81.0 -164.6
20211025204843  -645.3 -81.0 -164.9
20211025204844  -645.1 -80.9 -164.7
20211025204845  -644.9 -80.9 -164.6
20211025204846  -644.5 -80.5 -164.4
20211025204847  -644.4 -80.5 -164.5
20211025204848  -644.0 -80.7 -164.6
20211025204849  -644.2 -80.7 -164.5
20211025204850  -644.0 -80.5 -164.3
20211025204851  -644.1 -80.7 -164.2
20211025204852  -643.8 -80.5 -163.7
20211025204853  -643.7 -80.2 -163.9
20211025204854  -643.6 -80.1 -163.9
20211025204855  -643.2 -80.1 -163.7
20211025204856  -642.8 -80.1 -163.0
20211025204857  -642.3 -79.8 -162.7
20211025204858  -641.6 -79.6 -162.4
20211025204859  -641.8 -79.4 -162.1
20211025204900  -641.9 -79.2 -162.1
20211025204901  -642.0 -79.3 -162.0
20211025204902  -641.7 -79.5 -161.8
20211025204903  -641.6 -79.3 -161.7
20211025204904  -641.3 -79.0 -161.5
20211025204905  -640.9 -78.8 -161.3
20211025204906  -640.7 -78.9 -161.0
20211025204907  -640.6 -78.8 -160.7
20211025204908  -640.2 -78.5 -160.9
20211025204909  -640.0 -78.4 -160.7
20211025204910  -639.9 -78.2 -160.6
20211025204911  -639.8 -78.3 -160.6
20211025204912  -639.6 -78.4 -160.5
20211025204913  -639.3 -78.0 -160.4
20211025204914  -639.3 -78.0 -160.3
20211025204915  -639.2 -77.8 -159.9
20211025204916  -638.9 -77.8 -160.3
20211025204917  -638.9 -77.7 -159.9
20211025204918  -639.1 -77.4 -159.6
20211025204919  -638.8 -77.2 -159.7
20211025204920  -639.0 -76.9 -159.4
20211025204921  -639.2 -76.9 -159.3
20211025204922  -639.2 -76.9 -159.3
20211025204923  -639.0 -76.6 -159.3
20211025204924  -639.1 -76.3 -159.1
20211025204925  -639.3 -76.2 -159.3
20211025204926  -638.9 -76.3 -158.8
20211025204927  -638.8 -75.9 -158.5
20211025204928  -638.7 -75.7 -158.4
20211025204929  -638.8 -75.5 -158.4
20211025204930  -639.3 -75.4 -158.5
20211025204931  -639.6 -75.6 -159.0
20211025204932  -639.8 -75.5 -158.8
20211025204933  -639.6 -75.7 -158.9
20211025204934  -639.8 -75.1 -159.3
20211025204935  -639.8 -74.9 -159.1
20211025204936  -640.1 -74.8 -158.9
20211025204937  -640.2 -74.6 -159.0
20211025204938  -640.3 -74.5 -159.0
20211025204939  -640.6 -74.4 -159.2
20211025204940  -640.9 -74.2 -159.2
20211025204941  -640.9 -73.9 -159.3
20211025204942  -641.3 -73.9 -159.4
20211025204943  -641.6 -73.4 -159.6
20211025204944  -641.7 -73.5 -159.3
20211025204945  -642.1 -73.4 -159.8
20211025204946  -642.2 -73.2 -160.0
20211025204947  -642.5 -73.1 -160.0
20211025204948  -642.6 -72.8 -160.3
20211025204949  -642.9 -72.5 -160.4
20211025204950  -642.9 -72.9 -160.4
20211025204951  -643.4 -72.5 -160.6
20211025204952  -643.7 -72.3 -160.7
20211025204953  -644.3 -71.9 -160.7
20211025204954  -644.6 -72.1 -160.8
20211025204955  -644.9 -72.0 -161.3
20211025204956  -644.6 -72.1 -161.0
20211025204957  -644.3 -71.7 -160.7
20211025204958  -644.6 -71.8 -160.6
20211025204959  -644.8 -71.9 -160.9
20211025205000  -645.5 -71.5 -161.3
20211025205001  -646.2 -71.6 -161.6
20211025205002  -646.3 -71.8 -161.6
20211025205003  -647.0 -71.9 -162.0
20211025205004  -647.2 -71.9 -162.3
20211025205005  -647.4 -72.1 -162.6
20211025205006  -647.5 -72.2 -162.5
20211025205007  -647.7 -72.3 -162.8
20211025205008  -647.6 -72.9 -162.9
20211025205009  -648.0 -73.0 -163.0
20211025205010  -647.8 -73.3 -163.2
20211025205011  -647.9 -73.2 -163.3
20211025205012  -648.0 -73.9 -163.1
20211025205013  -648.0 -74.0 -163.6
20211025205014  -647.7 -74.6 -163.8
20211025205015  -647.8 -75.1 -163.7
20211025205016  -647.6 -75.5 -163.5
20211025205017  -647.4 -75.7 -163.9
20211025205018  -647.5 -76.5 -163.9
20211025205019  -647.2 -76.6 -163.8
20211025205020  -646.6 -76.8 -163.8
20211025205021  -646.6 -77.2 -164.2
20211025205022  -646.6 -77.6 -164.3
20211025205023  -646.4 -78.0 -164.2
20211025205024  -646.3 -78.4 -164.5
20211025205025  -646.0 -78.6 -164.4
20211025205026  -645.5 -78.9 -164.6
20211025205027  -644.9 -79.1 -164.1
20211025205028  -644.8 -79.2 -163.9
20211025205029  -644.5 -79.2 -163.8
20211025205030  -644.5 -79.6 -163.6
20211025205031  -644.9 -79.8 -164.1
20211025205032  -644.8 -79.9 -163.9
20211025205033  -644.8 -79.9 -163.9
20211025205034  -644.4 -80.2 -163.8
20211025205035  -644.4 -80.3 -163.8
20211025205036  -644.4 -80.6 -163.8
20211025205037  -644.5 -80.6 -163.7
20211025205038  -644.1 -80.8 -163.8
20211025205039  -644.1 -80.7 -163.6
20211025205040  -643.8 -80.9 -163.5
20211025205041  -644.0 -80.9 -163.4
20211025205042  -643.8 -80.9 -163.0
20211025205043  -644.2 -80.9 -162.8
20211025205044  -644.3 -81.0 -162.8
20211025205045  -644.0 -80.7 -163.0
20211025205046  -643.7 -80.8 -163.0
20211025205047  -643.8 -80.6 -163.0
20211025205048  -643.6 -80.5 -162.9
20211025205049  -644.0 -80.7 -162.9
20211025205050  -643.6 -80.3 -162.7
20211025205051  -643.7 -80.5 -162.7
20211025205052  -644.0 -80.3 -162.6
20211025205053  -644.1 -80.1 -162.4
20211025205054  -643.7 -80.1 -162.6
20211025205055  -643.8 -80.1 -162.4
20211025205056  -643.4 -79.9 -162.5
20211025205057  -643.2 -79.6 -162.2
20211025205058  -642.9 -79.5 -161.9
20211025205059  -642.9 -79.2 -161.7
20211025205100  -643.7 -78.8 -161.9
20211025205101  -644.0 -78.9 -162.2
20211025205102  -644.3 -78.5 -162.3
20211025205103  -644.2 -78.5 -162.5
20211025205104  -644.4 -78.3 -162.3
20211025205105  -644.3 -78.1 -162.5
20211025205106  -644.6 -77.9 -162.6
20211025205107  -644.8 -77.7 -162.5
20211025205108  -645.2 -77.3 -162.5
20211025205109  -645.3 -77.3 -162.4
20211025205110  -645.2 -77.2 -162.5
20211025205111  -645.4 -77.0 -162.6
20211025205112  -645.9 -76.9 -162.9
20211025205113  -645.6 -76.8 -162.8
20211025205114  -645.8 -76.3 -163.0
20211025205115  -645.9 -76.2 -162.9
20211025205116  -645.9 -75.9 -163.1
20211025205117  -646.4 -76.0 -163.1
20211025205118  -646.3 -75.8 -162.9
20211025205119  -646.4 -75.9 -163.2
20211025205120  -646.1 -75.6 -163.2
20211025205121  -646.3 -75.4 -163.3
20211025205122  -646.4 -75.2 -163.2
20211025205123  -646.7 -75.4 -163.4
20211025205124  -646.8 -75.4 -163.5
20211025205125  -647.1 -75.2 -163.5
20211025205126  -647.1 -75.3 -163.8
20211025205127  -647.1 -75.0 -163.6
20211025205128  -647.8 -75.0 -163.9
20211025205129  -647.8 -75.2 -163.9
20211025205130  -647.6 -75.2 -164.4
20211025205131  -647.7 -75.3 -164.4
20211025205132  -647.9 -75.4 -164.5
20211025205133  -647.9 -75.3 -164.4
20211025205134  -648.0 -75.5 -164.6
20211025205135  -648.0 -75.7 -164.8
20211025205136  -648.3 -75.9 -164.9
20211025205137  -647.9 -75.8 -164.8
20211025205138  -648.2 -75.8 -165.0
20211025205139  -648.1 -76.3 -165.0
20211025205140  -648.4 -76.3 -165.2
20211025205141  -648.2 -76.4 -165.3
20211025205142  -648.0 -76.4 -165.3
20211025205143  -648.1 -76.6 -165.6
20211025205144  -648.3 -76.7 -165.6
20211025205145  -648.5 -76.9 -165.6
20211025205146  -648.4 -76.9 -165.7
20211025205147  -648.2 -77.0 -166.2
20211025205148  -647.9 -77.4 -166.0
20211025205149  -647.9 -77.6 -166.0
20211025205150  -648.0 -77.7 -165.7
20211025205151  -648.1 -77.8 -166.0
20211025205152  -648.1 -77.9 -165.9
20211025205153  -647.6 -78.1 -165.9
20211025205154  -647.3 -77.7 -165.7
20211025205155  -647.7 -78.3 -166.1
20211025205156  -647.4 -78.7 -166.4
20211025205157  -647.7 -78.7 -166.2
20211025205158  -647.7 -78.6 -166.4
20211025205159  -647.6 -78.7 -166.5
20211025205200  -647.6 -78.7 -166.7
20211025205201  -647.7 -78.7 -166.8
20211025205202  -647.9 -79.1 -167.1
20211025205203  -647.7 -78.9 -166.9
20211025205204  -647.8 -79.1 -167.2
20211025205205  -647.8 -79.0 -167.4
20211025205206  -648.0 -78.8 -167.0
20211025205207  -648.1 -79.2 -167.2
20211025205208  -648.2 -79.3 -167.5
20211025205209  -648.4 -79.3 -167.4
20211025205210  -648.2 -78.9 -167.6
20211025205211  -648.5 -79.1 -167.8
20211025205212  -648.4 -79.1 -168.0
20211025205213  -648.7 -79.1 -168.0
20211025205214  -648.8 -78.9 -167.8
20211025205215  -649.0 -79.2 -167.9
20211025205216  -649.3 -79.1 -168.1
20211025205217  -649.4 -79.3 -168.0
20211025205218  -649.4 -79.2 -168.1
20211025205219  -649.3 -79.3 -167.9
20211025205220  -648.8 -79.0 -167.6
20211025205221  -649.2 -78.9 -168.1
20211025205222  -649.7 -79.1 -168.2
20211025205223  -650.0 -79.2 -168.3
20211025205224  -650.3 -79.4 -168.3
20211025205225  -650.2 -79.3 -168.4
20211025205226  -650.4 -79.3 -168.8
20211025205227  -650.4 -79.2 -168.8
20211025205228  -650.6 -79.5 -168.6
20211025205229  -650.7 -79.5 -168.6
20211025205230  -650.4 -79.2 -168.8
20211025205231  -650.4 -79.1 -168.9
20211025205232  -650.5 -79.2 -168.8
20211025205233  -650.1 -79.3 -169.0
20211025205234  -650.4 -79.2 -169.1
20211025205235  -651.2 -79.4 -169.1
20211025205236  -650.8 -79.3 -169.1
20211025205237  -650.8 -79.4 -169.0
20211025205238  -651.1 -79.4 -169.3
20211025205239  -651.2 -79.4 -169.4
20211025205240  -651.3 -79.5 -169.5
20211025205241  -651.2 -80.1 -169.5
20211025205242  -650.9 -79.8 -169.6
20211025205243  -651.1 -79.9 -169.9
20211025205244  -651.2 -80.0 -170.1
20211025205245  -651.0 -80.0 -169.8
20211025205246  -650.9 -80.1 -169.4
20211025205247  -650.3 -79.8 -169.1
20211025205248  -650.9 -79.9 -169.7
20211025205249  -650.9 -80.6 -169.6
20211025205250  -651.0 -80.2 -169.5
20211025205251  -651.0 -80.5 -169.9
20211025205252  -650.6 -80.6 -169.7
20211025205253  -650.6 -80.7 -170.0
20211025205254  -650.6 -80.5 -169.8
20211025205255  -650.8 -80.6 -170.0
20211025205256  -650.5 -80.9 -169.8
20211025205257  -650.6 -80.9 -169.9
20211025205258  -650.3 -80.8 -169.8
20211025205259  -650.5 -81.0 -169.8
20211025205300  -650.1 -81.0 -169.8
20211025205301  -650.4 -81.1 -169.9
20211025205302  -650.1 -81.0 -169.9
20211025205303  -650.1 -81.5 -169.9
20211025205304  -649.8 -81.7 -169.9
20211025205305  -649.9 -81.5 -170.0
20211025205306  -649.8 -81.2 -170.0
20211025205307  -649.5 -81.3 -169.9
20211025205308  -649.6 -81.5 -169.9
20211025205309  -649.1 -81.6 -170.1
20211025205310  -648.9 -81.2 -170.1
20211025205311  -649.0 -81.4 -169.8
20211025205312  -648.6 -81.4 -169.8
20211025205313  -648.0 -81.3 -169.4
20211025205314  -648.7 -81.2 -170.1
20211025205315  -648.7 -81.3 -169.8
20211025205316  -648.4 -81.3 -169.8
20211025205317  -648.7 -81.5 -169.6
20211025205318  -648.7 -81.5 -169.6
20211025205319  -648.8 -81.5 -169.8
20211025205320  -648.8 -81.4 -169.7
20211025205321  -648.8 -81.1 -169.8
20211025205322  -648.7 -81.0 -169.8
20211025205323  -648.5 -80.9 -169.4
20211025205324  -648.9 -80.7 -169.7
20211025205325  -649.1 -80.5 -169.4
20211025205326  -648.8 -80.3 -169.3
20211025205327  -648.8 -80.4 -169.4
20211025205328  -648.7 -80.2 -169.5
20211025205329  -648.8 -79.9 -169.3
20211025205330  -648.8 -80.0 -169.4
20211025205331  -648.8 -79.9 -169.2
20211025205332  -648.9 -79.8 -169.0
20211025205333  -649.0 -79.7 -169.2
20211025205334  -649.0 -79.6 -169.4
20211025205335  -649.2 -79.2 -169.4
20211025205336  -649.0 -79.3 -169.2
20211025205337  -649.2 -79.5 -169.2
20211025205338  -648.9 -79.4 -169.3
20211025205339  -648.2 -79.2 -168.9
20211025205340  -649.0 -79.0 -169.2
20211025205341  -648.9 -78.8 -169.5
20211025205342  -649.0 -78.7 -169.6
20211025205343  -649.1 -78.7 -169.8
20211025205344  -649.3 -78.5 -169.7
20211025205345  -649.3 -78.7 -169.7
20211025205346  -649.3 -78.3 -169.9
20211025205347  -649.5 -78.3 -170.0
20211025205348  -649.3 -78.4 -170.0
20211025205349  -649.5 -78.3 -170.3
20211025205350  -649.8 -78.0 -170.2
20211025205351  -650.0 -78.2 -170.3
20211025205352  -650.1 -77.9 -170.6
20211025205353  -650.2 -77.6 -170.4
20211025205354  -650.3 -77.7 -170.5
20211025205355  -650.3 -77.6 -170.7
20211025205356  -650.4 -77.7 -170.8
20211025205357  -650.4 -77.8 -171.0
20211025205358  -650.6 -77.6 -171.1
20211025205359  -650.3 -77.7 -171.2
20211025205400  -650.5 -77.6 -170.9
20211025205401  -650.3 -77.5 -171.0
20211025205402  -650.7 -77.7 -171.1
20211025205403  -650.5 -77.7 -171.1
20211025205404  -650.1 -77.9 -170.9
20211025205405  -649.5 -77.7 -170.3
20211025205406  -650.5 -77.5 -171.0
20211025205407  -650.7 -77.6 -171.4
20211025205408  -650.7 -77.3 -171.5
20211025205409  -650.9 -77.8 -171.4
20211025205410  -650.9 -78.2 -171.4
20211025205411  -651.2 -78.1 -171.6
20211025205412  -651.1 -77.9 -171.6
20211025205413  -651.2 -78.2 -171.8
20211025205414  -651.3 -78.0 -171.9
20211025205415  -651.2 -78.2 -171.8
20211025205416  -651.1 -78.2 -171.9
20211025205417  -651.4 -78.4 -172.0
20211025205418  -651.2 -78.3 -171.9
20211025205419  -651.3 -78.6 -172.0
20211025205420  -651.2 -78.6 -172.2
20211025205421  -651.2 -78.6 -172.1
20211025205422  -651.1 -78.6 -172.1
20211025205423  -651.1 -78.7 -172.5
20211025205424  -651.1 -78.8 -172.2
20211025205425  -650.9 -79.0 -172.1
20211025205426  -651.1 -78.9 -172.1
20211025205427  -650.9 -78.9 -172.2
20211025205428  -650.6 -78.8 -172.5
20211025205429  -650.7 -79.1 -172.1
20211025205430  -650.5 -79.0 -172.2
20211025205431  -650.2 -78.9 -171.8
20211025205432  -650.9 -79.2 -172.1
20211025205433  -650.7 -79.2 -172.3
20211025205434  -650.5 -79.3 -172.1
20211025205435  -650.5 -79.4 -172.2
20211025205436  -650.7 -79.5 -172.1
20211025205437  -650.8 -79.6 -172.0
20211025205438  -650.4 -79.4 -172.2
20211025205439  -650.3 -79.5 -172.0
20211025205440  -650.4 -79.4 -172.2
20211025205441  -650.5 -79.5 -171.9
20211025205442  -650.3 -79.5 -172.4
20211025205443  -650.5 -79.3 -172.3
20211025205444  -650.4 -79.4 -171.9
20211025205445  -650.7 -79.4 -172.2
20211025205446  -650.6 -79.4 -172.1
20211025205447  -650.6 -79.5 -172.4
20211025205448  -650.9 -79.5 -172.4
20211025205449  -650.6 -79.5 -172.4
20211025205450  -650.7 -79.5 -172.2
20211025205451  -650.7 -79.2 -172.2
20211025205452  -650.8 -79.5 -172.2
20211025205453  -650.6 -79.3 -172.1
20211025205454  -650.6 -79.6 -172.2
20211025205455  -650.6 -79.2 -172.0
20211025205456  -650.5 -79.1 -172.1
20211025205457  -649.9 -79.2 -171.7
20211025205458  -650.4 -79.1 -172.1
20211025205459  -650.7 -78.7 -172.1
20211025205500  -650.6 -78.9 -171.9
20211025205501  -650.5 -78.6 -172.1
20211025205502  -650.5 -78.6 -172.1
20211025205503  -650.6 -78.6 -172.4
20211025205504  -650.7 -78.6 -172.6
20211025205505  -650.4 -78.5 -172.2
20211025205506  -650.4 -78.6 -172.2
20211025205507  -650.0 -78.5 -172.3
20211025205508  -650.2 -78.4 -172.3
20211025205509  -650.3 -78.5 -172.4
20211025205510  -650.2 -78.5 -172.4
20211025205511  -650.5 -78.5 -172.4
20211025205512  -650.5 -78.3 -172.5
20211025205513  -650.6 -78.2 -172.4
20211025205514  -650.5 -78.4 -172.4
20211025205515  -650.8 -78.4 -172.6
20211025205516  -650.7 -78.3 -172.6
20211025205517  -650.5 -78.4 -172.8
20211025205518  -650.6 -78.3 -172.5
20211025205519  -650.6 -78.4 -172.6
20211025205520  -650.3 -78.1 -172.6
20211025205521  -650.8 -78.3 -172.7
20211025205522  -650.3 -78.4 -172.6
20211025205523  -649.6 -78.6 -172.3
20211025205524  -649.1 -78.2 -171.8
20211025205525  -649.0 -78.5 -171.8
20211025205526  -648.8 -78.3 -171.5
20211025205527  -649.1 -78.0 -171.8
20211025205528  -649.7 -78.3 -171.9
20211025205529  -649.4 -78.4 -172.4
20211025205530  -649.7 -78.2 -172.7
20211025205531  -649.5 -78.1 -172.4
20211025205532  -649.9 -78.2 -172.7
20211025205533  -650.1 -78.2 -172.8
20211025205534  -650.0 -78.2 -172.6
20211025205535  -650.0 -78.4 -172.4
20211025205536  -649.9 -78.6 -172.6
20211025205537  -649.8 -78.5 -172.5
20211025205538  -649.7 -78.5 -172.5
20211025205539  -649.9 -78.3 -172.5
20211025205540  -649.9 -78.2 -172.3
20211025205541  -649.8 -78.6 -172.6
20211025205542  -650.0 -78.4 -172.6
20211025205543  -649.9 -78.6 -172.6
20211025205544  -650.1 -78.6 -172.6
20211025205545  -649.8 -78.5 -172.8
20211025205546  -649.7 -78.5 -172.9
20211025205547  -649.7 -78.8 -172.7
20211025205548  -650.0 -78.7 -172.9
20211025205549  -650.1 -78.8 -172.8
20211025205550  -650.1 -78.7 -172.8
20211025205551  -649.9 -78.6 -173.1
20211025205552  -649.9 -78.8 -172.9
20211025205553  -649.5 -78.6 -172.6
20211025205554  -649.3 -78.6 -172.2
20211025205555  -648.8 -78.4 -171.8
20211025205556  -649.0 -78.4 -171.9
20211025205557  -649.6 -78.3 -172.4
20211025205558  -649.8 -78.5 -172.5
20211025205559  -649.7 -78.5 -172.6
20211025205600  -649.5 -78.8 -172.5
20211025205601  -649.5 -78.6 -172.6
20211025205602  -649.9 -78.4 -173.0
20211025205603  -649.8 -78.6 -172.9
20211025205604  -649.7 -78.7 -173.2
20211025205605  -650.2 -78.7 -173.2
20211025205606  -650.2 -78.8 -173.1
20211025205607  -649.9 -78.7 -173.1
20211025205608  -650.0 -78.4 -173.0
20211025205609  -649.9 -78.7 -172.6
20211025205610  -650.1 -78.8 -172.9
20211025205611  -650.2 -78.7 -172.6
20211025205612  -649.9 -78.9 -172.7
20211025205613  -649.8 -78.8 -172.6
20211025205614  -650.0 -78.7 -172.8
20211025205615  -650.0 -78.7 -172.6
20211025205616  -650.0 -78.6 -173.1
20211025205617  -650.3 -79.0 -173.0
20211025205618  -650.5 -79.1 -173.3
20211025205619  -650.3 -79.0 -173.1
20211025205620  -650.7 -78.8 -173.3
20211025205621  -650.7 -78.8 -173.4
20211025205622  -650.7 -78.8 -173.1
20211025205623  -650.2 -79.0 -173.2
20211025205624  -651.0 -79.0 -173.6
20211025205625  -651.0 -79.3 -174.2
20211025205626  -651.1 -79.0 -173.8
20211025205627  -651.3 -79.2 -173.9
20211025205628  -651.2 -79.3 -173.6
20211025205629  -651.2 -79.3 -173.7
20211025205630  -651.3 -79.2 -173.5
20211025205631  -651.7 -79.2 -173.8
20211025205632  -651.5 -79.1 -174.0
20211025205633  -651.3 -79.3 -174.1
20211025205634  -651.1 -79.3 -174.3
20211025205635  -651.2 -79.6 -174.4
20211025205636  -651.0 -79.5 -174.1
20211025205637  -651.0 -79.5 -174.3
20211025205638  -651.1 -79.8 -174.5
20211025205639  -651.4 -79.8 -174.4
20211025205640  -651.4 -79.9 -174.7
20211025205641  -651.2 -79.5 -174.6
20211025205642  -651.2 -79.4 -174.5
20211025205643  -651.2 -79.7 -174.5
20211025205644  -651.3 -79.6 -174.5
20211025205645  -651.1 -79.7 -174.7
20211025205646  -651.4 -79.8 -174.5
20211025205647  -651.3 -79.8 -174.4
20211025205648  -651.2 -79.5 -174.7
20211025205649  -651.1 -79.8 -174.6
20211025205650  -650.4 -79.9 -174.0
20211025205651  -650.4 -79.7 -173.6
20211025205652  -650.1 -79.8 -173.5
20211025205653  -650.5 -79.6 -173.6
20211025205654  -650.9 -79.9 -174.1
20211025205655  -650.7 -79.7 -174.4
20211025205656  -650.5 -80.0 -174.5
20211025205657  -650.6 -79.7 -174.2
20211025205658  -650.6 -79.8 -174.4
20211025205659  -650.6 -79.7 -174.4
20211025205700  -650.5 -80.2 -174.4
20211025205701  -650.5 -80.0 -174.5
20211025205702  -650.6 -80.1 -174.4
20211025205703  -650.4 -79.9 -174.4
20211025205704  -650.4 -80.1 -174.2
20211025205705  -650.5 -80.3 -174.6
20211025205706  -650.6 -80.5 -174.6
20211025205707  -650.5 -80.3 -174.6
20211025205708  -650.5 -80.4 -174.7
20211025205709  -650.4 -80.4 -174.7
20211025205710  -650.7 -80.6 -174.7
20211025205711  -650.6 -80.5 -174.8
20211025205712  -650.6 -80.4 -174.9
20211025205713  -650.7 -80.2 -174.6
20211025205714  -650.6 -79.8 -174.4
20211025205715  -651.0 -80.1 -174.5
20211025205716  -650.8 -80.0 -174.6
20211025205717  -650.8 -80.2 -174.7
20211025205718  -650.4 -80.1 -174.9
20211025205719  -650.4 -80.3 -174.8
20211025205720  -649.9 -80.2 -174.2
20211025205721  -649.9 -80.1 -173.9
20211025205722  -649.7 -79.9 -174.1
20211025205723  -649.6 -79.7 -173.6
20211025205724  -650.1 -79.7 -174.2
20211025205725  -650.2 -79.7 -174.6
20211025205726  -650.3 -79.7 -174.6
20211025205727  -650.3 -79.8 -174.5
20211025205728  -650.4 -80.1 -174.8
20211025205729  -650.6 -80.1 -174.4
20211025205730  -650.1 -80.0 -174.6
20211025205731  -650.4 -79.9 -174.7
20211025205732  -650.3 -80.0 -174.8
20211025205733  -650.5 -80.4 -174.7
20211025205734  -650.9 -80.3 -174.7
20211025205735  -650.8 -80.4 -174.9
20211025205736  -650.7 -80.1 -174.8
20211025205737  -650.7 -80.1 -175.0
20211025205738  -650.5 -80.3 -174.8
20211025205739  -650.7 -80.1 -174.9
20211025205740  -650.7 -80.0 -175.1
20211025205741  -650.9 -80.1 -174.7
20211025205742  -650.7 -80.1 -174.9
20211025205743  -650.6 -80.2 -175.1
20211025205744  -650.5 -80.0 -174.9
20211025205745  -650.5 -79.9 -175.1
20211025205746  -650.9 -80.2 -175.2
20211025205747  -650.6 -80.2 -175.2
20211025205748  -650.6 -80.2 -175.2
20211025205749  -650.7 -79.9 -175.3
20211025205750  -650.2 -80.0 -174.9
20211025205751  -650.6 -80.3 -175.2
20211025205752  -651.0 -80.2 -175.7
20211025205753  -651.0 -80.2 -175.3
20211025205754  -651.0 -80.0 -175.4
20211025205755  -651.2 -80.3 -175.3
20211025205756  -651.0 -80.3 -175.3
20211025205757  -650.9 -80.1 -175.4
20211025205758  -651.1 -80.2 -175.5
20211025205759  -651.3 -80.3 -175.5
20211025205800  -651.5 -80.2 -175.8
20211025205801  -651.2 -80.3 -175.8
20211025205802  -651.6 -80.1 -175.9
20211025205803  -651.6 -80.0 -176.1
20211025205804  -651.4 -80.1 -176.0
20211025205805  -651.4 -80.0 -176.2
20211025205806  -651.4 -80.2 -176.2
20211025205807  -651.3 -80.0 -176.5
20211025205808  -651.2 -80.1 -176.2
20211025205809  -651.5 -80.0 -176.4
20211025205810  -651.3 -80.0 -176.2
20211025205811  -651.7 -80.1 -176.4
20211025205812  -651.5 -79.8 -176.3
