20211110155030  -669.4 -90.6 -184.1
20211110155031  -669.9 -90.8 -184.2
20211110155032  -669.5 -90.7 -184.2
20211110155033  -669.7 -90.8 -184.0
20211110155034  -669.7 -90.7 -183.9
20211110155035  -669.8 -90.9 -183.8
20211110155036  -669.9 -90.7 -183.9
20211110155037  -670.0 -91.0 -183.8
20211110155038  -670.2 -91.2 -183.9
20211110155039  -670.1 -90.9 -184.1
20211110155040  -670.2 -90.9 -184.0
20211110155041  -670.3 -90.9 -184.0
20211110155042  -670.6 -90.8 -183.9
20211110155043  -670.8 -90.6 -184.0
20211110155044  -670.6 -90.9 -184.0
20211110155045  -670.7 -90.8 -183.7
20211110155046  -670.7 -90.5 -183.9
20211110155047  -670.8 -90.4 -183.7
20211110155048  -670.3 -90.8 -183.1
20211110155049  -670.0 -90.7 -183.0
20211110155050  -669.8 -90.6 -183.0
20211110155051  -670.1 -90.6 -182.8
20211110155052  -670.6 -90.6 -183.2
20211110155053  -670.6 -90.8 -183.4
20211110155054  -670.3 -90.6 -183.4
20211110155055  -670.4 -90.5 -183.8
20211110155056  -670.7 -90.5 -183.3
20211110155057  -670.7 -90.4 -183.6
20211110155058  -670.3 -90.4 -183.6
20211110155059  -670.1 -90.4 -183.7
20211110155100  -669.9 -90.5 -183.8
20211110155101  -670.1 -90.2 -183.8
20211110155102  -670.0 -90.5 -183.8
20211110155103  -669.8 -90.3 -184.0
20211110155104  -669.9 -90.3 -184.0
20211110155105  -669.6 -90.4 -184.0
20211110155106  -669.6 -90.1 -184.2
20211110155107  -669.5 -90.1 -184.3
20211110155108  -669.8 -90.2 -184.5
20211110155109  -669.7 -90.1 -184.1
20211110155110  -669.6 -90.2 -184.2
20211110155111  -669.7 -90.0 -183.9
20211110155112  -669.5 -89.9 -184.0
20211110155113  -669.7 -90.1 -184.3
20211110155114  -669.9 -90.2 -184.3
20211110155115  -670.0 -90.3 -184.0
20211110155116  -670.2 -90.2 -183.8
20211110155117  -670.0 -90.3 -183.9
20211110155118  -670.1 -90.4 -183.9
20211110155119  -670.7 -90.7 -184.4
20211110155120  -670.9 -90.8 -184.5
20211110155121  -670.9 -90.8 -184.5
20211110155122  -671.3 -90.9 -184.5
20211110155123  -671.5 -90.8 -184.4
20211110155124  -671.7 -90.8 -184.4
20211110155125  -671.6 -90.9 -184.5
20211110155126  -671.7 -91.0 -184.5
20211110155127  -671.9 -91.0 -184.3
20211110155128  -671.8 -90.8 -184.5
20211110155129  -671.6 -91.0 -184.5
20211110155130  -671.6 -90.3 -184.6
20211110155131  -671.6 -90.5 -184.7
20211110155132  -671.6 -90.5 -184.3
20211110155133  -671.5 -90.8 -184.4
20211110155134  -671.4 -90.7 -184.4
20211110155135  -671.2 -91.0 -184.3
20211110155136  -671.5 -90.8 -184.4
20211110155137  -671.5 -91.1 -184.3
20211110155138  -671.4 -91.0 -184.4
20211110155139  -671.3 -90.9 -184.6
20211110155140  -671.5 -91.1 -184.5
20211110155141  -671.3 -91.2 -184.4
20211110155142  -671.3 -91.5 -184.4
20211110155143  -671.2 -91.3 -184.5
20211110155144  -671.5 -91.2 -184.6
20211110155145  -670.7 -90.7 -183.9
20211110155146  -670.2 -90.8 -183.7
20211110155147  -670.1 -90.7 -183.3
20211110155148  -670.8 -90.5 -183.7
20211110155149  -671.0 -90.5 -184.2
20211110155150  -671.1 -90.8 -184.1
20211110155151  -671.0 -90.7 -184.3
20211110155152  -670.9 -90.9 -184.0
20211110155153  -671.2 -90.9 -184.2
20211110155154  -670.9 -90.5 -184.3
20211110155155  -671.1 -90.7 -184.0
20211110155156  -671.1 -90.6 -184.2
20211110155157  -671.4 -90.8 -183.9
20211110155158  -671.4 -90.8 -183.9
20211110155159  -671.4 -90.8 -184.0
20211110155200  -671.5 -90.6 -183.9
20211110155201  -671.4 -90.6 -183.9
20211110155202  -671.3 -90.9 -184.1
20211110155203  -671.3 -90.9 -184.1
20211110155204  -671.4 -91.1 -184.1
20211110155205  -671.2 -90.8 -183.7
20211110155206  -671.3 -90.7 -184.0
20211110155207  -671.3 -90.6 -183.9
20211110155208  -671.5 -90.6 -183.8
20211110155209  -671.5 -90.7 -183.7
20211110155210  -671.7 -90.7 -183.6
20211110155211  -671.4 -90.6 -184.0
20211110155212  -671.6 -90.8 -183.9
20211110155213  -671.5 -90.8 -183.8
20211110155214  -671.4 -90.7 -183.7
20211110155215  -670.8 -90.9 -183.1
20211110155216  -670.6 -90.5 -182.8
20211110155217  -670.4 -90.2 -182.9
20211110155218  -670.6 -90.4 -183.2
20211110155219  -671.4 -90.3 -183.6
20211110155220  -671.5 -90.3 -183.6
20211110155221  -671.7 -90.3 -183.6
20211110155222  -671.6 -90.3 -183.7
20211110155223  -671.6 -90.0 -183.5
20211110155224  -671.8 -90.5 -183.7
20211110155225  -671.9 -90.3 -183.7
20211110155226  -672.0 -90.6 -183.4
20211110155227  -671.7 -90.5 -183.7
20211110155228  -671.7 -90.1 -183.6
20211110155229  -671.6 -90.4 -183.4
20211110155230  -671.8 -90.4 -183.5
20211110155231  -671.6 -90.2 -183.8
20211110155232  -671.6 -90.3 -184.1
20211110155233  -671.5 -90.4 -183.8
20211110155234  -671.4 -90.2 -183.9
20211110155235  -671.7 -90.4 -184.0
20211110155236  -671.5 -90.6 -183.8
20211110155237  -671.3 -90.7 -184.0
20211110155238  -671.5 -90.8 -183.9
20211110155239  -671.4 -90.9 -184.2
20211110155240  -671.7 -90.7 -184.0
20211110155241  -671.2 -90.8 -184.0
20211110155242  -671.2 -90.6 -184.0
20211110155243  -671.3 -90.6 -183.9
20211110155244  -671.4 -90.6 -184.1
20211110155245  -670.7 -90.7 -183.7
20211110155246  -671.3 -90.6 -183.9
20211110155247  -671.2 -90.4 -184.2
20211110155248  -671.4 -90.3 -184.1
20211110155249  -671.3 -90.6 -184.2
20211110155250  -671.4 -90.6 -184.1
20211110155251  -671.4 -90.4 -184.2
20211110155252  -671.5 -90.5 -184.0
20211110155253  -671.7 -90.9 -184.3
20211110155254  -671.9 -90.8 -184.2
20211110155255  -671.8 -90.7 -184.2
20211110155256  -672.0 -90.3 -184.2
20211110155257  -671.7 -90.5 -184.2
20211110155258  -671.7 -90.6 -184.3
20211110155259  -671.7 -90.5 -184.1
20211110155300  -671.9 -90.7 -183.9
20211110155301  -672.0 -90.8 -183.9
20211110155302  -671.7 -90.6 -183.8
20211110155303  -671.9 -90.8 -184.1
20211110155304  -671.9 -90.8 -184.2
20211110155305  -672.1 -90.5 -183.8
20211110155306  -672.0 -90.7 -183.9
20211110155307  -671.8 -90.5 -184.0
20211110155308  -671.9 -90.7 -183.7
20211110155309  -671.5 -90.5 -183.7
20211110155310  -671.3 -90.5 -183.8
20211110155311  -671.1 -90.6 -183.5
20211110155312  -670.2 -90.2 -182.7
20211110155313  -671.1 -90.3 -183.1
20211110155314  -671.1 -90.6 -183.4
20211110155315  -671.0 -90.6 -183.6
20211110155316  -670.9 -90.3 -183.5
20211110155317  -671.3 -90.4 -183.8
20211110155318  -671.3 -90.4 -183.9
20211110155319  -671.5 -90.2 -184.1
20211110155320  -671.6 -90.2 -183.8
20211110155321  -671.7 -90.1 -183.8
20211110155322  -671.8 -90.4 -183.8
20211110155323  -671.8 -90.5 -183.7
20211110155324  -671.6 -90.2 -183.8
20211110155325  -671.5 -90.2 -184.0
20211110155326  -671.6 -90.5 -183.9
20211110155327  -671.7 -90.3 -183.7
20211110155328  -671.7 -90.1 -183.8
20211110155329  -671.6 -90.1 -184.0
20211110155330  -671.6 -90.1 -184.0
20211110155331  -671.6 -89.9 -184.0
20211110155332  -671.9 -90.0 -183.9
20211110155333  -671.9 -89.9 -183.5
20211110155334  -671.7 -89.9 -183.6
20211110155335  -671.9 -89.8 -183.6
20211110155336  -671.7 -90.3 -183.4
20211110155337  -671.8 -90.4 -183.7
20211110155338  -671.6 -90.3 -183.1
20211110155339  -671.2 -90.0 -182.8
20211110155340  -671.7 -90.1 -183.5
20211110155341  -672.0 -90.1 -183.9
20211110155342  -671.9 -90.0 -183.5
20211110155343  -671.9 -90.1 -183.4
20211110155344  -671.8 -90.3 -183.4
20211110155345  -671.8 -90.0 -183.6
20211110155346  -671.7 -90.2 -183.6
20211110155347  -671.7 -90.1 -183.5
20211110155348  -671.7 -90.1 -183.6
20211110155349  -671.7 -89.7 -183.6
20211110155350  -671.5 -89.7 -183.9
20211110155351  -671.6 -89.9 -183.7
20211110155352  -671.4 -89.8 -183.9
20211110155353  -671.3 -89.7 -184.0
20211110155354  -671.4 -90.0 -183.8
20211110155355  -671.1 -89.9 -183.8
20211110155356  -671.0 -89.7 -183.9
20211110155357  -671.0 -89.7 -183.8
20211110155358  -671.1 -89.7 -183.9
20211110155359  -671.1 -89.6 -183.7
20211110155400  -671.1 -89.8 -183.5
20211110155401  -671.2 -90.0 -183.5
20211110155402  -671.2 -90.0 -183.5
20211110155403  -671.4 -90.0 -183.8
20211110155404  -671.2 -90.0 -183.9
20211110155405  -670.8 -89.8 -183.2
20211110155406  -670.8 -89.7 -183.0
20211110155407  -671.5 -89.7 -183.4
20211110155408  -671.4 -89.7 -183.3
20211110155409  -671.2 -89.6 -183.4
20211110155410  -671.1 -89.6 -183.5
20211110155411  -671.5 -89.4 -183.8
20211110155412  -671.4 -89.8 -183.8
20211110155413  -671.3 -90.0 -183.6
20211110155414  -671.4 -89.7 -183.7
20211110155415  -671.5 -89.5 -183.6
