
20211030233045  -1049.2 108.3 -237.1
20211030233046  -1048.6 108.9 -236.8
20211030233047  -1047.6 108.9 -236.6
20211030233048  -1046.4 108.5 -236.2
20211030233049  -1045.3 107.9 -235.9
20211030233050  -1043.8 107.4 -235.3
20211030233051  -1042.5 107.1 -234.9
20211030233052  -1041.0 106.8 -234.7
20211030233053  -1040.1 107.2 -235.1
20211030233054  -1039.2 107.7 -235.6
20211030233055  -1038.8 107.8 -236.3
20211030233056  -1038.7 107.4 -236.8
20211030233057  -1038.4 106.6 -237.0
20211030233058  -1037.6 105.5 -236.0
20211030233059  -1037.0 104.9 -235.5
20211030233100  -1036.0 104.5 -235.1
20211030233101  -1035.2 104.3 -235.0
20211030233102  -1034.5 104.1 -235.9
20211030233103  -1034.2 103.6 -236.3
20211030233104  -1033.8 103.8 -236.8
20211030233105  -1033.5 104.4 -236.8
20211030233106  -1033.7 105.4 -237.2
20211030233107  -1034.0 106.2 -237.5
20211030233108  -1034.1 106.8 -237.4
20211030233109  -1034.3 107.4 -237.7
20211030233110  -1034.4 107.6 -237.8
20211030233111  -1034.3 107.1 -238.0
20211030233112  -1034.1 106.7 -237.8
20211030233113  -1034.3 106.8 -237.4
20211030233114  -1034.4 108.0 -236.7
20211030233115  -1033.9 109.6 -236.2
20211030233116  -1033.5 111.3 -236.6
20211030233117  -1033.2 112.8 -237.0
20211030233118  -1032.8 113.6 -237.2
20211030233119  -1032.3 113.5 -236.4
20211030233120  -1031.8 114.0 -235.2
20211030233121  -1031.8 114.7 -234.3
20211030233122  -1031.1 115.3 -233.6
20211030233123  -1030.3 116.1 -233.0
20211030233124  -1029.7 116.7 -233.0
20211030233125  -1028.9 116.8 -233.0
20211030233126  -1027.8 116.0 -233.0
20211030233127  -1027.5 115.6 -233.0
20211030233128  -1027.0 115.6 -233.3
20211030233129  -1026.6 115.2 -233.8
20211030233130  -1026.1 115.4 -234.5
20211030233131  -1026.0 115.3 -234.9
20211030233132  -1025.9 115.6 -235.2
20211030233133  -1025.7 115.4 -235.5
20211030233134  -1026.1 115.3 -235.7
20211030233135  -1026.6 114.9 -236.3
20211030233136  -1026.7 114.7 -236.8
20211030233137  -1026.9 114.3 -237.4
20211030233138  -1027.0 114.7 -237.8
20211030233139  -1026.9 115.3 -238.3
20211030233140  -1026.4 115.6 -238.6
20211030233141  -1026.4 115.7 -238.1
20211030233142  -1025.9 115.5 -237.7
20211030233143  -1025.7 115.4 -236.9
20211030233144  -1025.4 115.5 -236.7
20211030233145  -1025.4 115.9 -236.8
20211030233146  -1025.4 116.4 -236.8
20211030233147  -1025.5 116.6 -237.4
20211030233148  -1025.9 117.6 -237.3
20211030233149  -1025.9 117.8 -237.2
20211030233150  -1025.9 118.4 -237.0
20211030233151  -1025.7 119.3 -236.8
20211030233152  -1026.0 119.8 -237.0
20211030233153  -1026.1 120.9 -237.3
20211030233154  -1026.6 121.4 -238.0
20211030233155  -1027.3 121.8 -238.5
20211030233156  -1027.9 122.1 -238.4
20211030233157  -1028.1 122.4 -237.4
20211030233158  -1028.2 123.5 -236.1
20211030233159  -1028.3 124.3 -235.3
20211030233200  -1028.5 125.1 -235.3
20211030233201  -1028.7 125.4 -236.2
20211030233202  -1029.2 125.4 -237.3
20211030233203  -1029.8 125.6 -238.1
20211030233204  -1030.5 125.8 -238.3
20211030233205  -1030.6 125.6 -238.6
20211030233206  -1031.0 125.0 -238.2
20211030233207  -1031.4 124.1 -238.4
20211030233208  -1032.0 122.5 -238.7
20211030233209  -1032.3 120.7 -239.6
20211030233210  -1033.4 118.9 -240.3
20211030233211  -1034.2 117.7 -240.7
20211030233212  -1035.2 117.3 -240.6
20211030233213  -1035.6 117.5 -240.4
20211030233214  -1036.3 118.2 -240.8
20211030233215  -1036.6 119.7 -241.7
20211030233216  -1036.8 121.3 -242.2
20211030233217  -1036.8 122.4 -243.1
20211030233218  -1036.8 123.1 -243.4
20211030233219  -1036.3 122.6 -243.5
20211030233220  -1036.3 122.6 -243.2
20211030233221  -1036.0 123.2 -242.2
20211030233222  -1035.6 124.0 -241.2
20211030233223  -1034.9 124.5 -240.4
20211030233224  -1034.1 124.9 -240.1
20211030233225  -1033.6 123.9 -240.2
20211030233226  -1032.7 123.0 -239.9
20211030233227  -1031.6 122.3 -239.3
20211030233228  -1031.0 122.1 -239.3
20211030233229  -1030.3 122.4 -238.9
20211030233230  -1029.8 123.0 -238.9
20211030233231  -1029.0 123.0 -238.9
20211030233232  -1028.6 122.7 -238.6
20211030233233  -1028.6 122.1 -238.9
20211030233234  -1028.7 121.8 -239.2
20211030233235  -1028.4 121.3 -238.8
20211030233236  -1027.8 120.8 -238.7
20211030233237  -1027.3 120.4 -238.0
20211030233238  -1026.9 120.7 -237.0
20211030233239  -1026.3 121.2 -236.7
20211030233240  -1025.5 122.0 -236.4
20211030233241  -1025.0 123.1 -236.6
20211030233242  -1023.9 123.4 -236.7
20211030233243  -1023.5 123.0 -237.0
20211030233244  -1023.1 122.2 -236.0
20211030233245  -1022.7 121.9 -235.3
20211030233246  -1022.7 121.5 -234.9
20211030233247  -1023.1 121.3 -234.9
20211030233248  -1023.4 120.9 -234.6
20211030233249  -1023.2 120.1 -234.4
20211030233250  -1023.2 119.5 -234.3
20211030233251  -1023.6 118.7 -234.0
20211030233252  -1023.8 118.2 -233.5
20211030233253  -1023.9 117.4 -233.0
20211030233254  -1023.5 116.7 -232.2
20211030233255  -1022.7 117.2 -232.0
20211030233256  -1022.7 117.6 -232.3
20211030233257  -1022.7 117.4 -233.8
20211030233258  -1023.0 117.6 -235.5
20211030233259  -1022.8 116.7 -236.4
20211030233300  -1022.9 115.7 -237.3
20211030233301  -1022.3 114.7 -237.3
20211030233302  -1021.6 113.6 -236.3
20211030233303  -1020.9 112.7 -235.4
20211030233304  -1019.6 112.7 -234.1
20211030233305  -1019.0 113.5 -232.5
20211030233306  -1018.4 114.1 -231.6
20211030233307  -1018.3 115.3 -230.9
20211030233308  -1018.1 115.9 -230.8
20211030233309  -1018.1 116.5 -231.2
20211030233310  -1018.0 116.7 -230.8
20211030233311  -1017.7 116.5 -230.7
20211030233312  -1017.3 116.5 -230.7
20211030233313  -1017.0 116.0 -230.3
20211030233314  -1016.5 115.1 -230.0
20211030233315  -1016.1 114.7 -230.0
20211030233316  -1015.6 114.5 -229.7
20211030233317  -1015.3 114.4 -229.5
20211030233318  -1014.7 114.4 -229.3
20211030233319  -1014.0 114.3 -229.3
20211030233320  -1013.1 113.8 -229.4
20211030233321  -1012.5 112.9 -229.8
20211030233322  -1011.8 111.7 -230.6
20211030233323  -1012.1 111.4 -231.5
20211030233324  -1012.1 111.9 -232.4
20211030233325  -1012.5 112.3 -233.0
20211030233326  -1012.8 112.8 -233.4
20211030233327  -1012.8 112.2 -233.3
20211030233328  -1012.6 111.6 -233.0
20211030233329  -1012.0 111.1 -232.0
20211030233330  -1011.8 111.1 -231.3
20211030233331  -1011.8 110.8 -230.9
20211030233332  -1011.2 110.4 -230.0
20211030233333  -1010.4 110.6 -230.0
20211030233334  -1009.8 110.8 -229.8
20211030233335  -1009.1 111.0 -229.9
20211030233336  -1008.9 111.6 -230.7
20211030233337  -1008.9 111.6 -231.3
20211030233338  -1009.2 111.1 -232.5
20211030233339  -1009.9 110.5 -233.2
20211030233340  -1010.3 109.3 -233.6
20211030233341  -1010.4 108.8 -234.0
20211030233342  -1010.3 108.3 -233.0
20211030233343  -1009.8 107.6 -232.5
20211030233344  -1009.2 106.9 -232.6
20211030233345  -1009.2 106.3 -233.3
20211030233346  -1008.9 105.9 -233.5
20211030233347  -1008.4 106.0 -233.9
20211030233348  -1008.1 105.8 -234.0
20211030233349  -1007.9 105.7 -234.1
20211030233350  -1007.0 105.2 -234.3
20211030233351  -1006.8 104.3 -234.8
20211030233352  -1006.8 103.9 -235.8
20211030233353  -1006.9 103.6 -236.2
20211030233354  -1007.5 103.6 -236.5
20211030233355  -1007.5 103.9 -236.5
20211030233356  -1007.5 104.2 -235.7
20211030233357  -1006.9 104.4 -234.4
20211030233358  -1006.2 104.6 -233.8
20211030233359  -1006.0 105.1 -233.8
20211030233400  -1005.9 105.2 -233.7
20211030233401  -1005.8 105.3 -234.4
20211030233402  -1005.7 105.5 -234.6
20211030233403  -1005.9 105.7 -235.0
20211030233404  -1006.3 106.2 -235.2
20211030233405  -1006.6 107.0 -235.7
20211030233406  -1006.9 107.6 -236.3
20211030233407  -1007.0 108.1 -237.2
20211030233408  -1007.1 107.9 -237.8
20211030233409  -1007.0 106.8 -238.4
20211030233410  -1007.1 105.2 -238.2
20211030233411  -1006.7 103.1 -238.3
20211030233412  -1006.7 101.7 -238.0
20211030233413  -1006.9 100.5 -238.3
20211030233414  -1006.8 100.3 -238.6
20211030233415  -1006.6 100.0 -239.0
20211030233416  -1006.6 100.1 -238.6
20211030233417  -1006.9 100.3 -238.4
20211030233418  -1007.2 101.1 -238.3
20211030233419  -1007.5 101.6 -237.9
