20211101224054  -661.1 -88.8 -196.1
20211101224055  -661.3 -88.6 -195.8
20211101224056  -661.1 -88.7 -195.7
20211101224057  -661.1 -88.8 -195.9
20211101224058  -661.2 -88.6 -196.0
20211101224059  -661.2 -88.6 -196.2
20211101224100  -661.1 -88.8 -196.0
20211101224101  -661.1 -88.9 -196.4
20211101224102  -661.2 -89.1 -196.5
20211101224103  -661.2 -88.8 -196.3
20211101224104  -661.1 -88.7 -196.4
20211101224105  -661.3 -88.9 -196.4
20211101224106  -661.4 -88.9 -196.4
20211101224107  -660.7 -88.9 -196.4
20211101224108  -661.0 -88.8 -196.4
20211101224109  -661.0 -89.0 -196.3
20211101224110  -661.1 -89.1 -196.4
20211101224111  -661.2 -89.3 -196.4
20211101224112  -660.9 -89.2 -196.3
20211101224113  -660.9 -89.1 -196.2
20211101224114  -661.0 -89.3 -196.6
20211101224115  -661.2 -89.4 -196.6
20211101224116  -661.3 -89.5 -196.4
20211101224117  -661.3 -89.5 -196.9
20211101224118  -661.2 -89.6 -196.8
20211101224119  -661.1 -89.7 -196.5
20211101224120  -661.2 -89.4 -196.6
20211101224121  -660.9 -89.4 -196.6
20211101224122  -660.8 -89.6 -196.8
20211101224123  -660.9 -89.4 -196.8
20211101224124  -661.2 -89.5 -196.8
20211101224125  -661.2 -89.7 -197.1
20211101224126  -661.4 -89.7 -197.1
20211101224127  -661.3 -89.4 -197.1
20211101224128  -661.5 -89.7 -197.0
20211101224129  -661.5 -89.8 -197.1
20211101224130  -661.0 -89.8 -197.1
20211101224131  -661.1 -89.5 -197.0
20211101224132  -660.9 -89.6 -197.0
20211101224133  -661.1 -89.7 -196.9
20211101224134  -661.2 -89.5 -197.0
20211101224135  -661.3 -89.6 -196.9
20211101224136  -661.3 -89.5 -196.8
20211101224137  -661.3 -89.7 -197.0
20211101224138  -661.2 -89.9 -196.9
20211101224139  -661.5 -89.8 -197.1
20211101224140  -661.3 -89.9 -197.0
20211101224141  -661.2 -89.9 -197.0
20211101224142  -661.5 -89.8 -197.3
20211101224143  -661.1 -89.9 -197.2
20211101224144  -661.2 -89.8 -197.1
20211101224145  -661.2 -89.9 -197.0
20211101224146  -661.4 -89.8 -197.1
20211101224147  -661.4 -89.7 -197.4
20211101224148  -661.3 -89.7 -197.3
20211101224149  -661.4 -89.6 -197.5
20211101224150  -661.1 -89.4 -197.5
20211101224151  -661.4 -89.6 -197.2
20211101224152  -661.3 -89.7 -197.3
20211101224153  -661.2 -89.8 -197.6
20211101224154  -661.2 -89.7 -197.8
20211101224155  -661.1 -89.6 -197.5
20211101224156  -661.2 -89.6 -197.7
20211101224157  -661.3 -89.5 -197.2
20211101224158  -661.0 -89.9 -197.6
20211101224159  -661.2 -89.7 -197.6
20211101224200  -661.2 -89.7 -197.6
20211101224201  -661.2 -89.6 -197.9
20211101224202  -661.5 -89.7 -197.8
20211101224203  -661.3 -89.5 -197.8
20211101224204  -661.6 -89.9 -197.8
20211101224205  -661.2 -89.8 -197.8
20211101224206  -661.1 -89.8 -197.9
20211101224207  -661.0 -89.8 -197.7
20211101224208  -660.9 -89.7 -197.7
20211101224209  -661.2 -89.7 -198.2
20211101224210  -661.1 -90.0 -197.9
20211101224211  -661.1 -89.9 -197.9
20211101224212  -661.3 -90.0 -197.9
20211101224213  -661.3 -90.1 -197.9
20211101224214  -661.4 -90.0 -197.8
20211101224215  -661.3 -89.9 -197.9
20211101224216  -661.4 -89.6 -197.8
20211101224217  -661.6 -89.8 -197.8
20211101224218  -661.5 -90.0 -197.8
20211101224219  -661.0 -89.7 -197.9
20211101224220  -661.1 -89.7 -197.8
20211101224221  -661.1 -89.6 -197.7
20211101224222  -661.0 -89.8 -197.8
20211101224223  -661.3 -90.0 -197.7
20211101224224  -661.0 -89.8 -197.8
20211101224225  -661.1 -89.8 -197.8
20211101224226  -661.2 -89.6 -197.7
20211101224227  -661.4 -89.6 -197.8
20211101224228  -661.4 -90.0 -198.1
20211101224229  -661.4 -89.7 -197.7
20211101224230  -661.4 -89.6 -198.1
20211101224231  -661.2 -89.7 -197.9
20211101224232  -661.2 -89.6 -197.8
20211101224233  -661.4 -89.8 -198.1
20211101224234  -661.3 -89.8 -197.9
20211101224235  -661.4 -89.7 -197.8
20211101224236  -661.5 -89.7 -197.7
20211101224237  -661.3 -89.6 -197.9
20211101224238  -660.9 -89.6 -197.6
20211101224239  -661.1 -89.7 -197.7
20211101224240  -661.1 -89.6 -197.9
20211101224241  -661.2 -89.7 -197.7
20211101224242  -661.4 -89.8 -197.9
20211101224243  -661.4 -89.7 -197.8
20211101224244  -661.2 -89.7 -197.8
20211101224245  -661.4 -89.8 -197.8
20211101224246  -661.1 -89.7 -197.5
20211101224247  -661.1 -89.6 -197.9
20211101224248  -660.8 -89.7 -198.1
20211101224249  -660.9 -89.8 -197.9
20211101224250  -661.2 -89.7 -198.0
20211101224251  -660.9 -90.0 -197.8
20211101224252  -661.2 -89.9 -198.1
20211101224253  -661.3 -89.8 -198.2
20211101224254  -661.1 -90.1 -197.9
20211101224255  -660.8 -90.1 -198.4
20211101224256  -660.8 -90.0 -197.9
20211101224257  -660.7 -89.9 -198.2
20211101224258  -660.8 -89.8 -198.4
20211101224259  -660.7 -90.3 -198.3
20211101224300  -660.8 -90.2 -198.2
20211101224301  -660.8 -90.3 -198.1
20211101224302  -661.1 -90.1 -198.4
20211101224303  -661.3 -90.2 -198.4
20211101224304  -661.2 -90.2 -198.4
20211101224305  -661.0 -89.9 -198.3
20211101224306  -661.1 -89.9 -198.3
20211101224307  -661.1 -89.9 -198.1
20211101224308  -660.7 -89.7 -197.8
20211101224309  -661.4 -89.8 -198.2
20211101224310  -661.2 -89.9 -198.4
20211101224311  -661.0 -89.8 -198.5
20211101224312  -660.9 -89.6 -198.4
20211101224313  -661.2 -89.8 -198.5
20211101224314  -661.0 -89.9 -198.3
20211101224315  -661.2 -89.8 -198.6
20211101224316  -661.2 -89.9 -198.5
20211101224317  -660.9 -89.7 -198.7
20211101224318  -660.8 -89.8 -198.6
20211101224319  -661.0 -89.7 -198.3
20211101224320  -661.2 -89.7 -198.4
20211101224321  -661.0 -89.7 -198.5
20211101224322  -660.9 -89.9 -198.5
20211101224323  -660.9 -89.9 -198.7
20211101224324  -661.0 -89.8 -198.3
20211101224325  -660.7 -89.8 -198.3
20211101224326  -660.7 -89.8 -198.4
20211101224327  -660.9 -89.9 -198.6
20211101224328  -661.0 -89.9 -198.5
20211101224329  -660.6 -89.7 -198.5
20211101224330  -660.4 -89.9 -198.4
20211101224331  -660.4 -89.9 -198.5
20211101224332  -660.5 -89.8 -198.4
20211101224333  -660.3 -90.1 -198.3
20211101224334  -660.3 -90.1 -198.3
20211101224335  -660.6 -90.4 -198.1
20211101224336  -660.6 -90.3 -198.1
20211101224337  -660.4 -90.1 -198.2
20211101224338  -660.1 -90.3 -198.3
20211101224339  -660.1 -90.2 -198.3
20211101224340  -660.2 -89.9 -198.5
20211101224341  -660.1 -90.1 -198.2
20211101224342  -660.2 -90.3 -198.2
20211101224343  -660.0 -90.3 -198.2
20211101224344  -660.2 -90.3 -198.4
20211101224345  -660.2 -90.4 -198.8
20211101224346  -660.2 -90.3 -198.5
20211101224347  -660.2 -90.2 -198.5
20211101224348  -660.1 -90.2 -198.4
20211101224349  -660.0 -90.2 -198.2
20211101224350  -659.9 -90.5 -198.3
20211101224351  -659.9 -90.3 -198.6
20211101224352  -660.1 -90.2 -198.2
20211101224353  -660.0 -90.2 -198.3
20211101224354  -659.8 -90.5 -198.3
20211101224355  -659.6 -90.1 -198.4
20211101224356  -659.4 -90.1 -198.2
20211101224357  -659.5 -89.9 -198.1
20211101224358  -659.7 -90.2 -197.9
20211101224359  -659.7 -90.0 -197.9
20211101224400  -659.8 -90.1 -197.8
20211101224401  -659.9 -90.4 -198.0
20211101224402  -659.6 -90.4 -198.2
20211101224403  -659.7 -90.4 -198.3
20211101224404  -660.0 -90.4 -198.2
20211101224405  -660.0 -90.2 -198.1
20211101224406  -660.2 -90.4 -198.3
20211101224407  -659.6 -90.2 -198.1
20211101224408  -659.9 -90.2 -198.1
20211101224409  -659.8 -90.2 -198.3
20211101224410  -659.9 -90.1 -198.3
20211101224411  -659.9 -90.2 -198.1
20211101224412  -659.9 -90.1 -198.1
20211101224413  -660.2 -90.3 -198.2
20211101224414  -660.1 -90.3 -198.3
20211101224415  -660.0 -90.1 -198.0
20211101224416  -659.8 -90.3 -198.1
20211101224417  -659.8 -90.2 -198.3
20211101224418  -660.0 -90.3 -198.1
20211101224419  -660.0 -90.4 -198.4
20211101224420  -660.0 -90.5 -198.6
20211101224421  -660.0 -90.3 -198.6
20211101224422  -659.7 -90.4 -198.5
20211101224423  -659.9 -90.4 -198.2
20211101224424  -659.8 -90.4 -198.2
20211101224425  -659.8 -90.6 -197.9
20211101224426  -659.8 -90.6 -198.2
20211101224427  -659.5 -90.4 -198.3
20211101224428  -659.9 -90.4 -198.5
20211101224429  -659.8 -90.5 -198.5
20211101224430  -659.6 -90.6 -198.3
20211101224431  -659.8 -90.4 -198.2
20211101224432  -659.9 -90.5 -198.3
20211101224433  -659.9 -90.4 -198.0
20211101224434  -660.0 -90.7 -198.3
20211101224435  -659.7 -90.4 -198.1
20211101224436  -659.4 -90.8 -198.2
20211101224437  -659.5 -90.9 -198.0
20211101224438  -659.6 -90.8 -198.2
20211101224439  -659.3 -90.7 -198.0
20211101224440  -659.5 -90.7 -198.1
20211101224441  -659.6 -90.9 -198.4
20211101224442  -659.3 -90.9 -198.1
20211101224443  -659.2 -90.8 -197.9
20211101224444  -659.3 -90.8 -198.1
20211101224445  -659.2 -90.4 -198.0
20211101224446  -659.3 -90.6 -197.9
20211101224447  -659.3 -90.6 -198.2
20211101224448  -659.2 -90.5 -198.1
20211101224449  -659.1 -90.9 -198.1
20211101224450  -659.4 -90.8 -198.2
20211101224451  -659.5 -90.9 -197.9
20211101224452  -659.4 -90.5 -197.8
20211101224453  -659.5 -90.8 -198.0
20211101224454  -659.3 -90.8 -197.9
20211101224455  -659.6 -90.7 -198.0
20211101224456  -659.6 -91.0 -198.3
20211101224457  -659.4 -91.2 -198.1
20211101224458  -659.4 -90.9 -198.0
20211101224459  -659.3 -90.9 -197.8
20211101224500  -659.3 -90.7 -197.8
20211101224501  -659.2 -90.8 -198.0
20211101224502  -659.2 -90.9 -198.3
20211101224503  -658.9 -90.7 -197.9
20211101224504  -658.9 -90.5 -197.9
20211101224505  -659.2 -90.7 -197.9
20211101224506  -658.9 -90.8 -197.8
20211101224507  -658.9 -90.8 -197.9
20211101224508  -659.1 -90.5 -197.9
20211101224509  -658.8 -90.7 -197.5
20211101224510  -659.1 -90.8 -197.6
20211101224511  -659.0 -90.6 -197.6
20211101224512  -659.0 -90.5 -197.5
20211101224513  -659.2 -90.7 -197.7
20211101224514  -659.1 -90.9 -197.7
20211101224515  -659.2 -90.9 -197.6
20211101224516  -659.2 -90.9 -197.4
20211101224517  -659.3 -90.9 -197.5
20211101224518  -659.2 -91.0 -197.9
20211101224519  -659.3 -91.3 -197.8
20211101224520  -659.3 -91.2 -198.1
20211101224521  -659.2 -91.4 -197.6
20211101224522  -659.4 -91.0 -197.7
20211101224523  -659.6 -90.9 -197.6
20211101224524  -659.3 -91.2 -197.6
20211101224525  -659.2 -91.4 -197.9
20211101224526  -659.3 -91.2 -197.5
20211101224527  -659.1 -91.1 -197.6
20211101224528  -659.2 -91.5 -197.8
20211101224529  -659.6 -91.5 -198.0
20211101224530  -659.4 -91.4 -197.9
20211101224531  -659.3 -91.8 -197.9
20211101224532  -659.3 -92.0 -197.8
20211101224533  -659.4 -91.8 -197.9
20211101224534  -659.6 -92.0 -197.8
20211101224535  -659.5 -91.6 -197.9
20211101224536  -659.8 -91.7 -198.2
20211101224537  -659.7 -91.6 -198.0
20211101224538  -659.6 -91.8 -197.8
20211101224539  -659.2 -91.6 -197.6
20211101224540  -659.7 -91.8 -198.0
20211101224541  -659.7 -91.6 -198.0
20211101224542  -659.9 -91.5 -197.8
20211101224543  -659.9 -91.5 -197.9
20211101224544  -659.7 -91.2 -197.6
20211101224545  -659.7 -91.5 -197.6
20211101224546  -659.8 -91.7 -197.6
20211101224547  -660.1 -91.6 -197.4
20211101224548  -659.9 -91.5 -197.7
20211101224549  -660.0 -91.4 -197.6
20211101224550  -660.0 -91.5 -197.6
20211101224551  -660.0 -91.5 -197.7
20211101224552  -660.4 -91.8 -197.9
20211101224553  -660.2 -92.0 -197.8
20211101224554  -660.3 -91.8 -197.6
20211101224555  -660.2 -91.7 -197.7
20211101224556  -660.1 -91.6 -197.6
20211101224557  -660.3 -91.6 -197.7
20211101224558  -660.4 -91.6 -197.6
20211101224559  -660.6 -91.8 -197.9
20211101224600  -660.4 -91.6 -197.8
20211101224601  -660.4 -91.8 -197.9
20211101224602  -660.3 -91.9 -197.5
20211101224603  -660.0 -91.9 -197.4
20211101224604  -660.0 -92.1 -197.5
20211101224605  -660.3 -91.8 -197.7
20211101224606  -660.3 -92.2 -197.7
20211101224607  -660.3 -91.8 -197.9
20211101224608  -660.3 -92.0 -197.7
20211101224609  -659.9 -92.0 -197.2
20211101224610  -660.0 -91.7 -196.8
20211101224611  -660.1 -91.8 -197.3
20211101224612  -660.0 -92.0 -197.4
20211101224613  -659.9 -91.8 -197.3
20211101224614  -660.1 -91.5 -197.3
20211101224615  -660.0 -91.6 -197.1
20211101224616  -660.2 -91.8 -197.3
20211101224617  -660.0 -91.3 -197.3
20211101224618  -660.3 -91.6 -197.4
20211101224619  -659.9 -91.5 -197.2
20211101224620  -660.0 -91.5 -197.1
20211101224621  -660.0 -91.5 -197.3
20211101224622  -660.0 -91.6 -197.5
