20211110150033  -669.8 -92.3 -179.8
20211110150034  -669.9 -92.5 -180.0
20211110150035  -670.1 -92.6 -179.9
20211110150036  -670.3 -92.2 -180.0
20211110150037  -670.4 -92.4 -179.9
20211110150038  -670.4 -92.3 -179.9
20211110150039  -670.1 -92.2 -180.0
20211110150040  -670.0 -92.3 -179.7
20211110150041  -670.1 -92.4 -179.9
20211110150042  -670.1 -92.2 -180.0
20211110150043  -670.3 -92.5 -179.7
20211110150044  -670.1 -92.2 -179.9
20211110150045  -670.1 -92.1 -179.9
20211110150046  -669.4 -92.1 -179.4
20211110150047  -669.9 -92.1 -179.6
20211110150048  -670.1 -92.5 -179.6
20211110150049  -670.0 -92.2 -179.8
20211110150050  -670.2 -92.4 -179.9
20211110150051  -670.2 -92.6 -180.0
20211110150052  -670.2 -92.5 -180.1
20211110150053  -670.1 -92.5 -180.1
20211110150054  -670.4 -92.3 -180.5
20211110150055  -670.1 -92.1 -180.4
20211110150056  -670.3 -92.2 -180.2
20211110150057  -670.2 -92.6 -180.2
20211110150058  -670.0 -92.4 -180.0
20211110150059  -670.1 -92.1 -180.1
20211110150100  -670.4 -92.1 -180.5
20211110150101  -670.1 -92.4 -180.5
20211110150102  -670.0 -92.2 -180.2
20211110150103  -669.9 -92.4 -179.9
20211110150104  -669.9 -92.0 -180.1
20211110150105  -670.1 -92.2 -180.0
20211110150106  -670.0 -92.3 -180.2
20211110150107  -669.9 -92.1 -180.3
20211110150108  -670.0 -91.9 -180.1
20211110150109  -670.0 -92.0 -180.1
20211110150110  -669.7 -92.1 -180.1
20211110150111  -669.9 -92.4 -180.3
20211110150112  -670.2 -92.7 -180.0
20211110150113  -670.0 -92.4 -180.1
20211110150114  -670.2 -92.4 -180.2
20211110150115  -670.3 -92.7 -180.0
20211110150116  -669.3 -92.5 -179.2
20211110150117  -669.2 -92.3 -179.4
20211110150118  -669.7 -92.3 -179.5
20211110150119  -670.0 -92.5 -179.7
20211110150120  -670.4 -92.6 -179.9
20211110150121  -670.6 -92.7 -179.8
20211110150122  -670.5 -92.6 -179.9
20211110150123  -670.3 -92.5 -179.9
20211110150124  -670.7 -92.7 -179.7
20211110150125  -670.8 -92.1 -179.9
20211110150126  -670.8 -92.2 -179.7
20211110150127  -670.6 -92.3 -179.9
20211110150128  -670.9 -92.1 -180.0
20211110150129  -671.0 -92.3 -180.2
20211110150130  -671.0 -92.0 -180.0
20211110150131  -671.0 -92.1 -180.1
20211110150132  -670.9 -92.1 -179.9
20211110150133  -671.0 -92.2 -179.9
20211110150134  -670.9 -92.1 -179.9
20211110150135  -671.0 -92.0 -180.1
20211110150136  -670.9 -91.9 -180.1
20211110150137  -670.8 -92.1 -179.8
20211110150138  -670.7 -92.1 -179.9
20211110150139  -670.7 -92.2 -180.0
20211110150140  -670.6 -92.3 -180.0
20211110150141  -670.5 -92.2 -180.2
20211110150142  -670.6 -92.3 -180.0
20211110150143  -670.2 -92.3 -180.2
20211110150144  -670.1 -92.3 -180.1
20211110150145  -670.2 -92.1 -179.8
20211110150146  -669.9 -92.7 -179.8
20211110150147  -669.7 -92.5 -179.8
20211110150148  -670.4 -92.8 -180.2
20211110150149  -670.5 -92.8 -180.1
20211110150150  -670.4 -92.7 -180.2
20211110150151  -670.4 -92.6 -180.0
20211110150152  -670.2 -92.7 -179.8
20211110150153  -670.2 -92.8 -179.9
20211110150154  -670.3 -92.6 -179.8
20211110150155  -670.6 -92.6 -180.0
20211110150156  -670.5 -92.6 -180.1
20211110150157  -670.7 -92.5 -180.0
20211110150158  -670.7 -92.7 -180.0
20211110150159  -670.9 -92.7 -179.9
20211110150200  -670.7 -92.7 -180.0
20211110150201  -670.6 -92.5 -180.2
20211110150202  -670.8 -92.7 -180.1
20211110150203  -671.3 -93.0 -180.1
20211110150204  -671.2 -92.8 -180.5
20211110150205  -671.2 -93.2 -180.2
20211110150206  -671.3 -93.1 -180.2
20211110150207  -671.3 -93.1 -180.1
20211110150208  -671.2 -92.6 -180.0
20211110150209  -671.0 -92.5 -180.1
20211110150210  -671.0 -92.7 -179.9
20211110150211  -670.8 -93.0 -179.9
20211110150212  -670.8 -92.9 -180.1
20211110150213  -671.1 -92.8 -180.1
20211110150214  -670.9 -92.6 -180.1
20211110150215  -670.8 -92.6 -180.2
20211110150216  -670.1 -92.8 -180.2
20211110150217  -669.7 -92.7 -179.8
20211110150218  -670.5 -92.5 -180.3
20211110150219  -670.7 -92.5 -180.3
20211110150220  -670.5 -92.5 -180.4
20211110150221  -670.6 -92.8 -180.5
20211110150222  -670.3 -92.7 -180.5
20211110150223  -670.1 -92.8 -180.7
20211110150224  -670.3 -92.8 -180.8
20211110150225  -670.6 -92.6 -180.7
20211110150226  -670.7 -92.7 -180.6
20211110150227  -670.6 -92.7 -180.9
20211110150228  -670.8 -92.5 -181.0
20211110150229  -670.3 -92.5 -181.3
20211110150230  -670.3 -92.7 -180.9
20211110150231  -670.6 -92.8 -180.8
20211110150232  -670.6 -92.6 -180.7
20211110150233  -670.7 -92.6 -180.9
20211110150234  -670.9 -92.7 -181.0
20211110150235  -671.0 -92.6 -180.9
20211110150236  -670.9 -92.8 -180.7
20211110150237  -670.7 -92.8 -180.4
20211110150238  -670.9 -92.7 -180.4
20211110150239  -670.9 -92.8 -180.4
20211110150240  -670.9 -92.8 -180.4
20211110150241  -671.1 -92.8 -180.5
20211110150242  -671.0 -92.8 -180.8
20211110150243  -671.0 -92.6 -180.7
20211110150244  -671.1 -92.7 -180.8
20211110150245  -671.2 -92.6 -180.6
20211110150246  -670.8 -92.6 -180.3
20211110150247  -670.3 -92.4 -179.9
20211110150248  -670.5 -92.4 -180.0
20211110150249  -670.6 -92.5 -180.7
20211110150250  -670.8 -92.7 -180.5
20211110150251  -671.2 -92.9 -180.3
20211110150252  -670.9 -93.0 -180.2
20211110150253  -670.8 -93.0 -180.5
20211110150254  -670.7 -92.7 -180.6
20211110150255  -670.9 -92.9 -180.7
20211110150256  -670.8 -92.8 -180.6
20211110150257  -670.9 -92.8 -180.7
20211110150258  -670.9 -92.8 -180.8
20211110150259  -671.2 -93.2 -180.9
20211110150300  -670.8 -92.9 -180.6
20211110150301  -670.7 -93.1 -180.3
20211110150302  -670.8 -93.0 -180.5
20211110150303  -670.9 -93.1 -180.5
20211110150304  -671.0 -92.8 -180.3
20211110150305  -671.1 -92.7 -180.4
20211110150306  -670.8 -92.6 -180.6
20211110150307  -670.7 -92.8 -180.4
20211110150308  -671.0 -92.7 -180.5
20211110150309  -671.4 -92.6 -180.4
20211110150310  -671.4 -92.7 -180.4
20211110150311  -671.4 -92.4 -180.8
20211110150312  -671.3 -92.8 -180.4
20211110150313  -671.3 -92.8 -180.2
20211110150314  -671.2 -92.9 -180.3
20211110150315  -671.0 -92.4 -180.1
20211110150316  -670.8 -92.3 -179.8
20211110150317  -670.7 -92.5 -179.6
20211110150318  -670.4 -92.6 -179.2
20211110150319  -670.9 -92.8 -179.9
20211110150320  -671.0 -92.8 -179.9
20211110150321  -671.0 -92.8 -180.0
20211110150322  -670.9 -92.8 -179.9
20211110150323  -670.9 -92.8 -180.2
20211110150324  -670.8 -92.6 -180.0
20211110150325  -671.0 -92.5 -179.9
20211110150326  -670.5 -92.4 -180.0
20211110150327  -670.6 -92.5 -180.2
20211110150328  -670.5 -92.5 -180.1
20211110150329  -670.3 -92.4 -180.1
20211110150330  -670.2 -92.8 -180.0
20211110150331  -670.0 -92.6 -179.8
20211110150332  -669.9 -92.6 -180.3
20211110150333  -670.0 -92.8 -179.7
20211110150334  -669.9 -92.7 -180.2
20211110150335  -669.9 -92.3 -180.1
20211110150336  -670.3 -92.4 -180.4
20211110150337  -670.2 -92.7 -180.3
20211110150338  -670.3 -92.7 -180.6
20211110150339  -670.3 -92.5 -180.3
20211110150340  -670.2 -92.2 -180.4
20211110150341  -670.1 -92.2 -180.6
20211110150342  -670.3 -92.2 -180.4
20211110150343  -670.4 -92.4 -180.4
20211110150344  -670.1 -92.3 -180.2
20211110150345  -670.4 -92.2 -180.2
20211110150346  -669.9 -92.3 -180.1
20211110150347  -669.6 -92.2 -179.5
20211110150348  -669.3 -92.2 -179.3
20211110150349  -669.9 -92.0 -179.7
20211110150350  -670.5 -92.2 -180.0
20211110150351  -670.5 -92.0 -180.1
20211110150352  -670.4 -92.6 -179.9
20211110150353  -670.3 -92.6 -180.1
20211110150354  -670.2 -92.3 -180.1
20211110150355  -670.3 -92.2 -180.0
20211110150356  -670.3 -92.2 -180.0
20211110150357  -669.9 -92.5 -180.1
20211110150358  -670.0 -92.6 -180.6
20211110150359  -670.0 -92.4 -180.7
20211110150400  -670.0 -92.6 -180.5
20211110150401  -670.1 -92.4 -180.0
20211110150402  -670.1 -92.1 -180.3
20211110150403  -670.0 -92.3 -180.6
20211110150404  -669.9 -92.7 -180.3
20211110150405  -670.0 -92.5 -180.3
20211110150406  -670.2 -92.7 -180.3
20211110150407  -670.3 -92.6 -180.1
20211110150408  -670.4 -92.6 -180.4
20211110150409  -670.5 -92.6 -180.2
20211110150410  -670.5 -92.5 -179.9
20211110150411  -670.7 -92.5 -180.1
20211110150412  -670.3 -92.6 -180.2
20211110150413  -671.0 -92.6 -180.4
20211110150414  -670.7 -92.6 -180.3
