20211110232437  -671.1 -84.0 -197.8
20211110232438  -671.1 -84.3 -197.8
20211110232439  -671.3 -84.3 -197.7
20211110232440  -671.4 -84.2 -198.1
20211110232441  -671.3 -84.2 -197.9
20211110232442  -671.5 -84.4 -197.9
20211110232443  -670.9 -84.3 -198.1
20211110232444  -671.3 -83.9 -198.0
20211110232445  -671.4 -84.1 -198.2
20211110232446  -671.5 -84.4 -198.4
20211110232447  -671.4 -84.4 -198.3
20211110232448  -671.4 -84.5 -198.4
20211110232449  -671.4 -84.6 -198.3
20211110232450  -671.4 -84.4 -198.1
20211110232451  -671.4 -84.4 -198.6
20211110232452  -671.2 -84.7 -198.2
20211110232453  -671.0 -84.8 -198.3
20211110232454  -671.0 -84.3 -198.3
20211110232455  -671.0 -84.4 -198.3
20211110232456  -671.2 -84.4 -198.6
20211110232457  -671.3 -84.3 -198.5
20211110232458  -671.3 -83.9 -198.4
20211110232459  -671.3 -84.3 -198.7
20211110232500  -671.3 -84.2 -198.6
20211110232501  -671.7 -84.4 -198.5
20211110232502  -671.6 -84.2 -198.6
20211110232503  -671.3 -84.3 -198.3
20211110232504  -671.5 -84.4 -198.5
20211110232505  -671.4 -84.4 -198.4
20211110232506  -671.6 -84.5 -198.3
20211110232507  -671.8 -84.6 -198.4
20211110232508  -671.8 -84.4 -198.4
20211110232509  -671.6 -84.6 -198.2
20211110232510  -671.5 -84.5 -198.2
20211110232511  -671.5 -84.5 -198.3
20211110232512  -671.4 -84.4 -198.2
20211110232513  -671.5 -84.4 -198.4
20211110232514  -671.2 -84.6 -198.3
20211110232515  -671.4 -84.6 -198.2
20211110232516  -671.5 -84.7 -198.3
20211110232517  -671.4 -84.4 -198.2
20211110232518  -671.8 -84.4 -198.1
20211110232519  -671.8 -84.4 -198.2
20211110232520  -671.7 -84.7 -198.6
20211110232521  -671.6 -84.7 -198.6
20211110232522  -671.6 -84.7 -198.3
20211110232523  -671.5 -84.8 -198.3
20211110232524  -671.4 -84.6 -198.3
20211110232525  -671.3 -85.1 -198.2
20211110232526  -671.2 -84.8 -198.3
20211110232527  -671.4 -85.1 -198.4
20211110232528  -671.4 -84.9 -198.2
20211110232529  -671.3 -85.0 -198.4
20211110232530  -671.3 -85.1 -198.3
20211110232531  -671.4 -85.2 -198.3
20211110232532  -671.4 -84.9 -198.6
20211110232533  -671.4 -85.1 -198.2
20211110232534  -671.6 -84.9 -198.5
20211110232535  -671.2 -85.0 -198.2
20211110232536  -671.4 -85.0 -198.2
20211110232537  -671.4 -85.4 -198.5
20211110232538  -671.4 -85.4 -198.5
20211110232539  -671.4 -85.3 -198.6
20211110232540  -671.4 -85.4 -198.8
20211110232541  -671.3 -85.5 -199.0
20211110232542  -671.4 -85.1 -198.8
20211110232543  -671.5 -85.2 -198.7
20211110232544  -671.7 -85.5 -198.9
20211110232545  -671.6 -85.2 -198.9
20211110232546  -671.9 -85.6 -199.0
20211110232547  -671.9 -85.5 -198.8
20211110232548  -672.3 -85.6 -198.7
20211110232549  -672.0 -85.6 -198.8
20211110232550  -672.0 -85.8 -199.0
20211110232551  -671.8 -85.7 -198.6
20211110232552  -671.6 -85.8 -198.8
20211110232553  -671.5 -85.8 -198.7
20211110232554  -671.8 -85.7 -198.8
20211110232555  -671.8 -85.8 -199.0
20211110232556  -671.9 -85.9 -198.8
20211110232557  -672.0 -85.9 -198.8
20211110232558  -672.1 -85.8 -199.0
20211110232559  -672.1 -85.4 -199.1
20211110232600  -671.8 -85.6 -199.1
20211110232601  -671.9 -85.5 -198.6
20211110232602  -671.9 -85.5 -198.6
20211110232603  -671.9 -85.9 -198.7
20211110232604  -672.1 -85.9 -198.8
20211110232605  -671.9 -85.7 -198.7
20211110232606  -672.0 -85.5 -198.8
20211110232607  -672.0 -85.5 -198.6
20211110232608  -672.0 -85.6 -199.2
20211110232609  -672.0 -85.6 -199.2
20211110232610  -672.3 -85.6 -199.0
20211110232611  -672.2 -86.0 -198.9
20211110232612  -672.1 -85.9 -198.9
20211110232613  -672.1 -86.0 -199.1
20211110232614  -672.2 -86.3 -199.1
20211110232615  -671.8 -86.2 -198.9
20211110232616  -671.7 -85.7 -198.9
20211110232617  -671.9 -86.0 -198.7
20211110232618  -671.5 -86.2 -198.7
20211110232619  -671.6 -86.4 -198.9
20211110232620  -671.8 -86.6 -199.0
20211110232621  -671.6 -86.6 -199.2
20211110232622  -671.6 -86.4 -198.7
20211110232623  -671.6 -86.2 -198.7
20211110232624  -671.6 -86.7 -199.1
20211110232625  -671.5 -86.5 -199.1
20211110232626  -671.6 -86.4 -199.0
20211110232627  -671.7 -86.4 -199.2
20211110232628  -671.6 -86.4 -199.3
20211110232629  -671.3 -86.4 -199.1
20211110232630  -671.6 -86.6 -198.9
20211110232631  -671.5 -86.5 -199.0
20211110232632  -671.4 -86.4 -199.0
20211110232633  -671.6 -86.4 -199.0
20211110232634  -671.9 -86.4 -198.9
20211110232635  -671.9 -86.4 -198.9
20211110232636  -671.6 -86.6 -198.9
20211110232637  -671.4 -86.9 -198.9
20211110232638  -671.5 -86.9 -199.3
20211110232639  -671.5 -86.6 -199.1
20211110232640  -671.6 -86.8 -199.3
20211110232641  -671.3 -86.7 -199.0
20211110232642  -671.4 -86.8 -199.2
20211110232643  -671.4 -86.6 -199.1
20211110232644  -671.3 -86.9 -199.0
20211110232645  -671.1 -86.8 -199.3
20211110232646  -670.6 -86.8 -198.5
20211110232647  -671.3 -86.7 -198.9
20211110232648  -670.9 -86.7 -198.9
20211110232649  -671.0 -86.9 -199.1
20211110232650  -671.1 -86.8 -199.0
20211110232651  -671.3 -86.9 -199.0
20211110232652  -671.4 -87.0 -199.0
20211110232653  -671.2 -87.0 -199.1
20211110232654  -671.2 -86.9 -198.9
20211110232655  -671.7 -86.9 -199.0
20211110232656  -671.5 -86.9 -199.2
20211110232657  -671.3 -86.9 -199.3
20211110232658  -671.6 -86.3 -199.3
20211110232659  -671.6 -87.0 -199.1
20211110232700  -671.8 -86.9 -199.4
20211110232701  -671.6 -86.7 -199.1
20211110232702  -671.7 -86.7 -199.1
20211110232703  -671.6 -86.9 -199.0
20211110232704  -671.4 -86.6 -199.3
20211110232705  -671.8 -87.0 -199.3
20211110232706  -671.7 -86.8 -199.3
20211110232707  -671.9 -86.9 -199.2
20211110232708  -672.3 -86.8 -199.2
20211110232709  -672.2 -86.7 -199.4
20211110232710  -672.0 -87.0 -199.2
20211110232711  -672.1 -87.0 -199.0
20211110232712  -672.1 -86.8 -199.2
20211110232713  -672.0 -86.9 -199.2
20211110232714  -672.0 -87.1 -199.1
20211110232715  -672.1 -86.9 -199.3
20211110232716  -671.4 -86.8 -199.1
20211110232717  -671.6 -86.8 -198.8
20211110232718  -671.7 -86.8 -199.0
20211110232719  -671.7 -86.8 -199.2
20211110232720  -671.8 -86.6 -199.1
20211110232721  -671.7 -86.9 -199.3
20211110232722  -671.6 -86.9 -199.2
20211110232723  -671.4 -86.7 -199.1
20211110232724  -671.5 -86.9 -199.1
20211110232725  -671.3 -86.9 -199.2
20211110232726  -671.5 -87.1 -199.0
20211110232727  -671.7 -87.0 -198.8
20211110232728  -671.3 -87.0 -198.8
20211110232729  -671.4 -87.1 -198.9
20211110232730  -671.3 -87.0 -199.2
20211110232731  -671.5 -87.1 -199.5
20211110232732  -671.8 -86.8 -199.0
20211110232733  -671.6 -87.1 -198.8
20211110232734  -671.3 -87.1 -199.1
20211110232735  -671.4 -87.0 -199.0
20211110232736  -671.3 -87.1 -199.0
20211110232737  -671.5 -87.2 -199.0
20211110232738  -671.2 -87.2 -198.9
20211110232739  -671.1 -87.1 -198.9
20211110232740  -671.3 -87.0 -198.8
20211110232741  -671.5 -87.2 -199.2
20211110232742  -671.4 -87.0 -199.5
20211110232743  -671.3 -87.2 -199.2
20211110232744  -671.3 -87.0 -199.1
20211110232745  -671.5 -87.1 -198.9
20211110232746  -671.2 -87.0 -199.0
20211110232747  -670.6 -86.8 -198.6
20211110232748  -670.9 -86.9 -199.1
20211110232749  -671.3 -87.0 -199.3
20211110232750  -671.2 -87.0 -199.1
20211110232751  -671.3 -87.3 -199.2
20211110232752  -671.1 -87.2 -199.1
20211110232753  -671.2 -87.4 -199.1
20211110232754  -671.3 -87.3 -199.0
20211110232755  -671.2 -87.4 -199.2
20211110232756  -671.0 -87.3 -198.9
20211110232757  -671.0 -87.4 -198.6
20211110232758  -670.9 -87.4 -199.0
20211110232759  -670.6 -87.3 -199.0
20211110232800  -670.6 -87.5 -198.7
20211110232801  -670.6 -87.4 -198.8
20211110232802  -670.6 -87.6 -198.8
20211110232803  -670.7 -87.5 -198.7
20211110232804  -670.4 -87.5 -198.9
20211110232805  -670.3 -87.4 -198.8
20211110232806  -670.4 -87.2 -198.4
20211110232807  -670.4 -87.3 -198.5
20211110232808  -670.4 -87.3 -198.8
20211110232809  -670.5 -87.6 -198.8
20211110232810  -670.5 -87.5 -198.7
20211110232811  -670.3 -87.4 -198.7
20211110232812  -670.2 -87.7 -198.8
20211110232813  -670.1 -87.7 -198.8
20211110232814  -670.6 -87.7 -198.9
20211110232815  -670.4 -87.9 -199.0
20211110232816  -670.5 -87.7 -199.1
20211110232817  -669.9 -87.5 -198.8
20211110232818  -670.4 -87.6 -199.2
20211110232819  -670.2 -88.0 -199.0
20211110232820  -670.3 -87.8 -199.0
20211110232821  -670.3 -87.6 -199.1
20211110232822  -670.3 -87.5 -199.0
20211110232823  -670.3 -87.7 -198.9
20211110232824  -670.3 -88.0 -199.0
20211110232825  -670.1 -87.6 -199.1
20211110232826  -670.0 -87.7 -198.8
20211110232827  -670.3 -87.6 -199.0
20211110232828  -670.2 -87.6 -199.4
20211110232829  -670.3 -87.7 -199.0
20211110232830  -670.5 -87.8 -199.1
20211110232831  -670.2 -87.7 -199.3
20211110232832  -670.4 -87.7 -199.3
20211110232833  -670.5 -87.7 -199.1
20211110232834  -670.4 -87.4 -198.9
20211110232835  -670.5 -87.5 -199.1
20211110232836  -670.5 -87.9 -199.0
20211110232837  -670.3 -88.0 -199.0
20211110232838  -670.6 -87.9 -199.0
20211110232839  -670.4 -87.6 -198.7
20211110232840  -670.3 -87.5 -199.2
20211110232841  -670.3 -87.9 -199.0
20211110232842  -670.5 -87.6 -199.1
20211110232843  -670.4 -87.9 -199.0
20211110232844  -670.6 -87.9 -198.9
20211110232845  -670.8 -87.9 -198.9
20211110232846  -670.7 -87.8 -198.8
20211110232847  -670.6 -87.8 -198.7
20211110232848  -670.7 -87.6 -198.5
20211110232849  -671.0 -87.4 -199.0
20211110232850  -670.8 -87.6 -199.2
20211110232851  -671.0 -87.8 -198.9
20211110232852  -670.9 -87.7 -199.0
20211110232853  -671.1 -87.6 -199.1
20211110232854  -671.4 -87.5 -199.4
20211110232855  -671.3 -87.5 -199.2
20211110232856  -671.5 -87.5 -199.2
20211110232857  -671.5 -87.6 -199.5
20211110232858  -671.4 -87.6 -199.6
20211110232859  -671.5 -87.8 -199.5
20211110232900  -671.5 -87.4 -199.6
20211110232901  -671.7 -87.5 -199.8
20211110232902  -671.6 -87.4 -199.7
20211110232903  -671.7 -87.5 -199.7
20211110232904  -671.8 -87.4 -199.7
20211110232905  -671.9 -87.2 -200.0
20211110232906  -671.8 -87.3 -199.6
20211110232907  -671.8 -87.2 -200.0
20211110232908  -672.0 -87.2 -199.9
20211110232909  -672.0 -87.2 -199.7
20211110232910  -672.0 -87.0 -199.6
20211110232911  -671.8 -87.1 -199.4
20211110232912  -671.7 -87.3 -199.7
20211110232913  -671.9 -87.2 -199.9
20211110232914  -672.0 -87.1 -199.9
20211110232915  -672.3 -87.0 -200.2
20211110232916  -672.1 -86.9 -199.6
20211110232917  -672.3 -86.9 -199.8
20211110232918  -672.2 -86.8 -199.6
20211110232919  -672.2 -86.9 -200.1
20211110232920  -672.1 -86.8 -199.8
20211110232921  -672.3 -86.9 -199.6
20211110232922  -672.3 -86.9 -199.6
20211110232923  -672.3 -86.9 -199.3
20211110232924  -672.3 -86.9 -199.4
20211110232925  -672.2 -86.9 -199.4
20211110232926  -672.5 -87.0 -199.7
20211110232927  -672.5 -87.0 -199.6
20211110232928  -672.6 -87.1 -199.5
20211110232929  -672.6 -87.2 -199.9
20211110232930  -672.4 -86.9 -199.8
20211110232931  -672.4 -87.3 -199.6
20211110232932  -672.6 -86.9 -199.5
20211110232933  -672.6 -87.0 -199.4
20211110232934  -672.5 -87.4 -199.7
20211110232935  -672.6 -87.1 -199.7
20211110232936  -672.8 -87.1 -199.7
20211110232937  -672.6 -86.6 -199.9
20211110232938  -672.6 -86.8 -199.9
20211110232939  -672.6 -87.1 -199.7
20211110232940  -672.8 -87.0 -199.7
20211110232941  -673.0 -86.8 -200.0
20211110232942  -672.9 -86.8 -199.8
20211110232943  -672.7 -86.6 -199.7
20211110232944  -673.0 -86.9 -199.7
20211110232945  -673.0 -86.8 -199.9
20211110232946  -673.2 -86.8 -199.8
20211110232947  -673.1 -86.9 -200.2
20211110232948  -673.2 -86.7 -200.0
20211110232949  -672.6 -86.8 -199.4
20211110232950  -672.9 -86.5 -199.8
20211110232951  -673.2 -86.2 -199.8
20211110232952  -673.2 -86.5 -200.0
20211110232953  -673.5 -86.5 -199.7
20211110232954  -673.5 -86.3 -199.8
20211110232955  -673.7 -86.2 -199.8
20211110232956  -673.6 -86.3 -200.0
20211110232957  -673.5 -86.0 -199.9
20211110232958  -673.6 -86.3 -200.0
20211110232959  -673.8 -86.1 -200.0
20211110233000  -674.1 -86.1 -199.6
20211110233001  -673.9 -85.9 -199.7
20211110233002  -674.0 -86.3 -199.8
20211110233003  -674.0 -86.2 -199.8
20211110233004  -674.3 -86.1 -199.9
20211110233005  -674.3 -86.1 -199.8
20211110233006  -674.3 -86.1 -199.7
20211110233007  -674.3 -85.7 -199.5
20211110233008  -674.4 -85.9 -199.4
20211110233009  -674.4 -85.9 -199.6
20211110233010  -674.6 -86.2 -200.1
20211110233011  -674.7 -85.9 -200.0
20211110233012  -674.9 -85.8 -199.7
20211110233013  -674.7 -86.0 -199.5
20211110233014  -674.8 -86.0 -199.5
20211110233015  -674.7 -86.1 -199.5
20211110233016  -674.8 -86.2 -199.5
20211110233017  -675.1 -85.9 -199.9
20211110233018  -675.2 -86.1 -199.8
20211110233019  -675.2 -86.0 -199.6
20211110233020  -674.7 -86.2 -199.6
20211110233021  -675.0 -86.3 -199.9
20211110233022  -675.5 -86.3 -200.0
20211110233023  -675.5 -86.3 -200.0
20211110233024  -675.3 -86.3 -199.6
20211110233025  -675.7 -86.0 -200.0
20211110233026  -675.5 -86.2 -199.9
20211110233027  -675.6 -86.3 -199.6
20211110233028  -675.7 -86.3 -199.9
20211110233029  -675.9 -86.3 -199.8
20211110233030  -675.8 -86.5 -199.8
20211110233031  -675.7 -86.0 -199.9
20211110233032  -676.1 -86.4 -199.7
20211110233033  -676.0 -86.1 -199.9
20211110233034  -676.1 -86.0 -199.8
20211110233035  -676.1 -86.2 -199.9
20211110233036  -676.1 -86.3 -199.8
20211110233037  -676.1 -86.0 -199.8
20211110233038  -676.0 -85.9 -199.9
20211110233039  -675.9 -86.0 -200.0
20211110233040  -675.6 -85.6 -199.9
20211110233041  -675.5 -85.9 -200.0
20211110233042  -675.7 -85.6 -199.9
20211110233043  -676.0 -85.9 -199.9
20211110233044  -676.2 -85.7 -199.7
20211110233045  -675.9 -85.8 -199.8
20211110233046  -676.0 -85.7 -200.0
20211110233047  -676.0 -85.7 -199.9
20211110233048  -676.0 -85.7 -199.7
20211110233049  -675.8 -85.5 -199.8
20211110233050  -675.8 -85.8 -199.6
20211110233051  -675.9 -85.5 -199.8
20211110233052  -675.8 -85.8 -199.8
20211110233053  -675.9 -85.9 -199.8
20211110233054  -675.7 -85.8 -199.6
20211110233055  -675.9 -85.5 -199.9
20211110233056  -675.7 -85.3 -200.0
20211110233057  -675.8 -85.4 -200.1
20211110233058  -675.9 -85.5 -200.0
20211110233059  -675.8 -85.4 -199.9
20211110233100  -675.5 -85.0 -200.1
20211110233101  -675.6 -84.9 -200.1
20211110233102  -675.5 -85.1 -200.0
20211110233103  -675.6 -85.3 -199.6
20211110233104  -675.6 -85.2 -199.6
20211110233105  -675.5 -85.1 -199.5
20211110233106  -675.6 -84.9 -199.7
20211110233107  -675.5 -84.9 -199.8
20211110233108  -675.6 -84.9 -199.8
20211110233109  -675.3 -84.9 -199.8
20211110233110  -675.8 -84.8 -199.6
20211110233111  -675.6 -84.7 -199.7
20211110233112  -675.8 -84.8 -200.0
20211110233113  -675.8 -85.1 -200.1
20211110233114  -675.6 -85.0 -200.0
20211110233115  -675.7 -84.9 -200.0
20211110233116  -675.5 -84.7 -200.2
20211110233117  -675.6 -84.3 -200.2
20211110233118  -675.3 -84.5 -200.3
20211110233119  -675.5 -84.2 -200.2
20211110233120  -675.6 -84.3 -199.9
20211110233121  -675.6 -84.5 -200.0
20211110233122  -674.8 -84.5 -199.5
20211110233123  -675.2 -84.4 -199.7
20211110233124  -675.4 -84.4 -199.4
20211110233125  -675.0 -84.3 -199.4
20211110233126  -675.0 -84.1 -199.5
20211110233127  -675.2 -84.1 -199.7
20211110233128  -675.3 -84.2 -199.7
20211110233129  -675.4 -84.1 -199.6
20211110233130  -675.5 -84.2 -199.5
20211110233131  -675.4 -84.3 -199.8
20211110233132  -675.5 -84.2 -199.7
20211110233133  -675.2 -84.2 -199.7
20211110233134  -675.3 -84.3 -199.6
20211110233135  -675.4 -84.3 -199.6
20211110233136  -675.4 -84.5 -199.6
20211110233137  -675.2 -84.5 -199.7
20211110233138  -675.3 -84.2 -199.8
20211110233139  -675.1 -83.8 -199.6
20211110233140  -675.0 -83.7 -200.0
20211110233141  -675.3 -83.8 -199.9
20211110233142  -675.1 -83.9 -199.9
20211110233143  -675.3 -83.8 -199.9
20211110233144  -675.3 -83.7 -199.6
20211110233145  -674.9 -83.6 -199.8
20211110233146  -675.4 -83.7 -199.8
20211110233147  -675.5 -83.8 -199.9
20211110233148  -675.4 -83.8 -199.9
20211110233149  -675.1 -83.7 -199.7
20211110233150  -675.0 -83.9 -199.8
20211110233151  -675.3 -83.8 -199.3
20211110233152  -674.8 -84.0 -199.3
20211110233153  -674.2 -83.7 -198.8
20211110233154  -675.0 -83.8 -199.3
20211110233155  -675.2 -83.8 -199.1
20211110233156  -675.3 -83.9 -199.0
20211110233157  -675.3 -83.9 -199.2
20211110233158  -675.4 -83.8 -199.5
20211110233159  -675.2 -83.8 -198.9
20211110233200  -675.4 -83.8 -199.1
20211110233201  -675.1 -83.7 -199.1
20211110233202  -675.5 -83.3 -198.9
20211110233203  -675.6 -83.7 -199.0
20211110233204  -675.6 -83.7 -199.1
20211110233205  -675.5 -83.6 -199.1
20211110233206  -675.3 -83.3 -199.0
20211110233207  -675.2 -83.3 -199.1
20211110233208  -674.9 -83.6 -198.9
20211110233209  -675.1 -83.3 -199.1
20211110233210  -675.0 -83.4 -199.0
20211110233211  -674.9 -83.8 -199.0
20211110233212  -675.2 -83.7 -198.8
20211110233213  -675.4 -83.6 -198.8
20211110233214  -675.5 -83.5 -198.9
20211110233215  -675.4 -84.0 -198.9
20211110233216  -675.4 -83.9 -199.0
20211110233217  -675.2 -83.6 -199.1
20211110233218  -675.2 -83.9 -199.1
20211110233219  -674.9 -83.9 -199.3
20211110233220  -675.0 -83.8 -199.4
20211110233221  -675.1 -83.7 -199.2
20211110233222  -674.9 -83.7 -198.9
20211110233223  -674.5 -83.6 -198.4
20211110233224  -674.6 -83.4 -198.6
20211110233225  -675.1 -83.5 -198.8
20211110233226  -674.9 -83.6 -198.7
20211110233227  -675.2 -83.7 -198.9
20211110233228  -675.0 -83.9 -198.9
20211110233229  -674.9 -83.7 -199.0
20211110233230  -675.0 -83.3 -198.6
20211110233231  -675.0 -83.3 -199.1
20211110233232  -674.9 -83.6 -198.9
20211110233233  -674.9 -83.5 -199.1
20211110233234  -675.3 -83.6 -199.1
20211110233235  -675.3 -83.5 -198.9
20211110233236  -675.3 -83.7 -198.8
20211110233237  -675.1 -83.7 -198.6
20211110233238  -674.9 -83.6 -198.8
20211110233239  -674.7 -83.5 -198.6
20211110233240  -674.8 -83.5 -199.1
20211110233241  -674.7 -83.6 -198.7
20211110233242  -675.0 -83.6 -198.8
20211110233243  -675.1 -83.6 -199.1
20211110233244  -675.0 -83.5 -199.1
20211110233245  -675.0 -83.6 -199.2
20211110233246  -674.7 -83.4 -199.2
20211110233247  -674.9 -83.5 -198.9
20211110233248  -675.0 -83.5 -199.2
20211110233249  -675.0 -83.6 -199.5
20211110233250  -674.9 -83.7 -199.3
20211110233251  -675.2 -83.4 -199.0
20211110233252  -674.7 -83.4 -198.9
20211110233253  -674.2 -83.3 -198.4
20211110233254  -673.9 -83.2 -198.3
20211110233255  -673.9 -83.3 -198.1
20211110233256  -674.5 -83.4 -198.6
20211110233257  -674.7 -83.3 -198.8
20211110233258  -674.8 -83.3 -198.6
20211110233259  -674.7 -83.4 -198.6
20211110233300  -674.8 -83.3 -198.7
20211110233301  -675.1 -83.2 -198.9
20211110233302  -674.9 -83.1 -199.1
20211110233303  -674.6 -83.3 -199.1
20211110233304  -674.4 -83.3 -198.9
20211110233305  -674.3 -82.9 -198.8
20211110233306  -674.3 -82.8 -198.8
20211110233307  -674.6 -83.1 -198.7
20211110233308  -674.5 -82.8 -198.8
20211110233309  -674.6 -83.1 -198.5
20211110233310  -674.6 -83.0 -198.8
20211110233311  -674.6 -82.9 -198.9
20211110233312  -674.6 -82.9 -198.6
20211110233313  -674.7 -82.8 -198.8
20211110233314  -674.5 -82.8 -198.6
20211110233315  -674.4 -83.0 -198.6
20211110233316  -674.6 -83.1 -198.6
20211110233317  -674.4 -83.2 -198.5
20211110233318  -674.7 -83.5 -198.5
20211110233319  -674.7 -83.3 -198.5
20211110233320  -674.6 -83.3 -198.5
20211110233321  -674.4 -83.1 -198.5
20211110233322  -674.5 -83.3 -198.4
20211110233323  -673.7 -83.2 -197.9
20211110233324  -673.5 -83.0 -197.7
20211110233325  -673.3 -82.7 -197.8
20211110233326  -673.5 -82.8 -198.1
20211110233327  -673.9 -82.6 -198.0
20211110233328  -673.8 -82.8 -198.1
20211110233329  -673.9 -83.0 -198.4
20211110233330  -673.8 -82.9 -198.3
20211110233331  -673.8 -82.8 -198.2
20211110233332  -673.8 -82.8 -198.4
20211110233333  -673.8 -82.6 -198.5
20211110233334  -673.9 -82.8 -198.4
20211110233335  -673.9 -82.7 -198.5
20211110233336  -673.7 -82.7 -198.3
20211110233337  -673.7 -82.8 -198.6
20211110233338  -673.8 -83.0 -198.3
20211110233339  -673.7 -82.8 -198.2
20211110233340  -673.7 -82.9 -198.2
20211110233341  -673.8 -83.1 -198.4
20211110233342  -673.5 -83.0 -198.2
20211110233343  -673.6 -82.8 -198.4
20211110233344  -673.5 -82.9 -198.5
20211110233345  -673.5 -82.9 -198.1
20211110233346  -673.8 -83.0 -198.2
20211110233347  -673.4 -83.1 -198.4
20211110233348  -673.4 -83.0 -198.2
20211110233349  -673.5 -83.2 -198.5
20211110233350  -673.7 -83.0 -198.2
20211110233351  -673.9 -82.7 -198.1
20211110233352  -674.0 -82.9 -198.3
20211110233353  -673.2 -83.0 -198.0
20211110233354  -672.8 -82.8 -197.6
20211110233355  -672.8 -82.9 -197.1
20211110233356  -672.9 -82.8 -197.5
20211110233357  -673.4 -82.8 -197.8
20211110233358  -673.2 -82.9 -198.0
20211110233359  -673.1 -83.1 -198.1
20211110233400  -673.2 -83.1 -198.1
20211110233401  -673.5 -83.0 -198.2
20211110233402  -673.5 -83.2 -198.0
20211110233403  -673.2 -83.0 -197.7
20211110233404  -673.4 -82.7 -197.9
20211110233405  -673.4 -82.8 -197.8
20211110233406  -673.6 -82.8 -197.9
20211110233407  -673.7 -82.7 -198.1
20211110233408  -673.4 -82.9 -198.1
20211110233409  -673.5 -83.1 -198.3
20211110233410  -673.6 -82.9 -198.4
20211110233411  -673.4 -82.7 -198.0
20211110233412  -673.5 -82.9 -197.9
20211110233413  -673.6 -82.9 -197.9
20211110233414  -673.6 -82.9 -198.1
20211110233415  -673.8 -83.1 -198.0
20211110233416  -673.6 -83.0 -197.9
20211110233417  -673.6 -83.0 -197.9
20211110233418  -673.8 -83.2 -197.8
20211110233419  -673.9 -83.3 -197.9
20211110233420  -673.8 -83.1 -197.9
20211110233421  -674.0 -83.2 -197.8
20211110233422  -674.0 -83.3 -198.0
20211110233423  -673.9 -83.3 -197.9
20211110233424  -673.3 -83.2 -197.2
20211110233425  -673.1 -83.0 -196.8
20211110233426  -673.3 -82.8 -196.9
20211110233427  -673.9 -83.2 -197.6
20211110233428  -674.0 -82.9 -197.5
20211110233429  -673.7 -82.8 -197.6
20211110233430  -673.6 -82.8 -197.7
20211110233431  -673.9 -82.9 -197.7
20211110233432  -673.9 -83.0 -197.5
20211110233433  -673.7 -83.1 -197.6
20211110233434  -673.7 -82.8 -197.4
20211110233435  -673.7 -82.8 -197.4
20211110233436  -673.7 -82.7 -197.5
20211110233437  -673.7 -83.1 -197.4
20211110233438  -673.7 -82.8 -197.5
20211110233439  -673.6 -82.9 -197.4
20211110233440  -673.7 -82.6 -197.4
20211110233441  -673.7 -82.7 -197.3
20211110233442  -673.5 -82.8 -197.3
20211110233443  -673.3 -83.0 -197.2
20211110233444  -673.5 -83.2 -197.5
20211110233445  -673.4 -82.9 -197.5
20211110233446  -673.5 -83.0 -197.6
20211110233447  -673.4 -82.8 -197.6
20211110233448  -673.7 -82.8 -197.4
20211110233449  -673.3 -82.8 -197.7
20211110233450  -673.5 -82.8 -197.3
20211110233451  -673.8 -83.0 -197.3
20211110233452  -673.3 -82.8 -197.4
20211110233453  -673.7 -82.8 -197.2
20211110233454  -673.2 -82.9 -196.8
20211110233455  -672.7 -82.8 -196.4
20211110233456  -672.8 -82.5 -196.4
20211110233457  -673.3 -82.8 -197.0
20211110233458  -673.3 -82.7 -197.3
20211110233459  -673.6 -82.6 -197.4
20211110233500  -673.7 -82.7 -197.4
20211110233501  -673.6 -83.1 -197.4
20211110233502  -673.6 -83.1 -197.3
20211110233503  -673.8 -83.1 -197.2
20211110233504  -673.8 -82.9 -197.1
20211110233505  -673.7 -83.0 -197.2
20211110233506  -673.8 -83.3 -197.5
20211110233507  -673.8 -83.3 -197.5
20211110233508  -673.6 -83.2 -197.2
20211110233509  -673.5 -83.2 -197.2
20211110233510  -673.7 -83.3 -197.4
20211110233511  -673.5 -83.0 -197.4
20211110233512  -673.8 -83.1 -197.5
20211110233513  -673.5 -83.1 -197.4
20211110233514  -673.5 -83.0 -197.3
20211110233515  -673.5 -83.1 -197.2
20211110233516  -673.2 -83.0 -197.5
20211110233517  -673.5 -83.2 -197.5
20211110233518  -673.3 -83.1 -197.4
20211110233519  -673.4 -83.1 -197.4
20211110233520  -673.3 -83.2 -197.4
20211110233521  -673.2 -83.3 -197.2
20211110233522  -673.4 -83.3 -197.3
20211110233523  -673.6 -83.2 -197.5
20211110233524  -672.8 -83.2 -196.9
20211110233525  -672.4 -83.2 -196.6
20211110233526  -672.3 -83.1 -196.3
20211110233527  -673.3 -83.2 -197.0
20211110233528  -673.0 -82.9 -197.0
20211110233529  -673.2 -83.0 -197.1
20211110233530  -673.2 -83.2 -196.9
20211110233531  -673.3 -83.1 -196.6
20211110233532  -673.5 -83.2 -196.8
20211110233533  -673.5 -83.3 -197.0
20211110233534  -673.3 -82.9 -196.9
20211110233535  -673.3 -83.1 -197.1
20211110233536  -673.2 -83.2 -197.0
20211110233537  -673.4 -83.2 -197.3
20211110233538  -673.5 -83.5 -197.4
20211110233539  -673.4 -83.3 -197.3
20211110233540  -673.6 -83.3 -197.5
20211110233541  -673.5 -83.2 -197.7
20211110233542  -673.6 -83.3 -197.3
20211110233543  -673.3 -83.2 -197.4
20211110233544  -673.4 -83.3 -197.2
20211110233545  -674.1 -83.5 -197.0
20211110233546  -673.9 -83.5 -196.9
20211110233547  -673.8 -83.3 -197.4
20211110233548  -673.7 -83.5 -197.1
20211110233549  -673.7 -83.9 -197.0
20211110233550  -673.4 -83.7 -197.1
20211110233551  -673.6 -83.1 -197.2
20211110233552  -673.8 -83.6 -197.1
20211110233553  -674.0 -83.4 -197.4
20211110233554  -673.8 -83.6 -197.1
20211110233555  -673.1 -83.4 -196.7
20211110233556  -673.2 -83.3 -196.3
20211110233557  -674.1 -83.3 -197.1
20211110233558  -673.9 -83.3 -197.3
20211110233559  -673.6 -83.5 -196.9
20211110233600  -673.8 -83.6 -197.0
20211110233601  -673.6 -83.2 -197.1
20211110233602  -673.7 -83.3 -197.0
20211110233603  -673.9 -83.5 -197.1
20211110233604  -673.8 -83.4 -196.8
20211110233605  -673.5 -83.5 -196.9
20211110233606  -673.7 -83.5 -197.0
20211110233607  -673.3 -83.6 -197.1
20211110233608  -673.4 -83.6 -197.4
20211110233609  -673.9 -83.6 -197.3
20211110233610  -673.9 -83.4 -197.3
20211110233611  -673.8 -83.6 -197.0
20211110233612  -673.8 -83.5 -196.9
20211110233613  -673.8 -83.5 -197.0
20211110233614  -673.8 -83.2 -197.3
20211110233615  -673.7 -83.5 -197.2
20211110233616  -673.7 -83.6 -197.0
20211110233617  -673.8 -83.4 -197.1
20211110233618  -674.0 -83.1 -197.1
20211110233619  -673.9 -83.3 -197.2
20211110233620  -674.0 -83.1 -197.3
20211110233621  -673.8 -83.4 -197.2
20211110233622  -674.1 -83.5 -197.1
20211110233623  -674.0 -83.5 -197.2
20211110233624  -673.8 -83.6 -197.2
20211110233625  -673.4 -83.4 -196.0
20211110233626  -673.1 -83.5 -196.1
20211110233627  -673.1 -83.2 -196.4
20211110233628  -673.6 -83.5 -196.9
20211110233629  -673.7 -83.5 -196.8
20211110233630  -673.9 -83.4 -196.9
20211110233631  -673.8 -83.3 -196.8
20211110233632  -674.0 -83.5 -196.8
20211110233633  -673.9 -83.5 -196.9
20211110233634  -673.8 -83.4 -197.0
20211110233635  -673.7 -83.7 -196.8
20211110233636  -673.9 -83.8 -196.8
20211110233637  -674.0 -83.7 -197.1
20211110233638  -674.1 -83.4 -197.2
20211110233639  -674.1 -83.6 -197.2
20211110233640  -674.0 -83.7 -197.1
20211110233641  -673.6 -83.8 -197.1
20211110233642  -673.8 -83.8 -196.8
20211110233643  -673.3 -83.9 -196.8
20211110233644  -673.9 -84.0 -196.7
20211110233645  -673.6 -83.6 -196.7
20211110233646  -673.7 -83.5 -196.8
20211110233647  -673.9 -83.5 -197.0
20211110233648  -673.7 -83.9 -196.7
20211110233649  -673.6 -84.0 -196.9
20211110233650  -673.9 -84.0 -196.8
20211110233651  -673.9 -83.8 -196.4
20211110233652  -673.7 -83.8 -196.7
20211110233653  -673.9 -83.8 -196.6
20211110233654  -673.7 -83.9 -196.7
20211110233655  -673.1 -83.8 -196.2
20211110233656  -672.9 -83.7 -195.9
20211110233657  -672.8 -83.9 -195.8
20211110233658  -673.8 -83.7 -196.6
20211110233659  -673.7 -83.7 -196.4
20211110233700  -673.7 -83.6 -196.6
20211110233701  -673.9 -83.7 -196.4
20211110233702  -673.8 -83.5 -196.3
20211110233703  -673.7 -83.6 -196.0
20211110233704  -673.9 -83.8 -196.6
20211110233705  -673.9 -83.6 -196.6
20211110233706  -673.9 -83.8 -196.6
20211110233707  -674.0 -83.5 -196.7
20211110233708  -673.9 -83.8 -196.4
20211110233709  -673.7 -84.0 -196.5
20211110233710  -673.8 -83.7 -196.6
20211110233711  -673.8 -83.7 -196.3
20211110233712  -673.8 -84.1 -196.4
20211110233713  -673.7 -84.0 -196.4
20211110233714  -673.7 -84.0 -196.7
20211110233715  -673.8 -83.8 -196.8
20211110233716  -673.9 -84.0 -196.8
20211110233717  -673.8 -84.0 -196.8
20211110233718  -674.0 -84.2 -196.9
20211110233719  -673.9 -84.0 -196.8
20211110233720  -673.8 -84.0 -196.7
20211110233721  -673.6 -84.0 -196.4
20211110233722  -673.6 -83.7 -196.4
20211110233723  -673.6 -83.6 -196.5
20211110233724  -673.5 -83.9 -196.6
20211110233725  -673.0 -84.0 -196.3
20211110233726  -672.9 -83.8 -196.1
20211110233727  -672.6 -83.7 -195.9
20211110233728  -672.8 -83.7 -196.2
20211110233729  -673.6 -83.8 -196.4
20211110233730  -673.5 -83.9 -196.2
20211110233731  -673.2 -83.7 -196.6
20211110233732  -673.3 -83.5 -196.3
20211110233733  -673.2 -83.8 -196.4
20211110233734  -673.2 -83.9 -196.2
20211110233735  -673.0 -83.7 -196.1
20211110233736  -673.3 -83.4 -196.4
20211110233737  -673.4 -83.7 -196.1
20211110233738  -673.3 -83.9 -196.1
20211110233739  -673.2 -83.9 -195.8
20211110233740  -673.0 -83.7 -196.0
20211110233741  -672.9 -83.8 -195.8
20211110233742  -673.1 -83.6 -196.1
20211110233743  -673.1 -84.0 -196.2
20211110233744  -673.2 -83.7 -196.1
20211110233745  -673.2 -83.8 -196.1
20211110233746  -673.0 -83.8 -195.9
20211110233747  -673.1 -84.1 -195.9
20211110233748  -673.2 -84.2 -196.3
20211110233749  -673.6 -84.1 -196.1
20211110233750  -673.5 -84.2 -195.8
20211110233751  -673.6 -83.8 -196.1
20211110233752  -673.2 -83.7 -196.1
20211110233753  -673.1 -83.9 -196.2
20211110233754  -673.2 -84.1 -196.0
20211110233755  -672.5 -83.9 -195.7
20211110233756  -672.3 -83.7 -195.6
20211110233757  -672.2 -83.3 -195.2
20211110233758  -671.7 -83.5 -194.9
20211110233759  -672.5 -83.7 -195.7
20211110233800  -672.6 -83.4 -195.7
20211110233801  -672.7 -83.3 -195.8
20211110233802  -672.6 -83.3 -195.6
20211110233803  -672.6 -83.4 -195.5
20211110233804  -672.4 -83.5 -196.0
20211110233805  -672.6 -83.5 -196.0
20211110233806  -672.7 -83.6 -196.1
20211110233807  -672.8 -83.4 -195.9
20211110233808  -672.8 -83.4 -195.7
20211110233809  -672.7 -83.4 -195.7
20211110233810  -672.8 -83.4 -195.6
20211110233811  -673.0 -83.1 -195.7
20211110233812  -672.7 -83.6 -195.8
20211110233813  -672.7 -83.7 -195.8
20211110233814  -672.6 -83.4 -195.7
20211110233815  -672.4 -83.3 -195.7
20211110233816  -672.4 -83.7 -196.0
20211110233817  -672.2 -83.3 -195.6
20211110233818  -672.4 -83.5 -195.8
20211110233819  -672.2 -83.3 -196.0
20211110233820  -672.4 -83.2 -196.0
20211110233821  -672.2 -83.3 -195.9
20211110233822  -672.1 -83.5 -195.9
20211110233823  -672.3 -83.4 -196.0
20211110233824  -672.3 -83.2 -195.9
20211110233825  -671.5 -83.3 -195.0
20211110233826  -671.3 -83.3 -194.9
20211110233827  -671.3 -83.0 -194.5
20211110233828  -670.9 -82.6 -194.6
20211110233829  -671.1 -82.6 -194.7
20211110233830  -671.8 -82.7 -195.0
20211110233831  -671.8 -82.6 -195.2
20211110233832  -671.9 -82.6 -195.4
20211110233833  -671.8 -82.5 -195.3
20211110233834  -671.8 -82.6 -195.3
20211110233835  -672.2 -82.8 -195.4
20211110233836  -672.2 -83.0 -195.1
20211110233837  -672.2 -82.8 -195.2
20211110233838  -672.3 -82.4 -195.3
20211110233839  -672.1 -82.4 -195.5
20211110233840  -671.9 -82.5 -195.6
20211110233841  -671.7 -82.5 -195.4
20211110233842  -672.1 -82.5 -195.2
20211110233843  -671.8 -82.6 -195.4
20211110233844  -671.7 -82.5 -195.2
20211110233845  -671.7 -82.7 -195.3
20211110233846  -671.9 -82.8 -195.2
20211110233847  -672.0 -82.8 -195.3
20211110233848  -672.2 -82.8 -195.3
20211110233849  -672.4 -82.9 -195.6
20211110233850  -672.1 -82.6 -195.6
20211110233851  -672.2 -83.0 -195.5
20211110233852  -672.2 -83.0 -195.9
20211110233853  -672.2 -82.8 -195.5
20211110233854  -672.1 -82.6 -195.6
20211110233855  -671.8 -83.1 -195.6
20211110233856  -671.4 -82.8 -194.9
20211110233857  -671.2 -82.9 -194.7
20211110233858  -671.2 -82.8 -194.5
20211110233859  -671.5 -83.1 -194.5
20211110233900  -672.0 -83.0 -195.2
20211110233901  -672.3 -83.1 -195.1
20211110233902  -672.1 -83.4 -195.3
20211110233903  -672.0 -83.3 -195.1
20211110233904  -672.2 -83.1 -194.9
20211110233905  -672.2 -83.2 -195.3
20211110233906  -672.1 -83.5 -195.2
20211110233907  -671.9 -83.2 -195.4
20211110233908  -672.0 -83.0 -195.2
20211110233909  -672.1 -83.1 -195.3
20211110233910  -671.9 -83.2 -195.5
20211110233911  -672.0 -83.1 -195.3
20211110233912  -672.0 -83.0 -195.2
20211110233913  -671.8 -83.1 -195.0
20211110233914  -671.5 -82.9 -195.4
20211110233915  -671.9 -82.9 -195.4
20211110233916  -671.7 -83.1 -195.3
20211110233917  -672.4 -83.1 -195.4
20211110233918  -672.0 -83.1 -195.3
20211110233919  -671.7 -83.1 -194.9
20211110233920  -671.6 -83.2 -195.3
20211110233921  -671.9 -83.1 -195.1
20211110233922  -671.9 -82.9 -195.1
20211110233923  -672.0 -83.2 -195.2
20211110233924  -672.0 -83.1 -195.1
20211110233925  -671.8 -82.9 -195.1
20211110233926  -671.1 -82.7 -194.3
20211110233927  -670.9 -82.6 -194.0
20211110233928  -670.9 -82.6 -194.0
20211110233929  -671.7 -82.7 -194.4
20211110233930  -672.0 -82.9 -194.8
20211110233931  -672.2 -82.9 -194.7
20211110233932  -671.9 -82.9 -194.7
20211110233933  -671.9 -82.9 -194.7
20211110233934  -672.0 -82.9 -194.5
20211110233935  -671.9 -83.1 -194.4
20211110233936  -671.8 -83.0 -194.4
20211110233937  -672.1 -82.8 -194.4
20211110233938  -672.2 -83.2 -194.6
20211110233939  -672.3 -83.2 -194.7
20211110233940  -672.2 -83.0 -194.7
20211110233941  -672.0 -83.2 -194.8
20211110233942  -671.9 -83.3 -194.9
20211110233943  -671.8 -83.1 -194.4
20211110233944  -671.9 -82.8 -194.4
20211110233945  -672.1 -82.8 -194.4
20211110233946  -672.0 -83.0 -194.6
20211110233947  -671.8 -82.6 -194.4
20211110233948  -672.0 -82.7 -194.3
20211110233949  -672.0 -82.8 -194.7
20211110233950  -672.2 -82.8 -194.3
20211110233951  -672.4 -82.9 -194.4
20211110233952  -672.2 -82.9 -194.6
20211110233953  -672.1 -83.0 -194.7
20211110233954  -672.4 -82.9 -194.5
20211110233955  -672.5 -83.0 -194.9
20211110233956  -671.6 -83.1 -194.4
20211110233957  -671.5 -83.0 -194.0
20211110233958  -671.5 -82.8 -193.7
20211110233959  -672.2 -82.8 -194.3
20211110234000  -672.0 -83.0 -194.6
20211110234001  -672.1 -83.1 -194.6
20211110234002  -672.1 -83.1 -194.4
20211110234003  -672.3 -83.1 -194.6
20211110234004  -672.6 -83.1 -194.7
20211110234005  -672.5 -83.0 -194.8
20211110234006  -672.5 -83.0 -194.7
20211110234007  -672.6 -83.3 -194.9
20211110234008  -672.9 -83.2 -194.8
20211110234009  -672.8 -83.1 -194.9
20211110234010  -672.8 -83.4 -194.9
20211110234011  -672.5 -83.0 -194.9
20211110234012  -672.8 -83.4 -194.8
20211110234013  -672.9 -83.3 -195.1
20211110234014  -672.8 -83.2 -194.8
20211110234015  -673.0 -83.3 -194.9
20211110234016  -672.8 -83.4 -195.0
20211110234017  -673.1 -83.3 -195.0
