.3
20211030235231  -874.6 4.6 -269.5
20211030235232  -875.2 4.7 -269.1
20211030235233  -875.6 5.5 -268.9
20211030235234  -875.7 7.0 -268.3
20211030235235  -875.5 8.0 -267.8
20211030235236  -875.4 8.5 -266.9
20211030235237  -875.0 8.6 -266.2
20211030235238  -875.0 8.3 -265.9
20211030235239  -875.4 8.1 -265.9
20211030235240  -875.8 7.6 -266.0
20211030235241  -875.8 6.6 -266.1
20211030235242  -876.7 5.7 -265.9
20211030235243  -877.4 5.1 -265.8
20211030235244  -877.9 5.1 -265.5
20211030235245  -878.2 5.3 -265.2
20211030235246  -878.9 5.9 -265.2
20211030235247  -879.0 6.1 -265.2
20211030235248  -879.6 6.2 -265.1
20211030235249  -880.2 6.2 -265.2
20211030235250  -880.3 6.1 -264.8
20211030235251  -880.9 5.6 -264.4
20211030235252  -880.9 5.0 -263.9
20211030235253  -880.9 5.0 -263.2
20211030235254  -881.1 5.7 -262.4
20211030235255  -880.8 6.3 -261.7
20211030235256  -881.1 6.4 -260.9
20211030235257  -881.0 6.0 -260.8
20211030235258  -880.8 5.4 -260.9
20211030235259  -880.7 4.2 -261.2
20211030235300  -881.3 3.5 -261.6
20211030235301  -881.2 2.8 -261.8
20211030235302  -881.4 2.6 -262.1
20211030235303  -881.4 2.7 -262.3
20211030235304  -881.2 3.0 -262.0
20211030235305  -880.9 3.5 -261.7
20211030235306  -881.1 3.9 -261.6
20211030235307  -880.6 4.3 -261.5
20211030235308  -880.1 4.0 -261.4
20211030235309  -879.7 4.0 -261.1
20211030235310  -879.7 4.4 -261.0
20211030235311  -879.4 4.2 -261.1
20211030235312  -879.3 4.8 -261.0
20211030235313  -879.8 5.4 -260.7
20211030235314  -879.5 5.7 -260.2
20211030235315  -879.5 5.8 -260.3
20211030235316  -879.6 5.3 -260.5
20211030235317  -879.6 4.3 -260.4
20211030235318  -879.1 3.3 -260.0
20211030235319  -878.8 2.6 -259.1
20211030235320  -878.5 2.2 -258.1
20211030235321  -878.2 2.5 -257.2
20211030235322  -877.7 2.8 -256.7
20211030235323  -877.5 3.4 -256.9
20211030235324  -877.8 4.2 -257.0
20211030235325  -877.7 5.0 -257.1
20211030235326  -877.7 5.8 -257.4
20211030235327  -877.7 6.0 -257.8
20211030235328  -877.6 6.2 -258.1
20211030235329  -877.5 6.0 -258.1
20211030235330  -877.0 5.3 -257.9
20211030235331  -876.7 4.9 -257.4
20211030235332  -876.4 4.4 -256.9
20211030235333  -876.3 3.8 -256.5
20211030235334  -875.7 3.8 -256.0
20211030235335  -875.4 4.0 -255.6
20211030235336  -875.8 4.2 -256.0
20211030235337  -875.7 4.6 -256.3
20211030235338  -876.0 5.0 -256.8
20211030235339  -876.0 5.0 -257.2
20211030235340  -875.5 5.2 -257.2
20211030235341  -875.4 5.2 -257.1
20211030235342  -874.9 5.3 -256.3
20211030235343  -874.7 5.5 -255.9
20211030235344  -874.2 5.7 -255.8
20211030235345  -874.3 6.1 -255.9
20211030235346  -874.2 7.0 -256.4
20211030235347  -874.5 7.7 -257.2
20211030235348  -874.9 8.3 -258.0
20211030235349  -875.3 8.4 -258.9
20211030235350  -875.3 8.1 -259.4
20211030235351  -875.9 7.8 -259.5
20211030235352  -876.0 7.7 -259.7
20211030235353  -875.7 7.8 -259.8
20211030235354  -875.3 7.5 -259.8
20211030235355  -875.1 7.2 -258.9
20211030235356  -874.9 6.7 -258.5
20211030235357  -874.2 6.4 -258.4
20211030235358  -873.6 6.4 -258.5
20211030235359  -873.4 5.4 -258.1
20211030235400  -873.2 4.7 -257.7
20211030235401  -872.6 4.2 -257.1
20211030235402  -872.2 4.2 -256.4
20211030235403  -872.2 4.3 -256.3
20211030235404  -872.3 4.8 -256.3
20211030235405  -872.1 5.1 -256.6
20211030235406  -872.6 5.4 -257.0
20211030235407  -872.5 5.6 -257.1
20211030235408  -872.8 5.7 -257.4
20211030235409  -872.8 6.0 -257.3
20211030235410  -872.6 6.4 -257.0
20211030235411  -872.6 6.6 -256.5
20211030235412  -872.5 6.8 -255.7
20211030235413  -872.4 6.3 -255.1
20211030235414  -872.3 5.9 -254.7
20211030235415  -872.2 5.2 -254.7
20211030235416  -872.0 4.6 -254.6
20211030235417  -872.5 3.9 -254.3
20211030235418  -872.5 3.7 -254.5
20211030235419  -872.7 4.0 -253.9
20211030235420  -872.5 5.0 -253.1
20211030235421  -871.9 6.1 -252.1
20211030235422  -871.8 6.9 -251.8
20211030235423  -871.6 6.8 -252.2
20211030235424  -871.6 7.1 -252.8
20211030235425  -871.6 6.3 -252.9
20211030235426  -872.0 5.8 -253.2
20211030235427  -872.1 5.7 -252.9
20211030235428  -872.5 6.2 -253.2
20211030235429  -872.6 6.3 -253.3
20211030235430  -873.3 6.2 -253.5
20211030235431  -873.2 6.1 -253.7
20211030235432  -873.5 6.2 -253.7
20211030235433  -873.7 5.9 -253.6
20211030235434  -873.8 5.0 -253.4
20211030235435  -873.7 4.2 -253.0
20211030235436  -873.2 3.8 -252.5
20211030235437  -873.4 3.3 -252.6
20211030235438  -873.2 3.5 -252.2
20211030235439  -872.9 4.6 -251.3
20211030235440  -872.7 5.4 -250.6
20211030235441  -872.6 6.2 -250.2
20211030235442  -872.4 6.4 -250.3
20211030235443  -872.2 6.2 -250.8
20211030235444  -872.4 5.3 -251.1
20211030235445  -872.5 4.2 -251.3
20211030235446  -872.6 3.4 -251.8
20211030235447  -872.9 2.5 -252.4
20211030235448  -873.4 2.3 -252.5
20211030235449  -873.6 2.4 -252.4
20211030235450  -873.6 3.2 -252.0
20211030235451  -873.6 4.6 -251.7
20211030235452  -873.1 5.9 -251.1
20211030235453  -872.9 7.3 -250.6
20211030235454  -872.6 8.3 -250.1
20211030235455  -872.2 8.4 -250.1
20211030235456  -872.1 7.9 -249.5
20211030235457  -871.7 7.5 -249.9
20211030235458  -871.6 6.3 -250.2
20211030235459  -871.6 4.8 -250.2
20211030235500  -871.4 3.6 -249.9
20211030235501  -871.6 3.0 -249.0
20211030235502  -871.8 2.8 -248.7
20211030235503  -871.5 3.0 -248.7
20211030235504  -871.7 3.4 -249.1
20211030235505  -871.5 3.1 -249.9
20211030235506  -870.9 3.6 -249.9
20211030235507  -871.1 3.7 -250.5
20211030235508  -870.7 4.2 -250.5
20211030235509  -870.5 5.0 -250.6
20211030235510  -870.3 5.1 -250.9
20211030235511  -870.5 5.0 -251.6
20211030235512  -870.4 4.9 -251.5
20211030235513  -870.3 4.4 -251.5
20211030235514  -870.3 4.3 -251.8
20211030235515  -870.2 4.6 -251.7
20211030235516  -870.4 4.8 -251.3
20211030235517  -869.7 5.0 -250.5
20211030235518  -869.7 5.2 -249.1
20211030235519  -869.5 6.3 -247.9
20211030235520  -869.6 6.9 -247.3
20211030235521  -870.1 7.8 -247.6
20211030235522  -870.4 8.8 -248.6
20211030235523  -871.1 9.3 -250.2
20211030235524  -871.4 9.6 -251.5
20211030235525  -871.9 9.2 -252.5
20211030235526  -872.2 8.9 -252.9
20211030235527  -872.0 8.2 -252.9
20211030235528  -871.9 8.0 -253.0
20211030235529  -871.6 8.0 -252.4
20211030235530  -871.4 7.7 -251.4
20211030235531  -871.3 8.1 -250.0
20211030235532  -870.8 8.3 -248.6
20211030235533  -870.3 9.3 -247.1
20211030235534  -869.8 10.3 -246.0
20211030235535  -869.2 11.5 -245.8
20211030235536  -868.4 12.6 -245.5
20211030235537  -868.4 12.9 -246.2
20211030235538  -868.4 12.9 -246.9
20211030235539  -868.9 12.8 -248.0
20211030235540  -869.3 11.8 -249.2
20211030235541  -869.7 10.9 -250.1
20211030235542  -870.1 10.0 -250.3
20211030235543  -870.1 9.5 -250.2
20211030235544  -870.2 9.5 -249.7
20211030235545  -870.3 9.9 -249.0
20211030235546  -870.3 9.9 -247.7
20211030235547  -870.4 10.3 -246.8
20211030235548  -870.7 9.9 -245.9
20211030235549  -870.6 9.7 -245.5
20211030235550  -870.2 9.0 -245.4
20211030235551  -870.0 9.1 -245.6
20211030235552  -869.7 9.7 -244.9
20211030235553  -869.7 10.5 -244.8
20211030235554  -869.7 11.6 -244.6
20211030235555  -869.8 11.4 -244.6
20211030235556  -870.3 11.3 -245.3
20211030235557  -870.8 10.7 -245.9
20211030235558  -871.6 9.7 -246.9
20211030235559  -871.9 8.9 -247.2
20211030235600  -872.3 8.2 -247.1
20211030235601  -872.6 7.9 -246.5
20211030235602  -872.4 7.9 -246.2
20211030235603  -872.4 8.2 -246.4
20211030235604  -872.5 8.8 -246.6
20211030235605  -872.6 9.5 -246.6
20211030235606  -872.6 10.1 -246.4
20211030235607  -873.1 10.5 -246.0
20211030235608  -873.5 10.6 -245.7
20211030235609  -873.1 10.8 -245.4
20211030235610  -873.1 10.4 -245.7
20211030235611  -872.6 10.0 -245.7
20211030235612  -872.0 9.1 -245.4
20211030235613  -871.4 8.3 -244.4
20211030235614  -870.7 7.5 -243.3
20211030235615  -870.3 7.0 -242.6
20211030235616  -870.0 6.5 -242.1
20211030235617  -869.8 6.6 -241.8
20211030235618  -869.9 7.1 -242.6
