20211026213023  -661.7 -85.7 -192.8
20211026213024  -661.8 -85.8 -192.8
20211026213025  -661.9 -85.8 -192.6
20211026213026  -661.6 -85.8 -192.8
20211026213027  -661.8 -85.8 -192.7
20211026213028  -661.9 -86.2 -192.9
20211026213029  -661.9 -86.1 -193.2
20211026213030  -661.4 -86.1 -192.8
20211026213031  -661.6 -86.0 -192.3
20211026213032  -661.8 -85.9 -192.7
20211026213033  -662.1 -85.9 -192.6
20211026213034  -662.2 -85.8 -192.7
20211026213035  -661.9 -85.7 -192.8
20211026213036  -662.1 -85.9 -192.7
20211026213037  -662.0 -86.2 -192.8
20211026213038  -662.0 -85.9 -192.7
20211026213039  -662.0 -86.1 -192.9
20211026213040  -662.0 -85.7 -193.0
20211026213041  -661.8 -86.0 -192.6
20211026213042  -662.0 -86.0 -192.7
20211026213043  -662.0 -85.8 -192.7
20211026213044  -661.8 -86.0 -192.6
20211026213045  -661.8 -86.0 -192.4
20211026213046  -662.1 -86.0 -192.6
20211026213047  -662.2 -85.8 -192.7
20211026213048  -662.2 -85.9 -192.5
20211026213049  -661.9 -86.0 -192.6
20211026213050  -661.9 -85.8 -192.6
20211026213051  -661.6 -85.4 -192.5
20211026213052  -661.6 -85.4 -192.3
20211026213053  -661.9 -85.7 -192.4
20211026213054  -662.1 -85.4 -192.3
20211026213055  -661.8 -85.7 -192.3
20211026213056  -662.2 -85.7 -192.2
20211026213057  -661.8 -85.5 -192.3
20211026213058  -661.9 -85.8 -192.2
20211026213059  -661.7 -85.5 -192.2
20211026213100  -661.6 -85.5 -192.2
20211026213101  -660.9 -85.6 -191.7
20211026213102  -661.7 -85.4 -192.1
20211026213103  -661.6 -85.7 -192.1
20211026213104  -661.6 -85.7 -192.0
20211026213105  -661.5 -85.8 -192.1
20211026213106  -661.9 -85.9 -192.5
20211026213107  -661.5 -85.7 -192.3
20211026213108  -661.8 -85.6 -192.3
20211026213109  -661.6 -86.0 -192.5
20211026213110  -661.7 -86.0 -192.4
20211026213111  -661.5 -85.8 -192.5
20211026213112  -661.9 -85.7 -192.7
20211026213113  -661.8 -85.6 -192.6
20211026213114  -661.9 -85.8 -192.7
20211026213115  -661.5 -86.0 -192.5
20211026213116  -661.4 -85.9 -192.4
20211026213117  -661.6 -85.8 -192.3
20211026213118  -661.5 -85.7 -192.3
20211026213119  -661.4 -85.6 -192.5
20211026213120  -661.7 -85.8 -192.4
20211026213121  -661.6 -85.9 -192.1
20211026213122  -661.6 -85.7 -192.3
20211026213123  -661.3 -85.7 -192.2
20211026213124  -661.3 -85.5 -192.2
20211026213125  -661.3 -85.5 -192.3
20211026213126  -661.4 -85.5 -192.1
20211026213127  -661.7 -85.4 -192.3
20211026213128  -661.5 -85.2 -192.0
20211026213129  -661.2 -85.2 -192.1
20211026213130  -661.4 -85.4 -191.8
20211026213131  -661.1 -85.4 -191.7
20211026213132  -661.3 -84.8 -191.7
20211026213133  -661.3 -85.2 -192.0
20211026213134  -661.4 -85.4 -191.9
20211026213135  -661.6 -85.2 -191.8
20211026213136  -661.8 -85.1 -191.9
20211026213137  -661.6 -85.1 -192.2
20211026213138  -661.3 -85.1 -192.2
20211026213139  -661.5 -85.3 -192.2
20211026213140  -661.4 -85.3 -192.0
20211026213141  -661.4 -85.3 -192.1
20211026213142  -661.5 -85.4 -192.4
20211026213143  -661.3 -85.2 -192.1
20211026213144  -661.5 -85.2 -192.1
20211026213145  -661.2 -85.1 -192.1
20211026213146  -661.2 -85.4 -192.0
20211026213147  -661.1 -85.2 -192.1
20211026213148  -661.4 -85.3 -192.1
20211026213149  -661.5 -85.5 -192.0
20211026213150  -661.4 -85.4 -192.1
20211026213151  -661.3 -85.5 -192.6
20211026213152  -661.2 -85.5 -192.2
20211026213153  -661.4 -85.4 -192.6
20211026213154  -661.4 -85.2 -192.6
20211026213155  -661.0 -85.3 -192.5
20211026213156  -661.3 -85.4 -192.6
20211026213157  -661.5 -85.5 -192.5
20211026213158  -661.4 -85.2 -192.2
20211026213159  -661.5 -85.3 -192.2
20211026213200  -661.5 -85.1 -192.4
20211026213201  -661.5 -85.0 -192.4
20211026213202  -661.3 -84.9 -192.1
20211026213203  -661.6 -85.1 -192.4
20211026213204  -661.5 -85.3 -192.5
20211026213205  -661.5 -85.1 -192.8
20211026213206  -661.6 -85.0 -192.6
20211026213207  -661.3 -85.1 -192.5
20211026213208  -661.8 -85.3 -192.2
20211026213209  -661.4 -85.1 -192.5
20211026213210  -661.4 -85.3 -192.6
20211026213211  -661.8 -85.2 -192.6
20211026213212  -661.6 -85.2 -192.8
20211026213213  -661.6 -85.1 -192.7
20211026213214  -661.7 -85.1 -193.1
20211026213215  -661.5 -85.3 -193.1
20211026213216  -661.7 -85.1 -192.7
20211026213217  -661.4 -84.9 -192.3
20211026213218  -661.3 -85.0 -192.6
20211026213219  -661.6 -85.2 -192.8
20211026213220  -661.5 -84.9 -192.9
20211026213221  -661.8 -85.0 -192.6
20211026213222  -661.8 -85.4 -192.7
20211026213223  -661.6 -85.3 -192.6
20211026213224  -661.7 -85.1 -192.5
20211026213225  -661.5 -85.0 -192.6
20211026213226  -661.7 -85.2 -192.6
20211026213227  -661.7 -85.0 -192.6
20211026213228  -661.7 -85.2 -192.6
20211026213229  -661.9 -84.8 -192.8
20211026213230  -661.8 -85.0 -193.2
20211026213231  -661.9 -84.8 -193.0
20211026213232  -661.5 -85.0 -192.7
20211026213233  -662.0 -84.8 -192.9
20211026213234  -661.8 -84.9 -192.6
20211026213235  -661.6 -85.0 -192.5
20211026213236  -661.7 -84.9 -192.7
20211026213237  -661.6 -85.0 -192.6
20211026213238  -661.6 -85.2 -192.7
20211026213239  -661.7 -85.0 -192.6
20211026213240  -661.5 -84.8 -192.8
20211026213241  -661.3 -85.0 -192.8
20211026213242  -661.3 -85.3 -192.9
20211026213243  -661.4 -85.0 -192.8
20211026213244  -661.3 -85.1 -192.9
20211026213245  -661.4 -85.1 -192.9
20211026213246  -661.4 -84.9 -193.1
20211026213247  -661.5 -84.8 -192.7
20211026213248  -661.3 -85.0 -192.8
20211026213249  -661.6 -85.0 -192.9
20211026213250  -661.6 -85.0 -192.8
20211026213251  -661.5 -85.1 -192.8
20211026213252  -661.5 -85.2 -192.8
20211026213253  -661.6 -84.9 -192.9
20211026213254  -661.5 -84.9 -193.1
20211026213255  -661.4 -85.1 -193.1
20211026213256  -661.6 -85.2 -192.9
20211026213257  -661.4 -85.1 -192.7
20211026213258  -661.5 -85.0 -192.7
20211026213259  -661.5 -85.1 -192.9
20211026213300  -661.5 -85.3 -192.7
20211026213301  -661.6 -85.4 -192.8
20211026213302  -661.7 -85.6 -192.6
20211026213303  -661.3 -85.6 -192.7
20211026213304  -661.3 -85.6 -192.7
20211026213305  -661.6 -85.8 -193.0
20211026213306  -661.4 -85.8 -192.7
20211026213307  -661.7 -85.7 -192.9
20211026213308  -661.9 -85.6 -192.9
20211026213309  -661.7 -85.6 -193.1
20211026213310  -661.9 -85.7 -193.1
20211026213311  -661.8 -85.6 -193.1
20211026213312  -661.9 -85.5 -192.8
20211026213313  -661.9 -85.9 -192.9
20211026213314  -661.9 -85.9 -193.0
20211026213315  -661.8 -85.6 -192.9
20211026213316  -661.7 -86.0 -193.1
20211026213317  -661.7 -86.1 -193.0
20211026213318  -662.0 -85.8 -193.0
20211026213319  -662.0 -85.9 -192.9
20211026213320  -661.9 -86.0 -193.0
20211026213321  -661.9 -85.8 -193.0
20211026213322  -662.0 -86.0 -192.8
20211026213323  -662.0 -85.8 -193.0
20211026213324  -661.9 -85.8 -192.8
20211026213325  -662.0 -85.9 -193.1
20211026213326  -661.9 -86.2 -192.7
20211026213327  -662.2 -86.0 -192.8
20211026213328  -662.0 -86.0 -192.8
20211026213329  -662.1 -86.0 -192.8
20211026213330  -662.1 -86.1 -192.9
20211026213331  -662.3 -86.1 -192.9
20211026213332  -662.5 -86.2 -193.1
20211026213333  -662.2 -86.2 -192.9
20211026213334  -662.4 -86.1 -192.9
20211026213335  -662.4 -86.1 -192.9
20211026213336  -662.5 -85.8 -193.0
20211026213337  -662.3 -85.9 -192.8
20211026213338  -662.3 -85.9 -192.8
20211026213339  -662.2 -86.2 -192.6
20211026213340  -662.2 -86.2 -192.9
20211026213341  -662.3 -86.2 -192.9
20211026213342  -662.4 -86.0 -193.0
20211026213343  -662.3 -86.3 -193.0
20211026213344  -662.4 -86.6 -192.7
20211026213345  -662.6 -86.5 -192.9
20211026213346  -662.4 -86.1 -192.9
20211026213347  -662.4 -86.2 -192.9
20211026213348  -662.5 -86.3 -193.0
20211026213349  -662.7 -86.1 -193.1
20211026213350  -662.7 -86.3 -193.0
20211026213351  -662.6 -86.2 -193.1
20211026213352  -662.7 -86.3 -193.3
20211026213353  -662.7 -86.3 -193.2
20211026213354  -662.8 -86.4 -192.9
20211026213355  -662.6 -86.8 -192.9
20211026213356  -662.7 -86.6 -192.9
20211026213357  -662.7 -86.5 -193.1
20211026213358  -662.9 -86.7 -192.9
20211026213359  -662.8 -86.5 -192.9
20211026213400  -663.0 -86.7 -192.9
20211026213401  -662.9 -86.5 -193.1
20211026213402  -662.8 -86.6 -193.3
20211026213403  -662.9 -86.5 -193.0
20211026213404  -662.7 -86.2 -192.6
20211026213405  -663.0 -86.2 -193.0
20211026213406  -663.0 -86.0 -192.9
20211026213407  -662.6 -86.3 -192.7
20211026213408  -662.5 -86.6 -192.8
20211026213409  -662.9 -86.5 -193.0
20211026213410  -662.9 -86.3 -193.0
20211026213411  -662.8 -86.4 -192.8
20211026213412  -663.0 -86.2 -192.8
20211026213413  -662.7 -86.5 -192.7
20211026213414  -662.5 -86.4 -192.8
20211026213415  -662.9 -86.6 -192.8
20211026213416  -663.0 -86.2 -192.7
20211026213417  -662.6 -86.3 -192.9
20211026213418  -663.1 -86.2 -192.9
20211026213419  -662.9 -86.5 -192.8
20211026213420  -663.1 -86.1 -193.0
20211026213421  -663.1 -86.5 -193.1
20211026213422  -662.6 -86.5 -192.7
20211026213423  -662.7 -86.3 -192.7
20211026213424  -662.8 -86.4 -192.8
20211026213425  -662.8 -86.4 -193.1
20211026213426  -662.7 -86.4 -193.1
20211026213427  -663.0 -86.7 -192.7
20211026213428  -662.9 -86.6 -192.9
20211026213429  -662.9 -86.6 -193.2
20211026213430  -663.0 -86.7 -193.1
20211026213431  -663.2 -86.7 -193.3
20211026213432  -662.9 -86.3 -193.0
20211026213433  -662.8 -86.7 -193.1
20211026213434  -662.4 -86.8 -192.9
20211026213435  -662.4 -86.3 -192.6
20211026213436  -662.7 -86.4 -192.9
20211026213437  -662.7 -86.4 -192.7
20211026213438  -662.7 -86.6 -192.6
20211026213439  -662.6 -86.6 -192.7
20211026213440  -662.5 -86.5 -192.6
20211026213441  -662.8 -86.5 -192.5
20211026213442  -662.8 -86.5 -193.0
20211026213443  -662.8 -86.6 -193.0
20211026213444  -663.0 -86.4 -193.1
20211026213445  -662.8 -86.4 -192.9
20211026213446  -662.7 -86.3 -192.8
20211026213447  -662.9 -86.6 -192.9
20211026213448  -662.9 -86.6 -192.7
20211026213449  -662.9 -86.6 -192.8
20211026213450  -662.9 -86.7 -192.4
20211026213451  -662.7 -86.8 -192.6
20211026213452  -662.8 -86.7 -192.6
20211026213453  -663.0 -86.3 -192.5
20211026213454  -662.8 -86.3 -192.5
20211026213455  -662.7 -86.3 -192.6
20211026213456  -662.6 -86.5 -193.0
20211026213457  -662.5 -86.5 -193.2
20211026213458  -662.7 -86.5 -192.9
20211026213459  -662.6 -86.8 -192.8
20211026213500  -662.9 -86.4 -192.8
20211026213501  -662.7 -86.4 -192.8
20211026213502  -662.8 -86.3 -192.8
20211026213503  -662.7 -86.7 -192.9
20211026213504  -662.2 -86.6 -192.6
20211026213505  -661.6 -86.7 -192.1
20211026213506  -662.5 -86.6 -192.9
20211026213507  -662.4 -86.8 -192.8
20211026213508  -662.7 -86.8 -192.5
20211026213509  -662.8 -86.8 -192.5
20211026213510  -662.6 -86.7 -192.6
20211026213511  -662.6 -86.7 -193.0
20211026213512  -662.4 -86.9 -192.9
20211026213513  -662.7 -86.9 -192.8
20211026213514  -662.9 -86.7 -193.0
20211026213515  -662.9 -86.4 -192.9
20211026213516  -662.6 -86.6 -192.9
20211026213517  -662.9 -86.7 -192.7
20211026213518  -662.9 -86.6 -192.7
20211026213519  -663.2 -86.7 -192.9
20211026213520  -663.1 -86.6 -192.6
20211026213521  -663.0 -86.4 -192.7
20211026213522  -662.9 -86.7 -192.6
20211026213523  -662.8 -86.7 -192.9
20211026213524  -662.7 -87.0 -192.6
20211026213525  -662.9 -87.0 -192.6
20211026213526  -662.7 -86.9 -192.7
20211026213527  -662.8 -86.9 -192.8
20211026213528  -662.5 -86.8 -193.0
20211026213529  -662.9 -86.9 -193.0
20211026213530  -662.7 -86.6 -192.9
20211026213531  -662.9 -86.5 -192.9
20211026213532  -663.0 -86.8 -192.8
20211026213533  -662.9 -86.7 -193.0
20211026213534  -662.8 -86.8 -193.2
20211026213535  -662.0 -86.5 -192.6
20211026213536  -662.0 -86.5 -192.7
20211026213537  -662.4 -86.6 -193.1
20211026213538  -662.4 -86.7 -193.3
20211026213539  -662.4 -87.0 -192.9
20211026213540  -662.7 -87.0 -192.8
20211026213541  -662.6 -87.1 -193.1
20211026213542  -662.6 -86.9 -192.9
20211026213543  -662.6 -86.8 -192.8
20211026213544  -662.2 -87.1 -192.9
20211026213545  -662.4 -86.7 -192.8
20211026213546  -662.4 -86.6 -192.9
20211026213547  -662.5 -86.9 -192.4
20211026213548  -662.3 -87.0 -192.8
20211026213549  -662.3 -86.9 -192.9
20211026213550  -662.5 -86.7 -192.8
20211026213551  -662.5 -86.8 -192.8
20211026213552  -662.6 -86.9 -192.9
20211026213553  -662.6 -86.8 -193.1
20211026213554  -662.7 -86.7 -192.7
20211026213555  -662.8 -86.9 -192.5
20211026213556  -662.7 -87.0 -192.9
20211026213557  -662.2 -86.9 -192.9
20211026213558  -662.5 -87.0 -193.1
20211026213559  -662.5 -87.2 -193.1
20211026213600  -662.3 -87.2 -193.1
20211026213601  -662.5 -87.4 -193.1
20211026213602  -662.4 -87.0 -193.0
20211026213603  -662.3 -87.1 -193.2
20211026213604  -662.4 -86.9 -193.1
20211026213605  -661.8 -86.8 -192.8
20211026213606  -661.4 -86.6 -192.3
20211026213607  -661.5 -86.5 -192.1
20211026213608  -662.2 -86.3 -192.4
20211026213609  -662.1 -86.3 -192.4
20211026213610  -662.3 -86.6 -192.6
20211026213611  -662.2 -86.7 -192.6
20211026213612  -662.1 -86.5 -192.6
20211026213613  -662.3 -86.6 -192.6
20211026213614  -662.1 -86.7 -193.0
20211026213615  -662.2 -86.8 -192.7
20211026213616  -662.0 -86.7 -192.7
20211026213617  -662.0 -86.7 -192.8
20211026213618  -661.8 -86.5 -192.5
20211026213619  -662.0 -86.6 -192.6
20211026213620  -661.7 -86.9 -192.7
20211026213621  -662.1 -86.7 -192.6
20211026213622  -662.0 -86.9 -192.7
20211026213623  -662.4 -87.1 -192.6
20211026213624  -662.0 -86.9 -192.6
20211026213625  -662.3 -86.8 -192.4
20211026213626  -662.3 -86.6 -192.8
20211026213627  -662.2 -86.7 -192.6
20211026213628  -662.2 -87.0 -192.3
20211026213629  -662.2 -86.8 -192.4
20211026213630  -661.9 -86.9 -192.6
20211026213631  -662.2 -86.9 -192.8
20211026213632  -662.0 -86.9 -192.5
20211026213633  -662.0 -86.9 -192.2
20211026213634  -661.9 -86.9 -192.5
20211026213635  -662.0 -87.0 -192.5
20211026213636  -661.2 -86.9 -192.0
20211026213637  -661.0 -86.9 -191.6
20211026213638  -661.4 -86.8 -191.9
20211026213639  -661.7 -86.6 -192.0
20211026213640  -661.7 -86.6 -192.1
20211026213641  -661.7 -86.3 -192.2
20211026213642  -661.7 -86.5 -192.3
20211026213643  -661.5 -86.1 -192.4
20211026213644  -661.7 -86.4 -192.1
20211026213645  -661.7 -86.4 -192.1
20211026213646  -661.7 -86.4 -191.9
20211026213647  -661.6 -86.4 -192.1
20211026213648  -661.7 -86.3 -192.0
20211026213649  -661.7 -86.6 -192.2
20211026213650  -661.6 -86.7 -192.4
20211026213651  -661.5 -86.8 -192.1
20211026213652  -661.6 -86.4 -192.0
20211026213653  -661.7 -86.5 -192.0
20211026213654  -661.7 -86.8 -192.2
20211026213655  -661.6 -86.9 -192.1
20211026213656  -661.6 -86.9 -192.2
20211026213657  -661.7 -86.8 -192.3
20211026213658  -661.6 -86.4 -192.4
20211026213659  -661.8 -86.5 -192.3
20211026213700  -661.6 -86.9 -192.4
20211026213701  -661.6 -86.8 -192.4
20211026213702  -661.9 -86.8 -192.5
20211026213703  -661.6 -86.8 -192.3
20211026213704  -661.5 -86.4 -192.2
20211026213705  -661.6 -86.3 -192.1
20211026213706  -661.1 -86.5 -191.8
20211026213707  -660.6 -86.2 -191.7
20211026213708  -661.1 -86.2 -192.1
20211026213709  -661.4 -86.3 -192.1
20211026213710  -661.3 -86.5 -192.1
20211026213711  -661.6 -86.2 -192.0
20211026213712  -661.3 -86.3 -192.1
20211026213713  -661.2 -86.4 -192.2
20211026213714  -661.3 -86.6 -192.2
20211026213715  -661.3 -86.7 -192.1
20211026213716  -661.3 -86.5 -192.1
20211026213717  -661.4 -86.3 -192.4
20211026213718  -661.2 -86.4 -192.5
20211026213719  -661.1 -86.5 -192.4
20211026213720  -661.0 -86.4 -192.1
20211026213721  -661.0 -86.3 -192.1
20211026213722  -661.1 -86.5 -192.1
20211026213723  -661.2 -86.2 -192.4
20211026213724  -661.3 -86.3 -192.3
20211026213725  -661.4 -86.3 -192.2
20211026213726  -661.4 -86.4 -192.2
20211026213727  -661.4 -86.2 -192.2
20211026213728  -661.4 -86.4 -192.4
20211026213729  -661.3 -86.4 -192.6
20211026213730  -661.3 -86.6 -192.5
20211026213731  -661.3 -86.6 -192.4
20211026213732  -661.2 -86.5 -192.3
20211026213733  -661.1 -86.3 -192.3
20211026213734  -661.2 -86.4 -192.2
20211026213735  -661.1 -86.5 -192.4
20211026213736  -660.7 -86.4 -192.1
20211026213737  -660.3 -86.1 -191.8
20211026213738  -660.3 -86.0 -192.0
20211026213739  -660.8 -86.2 -192.3
20211026213740  -660.6 -86.4 -192.1
20211026213741  -660.8 -86.4 -192.3
20211026213742  -660.7 -86.6 -192.1
20211026213743  -660.9 -86.5 -192.1
20211026213744  -661.0 -86.5 -192.2
20211026213745  -660.9 -86.6 -192.2
20211026213746  -660.6 -86.7 -191.9
20211026213747  -660.6 -86.6 -191.8
20211026213748  -660.8 -86.5 -192.0
20211026213749  -661.0 -86.3 -191.9
20211026213750  -660.9 -86.2 -191.8
20211026213751  -661.0 -86.3 -192.2
20211026213752  -661.0 -86.4 -192.2
20211026213753  -661.0 -86.3 -192.3
20211026213754  -660.7 -86.5 -192.0
20211026213755  -660.8 -86.4 -192.0
20211026213756  -660.9 -86.8 -192.3
20211026213757  -660.9 -86.5 -192.2
20211026213758  -661.0 -86.5 -192.2
20211026213759  -660.9 -86.6 -192.4
20211026213800  -660.8 -86.6 -192.3
20211026213801  -661.1 -86.4 -192.3
20211026213802  -661.0 -86.4 -192.3
20211026213803  -660.9 -86.3 -192.4
20211026213804  -661.1 -86.1 -192.1
20211026213805  -661.1 -86.3 -192.1
20211026213806  -661.2 -86.4 -192.3
20211026213807  -660.4 -86.5 -192.0
20211026213808  -660.2 -86.0 -191.6
20211026213809  -660.6 -86.5 -192.3
20211026213810  -660.9 -86.6 -192.3
20211026213811  -660.9 -86.3 -192.3
20211026213812  -660.8 -86.3 -192.5
