20211201220025  -815.0 -46.1 -926.9
20211201220026  -814.5 -46.7 -927.2
20211201220027  -814.4 -47.5 -927.2
20211201220028  -814.0 -48.0 -927.2
20211201220029  -813.9 -47.9 -927.1
20211201220030  -813.6 -47.5 -927.1
20211201220031  -813.3 -47.1 -927.3
20211201220032  -813.0 -46.6 -927.9
20211201220033  -813.0 -45.8 -928.4
20211201220034  -813.1 -44.7 -928.6
20211201220035  -813.4 -43.7 -928.6
20211201220036  -813.7 -43.3 -928.4
20211201220037  -814.0 -43.2 -928.4
20211201220038  -814.5 -43.8 -928.1
20211201220039  -814.5 -45.2 -927.7
20211201220040  -814.6 -46.5 -927.2
20211201220041  -814.7 -47.5 -926.3
20211201220042  -814.1 -48.5 -925.1
20211201220043  -813.9 -49.3 -924.0
20211201220044  -813.6 -50.0 -923.9
20211201220045  -813.0 -50.9 -923.4
20211201220046  -812.8 -51.5 -923.5
20211201220047  -811.9 -51.7 -923.1
20211201220048  -811.1 -51.4 -923.0
20211201220049  -810.8 -50.1 -923.1
20211201220050  -811.5 -49.0 -924.0
20211201220051  -811.7 -48.3 -925.3
20211201220052  -812.6 -47.8 -926.1
20211201220053  -813.6 -47.7 -926.8
20211201220054  -814.1 -48.0 -927.2
20211201220055  -814.7 -48.8 -926.6
20211201220056  -814.0 -49.4 -926.1
20211201220057  -813.1 -50.4 -925.3
20211201220058  -811.5 -51.3 -924.3
20211201220059  -810.2 -52.0 -923.5
20211201220100  -809.6 -52.1 -923.4
20211201220101  -809.3 -51.8 -923.4
20211201220102  -809.2 -51.8 -923.7
20211201220103  -809.4 -51.7 -924.2
20211201220104  -809.5 -51.6 -925.2
20211201220105  -810.1 -51.7 -926.2
20211201220106  -810.1 -52.2 -926.9
20211201220107  -810.3 -52.1 -926.9
20211201220108  -810.3 -51.9 -926.8
20211201220109  -810.5 -51.1 -927.0
20211201220110  -810.9 -50.8 -927.0
20211201220111  -811.6 -50.7 -926.8
20211201220112  -811.5 -52.3 -926.2
20211201220113  -810.2 -53.6 -924.8
20211201220114  -809.4 -54.0 -924.0
20211201220115  -808.5 -54.0 -923.7
20211201220116  -808.8 -53.6 -924.0
20211201220117  -808.3 -52.7 -924.2
20211201220118  -807.9 -51.9 -924.3
20211201220119  -808.2 -52.1 -924.8
20211201220120  -808.5 -52.3 -924.9
20211201220121  -809.6 -52.8 -924.8
20211201220122  -810.0 -53.1 -925.3
20211201220123  -809.8 -53.5 -925.3
20211201220124  -810.0 -54.1 -925.3
20211201220125  -810.1 -54.5 -925.9
20211201220126  -810.0 -54.8 -926.0
20211201220127  -810.2 -54.9 -926.3
20211201220128  -809.9 -55.2 -926.1
20211201220129  -810.2 -55.7 -925.9
20211201220130  -811.0 -56.1 -925.3
20211201220131  -811.2 -56.2 -924.5
20211201220132  -811.9 -56.6 -924.3
20211201220133  -812.2 -56.5 -923.9
20211201220134  -812.0 -56.4 -924.0
20211201220135  -811.4 -57.1 -924.0
20211201220136  -810.6 -57.5 -924.1
20211201220137  -810.3 -57.4 -924.9
20211201220138  -810.2 -56.5 -925.1
20211201220139  -809.9 -55.4 -925.9
20211201220140  -809.7 -54.5 -925.1
20211201220141  -809.5 -54.3 -924.2
20211201220142  -809.4 -55.2 -924.2
20211201220143  -808.5 -56.0 -923.5
20211201220144  -807.3 -57.1 -922.8
20211201220145  -805.8 -57.9 -922.2
20211201220146  -804.7 -58.7 -921.7
20211201220147  -803.4 -59.5 -921.6
20211201220148  -802.2 -60.4 -921.9
20211201220149  -801.2 -61.5 -922.1
20211201220150  -800.6 -61.6 -922.5
20211201220151  -800.9 -61.8 -923.5
20211201220152  -801.5 -62.1 -924.2
20211201220153  -802.1 -62.2 -924.4
20211201220154  -802.9 -62.0 -924.3
20211201220155  -803.1 -62.0 -924.5
20211201220156  -803.2 -61.7 -923.9
20211201220157  -803.0 -61.2 -923.0
20211201220158  -802.3 -61.1 -922.4
20211201220159  -801.7 -60.9 -921.5
20211201220200  -800.7 -61.0 -920.8
20211201220201  -799.4 -61.6 -920.1
20211201220202  -798.6 -61.9 -919.4
20211201220203  -798.1 -62.2 -919.5
20211201220204  -797.2 -63.1 -919.6
20211201220205  -796.0 -64.0 -920.1
20211201220206  -795.0 -64.0 -920.6
20211201220207  -795.1 -63.7 -922.2
20211201220208  -795.5 -63.0 -923.4
20211201220209  -796.0 -62.3 -924.2
20211201220210  -796.7 -61.7 -925.0
20211201220211  -797.7 -61.1 -925.1
20211201220212  -799.0 -61.0 -925.3
20211201220213  -800.3 -61.6 -924.7
20211201220214  -801.2 -62.6 -923.7
20211201220215  -801.4 -64.0 -922.8
20211201220216  -801.2 -65.5 -922.5
20211201220217  -800.5 -67.0 -922.2
20211201220218  -799.6 -68.4 -921.8
20211201220219  -798.7 -69.6 -921.6
20211201220220  -797.6 -70.2 -921.4
20211201220221  -796.9 -71.0 -920.8
20211201220222  -796.0 -71.5 -920.1
20211201220223  -794.8 -71.3 -919.1
20211201220224  -794.4 -70.3 -918.5
20211201220225  -794.1 -69.0 -918.9
20211201220226  -794.9 -67.6 -919.4
20211201220227  -796.2 -66.7 -919.6
20211201220228  -797.9 -66.1 -919.7
20211201220229  -799.6 -66.0 -919.2
20211201220230  -800.5 -66.4 -917.8
20211201220231  -801.0 -66.9 -916.8
20211201220232  -800.5 -67.1 -915.2
20211201220233  -800.5 -67.2 -913.6
20211201220234  -800.8 -66.9 -912.7
20211201220235  -801.0 -66.6 -911.5
20211201220236  -801.4 -66.5 -910.4
20211201220237  -802.0 -66.6 -909.4
20211201220238  -801.4 -67.1 -908.4
20211201220239  -800.9 -67.6 -907.9
20211201220240  -800.4 -67.4 -908.4
20211201220241  -799.8 -67.1 -908.5
20211201220242  -799.0 -66.2 -909.0
20211201220243  -798.4 -65.9 -909.5
20211201220244  -798.1 -65.7 -910.5
20211201220245  -798.3 -65.6 -911.5
20211201220246  -799.1 -66.0 -912.4
20211201220247  -799.6 -66.5 -912.5
20211201220248  -800.4 -67.5 -911.8
20211201220249  -800.5 -68.0 -910.9
20211201220250  -800.9 -67.7 -909.8
20211201220251  -801.5 -67.1 -908.9
20211201220252  -802.2 -66.8 -908.3
20211201220253  -803.1 -66.9 -907.8
20211201220254  -803.9 -67.3 -908.1
20211201220255  -804.8 -68.3 -907.8
20211201220256  -805.2 -69.4 -908.1
20211201220257  -805.2 -70.6 -907.8
20211201220258  -804.7 -71.5 -908.0
20211201220259  -804.4 -71.6 -908.1
20211201220300  -804.4 -71.1 -908.0
20211201220301  -804.0 -70.2 -908.0
20211201220302  -803.7 -69.9 -907.2
20211201220303  -803.1 -69.5 -906.9
20211201220304  -802.5 -70.3 -906.4
20211201220305  -801.7 -71.0 -906.5
20211201220306  -802.0 -71.2 -906.7
20211201220307  -802.6 -71.5 -906.9
20211201220308  -802.0 -71.0 -906.4
20211201220309  -801.4 -71.0 -906.1
20211201220310  -801.1 -70.7 -905.8
20211201220311  -800.6 -70.8 -905.0
20211201220312  -800.0 -71.0 -904.5
20211201220313  -800.2 -71.7 -904.9
20211201220314  -800.1 -72.5 -904.9
20211201220315  -800.0 -73.8 -904.4
20211201220316  -799.5 -75.0 -903.8
20211201220317  -799.5 -76.4 -903.5
20211201220318  -799.5 -76.9 -903.2
20211201220319  -799.7 -76.8 -902.8
20211201220320  -799.5 -76.3 -902.1
20211201220321  -799.3 -76.3 -901.2
20211201220322  -798.2 -76.6 -900.4
20211201220323  -796.7 -77.5 -899.3
20211201220324  -795.2 -78.3 -899.1
20211201220325  -793.3 -79.6 -898.8
20211201220326  -792.3 -80.6 -898.9
20211201220327  -791.4 -81.5 -899.8
20211201220328  -791.8 -81.4 -901.1
20211201220329  -792.4 -80.4 -902.3
20211201220330  -794.1 -78.7 -903.4
20211201220331  -795.4 -76.6 -903.7
20211201220332  -796.4 -75.2 -903.3
20211201220333  -796.8 -74.5 -902.3
20211201220334  -796.3 -74.2 -901.2
20211201220335  -795.6 -74.4 -899.9
20211201220336  -794.7 -75.1 -899.8
20211201220337  -793.5 -75.6 -899.9
20211201220338  -793.0 -76.5 -900.2
20211201220339  -792.6 -76.9 -901.0
20211201220340  -792.9 -76.4 -901.7
20211201220341  -793.4 -75.5 -901.6
20211201220342  -793.6 -74.7 -901.3
20211201220343  -793.1 -74.0 -900.7
20211201220344  -792.7 -73.9 -900.7
20211201220345  -792.5 -74.4 -901.3
20211201220346  -792.5 -75.7 -901.6
20211201220347  -792.4 -76.6 -901.2
20211201220348  -792.7 -77.4 -900.8
20211201220349  -792.5 -77.5 -900.6
20211201220350  -792.9 -77.1 -900.7
20211201220351  -792.5 -75.7 -900.2
20211201220352  -792.5 -74.3 -899.7
20211201220353  -792.6 -72.9 -899.0
20211201220354  -792.9 -72.0 -899.4
20211201220355  -793.9 -72.0 -899.2
20211201220356  -794.8 -72.5 -899.3
20211201220357  -795.9 -73.1 -898.9
20211201220358  -797.1 -73.2 -898.6
20211201220359  -797.7 -72.9 -897.7
20211201220400  -798.4 -73.2 -897.4
20211201220401  -798.4 -73.2 -897.3
20211201220402  -797.9 -73.7 -897.1
20211201220403  -797.1 -74.0 -896.6
20211201220404  -796.5 -74.3 -896.6
20211201220405  -795.8 -74.8 -896.5
20211201220406  -796.0 -74.8 -896.0
20211201220407  -796.0 -74.9 -895.8
20211201220408  -795.0 -74.9 -895.4
20211201220409  -794.0 -75.1 -894.7
20211201220410  -793.1 -75.9 -894.9
20211201220411  -792.7 -76.2 -895.0
20211201220412  -792.7 -76.3 -894.9
20211201220413  -792.6 -76.1 -894.8
20211201220414  -791.9 -76.0 -894.1
20211201220415  -790.9 -75.7 -894.3
20211201220416  -790.3 -75.9 -894.4
20211201220417  -789.9 -76.1 -894.9
20211201220418  -790.2 -76.6 -895.6
20211201220419  -790.6 -77.1 -895.5
20211201220420  -791.6 -77.3 -895.1
20211201220421  -793.1 -77.8 -894.9
20211201220422  -794.9 -78.4 -894.9
20211201220423  -796.7 -78.4 -894.2
20211201220424  -798.5 -78.6 -893.4
20211201220425  -799.2 -78.7 -892.7
20211201220426  -799.0 -78.7 -892.0
20211201220427  -798.8 -78.6 -891.7
20211201220428  -798.6 -78.6 -890.9
20211201220429  -797.8 -79.0 -890.2
20211201220430  -797.3 -78.8 -889.7
20211201220431  -796.4 -79.1 -888.8
20211201220432  -795.2 -79.2 -888.7
20211201220433  -793.9 -79.4 -888.3
20211201220434  -793.0 -79.9 -888.2
20211201220435  -792.5 -80.5 -888.0
20211201220436  -792.2 -80.6 -887.5
20211201220437  -792.2 -80.6 -887.5
20211201220438  -792.5 -80.8 -887.0
20211201220439  -791.8 -80.5 -886.4
20211201220440  -791.3 -80.5 -885.4
20211201220441  -790.5 -81.3 -884.5
20211201220442  -790.0 -82.0 -884.7
20211201220443  -789.7 -83.1 -884.7
20211201220444  -789.8 -83.8 -884.9
20211201220445  -789.5 -83.9 -884.3
20211201220446  -789.4 -83.8 -883.9
20211201220447  -789.0 -83.6 -883.5
20211201220448  -788.4 -83.3 -883.1
20211201220449  -788.2 -83.2 -882.7
20211201220450  -788.2 -83.0 -881.9
20211201220451  -788.2 -83.0 -881.1
20211201220452  -788.5 -83.2 -880.4
20211201220453  -788.9 -83.8 -879.7
20211201220454  -788.8 -84.1 -878.7
20211201220455  -789.0 -84.3 -878.0
20211201220456  -788.9 -84.3 -878.0
20211201220457  -788.7 -83.8 -877.5
20211201220458  -788.5 -83.2 -877.5
20211201220459  -788.5 -82.4 -877.1
20211201220500  -788.7 -82.1 -876.3
20211201220501  -789.1 -81.9 -875.8
20211201220502  -788.6 -82.0 -874.8
20211201220503  -787.9 -82.9 -874.3
20211201220504  -787.2 -83.4 -873.9
20211201220505  -786.5 -84.1 -873.9
20211201220506  -785.7 -84.8 -873.3
20211201220507  -785.4 -85.3 -872.7
20211201220508  -785.4 -84.8 -872.7
20211201220509  -784.9 -84.3 -873.3
20211201220510  -785.5 -82.7 -873.8
20211201220511  -786.3 -81.0 -873.7
20211201220512  -787.0 -79.8 -873.3
20211201220513  -787.3 -79.4 -872.9
20211201220514  -787.1 -78.4 -872.6
20211201220515  -786.9 -77.3 -872.3
20211201220516  -786.9 -76.2 -872.8
20211201220517  -787.9 -75.5 -873.1
20211201220518  -788.9 -75.2 -872.7
20211201220519  -789.6 -75.9 -871.2
20211201220520  -789.7 -77.3 -869.5
20211201220521  -789.2 -78.7 -867.8
20211201220522  -788.3 -80.6 -866.5
20211201220523  -786.4 -81.7 -865.8
20211201220524  -784.8 -81.7 -866.4
20211201220525  -784.3 -80.3 -867.6
20211201220526  -784.2 -78.1 -868.7
20211201220527  -784.8 -76.3 -869.0
20211201220528  -785.2 -75.1 -868.7
20211201220529  -785.5 -74.7 -867.8
20211201220530  -785.3 -74.7 -866.8
20211201220531  -785.0 -74.9 -865.4
20211201220532  -784.6 -75.9 -864.0
20211201220533  -783.6 -77.7 -862.7
20211201220534  -782.8 -78.1 -861.5
20211201220535  -782.4 -78.0 -862.2
20211201220536  -782.3 -76.9 -862.6
20211201220537  -783.1 -74.9 -863.1
20211201220538  -783.5 -73.6 -863.1
20211201220539  -783.9 -73.5 -862.7
20211201220540  -783.6 -74.5 -861.9
20211201220541  -783.1 -75.8 -861.0
20211201220542  -782.3 -76.9 -860.0
20211201220543  -781.5 -77.5 -859.2
20211201220544  -781.3 -77.5 -858.8
20211201220545  -781.7 -76.9 -858.7
20211201220546  -782.7 -76.1 -858.3
20211201220547  -783.3 -75.9 -858.1
20211201220548  -784.5 -76.0 -857.7
20211201220549  -785.7 -75.7 -857.5
20211201220550  -787.5 -74.9 -856.9
20211201220551  -788.8 -73.9 -856.7
20211201220552  -789.5 -72.9 -855.5
20211201220553  -789.5 -73.4 -854.2
20211201220554  -788.8 -74.2 -853.4
20211201220555  -787.6 -74.3 -853.0
20211201220556  -786.7 -73.5 -853.3
20211201220557  -785.9 -72.6 -853.2
20211201220558  -785.1 -71.8 -852.8
20211201220559  -784.0 -71.9 -852.6
20211201220600  -783.0 -72.5 -851.9
20211201220601  -783.4 -73.9 -852.2
20211201220602  -783.1 -74.4 -852.6
20211201220603  -783.0 -74.3 -852.6
20211201220604  -782.5 -73.8 -852.4
20211201220605  -782.3 -73.0 -851.7
20211201220606  -782.4 -72.2 -851.4
20211201220607  -782.2 -72.4 -850.8
20211201220608  -781.5 -73.1 -850.1
20211201220609  -781.3 -73.0 -850.3
20211201220610  -781.8 -72.6 -850.0
20211201220611  -782.1 -72.2 -849.2
20211201220612  -782.3 -72.3 -848.7
20211201220613  -782.1 -73.2 -847.0
20211201220614  -782.0 -74.3 -845.8
20211201220615  -781.8 -74.5 -845.5
20211201220616  -781.8 -74.7 -844.9
20211201220617  -781.4 -74.8 -844.4
20211201220618  -781.2 -75.2 -844.0
20211201220619  -780.8 -75.6 -843.6
20211201220620  -780.4 -75.8 -843.0
20211201220621  -780.7 -75.6 -842.5
20211201220622  -780.2 -75.5 -842.1
20211201220623  -780.3 -75.3 -841.9
20211201220624  -780.5 -75.5 -841.7
20211201220625  -780.4 -75.5 -840.4
20211201220626  -780.2 -75.5 -840.1
20211201220627  -781.4 -75.4 -841.0
20211201220628  -782.0 -75.4 -841.4
20211201220629  -782.6 -74.9 -841.0
20211201220630  -782.1 -74.8 -840.1
20211201220631  -780.6 -74.8 -839.7
20211201220632  -779.3 -75.0 -839.5
20211201220633  -778.2 -75.1 -838.8
20211201220634  -777.1 -75.3 -838.5
20211201220635  -776.0 -76.0 -838.0
20211201220636  -774.9 -76.6 -837.4
20211201220637  -774.0 -77.2 -837.4
20211201220638  -773.3 -77.4 -837.4
20211201220639  -773.0 -77.0 -837.2
20211201220640  -772.7 -77.1 -836.8
20211201220641  -772.3 -77.1 -836.2
20211201220642  -772.1 -77.4 -835.2
20211201220643  -771.4 -78.0 -835.0
20211201220644  -771.1 -78.6 -834.4
20211201220645  -771.1 -78.7 -834.2
20211201220646  -770.5 -78.5 -833.5
20211201220647  -770.0 -78.6 -832.7
20211201220648  -769.7 -78.9 -831.8
20211201220649  -769.4 -79.0 -831.4
20211201220650  -769.1 -79.2 -831.4
20211201220651  -769.0 -78.8 -831.7
20211201220652  -768.7 -77.7 -831.6
20211201220653  -769.9 -77.0 -831.9
20211201220654  -770.3 -76.5 -831.0
20211201220655  -770.6 -76.4 -830.0
20211201220656  -770.9 -76.4 -829.0
20211201220657  -770.9 -76.3 -827.8
20211201220658  -770.9 -76.0 -826.7
20211201220659  -770.5 -75.8 -825.4
20211201220700  -769.7 -75.9 -824.1
20211201220701  -768.5 -75.8 -823.4
20211201220702  -767.5 -76.2 -823.1
20211201220703  -766.6 -76.3 -823.1
20211201220704  -765.6 -76.5 -822.7
20211201220705  -765.0 -76.5 -822.5
20211201220706  -764.0 -76.7 -822.5
20211201220707  -763.0 -77.0 -822.3
20211201220708  -762.6 -77.2 -822.4
20211201220709  -762.7 -77.2 -823.0
20211201220710  -762.4 -77.2 -823.2
20211201220711  -762.6 -76.5 -823.2
20211201220712  -763.0 -76.4 -822.6
20211201220713  -763.0 -75.7 -821.6
20211201220714  -763.1 -75.3 -821.1
20211201220715  -762.7 -74.4 -820.3
20211201220716  -762.2 -73.8 -820.1
20211201220717  -762.1 -73.8 -819.7
20211201220718  -761.3 -74.1 -819.0
20211201220719  -760.7 -73.7 -818.2
20211201220720  -760.0 -73.3 -817.6
20211201220721  -759.6 -73.2 -817.3
20211201220722  -758.9 -73.2 -816.8
20211201220723  -759.2 -73.2 -816.7
20211201220724  -759.2 -72.9 -816.3
20211201220725  -759.4 -72.5 -815.6
20211201220726  -759.4 -72.4 -814.7
20211201220727  -759.5 -72.0 -814.4
20211201220728  -759.3 -72.2 -814.0
20211201220729  -759.3 -72.4 -814.1
20211201220730  -759.1 -72.9 -813.8
20211201220731  -759.0 -73.2 -813.8
20211201220732  -758.9 -73.6 -814.0
20211201220733  -758.7 -73.3 -814.3
20211201220734  -758.9 -72.3 -814.7
20211201220735  -759.8 -70.8 -814.9
20211201220736  -760.5 -68.7 -814.2
20211201220737  -760.7 -67.8 -813.2
20211201220738  -760.7 -67.4 -811.9
20211201220739  -760.1 -67.7 -811.3
20211201220740  -759.3 -67.8 -810.1
20211201220741  -758.3 -68.0 -809.3
20211201220742  -758.1 -68.2 -809.0
20211201220743  -757.4 -68.0 -808.2
20211201220744  -757.0 -67.7 -807.6
20211201220745  -756.5 -67.8 -807.0
20211201220746  -756.1 -67.8 -806.4
20211201220747  -755.7 -68.0 -806.5
20211201220748  -754.9 -68.2 -806.9
20211201220749  -754.4 -67.6 -806.5
20211201220750  -754.1 -67.0 -806.6
20211201220751  -754.4 -66.6 -806.6
20211201220752  -754.7 -66.2 -806.4
20211201220753  -754.6 -65.9 -806.0
20211201220754  -754.2 -65.9 -805.8
20211201220755  -754.0 -65.9 -805.7
20211201220756  -754.2 -65.6 -805.7
20211201220757  -754.5 -65.5 -805.3
20211201220758  -754.2 -65.6 -804.5
20211201220759  -754.2 -65.4 -803.6
20211201220800  -753.7 -65.5 -802.8
20211201220801  -753.5 -65.4 -802.8
20211201220802  -753.5 -65.2 -802.7
20211201220803  -753.5 -64.9 -801.9
20211201220804  -753.2 -64.8 -801.2
20211201220805  -752.5 -64.9 -800.7
20211201220806  -752.1 -65.5 -800.5
20211201220807  -751.6 -65.6 -800.0
20211201220808  -751.0 -65.7 -799.7
20211201220809  -750.6 -66.0 -799.6
20211201220810  -750.5 -65.7 -799.6
20211201220811  -750.0 -65.3 -799.8
20211201220812  -750.3 -65.0 -799.4
