20211204221029  -673.1 -77.9 -739.7
20211204221030  -672.9 -77.9 -739.4
20211204221031  -672.8 -77.6 -738.9
20211204221032  -672.5 -77.7 -738.7
20211204221033  -672.4 -77.4 -738.6
20211204221034  -671.8 -77.2 -738.4
20211204221035  -671.8 -77.2 -737.9
20211204221036  -672.8 -77.4 -738.6
20211204221037  -672.8 -77.5 -738.7
20211204221038  -672.8 -77.3 -739.2
20211204221039  -673.0 -77.5 -739.1
20211204221040  -673.2 -77.4 -739.3
20211204221041  -673.4 -77.4 -739.6
20211204221042  -673.2 -77.6 -739.7
20211204221043  -673.5 -77.9 -740.0
20211204221044  -673.4 -77.8 -739.7
20211204221045  -673.6 -77.7 -739.5
20211204221046  -673.5 -78.1 -739.9
20211204221047  -673.7 -78.1 -739.8
20211204221048  -673.6 -78.1 -739.7
20211204221049  -673.8 -78.0 -739.8
20211204221050  -673.9 -78.3 -739.8
20211204221051  -674.0 -78.2 -740.1
20211204221052  -674.2 -78.3 -740.1
20211204221053  -674.3 -78.8 -740.8
20211204221054  -673.9 -78.6 -740.3
20211204221055  -673.7 -78.3 -739.8
20211204221056  -673.5 -78.3 -739.7
20211204221057  -673.3 -78.1 -739.5
20211204221058  -672.9 -77.9 -739.3
20211204221059  -672.8 -77.9 -739.0
20211204221100  -672.4 -77.6 -739.1
20211204221101  -672.6 -77.9 -738.7
20211204221102  -673.1 -77.8 -738.9
20211204221103  -673.3 -78.1 -739.1
20211204221104  -673.5 -78.0 -739.5
20211204221105  -673.8 -78.1 -739.6
20211204221106  -673.8 -78.2 -739.7
20211204221107  -674.0 -78.0 -740.0
20211204221108  -673.9 -78.3 -740.1
20211204221109  -673.9 -78.4 -740.4
20211204221110  -674.2 -78.6 -740.5
20211204221111  -674.3 -78.8 -740.5
20211204221112  -674.4 -78.6 -740.6
20211204221113  -674.4 -78.4 -740.5
20211204221114  -674.2 -78.7 -740.5
20211204221115  -674.6 -79.0 -740.6
20211204221116  -674.6 -79.0 -740.7
20211204221117  -674.5 -78.9 -740.9
20211204221118  -674.4 -79.0 -741.0
20211204221119  -674.7 -79.1 -741.0
20211204221120  -674.5 -79.2 -741.3
20211204221121  -674.3 -79.3 -741.1
20211204221122  -674.1 -79.0 -740.6
20211204221123  -674.2 -79.0 -740.3
20211204221124  -673.9 -79.1 -740.2
20211204221125  -673.9 -78.9 -739.8
20211204221126  -673.3 -78.9 -739.6
20211204221127  -673.1 -78.6 -739.4
20211204221128  -673.1 -78.8 -739.2
20211204221129  -673.8 -78.8 -740.0
20211204221130  -674.3 -78.8 -740.1
20211204221131  -674.3 -78.9 -740.0
20211204221132  -674.4 -79.1 -740.0
20211204221133  -674.5 -79.1 -740.4
20211204221134  -674.4 -79.2 -740.2
20211204221135  -674.5 -79.3 -740.3
20211204221136  -674.5 -79.4 -740.5
20211204221137  -674.8 -79.2 -740.3
20211204221138  -674.6 -79.3 -740.5
20211204221139  -674.9 -79.4 -740.6
20211204221140  -674.8 -79.3 -740.7
20211204221141  -674.7 -79.5 -740.6
20211204221142  -674.8 -79.5 -740.6
20211204221143  -675.0 -79.5 -740.7
20211204221144  -674.8 -79.7 -740.5
20211204221145  -675.0 -79.8 -740.7
20211204221146  -674.9 -80.1 -740.9
20211204221147  -674.8 -80.0 -740.4
20211204221148  -674.3 -79.9 -740.4
20211204221149  -674.2 -79.7 -740.1
20211204221150  -673.8 -79.6 -740.0
20211204221151  -673.8 -79.6 -739.8
20211204221152  -673.4 -79.2 -739.3
20211204221153  -673.3 -79.2 -739.4
20211204221154  -673.3 -79.4 -739.2
20211204221155  -673.4 -79.1 -738.8
20211204221156  -673.9 -79.2 -739.5
20211204221157  -674.0 -79.4 -739.8
20211204221158  -674.1 -79.5 -739.9
20211204221159  -674.2 -79.4 -740.1
20211204221200  -674.5 -79.3 -740.2
20211204221201  -674.5 -79.3 -740.4
20211204221202  -674.8 -79.6 -740.4
20211204221203  -674.9 -79.3 -740.1
20211204221204  -674.8 -79.6 -740.5
20211204221205  -674.8 -79.5 -740.7
20211204221206  -674.6 -79.6 -740.7
20211204221207  -674.9 -79.7 -740.9
20211204221208  -674.8 -79.6 -740.9
20211204221209  -674.7 -79.5 -741.0
20211204221210  -674.7 -79.8 -741.0
20211204221211  -674.9 -80.0 -741.1
20211204221212  -675.3 -79.7 -741.2
20211204221213  -675.3 -80.0 -741.6
20211204221214  -674.7 -79.8 -741.1
20211204221215  -674.5 -79.9 -741.0
20211204221216  -674.4 -79.6 -740.7
20211204221217  -674.3 -79.3 -740.5
20211204221218  -674.3 -79.2 -740.3
20211204221219  -673.9 -79.1 -740.3
20211204221220  -673.7 -79.3 -739.9
20211204221221  -673.7 -78.9 -739.5
20211204221222  -674.5 -79.1 -740.0
20211204221223  -674.5 -79.0 -740.3
20211204221224  -674.7 -79.2 -740.4
20211204221225  -675.0 -79.4 -740.4
20211204221226  -674.6 -79.1 -740.3
20211204221227  -674.7 -79.1 -740.5
20211204221228  -674.8 -79.3 -740.8
20211204221229  -674.9 -79.4 -740.9
20211204221230  -674.9 -79.5 -740.8
20211204221231  -675.1 -79.8 -740.9
20211204221232  -675.2 -79.6 -741.0
20211204221233  -675.5 -79.7 -741.1
20211204221234  -675.5 -79.7 -741.2
20211204221235  -675.7 -79.7 -741.2
20211204221236  -675.8 -79.8 -741.1
20211204221237  -675.6 -79.4 -741.2
20211204221238  -675.7 -79.6 -741.5
20211204221239  -675.7 -79.8 -741.4
20211204221240  -675.7 -80.0 -741.5
20211204221241  -675.3 -79.7 -740.9
20211204221242  -675.1 -79.5 -740.9
20211204221243  -674.9 -79.4 -740.8
20211204221244  -674.6 -79.4 -740.5
20211204221245  -674.5 -79.4 -740.2
20211204221246  -674.0 -79.3 -739.8
20211204221247  -674.1 -79.1 -739.8
20211204221248  -674.4 -79.2 -740.1
20211204221249  -675.1 -79.5 -740.4
20211204221250  -675.3 -79.5 -740.8
20211204221251  -675.3 -79.8 -740.7
20211204221252  -675.4 -79.6 -740.9
20211204221253  -675.5 -79.7 -741.1
20211204221254  -675.4 -79.7 -740.9
20211204221255  -675.4 -79.8 -741.0
20211204221256  -675.6 -79.8 -741.1
20211204221257  -675.6 -79.7 -741.2
20211204221258  -675.5 -79.6 -741.1
20211204221259  -675.8 -79.7 -741.2
20211204221300  -675.9 -79.8 -741.3
20211204221301  -675.9 -80.1 -741.5
20211204221302  -676.0 -79.8 -741.9
20211204221303  -675.9 -79.9 -741.8
20211204221304  -676.2 -79.9 -742.0
20211204221305  -676.4 -79.8 -742.0
20211204221306  -676.1 -80.1 -742.1
20211204221307  -675.9 -80.1 -741.9
20211204221308  -675.5 -80.0 -741.7
20211204221309  -675.2 -80.1 -741.5
20211204221310  -675.0 -79.6 -741.4
20211204221311  -674.8 -79.3 -741.2
20211204221312  -674.7 -79.6 -740.9
20211204221313  -674.5 -79.6 -740.5
20211204221314  -674.5 -79.5 -740.5
20211204221315  -675.1 -79.3 -741.1
20211204221316  -675.3 -79.4 -741.3
20211204221317  -675.6 -79.5 -741.6
20211204221318  -675.5 -79.4 -741.4
20211204221319  -675.7 -79.8 -741.5
20211204221320  -675.8 -79.9 -741.5
20211204221321  -675.7 -79.9 -741.5
20211204221322  -675.9 -80.1 -741.3
20211204221323  -676.1 -79.8 -741.5
20211204221324  -676.4 -79.9 -741.6
20211204221325  -676.5 -80.0 -741.7
20211204221326  -676.2 -80.0 -741.8
20211204221327  -676.2 -80.0 -741.7
20211204221328  -676.5 -80.3 -741.7
20211204221329  -676.5 -80.0 -741.6
20211204221330  -676.5 -80.2 -741.9
20211204221331  -676.6 -80.4 -742.0
20211204221332  -676.5 -80.2 -742.3
20211204221333  -676.8 -80.3 -742.6
20211204221334  -676.5 -80.2 -742.3
20211204221335  -676.1 -80.4 -742.1
20211204221336  -675.7 -80.3 -741.7
20211204221337  -675.8 -80.0 -741.7
20211204221338  -675.7 -79.9 -741.4
20211204221339  -675.6 -79.7 -741.4
20211204221340  -675.4 -79.6 -741.3
20211204221341  -675.6 -79.5 -741.4
20211204221342  -676.1 -79.8 -741.7
20211204221343  -676.6 -79.7 -741.3
20211204221344  -676.7 -80.0 -742.0
20211204221345  -676.8 -80.1 -742.0
20211204221346  -677.1 -80.2 -742.0
20211204221347  -677.0 -80.2 -742.3
20211204221348  -677.1 -80.5 -742.5
20211204221349  -677.1 -80.8 -742.7
20211204221350  -677.1 -80.4 -742.5
20211204221351  -677.1 -80.6 -742.6
20211204221352  -677.3 -80.6 -742.5
20211204221353  -677.5 -80.4 -742.3
20211204221354  -677.4 -80.5 -742.3
20211204221355  -677.5 -80.5 -742.6
20211204221356  -677.8 -80.5 -742.7
20211204221357  -677.6 -80.5 -742.6
20211204221358  -677.8 -80.6 -742.8
20211204221359  -677.8 -80.6 -742.8
20211204221400  -677.5 -80.9 -742.7
20211204221401  -677.1 -80.6 -742.6
20211204221402  -676.8 -80.4 -742.2
20211204221403  -676.6 -80.4 -742.2
20211204221404  -676.5 -80.4 -742.1
20211204221405  -676.5 -80.1 -741.9
20211204221406  -676.3 -79.7 -741.6
20211204221407  -676.1 -79.8 -741.2
20211204221408  -676.9 -79.8 -741.8
20211204221409  -677.3 -80.1 -742.2
20211204221410  -677.3 -80.3 -742.2
20211204221411  -677.3 -80.5 -742.0
20211204221412  -677.5 -80.3 -742.1
20211204221413  -677.2 -80.5 -742.2
20211204221414  -677.3 -80.7 -742.1
20211204221415  -677.3 -80.6 -741.9
20211204221416  -677.6 -80.4 -742.4
20211204221417  -677.7 -80.5 -742.4
20211204221418  -677.9 -80.6 -742.5
20211204221419  -677.9 -80.7 -742.6
20211204221420  -678.0 -80.7 -742.7
20211204221421  -677.9 -80.6 -742.6
20211204221422  -677.9 -80.6 -742.6
20211204221423  -677.9 -80.7 -742.5
20211204221424  -677.8 -80.7 -742.9
20211204221425  -677.8 -80.8 -743.2
20211204221426  -678.0 -80.9 -743.2
20211204221427  -678.1 -81.1 -743.0
20211204221428  -677.5 -80.6 -742.4
20211204221429  -677.4 -80.4 -742.3
20211204221430  -677.3 -80.5 -741.9
20211204221431  -677.0 -80.6 -741.9
20211204221432  -676.6 -80.2 -741.8
20211204221433  -676.6 -80.1 -741.6
20211204221434  -676.7 -80.4 -741.7
20211204221435  -677.1 -80.7 -742.2
20211204221436  -677.4 -80.7 -742.0
20211204221437  -677.5 -80.7 -742.0
20211204221438  -677.6 -80.7 -742.4
20211204221439  -677.9 -80.5 -742.3
20211204221440  -677.8 -80.4 -742.2
20211204221441  -678.0 -80.6 -742.4
20211204221442  -678.0 -80.5 -742.4
20211204221443  -678.2 -80.6 -742.3
20211204221444  -678.2 -80.5 -742.4
20211204221445  -678.5 -80.6 -742.7
20211204221446  -678.2 -81.2 -742.5
20211204221447  -678.5 -80.8 -742.4
20211204221448  -678.4 -80.7 -742.5
20211204221449  -678.3 -80.9 -742.8
20211204221450  -678.4 -80.8 -742.7
20211204221451  -678.2 -80.5 -742.7
20211204221452  -678.4 -80.8 -742.9
20211204221453  -678.5 -81.1 -743.2
20211204221454  -678.1 -81.2 -742.8
20211204221455  -677.7 -81.3 -742.6
20211204221456  -677.7 -80.9 -742.5
20211204221457  -677.6 -80.7 -742.3
20211204221458  -677.3 -80.6 -742.3
20211204221459  -677.0 -80.4 -741.8
20211204221500  -677.1 -80.3 -741.8
20211204221501  -677.7 -80.6 -742.5
20211204221502  -678.0 -80.8 -742.6
20211204221503  -678.0 -80.5 -742.4
20211204221504  -678.1 -80.8 -742.8
20211204221505  -678.1 -80.9 -742.5
20211204221506  -678.2 -80.9 -742.5
20211204221507  -678.3 -80.9 -742.4
20211204221508  -678.1 -81.0 -742.5
20211204221509  -678.2 -81.0 -742.6
20211204221510  -678.3 -81.0 -742.7
20211204221511  -678.3 -81.1 -742.9
20211204221512  -678.2 -80.7 -742.7
20211204221513  -678.5 -80.9 -742.6
20211204221514  -678.7 -81.0 -742.6
20211204221515  -678.5 -81.1 -742.9
20211204221516  -678.5 -80.9 -743.1
20211204221517  -678.8 -81.0 -742.8
20211204221518  -678.8 -81.2 -743.0
20211204221519  -679.0 -81.1 -742.8
20211204221520  -678.6 -80.9 -742.7
20211204221521  -678.3 -80.7 -742.3
20211204221522  -677.9 -80.5 -742.4
20211204221523  -677.6 -80.5 -742.1
20211204221524  -677.4 -80.3 -742.1
20211204221525  -677.4 -80.3 -741.7
20211204221526  -677.1 -80.2 -741.7
20211204221527  -677.6 -80.0 -741.9
20211204221528  -678.0 -80.4 -742.1
20211204221529  -677.8 -80.5 -742.2
20211204221530  -678.0 -80.6 -742.3
20211204221531  -678.2 -80.9 -742.3
20211204221532  -678.4 -80.7 -742.5
20211204221533  -678.3 -80.8 -742.5
20211204221534  -678.5 -80.7 -742.6
20211204221535  -678.3 -80.6 -742.8
20211204221536  -678.5 -80.9 -742.9
20211204221537  -678.6 -80.8 -742.9
20211204221538  -678.6 -80.6 -743.0
20211204221539  -678.6 -80.7 -742.9
20211204221540  -678.8 -80.7 -743.1
20211204221541  -678.7 -80.6 -743.0
20211204221542  -678.8 -80.6 -742.9
20211204221543  -679.0 -80.7 -742.7
20211204221544  -678.7 -80.8 -742.7
20211204221545  -678.7 -80.5 -742.7
20211204221546  -679.3 -80.8 -743.5
20211204221547  -678.8 -80.4 -743.0
20211204221548  -678.5 -80.2 -742.3
20211204221549  -678.2 -80.3 -742.3
20211204221550  -677.8 -80.0 -741.9
20211204221551  -677.6 -80.0 -741.7
20211204221552  -677.4 -79.7 -741.5
20211204221553  -677.6 -79.8 -741.5
20211204221554  -678.2 -79.9 -742.0
20211204221555  -678.3 -80.2 -742.0
20211204221556  -678.5 -79.9 -742.2
20211204221557  -678.5 -80.0 -742.3
20211204221558  -678.5 -80.1 -742.5
20211204221559  -678.6 -80.1 -742.3
20211204221600  -678.6 -80.2 -742.6
20211204221601  -678.5 -80.2 -742.6
20211204221602  -678.7 -80.2 -742.8
20211204221603  -678.8 -80.3 -742.8
20211204221604  -679.1 -80.3 -742.6
20211204221605  -678.8 -80.6 -742.8
20211204221606  -678.6 -80.4 -742.5
20211204221607  -678.8 -80.3 -742.7
20211204221608  -678.7 -80.4 -743.1
20211204221609  -678.7 -80.4 -743.0
20211204221610  -679.1 -80.3 -743.0
20211204221611  -678.8 -80.4 -743.1
20211204221612  -678.9 -80.4 -743.3
20211204221613  -678.9 -80.7 -743.4
20211204221614  -678.5 -80.6 -742.9
20211204221615  -678.2 -80.6 -742.9
20211204221616  -678.2 -80.4 -742.6
20211204221617  -677.9 -80.4 -742.2
20211204221618  -677.9 -80.1 -741.8
20211204221619  -677.5 -80.1 -742.0
20211204221620  -677.9 -80.4 -741.9
20211204221621  -678.4 -80.7 -742.6
20211204221622  -678.5 -80.4 -743.1
20211204221623  -678.6 -80.4 -743.1
20211204221624  -678.9 -80.5 -743.0
20211204221625  -679.0 -80.5 -743.0
20211204221626  -678.9 -80.5 -743.0
20211204221627  -679.2 -80.5 -743.2
20211204221628  -679.3 -80.9 -743.2
20211204221629  -679.4 -80.6 -743.2
20211204221630  -679.4 -80.8 -743.3
20211204221631  -679.5 -80.7 -743.2
20211204221632  -679.5 -80.8 -743.6
20211204221633  -679.5 -80.7 -743.1
20211204221634  -679.5 -80.7 -743.5
20211204221635  -679.5 -80.6 -743.5
20211204221636  -679.7 -80.7 -743.9
20211204221637  -679.8 -80.5 -744.2
20211204221638  -679.8 -80.8 -743.9
20211204221639  -679.8 -80.9 -744.1
20211204221640  -679.4 -81.0 -743.6
20211204221641  -679.1 -80.7 -743.3
20211204221642  -678.9 -80.8 -743.2
20211204221643  -678.5 -80.6 -742.8
20211204221644  -678.7 -80.1 -742.6
20211204221645  -678.0 -80.3 -742.3
20211204221646  -677.9 -80.4 -742.3
20211204221647  -678.6 -80.4 -742.6
20211204221648  -679.0 -80.5 -742.6
20211204221649  -679.1 -81.0 -743.3
20211204221650  -678.9 -80.8 -743.2
20211204221651  -679.1 -80.8 -743.3
20211204221652  -679.3 -80.9 -743.4
20211204221653  -679.4 -81.2 -743.5
20211204221654  -679.3 -81.3 -743.3
20211204221655  -679.3 -80.8 -743.5
20211204221656  -679.5 -80.7 -743.7
20211204221657  -679.7 -80.7 -743.9
20211204221658  -679.6 -81.0 -743.7
20211204221659  -679.8 -80.8 -743.9
20211204221700  -680.0 -80.9 -743.9
20211204221701  -679.9 -80.9 -744.0
20211204221702  -679.8 -81.0 -743.9
20211204221703  -679.8 -81.1 -743.9
20211204221704  -680.0 -81.1 -744.1
20211204221705  -679.9 -80.9 -744.1
20211204221706  -680.0 -81.2 -744.3
20211204221707  -679.8 -80.8 -743.7
20211204221708  -679.4 -80.8 -743.5
20211204221709  -679.2 -80.8 -743.3
20211204221710  -679.1 -80.8 -743.1
20211204221711  -678.7 -80.8 -742.8
20211204221712  -678.6 -80.6 -742.9
20211204221713  -678.4 -80.4 -742.9
20211204221714  -679.4 -80.7 -743.4
20211204221715  -679.5 -80.4 -743.6
20211204221716  -679.5 -80.7 -743.8
20211204221717  -679.6 -80.6 -743.8
20211204221718  -679.5 -80.5 -743.6
20211204221719  -679.5 -80.7 -743.7
20211204221720  -679.5 -80.8 -743.6
20211204221721  -679.9 -80.9 -743.7
20211204221722  -679.8 -81.1 -743.8
20211204221723  -679.7 -81.2 -743.8
20211204221724  -679.8 -80.9 -744.1
20211204221725  -679.9 -80.9 -744.1
20211204221726  -679.5 -81.2 -744.1
20211204221727  -679.5 -81.2 -743.9
20211204221728  -679.6 -80.9 -744.1
20211204221729  -679.5 -80.7 -744.1
20211204221730  -679.9 -80.6 -744.2
20211204221731  -680.0 -81.0 -744.4
20211204221732  -680.0 -81.3 -744.3
20211204221733  -679.6 -81.2 -744.3
20211204221734  -679.3 -81.0 -744.2
20211204221735  -679.3 -80.9 -743.7
20211204221736  -678.9 -81.1 -743.5
20211204221737  -678.7 -81.1 -743.8
20211204221738  -678.6 -81.0 -743.4
20211204221739  -678.3 -80.7 -743.2
20211204221740  -678.8 -80.7 -743.5
20211204221741  -679.2 -80.7 -743.8
20211204221742  -679.2 -80.6 -743.8
20211204221743  -679.2 -80.7 -744.1
20211204221744  -679.0 -80.7 -744.1
20211204221745  -679.3 -80.8 -744.0
20211204221746  -679.3 -80.6 -744.1
20211204221747  -679.3 -80.7 -744.2
20211204221748  -679.5 -81.0 -744.2
20211204221749  -679.5 -80.8 -744.2
20211204221750  -679.6 -80.8 -744.0
20211204221751  -679.4 -81.0 -744.4
20211204221752  -679.5 -80.7 -744.5
20211204221753  -679.6 -80.7 -744.4
20211204221754  -679.9 -80.8 -744.3
20211204221755  -679.5 -80.8 -744.4
20211204221756  -679.8 -80.8 -744.3
20211204221757  -679.8 -80.7 -744.4
20211204221758  -679.6 -80.6 -744.5
20211204221759  -679.7 -81.0 -744.6
20211204221800  -679.1 -80.9 -744.2
20211204221801  -679.0 -80.8 -744.0
20211204221802  -679.0 -80.8 -743.9
20211204221803  -678.9 -80.7 -743.3
20211204221804  -678.8 -80.3 -743.4
20211204221805  -678.3 -80.4 -743.3
20211204221806  -678.2 -80.4 -743.2
20211204221807  -678.8 -80.4 -743.6
20211204221808  -679.2 -80.4 -743.9
20211204221809  -679.4 -80.2 -743.9
20211204221810  -679.7 -80.4 -744.1
20211204221811  -679.4 -80.6 -744.0
20211204221812  -679.4 -80.6 -744.2
