833  -830.9 -4.4 -249.7
20211108225834  -830.4 -4.9 -249.9
20211108225835  -831.0 -5.3 -250.0
20211108225836  -831.4 -5.8 -250.7
20211108225837  -831.7 -6.3 -250.9
20211108225838  -831.8 -6.7 -251.5
20211108225839  -831.9 -7.2 -251.8
20211108225840  -832.2 -7.5 -251.8
20211108225841  -832.7 -7.9 -252.4
20211108225842  -833.5 -8.1 -252.6
20211108225843  -834.2 -8.4 -252.5
20211108225844  -834.5 -8.4 -253.0
20211108225845  -834.7 -8.3 -253.2
20211108225846  -835.2 -8.7 -253.1
20211108225847  -835.4 -8.9 -253.2
20211108225848  -835.9 -9.5 -253.4
20211108225849  -836.5 -9.9 -253.7
20211108225850  -837.3 -10.0 -253.5
20211108225851  -837.5 -9.8 -253.1
20211108225852  -838.3 -9.4 -252.9
20211108225853  -838.8 -9.2 -252.7
20211108225854  -839.1 -8.8 -252.7
20211108225855  -839.0 -9.2 -251.8
20211108225856  -838.7 -8.9 -251.2
20211108225857  -838.6 -9.4 -250.9
20211108225858  -838.4 -9.9 -250.4
20211108225859  -838.4 -10.2 -250.1
20211108225900  -837.9 -10.8 -249.8
20211108225901  -838.4 -11.1 -250.2
20211108225902  -838.5 -11.5 -250.0
20211108225903  -838.6 -11.8 -250.2
20211108225904  -838.6 -12.2 -250.5
20211108225905  -838.7 -12.3 -250.7
20211108225906  -838.6 -12.2 -250.8
20211108225907  -838.4 -12.3 -250.5
20211108225908  -838.1 -12.3 -250.7
20211108225909  -838.0 -12.6 -250.6
20211108225910  -838.1 -12.7 -250.9
20211108225911  -838.0 -12.2 -251.3
20211108225912  -838.1 -11.7 -251.1
20211108225913  -838.2 -11.2 -250.7
20211108225914  -837.8 -10.9 -250.3
20211108225915  -837.6 -10.5 -250.0
20211108225916  -837.2 -10.7 -249.1
20211108225917  -836.9 -11.0 -248.8
20211108225918  -836.8 -11.4 -248.3
20211108225919  -836.1 -11.5 -248.0
20211108225920  -835.5 -11.8 -248.4
20211108225921  -835.4 -12.3 -248.8
20211108225922  -834.3 -12.6 -248.7
20211108225923  -833.7 -12.8 -248.7
20211108225924  -833.1 -13.2 -248.9
20211108225925  -832.8 -13.1 -248.5
20211108225926  -832.1 -13.2 -248.1
20211108225927  -832.5 -13.9 -248.4
20211108225928  -832.1 -14.5 -248.4
20211108225929  -832.1 -15.0 -248.2
20211108225930  -831.7 -15.3 -248.2
20211108225931  -831.8 -15.3 -248.0
20211108225932  -831.8 -15.7 -248.1
20211108225933  -831.6 -15.9 -248.2
20211108225934  -831.6 -16.0 -248.2
20211108225935  -831.4 -16.4 -247.8
20211108225936  -831.4 -17.1 -247.5
20211108225937  -831.2 -16.9 -246.8
20211108225938  -830.6 -17.1 -246.3
20211108225939  -830.1 -17.5 -246.0
20211108225940  -829.9 -18.0 -245.9
20211108225941  -829.5 -18.5 -245.8
20211108225942  -829.2 -18.8 -245.8
20211108225943  -828.9 -18.5 -245.8
20211108225944  -828.5 -18.5 -245.9
20211108225945  -828.5 -18.3 -246.1
20211108225946  -828.4 -18.1 -245.9
20211108225947  -827.9 -18.4 -246.0
20211108225948  -827.8 -18.9 -245.7
20211108225949  -827.1 -18.9 -244.8
20211108225950  -826.4 -18.9 -244.0
20211108225951  -825.4 -19.0 -243.7
20211108225952  -825.8 -18.8 -243.8
20211108225953  -826.3 -19.1 -244.5
20211108225954  -826.2 -18.7 -244.5
20211108225955  -825.8 -18.4 -244.3
20211108225956  -825.5 -18.3 -243.9
20211108225957  -825.3 -18.4 -244.3
20211108225958  -825.4 -18.8 -244.4
20211108225959  -825.1 -19.3 -244.7
20211108230000  -825.0 -19.6 -245.2
20211108230001  -824.7 -20.0 -245.2
20211108230002  -824.5 -20.1 -245.3
20211108230003  -823.9 -20.1 -245.3
20211108230004  -823.7 -20.2 -244.9
20211108230005  -823.0 -20.5 -245.0
20211108230006  -822.3 -20.8 -245.1
20211108230007  -821.6 -21.1 -245.1
20211108230008  -820.7 -21.9 -245.3
20211108230009  -820.4 -22.3 -245.5
20211108230010  -819.7 -22.5 -245.9
20211108230011  -819.4 -22.9 -246.1
20211108230012  -818.9 -22.9 -246.5
20211108230013  -818.3 -23.2 -246.2
20211108230014  -817.7 -23.8 -246.5
20211108230015  -816.9 -23.6 -246.0
20211108230016  -816.4 -23.8 -246.2
20211108230017  -815.5 -23.9 -246.2
20211108230018  -815.5 -24.4 -246.2
20211108230019  -815.3 -25.3 -246.8
20211108230020  -815.0 -25.9 -246.8
20211108230021  -815.1 -26.6 -246.7
20211108230022  -814.9 -27.3 -246.9
20211108230023  -814.6 -28.0 -246.9
20211108230024  -814.9 -29.2 -246.8
20211108230025  -814.9 -29.7 -247.2
20211108230026  -814.8 -30.3 -247.6
20211108230027  -814.5 -30.6 -247.6
20211108230028  -814.5 -30.8 -247.5
20211108230029  -814.4 -31.2 -247.7
20211108230030  -814.6 -31.6 -247.9
20211108230031  -814.3 -31.6 -248.1
20211108230032  -814.1 -32.3 -248.4
20211108230033  -813.9 -32.8 -248.5
20211108230034  -813.8 -33.0 -248.6
20211108230035  -813.7 -33.4 -248.8
20211108230036  -813.4 -33.7 -248.8
20211108230037  -813.1 -34.4 -249.3
20211108230038  -813.1 -34.6 -249.2
20211108230039  -812.9 -34.7 -249.5
20211108230040  -812.6 -35.2 -249.8
20211108230041  -812.4 -35.3 -249.4
20211108230042  -812.3 -35.2 -249.5
20211108230043  -812.3 -35.6 -249.4
20211108230044  -813.3 -36.0 -250.5
20211108230045  -813.6 -36.1 -250.5
20211108230046  -813.8 -36.1 -250.6
20211108230047  -814.0 -36.2 -250.6
20211108230048  -814.4 -36.2 -250.7
20211108230049  -814.8 -36.6 -251.0
20211108230050  -815.1 -36.4 -250.7
20211108230051  -815.5 -36.5 -250.8
20211108230052  -815.7 -36.8 -250.9
20211108230053  -815.8 -37.0 -251.0
20211108230054  -815.9 -37.3 -251.1
20211108230055  -815.9 -37.5 -251.5
20211108230056  -816.5 -37.9 -251.4
20211108230057  -816.4 -38.0 -251.7
20211108230058  -816.8 -38.0 -251.7
20211108230059  -817.1 -38.1 -251.8
20211108230100  -817.2 -38.4 -251.7
20211108230101  -817.4 -38.8 -251.4
20211108230102  -817.6 -39.3 -251.4
20211108230103  -818.0 -39.9 -250.9
20211108230104  -818.3 -40.1 -250.8
20211108230105  -818.7 -40.3 -250.9
20211108230106  -818.7 -40.4 -250.7
20211108230107  -817.9 -39.9 -250.4
20211108230108  -818.2 -39.6 -250.2
20211108230109  -818.2 -39.5 -250.2
20211108230110  -819.0 -39.4 -250.7
20211108230111  -819.5 -39.2 -250.7
20211108230112  -819.7 -38.4 -250.8
20211108230113  -820.0 -38.1 -250.8
20211108230114  -819.6 -38.0 -250.8
20211108230115  -819.2 -37.6 -250.7
20211108230116  -819.1 -37.3 -250.3
20211108230117  -819.2 -37.2 -250.2
20211108230118  -818.6 -36.9 -250.3
20211108230119  -818.4 -36.3 -250.0
20211108230120  -818.2 -36.2 -249.8
20211108230121  -817.8 -36.3 -249.5
20211108230122  -817.0 -36.2 -249.4
20211108230123  -816.3 -36.0 -249.5
20211108230124  -815.7 -36.1 -249.7
20211108230125  -815.4 -36.2 -249.7
20211108230126  -814.8 -36.3 -249.4
20211108230127  -814.0 -36.6 -249.5
20211108230128  -813.7 -36.8 -249.5
20211108230129  -813.2 -36.3 -249.5
20211108230130  -812.7 -36.5 -249.2
20211108230131  -812.0 -36.5 -249.1
20211108230132  -811.3 -36.7 -249.1
20211108230133  -810.3 -36.9 -248.9
20211108230134  -809.4 -37.2 -248.8
20211108230135  -808.9 -37.3 -248.5
20211108230136  -808.7 -37.2 -248.2
20211108230137  -808.8 -37.5 -248.6
20211108230138  -808.3 -37.8 -248.7
20211108230139  -807.8 -38.2 -248.9
20211108230140  -807.6 -38.6 -249.0
20211108230141  -806.9 -38.7 -249.1
20211108230142  -806.4 -38.7 -248.9
20211108230143  -805.9 -38.8 -249.2
20211108230144  -805.7 -38.7 -249.1
20211108230145  -805.0 -38.9 -249.0
20211108230146  -804.7 -39.2 -248.9
20211108230147  -804.0 -39.5 -248.8
20211108230148  -804.0 -39.4 -249.0
20211108230149  -803.6 -39.4 -249.4
20211108230150  -803.6 -39.5 -249.6
20211108230151  -803.4 -39.4 -249.8
20211108230152  -803.4 -39.3 -249.7
20211108230153  -803.3 -39.2 -249.4
20211108230154  -802.8 -39.0 -249.5
20211108230155  -802.7 -39.0 -249.4
20211108230156  -802.5 -39.4 -249.4
20211108230157  -802.8 -39.7 -249.7
20211108230158  -802.3 -40.1 -249.9
20211108230159  -801.7 -40.4 -249.7
20211108230200  -801.6 -40.0 -248.9
20211108230201  -801.0 -40.2 -248.7
20211108230202  -800.7 -40.7 -248.3
20211108230203  -801.0 -40.8 -248.7
20211108230204  -801.1 -40.9 -248.5
20211108230205  -801.4 -41.1 -248.7
20211108230206  -801.6 -41.3 -248.9
20211108230207  -801.7 -41.6 -248.9
20211108230208  -801.4 -41.3 -248.8
20211108230209  -801.5 -41.8 -248.6
20211108230210  -801.3 -41.7 -248.5
20211108230211  -800.9 -42.0 -248.7
20211108230212  -800.7 -42.5 -248.7
20211108230213  -800.4 -42.8 -249.1
20211108230214  -800.1 -42.7 -249.2
20211108230215  -799.7 -42.6 -249.2
20211108230216  -799.5 -42.8 -249.4
20211108230217  -799.5 -43.3 -249.6
20211108230218  -799.6 -43.4 -249.5
20211108230219  -799.4 -43.0 -249.4
20211108230220  -799.1 -42.5 -249.3
20211108230221  -799.1 -42.0 -249.3
20211108230222  -799.3 -41.9 -249.1
20211108230223  -799.0 -42.1 -249.3
20211108230224  -798.6 -42.3 -249.2
20211108230225  -797.8 -41.7 -248.6
20211108230226  -797.4 -41.8 -248.3
20211108230227  -797.3 -41.9 -248.0
20211108230228  -796.8 -41.7 -247.7
20211108230229  -795.9 -41.4 -247.6
20211108230230  -796.6 -41.8 -248.3
20211108230231  -796.7 -41.7 -248.8
20211108230232  -796.5 -41.6 -248.8
20211108230233  -796.1 -41.4 -249.0
20211108230234  -795.7 -41.1 -249.1
20211108230235  -795.9 -40.6 -249.3
20211108230236  -795.9 -40.5 -249.2
20211108230237  -795.6 -40.6 -249.3
20211108230238  -795.3 -40.4 -249.0
20211108230239  -795.1 -40.7 -249.3
20211108230240  -795.3 -40.8 -249.6
20211108230241  -795.6 -41.2 -249.7
20211108230242  -795.9 -41.2 -250.1
20211108230243  -796.2 -41.2 -250.1
20211108230244  -796.5 -41.1 -250.0
20211108230245  -796.5 -41.0 -250.0
20211108230246  -796.8 -41.1 -249.9
20211108230247  -796.9 -41.2 -249.7
20211108230248  -796.9 -41.1 -249.7
20211108230249  -797.3 -41.6 -249.3
20211108230250  -797.3 -41.9 -249.2
20211108230251  -797.1 -42.0 -248.9
20211108230252  -796.6 -42.0 -248.7
20211108230253  -796.2 -42.0 -248.5
20211108230254  -796.4 -42.0 -248.2
20211108230255  -796.6 -41.8 -247.9
20211108230256  -797.1 -41.5 -247.8
20211108230257  -797.5 -42.1 -248.1
20211108230258  -797.2 -42.3 -248.2
20211108230259  -797.3 -42.9 -248.4
20211108230300  -797.5 -42.7 -249.0
20211108230301  -797.5 -42.8 -248.6
20211108230302  -797.4 -42.7 -248.4
20211108230303  -797.4 -42.8 -248.5
20211108230304  -796.8 -43.3 -248.5
20211108230305  -796.7 -43.2 -248.3
20211108230306  -796.5 -43.5 -248.1
20211108230307  -796.3 -43.7 -248.4
20211108230308  -796.4 -43.9 -248.2
20211108230309  -796.1 -44.0 -248.1
20211108230310  -796.2 -43.9 -248.2
20211108230311  -796.0 -44.1 -248.1
20211108230312  -795.8 -44.2 -247.6
20211108230313  -795.2 -44.0 -247.0
20211108230314  -794.7 -43.9 -247.2
20211108230315  -794.2 -44.2 -247.2
20211108230316  -793.5 -44.2 -247.2
20211108230317  -792.9 -44.7 -247.1
20211108230318  -792.1 -44.3 -246.8
20211108230319  -791.7 -44.4 -246.6
20211108230320  -790.9 -44.4 -246.3
20211108230321  -790.2 -44.3 -246.0
20211108230322  -789.9 -44.3 -245.9
20211108230323  -790.2 -44.7 -246.5
20211108230324  -789.9 -44.8 -246.7
20211108230325  -789.1 -45.0 -246.4
20211108230326  -788.7 -44.8 -246.5
20211108230327  -788.2 -45.1 -246.3
20211108230328  -787.5 -45.3 -246.1
20211108230329  -787.0 -45.7 -246.1
20211108230330  -786.2 -45.9 -245.9
20211108230331  -785.4 -46.4 -245.7
20211108230332  -784.8 -46.6 -245.8
20211108230333  -784.3 -46.8 -245.8
20211108230334  -783.7 -47.1 -245.6
20211108230335  -783.0 -47.0 -245.1
20211108230336  -782.5 -47.2 -245.1
20211108230337  -781.8 -47.4 -244.6
20211108230338  -781.0 -47.4 -244.5
20211108230339  -780.3 -47.7 -244.2
20211108230340  -779.3 -48.1 -244.3
20211108230341  -778.6 -48.2 -244.5
20211108230342  -777.8 -48.3 -244.3
20211108230343  -776.9 -48.6 -244.0
20211108230344  -775.7 -48.3 -243.6
20211108230345  -774.6 -48.4 -243.4
20211108230346  -773.9 -48.6 -243.2
20211108230347  -772.9 -48.7 -242.8
20211108230348  -771.7 -48.6 -242.6
20211108230349  -771.9 -48.9 -242.8
20211108230350  -771.7 -49.2 -243.3
20211108230351  -770.9 -49.5 -243.4
20211108230352  -770.5 -49.5 -243.3
20211108230353  -769.7 -49.8 -243.4
20211108230354  -769.5 -50.1 -243.7
20211108230355  -768.5 -50.2 -243.8
20211108230356  -768.2 -50.2 -243.8
20211108230357  -767.7 -50.0 -244.1
20211108230358  -767.3 -50.5 -244.1
20211108230359  -766.9 -50.5 -244.1
20211108230400  -766.2 -50.6 -243.9
20211108230401  -765.9 -50.8 -244.3
20211108230402  -765.7 -51.1 -244.5
20211108230403  -765.3 -50.7 -244.7
20211108230404  -764.9 -51.0 -244.6
20211108230405  -764.3 -51.1 -244.9
20211108230406  -764.2 -51.1 -245.0
20211108230407  -763.8 -51.3 -245.0
20211108230408  -763.7 -51.2 -245.0
20211108230409  -763.6 -51.8 -245.1
20211108230410  -763.0 -51.7 -244.9
20211108230411  -762.5 -51.5 -244.5
20211108230412  -762.1 -51.7 -244.5
20211108230413  -761.6 -51.5 -244.3
20211108230414  -761.0 -51.5 -244.0
20211108230415  -760.9 -51.6 -243.9
20211108230416  -761.3 -51.6 -244.5
20211108230417  -760.5 -51.3 -244.4
