20211107222538  -665.9 -82.7 -184.9
20211107222539  -666.0 -82.6 -185.2
20211107222540  -665.8 -82.6 -185.1
20211107222541  -665.8 -82.6 -185.2
20211107222542  -666.0 -82.5 -185.1
20211107222543  -665.8 -82.5 -185.0
20211107222544  -665.7 -82.3 -185.0
20211107222545  -666.0 -82.6 -185.1
20211107222546  -665.7 -82.6 -185.1
20211107222547  -666.2 -82.6 -185.1
20211107222548  -666.2 -82.4 -185.1
20211107222549  -666.0 -82.7 -185.2
20211107222550  -666.0 -82.5 -185.0
20211107222551  -666.1 -82.5 -185.0
20211107222552  -666.0 -82.7 -185.2
20211107222553  -666.2 -82.6 -185.6
20211107222554  -666.1 -82.8 -185.4
20211107222555  -665.5 -82.7 -185.3
20211107222556  -665.2 -82.6 -184.9
20211107222557  -664.8 -82.5 -184.9
20211107222558  -664.9 -82.4 -184.5
20211107222559  -665.5 -82.5 -184.9
20211107222600  -665.8 -82.8 -185.6
20211107222601  -665.8 -82.6 -185.6
20211107222602  -665.8 -82.9 -185.4
20211107222603  -665.4 -82.8 -185.6
20211107222604  -665.6 -82.7 -185.4
20211107222605  -665.7 -83.0 -185.4
20211107222606  -665.7 -83.1 -185.2
20211107222607  -666.0 -83.0 -185.6
20211107222608  -665.8 -82.7 -185.8
20211107222609  -666.0 -83.0 -185.5
20211107222610  -666.1 -82.9 -185.5
20211107222611  -665.9 -82.7 -185.4
20211107222612  -666.0 -83.0 -185.3
20211107222613  -666.1 -83.1 -185.6
20211107222614  -665.9 -83.1 -185.7
20211107222615  -665.7 -83.3 -185.5
20211107222616  -666.0 -83.5 -185.5
20211107222617  -665.7 -83.5 -185.1
20211107222618  -666.0 -83.1 -185.3
20211107222619  -666.1 -83.0 -185.8
20211107222620  -665.9 -83.0 -185.7
20211107222621  -665.6 -83.4 -185.4
20211107222622  -664.9 -83.4 -185.0
20211107222623  -664.9 -83.4 -184.7
20211107222624  -664.6 -83.5 -184.8
20211107222625  -665.4 -83.3 -185.3
20211107222626  -665.6 -83.4 -185.4
20211107222627  -665.5 -83.4 -185.3
20211107222628  -665.7 -83.7 -185.3
20211107222629  -665.5 -83.6 -185.2
20211107222630  -665.6 -83.8 -185.3
20211107222631  -665.9 -83.5 -185.5
20211107222632  -665.8 -83.5 -185.5
20211107222633  -665.9 -83.4 -185.6
20211107222634  -666.5 -84.0 -185.5
20211107222635  -666.2 -83.9 -185.6
20211107222636  -666.0 -83.8 -185.3
20211107222637  -666.2 -83.6 -185.2
20211107222638  -666.2 -83.3 -185.5
20211107222639  -665.9 -83.4 -185.9
20211107222640  -666.0 -83.7 -185.5
20211107222641  -666.3 -83.7 -185.5
20211107222642  -666.4 -83.7 -185.6
20211107222643  -666.4 -83.9 -185.9
20211107222644  -666.3 -84.0 -185.7
20211107222645  -666.3 -84.0 -185.9
20211107222646  -666.6 -84.1 -185.9
20211107222647  -666.7 -84.5 -185.9
20211107222648  -665.9 -84.2 -185.6
20211107222649  -666.0 -84.1 -185.1
20211107222650  -665.6 -84.1 -184.7
20211107222651  -666.7 -84.2 -185.4
20211107222652  -666.7 -84.4 -185.4
20211107222653  -666.5 -84.4 -185.8
20211107222654  -666.7 -84.4 -185.7
20211107222655  -666.8 -84.4 -185.7
20211107222656  -666.8 -84.3 -185.9
20211107222657  -667.0 -84.3 -185.8
20211107222658  -667.3 -84.3 -186.0
20211107222659  -667.1 -84.5 -186.3
20211107222700  -667.1 -84.5 -186.2
20211107222701  -667.0 -84.4 -186.2
20211107222702  -667.2 -84.3 -186.3
20211107222703  -667.0 -84.4 -186.4
20211107222704  -667.4 -84.5 -186.3
20211107222705  -666.9 -84.2 -186.1
20211107222706  -667.5 -84.2 -186.3
20211107222707  -667.4 -84.5 -186.3
20211107222708  -667.3 -84.4 -186.4
20211107222709  -667.4 -84.4 -186.4
20211107222710  -667.5 -84.4 -186.3
20211107222711  -667.3 -84.2 -186.6
20211107222712  -667.5 -84.3 -186.4
20211107222713  -667.3 -84.3 -186.6
20211107222714  -666.6 -84.3 -186.2
20211107222715  -666.3 -84.2 -185.8
20211107222716  -666.2 -84.4 -185.6
20211107222717  -667.0 -84.3 -185.6
20211107222718  -667.2 -84.5 -186.1
20211107222719  -667.4 -84.4 -186.2
20211107222720  -667.6 -84.3 -186.3
20211107222721  -667.5 -84.5 -186.5
20211107222722  -667.4 -84.5 -186.6
20211107222723  -667.4 -84.6 -186.0
20211107222724  -667.7 -84.6 -186.1
20211107222725  -667.7 -84.6 -186.1
20211107222726  -667.7 -84.9 -185.9
20211107222727  -667.6 -84.9 -186.4
20211107222728  -667.6 -84.7 -186.1
20211107222729  -667.7 -85.0 -186.2
20211107222730  -667.9 -85.0 -186.3
20211107222731  -667.7 -84.7 -186.1
20211107222732  -667.7 -84.7 -186.1
20211107222733  -667.7 -84.8 -185.9
20211107222734  -667.8 -84.8 -186.2
20211107222735  -667.9 -84.7 -186.2
20211107222736  -668.0 -84.6 -186.0
20211107222737  -667.9 -84.7 -186.4
20211107222738  -667.8 -84.7 -186.4
20211107222739  -667.8 -84.6 -186.6
20211107222740  -667.4 -84.6 -186.2
20211107222741  -667.2 -84.3 -185.7
20211107222742  -667.1 -84.2 -185.5
20211107222743  -666.9 -84.1 -185.2
20211107222744  -667.5 -84.4 -186.3
20211107222745  -667.8 -84.3 -186.1
20211107222746  -667.5 -84.5 -186.3
20211107222747  -667.4 -84.4 -186.2
20211107222748  -667.5 -84.7 -186.3
20211107222749  -667.4 -84.4 -186.2
20211107222750  -667.5 -84.6 -186.3
20211107222751  -667.5 -84.5 -186.4
20211107222752  -667.5 -84.6 -186.2
20211107222753  -668.0 -84.6 -186.3
20211107222754  -667.9 -84.7 -186.3
20211107222755  -667.7 -84.7 -186.5
20211107222756  -667.7 -84.6 -186.6
20211107222757  -667.8 -84.6 -186.4
20211107222758  -668.0 -84.8 -186.3
20211107222759  -667.8 -84.3 -186.1
20211107222800  -667.9 -84.5 -186.1
20211107222801  -668.0 -84.6 -186.3
20211107222802  -668.1 -84.4 -186.3
20211107222803  -668.1 -84.7 -186.4
20211107222804  -668.1 -84.6 -186.4
20211107222805  -667.9 -84.6 -186.4
20211107222806  -667.4 -84.6 -186.5
20211107222807  -667.0 -84.3 -186.3
20211107222808  -666.9 -84.3 -185.8
20211107222809  -666.6 -84.3 -185.8
20211107222810  -667.5 -84.3 -186.0
20211107222811  -667.5 -84.4 -186.0
20211107222812  -667.7 -84.4 -186.0
20211107222813  -667.7 -84.1 -186.0
20211107222814  -667.6 -84.2 -186.0
20211107222815  -667.9 -84.2 -186.2
20211107222816  -667.9 -84.2 -186.4
20211107222817  -667.7 -84.2 -186.2
20211107222818  -667.7 -84.3 -186.4
20211107222819  -667.8 -84.4 -186.2
20211107222820  -667.9 -84.2 -186.3
20211107222821  -668.0 -84.1 -186.4
20211107222822  -667.8 -84.3 -186.2
20211107222823  -667.9 -84.2 -186.2
20211107222824  -667.8 -84.3 -186.4
20211107222825  -667.7 -84.2 -186.5
20211107222826  -668.1 -84.4 -186.6
20211107222827  -668.1 -84.3 -186.4
20211107222828  -668.0 -84.2 -186.3
20211107222829  -668.0 -84.2 -186.3
20211107222830  -668.2 -84.0 -186.3
20211107222831  -668.2 -84.1 -186.4
20211107222832  -667.8 -84.4 -186.4
20211107222833  -667.5 -84.3 -185.9
20211107222834  -667.1 -84.3 -185.5
20211107222835  -666.8 -83.8 -185.4
20211107222836  -667.1 -84.0 -185.1
20211107222837  -667.8 -84.1 -185.9
20211107222838  -667.8 -84.0 -185.9
20211107222839  -668.0 -83.9 -186.0
20211107222840  -668.2 -84.1 -186.0
20211107222841  -667.8 -84.1 -186.1
20211107222842  -668.0 -84.1 -185.9
20211107222843  -667.9 -84.2 -186.3
20211107222844  -667.8 -83.9 -186.2
20211107222845  -667.9 -84.2 -186.2
20211107222846  -667.9 -84.0 -186.1
20211107222847  -667.8 -84.2 -186.1
20211107222848  -668.4 -84.0 -186.2
20211107222849  -668.2 -84.0 -186.1
20211107222850  -668.2 -83.9 -186.1
20211107222851  -668.0 -84.0 -186.1
20211107222852  -668.2 -83.9 -185.9
20211107222853  -668.2 -84.2 -186.3
20211107222854  -668.1 -84.2 -186.5
20211107222855  -668.2 -84.2 -186.5
20211107222856  -668.1 -84.4 -186.6
20211107222857  -668.1 -84.4 -186.4
20211107222858  -668.0 -84.2 -186.6
20211107222859  -667.7 -84.1 -186.1
20211107222900  -667.6 -84.2 -185.7
20211107222901  -667.3 -84.1 -185.7
20211107222902  -667.3 -83.9 -185.4
20211107222903  -667.5 -84.0 -185.2
20211107222904  -668.4 -84.2 -186.2
20211107222905  -668.0 -84.0 -186.2
20211107222906  -668.2 -84.2 -185.9
20211107222907  -668.3 -84.2 -185.9
20211107222908  -668.3 -84.1 -186.3
20211107222909  -668.5 -83.9 -186.3
20211107222910  -668.5 -84.1 -186.4
20211107222911  -668.4 -83.9 -186.0
20211107222912  -668.3 -83.8 -186.2
20211107222913  -668.1 -83.9 -186.2
20211107222914  -668.2 -83.9 -186.1
20211107222915  -668.4 -83.9 -186.1
20211107222916  -668.3 -83.9 -186.2
20211107222917  -668.4 -83.8 -186.5
20211107222918  -668.3 -83.7 -186.3
20211107222919  -668.2 -84.0 -186.4
20211107222920  -668.3 -84.1 -186.5
20211107222921  -668.4 -84.2 -186.6
20211107222922  -668.7 -84.2 -186.6
20211107222923  -668.8 -83.9 -186.3
20211107222924  -668.6 -84.2 -186.3
20211107222925  -667.7 -83.7 -185.7
20211107222926  -667.4 -83.6 -185.3
20211107222927  -667.5 -83.6 -185.2
20211107222928  -667.0 -83.4 -184.9
20211107222929  -667.2 -83.2 -184.9
20211107222930  -667.7 -82.9 -185.1
20211107222931  -668.2 -83.3 -185.7
20211107222932  -668.0 -83.6 -185.7
20211107222933  -668.3 -83.2 -185.8
20211107222934  -668.3 -83.3 -185.7
20211107222935  -668.0 -83.3 -185.9
20211107222936  -667.8 -83.3 -185.7
20211107222937  -668.0 -83.1 -185.7
20211107222938  -668.1 -83.3 -186.0
20211107222939  -667.9 -83.2 -185.9
20211107222940  -668.0 -83.4 -186.0
20211107222941  -668.1 -83.6 -186.2
20211107222942  -668.1 -83.4 -185.9
20211107222943  -668.1 -83.6 -185.8
20211107222944  -668.3 -83.5 -185.8
20211107222945  -668.4 -83.7 -185.9
20211107222946  -668.1 -83.8 -185.9
20211107222947  -668.0 -83.5 -185.8
20211107222948  -668.1 -83.9 -185.9
20211107222949  -667.9 -83.8 -185.8
20211107222950  -668.2 -83.7 -185.7
20211107222951  -667.7 -83.8 -185.9
20211107222952  -667.2 -83.8 -185.4
20211107222953  -667.1 -83.9 -185.2
20211107222954  -667.1 -83.7 -184.8
20211107222955  -666.8 -83.4 -184.8
20211107222956  -666.7 -83.4 -184.6
20211107222957  -667.7 -83.5 -185.4
20211107222958  -668.0 -83.5 -185.3
20211107222959  -667.9 -83.7 -185.5
20211107223000  -667.7 -83.9 -185.6
20211107223001  -667.8 -84.1 -185.5
20211107223002  -667.7 -83.8 -185.5
20211107223003  -667.8 -83.9 -185.9
20211107223004  -667.6 -84.0 -185.7
20211107223005  -667.9 -83.9 -185.7
20211107223006  -668.0 -83.6 -185.9
20211107223007  -668.0 -83.7 -185.7
20211107223008  -668.1 -83.7 -185.8
20211107223009  -668.0 -83.6 -185.9
20211107223010  -668.2 -84.0 -186.1
20211107223011  -668.1 -83.9 -186.1
20211107223012  -668.1 -83.7 -186.3
20211107223013  -668.6 -83.6 -186.1
20211107223014  -668.3 -83.9 -186.2
20211107223015  -668.3 -84.0 -185.8
20211107223016  -668.5 -84.1 -185.9
20211107223017  -668.4 -84.2 -186.0
20211107223018  -667.7 -84.1 -185.7
20211107223019  -667.5 -83.9 -185.1
20211107223020  -667.2 -83.5 -185.2
20211107223021  -666.9 -83.4 -185.0
20211107223022  -666.9 -83.6 -184.9
20211107223023  -666.8 -83.7 -184.8
20211107223024  -667.9 -84.0 -185.5
20211107223025  -667.9 -83.9 -185.7
20211107223026  -667.9 -84.0 -185.9
20211107223027  -668.3 -84.0 -185.8
20211107223028  -668.2 -84.2 -186.1
20211107223029  -668.2 -84.0 -185.7
20211107223030  -668.2 -84.2 -185.8
20211107223031  -667.9 -84.1 -185.8
20211107223032  -668.0 -84.3 -185.8
20211107223033  -668.1 -84.1 -185.8
20211107223034  -668.0 -84.2 -185.9
20211107223035  -667.8 -84.3 -185.8
20211107223036  -667.7 -84.3 -185.8
20211107223037  -668.0 -84.3 -185.9
20211107223038  -668.0 -84.1 -185.9
20211107223039  -668.1 -84.3 -185.8
20211107223040  -667.9 -84.1 -186.0
20211107223041  -668.0 -84.3 -185.8
20211107223042  -668.4 -84.1 -185.7
20211107223043  -668.4 -83.8 -185.9
20211107223044  -667.9 -84.1 -185.7
20211107223045  -667.4 -83.9 -185.2
20211107223046  -667.5 -83.9 -184.9
20211107223047  -667.1 -83.6 -184.9
20211107223048  -666.9 -83.5 -184.6
20211107223049  -666.8 -83.6 -184.6
20211107223050  -667.0 -83.5 -184.4
20211107223051  -667.7 -83.6 -185.2
20211107223052  -667.7 -84.0 -185.5
20211107223053  -667.4 -84.0 -185.2
20211107223054  -667.7 -84.1 -185.6
20211107223055  -668.0 -84.2 -185.5
20211107223056  -668.1 -84.2 -185.5
20211107223057  -668.0 -84.2 -185.7
20211107223058  -667.9 -84.0 -185.5
20211107223059  -667.9 -84.3 -185.7
20211107223100  -668.0 -84.4 -185.9
20211107223101  -667.9 -84.5 -185.6
20211107223102  -667.7 -84.2 -185.9
20211107223103  -667.8 -84.1 -185.8
20211107223104  -667.8 -84.0 -185.6
20211107223105  -667.8 -84.3 -185.7
20211107223106  -667.9 -84.3 -185.6
20211107223107  -667.8 -84.1 -185.8
20211107223108  -667.8 -84.4 -186.1
20211107223109  -667.7 -84.2 -185.8
20211107223110  -667.8 -84.3 -186.0
20211107223111  -667.2 -84.3 -185.8
20211107223112  -667.3 -84.3 -185.0
20211107223113  -667.2 -84.0 -184.9
20211107223114  -666.8 -84.0 -184.6
20211107223115  -666.9 -84.1 -184.4
20211107223116  -666.8 -84.0 -184.5
20211107223117  -667.1 -84.0 -184.8
20211107223118  -667.4 -84.1 -185.2
20211107223119  -667.7 -84.0 -185.5
20211107223120  -668.0 -84.1 -185.4
20211107223121  -667.9 -84.3 -185.3
20211107223122  -667.4 -84.0 -185.6
20211107223123  -667.7 -84.1 -185.8
20211107223124  -667.8 -84.1 -185.6
20211107223125  -667.8 -84.2 -185.7
20211107223126  -667.7 -84.3 -185.6
20211107223127  -667.7 -84.4 -185.7
20211107223128  -667.9 -84.5 -185.7
20211107223129  -667.9 -84.4 -185.9
20211107223130  -667.9 -84.5 -185.9
20211107223131  -668.0 -84.7 -186.0
20211107223132  -668.2 -84.6 -185.7
20211107223133  -667.9 -84.6 -185.8
20211107223134  -668.1 -84.7 -185.9
20211107223135  -668.2 -84.8 -185.7
20211107223136  -668.0 -84.7 -185.7
20211107223137  -667.7 -84.7 -185.8
20211107223138  -667.1 -84.4 -185.3
20211107223139  -666.8 -84.2 -184.8
20211107223140  -666.6 -84.2 -184.9
20211107223141  -666.4 -84.0 -184.7
20211107223142  -666.6 -84.0 -184.7
20211107223143  -666.3 -83.9 -184.4
20211107223144  -667.0 -84.0 -185.2
20211107223145  -667.4 -83.8 -185.3
20211107223146  -667.4 -84.0 -185.4
20211107223147  -667.1 -84.2 -185.2
20211107223148  -667.5 -84.3 -185.2
20211107223149  -667.3 -84.1 -185.1
20211107223150  -667.6 -84.3 -185.2
20211107223151  -667.5 -84.2 -185.3
20211107223152  -667.6 -84.2 -185.4
20211107223153  -667.5 -84.5 -185.5
20211107223154  -667.6 -84.5 -185.6
20211107223155  -667.9 -84.5 -185.6
20211107223156  -667.9 -84.7 -185.4
20211107223157  -667.9 -84.7 -185.5
20211107223158  -668.0 -84.7 -185.7
20211107223159  -668.0 -84.9 -185.4
20211107223200  -667.9 -84.6 -185.7
20211107223201  -667.8 -84.7 -185.6
20211107223202  -668.1 -85.0 -185.7
20211107223203  -667.8 -84.9 -185.8
20211107223204  -667.0 -84.7 -185.1
20211107223205  -666.8 -84.2 -184.6
20211107223206  -666.5 -84.4 -184.4
20211107223207  -666.7 -84.1 -184.2
20211107223208  -666.6 -84.1 -183.8
20211107223209  -666.5 -83.9 -183.8
20211107223210  -666.6 -83.8 -183.9
20211107223211  -667.1 -84.1 -184.5
20211107223212  -667.2 -84.3 -184.6
20211107223213  -667.5 -84.3 -184.8
20211107223214  -667.9 -84.0 -184.7
20211107223215  -667.6 -84.1 -184.8
20211107223216  -667.9 -84.3 -184.9
20211107223217  -667.8 -84.3 -184.8
20211107223218  -667.6 -84.1 -184.8
20211107223219  -667.5 -84.2 -184.9
