20211118222025  -707.6 -82.3 -251.0
20211118222026  -707.6 -82.3 -251.0
20211118222027  -707.7 -82.4 -251.1
20211118222028  -708.0 -82.5 -251.3
20211118222029  -708.5 -82.3 -251.1
20211118222030  -708.8 -82.1 -251.7
20211118222031  -709.3 -82.3 -251.8
20211118222032  -709.2 -82.1 -251.8
20211118222033  -709.6 -82.1 -251.7
20211118222034  -709.7 -82.2 -251.5
20211118222035  -709.9 -82.4 -251.2
20211118222036  -709.9 -82.4 -251.2
20211118222037  -709.9 -82.1 -251.6
20211118222038  -710.0 -82.3 -251.7
20211118222039  -709.9 -82.0 -252.0
20211118222040  -710.2 -81.8 -252.3
20211118222041  -710.6 -82.3 -252.6
20211118222042  -711.1 -82.1 -252.5
20211118222043  -711.3 -82.2 -252.7
20211118222044  -711.3 -82.4 -252.7
20211118222045  -710.8 -82.2 -252.4
20211118222046  -710.8 -81.9 -252.1
20211118222047  -711.0 -81.7 -251.9
20211118222048  -711.9 -81.6 -252.8
20211118222049  -712.2 -81.9 -253.0
20211118222050  -712.6 -82.1 -253.3
20211118222051  -712.8 -81.8 -253.1
20211118222052  -713.1 -82.0 -253.4
20211118222053  -713.4 -81.9 -253.5
20211118222054  -713.6 -82.0 -253.5
20211118222055  -713.9 -81.8 -253.5
20211118222056  -713.8 -81.7 -253.2
20211118222057  -714.0 -81.5 -253.5
20211118222058  -714.1 -81.5 -253.5
20211118222059  -714.0 -81.7 -253.5
20211118222100  -714.2 -81.5 -253.7
20211118222101  -714.4 -81.4 -253.6
20211118222102  -714.5 -81.6 -253.8
20211118222103  -714.7 -81.5 -253.9
20211118222104  -714.7 -81.4 -254.4
20211118222105  -714.7 -81.4 -254.2
20211118222106  -714.8 -81.5 -254.0
20211118222107  -714.8 -81.1 -254.1
20211118222108  -714.7 -81.2 -254.1
20211118222109  -714.5 -81.3 -254.0
20211118222110  -714.3 -81.0 -254.1
20211118222111  -714.2 -81.1 -254.1
20211118222112  -714.3 -81.0 -254.1
20211118222113  -714.5 -80.4 -254.2
20211118222114  -713.7 -80.6 -254.2
20211118222115  -712.9 -80.4 -253.2
20211118222116  -712.7 -79.9 -252.9
20211118222117  -712.6 -79.3 -252.8
20211118222118  -713.1 -79.5 -253.1
20211118222119  -713.5 -79.5 -253.7
20211118222120  -713.8 -79.3 -254.2
20211118222121  -714.3 -79.1 -254.2
20211118222122  -714.4 -79.0 -254.7
20211118222123  -714.8 -78.8 -254.7
20211118222124  -714.8 -78.9 -254.6
20211118222125  -715.3 -78.7 -254.8
20211118222126  -715.6 -78.4 -254.9
20211118222127  -715.7 -78.7 -255.1
20211118222128  -716.1 -78.9 -255.2
20211118222129  -716.2 -78.5 -255.4
20211118222130  -716.9 -78.4 -255.3
20211118222131  -717.1 -78.6 -255.7
20211118222132  -717.4 -78.2 -255.7
20211118222133  -717.7 -78.2 -255.6
20211118222134  -717.9 -78.3 -255.4
20211118222135  -718.1 -78.2 -255.4
20211118222136  -718.0 -78.2 -255.5
20211118222137  -718.1 -77.9 -255.6
20211118222138  -718.1 -77.7 -255.7
20211118222139  -717.9 -77.6 -256.0
20211118222140  -718.3 -77.6 -255.8
20211118222141  -718.5 -77.3 -255.6
20211118222142  -718.4 -77.2 -256.4
20211118222143  -718.7 -77.0 -256.1
20211118222144  -718.7 -77.2 -256.1
20211118222145  -718.2 -77.2 -255.6
20211118222146  -717.9 -77.0 -255.4
20211118222147  -718.0 -77.1 -255.5
20211118222148  -718.0 -77.0 -255.4
20211118222149  -718.7 -76.9 -256.3
20211118222150  -719.0 -77.0 -256.2
20211118222151  -719.0 -76.8 -256.0
20211118222152  -719.1 -76.9 -256.1
20211118222153  -718.9 -77.0 -256.3
20211118222154  -719.2 -76.9 -256.0
20211118222155  -719.1 -76.7 -256.1
20211118222156  -719.2 -76.7 -256.6
20211118222157  -719.6 -76.7 -256.4
20211118222158  -719.6 -76.6 -256.4
20211118222159  -719.6 -76.7 -256.4
20211118222200  -719.5 -76.9 -256.5
20211118222201  -719.5 -76.9 -256.5
20211118222202  -719.4 -77.0 -256.2
20211118222203  -719.2 -77.2 -256.3
20211118222204  -719.4 -77.4 -256.1
20211118222205  -719.2 -77.1 -256.3
20211118222206  -718.9 -77.4 -256.5
20211118222207  -719.0 -77.2 -256.5
20211118222208  -718.9 -77.1 -256.4
20211118222209  -718.8 -77.2 -256.2
20211118222210  -718.5 -77.3 -255.9
20211118222211  -718.0 -77.3 -255.9
20211118222212  -717.2 -77.1 -255.7
20211118222213  -717.5 -77.0 -255.7
20211118222214  -717.1 -77.1 -256.0
20211118222215  -716.6 -77.6 -255.8
20211118222216  -715.7 -77.8 -255.4
20211118222217  -715.5 -77.5 -255.5
20211118222218  -715.8 -77.4 -255.5
20211118222219  -716.0 -78.0 -256.5
20211118222220  -715.8 -77.8 -256.6
20211118222221  -715.9 -78.0 -256.4
20211118222222  -715.9 -78.1 -256.2
20211118222223  -716.0 -77.9 -256.3
20211118222224  -715.6 -78.0 -256.3
20211118222225  -715.5 -78.2 -256.1
20211118222226  -714.9 -77.9 -255.8
20211118222227  -714.6 -78.1 -256.3
20211118222228  -714.2 -78.2 -256.3
20211118222229  -713.8 -78.1 -256.4
20211118222230  -713.8 -78.2 -256.5
20211118222231  -714.1 -78.2 -256.5
20211118222232  -713.8 -78.3 -256.5
20211118222233  -713.9 -78.4 -256.7
20211118222234  -713.8 -78.3 -256.8
20211118222235  -713.5 -78.2 -256.5
20211118222236  -713.3 -78.2 -256.3
20211118222237  -713.0 -78.6 -256.2
20211118222238  -712.6 -78.1 -255.8
20211118222239  -712.3 -78.1 -255.8
20211118222240  -711.8 -78.5 -255.7
20211118222241  -711.1 -78.3 -255.8
20211118222242  -710.7 -78.2 -255.3
20211118222243  -710.0 -78.4 -255.3
20211118222244  -709.8 -78.4 -254.8
20211118222245  -709.0 -78.7 -255.1
20211118222246  -708.3 -78.6 -254.5
20211118222247  -707.6 -78.4 -254.5
20211118222248  -707.9 -78.2 -254.7
20211118222249  -708.1 -78.4 -255.0
20211118222250  -707.9 -78.2 -254.8
20211118222251  -707.3 -78.2 -254.7
20211118222252  -707.1 -78.2 -254.6
20211118222253  -707.0 -78.3 -254.9
20211118222254  -706.9 -78.3 -254.9
20211118222255  -706.9 -78.3 -255.1
20211118222256  -706.9 -78.2 -255.5
20211118222257  -707.2 -78.6 -255.6
20211118222258  -707.4 -78.5 -255.6
20211118222259  -707.5 -78.5 -255.6
20211118222300  -707.5 -78.3 -255.5
20211118222301  -707.8 -78.5 -255.5
20211118222302  -707.6 -78.3 -255.5
20211118222303  -707.6 -78.4 -255.5
20211118222304  -707.2 -78.4 -255.5
20211118222305  -707.3 -78.4 -255.5
20211118222306  -707.4 -78.0 -255.3
20211118222307  -707.2 -78.1 -255.0
20211118222308  -706.9 -78.0 -255.1
20211118222309  -707.3 -77.9 -255.2
20211118222310  -707.3 -77.5 -255.2
20211118222311  -707.2 -77.5 -255.2
20211118222312  -707.2 -77.3 -255.4
20211118222313  -707.4 -77.2 -255.6
20211118222314  -707.4 -77.5 -255.5
20211118222315  -707.4 -77.1 -255.5
20211118222316  -706.7 -76.7 -254.7
20211118222317  -706.5 -76.7 -254.3
20211118222318  -707.4 -76.5 -254.8
20211118222319  -707.3 -76.7 -255.0
20211118222320  -707.4 -76.7 -255.4
20211118222321  -707.5 -76.4 -255.4
20211118222322  -707.6 -76.3 -255.3
20211118222323  -707.1 -76.1 -255.3
20211118222324  -707.1 -76.1 -255.4
20211118222325  -707.2 -76.0 -255.4
20211118222326  -707.1 -76.1 -255.7
20211118222327  -706.9 -75.9 -255.5
20211118222328  -706.9 -75.7 -255.4
20211118222329  -706.6 -75.7 -254.9
20211118222330  -706.6 -75.5 -254.5
20211118222331  -706.7 -75.2 -254.7
20211118222332  -706.5 -75.2 -254.9
20211118222333  -706.7 -75.1 -255.0
20211118222334  -706.4 -75.0 -254.9
20211118222335  -706.4 -74.8 -254.6
20211118222336  -706.3 -75.0 -254.9
20211118222337  -706.2 -74.9 -254.4
20211118222338  -706.0 -74.8 -254.6
20211118222339  -706.0 -74.7 -254.7
20211118222340  -706.0 -74.5 -254.9
20211118222341  -706.4 -74.6 -254.7
20211118222342  -706.2 -74.8 -255.1
20211118222343  -706.2 -74.9 -254.8
20211118222344  -705.8 -74.9 -254.5
20211118222345  -705.6 -75.0 -254.4
20211118222346  -704.9 -75.3 -254.0
20211118222347  -704.2 -75.4 -253.5
20211118222348  -704.8 -75.2 -254.1
20211118222349  -704.9 -75.4 -254.1
20211118222350  -704.6 -75.5 -254.0
20211118222351  -703.9 -75.7 -253.6
20211118222352  -703.6 -75.7 -253.5
20211118222353  -703.2 -75.8 -253.5
20211118222354  -702.9 -76.1 -253.4
20211118222355  -702.5 -76.0 -253.5
20211118222356  -702.0 -76.1 -253.6
20211118222357  -701.7 -76.0 -253.5
20211118222358  -701.4 -76.1 -253.0
20211118222359  -701.0 -76.0 -253.0
20211118222400  -700.5 -76.4 -253.0
20211118222401  -700.1 -76.1 -253.0
20211118222402  -699.6 -76.1 -252.9
20211118222403  -699.2 -76.3 -252.4
20211118222404  -699.2 -76.1 -252.5
20211118222405  -699.1 -76.4 -252.8
20211118222406  -699.0 -76.5 -252.7
20211118222407  -699.0 -76.4 -253.0
20211118222408  -699.0 -76.5 -253.1
20211118222409  -699.0 -76.5 -253.2
20211118222410  -698.7 -76.6 -253.6
20211118222411  -698.9 -76.2 -253.7
20211118222412  -699.3 -76.4 -254.0
20211118222413  -699.3 -76.6 -253.7
20211118222414  -699.5 -76.6 -254.1
20211118222415  -699.3 -76.6 -253.9
20211118222416  -699.3 -76.6 -253.6
20211118222417  -699.1 -76.3 -253.2
20211118222418  -700.1 -76.6 -253.4
20211118222419  -700.3 -76.8 -254.3
20211118222420  -700.5 -77.0 -254.2
20211118222421  -700.7 -77.1 -254.1
20211118222422  -701.0 -77.1 -254.0
20211118222423  -701.2 -77.0 -253.8
20211118222424  -701.0 -77.1 -253.8
20211118222425  -701.1 -76.9 -253.5
20211118222426  -701.0 -76.8 -253.8
20211118222427  -701.0 -76.6 -253.5
20211118222428  -700.9 -77.0 -253.4
20211118222429  -701.0 -76.9 -253.5
20211118222430  -700.9 -76.9 -253.3
20211118222431  -700.7 -76.9 -253.2
20211118222432  -700.7 -76.7 -253.4
20211118222433  -700.9 -76.5 -253.6
20211118222434  -700.8 -76.5 -253.5
20211118222435  -701.0 -76.6 -254.0
20211118222436  -701.3 -76.7 -254.1
20211118222437  -701.6 -76.7 -254.2
20211118222438  -701.8 -76.8 -254.2
20211118222439  -702.1 -76.9 -254.1
20211118222440  -702.0 -77.0 -253.9
20211118222441  -702.0 -76.7 -254.0
20211118222442  -702.3 -76.6 -253.8
20211118222443  -702.4 -76.7 -254.1
20211118222444  -702.4 -76.7 -254.3
20211118222445  -702.6 -76.6 -254.4
20211118222446  -702.3 -76.7 -253.8
20211118222447  -701.8 -76.2 -253.1
20211118222448  -702.0 -75.8 -253.0
20211118222449  -702.3 -75.9 -253.4
20211118222450  -702.3 -75.9 -253.6
20211118222451  -702.1 -75.8 -253.5
20211118222452  -702.0 -75.9 -253.6
20211118222453  -702.0 -75.4 -253.9
20211118222454  -702.2 -75.4 -254.0
20211118222455  -702.1 -75.4 -254.1
20211118222456  -702.6 -75.2 -254.3
20211118222457  -703.3 -75.1 -254.6
20211118222458  -703.4 -75.3 -254.5
20211118222459  -703.6 -75.1 -254.5
20211118222500  -703.8 -75.2 -254.5
20211118222501  -703.7 -75.4 -254.5
20211118222502  -703.7 -74.8 -254.7
20211118222503  -703.9 -75.3 -254.2
20211118222504  -704.1 -75.3 -254.4
20211118222505  -703.8 -75.1 -254.5
20211118222506  -703.8 -75.1 -254.8
20211118222507  -703.5 -75.1 -254.6
20211118222508  -703.7 -75.0 -254.6
20211118222509  -704.0 -75.3 -254.7
20211118222510  -703.8 -75.1 -254.6
20211118222511  -704.1 -75.2 -254.5
20211118222512  -703.7 -75.2 -254.4
20211118222513  -703.6 -75.2 -254.8
20211118222514  -703.8 -75.3 -254.4
20211118222515  -703.8 -75.1 -254.4
20211118222516  -703.0 -75.1 -254.3
20211118222517  -702.5 -75.2 -253.8
20211118222518  -702.3 -75.2 -253.3
20211118222519  -703.1 -75.2 -254.0
20211118222520  -703.0 -75.1 -254.0
20211118222521  -702.9 -75.3 -254.2
20211118222522  -703.3 -75.2 -254.4
20211118222523  -703.5 -75.2 -254.5
20211118222524  -703.4 -74.8 -254.6
20211118222525  -703.6 -74.7 -254.6
20211118222526  -703.4 -74.8 -254.5
20211118222527  -703.5 -75.0 -254.9
20211118222528  -704.0 -74.5 -255.1
20211118222529  -704.0 -74.7 -255.2
20211118222530  -704.3 -74.8 -255.4
20211118222531  -704.5 -75.0 -255.5
20211118222532  -704.9 -74.9 -255.7
20211118222533  -705.5 -74.7 -255.9
20211118222534  -705.5 -74.9 -255.8
20211118222535  -705.4 -75.2 -255.7
20211118222536  -705.9 -75.3 -255.8
20211118222537  -706.0 -75.1 -255.9
20211118222538  -706.0 -75.2 -256.2
20211118222539  -706.2 -75.2 -255.9
20211118222540  -706.4 -75.3 -256.0
20211118222541  -706.6 -75.3 -255.9
20211118222542  -706.8 -75.2 -256.2
20211118222543  -706.8 -75.6 -256.4
20211118222544  -707.1 -75.5 -256.7
20211118222545  -707.5 -75.6 -256.8
20211118222546  -707.1 -75.8 -256.8
20211118222547  -706.7 -75.8 -256.2
20211118222548  -707.0 -76.0 -256.2
20211118222549  -707.3 -75.6 -256.4
20211118222550  -708.1 -75.7 -257.1
20211118222551  -708.2 -76.1 -257.0
20211118222552  -707.9 -76.1 -256.7
20211118222553  -708.3 -76.0 -257.1
20211118222554  -708.4 -76.1 -257.2
20211118222555  -708.6 -75.9 -257.5
20211118222556  -708.8 -76.0 -257.3
20211118222557  -709.1 -76.2 -257.1
20211118222558  -709.1 -76.4 -257.4
20211118222559  -709.3 -76.1 -257.4
20211118222600  -709.7 -76.2 -257.7
20211118222601  -709.9 -76.7 -257.8
20211118222602  -710.0 -76.8 -258.1
20211118222603  -710.1 -76.7 -258.2
20211118222604  -710.4 -76.8 -257.8
20211118222605  -710.6 -76.8 -257.9
20211118222606  -710.9 -77.0 -257.8
20211118222607  -711.1 -76.8 -258.1
20211118222608  -711.1 -76.9 -257.9
20211118222609  -711.0 -77.0 -258.1
20211118222610  -711.0 -77.2 -258.3
20211118222611  -711.2 -77.2 -258.4
20211118222612  -711.0 -77.3 -258.5
20211118222613  -711.2 -77.4 -258.6
20211118222614  -711.2 -77.6 -259.0
20211118222615  -711.5 -77.5 -259.0
20211118222616  -711.4 -77.7 -259.2
20211118222617  -710.7 -77.6 -258.5
20211118222618  -710.9 -77.1 -258.2
20211118222619  -710.8 -77.1 -258.2
20211118222620  -711.7 -77.4 -258.6
20211118222621  -711.9 -77.3 -258.9
20211118222622  -712.0 -77.4 -258.6
20211118222623  -712.0 -77.2 -258.7
20211118222624  -712.1 -76.9 -258.9
20211118222625  -712.1 -77.0 -258.9
20211118222626  -712.4 -77.3 -259.1
20211118222627  -712.2 -77.2 -259.2
20211118222628  -712.4 -77.1 -259.3
20211118222629  -712.3 -77.2 -259.2
20211118222630  -712.5 -77.3 -259.1
20211118222631  -712.0 -77.0 -259.1
20211118222632  -712.4 -76.8 -259.2
20211118222633  -712.5 -77.0 -259.0
20211118222634  -712.3 -76.8 -259.2
20211118222635  -712.0 -76.8 -259.2
20211118222636  -711.9 -76.4 -259.0
20211118222637  -711.7 -76.2 -259.1
20211118222638  -711.6 -75.6 -259.0
20211118222639  -711.5 -75.6 -259.0
20211118222640  -711.3 -75.5 -258.8
20211118222641  -710.9 -75.3 -259.1
20211118222642  -711.1 -75.4 -259.0
20211118222643  -710.8 -75.2 -259.0
20211118222644  -710.8 -75.3 -259.0
20211118222645  -710.8 -75.1 -259.2
20211118222646  -710.6 -75.1 -259.1
20211118222647  -709.8 -74.8 -258.4
20211118222648  -709.2 -74.8 -258.3
20211118222649  -709.3 -74.6 -258.3
20211118222650  -709.4 -74.5 -258.1
20211118222651  -709.8 -74.6 -258.3
20211118222652  -709.8 -74.7 -258.4
20211118222653  -709.4 -74.7 -258.5
20211118222654  -709.3 -74.7 -258.4
20211118222655  -709.5 -74.8 -258.7
20211118222656  -709.1 -74.5 -258.8
20211118222657  -709.0 -74.8 -258.6
20211118222658  -708.7 -74.5 -258.8
20211118222659  -708.7 -74.4 -258.9
20211118222700  -708.6 -74.7 -259.0
20211118222701  -708.4 -74.4 -259.0
20211118222702  -708.7 -74.3 -258.9
20211118222703  -708.2 -74.4 -258.7
20211118222704  -708.3 -74.6 -258.7
20211118222705  -708.1 -74.6 -259.0
20211118222706  -708.0 -74.4 -258.9
20211118222707  -707.7 -74.3 -258.8
20211118222708  -707.9 -74.4 -258.8
20211118222709  -707.9 -74.3 -258.6
20211118222710  -707.5 -74.0 -258.5
20211118222711  -707.3 -73.6 -258.8
20211118222712  -707.1 -73.6 -258.7
20211118222713  -707.0 -73.5 -258.5
20211118222714  -706.9 -73.3 -258.3
20211118222715  -707.1 -73.4 -258.1
20211118222716  -706.7 -73.5 -258.1
20211118222717  -705.9 -73.6 -257.8
20211118222718  -705.6 -73.4 -257.3
20211118222719  -705.0 -73.4 -257.1
20211118222720  -705.0 -73.2 -257.4
20211118222721  -705.3 -73.6 -258.0
20211118222722  -705.5 -73.6 -258.1
20211118222723  -705.2 -73.5 -258.3
20211118222724  -705.4 -73.5 -258.1
20211118222725  -705.5 -73.7 -258.2
20211118222726  -705.4 -73.9 -258.2
20211118222727  -705.3 -73.9 -257.9
20211118222728  -705.1 -73.8 -257.9
20211118222729  -705.1 -73.6 -258.3
20211118222730  -705.3 -73.7 -258.2
20211118222731  -705.1 -73.6 -258.5
20211118222732  -705.3 -73.6 -258.3
20211118222733  -705.5 -73.5 -258.7
20211118222734  -705.7 -73.5 -258.9
20211118222735  -706.0 -73.5 -258.7
20211118222736  -706.2 -73.6 -259.1
20211118222737  -706.3 -73.6 -259.0
20211118222738  -706.5 -73.9 -259.4
20211118222739  -706.8 -74.0 -259.6
20211118222740  -707.0 -74.2 -259.7
20211118222741  -707.6 -74.4 -259.8
20211118222742  -707.8 -74.3 -259.8
20211118222743  -708.1 -74.7 -259.8
20211118222744  -708.3 -74.6 -259.6
20211118222745  -708.2 -74.5 -259.5
20211118222746  -708.5 -74.8 -259.7
20211118222747  -707.8 -74.7 -259.1
20211118222748  -707.2 -74.4 -258.4
20211118222749  -706.9 -74.6 -258.4
20211118222750  -706.8 -74.0 -258.8
20211118222751  -707.2 -74.5 -258.7
20211118222752  -707.0 -75.0 -258.7
20211118222753  -706.5 -75.0 -258.2
20211118222754  -705.8 -74.9 -258.0
20211118222755  -705.6 -74.9 -258.0
20211118222756  -705.0 -75.0 -257.8
20211118222757  -704.3 -74.9 -257.5
20211118222758  -704.2 -75.0 -257.7
20211118222759  -703.7 -74.9 -257.6
20211118222800  -703.3 -74.8 -257.8
20211118222801  -702.9 -74.9 -257.8
20211118222802  -702.6 -74.8 -257.7
20211118222803  -702.2 -74.6 -257.9
20211118222804  -702.1 -75.1 -258.1
20211118222805  -701.8 -74.9 -258.1
20211118222806  -701.6 -74.8 -257.8
20211118222807  -701.3 -75.1 -257.7
20211118222808  -701.4 -75.3 -258.0
20211118222809  -701.4 -75.3 -257.9
20211118222810  -701.5 -75.1 -258.3
20211118222811  -701.9 -74.8 -258.2
20211118222812  -701.9 -75.0 -258.3
20211118222813  -702.1 -75.0 -258.5
