20211108224229  -885.4 -49.3 -267.5
20211108224230  -885.1 -49.6 -267.7
20211108224231  -885.4 -50.1 -268.4
20211108224232  -885.5 -50.3 -268.3
20211108224233  -885.9 -50.5 -268.3
20211108224234  -886.0 -50.4 -268.4
20211108224235  -885.8 -50.7 -268.3
20211108224236  -885.6 -50.4 -267.7
20211108224237  -885.7 -50.3 -267.3
20211108224238  -885.2 -50.5 -267.2
20211108224239  -884.8 -50.8 -266.4
20211108224240  -885.1 -51.0 -266.3
20211108224241  -885.5 -51.2 -266.7
20211108224242  -885.2 -51.0 -266.6
20211108224243  -885.0 -50.5 -266.5
20211108224244  -885.1 -50.3 -266.3
20211108224245  -884.6 -49.9 -266.2
20211108224246  -884.4 -49.5 -266.1
20211108224247  -884.4 -48.9 -265.7
20211108224248  -884.3 -48.7 -265.4
20211108224249  -884.2 -48.2 -265.6
20211108224250  -884.1 -47.8 -265.8
20211108224251  -884.3 -48.0 -266.1
20211108224252  -884.6 -48.1 -266.8
20211108224253  -884.5 -48.6 -267.0
20211108224254  -884.2 -49.1 -267.1
20211108224255  -884.0 -49.3 -267.3
20211108224256  -883.6 -49.3 -266.9
20211108224257  -882.9 -49.0 -266.6
20211108224258  -882.5 -48.3 -266.2
20211108224259  -881.8 -47.8 -265.8
20211108224300  -881.1 -47.3 -265.8
20211108224301  -880.7 -46.9 -265.7
20211108224302  -879.6 -46.6 -264.7
20211108224303  -879.1 -46.3 -264.2
20211108224304  -878.9 -46.4 -264.2
20211108224305  -878.7 -46.1 -264.4
20211108224306  -878.3 -45.7 -264.3
20211108224307  -878.8 -45.3 -264.4
20211108224308  -879.2 -44.4 -264.9
20211108224309  -878.8 -43.9 -264.4
20211108224310  -878.9 -43.5 -264.3
20211108224311  -878.6 -43.3 -264.3
20211108224312  -878.3 -43.8 -264.3
20211108224313  -878.1 -43.7 -264.3
20211108224314  -878.0 -43.7 -264.3
20211108224315  -878.2 -43.0 -263.9
20211108224316  -878.2 -42.4 -263.9
20211108224317  -877.9 -41.6 -263.8
20211108224318  -878.0 -40.9 -263.8
20211108224319  -877.9 -40.7 -263.6
20211108224320  -878.1 -40.6 -263.4
20211108224321  -878.5 -41.0 -263.6
20211108224322  -878.8 -41.3 -264.0
20211108224323  -878.7 -41.7 -263.8
20211108224324  -878.9 -41.7 -263.8
20211108224325  -878.6 -41.8 -263.3
20211108224326  -878.6 -41.9 -262.6
20211108224327  -878.5 -42.0 -262.2
20211108224328  -877.8 -41.6 -261.5
20211108224329  -877.6 -41.7 -261.1
20211108224330  -877.2 -41.5 -261.2
20211108224331  -877.1 -41.0 -261.2
20211108224332  -877.0 -40.1 -261.4
20211108224333  -876.6 -40.0 -261.2
20211108224334  -877.3 -40.1 -261.2
20211108224335  -877.6 -40.7 -261.9
20211108224336  -877.5 -40.5 -262.1
20211108224337  -877.6 -40.1 -261.7
20211108224338  -877.4 -39.6 -261.5
20211108224339  -877.6 -39.5 -261.8
20211108224340  -877.8 -39.5 -262.0
20211108224341  -877.6 -39.8 -262.1
20211108224342  -877.7 -39.8 -262.2
20211108224343  -877.7 -39.9 -262.2
20211108224344  -877.7 -39.3 -262.1
20211108224345  -877.3 -39.4 -262.1
20211108224346  -877.2 -39.6 -262.1
20211108224347  -877.1 -39.3 -262.1
20211108224348  -877.0 -39.6 -262.7
20211108224349  -877.1 -39.9 -262.8
20211108224350  -877.2 -39.9 -262.5
20211108224351  -877.0 -39.1 -262.4
20211108224352  -877.3 -38.9 -261.8
20211108224353  -877.2 -38.9 -261.3
20211108224354  -876.1 -39.1 -260.7
20211108224355  -875.8 -39.1 -259.8
20211108224356  -875.5 -38.9 -259.6
20211108224357  -875.0 -38.3 -258.7
20211108224358  -874.8 -37.8 -259.2
20211108224359  -874.5 -37.6 -258.9
20211108224400  -874.8 -37.1 -258.8
20211108224401  -875.5 -37.2 -259.4
20211108224402  -876.0 -37.1 -259.5
20211108224403  -876.2 -36.7 -259.7
20211108224404  -876.8 -35.8 -259.9
20211108224405  -877.1 -34.5 -260.0
20211108224406  -877.3 -33.2 -259.9
20211108224407  -877.6 -31.8 -260.1
20211108224408  -877.9 -30.5 -260.3
20211108224409  -877.9 -30.0 -260.1
20211108224410  -877.8 -29.4 -260.0
20211108224411  -877.8 -28.9 -260.0
20211108224412  -877.9 -28.8 -260.3
20211108224413  -877.7 -28.4 -260.0
20211108224414  -877.2 -28.3 -259.7
20211108224415  -877.0 -28.2 -259.6
20211108224416  -876.9 -27.6 -259.4
20211108224417  -876.5 -27.5 -259.2
20211108224418  -876.2 -26.5 -259.2
20211108224419  -876.3 -26.2 -259.6
20211108224420  -875.7 -25.9 -260.2
20211108224421  -875.4 -25.6 -260.3
20211108224422  -874.8 -24.8 -259.9
20211108224423  -874.8 -24.3 -259.7
20211108224424  -874.6 -24.1 -259.6
20211108224425  -874.3 -23.8 -259.9
20211108224426  -874.5 -23.7 -260.1
20211108224427  -874.3 -23.7 -260.7
20211108224428  -875.2 -24.5 -261.3
20211108224429  -875.5 -24.7 -261.6
20211108224430  -875.7 -24.9 -261.7
20211108224431  -875.6 -25.1 -261.7
20211108224432  -875.9 -25.4 -261.4
20211108224433  -875.9 -25.6 -261.1
20211108224434  -876.2 -26.4 -261.0
20211108224435  -876.6 -26.5 -260.6
20211108224436  -876.7 -26.5 -260.5
20211108224437  -876.7 -26.4 -260.5
20211108224438  -876.8 -26.3 -260.3
20211108224439  -876.9 -26.3 -260.2
20211108224440  -876.5 -26.0 -259.9
20211108224441  -876.8 -25.6 -259.8
20211108224442  -876.9 -25.5 -259.6
20211108224443  -877.0 -25.3 -259.7
20211108224444  -877.2 -25.4 -259.6
20211108224445  -877.4 -25.6 -259.3
20211108224446  -877.5 -25.6 -259.1
20211108224447  -877.1 -26.0 -258.8
20211108224448  -876.8 -25.1 -257.6
20211108224449  -876.8 -25.0 -257.1
20211108224450  -876.4 -24.9 -256.5
20211108224451  -876.6 -24.6 -256.6
20211108224452  -876.4 -24.6 -256.4
20211108224453  -876.4 -25.2 -256.3
20211108224454  -876.7 -25.2 -256.5
20211108224455  -877.3 -25.6 -257.2
20211108224456  -877.8 -25.8 -256.9
20211108224457  -877.6 -26.3 -257.0
20211108224458  -877.9 -26.8 -257.3
20211108224459  -877.7 -27.0 -257.3
20211108224500  -877.5 -26.9 -257.0
20211108224501  -877.3 -26.6 -257.1
20211108224502  -877.3 -26.5 -257.1
20211108224503  -877.0 -26.3 -257.0
20211108224504  -877.1 -26.2 -257.3
20211108224505  -877.4 -26.1 -257.6
20211108224506  -877.1 -25.6 -257.8
20211108224507  -877.0 -25.5 -257.9
20211108224508  -876.7 -25.2 -257.5
20211108224509  -876.4 -25.3 -257.5
20211108224510  -876.2 -25.0 -257.6
20211108224511  -875.9 -24.7 -257.4
20211108224512  -875.9 -24.8 -257.6
20211108224513  -875.5 -25.3 -257.9
20211108224514  -874.9 -25.7 -257.6
20211108224515  -874.5 -25.5 -257.4
20211108224516  -874.1 -25.3 -257.1
20211108224517  -873.7 -25.5 -256.4
20211108224518  -873.2 -25.2 -255.6
20211108224519  -872.9 -25.0 -255.5
20211108224520  -872.6 -24.8 -255.4
20211108224521  -872.9 -24.5 -255.7
20211108224522  -873.3 -24.6 -256.5
20211108224523  -873.3 -24.6 -256.0
20211108224524  -873.1 -24.8 -255.7
20211108224525  -873.0 -24.6 -255.6
20211108224526  -872.3 -24.6 -255.5
20211108224527  -872.2 -24.3 -255.7
20211108224528  -871.6 -24.2 -255.9
20211108224529  -871.0 -24.8 -256.4
20211108224530  -870.7 -25.4 -256.4
20211108224531  -870.2 -26.1 -256.6
20211108224532  -870.2 -26.7 -256.9
20211108224533  -869.9 -28.0 -257.3
20211108224534  -870.2 -28.7 -257.3
20211108224535  -870.0 -29.7 -257.0
20211108224536  -869.7 -30.1 -256.8
20211108224537  -869.7 -30.7 -256.7
20211108224538  -869.4 -31.1 -256.9
20211108224539  -869.2 -32.0 -256.9
20211108224540  -869.3 -33.1 -257.4
20211108224541  -868.5 -33.6 -257.1
20211108224542  -868.1 -34.0 -257.0
20211108224543  -868.1 -34.3 -256.8
20211108224544  -867.8 -33.8 -256.6
20211108224545  -867.4 -33.5 -256.5
20211108224546  -867.1 -33.5 -256.3
20211108224547  -867.1 -32.9 -255.9
20211108224548  -868.0 -33.2 -256.5
20211108224549  -867.9 -32.6 -256.3
20211108224550  -867.7 -32.6 -256.3
20211108224551  -867.7 -32.4 -256.5
20211108224552  -867.5 -32.0 -256.6
20211108224553  -867.2 -31.3 -256.8
20211108224554  -867.1 -30.7 -256.9
20211108224555  -866.8 -30.0 -257.2
20211108224556  -866.7 -29.9 -257.1
20211108224557  -866.3 -30.0 -257.5
20211108224558  -866.2 -30.4 -258.1
20211108224559  -865.7 -30.9 -257.9
20211108224600  -865.6 -31.2 -258.0
20211108224601  -865.3 -31.4 -258.4
20211108224602  -865.1 -31.4 -258.7
20211108224603  -865.1 -31.5 -259.0
20211108224604  -865.1 -31.5 -259.4
20211108224605  -865.0 -31.5 -259.8
20211108224606  -864.9 -31.7 -260.3
20211108224607  -864.6 -32.1 -260.0
20211108224608  -864.1 -32.1 -259.9
20211108224609  -863.7 -31.9 -259.6
20211108224610  -863.4 -31.4 -259.0
20211108224611  -862.7 -31.2 -258.3
20211108224612  -862.1 -31.1 -258.1
20211108224613  -861.9 -30.7 -258.1
20211108224614  -862.1 -31.1 -258.9
20211108224615  -862.7 -31.6 -259.7
