0823  -827.4 -15.9 -256.3
20211031000824  -827.5 -15.7 -256.6
20211031000825  -827.5 -16.2 -256.4
20211031000826  -827.1 -16.2 -256.2
20211031000827  -826.8 -16.2 -256.2
20211031000828  -826.7 -16.0 -256.2
20211031000829  -826.2 -15.8 -256.0
20211031000830  -826.2 -15.6 -256.0
20211031000831  -825.9 -15.2 -255.7
20211031000832  -825.4 -14.8 -255.3
20211031000833  -825.6 -14.4 -255.1
20211031000834  -826.1 -14.5 -255.4
20211031000835  -826.2 -15.0 -255.5
20211031000836  -826.1 -15.1 -255.8
20211031000837  -826.2 -15.5 -256.6
20211031000838  -826.1 -16.2 -256.7
20211031000839  -826.5 -16.9 -257.1
20211031000840  -826.3 -17.1 -257.4
20211031000841  -826.5 -17.0 -257.9
20211031000842  -826.3 -16.5 -257.3
20211031000843  -826.9 -15.7 -257.5
20211031000844  -827.2 -14.5 -257.6
20211031000845  -827.3 -13.0 -257.7
20211031000846  -827.3 -11.4 -257.9
20211031000847  -827.2 -10.2 -257.6
20211031000848  -827.4 -10.1 -257.6
20211031000849  -827.2 -9.9 -257.2
20211031000850  -826.9 -10.3 -257.1
20211031000851  -826.7 -11.1 -257.6
20211031000852  -826.7 -11.9 -257.9
20211031000853  -827.3 -13.1 -258.7
20211031000854  -827.3 -14.3 -258.9
20211031000855  -827.6 -15.0 -259.6
20211031000856  -828.1 -15.8 -259.8
20211031000857  -828.0 -16.4 -259.9
20211031000858  -828.1 -17.0 -259.4
20211031000859  -827.8 -17.2 -259.1
20211031000900  -827.4 -17.5 -259.4
20211031000901  -826.9 -17.7 -258.9
20211031000902  -826.3 -17.7 -258.3
20211031000903  -826.1 -17.9 -258.0
20211031000904  -825.9 -17.9 -258.1
20211031000905  -825.9 -17.5 -258.6
20211031000906  -825.9 -16.9 -258.9
20211031000907  -825.9 -16.4 -259.3
20211031000908  -826.0 -16.6 -259.3
20211031000909  -826.4 -16.3 -259.6
20211031000910  -826.7 -16.6 -259.8
20211031000911  -826.9 -16.9 -259.8
20211031000912  -825.9 -16.5 -259.4
20211031000913  -826.7 -16.0 -259.2
20211031000914  -826.9 -15.6 -259.0
20211031000915  -827.0 -15.1 -258.7
20211031000916  -826.8 -14.5 -258.8
20211031000917  -827.1 -14.0 -258.8
20211031000918  -827.4 -13.0 -259.0
20211031000919  -827.9 -12.6 -258.9
20211031000920  -827.9 -12.6 -258.4
20211031000921  -827.8 -12.8 -258.4
20211031000922  -827.9 -13.4 -258.7
20211031000923  -828.0 -14.1 -259.2
20211031000924  -827.8 -15.0 -259.3
20211031000925  -827.7 -15.7 -259.6
20211031000926  -827.8 -16.1 -260.0
20211031000927  -828.0 -16.8 -260.2
20211031000928  -828.6 -16.9 -260.2
20211031000929  -829.0 -17.0 -260.4
20211031000930  -829.4 -16.8 -260.6
20211031000931  -829.5 -16.2 -260.7
20211031000932  -829.4 -16.1 -259.7
20211031000933  -829.7 -15.5 -259.1
20211031000934  -829.7 -15.2 -258.0
20211031000935  -830.0 -15.3 -257.5
20211031000936  -829.5 -15.6 -257.0
20211031000937  -829.4 -15.8 -257.0
20211031000938  -829.5 -16.4 -257.3
20211031000939  -829.6 -16.6 -257.1
20211031000940  -829.3 -16.4 -257.4
20211031000941  -829.5 -16.3 -257.6
20211031000942  -828.8 -16.3 -257.5
20211031000943  -829.1 -16.1 -257.4
20211031000944  -829.5 -16.2 -257.8
20211031000945  -829.5 -16.2 -257.7
20211031000946  -829.5 -16.1 -257.9
20211031000947  -829.6 -15.6 -257.9
20211031000948  -829.7 -15.2 -257.6
20211031000949  -829.1 -14.7 -257.6
20211031000950  -829.1 -14.6 -257.4
20211031000951  -829.2 -14.2 -257.2
20211031000952  -829.4 -14.3 -257.5
20211031000953  -829.3 -14.4 -257.6
20211031000954  -829.2 -14.1 -257.6
20211031000955  -829.7 -14.4 -258.2
20211031000956  -829.8 -14.5 -258.2
20211031000957  -830.1 -14.9 -258.2
20211031000958  -830.4 -15.3 -258.0
20211031000959  -830.7 -15.6 -258.1
20211031001000  -831.1 -15.5 -258.2
20211031001001  -831.4 -15.3 -258.4
20211031001002  -831.9 -15.5 -258.2
20211031001003  -832.1 -15.3 -258.0
20211031001004  -832.3 -15.4 -258.0
20211031001005  -832.2 -15.5 -258.0
20211031001006  -832.0 -15.8 -257.6
20211031001007  -832.0 -16.0 -257.5
20211031001008  -831.7 -16.2 -257.6
20211031001009  -831.2 -16.0 -257.6
20211031001010  -831.3 -15.9 -258.0
20211031001011  -831.5 -16.0 -258.0
20211031001012  -831.2 -16.2 -258.2
20211031001013  -831.3 -15.6 -257.9
20211031001014  -832.1 -15.3 -258.5
20211031001015  -832.4 -15.4 -259.0
20211031001016  -832.5 -14.9 -259.0
20211031001017  -832.4 -14.4 -259.2
20211031001018  -832.6 -13.5 -259.3
20211031001019  -832.7 -12.7 -259.2
20211031001020  -833.0 -12.3 -259.3
20211031001021  -833.4 -11.5 -259.1
20211031001022  -833.2 -11.2 -258.5
20211031001023  -833.5 -10.5 -257.8
20211031001024  -833.1 -10.3 -257.9
20211031001025  -833.4 -10.7 -257.7
20211031001026  -833.4 -11.3 -257.8
20211031001027  -833.8 -12.1 -257.8
20211031001028  -834.0 -12.6 -257.8
20211031001029  -834.0 -13.6 -257.9
20211031001030  -834.5 -14.1 -257.8
20211031001031  -834.9 -14.3 -257.7
20211031001032  -834.6 -14.2 -257.7
20211031001033  -834.2 -14.4 -257.5
20211031001034  -834.1 -14.7 -257.2
20211031001035  -833.7 -15.1 -257.2
20211031001036  -833.5 -15.3 -257.8
20211031001037  -833.4 -15.5 -258.5
20211031001038  -833.3 -16.0 -259.3
20211031001039  -833.4 -16.3 -259.3
20211031001040  -833.3 -17.2 -259.4
20211031001041  -833.2 -17.3 -259.5
20211031001042  -832.6 -17.6 -259.3
20211031001043  -832.5 -17.5 -259.0
20211031001044  -832.7 -17.4 -258.8
20211031001045  -833.5 -17.6 -259.3
20211031001046  -833.5 -16.9 -259.5
20211031001047  -833.9 -16.6 -259.6
20211031001048  -834.2 -16.0 -259.8
20211031001049  -834.4 -15.1 -259.9
20211031001050  -834.5 -14.2 -259.7
20211031001051  -834.5 -13.3 -259.6
20211031001052  -835.1 -12.7 -259.5
20211031001053  -835.3 -11.6 -259.7
20211031001054  -835.3 -11.4 -259.2
20211031001055  -835.2 -11.2 -259.0
20211031001056  -835.4 -11.4 -258.6
20211031001057  -835.6 -11.0 -258.5
20211031001058  -835.6 -10.9 -258.7
20211031001059  -835.5 -11.1 -258.7
20211031001100  -835.6 -11.7 -259.2
20211031001101  -835.6 -12.5 -260.1
20211031001102  -836.2 -12.5 -260.6
20211031001103  -836.2 -12.6 -261.3
20211031001104  -836.0 -13.1 -261.4
20211031001105  -836.0 -13.4 -261.5
20211031001106  -836.1 -13.5 -261.5
20211031001107  -836.2 -13.4 -261.6
20211031001108  -836.1 -13.0 -261.0
20211031001109  -835.8 -13.3 -260.9
20211031001110  -835.8 -13.4 -261.2
20211031001111  -836.2 -14.0 -261.3
20211031001112  -835.6 -14.4 -260.9
20211031001113  -835.4 -14.6 -260.5
20211031001114  -835.6 -14.5 -260.3
20211031001115  -836.5 -13.8 -260.4
20211031001116  -836.7 -12.6 -260.1
20211031001117  -837.0 -10.8 -259.1
20211031001118  -837.0 -9.5 -258.7
20211031001119  -836.8 -8.7 -258.2
20211031001120  -836.6 -8.3 -258.3
20211031001121  -836.3 -8.4 -258.8
20211031001122  -836.0 -8.8 -259.2
20211031001123  -835.7 -9.5 -259.4
20211031001124  -835.5 -9.7 -259.4
20211031001125  -835.1 -10.4 -259.3
20211031001126  -835.1 -10.5 -259.0
20211031001127  -834.6 -10.9 -259.2
20211031001128  -834.3 -11.3 -259.3
20211031001129  -834.3 -11.6 -259.7
20211031001130  -834.3 -12.1 -259.9
20211031001131  -834.1 -12.0 -259.8
20211031001132  -834.1 -12.4 -259.9
20211031001133  -834.0 -12.6 -259.9
20211031001134  -834.4 -13.0 -260.0
20211031001135  -834.8 -12.7 -260.1
20211031001136  -835.2 -11.9 -260.0
20211031001137  -835.9 -11.1 -259.8
20211031001138  -836.2 -10.4 -260.1
20211031001139  -837.0 -10.2 -260.4
20211031001140  -836.8 -9.2 -260.8
20211031001141  -837.3 -8.7 -261.2
20211031001142  -836.5 -8.6 -261.5
20211031001143  -835.6 -8.3 -260.9
20211031001144  -835.6 -8.1 -261.0
20211031001145  -835.4 -8.2 -260.5
20211031001146  -834.7 -8.7 -260.1
20211031001147  -833.9 -9.0 -259.4
20211031001148  -833.3 -9.1 -259.1
20211031001149  -832.6 -9.9 -258.9
20211031001150  -832.1 -10.2 -258.8
20211031001151  -831.7 -10.8 -258.6
20211031001152  -831.5 -11.4 -259.1
20211031001153  -831.6 -11.6 -259.7
20211031001154  -832.2 -11.8 -260.0
20211031001155  -832.3 -11.4 -260.3
20211031001156  -832.5 -11.0 -260.6
20211031001157  -833.2 -10.8 -261.0
20211031001158  -833.2 -9.9 -261.4
20211031001159  -833.3 -9.1 -261.3
20211031001200  -833.1 -8.5 -261.6
20211031001201  -833.2 -8.4 -261.8
20211031001202  -832.6 -8.0 -262.2
20211031001203  -832.4 -8.5 -262.3
20211031001204  -832.2 -8.7 -262.9
20211031001205  -832.0 -9.5 -263.1
20211031001206  -832.0 -10.0 -263.3
20211031001207  -832.0 -10.1 -263.6
20211031001208  -832.0 -10.9 -264.0
20211031001209  -832.0 -11.1 -264.4
20211031001210  -831.7 -11.1 -264.3
20211031001211  -831.6 -11.5 -264.1
20211031001212  -831.4 -11.8 -263.4
