20211110155638  -672.0 -89.5 -183.7
20211110155639  -671.8 -89.5 -183.8
20211110155640  -671.9 -89.6 -183.7
20211110155641  -671.7 -89.5 -183.7
20211110155642  -671.8 -89.6 -183.8
20211110155643  -671.9 -89.4 -183.7
20211110155644  -672.2 -89.4 -183.6
20211110155645  -672.1 -89.5 -183.8
20211110155646  -672.2 -89.4 -183.7
20211110155647  -672.1 -89.6 -184.1
20211110155648  -672.0 -89.3 -183.7
20211110155649  -672.1 -89.3 -183.7
20211110155650  -672.2 -89.6 -183.6
20211110155651  -672.1 -89.3 -183.7
20211110155652  -672.2 -89.4 -183.3
20211110155653  -672.0 -89.5 -183.5
20211110155654  -672.2 -89.5 -183.5
20211110155655  -672.4 -89.4 -183.5
20211110155656  -672.2 -89.8 -183.7
20211110155657  -672.3 -89.6 -183.8
20211110155658  -672.1 -89.6 -183.6
20211110155659  -671.9 -89.8 -183.6
20211110155700  -671.8 -89.4 -183.1
20211110155701  -671.7 -89.2 -183.1
20211110155702  -672.5 -89.4 -183.4
20211110155703  -672.4 -89.4 -183.6
20211110155704  -672.2 -89.3 -183.6
20211110155705  -672.2 -89.7 -183.6
20211110155706  -672.1 -89.4 -183.5
20211110155707  -672.2 -89.2 -183.8
20211110155708  -672.1 -89.4 -183.7
20211110155709  -672.2 -89.3 -183.7
20211110155710  -671.9 -89.1 -183.6
20211110155711  -671.7 -89.3 -183.5
20211110155712  -671.6 -89.4 -183.7
20211110155713  -671.7 -89.3 -183.6
20211110155714  -671.9 -89.3 -183.7
20211110155715  -671.7 -89.3 -183.8
20211110155716  -671.9 -89.3 -183.9
20211110155717  -671.8 -89.2 -183.8
20211110155718  -672.1 -89.2 -183.9
20211110155719  -672.3 -89.4 -183.8
20211110155720  -672.2 -89.3 -183.8
20211110155721  -672.1 -89.2 -183.6
20211110155722  -672.3 -89.3 -183.9
20211110155723  -672.4 -89.4 -183.9
20211110155724  -672.3 -89.3 -184.0
20211110155725  -672.3 -89.7 -183.8
20211110155726  -672.4 -89.4 -183.7
20211110155727  -672.5 -89.5 -184.0
20211110155728  -672.3 -89.5 -183.8
20211110155729  -671.8 -89.7 -183.5
20211110155730  -671.8 -89.7 -183.2
20211110155731  -672.0 -89.8 -183.2
20211110155732  -672.6 -89.8 -183.6
20211110155733  -672.7 -89.9 -183.3
20211110155734  -672.7 -89.7 -183.5
20211110155735  -672.8 -89.8 -183.6
20211110155736  -672.7 -89.6 -183.6
20211110155737  -672.9 -89.6 -183.5
20211110155738  -672.6 -89.8 -183.5
20211110155739  -672.6 -89.8 -183.6
20211110155740  -673.0 -89.8 -183.9
20211110155741  -672.7 -89.8 -183.7
20211110155742  -672.9 -89.6 -183.6
20211110155743  -672.8 -89.7 -183.7
20211110155744  -672.9 -89.7 -183.8
20211110155745  -672.8 -89.6 -183.9
20211110155746  -672.7 -89.6 -183.7
20211110155747  -672.9 -89.3 -183.8
20211110155748  -673.0 -89.4 -183.8
20211110155749  -673.0 -89.6 -183.9
20211110155750  -673.1 -89.3 -183.8
20211110155751  -673.1 -89.4 -183.6
20211110155752  -673.2 -89.3 -183.6
20211110155753  -673.3 -89.3 -183.8
20211110155754  -672.8 -89.3 -183.8
20211110155755  -673.1 -89.1 -183.7
20211110155756  -672.9 -89.6 -183.7
20211110155757  -672.8 -89.5 -183.8
20211110155758  -673.1 -89.3 -183.7
20211110155759  -672.5 -89.2 -183.4
20211110155800  -671.8 -89.1 -182.7
20211110155801  -671.6 -89.1 -182.7
20211110155802  -672.3 -89.1 -183.3
20211110155803  -672.4 -89.4 -183.6
20211110155804  -672.4 -89.3 -183.6
20211110155805  -672.5 -89.4 -183.6
20211110155806  -672.5 -89.5 -183.5
20211110155807  -672.3 -89.2 -183.5
20211110155808  -672.3 -89.4 -183.3
20211110155809  -672.5 -89.3 -183.8
20211110155810  -672.9 -89.3 -183.7
20211110155811  -672.5 -89.7 -183.8
20211110155812  -672.5 -89.5 -183.8
20211110155813  -672.6 -89.4 -183.6
20211110155814  -672.6 -89.5 -183.7
20211110155815  -672.8 -89.6 -183.5
20211110155816  -672.7 -89.3 -183.6
20211110155817  -672.7 -89.5 -183.6
20211110155818  -672.7 -89.7 -183.7
20211110155819  -672.7 -89.7 -183.4
20211110155820  -673.0 -89.9 -183.3
20211110155821  -673.1 -89.6 -183.4
20211110155822  -673.3 -89.8 -183.7
20211110155823  -673.0 -89.7 -183.7
20211110155824  -672.9 -89.7 -183.5
20211110155825  -672.8 -89.8 -183.5
20211110155826  -673.2 -89.5 -183.6
20211110155827  -673.3 -89.7 -183.8
20211110155828  -673.0 -89.9 -183.6
20211110155829  -672.9 -89.8 -183.4
20211110155830  -672.7 -89.6 -182.7
20211110155831  -672.3 -89.4 -182.5
20211110155832  -672.6 -89.6 -182.9
20211110155833  -672.9 -89.4 -182.9
20211110155834  -673.1 -89.6 -183.1
20211110155835  -673.0 -89.7 -183.1
20211110155836  -672.9 -89.9 -183.0
20211110155837  -673.0 -89.7 -183.1
20211110155838  -672.8 -89.6 -183.1
20211110155839  -672.8 -89.3 -183.2
20211110155840  -672.9 -89.5 -183.3
20211110155841  -672.7 -89.3 -183.4
20211110155842  -672.8 -89.4 -183.4
20211110155843  -672.8 -89.5 -183.4
20211110155844  -672.7 -89.3 -183.2
20211110155845  -672.5 -89.2 -183.3
20211110155846  -672.4 -89.3 -183.2
20211110155847  -672.5 -89.4 -183.0
20211110155848  -672.4 -89.3 -183.4
20211110155849  -672.7 -89.2 -183.2
20211110155850  -672.6 -89.5 -183.2
20211110155851  -672.5 -89.6 -183.1
20211110155852  -672.6 -89.5 -183.1
20211110155853  -672.6 -89.2 -183.0
20211110155854  -672.7 -89.3 -183.1
20211110155855  -673.0 -89.4 -183.0
20211110155856  -672.7 -89.6 -183.4
20211110155857  -672.7 -89.5 -183.3
20211110155858  -672.7 -89.5 -183.3
20211110155859  -672.5 -89.5 -183.3
20211110155900  -672.0 -89.6 -182.9
20211110155901  -671.6 -89.4 -182.4
20211110155902  -671.7 -89.2 -182.9
20211110155903  -672.1 -89.4 -183.2
20211110155904  -672.3 -89.5 -183.1
20211110155905  -672.5 -89.2 -182.9
20211110155906  -672.5 -89.0 -182.9
20211110155907  -672.5 -89.2 -183.0
20211110155908  -672.3 -89.3 -183.2
20211110155909  -672.1 -89.2 -182.8
20211110155910  -672.3 -89.2 -182.8
20211110155911  -672.4 -89.1 -182.9
20211110155912  -672.2 -89.1 -183.0
20211110155913  -672.3 -89.1 -182.6
20211110155914  -672.5 -89.2 -182.9
20211110155915  -672.6 -89.1 -183.0
20211110155916  -672.4 -89.0 -183.0
20211110155917  -672.4 -89.1 -182.9
20211110155918  -672.4 -89.2 -183.2
20211110155919  -672.4 -89.3 -182.9
20211110155920  -672.2 -89.3 -183.2
20211110155921  -672.1 -89.0 -183.2
20211110155922  -672.0 -88.9 -183.1
20211110155923  -671.8 -89.0 -183.0
20211110155924  -672.0 -89.1 -183.2
20211110155925  -672.1 -89.2 -183.0
20211110155926  -672.0 -88.9 -183.2
20211110155927  -672.0 -88.7 -183.1
20211110155928  -672.0 -88.9 -183.1
20211110155929  -672.1 -89.2 -183.0
20211110155930  -671.2 -89.3 -182.3
20211110155931  -671.0 -89.0 -182.2
20211110155932  -670.6 -89.0 -182.1
20211110155933  -671.2 -88.5 -183.0
20211110155934  -671.6 -88.8 -182.9
20211110155935  -671.9 -88.7 -182.9
20211110155936  -671.7 -88.9 -182.9
20211110155937  -671.7 -88.9 -183.1
20211110155938  -671.8 -89.3 -183.0
20211110155939  -672.1 -89.2 -183.3
20211110155940  -672.1 -89.3 -183.0
20211110155941  -672.1 -89.4 -183.3
20211110155942  -672.0 -89.4 -183.3
20211110155943  -672.0 -89.2 -183.1
20211110155944  -671.8 -89.3 -183.2
20211110155945  -671.9 -89.3 -183.1
20211110155946  -671.6 -89.3 -183.0
20211110155947  -672.0 -89.4 -183.0
20211110155948  -671.7 -89.2 -183.1
20211110155949  -671.6 -89.3 -183.2
20211110155950  -671.7 -89.2 -183.3
20211110155951  -671.5 -89.2 -183.2
20211110155952  -671.8 -89.1 -183.0
20211110155953  -671.6 -88.9 -183.5
20211110155954  -671.5 -88.9 -183.4
20211110155955  -671.5 -89.1 -183.5
20211110155956  -671.7 -89.3 -183.4
20211110155957  -671.7 -89.4 -183.3
20211110155958  -671.6 -89.1 -183.2
20211110155959  -671.5 -88.9 -183.5
20211110160000  -670.7 -89.0 -183.2
20211110160001  -670.4 -88.9 -182.5
20211110160002  -670.2 -88.7 -182.3
20211110160003  -671.1 -88.7 -182.9
20211110160004  -671.0 -88.8 -183.0
20211110160005  -671.2 -88.9 -183.0
20211110160006  -671.2 -89.1 -183.1
20211110160007  -671.5 -89.0 -183.1
20211110160008  -671.0 -88.7 -183.2
20211110160009  -671.3 -88.6 -183.2
20211110160010  -671.4 -88.8 -183.4
20211110160011  -671.1 -88.7 -183.1
20211110160012  -671.1 -88.4 -183.0
20211110160013  -671.1 -88.6 -183.2
20211110160014  -671.1 -88.5 -183.1
20211110160015  -671.1 -88.4 -183.2
20211110160016  -671.1 -88.1 -183.4
20211110160017  -671.2 -88.5 -183.2
20211110160018  -671.3 -88.4 -182.9
20211110160019  -671.1 -88.5 -183.0
20211110160020  -671.0 -88.3 -183.1
20211110160021  -671.0 -88.5 -183.3
