20211030212644  -702.1 -88.8 -190.6
20211030212645  -702.0 -88.8 -190.7
20211030212646  -702.3 -89.0 -190.4
20211030212647  -702.3 -88.8 -190.4
20211030212648  -702.2 -88.9 -190.1
20211030212649  -702.3 -88.7 -190.3
20211030212650  -702.4 -88.7 -190.1
20211030212651  -702.4 -88.7 -190.1
20211030212652  -702.3 -88.7 -190.4
20211030212653  -702.3 -88.8 -190.5
20211030212654  -702.3 -88.7 -190.1
20211030212655  -702.5 -88.6 -190.3
20211030212656  -702.4 -88.5 -190.3
20211030212657  -702.4 -88.5 -190.0
20211030212658  -702.6 -88.7 -190.2
20211030212659  -702.7 -88.4 -190.0
20211030212700  -702.7 -88.7 -189.7
20211030212701  -703.1 -88.6 -189.5
20211030212702  -702.8 -88.5 -189.8
20211030212703  -703.0 -88.4 -189.5
20211030212704  -703.0 -88.7 -189.6
20211030212705  -703.1 -88.3 -189.7
20211030212706  -703.1 -88.6 -189.6
20211030212707  -703.3 -88.5 -189.7
20211030212708  -703.2 -88.6 -189.2
20211030212709  -703.0 -88.5 -188.7
20211030212710  -703.4 -88.4 -189.3
20211030212711  -703.2 -88.4 -189.1
20211030212712  -703.3 -88.5 -188.9
20211030212713  -703.3 -88.7 -188.9
20211030212714  -703.5 -88.5 -188.6
20211030212715  -703.2 -88.6 -188.8
20211030212716  -703.6 -88.2 -189.0
20211030212717  -703.7 -88.3 -188.9
20211030212718  -703.8 -88.2 -188.5
20211030212719  -703.5 -88.2 -188.5
20211030212720  -703.4 -88.1 -188.2
20211030212721  -703.4 -88.3 -188.4
20211030212722  -703.2 -88.3 -188.3
20211030212723  -703.3 -88.1 -188.3
20211030212724  -703.2 -88.0 -188.3
20211030212725  -703.2 -87.6 -188.3
20211030212726  -703.4 -87.3 -188.1
20211030212727  -703.4 -87.6 -188.0
20211030212728  -703.4 -87.5 -188.0
20211030212729  -703.4 -87.3 -187.9
20211030212730  -703.3 -87.1 -187.9
20211030212731  -703.6 -86.8 -187.7
20211030212732  -703.3 -86.8 -187.6
20211030212733  -703.0 -86.8 -187.4
20211030212734  -703.1 -86.7 -187.4
20211030212735  -703.1 -86.9 -187.4
20211030212736  -702.9 -86.6 -187.2
20211030212737  -702.9 -86.2 -187.6
20211030212738  -702.9 -86.1 -187.2
20211030212739  -702.8 -86.0 -186.8
20211030212740  -702.5 -86.1 -186.8
20211030212741  -702.6 -85.9 -187.1
20211030212742  -702.4 -85.9 -187.0
20211030212743  -702.1 -85.5 -186.5
20211030212744  -702.0 -85.4 -186.5
20211030212745  -701.7 -84.9 -186.5
20211030212746  -701.7 -84.7 -186.7
20211030212747  -701.8 -84.5 -186.5
20211030212748  -701.6 -84.5 -186.9
20211030212749  -701.1 -84.2 -186.5
20211030212750  -701.2 -84.1 -186.4
20211030212751  -700.8 -83.9 -186.3
20211030212752  -700.4 -83.8 -186.3
20211030212753  -700.3 -83.5 -186.2
20211030212754  -700.0 -83.6 -185.9
20211030212755  -699.9 -83.5 -186.0
20211030212756  -699.6 -83.3 -186.0
20211030212757  -699.6 -83.3 -186.0
20211030212758  -699.2 -83.0 -186.1
20211030212759  -699.1 -82.9 -186.2
20211030212800  -699.0 -82.5 -186.1
20211030212801  -699.0 -82.7 -186.1
20211030212802  -698.9 -82.6 -186.1
20211030212803  -698.8 -82.5 -186.1
20211030212804  -698.9 -82.1 -185.7
20211030212805  -698.9 -82.1 -186.0
20211030212806  -699.1 -82.2 -186.0
20211030212807  -698.7 -82.2 -186.0
20211030212808  -698.8 -82.2 -185.7
20211030212809  -698.6 -82.0 -185.9
20211030212810  -697.9 -82.1 -185.4
20211030212811  -697.9 -82.0 -185.6
20211030212812  -697.9 -81.9 -185.3
20211030212813  -697.8 -81.9 -185.3
20211030212814  -697.9 -82.4 -185.4
20211030212815  -697.4 -82.4 -185.2
20211030212816  -697.5 -82.4 -185.2
20211030212817  -697.3 -82.1 -185.3
20211030212818  -697.1 -82.1 -185.2
20211030212819  -696.9 -81.8 -184.9
20211030212820  -696.9 -82.1 -185.2
20211030212821  -696.7 -82.0 -185.3
20211030212822  -696.5 -81.6 -185.1
20211030212823  -696.3 -81.3 -185.1
20211030212824  -696.3 -81.3 -185.1
20211030212825  -696.5 -81.1 -185.1
20211030212826  -696.5 -80.9 -185.2
20211030212827  -696.4 -81.0 -184.8
20211030212828  -696.2 -80.7 -184.8
20211030212829  -695.8 -80.7 -184.5
20211030212830  -695.9 -80.5 -184.5
20211030212831  -695.9 -80.7 -184.8
20211030212832  -695.8 -80.5 -184.2
20211030212833  -695.8 -80.5 -184.4
20211030212834  -695.5 -80.6 -184.2
20211030212835  -695.6 -80.6 -184.3
20211030212836  -695.4 -80.5 -184.4
20211030212837  -695.8 -80.3 -184.3
20211030212838  -695.6 -80.0 -184.1
20211030212839  -695.4 -80.6 -184.0
20211030212840  -695.1 -80.4 -183.8
20211030212841  -695.0 -80.3 -183.7
20211030212842  -694.4 -80.4 -183.8
20211030212843  -694.7 -80.7 -183.8
20211030212844  -694.5 -80.5 -183.6
20211030212845  -694.5 -80.9 -184.1
20211030212846  -694.6 -80.8 -183.9
20211030212847  -694.2 -80.5 -183.6
20211030212848  -694.2 -80.9 -183.2
20211030212849  -694.1 -81.0 -183.2
20211030212850  -694.1 -80.9 -183.2
20211030212851  -693.7 -81.0 -183.0
20211030212852  -693.4 -81.0 -182.8
20211030212853  -693.2 -80.9 -183.0
20211030212854  -693.3 -81.1 -183.0
20211030212855  -692.9 -81.2 -183.0
20211030212856  -693.3 -81.1 -182.8
20211030212857  -692.9 -81.6 -183.0
20211030212858  -693.1 -81.6 -182.6
20211030212859  -692.9 -81.9 -182.6
20211030212900  -692.6 -82.2 -183.2
20211030212901  -692.4 -82.7 -183.0
20211030212902  -692.4 -82.8 -183.1
20211030212903  -692.3 -83.2 -183.1
20211030212904  -692.3 -83.5 -183.1
20211030212905  -692.5 -83.4 -183.2
20211030212906  -692.1 -83.9 -183.1
20211030212907  -692.0 -84.0 -183.2
20211030212908  -692.1 -84.3 -183.2
20211030212909  -692.0 -84.3 -183.1
20211030212910  -691.6 -84.4 -183.2
20211030212911  -691.5 -85.0 -183.1
20211030212912  -691.6 -85.0 -183.0
20211030212913  -691.4 -85.1 -182.8
20211030212914  -691.2 -85.2 -182.7
20211030212915  -691.2 -85.3 -183.2
20211030212916  -690.8 -85.8 -183.2
20211030212917  -690.7 -85.8 -183.2
20211030212918  -690.6 -86.2 -183.4
20211030212919  -690.7 -86.1 -183.4
20211030212920  -690.6 -86.1 -183.2
20211030212921  -690.1 -86.3 -183.3
20211030212922  -690.2 -86.4 -183.3
20211030212923  -690.0 -86.5 -183.3
20211030212924  -689.9 -86.8 -183.8
20211030212925  -689.8 -87.1 -183.6
20211030212926  -689.7 -87.0 -183.6
20211030212927  -689.6 -87.0 -183.6
20211030212928  -689.4 -87.0 -183.5
20211030212929  -689.3 -87.3 -183.6
20211030212930  -689.2 -86.9 -183.5
20211030212931  -689.0 -87.1 -183.5
20211030212932  -689.0 -87.2 -183.6
20211030212933  -689.1 -86.9 -184.0
20211030212934  -688.8 -87.1 -183.7
20211030212935  -688.6 -87.1 -184.2
20211030212936  -688.3 -87.1 -183.8
20211030212937  -688.2 -87.2 -184.1
20211030212938  -688.1 -87.3 -184.2
20211030212939  -688.3 -87.5 -184.1
20211030212940  -687.9 -87.7 -184.0
20211030212941  -687.6 -87.6 -184.0
20211030212942  -687.5 -87.7 -184.2
20211030212943  -687.3 -87.9 -184.4
20211030212944  -687.2 -88.1 -184.4
20211030212945  -687.0 -88.0 -184.4
20211030212946  -687.0 -88.6 -184.8
20211030212947  -686.7 -88.6 -184.9
20211030212948  -686.7 -88.7 -184.9
20211030212949  -686.5 -88.4 -184.7
20211030212950  -686.2 -88.4 -184.7
20211030212951  -686.0 -88.4 -184.8
20211030212952  -685.9 -88.4 -185.2
20211030212953  -685.5 -88.6 -185.1
20211030212954  -685.3 -88.7 -185.0
20211030212955  -685.1 -89.0 -185.2
20211030212956  -684.8 -89.3 -185.3
20211030212957  -684.6 -88.9 -185.1
20211030212958  -684.7 -89.0 -185.2
20211030212959  -684.4 -89.2 -185.6
20211030213000  -684.5 -88.9 -185.5
20211030213001  -684.2 -89.0 -185.6
20211030213002  -684.0 -88.8 -185.3
20211030213003  -683.7 -88.9 -185.3
20211030213004  -683.3 -88.9 -185.4
20211030213005  -683.2 -88.8 -185.7
20211030213006  -682.8 -89.3 -185.6
20211030213007  -682.5 -89.1 -185.7
20211030213008  -682.2 -89.0 -185.5
20211030213009  -682.0 -89.2 -185.7
20211030213010  -681.6 -89.3 -185.8
20211030213011  -681.5 -89.4 -186.0
20211030213012  -680.9 -89.3 -185.6
20211030213013  -680.7 -89.7 -185.7
20211030213014  -680.5 -89.7 -185.9
20211030213015  -679.8 -89.1 -185.6
20211030213016  -679.7 -89.0 -185.9
20211030213017  -679.6 -89.0 -186.0
20211030213018  -679.3 -89.0 -186.1
20211030213019  -679.1 -89.2 -186.1
20211030213020  -679.0 -89.3 -186.3
