20211031070233  -661.2 -74.4 -188.3
20211031070234  -661.0 -75.2 -188.3
20211031070235  -660.8 -75.2 -188.7
20211031070236  -660.5 -75.6 -188.6
20211031070237  -660.3 -76.0 -188.6
20211031070238  -659.6 -76.4 -188.6
20211031070239  -659.4 -76.5 -188.9
20211031070240  -658.9 -76.5 -188.7
20211031070241  -658.8 -76.6 -188.8
20211031070242  -658.8 -76.9 -188.7
20211031070243  -658.8 -76.8 -188.7
20211031070244  -658.5 -76.9 -188.5
20211031070245  -658.7 -76.5 -188.5
20211031070246  -658.5 -76.5 -188.5
20211031070247  -658.2 -76.5 -188.5
20211031070248  -658.2 -76.4 -188.3
20211031070249  -658.1 -76.4 -188.4
20211031070250  -658.2 -76.0 -188.2
20211031070251  -658.2 -76.1 -188.2
20211031070252  -657.8 -76.2 -188.1
20211031070253  -657.7 -75.8 -187.9
20211031070254  -657.2 -75.7 -188.1
20211031070255  -657.4 -75.5 -187.7
20211031070256  -657.1 -75.2 -187.6
20211031070257  -656.4 -74.9 -187.2
20211031070258  -656.0 -74.6 -186.7
20211031070259  -655.9 -74.5 -186.7
20211031070300  -656.3 -74.7 -187.2
20211031070301  -656.3 -74.6 -187.1
20211031070302  -656.3 -74.6 -187.2
20211031070303  -656.3 -74.4 -187.0
20211031070304  -656.0 -74.3 -187.0
20211031070305  -656.1 -74.4 -186.7
20211031070306  -655.9 -74.3 -186.8
20211031070307  -655.9 -74.1 -186.7
20211031070308  -655.8 -74.1 -186.6
20211031070309  -655.7 -74.2 -186.8
20211031070310  -655.7 -74.2 -186.7
20211031070311  -655.6 -74.5 -186.8
20211031070312  -655.8 -74.2 -186.9
20211031070313  -655.8 -74.3 -186.6
20211031070314  -655.7 -74.4 -186.7
20211031070315  -655.5 -74.4 -186.4
20211031070316  -655.3 -74.2 -186.4
20211031070317  -655.5 -74.2 -186.1
20211031070318  -655.3 -74.4 -186.0
20211031070319  -655.1 -74.5 -185.9
20211031070320  -655.5 -74.9 -186.2
20211031070321  -655.5 -74.9 -186.4
20211031070322  -655.3 -75.0 -186.1
20211031070323  -655.1 -74.7 -186.3
20211031070324  -655.4 -74.9 -186.6
20211031070325  -655.6 -75.2 -186.4
20211031070326  -655.3 -75.2 -186.5
20211031070327  -655.0 -75.3 -186.2
20211031070328  -655.2 -75.4 -186.1
20211031070329  -655.7 -75.4 -186.3
20211031070330  -656.1 -75.9 -186.5
20211031070331  -656.4 -76.2 -186.5
20211031070332  -656.3 -76.3 -186.5
20211031070333  -656.5 -76.5 -186.8
20211031070334  -656.6 -76.9 -186.9
20211031070335  -656.3 -76.9 -186.4
20211031070336  -656.6 -77.1 -186.2
20211031070337  -656.5 -77.2 -186.3
20211031070338  -656.8 -77.5 -186.3
20211031070339  -657.1 -77.5 -186.5
20211031070340  -657.2 -77.6 -186.4
20211031070341  -657.8 -78.1 -186.7
20211031070342  -657.5 -78.0 -186.7
20211031070343  -657.6 -77.8 -186.7
20211031070344  -658.3 -78.1 -186.5
20211031070345  -658.4 -77.7 -186.5
20211031070346  -658.6 -77.8 -186.6
20211031070347  -658.8 -78.0 -186.4
20211031070348  -659.1 -78.1 -186.3
20211031070349  -659.1 -77.8 -186.4
20211031070350  -659.4 -78.1 -186.4
20211031070351  -659.8 -77.8 -186.6
20211031070352  -659.6 -77.4 -186.6
20211031070353  -659.8 -77.3 -186.6
20211031070354  -660.1 -77.1 -186.6
20211031070355  -660.0 -77.2 -187.0
20211031070356  -660.5 -77.0 -186.8
20211031070357  -660.3 -77.1 -186.7
20211031070358  -659.9 -76.6 -186.4
20211031070359  -660.6 -76.6 -186.5
20211031070400  -660.8 -76.4 -186.4
20211031070401  -661.1 -76.3 -186.5
20211031070402  -661.0 -76.2 -186.7
20211031070403  -661.0 -76.3 -186.7
20211031070404  -661.1 -76.2 -187.4
20211031070405  -661.2 -76.6 -187.1
20211031070406  -661.4 -76.2 -187.3
20211031070407  -661.4 -76.4 -187.4
20211031070408  -661.7 -76.4 -187.3
20211031070409  -661.3 -76.2 -187.3
20211031070410  -661.6 -76.2 -187.2
20211031070411  -661.8 -76.0 -187.1
20211031070412  -661.6 -75.8 -187.2
20211031070413  -661.5 -75.8 -187.4
20211031070414  -661.9 -75.6 -187.2
20211031070415  -661.9 -75.7 -187.3
20211031070416  -662.0 -75.8 -187.4
20211031070417  -661.8 -75.4 -187.2
20211031070418  -662.0 -75.8 -187.4
20211031070419  -661.8 -75.8 -187.5
20211031070420  -661.8 -75.9 -187.4
20211031070421  -661.8 -76.1 -187.5
20211031070422  -661.5 -75.8 -187.4
20211031070423  -661.5 -76.0 -187.5
20211031070424  -661.5 -76.1 -187.4
20211031070425  -661.5 -76.1 -187.5
20211031070426  -661.5 -76.1 -187.8
20211031070427  -661.1 -76.1 -187.8
20211031070428  -660.3 -76.3 -187.3
20211031070429  -660.5 -76.2 -187.5
20211031070430  -660.6 -76.4 -188.1
20211031070431  -660.5 -76.4 -188.1
20211031070432  -660.2 -76.6 -187.9
20211031070433  -660.3 -76.8 -188.1
20211031070434  -659.9 -76.9 -188.0
20211031070435  -659.8 -77.0 -188.2
20211031070436  -659.7 -77.2 -187.7
20211031070437  -659.5 -77.4 -188.0
20211031070438  -659.7 -77.6 -188.0
20211031070439  -659.5 -77.5 -188.3
20211031070440  -659.5 -77.8 -188.2
20211031070441  -659.6 -78.0 -188.1
20211031070442  -659.4 -78.2 -188.5
20211031070443  -659.4 -78.4 -188.2
20211031070444  -659.6 -78.7 -188.3
20211031070445  -659.4 -79.2 -188.4
20211031070446  -659.8 -79.1 -188.8
20211031070447  -660.2 -79.5 -188.4
20211031070448  -660.0 -79.6 -188.6
20211031070449  -660.4 -79.6 -188.6
20211031070450  -660.6 -79.4 -188.7
20211031070451  -660.7 -79.4 -188.5
20211031070452  -661.1 -79.4 -188.4
20211031070453  -661.3 -79.6 -188.4
20211031070454  -661.1 -79.7 -188.2
20211031070455  -661.3 -79.8 -188.6
20211031070456  -661.7 -79.6 -188.5
20211031070457  -661.7 -79.8 -188.6
20211031070458  -661.4 -79.4 -188.0
20211031070459  -661.5 -79.6 -188.0
20211031070500  -661.8 -79.6 -188.4
20211031070501  -662.2 -79.4 -188.6
20211031070502  -662.2 -79.3 -188.7
20211031070503  -662.1 -79.0 -188.5
20211031070504  -662.3 -78.8 -188.6
20211031070505  -662.2 -79.0 -188.4
20211031070506  -662.0 -78.9 -188.3
20211031070507  -662.1 -79.0 -188.0
20211031070508  -662.0 -78.7 -188.2
20211031070509  -662.0 -78.4 -188.0
20211031070510  -662.3 -78.3 -187.7
20211031070511  -662.1 -78.0 -187.7
20211031070512  -662.4 -77.7 -187.8
20211031070513  -662.5 -77.5 -187.6
20211031070514  -662.4 -77.7 -187.6
20211031070515  -662.5 -77.5 -187.6
20211031070516  -662.4 -77.4 -187.7
20211031070517  -662.6 -77.3 -187.6
20211031070518  -662.7 -77.3 -187.7
20211031070519  -662.7 -77.2 -187.6
20211031070520  -662.7 -77.0 -187.4
20211031070521  -662.8 -76.6 -187.5
20211031070522  -663.0 -76.5 -187.5
20211031070523  -663.0 -76.6 -187.7
20211031070524  -663.3 -76.5 -187.6
20211031070525  -663.4 -76.2 -187.4
20211031070526  -663.8 -76.2 -187.6
20211031070527  -663.3 -76.0 -187.5
20211031070528  -662.9 -75.9 -187.0
20211031070529  -662.7 -75.5 -186.4
20211031070530  -663.0 -75.3 -187.2
20211031070531  -663.1 -75.1 -187.1
20211031070532  -663.0 -75.3 -187.2
20211031070533  -662.8 -75.2 -187.6
20211031070534  -662.9 -75.2 -187.5
20211031070535  -662.9 -75.1 -187.4
20211031070536  -662.8 -75.0 -187.5
20211031070537  -662.5 -74.9 -187.4
20211031070538  -662.7 -75.1 -187.4
20211031070539  -662.3 -75.3 -187.4
20211031070540  -662.4 -75.3 -187.5
20211031070541  -662.2 -75.2 -187.4
20211031070542  -662.0 -75.1 -187.1
20211031070543  -661.7 -75.2 -187.4
20211031070544  -661.2 -75.2 -187.5
20211031070545  -661.1 -75.3 -187.6
20211031070546  -660.6 -75.4 -187.5
20211031070547  -660.6 -75.6 -187.5
20211031070548  -660.4 -75.8 -187.5
20211031070549  -660.4 -75.8 -187.5
20211031070550  -660.1 -75.9 -187.4
20211031070551  -660.1 -75.8 -187.4
20211031070552  -659.8 -76.1 -187.3
20211031070553  -659.4 -76.0 -187.5
20211031070554  -659.1 -76.0 -187.6
20211031070555  -659.3 -76.2 -187.9
20211031070556  -659.3 -76.4 -187.9
20211031070557  -659.0 -76.4 -187.7
20211031070558  -657.9 -76.3 -187.7
20211031070559  -657.2 -76.1 -187.1
20211031070600  -658.0 -76.2 -187.6
20211031070601  -658.3 -76.5 -187.7
20211031070602  -658.2 -76.6 -187.7
20211031070603  -658.0 -76.5 -187.6
20211031070604  -658.1 -76.4 -187.4
20211031070605  -658.1 -76.1 -187.2
20211031070606  -658.0 -75.9 -187.5
20211031070607  -658.2 -76.1 -187.6
20211031070608  -658.3 -76.5 -187.7
20211031070609  -657.9 -76.3 -187.7
20211031070610  -658.2 -76.2 -188.3
20211031070611  -657.9 -76.5 -188.0
20211031070612  -658.3 -76.6 -188.1
20211031070613  -658.1 -76.5 -188.1
20211031070614  -658.0 -76.3 -188.2
