20211116220531  -671.5 -78.8 -193.2
20211116220532  -671.5 -79.1 -193.2
20211116220533  -671.3 -78.9 -193.5
20211116220534  -671.4 -78.8 -193.4
20211116220535  -671.5 -79.0 -193.1
20211116220536  -671.2 -79.2 -193.1
20211116220537  -670.9 -79.0 -192.7
20211116220538  -671.7 -79.0 -193.2
20211116220539  -671.5 -79.4 -193.2
20211116220540  -671.8 -79.2 -193.5
20211116220541  -671.9 -79.3 -193.5
20211116220542  -671.9 -79.2 -193.3
20211116220543  -671.6 -79.1 -193.3
20211116220544  -671.6 -79.2 -193.1
20211116220545  -671.7 -79.3 -193.4
20211116220546  -671.4 -79.4 -193.5
20211116220547  -671.9 -79.4 -193.2
20211116220548  -671.9 -79.4 -193.1
20211116220549  -671.8 -79.7 -193.1
20211116220550  -671.9 -79.3 -193.1
20211116220551  -672.1 -79.2 -193.1
20211116220552  -671.7 -79.2 -193.1
20211116220553  -671.9 -79.2 -193.4
20211116220554  -671.9 -79.1 -193.6
20211116220555  -672.1 -79.2 -193.5
20211116220556  -672.1 -79.4 -193.5
20211116220557  -671.8 -79.3 -193.5
20211116220558  -671.9 -79.7 -193.5
20211116220559  -671.9 -79.6 -193.6
20211116220600  -671.7 -79.5 -193.5
20211116220601  -671.9 -79.5 -193.4
20211116220602  -671.4 -79.8 -193.2
20211116220603  -670.9 -79.6 -192.9
20211116220604  -671.6 -79.2 -193.4
20211116220605  -671.5 -79.3 -193.4
20211116220606  -671.8 -79.4 -193.1
20211116220607  -671.7 -79.4 -193.4
20211116220608  -671.6 -79.5 -193.3
20211116220609  -671.5 -79.7 -193.6
20211116220610  -671.4 -79.7 -193.5
20211116220611  -671.6 -79.5 -193.4
20211116220612  -671.3 -79.7 -193.4
20211116220613  -671.4 -79.7 -193.2
20211116220614  -671.2 -79.4 -193.2
20211116220615  -671.4 -79.0 -193.4
20211116220616  -671.4 -79.4 -193.3
20211116220617  -671.3 -79.2 -193.0
20211116220618  -671.1 -79.1 -193.4
20211116220619  -671.0 -78.9 -193.2
20211116220620  -670.9 -79.1 -193.4
20211116220621  -670.7 -79.3 -193.2
20211116220622  -670.8 -79.0 -193.4
20211116220623  -670.7 -79.3 -193.2
20211116220624  -670.7 -79.1 -193.2
20211116220625  -670.9 -79.0 -193.1
20211116220626  -670.7 -79.1 -193.2
20211116220627  -670.8 -79.1 -193.3
20211116220628  -670.3 -79.2 -193.1
20211116220629  -670.1 -78.8 -192.4
20211116220630  -670.4 -79.1 -192.9
20211116220631  -670.8 -79.2 -193.3
20211116220632  -670.9 -78.9 -193.4
20211116220633  -670.6 -79.0 -193.1
20211116220634  -670.9 -78.9 -193.0
20211116220635  -670.6 -78.7 -193.1
20211116220636  -670.8 -78.5 -193.2
20211116220637  -670.8 -79.0 -192.9
20211116220638  -671.1 -79.0 -193.0
20211116220639  -670.9 -79.1 -192.9
20211116220640  -670.9 -79.3 -193.1
20211116220641  -670.7 -79.1 -192.8
20211116220642  -670.7 -79.2 -193.0
20211116220643  -670.7 -79.2 -192.9
20211116220644  -670.4 -79.3 -192.8
20211116220645  -670.3 -79.2 -192.7
20211116220646  -670.5 -79.2 -193.0
20211116220647  -670.4 -79.3 -193.0
20211116220648  -670.5 -79.2 -193.0
20211116220649  -670.1 -79.1 -193.0
20211116220650  -670.0 -79.1 -192.9
20211116220651  -670.4 -79.1 -192.9
20211116220652  -670.0 -79.3 -192.6
20211116220653  -670.0 -79.1 -192.5
20211116220654  -669.9 -79.2 -192.1
20211116220655  -669.0 -79.2 -191.8
20211116220656  -670.0 -79.2 -192.1
20211116220657  -670.0 -79.2 -192.6
20211116220658  -670.1 -79.0 -192.5
20211116220659  -669.8 -79.1 -192.3
20211116220700  -670.1 -79.3 -192.3
20211116220701  -670.3 -79.2 -192.2
20211116220702  -670.0 -79.1 -192.5
20211116220703  -670.4 -79.0 -192.5
20211116220704  -670.3 -79.0 -192.3
20211116220705  -670.3 -79.1 -192.5
20211116220706  -670.3 -79.1 -192.3
20211116220707  -670.2 -79.0 -192.3
20211116220708  -670.4 -79.1 -192.3
20211116220709  -670.3 -79.3 -192.3
20211116220710  -670.3 -79.2 -192.4
20211116220711  -670.6 -78.8 -192.3
20211116220712  -670.5 -79.0 -192.4
20211116220713  -670.4 -78.9 -192.5
20211116220714  -670.8 -79.2 -192.7
20211116220715  -670.6 -79.1 -193.0
20211116220716  -670.4 -79.1 -192.9
20211116220717  -670.4 -79.0 -192.8
20211116220718  -670.2 -79.1 -192.6
20211116220719  -670.2 -79.1 -192.5
20211116220720  -670.0 -79.4 -192.5
20211116220721  -669.4 -78.9 -191.8
20211116220722  -669.1 -78.6 -191.6
20211116220723  -668.9 -78.6 -191.5
20211116220724  -668.5 -78.5 -191.2
20211116220725  -669.0 -78.6 -191.6
20211116220726  -669.7 -78.8 -192.2
20211116220727  -669.8 -79.1 -192.2
20211116220728  -669.8 -79.0 -192.0
20211116220729  -669.9 -79.1 -192.2
20211116220730  -670.1 -79.1 -192.3
20211116220731  -669.9 -79.0 -192.4
20211116220732  -670.1 -79.1 -192.2
20211116220733  -669.9 -79.0 -192.5
20211116220734  -670.0 -79.0 -192.5
20211116220735  -670.0 -79.1 -192.2
20211116220736  -669.9 -79.2 -192.2
20211116220737  -669.9 -79.3 -192.4
20211116220738  -669.8 -79.5 -192.0
20211116220739  -669.9 -79.3 -192.0
20211116220740  -669.9 -79.2 -192.3
20211116220741  -669.6 -79.3 -192.3
20211116220742  -669.8 -79.2 -192.6
20211116220743  -670.0 -79.0 -192.3
20211116220744  -670.0 -79.0 -192.3
20211116220745  -669.8 -79.2 -192.7
20211116220746  -669.5 -79.1 -192.5
20211116220747  -669.7 -79.3 -192.6
20211116220748  -669.9 -79.1 -192.7
20211116220749  -669.7 -79.4 -192.8
20211116220750  -669.7 -79.6 -193.0
20211116220751  -669.4 -79.6 -192.3
20211116220752  -669.6 -79.6 -192.3
20211116220753  -670.0 -79.5 -192.9
20211116220754  -670.0 -79.6 -193.1
20211116220755  -670.0 -79.8 -192.9
20211116220756  -670.0 -79.7 -193.1
20211116220757  -669.8 -79.8 -193.0
20211116220758  -669.9 -79.7 -192.8
20211116220759  -669.9 -80.0 -193.2
20211116220800  -669.8 -79.9 -193.2
20211116220801  -670.1 -79.9 -192.9
20211116220802  -670.2 -80.0 -192.9
20211116220803  -669.8 -79.7 -193.0
20211116220804  -669.9 -79.9 -192.9
20211116220805  -669.8 -80.0 -192.7
20211116220806  -670.0 -79.9 -192.9
20211116220807  -670.0 -79.9 -193.0
20211116220808  -670.1 -80.1 -192.9
20211116220809  -670.1 -80.2 -192.8
20211116220810  -670.2 -80.1 -192.9
20211116220811  -670.2 -80.3 -192.9
20211116220812  -670.1 -80.2 -192.8
20211116220813  -670.3 -80.3 -192.7
20211116220814  -670.2 -80.3 -192.8
20211116220815  -670.1 -80.3 -192.6
20211116220816  -669.7 -80.3 -192.7
20211116220817  -669.5 -80.4 -192.8
20211116220818  -668.7 -80.4 -192.2
20211116220819  -668.4 -80.3 -191.7
20211116220820  -668.2 -80.2 -191.4
20211116220821  -668.3 -80.3 -191.3
20211116220822  -669.0 -80.5 -191.8
20211116220823  -669.0 -80.5 -191.9
20211116220824  -669.0 -80.5 -192.2
20211116220825  -669.3 -80.6 -192.2
20211116220826  -669.1 -80.6 -191.8
20211116220827  -669.2 -80.4 -192.1
20211116220828  -669.3 -80.5 -192.2
20211116220829  -669.3 -80.7 -192.1
20211116220830  -669.2 -80.6 -192.5
20211116220831  -669.4 -80.7 -192.3
20211116220832  -669.3 -80.6 -192.2
20211116220833  -669.1 -80.5 -192.4
20211116220834  -669.4 -80.7 -192.2
20211116220835  -669.7 -80.7 -192.0
20211116220836  -669.3 -80.7 -192.2
20211116220837  -669.5 -80.7 -192.3
20211116220838  -669.6 -80.8 -192.5
20211116220839  -669.7 -80.7 -192.3
20211116220840  -669.7 -80.8 -192.5
20211116220841  -669.6 -80.7 -192.3
20211116220842  -669.5 -80.9 -192.1
20211116220843  -669.5 -81.0 -192.1
20211116220844  -669.8 -81.4 -192.0
20211116220845  -669.8 -81.4 -192.0
20211116220846  -669.9 -81.2 -192.2
20211116220847  -669.8 -81.4 -192.2
20211116220848  -669.8 -81.5 -191.8
20211116220849  -670.4 -81.3 -192.4
20211116220850  -670.1 -81.5 -192.5
20211116220851  -670.2 -81.6 -192.2
20211116220852  -670.4 -81.9 -192.4
20211116220853  -670.4 -81.7 -192.5
20211116220854  -670.4 -81.7 -192.5
20211116220855  -670.3 -81.6 -192.2
20211116220856  -670.1 -81.3 -192.2
20211116220857  -670.2 -81.7 -192.3
20211116220858  -670.4 -81.6 -192.4
20211116220859  -670.6 -81.6 -192.5
20211116220900  -670.6 -81.8 -192.6
20211116220901  -670.6 -81.8 -192.7
20211116220902  -670.8 -81.8 -192.1
20211116220903  -670.6 -81.6 -192.1
20211116220904  -670.4 -81.5 -192.1
20211116220905  -670.4 -81.8 -192.0
20211116220906  -670.5 -81.8 -192.4
20211116220907  -670.3 -81.7 -192.4
20211116220908  -670.4 -81.9 -192.3
20211116220909  -670.6 -81.9 -192.2
20211116220910  -670.7 -82.0 -192.0
20211116220911  -670.8 -82.0 -192.0
20211116220912  -670.5 -82.2 -191.9
20211116220913  -670.6 -82.1 -192.0
20211116220914  -670.6 -82.1 -192.0
20211116220915  -670.3 -81.8 -191.6
20211116220916  -670.8 -82.0 -192.2
20211116220917  -670.6 -82.1 -192.3
20211116220918  -671.0 -82.1 -192.1
20211116220919  -670.8 -82.4 -192.1
20211116220920  -671.0 -82.4 -192.3
20211116220921  -671.1 -82.4 -192.3
20211116220922  -671.1 -82.3 -192.0
20211116220923  -671.0 -82.3 -192.2
20211116220924  -671.1 -82.1 -192.4
20211116220925  -671.2 -82.1 -192.3
20211116220926  -671.1 -82.2 -192.1
20211116220927  -671.4 -82.3 -192.2
20211116220928  -671.1 -82.4 -192.1
20211116220929  -671.2 -82.3 -191.9
20211116220930  -671.3 -82.3 -191.8
20211116220931  -671.1 -82.4 -191.9
20211116220932  -671.1 -82.5 -192.1
20211116220933  -671.0 -82.3 -191.9
20211116220934  -671.2 -82.1 -191.9
20211116220935  -671.3 -82.2 -192.0
20211116220936  -671.3 -82.1 -191.7
20211116220937  -671.2 -82.3 -191.4
20211116220938  -671.2 -82.4 -191.5
20211116220939  -671.2 -82.3 -191.7
20211116220940  -671.2 -82.5 -191.7
20211116220941  -670.1 -82.3 -191.0
20211116220942  -670.2 -82.2 -190.8
20211116220943  -670.8 -82.1 -191.4
20211116220944  -670.7 -82.3 -191.7
20211116220945  -670.7 -82.3 -191.9
20211116220946  -670.9 -82.2 -191.9
20211116220947  -671.1 -82.3 -191.9
20211116220948  -670.9 -82.2 -191.7
20211116220949  -671.2 -82.4 -191.9
20211116220950  -671.4 -82.5 -191.6
20211116220951  -671.5 -82.2 -191.6
20211116220952  -671.5 -82.0 -191.5
20211116220953  -671.5 -82.2 -191.6
20211116220954  -671.4 -82.2 -191.4
20211116220955  -671.3 -82.3 -191.4
20211116220956  -671.6 -82.5 -191.6
20211116220957  -671.6 -82.4 -191.4
20211116220958  -671.5 -82.4 -191.6
20211116220959  -671.4 -82.4 -191.6
20211116221000  -671.4 -82.4 -191.5
20211116221001  -671.6 -82.2 -191.6
20211116221002  -671.3 -82.3 -191.6
20211116221003  -671.4 -82.4 -191.5
20211116221004  -671.4 -82.5 -191.4
20211116221005  -671.4 -82.3 -191.5
20211116221006  -671.5 -82.1 -191.5
20211116221007  -671.0 -82.2 -191.4
20211116221008  -670.4 -82.0 -190.9
20211116221009  -671.3 -82.2 -191.4
20211116221010  -671.2 -82.1 -191.6
20211116221011  -671.2 -82.1 -191.6
20211116221012  -670.9 -82.2 -191.6
20211116221013  -671.1 -82.2 -191.5
20211116221014  -671.0 -82.1 -191.8
20211116221015  -671.5 -82.1 -191.7
20211116221016  -671.4 -82.1 -192.0
20211116221017  -671.5 -82.1 -191.5
20211116221018  -671.5 -82.2 -191.4
20211116221019  -671.2 -82.2 -191.7
20211116221020  -671.6 -82.2 -191.4
20211116221021  -671.6 -82.2 -191.5
20211116221022  -671.8 -82.3 -191.5
20211116221023  -671.6 -82.3 -191.5
20211116221024  -671.4 -82.2 -191.2
20211116221025  -671.2 -82.0 -191.3
20211116221026  -671.1 -82.3 -191.2
20211116221027  -671.2 -82.1 -191.2
20211116221028  -671.2 -82.1 -191.3
20211116221029  -671.5 -82.0 -191.3
20211116221030  -671.5 -81.8 -191.2
20211116221031  -671.2 -81.9 -191.4
20211116221032  -671.3 -81.9 -191.0
20211116221033  -671.3 -82.0 -191.1
20211116221034  -670.7 -81.9 -190.8
20211116221035  -671.1 -82.0 -191.0
20211116221036  -671.6 -82.1 -191.4
20211116221037  -671.3 -81.9 -191.4
20211116221038  -671.6 -81.6 -191.2
20211116221039  -671.4 -81.5 -191.1
20211116221040  -671.3 -81.8 -191.3
20211116221041  -671.5 -81.9 -191.4
20211116221042  -671.4 -81.7 -191.2
20211116221043  -671.7 -81.6 -191.4
20211116221044  -671.7 -81.6 -191.2
20211116221045  -671.8 -81.5 -191.1
20211116221046  -672.0 -81.5 -191.1
20211116221047  -671.6 -81.5 -191.3
20211116221048  -671.9 -81.4 -191.3
20211116221049  -671.9 -81.5 -191.4
20211116221050  -671.8 -81.7 -191.5
20211116221051  -671.7 -81.5 -191.5
20211116221052  -671.8 -81.6 -191.7
20211116221053  -672.0 -81.5 -191.5
20211116221054  -671.8 -81.5 -191.7
20211116221055  -671.7 -81.5 -191.8
20211116221056  -671.9 -81.8 -191.8
20211116221057  -672.1 -81.9 -191.7
20211116221058  -672.1 -81.7 -191.7
20211116221059  -671.7 -81.7 -191.4
20211116221100  -671.0 -81.5 -191.1
20211116221101  -671.1 -81.3 -191.1
20211116221102  -671.5 -81.4 -191.5
20211116221103  -671.4 -81.3 -191.4
20211116221104  -671.3 -81.0 -191.6
20211116221105  -671.5 -81.2 -191.6
20211116221106  -671.1 -81.5 -191.5
20211116221107  -671.2 -81.4 -191.1
20211116221108  -671.3 -81.3 -191.4
20211116221109  -671.1 -81.4 -191.3
20211116221110  -671.2 -81.3 -191.3
20211116221111  -671.2 -81.3 -191.6
20211116221112  -671.6 -81.3 -191.9
20211116221113  -671.5 -81.4 -191.8
20211116221114  -671.3 -81.5 -191.5
20211116221115  -671.4 -81.6 -191.7
20211116221116  -671.5 -81.5 -191.8
20211116221117  -671.6 -81.5 -191.7
20211116221118  -671.6 -81.7 -191.7
20211116221119  -671.4 -81.8 -191.5
20211116221120  -671.2 -81.4 -191.5
20211116221121  -671.0 -81.4 -191.6
20211116221122  -670.9 -81.4 -191.4
20211116221123  -671.0 -81.5 -191.5
20211116221124  -670.7 -81.4 -191.4
20211116221125  -670.6 -81.5 -191.5
20211116221126  -669.9 -81.2 -190.9
20211116221127  -670.2 -81.2 -191.1
20211116221128  -670.7 -81.2 -191.5
20211116221129  -670.5 -81.5 -191.4
20211116221130  -670.5 -81.5 -191.0
20211116221131  -670.8 -81.4 -191.1
20211116221132  -670.9 -81.2 -191.2
20211116221133  -670.9 -81.1 -191.6
20211116221134  -670.9 -81.2 -191.3
20211116221135  -671.0 -81.2 -191.1
20211116221136  -671.0 -81.6 -191.3
20211116221137  -670.9 -81.3 -191.0
20211116221138  -671.0 -81.3 -191.1
20211116221139  -670.7 -81.4 -191.2
20211116221140  -671.1 -81.6 -191.2
20211116221141  -670.8 -81.7 -191.0
20211116221142  -670.7 -81.7 -191.1
20211116221143  -670.2 -81.5 -191.3
20211116221144  -670.5 -81.1 -190.9
20211116221145  -670.5 -81.4 -191.1
20211116221146  -670.2 -81.3 -191.2
20211116221147  -670.2 -81.6 -191.3
20211116221148  -670.0 -81.6 -191.1
20211116221149  -670.0 -81.6 -191.1
20211116221150  -669.9 -81.3 -190.8
20211116221151  -669.6 -81.3 -190.9
20211116221152  -669.2 -81.0 -190.3
20211116221153  -669.2 -80.8 -190.3
20211116221154  -669.5 -81.0 -190.7
20211116221155  -669.8 -81.1 -190.6
20211116221156  -669.7 -81.0 -190.5
20211116221157  -669.8 -81.0 -190.4
20211116221158  -669.9 -81.0 -190.5
20211116221159  -669.8 -81.1 -190.7
20211116221200  -669.5 -81.0 -190.8
20211116221201  -669.7 -80.8 -190.6
20211116221202  -669.6 -81.0 -190.9
20211116221203  -669.8 -81.0 -191.0
20211116221204  -669.6 -81.3 -190.7
20211116221205  -670.1 -81.3 -190.7
20211116221206  -669.6 -81.2 -190.6
20211116221207  -669.6 -81.6 -190.8
20211116221208  -669.9 -81.4 -190.8
20211116221209  -669.6 -81.5 -191.0
20211116221210  -669.8 -81.6 -190.8
20211116221211  -669.9 -81.4 -190.8
20211116221212  -670.0 -81.3 -190.6
20211116221213  -669.9 -81.5 -191.0
20211116221214  -669.8 -81.4 -190.8
20211116221215  -670.0 -81.2 -190.7
