20211101231451  -672.0 -88.2 -199.3
20211101231452  -672.6 -88.3 -199.6
20211101231453  -672.3 -88.5 -199.5
20211101231454  -672.6 -88.5 -199.7
20211101231455  -672.6 -88.4 -200.0
20211101231456  -672.6 -88.3 -199.7
20211101231457  -672.6 -88.3 -199.8
20211101231458  -672.9 -88.3 -199.8
20211101231459  -672.9 -88.4 -199.8
20211101231500  -672.9 -88.2 -200.0
20211101231501  -672.7 -88.2 -199.8
20211101231502  -672.8 -88.4 -199.6
20211101231503  -672.8 -88.5 -200.0
20211101231504  -672.4 -88.4 -199.9
20211101231505  -672.6 -88.4 -199.9
20211101231506  -672.8 -88.4 -199.7
20211101231507  -672.9 -88.4 -199.8
20211101231508  -673.2 -88.3 -200.2
20211101231509  -673.3 -88.0 -200.0
20211101231510  -673.2 -88.6 -199.9
20211101231511  -673.1 -88.5 -200.0
20211101231512  -673.3 -88.3 -199.8
20211101231513  -673.3 -88.4 -199.8
20211101231514  -673.1 -88.3 -199.9
20211101231515  -673.4 -88.4 -199.7
20211101231516  -673.2 -88.3 -199.9
20211101231517  -672.8 -88.2 -199.8
20211101231518  -672.7 -88.1 -199.7
20211101231519  -672.8 -88.2 -199.7
20211101231520  -672.9 -88.3 -199.5
20211101231521  -672.2 -88.4 -199.3
20211101231522  -672.3 -88.2 -199.4
20211101231523  -672.3 -87.9 -199.8
20211101231524  -672.5 -88.0 -199.7
20211101231525  -672.1 -87.8 -199.6
20211101231526  -672.1 -87.7 -199.7
20211101231527  -672.4 -87.7 -199.8
20211101231528  -672.1 -87.9 -199.9
20211101231529  -671.7 -87.6 -200.1
20211101231530  -671.8 -87.8 -199.9
20211101231531  -671.6 -87.9 -199.8
20211101231532  -671.7 -88.0 -199.9
20211101231533  -671.5 -87.8 -199.5
20211101231534  -671.3 -87.7 -199.6
20211101231535  -671.4 -87.5 -199.7
20211101231536  -671.5 -87.9 -199.6
20211101231537  -671.5 -87.9 -199.7
20211101231538  -671.0 -87.8 -199.6
20211101231539  -671.1 -87.8 -199.6
20211101231540  -671.1 -87.7 -199.9
20211101231541  -670.9 -87.6 -199.8
20211101231542  -671.0 -87.9 -200.1
20211101231543  -670.9 -87.7 -199.9
20211101231544  -670.6 -87.8 -199.8
20211101231545  -670.7 -87.6 -199.7
20211101231546  -670.4 -87.5 -199.9
20211101231547  -670.3 -87.6 -199.8
20211101231548  -670.0 -87.5 -199.7
20211101231549  -670.2 -87.4 -199.6
20211101231550  -670.0 -87.6 -199.4
20211101231551  -669.8 -87.7 -199.6
20211101231552  -669.7 -87.8 -199.7
20211101231553  -669.7 -87.8 -199.5
20211101231554  -669.6 -87.9 -199.3
20211101231555  -669.6 -87.9 -199.5
20211101231556  -669.6 -88.0 -199.9
20211101231557  -669.2 -88.0 -199.6
20211101231558  -669.2 -87.8 -199.6
20211101231559  -669.1 -88.3 -199.6
20211101231600  -669.1 -88.1 -199.5
20211101231601  -669.1 -87.9 -199.6
20211101231602  -669.1 -87.8 -199.7
20211101231603  -669.0 -87.7 -199.5
20211101231604  -668.9 -87.7 -199.5
20211101231605  -668.8 -87.8 -199.7
20211101231606  -668.8 -87.5 -199.5
20211101231607  -668.7 -87.4 -199.1
20211101231608  -668.9 -87.8 -199.3
20211101231609  -668.8 -87.7 -199.5
20211101231610  -668.5 -87.6 -199.4
20211101231611  -668.5 -87.7 -199.5
20211101231612  -668.5 -87.8 -199.4
20211101231613  -668.7 -87.6 -199.5
20211101231614  -668.6 -87.6 -199.3
20211101231615  -668.6 -88.1 -199.2
20211101231616  -668.6 -88.1 -199.1
20211101231617  -668.5 -87.6 -199.1
20211101231618  -668.7 -87.9 -199.1
20211101231619  -668.6 -87.7 -199.1
20211101231620  -668.6 -87.5 -198.9
20211101231621  -668.6 -87.6 -199.0
20211101231622  -668.3 -88.0 -199.1
20211101231623  -668.6 -87.8 -199.0
20211101231624  -668.4 -87.9 -199.0
20211101231625  -668.3 -87.8 -198.8
20211101231626  -668.5 -88.0 -199.0
20211101231627  -668.5 -87.9 -198.8
20211101231628  -668.3 -88.1 -198.8
20211101231629  -668.4 -87.8 -198.8
20211101231630  -668.5 -88.2 -198.8
20211101231631  -668.4 -88.4 -199.0
20211101231632  -668.3 -88.3 -199.2
20211101231633  -668.5 -88.4 -199.2
20211101231634  -668.8 -88.1 -199.1
20211101231635  -668.9 -88.2 -199.2
20211101231636  -668.9 -88.5 -199.2
20211101231637  -668.8 -88.4 -199.0
20211101231638  -668.9 -88.4 -199.1
20211101231639  -669.1 -88.2 -199.4
20211101231640  -669.3 -88.5 -199.0
20211101231641  -669.3 -88.2 -199.1
20211101231642  -669.0 -88.0 -199.2
20211101231643  -669.0 -88.4 -199.1
20211101231644  -669.1 -88.2 -198.9
20211101231645  -669.3 -88.1 -199.0
20211101231646  -669.3 -88.1 -199.1
20211101231647  -669.3 -88.3 -199.2
20211101231648  -669.6 -88.0 -198.8
20211101231649  -669.6 -88.1 -199.0
20211101231650  -669.4 -88.1 -199.0
20211101231651  -669.5 -88.3 -199.4
20211101231652  -669.0 -88.3 -198.6
20211101231653  -669.2 -88.3 -198.8
20211101231654  -669.2 -87.9 -198.9
20211101231655  -669.2 -87.8 -198.6
20211101231656  -669.4 -88.1 -198.8
20211101231657  -669.1 -88.1 -198.7
20211101231658  -669.5 -88.1 -198.7
20211101231659  -669.3 -88.3 -198.9
20211101231700  -669.2 -88.1 -199.0
20211101231701  -669.5 -88.4 -198.8
20211101231702  -669.6 -88.2 -198.6
20211101231703  -669.5 -88.1 -198.7
20211101231704  -669.6 -88.4 -198.6
20211101231705  -669.4 -88.4 -198.7
20211101231706  -669.6 -88.4 -198.5
20211101231707  -669.3 -88.4 -198.6
20211101231708  -669.8 -88.3 -198.8
20211101231709  -669.6 -88.4 -198.7
20211101231710  -669.4 -88.3 -198.8
20211101231711  -669.4 -88.3 -198.9
20211101231712  -669.6 -88.2 -198.8
20211101231713  -669.4 -88.2 -198.6
20211101231714  -669.4 -88.2 -198.9
20211101231715  -669.9 -88.4 -199.0
20211101231716  -669.7 -88.3 -199.2
20211101231717  -669.7 -88.5 -198.8
20211101231718  -669.7 -88.4 -198.9
20211101231719  -669.6 -88.6 -198.9
20211101231720  -669.7 -88.4 -198.8
20211101231721  -669.7 -88.6 -198.8
20211101231722  -669.8 -88.6 -198.6
20211101231723  -669.6 -88.7 -198.7
20211101231724  -669.8 -88.4 -198.7
20211101231725  -670.0 -88.6 -198.8
20211101231726  -670.2 -88.6 -198.9
20211101231727  -670.1 -88.5 -199.1
20211101231728  -670.2 -88.6 -199.3
20211101231729  -669.9 -88.5 -199.1
20211101231730  -670.2 -88.6 -199.4
20211101231731  -670.4 -88.3 -199.4
20211101231732  -670.2 -88.6 -199.4
20211101231733  -670.1 -88.8 -199.3
20211101231734  -670.2 -88.9 -199.2
20211101231735  -670.0 -88.8 -199.3
20211101231736  -670.0 -88.8 -199.3
20211101231737  -670.0 -88.9 -199.5
20211101231738  -670.2 -88.8 -199.8
20211101231739  -670.4 -89.0 -199.7
20211101231740  -670.3 -89.2 -199.8
20211101231741  -670.5 -89.2 -199.8
20211101231742  -670.5 -89.2 -199.9
20211101231743  -670.3 -89.3 -199.8
20211101231744  -670.5 -89.2 -200.1
20211101231745  -670.5 -89.1 -199.7
20211101231746  -670.3 -89.1 -199.6
20211101231747  -670.3 -89.3 -199.7
20211101231748  -670.5 -89.2 -199.8
20211101231749  -670.6 -89.4 -199.7
20211101231750  -670.3 -89.4 -199.5
20211101231751  -670.3 -89.2 -199.8
20211101231752  -670.4 -89.3 -199.9
20211101231753  -670.5 -89.2 -199.8
20211101231754  -670.2 -89.3 -199.9
20211101231755  -670.3 -89.5 -199.7
20211101231756  -670.6 -89.8 -199.9
20211101231757  -670.9 -89.6 -199.8
20211101231758  -670.8 -89.8 -200.1
20211101231759  -670.9 -89.6 -200.4
20211101231800  -671.0 -89.6 -199.9
20211101231801  -671.0 -89.8 -200.1
20211101231802  -671.3 -89.7 -200.0
20211101231803  -671.3 -89.9 -200.2
20211101231804  -671.0 -90.1 -200.1
20211101231805  -670.9 -90.2 -200.2
20211101231806  -671.3 -89.7 -200.3
20211101231807  -671.5 -89.7 -200.5
20211101231808  -671.4 -89.9 -200.2
20211101231809  -671.3 -89.6 -200.0
20211101231810  -671.6 -89.6 -200.0
20211101231811  -671.6 -89.8 -199.8
20211101231812  -671.4 -90.0 -200.0
20211101231813  -671.5 -89.8 -199.9
20211101231814  -671.5 -89.9 -200.2
20211101231815  -671.8 -89.8 -200.3
20211101231816  -671.7 -89.9 -200.0
20211101231817  -671.7 -90.1 -200.3
20211101231818  -671.6 -90.0 -200.3
20211101231819  -671.8 -90.1 -200.3
20211101231820  -672.1 -89.9 -200.4
20211101231821  -671.9 -89.8 -200.6
20211101231822  -671.9 -89.8 -200.4
20211101231823  -671.8 -89.8 -200.6
20211101231824  -672.0 -89.9 -200.5
20211101231825  -671.6 -89.7 -200.3
20211101231826  -672.0 -89.7 -200.3
20211101231827  -672.2 -89.9 -200.4
20211101231828  -672.4 -89.9 -200.6
20211101231829  -672.2 -90.0 -200.4
20211101231830  -672.4 -90.2 -200.4
