20211110205629  -638.2 -85.0 -177.3
20211110205630  -637.9 -85.1 -177.0
20211110205631  -638.2 -85.2 -177.3
20211110205632  -637.7 -85.2 -177.3
20211110205633  -637.8 -85.0 -177.2
20211110205634  -637.5 -84.9 -177.3
20211110205635  -637.4 -84.9 -177.6
20211110205636  -637.0 -84.8 -177.4
20211110205637  -636.7 -85.1 -177.6
20211110205638  -636.4 -84.9 -177.7
20211110205639  -636.1 -84.8 -177.3
20211110205640  -635.9 -84.8 -177.5
20211110205641  -635.8 -84.6 -177.5
20211110205642  -635.6 -84.7 -177.3
20211110205643  -635.6 -84.6 -177.4
20211110205644  -635.6 -84.7 -177.9
20211110205645  -635.4 -84.7 -177.8
20211110205646  -635.2 -84.5 -177.9
20211110205647  -635.2 -84.6 -178.1
20211110205648  -635.1 -84.5 -178.2
20211110205649  -635.0 -84.4 -177.8
20211110205650  -634.7 -84.4 -177.8
20211110205651  -634.5 -84.5 -177.7
20211110205652  -634.5 -84.7 -177.6
20211110205653  -633.9 -84.6 -177.8
20211110205654  -633.5 -84.5 -177.8
20211110205655  -633.3 -84.5 -177.9
20211110205656  -632.9 -84.5 -177.6
20211110205657  -632.7 -84.3 -177.6
20211110205658  -632.2 -84.3 -177.5
20211110205659  -632.1 -84.2 -177.4
20211110205700  -631.3 -84.4 -177.3
20211110205701  -631.0 -84.6 -177.4
20211110205702  -630.6 -84.4 -177.6
20211110205703  -630.6 -84.3 -177.4
20211110205704  -630.0 -84.4 -177.4
20211110205705  -629.8 -84.4 -177.4
20211110205706  -629.6 -84.5 -177.2
20211110205707  -629.1 -84.6 -177.6
20211110205708  -628.7 -84.5 -177.3
20211110205709  -628.7 -84.4 -177.4
20211110205710  -628.1 -84.3 -177.0
20211110205711  -628.0 -84.5 -177.2
20211110205712  -627.5 -84.3 -177.0
20211110205713  -627.4 -84.2 -177.1
20211110205714  -627.5 -84.2 -177.4
20211110205715  -627.1 -83.8 -177.2
20211110205716  -626.9 -83.7 -177.0
20211110205717  -626.9 -84.0 -176.9
20211110205718  -626.7 -83.7 -176.8
20211110205719  -626.5 -83.9 -177.1
20211110205720  -626.4 -83.9 -176.9
20211110205721  -626.2 -83.9 -176.9
20211110205722  -626.3 -83.7 -177.1
20211110205723  -626.2 -84.0 -177.0
20211110205724  -626.0 -84.1 -177.4
20211110205725  -626.0 -84.3 -177.1
20211110205726  -626.2 -84.2 -177.1
20211110205727  -626.1 -84.2 -177.0
20211110205728  -626.2 -84.3 -177.2
20211110205729  -626.2 -84.5 -177.1
20211110205730  -626.2 -84.5 -177.0
20211110205731  -626.1 -84.3 -176.5
20211110205732  -626.2 -84.3 -176.6
20211110205733  -626.4 -84.2 -176.5
20211110205734  -626.2 -84.3 -176.5
20211110205735  -626.2 -84.3 -176.5
20211110205736  -626.0 -84.2 -176.3
20211110205737  -625.9 -84.1 -176.6
20211110205738  -625.9 -84.1 -176.3
20211110205739  -625.8 -84.0 -176.2
20211110205740  -626.1 -84.0 -176.4
20211110205741  -626.1 -83.7 -176.3
20211110205742  -626.0 -83.7 -176.1
20211110205743  -626.0 -83.7 -176.3
20211110205744  -625.9 -83.2 -176.6
20211110205745  -625.8 -83.2 -176.4
20211110205746  -625.9 -83.5 -176.6
20211110205747  -626.0 -83.4 -176.4
20211110205748  -626.0 -83.4 -176.6
20211110205749  -625.9 -83.1 -176.6
20211110205750  -626.1 -83.1 -176.6
20211110205751  -626.3 -83.1 -176.4
20211110205752  -626.4 -83.2 -176.5
20211110205753  -626.4 -83.3 -176.5
20211110205754  -626.7 -83.1 -176.6
20211110205755  -626.7 -83.0 -176.6
20211110205756  -626.6 -82.9 -176.7
20211110205757  -626.8 -83.0 -176.9
20211110205758  -626.7 -82.7 -176.9
20211110205759  -627.1 -82.4 -176.7
20211110205800  -627.2 -82.4 -176.5
20211110205801  -627.2 -82.6 -176.5
20211110205802  -627.1 -82.8 -176.7
20211110205803  -627.4 -82.9 -177.0
20211110205804  -627.7 -82.9 -176.8
20211110205805  -627.8 -83.3 -176.9
20211110205806  -627.8 -83.4 -176.8
20211110205807  -627.8 -83.5 -177.1
20211110205808  -627.8 -83.2 -177.0
20211110205809  -627.8 -83.4 -177.2
20211110205810  -627.9 -83.8 -176.9
20211110205811  -627.9 -83.8 -177.1
20211110205812  -627.8 -83.9 -177.0
20211110205813  -628.0 -84.1 -176.9
20211110205814  -627.8 -84.0 -176.8
20211110205815  -628.1 -84.3 -176.7
20211110205816  -628.1 -84.4 -176.4
20211110205817  -627.9 -84.7 -176.6
20211110205818  -627.9 -84.5 -176.3
20211110205819  -627.9 -84.3 -176.3
20211110205820  -627.8 -84.2 -176.3
20211110205821  -627.9 -84.1 -176.5
20211110205822  -627.8 -83.7 -176.0
20211110205823  -627.6 -83.7 -176.2
20211110205824  -627.7 -83.5 -175.8
20211110205825  -627.4 -83.5 -175.6
20211110205826  -627.1 -83.1 -175.3
20211110205827  -627.0 -82.9 -175.4
20211110205828  -627.0 -82.6 -175.2
20211110205829  -626.8 -82.4 -175.1
20211110205830  -626.9 -82.1 -175.0
20211110205831  -626.7 -81.6 -174.9
20211110205832  -626.7 -81.2 -174.9
20211110205833  -626.3 -81.3 -174.6
20211110205834  -626.5 -81.0 -174.8
20211110205835  -626.4 -80.9 -174.9
20211110205836  -626.4 -80.4 -174.8
20211110205837  -626.1 -80.3 -174.7
20211110205838  -625.9 -80.4 -174.6
20211110205839  -626.3 -80.1 -174.9
20211110205840  -626.1 -79.8 -174.7
20211110205841  -626.4 -79.8 -174.6
20211110205842  -626.4 -79.8 -174.7
20211110205843  -626.4 -79.7 -174.8
20211110205844  -626.7 -79.4 -174.7
20211110205845  -626.8 -79.6 -175.0
20211110205846  -626.8 -79.3 -175.1
20211110205847  -627.2 -79.3 -175.0
20211110205848  -627.7 -79.9 -175.1
20211110205849  -627.8 -80.1 -175.4
20211110205850  -628.2 -79.7 -175.3
20211110205851  -628.8 -80.1 -175.5
20211110205852  -629.1 -80.3 -175.5
20211110205853  -629.2 -80.6 -175.3
20211110205854  -629.6 -80.4 -175.3
20211110205855  -630.1 -80.8 -174.9
20211110205856  -630.4 -80.8 -175.4
20211110205857  -630.6 -80.9 -175.4
20211110205858  -630.8 -81.0 -175.4
20211110205859  -631.3 -81.2 -175.3
20211110205900  -631.4 -81.3 -175.3
20211110205901  -631.6 -81.4 -175.3
20211110205902  -631.8 -81.2 -175.2
20211110205903  -632.2 -81.3 -175.2
20211110205904  -632.6 -81.8 -175.3
20211110205905  -632.5 -81.8 -175.0
20211110205906  -633.3 -82.2 -175.5
20211110205907  -633.8 -82.1 -175.4
20211110205908  -633.7 -82.2 -175.2
20211110205909  -634.1 -82.5 -175.2
20211110205910  -634.5 -82.5 -175.3
20211110205911  -634.9 -82.3 -175.4
20211110205912  -635.1 -82.7 -175.4
20211110205913  -635.3 -82.4 -175.3
20211110205914  -635.5 -83.0 -175.2
20211110205915  -636.0 -82.6 -175.2
20211110205916  -636.2 -82.7 -175.2
20211110205917  -636.7 -82.5 -175.2
20211110205918  -636.8 -82.7 -174.9
20211110205919  -636.8 -82.7 -174.9
20211110205920  -636.9 -82.5 -174.8
20211110205921  -637.3 -82.3 -174.7
20211110205922  -637.5 -82.0 -174.6
20211110205923  -637.6 -82.5 -174.3
20211110205924  -637.6 -82.4 -174.5
20211110205925  -637.6 -82.2 -174.1
20211110205926  -638.2 -82.3 -174.2
20211110205927  -637.7 -82.1 -174.3
20211110205928  -637.6 -82.0 -174.7
20211110205929  -637.7 -81.9 -174.5
20211110205930  -637.8 -81.8 -174.3
20211110205931  -637.7 -81.8 -174.1
20211110205932  -637.5 -81.9 -174.0
20211110205933  -637.5 -81.7 -174.0
20211110205934  -637.5 -81.7 -173.9
20211110205935  -636.7 -81.3 -173.1
20211110205936  -637.3 -81.4 -173.9
20211110205937  -637.4 -81.4 -174.1
20211110205938  -637.3 -81.6 -174.0
20211110205939  -636.9 -81.3 -173.9
20211110205940  -636.8 -81.0 -173.7
20211110205941  -636.9 -81.3 -173.7
20211110205942  -636.8 -81.3 -173.7
20211110205943  -636.8 -81.0 -173.5
20211110205944  -636.7 -81.3 -173.5
20211110205945  -636.7 -81.2 -173.2
20211110205946  -636.6 -81.1 -173.1
20211110205947  -636.1 -81.3 -173.1
20211110205948  -635.8 -81.1 -173.2
20211110205949  -635.7 -80.9 -172.9
20211110205950  -635.3 -80.9 -172.6
20211110205951  -635.0 -80.9 -172.9
20211110205952  -634.9 -81.0 -173.3
20211110205953  -634.5 -80.9 -173.2
20211110205954  -634.4 -80.4 -173.0
20211110205955  -634.2 -80.4 -173.0
20211110205956  -634.2 -80.6 -173.0
20211110205957  -634.0 -80.6 -172.9
20211110205958  -633.8 -80.7 -173.1
20211110205959  -633.9 -80.7 -173.1
20211110210000  -633.5 -80.6 -173.1
20211110210001  -633.5 -80.7 -173.1
20211110210002  -633.5 -80.6 -172.8
20211110210003  -633.3 -80.7 -172.9
20211110210004  -633.3 -80.8 -172.8
20211110210005  -632.5 -80.7 -172.5
20211110210006  -632.5 -81.0 -172.0
20211110210007  -632.8 -81.1 -172.2
20211110210008  -632.9 -80.8 -172.3
20211110210009  -632.9 -80.4 -172.4
20211110210010  -632.7 -80.8 -172.9
20211110210011  -632.7 -80.8 -172.6
20211110210012  -632.5 -80.9 -172.4
20211110210013  -632.3 -80.4 -172.4
20211110210014  -632.0 -80.6 -172.4
20211110210015  -631.9 -80.6 -172.3
20211110210016  -631.9 -80.7 -172.3
20211110210017  -631.7 -80.5 -172.3
20211110210018  -631.5 -80.7 -172.4
20211110210019  -631.5 -80.6 -172.3
20211110210020  -631.2 -80.6 -172.3
20211110210021  -631.2 -80.7 -172.4
20211110210022  -631.2 -80.7 -172.4
20211110210023  -631.0 -81.1 -172.2
20211110210024  -631.4 -81.1 -172.5
20211110210025  -631.3 -80.9 -172.4
20211110210026  -631.3 -80.8 -172.6
20211110210027  -631.1 -80.7 -172.4
20211110210028  -631.4 -80.8 -172.5
20211110210029  -631.3 -81.0 -172.5
20211110210030  -631.3 -81.4 -172.7
20211110210031  -631.1 -81.3 -172.4
20211110210032  -631.2 -81.5 -172.1
20211110210033  -631.1 -81.7 -172.1
20211110210034  -631.2 -81.4 -172.2
20211110210035  -630.6 -81.4 -172.2
20211110210036  -630.7 -81.3 -171.8
20211110210037  -630.9 -81.6 -172.2
20211110210038  -631.4 -81.8 -172.7
20211110210039  -631.4 -81.8 -172.6
20211110210040  -631.6 -82.0 -172.6
20211110210041  -631.8 -82.1 -172.7
20211110210042  -631.8 -82.4 -172.8
20211110210043  -632.0 -82.2 -172.6
20211110210044  -632.1 -82.3 -172.6
20211110210045  -632.0 -82.8 -172.8
20211110210046  -632.6 -82.7 -172.9
20211110210047  -632.8 -82.8 -172.8
20211110210048  -632.7 -82.8 -172.8
20211110210049  -632.6 -82.7 -172.9
20211110210050  -632.9 -83.0 -172.8
20211110210051  -633.0 -83.0 -172.9
20211110210052  -632.8 -82.9 -173.1
20211110210053  -633.0 -82.9 -172.8
20211110210054  -633.0 -83.2 -173.1
20211110210055  -633.0 -83.2 -173.1
20211110210056  -633.1 -83.2 -173.0
20211110210057  -633.1 -83.4 -173.1
20211110210058  -633.3 -83.4 -173.0
20211110210059  -632.9 -83.1 -173.1
20211110210100  -632.6 -83.3 -172.8
20211110210101  -632.7 -83.3 -172.7
20211110210102  -632.6 -83.4 -172.5
20211110210103  -632.7 -83.3 -172.7
20211110210104  -632.6 -83.2 -172.7
20211110210105  -631.5 -83.4 -172.2
20211110210106  -631.3 -82.9 -172.1
20211110210107  -630.9 -83.0 -171.9
20211110210108  -631.5 -83.2 -172.1
20211110210109  -631.7 -83.1 -172.3
20211110210110  -631.5 -82.9 -172.7
20211110210111  -631.3 -83.1 -172.3
20211110210112  -631.1 -83.3 -172.6
20211110210113  -631.0 -83.3 -172.8
20211110210114  -630.7 -83.2 -172.6
20211110210115  -631.0 -83.3 -172.7
20211110210116  -630.6 -83.2 -172.4
20211110210117  -630.4 -83.0 -172.4
20211110210118  -630.3 -83.6 -172.6
20211110210119  -630.2 -83.4 -172.7
20211110210120  -630.2 -83.2 -172.9
20211110210121  -630.1 -83.3 -172.9
20211110210122  -630.0 -83.3 -172.7
20211110210123  -630.0 -83.4 -172.7
20211110210124  -629.9 -83.1 -172.9
20211110210125  -629.7 -83.4 -173.1
20211110210126  -629.7 -83.3 -173.6
20211110210127  -629.6 -83.6 -173.4
20211110210128  -629.6 -83.8 -173.6
20211110210129  -630.1 -83.8 -173.5
20211110210130  -630.3 -84.0 -173.9
20211110210131  -630.5 -84.2 -173.9
20211110210132  -630.7 -84.4 -173.9
20211110210133  -630.6 -84.4 -174.2
20211110210134  -630.9 -84.5 -174.1
20211110210135  -630.8 -84.8 -174.2
20211110210136  -630.5 -84.7 -173.7
20211110210137  -630.6 -85.1 -173.9
20211110210138  -631.2 -85.1 -174.2
20211110210139  -631.6 -85.3 -174.4
20211110210140  -631.7 -85.6 -174.5
20211110210141  -632.0 -85.4 -174.5
20211110210142  -632.1 -85.7 -174.6
20211110210143  -632.3 -85.9 -174.5
20211110210144  -632.3 -85.8 -174.5
20211110210145  -632.6 -86.2 -174.4
20211110210146  -632.6 -86.0 -174.2
20211110210147  -633.0 -86.1 -174.3
20211110210148  -633.0 -86.3 -174.7
20211110210149  -632.8 -86.3 -175.0
20211110210150  -632.9 -86.5 -174.7
20211110210151  -633.0 -86.6 -175.0
20211110210152  -633.2 -87.2 -175.1
20211110210153  -633.6 -87.0 -175.2
20211110210154  -633.5 -86.9 -175.2
20211110210155  -633.7 -87.4 -175.3
20211110210156  -634.0 -87.3 -175.6
20211110210157  -634.0 -87.4 -175.4
20211110210158  -634.1 -87.6 -175.6
20211110210159  -634.3 -87.8 -175.6
20211110210200  -634.5 -88.0 -175.6
20211110210201  -634.8 -88.6 -176.1
20211110210202  -634.9 -88.5 -176.2
20211110210203  -635.3 -88.7 -176.4
20211110210204  -635.8 -88.6 -176.0
20211110210205  -635.7 -88.7 -175.9
20211110210206  -635.2 -88.8 -175.5
20211110210207  -635.3 -88.6 -175.4
20211110210208  -635.6 -89.0 -175.4
20211110210209  -636.0 -89.4 -176.0
20211110210210  -636.5 -89.4 -176.0
20211110210211  -636.8 -89.5 -176.5
20211110210212  -636.9 -89.7 -176.5
20211110210213  -637.1 -89.8 -176.6
20211110210214  -637.6 -89.8 -176.6
