20211108223836  -854.3 -67.2 -276.0
20211108223837  -854.4 -67.3 -276.5
20211108223838  -854.4 -67.8 -276.8
20211108223839  -854.7 -67.9 -276.5
20211108223840  -854.4 -68.0 -276.2
20211108223841  -854.7 -68.5 -276.3
20211108223842  -855.2 -68.7 -276.7
20211108223843  -856.5 -68.9 -277.5
20211108223844  -857.1 -69.1 -278.0
20211108223845  -857.5 -69.1 -278.1
20211108223846  -858.0 -68.8 -277.8
20211108223847  -858.4 -68.6 -277.7
20211108223848  -858.7 -68.5 -277.8
20211108223849  -859.1 -67.8 -278.0
20211108223850  -859.4 -67.6 -278.0
20211108223851  -859.8 -67.5 -278.1
20211108223852  -860.5 -67.1 -278.2
20211108223853  -861.2 -66.8 -278.3
20211108223854  -861.9 -66.5 -277.8
20211108223855  -861.7 -65.8 -277.6
20211108223856  -861.7 -65.5 -277.1
20211108223857  -862.0 -65.5 -277.1
20211108223858  -861.9 -64.9 -276.8
20211108223859  -862.1 -64.3 -277.0
20211108223900  -862.5 -63.7 -277.1
20211108223901  -862.8 -63.1 -277.1
20211108223902  -863.6 -62.9 -277.7
20211108223903  -863.5 -62.7 -277.6
20211108223904  -863.5 -62.8 -277.3
20211108223905  -863.0 -62.5 -276.9
20211108223906  -862.8 -62.1 -276.4
20211108223907  -862.9 -61.7 -276.4
20211108223908  -862.7 -61.4 -276.0
20211108223909  -862.2 -61.3 -275.9
20211108223910  -862.7 -61.4 -276.4
20211108223911  -862.9 -61.7 -277.1
20211108223912  -863.4 -61.7 -277.4
20211108223913  -863.6 -61.4 -277.7
20211108223914  -863.6 -61.5 -277.6
20211108223915  -864.1 -61.7 -277.7
20211108223916  -864.2 -61.6 -277.5
20211108223917  -864.1 -61.8 -277.5
20211108223918  -864.2 -62.0 -277.5
20211108223919  -864.2 -62.2 -277.6
20211108223920  -864.1 -62.4 -277.7
20211108223921  -864.5 -62.8 -278.2
20211108223922  -864.9 -62.6 -278.3
20211108223923  -865.1 -62.7 -278.7
20211108223924  -865.5 -62.5 -278.3
20211108223925  -865.4 -62.9 -278.0
20211108223926  -865.9 -62.8 -277.9
20211108223927  -865.5 -62.9 -277.6
20211108223928  -865.7 -62.9 -277.3
20211108223929  -866.0 -62.6 -277.4
20211108223930  -866.0 -62.7 -277.3
20211108223931  -865.9 -62.7 -277.0
20211108223932  -865.8 -62.0 -276.4
20211108223933  -865.9 -61.0 -276.3
20211108223934  -866.0 -60.3 -276.2
20211108223935  -866.6 -59.6 -275.9
20211108223936  -867.0 -59.2 -275.9
20211108223937  -868.2 -58.9 -276.5
20211108223938  -868.7 -59.0 -276.4
20211108223939  -869.3 -58.6 -276.2
20211108223940  -869.9 -58.8 -276.1
20211108223941  -870.5 -58.8 -276.0
20211108223942  -871.2 -58.7 -276.1
20211108223943  -871.6 -58.3 -276.2
20211108223944  -872.6 -57.8 -276.1
20211108223945  -873.7 -56.7 -276.1
20211108223946  -874.4 -56.9 -275.7
20211108223947  -874.9 -57.1 -275.4
20211108223948  -875.4 -57.4 -274.7
20211108223949  -875.4 -58.2 -274.0
20211108223950  -875.9 -58.6 -273.7
20211108223951  -876.4 -59.3 -273.9
20211108223952  -876.7 -60.1 -273.9
20211108223953  -876.8 -60.8 -273.9
20211108223954  -876.9 -61.5 -273.9
20211108223955  -877.1 -61.8 -274.1
20211108223956  -877.3 -61.8 -274.2
20211108223957  -877.7 -61.8 -274.5
20211108223958  -878.0 -61.5 -273.8
20211108223959  -878.0 -61.0 -273.6
20211108224000  -878.4 -60.8 -273.5
20211108224001  -878.5 -60.8 -273.0
20211108224002  -878.8 -61.1 -272.8
20211108224003  -879.5 -61.3 -273.5
20211108224004  -879.5 -61.5 -273.5
20211108224005  -879.6 -61.5 -273.7
20211108224006  -879.1 -61.8 -273.3
20211108224007  -879.2 -62.1 -274.0
20211108224008  -878.9 -62.6 -274.1
20211108224009  -878.9 -63.1 -274.3
20211108224010  -878.7 -63.2 -274.4
20211108224011  -878.8 -63.0 -274.5
20211108224012  -879.1 -63.3 -274.7
20211108224013  -879.0 -63.1 -274.7
20211108224014  -879.0 -63.2 -274.3
20211108224015  -878.6 -63.2 -274.3
20211108224016  -878.5 -63.2 -274.1
20211108224017  -878.8 -63.2 -273.8
20211108224018  -878.7 -63.0 -273.6
20211108224019  -879.0 -63.0 -273.4
20211108224020  -879.1 -63.1 -272.9
20211108224021  -879.0 -63.6 -272.9
20211108224022  -878.9 -64.1 -272.6
20211108224023  -878.3 -64.3 -272.2
20211108224024  -877.3 -64.9 -271.8
20211108224025  -876.3 -64.6 -271.3
20211108224026  -875.9 -64.7 -271.1
20211108224027  -875.3 -64.0 -271.0
20211108224028  -875.1 -63.5 -270.8
20211108224029  -875.4 -63.1 -271.1
20211108224030  -875.2 -63.2 -270.8
20211108224031  -874.6 -62.9 -271.0
20211108224032  -874.4 -62.9 -271.1
20211108224033  -874.2 -62.6 -271.2
20211108224034  -873.9 -62.7 -270.8
20211108224035  -873.6 -61.9 -271.0
20211108224036  -873.5 -61.7 -270.8
20211108224037  -873.1 -61.5 -270.7
20211108224038  -872.9 -61.6 -270.7
20211108224039  -872.6 -61.3 -270.7
20211108224040  -872.5 -61.4 -270.6
20211108224041  -872.2 -61.6 -270.6
20211108224042  -871.8 -61.6 -270.3
20211108224043  -871.4 -61.6 -270.2
20211108224044  -871.3 -62.0 -269.6
20211108224045  -870.8 -62.1 -269.7
20211108224046  -870.4 -62.6 -269.3
20211108224047  -870.3 -63.0 -269.2
20211108224048  -870.1 -62.9 -268.7
20211108224049  -869.9 -63.0 -268.4
20211108224050  -869.7 -63.1 -268.3
20211108224051  -869.2 -62.6 -267.8
20211108224052  -869.3 -62.4 -267.1
20211108224053  -869.3 -61.7 -267.1
20211108224054  -869.5 -61.4 -266.6
20211108224055  -869.7 -61.2 -267.0
20211108224056  -870.4 -61.5 -267.3
20211108224057  -870.8 -61.5 -266.9
20211108224058  -871.0 -61.5 -267.0
20211108224059  -871.5 -61.1 -267.3
20211108224100  -871.8 -60.6 -267.7
20211108224101  -872.1 -60.1 -267.7
20211108224102  -872.5 -60.2 -267.6
20211108224103  -872.7 -60.1 -267.3
20211108224104  -872.7 -59.4 -266.7
20211108224105  -872.9 -58.7 -266.9
20211108224106  -873.2 -58.2 -266.6
20211108224107  -873.5 -58.0 -266.6
20211108224108  -873.7 -57.8 -266.5
20211108224109  -873.8 -57.7 -267.1
20211108224110  -874.1 -57.9 -267.0
20211108224111  -874.4 -58.1 -267.2
20211108224112  -874.7 -57.8 -267.4
20211108224113  -875.1 -57.1 -267.6
20211108224114  -875.4 -56.6 -268.2
20211108224115  -875.8 -56.1 -268.3
20211108224116  -876.2 -56.0 -268.9
20211108224117  -875.5 -55.9 -268.5
20211108224118  -875.5 -55.1 -268.2
20211108224119  -875.7 -54.9 -267.5
20211108224120  -875.7 -54.5 -267.2
20211108224121  -876.5 -54.7 -267.4
20211108224122  -877.2 -54.7 -267.6
20211108224123  -877.7 -54.7 -267.7
20211108224124  -878.3 -54.2 -267.2
20211108224125  -878.6 -53.9 -266.5
20211108224126  -878.6 -53.0 -266.1
20211108224127  -878.8 -52.9 -265.4
20211108224128  -878.9 -53.0 -265.6
20211108224129  -879.3 -53.4 -266.1
20211108224130  -879.6 -53.9 -266.2
20211108224131  -880.2 -54.2 -266.3
20211108224132  -880.8 -54.4 -266.6
20211108224133  -881.0 -54.5 -267.2
20211108224134  -881.6 -55.0 -267.3
20211108224135  -882.4 -54.8 -267.6
20211108224136  -882.9 -54.8 -268.2
20211108224137  -883.2 -54.4 -267.9
20211108224138  -883.1 -53.9 -267.8
20211108224139  -883.3 -53.3 -268.1
20211108224140  -883.7 -53.3 -268.7
20211108224141  -884.0 -53.2 -269.3
20211108224142  -884.1 -53.6 -269.5
20211108224143  -883.8 -53.9 -269.3
20211108224144  -883.7 -53.6 -269.1
20211108224145  -883.8 -53.5 -268.7
20211108224146  -883.7 -53.4 -268.5
20211108224147  -883.8 -52.9 -268.6
20211108224148  -884.8 -52.8 -269.1
20211108224149  -884.7 -52.5 -268.9
20211108224150  -885.2 -52.5 -269.0
20211108224151  -885.4 -52.5 -269.2
20211108224152  -886.0 -52.2 -269.1
20211108224153  -886.1 -52.0 -269.1
20211108224154  -886.1 -51.3 -268.9
20211108224155  -886.3 -51.4 -269.0
20211108224156  -886.4 -51.4 -268.5
20211108224157  -886.6 -51.4 -268.5
20211108224158  -886.5 -51.2 -268.5
20211108224159  -886.1 -51.1 -268.0
20211108224200  -886.2 -51.0 -267.4
20211108224201  -886.1 -50.5 -267.2
20211108224202  -886.2 -50.4 -267.3
20211108224203  -886.0 -50.1 -267.5
20211108224204  -886.2 -49.7 -267.7
20211108224205  -886.4 -49.5 -267.5
20211108224206  -886.4 -50.0 -267.9
20211108224207  -886.6 -50.3 -267.9
20211108224208  -886.3 -50.5 -268.2
20211108224209  -886.2 -50.8 -268.0
20211108224210  -885.5 -50.3 -267.8
20211108224211  -885.1 -49.9 -268.0
20211108224212  -885.2 -50.0 -267.8
20211108224213  -885.0 -49.7 -267.8
20211108224214  -885.9 -49.6 -268.1
20211108224215  -885.8 -49.5 -267.9
20211108224216  -885.4 -48.9 -267.9
20211108224217  -885.2 -48.6 -268.1
20211108224218  -885.3 -48.3 -268.0
20211108224219  -885.3 -48.0 -268.0
20211108224220  -885.3 -48.1 -268.1
20211108224221  -885.2 -48.3 -267.3
