.6
20211030234238  -882.8 43.4 -281.6
20211030234239  -882.8 43.6 -281.5
20211030234240  -882.8 43.4 -281.3
20211030234241  -882.7 43.4 -281.2
20211030234242  -882.5 43.3 -281.2
20211030234243  -882.8 43.2 -281.2
20211030234244  -882.6 43.4 -281.4
20211030234245  -882.5 42.9 -281.6
20211030234246  -882.4 42.8 -281.5
20211030234247  -882.5 42.2 -281.7
20211030234248  -882.3 42.6 -281.7
20211030234249  -882.3 42.6 -281.8
20211030234250  -882.5 43.0 -281.7
20211030234251  -882.7 43.1 -281.3
20211030234252  -882.9 43.6 -281.0
20211030234253  -882.7 43.8 -281.4
20211030234254  -882.4 43.6 -281.5
20211030234255  -882.7 43.5 -281.6
20211030234256  -882.4 42.9 -281.7
20211030234257  -882.4 43.1 -281.4
20211030234258  -882.5 42.8 -281.6
20211030234259  -882.4 43.2 -281.3
20211030234300  -882.3 43.1 -281.5
20211030234301  -882.1 43.0 -281.9
20211030234302  -881.8 43.0 -281.8
20211030234303  -881.7 42.7 -281.7
20211030234304  -881.8 42.4 -281.5
20211030234305  -882.5 41.9 -281.8
20211030234306  -882.1 41.7 -281.8
20211030234307  -882.5 41.9 -281.7
20211030234308  -882.6 41.8 -281.9
20211030234309  -882.5 42.0 -281.8
20211030234310  -882.0 41.9 -281.6
20211030234311  -882.3 41.9 -281.3
20211030234312  -882.2 41.9 -281.3
20211030234313  -882.1 42.1 -281.4
20211030234314  -882.0 41.9 -281.5
20211030234315  -882.0 41.4 -281.3
20211030234316  -882.0 41.3 -281.5
20211030234317  -882.0 40.8 -281.4
20211030234318  -881.7 40.2 -281.0
20211030234319  -881.8 40.3 -281.0
20211030234320  -881.8 40.6 -281.2
20211030234321  -882.0 40.2 -281.1
20211030234322  -881.8 40.2 -280.9
20211030234323  -882.3 40.5 -280.9
20211030234324  -882.0 41.0 -281.0
20211030234325  -882.2 41.3 -280.9
20211030234326  -882.1 41.7 -281.1
20211030234327  -881.9 42.0 -281.4
20211030234328  -881.8 42.1 -282.0
20211030234329  -881.8 41.7 -282.4
20211030234330  -881.6 41.6 -282.8
20211030234331  -881.7 41.2 -282.7
20211030234332  -881.5 41.4 -282.6
20211030234333  -881.2 41.2 -281.8
20211030234334  -880.8 40.7 -281.8
20211030234335  -881.8 40.7 -282.5
20211030234336  -881.8 40.1 -282.7
20211030234337  -882.0 39.9 -283.4
20211030234338  -882.3 39.7 -283.9
20211030234339  -882.7 39.3 -283.9
20211030234340  -883.0 39.0 -284.2
20211030234341  -882.6 39.4 -284.1
20211030234342  -882.6 39.4 -283.8
20211030234343  -882.2 39.6 -283.8
20211030234344  -881.8 40.2 -283.8
20211030234345  -881.5 40.7 -284.0
20211030234346  -881.3 41.4 -284.2
20211030234347  -881.3 41.9 -284.6
20211030234348  -881.5 41.9 -284.9
20211030234349  -881.2 41.9 -285.8
20211030234350  -881.4 41.7 -286.1
20211030234351  -881.5 41.9 -286.4
20211030234352  -881.7 41.7 -286.5
20211030234353  -881.7 41.3 -286.7
20211030234354  -881.7 41.0 -286.8
20211030234355  -881.7 40.9 -286.9
20211030234356  -881.4 40.8 -287.0
20211030234357  -881.4 40.4 -286.8
20211030234358  -881.4 40.1 -286.8
20211030234359  -881.4 40.1 -286.8
20211030234400  -881.5 39.9 -286.6
20211030234401  -881.2 39.9 -286.3
20211030234402  -880.8 39.9 -286.5
20211030234403  -880.6 40.4 -286.3
20211030234404  -880.7 40.7 -286.6
20211030234405  -881.2 40.6 -287.3
20211030234406  -881.2 40.3 -287.3
20211030234407  -881.2 39.7 -287.1
20211030234408  -881.2 39.2 -287.3
20211030234409  -881.2 38.7 -287.0
20211030234410  -881.2 38.2 -287.4
20211030234411  -881.1 38.0 -287.4
20211030234412  -881.0 37.2 -287.4
20211030234413  -880.9 37.1 -287.3
20211030234414  -880.9 36.8 -287.1
20211030234415  -880.7 36.7 -287.0
20211030234416  -880.7 36.6 -286.9
20211030234417  -880.0 36.7 -286.6
20211030234418  -880.1 37.1 -286.4
20211030234419  -880.0 37.2 -286.6
20211030234420  -879.8 37.7 -286.7
20211030234421  -879.7 37.6 -287.0
20211030234422  -879.6 37.4 -286.9
20211030234423  -879.7 37.1 -287.0
20211030234424  -879.7 37.1 -287.2
20211030234425  -879.5 36.7 -287.4
20211030234426  -879.5 36.5 -287.9
20211030234427  -879.2 36.2 -288.0
20211030234428  -878.9 35.8 -288.5
20211030234429  -879.2 35.1 -288.5
20211030234430  -878.9 34.6 -288.6
20211030234431  -878.9 34.5 -288.5
20211030234432  -878.3 33.6 -288.0
20211030234433  -877.7 33.9 -286.8
20211030234434  -877.3 34.1 -286.7
20211030234435  -877.6 34.2 -286.8
20211030234436  -877.3 33.9 -287.1
20211030234437  -877.3 34.0 -287.1
20211030234438  -877.2 33.8 -287.1
20211030234439  -877.3 33.6 -287.5
20211030234440  -878.0 33.6 -287.9
20211030234441  -878.3 33.1 -287.8
20211030234442  -878.7 32.8 -287.7
20211030234443  -878.6 32.7 -287.6
20211030234444  -878.6 32.6 -287.5
20211030234445  -878.6 33.1 -287.1
20211030234446  -878.0 33.0 -286.8
20211030234447  -877.8 33.5 -286.6
20211030234448  -877.7 33.6 -286.7
20211030234449  -877.3 33.7 -286.9
20211030234450  -877.4 33.4 -287.3
20211030234451  -877.4 33.5 -287.5
20211030234452  -877.3 33.5 -287.6
20211030234453  -877.3 33.5 -287.6
20211030234454  -877.4 33.4 -287.8
20211030234455  -877.5 33.1 -288.1
20211030234456  -877.6 32.8 -288.3
20211030234457  -877.7 32.4 -288.3
20211030234458  -877.7 32.3 -288.4
20211030234459  -877.8 32.0 -288.1
20211030234500  -877.3 32.1 -287.9
20211030234501  -877.6 32.0 -288.1
20211030234502  -877.2 31.8 -287.8
20211030234503  -876.2 31.9 -287.2
20211030234504  -875.7 31.9 -286.6
20211030234505  -876.2 31.6 -286.7
20211030234506  -876.1 31.6 -286.7
20211030234507  -875.9 31.6 -287.2
20211030234508  -875.8 31.7 -287.2
20211030234509  -875.8 31.7 -287.2
20211030234510  -875.5 31.2 -287.5
20211030234511  -875.6 31.1 -287.4
20211030234512  -875.2 31.0 -287.5
20211030234513  -875.1 30.7 -287.4
20211030234514  -874.7 30.4 -287.4
20211030234515  -874.7 30.3 -287.2
20211030234516  -874.3 30.7 -287.3
20211030234517  -874.0 30.5 -287.6
20211030234518  -874.2 30.6 -287.7
20211030234519  -873.9 30.5 -287.4
20211030234520  -873.9 30.7 -287.3
20211030234521  -873.8 30.9 -287.1
20211030234522  -874.0 30.9 -287.3
20211030234523  -873.7 30.8 -287.0
20211030234524  -873.9 30.7 -287.3
20211030234525  -873.6 30.4 -287.9
20211030234526  -873.6 29.8 -287.9
20211030234527  -873.2 29.5 -287.9
20211030234528  -873.0 29.2 -287.7
20211030234529  -872.5 29.1 -286.9
20211030234530  -872.0 29.1 -286.9
20211030234531  -871.5 29.3 -286.4
20211030234532  -871.3 28.9 -286.3
20211030234533  -870.6 29.1 -286.0
20211030234534  -870.6 29.0 -286.6
20211030234535  -871.1 28.6 -287.5
20211030234536  -871.2 28.3 -287.9
20211030234537  -871.5 28.2 -288.2
20211030234538  -871.6 28.4 -288.2
20211030234539  -871.4 28.1 -288.3
20211030234540  -871.3 28.2 -288.3
20211030234541  -871.2 27.7 -288.2
20211030234542  -871.0 27.6 -288.0
20211030234543  -870.4 27.2 -287.9
20211030234544  -870.1 26.8 -287.6
20211030234545  -869.6 26.5 -287.7
20211030234546  -869.7 26.4 -287.9
20211030234547  -869.7 26.2 -287.7
20211030234548  -869.6 25.8 -287.8
20211030234549  -869.6 25.5 -287.6
20211030234550  -869.4 25.7 -287.4
20211030234551  -869.1 25.8 -286.9
20211030234552  -868.9 25.7 -287.1
20211030234553  -868.7 25.5 -286.7
20211030234554  -868.5 25.4 -286.8
20211030234555  -868.6 25.1 -286.9
20211030234556  -868.2 24.9 -286.7
20211030234557  -868.4 25.0 -285.9
20211030234558  -868.3 24.7 -285.7
20211030234559  -868.5 24.4 -285.7
20211030234600  -868.6 24.2 -285.7
20211030234601  -868.6 23.7 -285.4
20211030234602  -868.6 22.8 -285.3
20211030234603  -867.7 22.2 -284.8
20211030234604  -867.7 22.2 -284.6
20211030234605  -868.4 21.9 -285.2
20211030234606  -869.1 21.7 -285.3
20211030234607  -869.1 21.1 -285.7
20211030234608  -869.3 20.4 -285.7
20211030234609  -869.3 20.1 -285.5
20211030234610  -869.6 19.9 -285.1
20211030234611  -869.6 20.1 -285.2
20211030234612  -868.9 20.5 -284.8
20211030234613  -869.0 20.4 -284.7
20211030234614  -868.4 20.3 -284.2
20211030234615  -868.1 20.4 -284.0
20211030234616  -867.9 20.6 -283.4
