20211110165030  -670.7 -89.5 -185.8
20211110165031  -670.7 -89.6 -185.8
20211110165032  -670.9 -89.6 -185.8
20211110165033  -671.0 -89.6 -185.7
20211110165034  -670.8 -89.4 -185.5
20211110165035  -671.1 -89.5 -185.5
20211110165036  -671.2 -89.4 -185.8
20211110165037  -670.9 -89.4 -186.0
20211110165038  -670.8 -89.5 -185.9
20211110165039  -670.9 -89.7 -185.9
20211110165040  -670.6 -89.6 -186.0
20211110165041  -671.1 -89.7 -185.7
20211110165042  -671.0 -89.6 -185.8
20211110165043  -671.1 -89.7 -185.9
20211110165044  -670.7 -89.5 -185.8
20211110165045  -670.9 -89.7 -185.7
20211110165046  -670.7 -89.8 -185.7
20211110165047  -670.8 -89.7 -185.7
20211110165048  -670.8 -89.5 -185.8
20211110165049  -670.7 -89.8 -185.8
20211110165050  -670.8 -89.8 -185.8
20211110165051  -670.9 -89.4 -185.8
20211110165052  -671.2 -89.5 -185.9
20211110165053  -670.5 -89.2 -185.6
20211110165054  -671.3 -89.6 -185.9
20211110165055  -671.1 -89.5 -185.9
20211110165056  -671.4 -89.7 -186.0
20211110165057  -671.4 -89.7 -186.1
20211110165058  -671.2 -89.9 -186.0
20211110165059  -671.4 -89.7 -185.9
20211110165100  -671.3 -89.6 -186.1
20211110165101  -671.3 -89.7 -185.9
20211110165102  -671.3 -89.9 -186.2
20211110165103  -671.5 -89.8 -186.0
20211110165104  -671.5 -89.5 -185.8
20211110165105  -671.4 -89.6 -186.0
20211110165106  -671.2 -89.3 -185.7
20211110165107  -671.1 -89.6 -186.0
20211110165108  -671.1 -89.7 -185.8
20211110165109  -671.1 -89.7 -185.5
20211110165110  -671.0 -89.6 -185.4
20211110165111  -671.1 -90.0 -185.6
20211110165112  -671.2 -89.8 -185.6
20211110165113  -671.1 -89.3 -185.6
20211110165114  -671.3 -89.6 -185.7
20211110165115  -670.9 -89.3 -185.7
20211110165116  -671.0 -89.5 -185.8
20211110165117  -671.0 -89.7 -185.8
20211110165118  -671.0 -89.7 -186.1
20211110165119  -671.2 -89.7 -185.9
20211110165120  -671.2 -89.6 -185.6
20211110165121  -671.1 -89.7 -186.0
20211110165122  -671.2 -89.7 -185.7
20211110165123  -670.7 -89.7 -185.6
20211110165124  -670.5 -89.4 -185.3
20211110165125  -670.7 -89.5 -185.4
20211110165126  -670.7 -89.8 -185.5
20211110165127  -670.6 -89.7 -185.3
20211110165128  -670.6 -89.9 -185.4
20211110165129  -670.9 -89.4 -185.7
20211110165130  -671.0 -89.5 -185.4
20211110165131  -671.2 -89.6 -185.5
20211110165132  -670.9 -89.5 -185.8
20211110165133  -671.1 -89.4 -185.9
20211110165134  -671.1 -89.5 -185.7
20211110165135  -671.3 -89.6 -185.7
20211110165136  -671.1 -89.7 -185.8
20211110165137  -670.9 -89.5 -185.5
20211110165138  -671.1 -89.9 -185.7
20211110165139  -671.2 -89.8 -185.8
20211110165140  -671.3 -89.7 -185.5
20211110165141  -671.5 -89.6 -185.3
20211110165142  -671.3 -89.4 -185.3
20211110165143  -671.5 -89.7 -185.4
20211110165144  -671.5 -89.6 -185.6
20211110165145  -671.5 -89.7 -185.5
20211110165146  -671.3 -89.4 -185.5
20211110165147  -671.4 -89.4 -185.5
20211110165148  -671.6 -89.8 -185.3
20211110165149  -671.5 -89.6 -185.6
20211110165150  -671.5 -89.6 -185.5
20211110165151  -671.3 -89.5 -185.8
20211110165152  -671.3 -89.4 -185.6
20211110165153  -671.1 -89.7 -185.9
20211110165154  -671.2 -89.8 -185.6
20211110165155  -671.3 -90.1 -185.9
20211110165156  -671.6 -89.8 -185.8
20211110165157  -671.2 -89.7 -185.5
20211110165158  -671.2 -89.5 -185.4
20211110165159  -671.5 -89.8 -185.5
20211110165200  -671.6 -90.1 -185.7
20211110165201  -671.3 -89.6 -185.9
20211110165202  -671.3 -90.0 -185.7
20211110165203  -671.4 -90.2 -185.7
20211110165204  -671.1 -90.0 -185.5
20211110165205  -671.1 -90.1 -185.7
20211110165206  -671.2 -90.0 -185.7
20211110165207  -671.0 -90.0 -185.7
20211110165208  -671.2 -90.1 -185.8
20211110165209  -670.9 -90.2 -186.1
20211110165210  -671.1 -90.2 -186.0
20211110165211  -670.9 -89.9 -185.9
20211110165212  -670.9 -90.1 -185.7
20211110165213  -671.1 -90.1 -185.7
20211110165214  -670.8 -90.1 -186.0
20211110165215  -671.0 -90.2 -185.8
20211110165216  -671.3 -90.4 -185.6
20211110165217  -671.3 -90.0 -185.8
20211110165218  -671.6 -90.1 -185.6
20211110165219  -671.3 -90.0 -185.6
20211110165220  -671.5 -90.2 -185.6
20211110165221  -671.7 -90.0 -185.8
20211110165222  -671.9 -90.1 -185.8
20211110165223  -671.7 -90.1 -185.5
20211110165224  -671.9 -90.1 -185.5
20211110165225  -672.0 -90.1 -185.7
20211110165226  -671.9 -90.1 -186.0
20211110165227  -671.9 -90.1 -186.1
20211110165228  -671.8 -90.0 -185.8
20211110165229  -671.9 -90.0 -186.0
20211110165230  -671.9 -89.7 -186.1
20211110165231  -671.7 -89.9 -185.9
20211110165232  -671.7 -89.9 -186.0
20211110165233  -671.7 -90.0 -186.2
20211110165234  -671.9 -90.0 -185.9
20211110165235  -671.9 -90.2 -186.0
20211110165236  -671.7 -90.1 -185.7
20211110165237  -671.6 -90.4 -186.0
20211110165238  -671.6 -90.6 -185.8
20211110165239  -671.7 -90.4 -185.9
20211110165240  -671.3 -90.2 -185.8
20211110165241  -671.4 -90.2 -186.0
20211110165242  -671.6 -90.0 -185.9
20211110165243  -671.6 -90.0 -186.1
20211110165244  -671.5 -90.2 -186.5
20211110165245  -671.3 -90.0 -186.0
20211110165246  -671.5 -90.0 -186.0
20211110165247  -671.7 -89.9 -185.9
20211110165248  -671.6 -89.8 -186.0
20211110165249  -671.4 -89.9 -186.2
20211110165250  -671.3 -89.8 -185.9
20211110165251  -671.6 -89.8 -185.9
20211110165252  -671.6 -89.8 -186.0
20211110165253  -671.6 -89.8 -186.4
20211110165254  -671.7 -89.9 -186.5
20211110165255  -671.5 -89.9 -186.2
20211110165256  -671.6 -90.0 -186.4
20211110165257  -671.6 -89.8 -186.2
20211110165258  -671.9 -89.8 -186.3
20211110165259  -671.6 -90.1 -186.2
20211110165300  -671.7 -90.1 -186.1
20211110165301  -671.7 -90.3 -186.0
20211110165302  -671.8 -90.0 -186.1
20211110165303  -671.8 -90.1 -186.2
20211110165304  -671.9 -90.3 -186.0
20211110165305  -671.5 -90.2 -186.1
20211110165306  -671.8 -90.2 -186.1
20211110165307  -671.6 -90.0 -185.9
20211110165308  -671.5 -90.1 -185.8
20211110165309  -671.6 -90.0 -185.9
20211110165310  -671.7 -90.3 -185.9
20211110165311  -671.4 -90.2 -186.0
20211110165312  -671.5 -90.2 -186.1
20211110165313  -671.6 -90.4 -185.9
20211110165314  -671.6 -90.3 -186.0
20211110165315  -671.7 -90.0 -185.9
20211110165316  -671.5 -90.0 -185.9
20211110165317  -671.7 -89.9 -186.0
20211110165318  -671.7 -90.1 -185.7
20211110165319  -671.2 -90.1 -185.8
20211110165320  -671.3 -90.2 -185.7
20211110165321  -671.6 -90.0 -185.7
20211110165322  -671.5 -90.1 -185.8
20211110165323  -671.5 -89.7 -186.3
20211110165324  -671.4 -90.2 -186.4
20211110165325  -671.2 -90.1 -185.6
20211110165326  -671.4 -89.5 -185.7
20211110165327  -671.3 -90.0 -186.1
20211110165328  -671.2 -90.0 -186.0
20211110165329  -671.3 -89.8 -186.1
20211110165330  -671.5 -89.7 -186.0
20211110165331  -671.5 -89.8 -186.2
20211110165332  -671.7 -89.9 -186.0
20211110165333  -671.6 -89.9 -186.1
20211110165334  -671.7 -90.0 -186.3
20211110165335  -671.4 -89.6 -186.0
20211110165336  -671.7 -89.4 -186.0
20211110165337  -671.7 -89.3 -186.0
20211110165338  -671.6 -89.8 -186.2
20211110165339  -671.9 -89.7 -186.4
20211110165340  -671.7 -89.6 -186.4
20211110165341  -671.9 -89.5 -186.4
20211110165342  -671.8 -89.4 -186.3
20211110165343  -671.7 -89.5 -186.2
20211110165344  -671.7 -89.5 -186.3
20211110165345  -671.6 -89.5 -186.3
20211110165346  -671.5 -89.5 -186.1
20211110165347  -671.4 -89.7 -186.0
20211110165348  -671.3 -89.8 -186.1
20211110165349  -671.6 -90.0 -186.1
20211110165350  -671.4 -89.4 -186.1
20211110165351  -671.0 -89.5 -186.1
20211110165352  -671.5 -89.6 -186.1
20211110165353  -671.4 -89.7 -186.0
20211110165354  -671.4 -89.7 -186.2
20211110165355  -671.4 -89.7 -186.2
20211110165356  -671.2 -89.9 -185.6
20211110165357  -671.5 -89.8 -186.0
20211110165358  -671.3 -89.7 -186.0
20211110165359  -671.5 -89.6 -185.8
20211110165400  -671.6 -89.7 -186.2
20211110165401  -671.5 -89.5 -185.8
20211110165402  -671.6 -89.9 -186.1
20211110165403  -671.5 -89.7 -185.6
20211110165404  -671.7 -89.4 -185.7
20211110165405  -671.9 -89.7 -185.8
20211110165406  -672.0 -89.7 -186.1
20211110165407  -672.1 -89.8 -186.2
20211110165408  -672.3 -89.7 -186.4
20211110165409  -672.2 -89.5 -186.1
20211110165410  -672.4 -89.4 -186.1
20211110165411  -671.9 -89.6 -186.1
20211110165412  -671.9 -89.5 -186.1
20211110165413  -671.9 -89.0 -185.9
20211110165414  -672.1 -89.1 -185.7
20211110165415  -672.2 -89.1 -186.0
20211110165416  -671.9 -89.2 -186.1
20211110165417  -671.9 -89.5 -186.1
20211110165418  -671.8 -89.7 -186.1
20211110165419  -672.0 -89.5 -185.9
20211110165420  -671.7 -89.1 -185.9
20211110165421  -671.6 -89.3 -185.9
20211110165422  -671.7 -89.4 -186.2
20211110165423  -672.1 -89.6 -186.2
20211110165424  -672.0 -89.1 -185.9
20211110165425  -672.2 -89.3 -185.8
20211110165426  -671.3 -89.2 -185.2
20211110165427  -671.5 -89.3 -185.2
20211110165428  -671.7 -89.1 -185.6
20211110165429  -671.6 -89.2 -185.5
20211110165430  -671.2 -89.0 -185.2
20211110165431  -671.6 -88.9 -185.6
20211110165432  -671.6 -89.1 -185.8
20211110165433  -671.7 -89.0 -185.6
20211110165434  -671.5 -88.9 -185.8
20211110165435  -671.4 -88.9 -185.5
20211110165436  -671.7 -88.7 -185.2
20211110165437  -671.7 -88.5 -185.6
20211110165438  -671.7 -88.9 -185.3
20211110165439  -671.8 -88.8 -185.3
20211110165440  -671.6 -89.1 -185.4
20211110165441  -671.8 -89.1 -185.4
20211110165442  -671.7 -89.0 -185.6
20211110165443  -671.7 -89.0 -185.4
20211110165444  -671.5 -89.1 -185.3
20211110165445  -671.5 -89.3 -185.7
20211110165446  -671.3 -89.2 -185.6
20211110165447  -671.8 -89.0 -185.4
20211110165448  -671.7 -89.3 -185.2
20211110165449  -671.5 -89.4 -185.1
20211110165450  -671.3 -89.2 -185.2
20211110165451  -671.4 -89.3 -185.4
20211110165452  -671.3 -89.2 -185.3
20211110165453  -671.5 -89.3 -185.4
20211110165454  -671.2 -89.0 -185.3
20211110165455  -671.3 -89.1 -185.3
20211110165456  -671.4 -88.8 -185.1
20211110165457  -670.9 -88.8 -184.8
20211110165458  -671.4 -88.8 -185.3
20211110165459  -671.2 -88.6 -184.9
20211110165500  -671.5 -88.8 -184.9
20211110165501  -671.1 -88.9 -185.2
20211110165502  -671.2 -89.0 -184.9
20211110165503  -671.5 -89.2 -185.3
20211110165504  -671.4 -89.3 -185.2
20211110165505  -671.2 -89.2 -185.4
20211110165506  -671.4 -89.1 -185.6
20211110165507  -671.6 -89.1 -185.6
20211110165508  -671.7 -88.8 -185.8
20211110165509  -671.4 -89.0 -185.8
20211110165510  -671.5 -88.9 -185.5
20211110165511  -671.3 -88.9 -185.5
20211110165512  -671.6 -88.8 -185.7
20211110165513  -671.5 -88.8 -185.6
20211110165514  -671.8 -88.9 -185.9
20211110165515  -671.8 -88.6 -185.6
20211110165516  -671.8 -88.7 -185.5
20211110165517  -672.0 -89.1 -185.4
20211110165518  -671.5 -88.9 -185.4
20211110165519  -671.9 -89.0 -185.6
20211110165520  -671.9 -89.0 -185.5
20211110165521  -671.9 -89.0 -185.7
20211110165522  -671.8 -88.9 -185.7
20211110165523  -672.0 -88.7 -185.3
20211110165524  -671.9 -88.8 -185.4
20211110165525  -671.9 -88.8 -185.6
20211110165526  -672.0 -88.7 -185.8
20211110165527  -671.6 -89.0 -185.4
20211110165528  -671.9 -88.7 -185.7
20211110165529  -671.7 -88.9 -185.7
20211110165530  -671.5 -89.1 -185.9
20211110165531  -671.5 -89.3 -185.9
20211110165532  -671.4 -89.5 -185.8
20211110165533  -671.5 -89.6 -185.6
20211110165534  -671.8 -89.2 -185.6
20211110165535  -671.7 -89.5 -185.7
20211110165536  -672.0 -89.4 -185.6
20211110165537  -671.8 -89.1 -185.7
20211110165538  -671.9 -89.1 -185.5
20211110165539  -671.7 -88.8 -185.6
20211110165540  -671.6 -89.0 -185.8
20211110165541  -671.5 -88.9 -185.7
20211110165542  -671.6 -88.9 -185.7
20211110165543  -671.8 -88.8 -185.7
20211110165544  -671.5 -89.1 -186.0
20211110165545  -671.7 -89.1 -186.0
20211110165546  -671.7 -88.9 -185.9
20211110165547  -671.9 -88.9 -185.8
20211110165548  -671.8 -88.9 -185.8
20211110165549  -671.9 -88.9 -185.7
20211110165550  -671.9 -88.8 -185.7
20211110165551  -671.9 -88.9 -185.7
20211110165552  -671.9 -88.9 -185.8
20211110165553  -671.8 -89.1 -185.6
20211110165554  -671.9 -88.9 -185.6
20211110165555  -671.7 -89.3 -185.7
20211110165556  -671.8 -89.0 -185.8
20211110165557  -672.0 -89.0 -185.7
20211110165558  -671.5 -88.9 -185.3
20211110165559  -671.6 -89.2 -185.7
20211110165600  -672.0 -89.0 -185.5
20211110165601  -671.5 -89.1 -185.8
20211110165602  -671.8 -89.1 -185.6
20211110165603  -671.6 -88.9 -185.9
20211110165604  -671.8 -89.2 -185.5
20211110165605  -671.9 -89.7 -185.4
20211110165606  -671.6 -89.5 -185.5
20211110165607  -671.7 -89.3 -185.7
20211110165608  -671.4 -89.5 -185.9
20211110165609  -671.4 -89.3 -185.7
20211110165610  -671.6 -89.4 -185.6
20211110165611  -671.5 -89.4 -185.5
20211110165612  -671.2 -89.1 -185.5
20211110165613  -671.4 -89.4 -185.8
20211110165614  -671.4 -89.2 -185.6
20211110165615  -671.4 -89.2 -185.6
20211110165616  -671.5 -89.2 -185.4
20211110165617  -671.7 -89.3 -185.5
20211110165618  -671.8 -89.3 -185.6
20211110165619  -672.0 -89.1 -185.7
20211110165620  -671.9 -89.3 -185.8
20211110165621  -672.1 -89.2 -185.5
20211110165622  -671.8 -89.2 -185.6
20211110165623  -671.7 -89.4 -185.5
20211110165624  -672.1 -89.2 -185.6
20211110165625  -672.1 -89.2 -185.5
20211110165626  -672.0 -89.0 -185.7
20211110165627  -672.2 -89.1 -185.7
20211110165628  -672.2 -89.2 -185.5
20211110165629  -672.5 -89.1 -185.7
20211110165630  -672.5 -88.9 -185.8
20211110165631  -672.4 -89.1 -185.8
20211110165632  -672.2 -89.0 -185.5
20211110165633  -672.6 -89.0 -185.6
20211110165634  -672.3 -88.9 -185.4
20211110165635  -672.4 -89.3 -185.6
20211110165636  -672.3 -89.0 -185.6
20211110165637  -672.4 -89.0 -185.6
20211110165638  -672.6 -89.0 -185.4
20211110165639  -672.6 -89.0 -185.4
20211110165640  -672.5 -89.1 -185.5
20211110165641  -672.1 -89.1 -185.4
20211110165642  -672.3 -89.2 -185.4
20211110165643  -672.4 -89.4 -185.6
20211110165644  -672.5 -89.3 -185.4
20211110165645  -672.7 -89.2 -185.5
20211110165646  -672.5 -89.4 -185.5
20211110165647  -672.4 -89.2 -185.6
20211110165648  -672.4 -89.1 -185.8
20211110165649  -672.4 -89.2 -185.7
20211110165650  -672.2 -89.2 -185.6
20211110165651  -672.2 -89.2 -185.7
20211110165652  -672.0 -89.4 -185.7
20211110165653  -672.2 -89.0 -185.8
20211110165654  -672.2 -89.0 -185.5
20211110165655  -672.3 -89.2 -185.7
20211110165656  -672.4 -88.9 -185.7
20211110165657  -672.1 -88.9 -185.4
20211110165658  -672.2 -88.7 -185.4
20211110165659  -672.3 -89.1 -185.6
20211110165700  -672.3 -89.1 -186.0
20211110165701  -672.3 -89.1 -185.9
20211110165702  -672.5 -89.2 -185.8
20211110165703  -672.6 -89.2 -185.8
20211110165704  -672.3 -89.3 -185.7
20211110165705  -672.3 -89.3 -185.9
20211110165706  -672.7 -89.2 -185.8
20211110165707  -672.5 -88.9 -185.7
20211110165708  -672.7 -88.9 -185.7
20211110165709  -672.8 -89.0 -185.8
20211110165710  -672.5 -89.0 -185.7
20211110165711  -672.5 -88.7 -185.6
20211110165712  -672.4 -89.1 -185.5
20211110165713  -672.3 -89.5 -185.3
20211110165714  -672.4 -89.2 -185.4
20211110165715  -672.4 -89.0 -185.6
20211110165716  -672.5 -89.0 -185.6
20211110165717  -672.4 -89.3 -185.7
20211110165718  -672.6 -89.1 -185.6
20211110165719  -672.4 -89.1 -185.9
20211110165720  -672.1 -88.8 -185.9
20211110165721  -672.4 -88.8 -185.9
20211110165722  -672.5 -88.7 -185.7
20211110165723  -672.1 -88.9 -185.8
20211110165724  -672.0 -88.9 -186.1
20211110165725  -671.9 -88.6 -185.8
20211110165726  -672.3 -88.7 -186.0
20211110165727  -672.1 -88.9 -185.8
20211110165728  -672.1 -89.0 -185.8
20211110165729  -671.5 -88.9 -185.5
20211110165730  -671.7 -88.5 -185.5
20211110165731  -671.6 -88.9 -185.6
20211110165732  -671.9 -88.8 -185.4
20211110165733  -671.9 -88.8 -185.5
20211110165734  -671.8 -88.7 -185.6
20211110165735  -671.8 -88.8 -185.5
20211110165736  -671.8 -88.8 -185.8
20211110165737  -671.6 -88.8 -185.9
20211110165738  -672.1 -88.9 -185.9
20211110165739  -672.0 -88.9 -185.7
20211110165740  -672.2 -89.1 -186.0
20211110165741  -672.0 -89.0 -185.8
20211110165742  -671.9 -88.6 -185.8
20211110165743  -672.1 -88.7 -185.5
20211110165744  -672.3 -88.7 -185.6
20211110165745  -672.5 -88.9 -185.8
20211110165746  -672.2 -89.1 -185.8
20211110165747  -672.0 -89.0 -185.5
20211110165748  -672.3 -88.9 -185.5
20211110165749  -672.2 -89.1 -185.4
20211110165750  -672.2 -89.1 -185.5
20211110165751  -672.4 -89.1 -185.2
20211110165752  -672.4 -89.2 -185.6
20211110165753  -672.2 -89.0 -185.6
20211110165754  -672.2 -89.2 -185.5
20211110165755  -672.2 -88.9 -185.2
20211110165756  -672.3 -89.2 -185.6
20211110165757  -672.3 -89.1 -185.3
20211110165758  -672.1 -88.9 -185.3
20211110165759  -671.9 -89.0 -185.4
20211110165800  -672.1 -89.0 -185.2
20211110165801  -672.1 -89.2 -185.7
20211110165802  -672.4 -88.6 -185.9
20211110165803  -672.3 -88.6 -185.8
20211110165804  -672.2 -88.6 -185.7
20211110165805  -671.9 -88.5 -185.6
20211110165806  -672.1 -89.0 -185.7
20211110165807  -672.3 -89.0 -185.9
20211110165808  -672.5 -88.9 -185.9
20211110165809  -672.3 -88.7 -185.9
20211110165810  -672.4 -88.9 -185.9
20211110165811  -672.4 -88.9 -186.1
20211110165812  -672.3 -88.9 -186.0
20211110165813  -672.3 -88.8 -185.9
20211110165814  -672.2 -89.2 -185.6
20211110165815  -671.9 -89.4 -185.9
