20211101231247  -669.2 -89.2 -197.7
20211101231248  -669.1 -89.2 -198.0
20211101231249  -669.0 -89.3 -198.0
20211101231250  -668.8 -89.0 -197.7
20211101231251  -668.9 -89.1 -197.7
20211101231252  -668.9 -89.3 -197.7
20211101231253  -668.7 -89.3 -197.5
20211101231254  -668.9 -89.2 -197.9
20211101231255  -668.7 -89.4 -197.7
20211101231256  -668.5 -89.4 -197.8
20211101231257  -668.6 -89.3 -197.9
20211101231258  -668.6 -89.1 -197.9
20211101231259  -668.7 -89.3 -198.0
20211101231300  -668.5 -89.2 -197.8
20211101231301  -668.7 -89.2 -198.2
20211101231302  -668.5 -89.5 -198.3
20211101231303  -668.7 -89.4 -198.1
20211101231304  -669.0 -89.2 -197.9
20211101231305  -669.3 -89.3 -198.3
20211101231306  -669.0 -89.2 -197.9
20211101231307  -668.7 -89.1 -198.5
20211101231308  -668.6 -89.2 -198.0
20211101231309  -668.8 -89.1 -198.2
20211101231310  -668.8 -89.2 -198.3
20211101231311  -668.5 -89.2 -198.1
20211101231312  -668.8 -89.1 -197.8
20211101231313  -668.5 -89.3 -197.8
20211101231314  -668.6 -89.3 -197.7
20211101231315  -668.7 -89.2 -197.9
20211101231316  -668.5 -89.2 -198.0
20211101231317  -668.6 -89.4 -197.9
20211101231318  -668.5 -89.4 -197.9
20211101231319  -668.6 -89.2 -198.1
20211101231320  -668.8 -89.1 -197.8
20211101231321  -668.6 -89.3 -197.5
20211101231322  -668.9 -89.5 -197.8
20211101231323  -668.7 -89.4 -197.8
20211101231324  -668.9 -89.2 -197.9
20211101231325  -668.7 -89.1 -197.8
20211101231326  -668.7 -89.0 -198.2
20211101231327  -668.7 -89.1 -198.1
20211101231328  -668.5 -89.0 -198.0
20211101231329  -668.8 -89.0 -198.0
20211101231330  -668.6 -89.0 -197.9
20211101231331  -668.8 -89.2 -198.1
20211101231332  -669.0 -89.1 -198.2
20211101231333  -669.1 -88.9 -198.3
20211101231334  -669.1 -89.0 -198.3
20211101231335  -669.1 -88.9 -198.0
20211101231336  -668.9 -88.8 -198.1
20211101231337  -669.0 -88.7 -198.1
20211101231338  -668.8 -88.9 -198.4
20211101231339  -669.2 -88.8 -198.5
20211101231340  -669.3 -89.1 -198.7
20211101231341  -669.5 -89.1 -198.3
20211101231342  -669.7 -89.1 -198.5
20211101231343  -670.0 -88.9 -198.2
20211101231344  -670.0 -88.8 -198.4
20211101231345  -669.9 -89.0 -198.6
20211101231346  -669.9 -89.0 -198.3
20211101231347  -670.3 -89.0 -198.4
20211101231348  -670.3 -89.0 -198.6
20211101231349  -670.2 -88.7 -198.8
20211101231350  -670.3 -89.0 -199.0
20211101231351  -669.4 -88.6 -198.3
20211101231352  -670.3 -88.9 -199.1
20211101231353  -670.5 -89.1 -198.8
20211101231354  -670.6 -89.1 -198.7
20211101231355  -670.7 -89.0 -198.9
20211101231356  -670.7 -88.9 -198.8
20211101231357  -670.6 -89.0 -198.9
20211101231358  -670.6 -88.9 -198.8
20211101231359  -671.1 -88.5 -199.0
20211101231400  -671.0 -88.7 -198.8
20211101231401  -670.9 -89.0 -199.1
20211101231402  -671.0 -89.0 -198.9
20211101231403  -670.9 -89.1 -199.2
20211101231404  -670.7 -89.1 -198.9
20211101231405  -671.2 -89.1 -198.9
20211101231406  -671.3 -89.3 -198.7
20211101231407  -671.4 -89.3 -198.7
20211101231408  -671.3 -89.0 -198.9
20211101231409  -671.6 -89.2 -199.0
20211101231410  -671.4 -89.2 -199.0
20211101231411  -670.9 -89.3 -198.9
20211101231412  -670.8 -89.1 -198.8
20211101231413  -671.0 -89.0 -199.0
20211101231414  -671.2 -89.1 -198.8
20211101231415  -671.1 -89.0 -198.9
20211101231416  -671.2 -89.1 -199.0
20211101231417  -671.3 -89.1 -198.9
20211101231418  -671.2 -89.3 -199.1
20211101231419  -671.6 -89.0 -199.0
20211101231420  -671.6 -88.8 -199.0
20211101231421  -671.1 -88.6 -198.8
20211101231422  -671.5 -88.5 -199.1
20211101231423  -671.4 -88.2 -199.4
20211101231424  -671.6 -88.1 -199.1
20211101231425  -671.7 -88.4 -199.2
20211101231426  -671.8 -88.4 -199.1
20211101231427  -671.8 -88.3 -199.0
20211101231428  -671.8 -88.4 -199.3
20211101231429  -671.5 -88.2 -199.2
20211101231430  -671.8 -88.2 -199.1
20211101231431  -671.8 -88.3 -198.8
20211101231432  -672.1 -88.2 -199.3
20211101231433  -672.2 -88.0 -199.2
20211101231434  -672.1 -88.3 -199.2
20211101231435  -672.3 -88.2 -199.5
20211101231436  -672.1 -88.2 -199.4
20211101231437  -672.2 -88.0 -199.4
20211101231438  -672.0 -88.0 -199.2
20211101231439  -672.1 -88.2 -199.3
20211101231440  -672.1 -88.1 -199.4
20211101231441  -672.0 -88.1 -199.1
20211101231442  -672.1 -87.7 -199.3
20211101231443  -672.5 -88.0 -199.2
20211101231444  -672.3 -88.0 -199.6
20211101231445  -672.4 -88.2 -199.6
20211101231446  -672.5 -88.3 -199.3
20211101231447  -672.2 -88.1 -199.8
20211101231448  -672.4 -87.8 -199.8
20211101231449  -672.3 -88.3 -199.3
20211101231450  -672.4 -88.4 -199.4
20211101231451  -672.0 -88.2 -199.3
20211101231452  -672.6 -88.3 -199.6
20211101231453  -672.3 -88.5 -199.5
20211101231454  -672.6 -88.5 -199.7
20211101231455  -672.6 -88.4 -200.0
20211101231456  -672.6 -88.3 -199.7
20211101231457  -672.6 -88.3 -199.8
20211101231458  -672.9 -88.3 -199.8
20211101231459  -672.9 -88.4 -199.8
20211101231500  -672.9 -88.2 -200.0
20211101231501  -672.7 -88.2 -199.8
20211101231502  -672.8 -88.4 -199.6
20211101231503  -672.8 -88.5 -200.0
20211101231504  -672.4 -88.4 -199.9
20211101231505  -672.6 -88.4 -199.9
20211101231506  -672.8 -88.4 -199.7
20211101231507  -672.9 -88.4 -199.8
20211101231508  -673.2 -88.3 -200.2
20211101231509  -673.3 -88.0 -200.0
20211101231510  -673.2 -88.6 -199.9
20211101231511  -673.1 -88.5 -200.0
20211101231512  -673.3 -88.3 -199.8
20211101231513  -673.3 -88.4 -199.8
20211101231514  -673.1 -88.3 -199.9
20211101231515  -673.4 -88.4 -199.7
20211101231516  -673.2 -88.3 -199.9
20211101231517  -672.8 -88.2 -199.8
20211101231518  -672.7 -88.1 -199.7
20211101231519  -672.8 -88.2 -199.7
20211101231520  -672.9 -88.3 -199.5
20211101231521  -672.2 -88.4 -199.3
20211101231522  -672.3 -88.2 -199.4
20211101231523  -672.3 -87.9 -199.8
20211101231524  -672.5 -88.0 -199.7
20211101231525  -672.1 -87.8 -199.6
20211101231526  -672.1 -87.7 -199.7
20211101231527  -672.4 -87.7 -199.8
20211101231528  -672.1 -87.9 -199.9
20211101231529  -671.7 -87.6 -200.1
20211101231530  -671.8 -87.8 -199.9
20211101231531  -671.6 -87.9 -199.8
20211101231532  -671.7 -88.0 -199.9
20211101231533  -671.5 -87.8 -199.5
20211101231534  -671.3 -87.7 -199.6
20211101231535  -671.4 -87.5 -199.7
20211101231536  -671.5 -87.9 -199.6
20211101231537  -671.5 -87.9 -199.7
20211101231538  -671.0 -87.8 -199.6
20211101231539  -671.1 -87.8 -199.6
20211101231540  -671.1 -87.7 -199.9
20211101231541  -670.9 -87.6 -199.8
20211101231542  -671.0 -87.9 -200.1
20211101231543  -670.9 -87.7 -199.9
20211101231544  -670.6 -87.8 -199.8
20211101231545  -670.7 -87.6 -199.7
20211101231546  -670.4 -87.5 -199.9
20211101231547  -670.3 -87.6 -199.8
20211101231548  -670.0 -87.5 -199.7
20211101231549  -670.2 -87.4 -199.6
20211101231550  -670.0 -87.6 -199.4
20211101231551  -669.8 -87.7 -199.6
20211101231552  -669.7 -87.8 -199.7
20211101231553  -669.7 -87.8 -199.5
20211101231554  -669.6 -87.9 -199.3
20211101231555  -669.6 -87.9 -199.5
20211101231556  -669.6 -88.0 -199.9
20211101231557  -669.2 -88.0 -199.6
20211101231558  -669.2 -87.8 -199.6
20211101231559  -669.1 -88.3 -199.6
20211101231600  -669.1 -88.1 -199.5
20211101231601  -669.1 -87.9 -199.6
20211101231602  -669.1 -87.8 -199.7
20211101231603  -669.0 -87.7 -199.5
20211101231604  -668.9 -87.7 -199.5
20211101231605  -668.8 -87.8 -199.7
20211101231606  -668.8 -87.5 -199.5
20211101231607  -668.7 -87.4 -199.1
20211101231608  -668.9 -87.8 -199.3
20211101231609  -668.8 -87.7 -199.5
20211101231610  -668.5 -87.6 -199.4
20211101231611  -668.5 -87.7 -199.5
20211101231612  -668.5 -87.8 -199.4
20211101231613  -668.7 -87.6 -199.5
20211101231614  -668.6 -87.6 -199.3
20211101231615  -668.6 -88.1 -199.2
20211101231616  -668.6 -88.1 -199.1
20211101231617  -668.5 -87.6 -199.1
20211101231618  -668.7 -87.9 -199.1
20211101231619  -668.6 -87.7 -199.1
20211101231620  -668.6 -87.5 -198.9
20211101231621  -668.6 -87.6 -199.0
