20211031081229  -666.6 -76.5 -188.9
20211031081230  -666.6 -76.4 -188.8
20211031081231  -666.2 -76.6 -188.9
20211031081232  -666.7 -76.4 -188.9
20211031081233  -666.5 -76.5 -188.7
20211031081234  -666.7 -76.9 -188.8
20211031081235  -666.5 -76.8 -188.8
20211031081236  -666.6 -76.6 -188.5
20211031081237  -666.9 -76.5 -188.7
20211031081238  -667.0 -76.2 -188.9
20211031081239  -667.0 -76.1 -188.7
20211031081240  -667.1 -76.3 -188.6
20211031081241  -666.8 -76.2 -188.6
20211031081242  -667.4 -76.3 -188.7
20211031081243  -667.0 -76.3 -188.9
20211031081244  -666.7 -76.3 -188.9
20211031081245  -667.1 -75.8 -188.7
20211031081246  -666.8 -75.5 -188.8
20211031081247  -666.8 -75.6 -189.0
20211031081248  -666.8 -76.0 -189.0
20211031081249  -666.8 -75.7 -189.0
20211031081250  -666.8 -75.5 -189.1
20211031081251  -666.6 -75.6 -189.3
20211031081252  -666.6 -75.4 -189.2
20211031081253  -666.0 -75.4 -189.1
20211031081254  -665.5 -75.0 -188.7
20211031081255  -666.3 -75.1 -189.3
20211031081256  -666.6 -75.3 -189.1
20211031081257  -666.3 -75.3 -189.4
20211031081258  -666.7 -75.1 -189.2
20211031081259  -666.7 -74.9 -189.2
20211031081300  -666.7 -75.0 -189.3
20211031081301  -666.8 -75.0 -189.1
20211031081302  -666.9 -75.0 -189.1
20211031081303  -666.9 -74.6 -189.2
20211031081304  -667.2 -74.4 -189.4
20211031081305  -667.2 -74.6 -189.1
20211031081306  -667.5 -74.4 -189.2
20211031081307  -667.5 -74.2 -189.2
20211031081308  -667.5 -74.2 -189.5
20211031081309  -667.7 -74.1 -189.4
20211031081310  -667.8 -74.0 -189.0
20211031081311  -668.0 -73.8 -189.1
20211031081312  -667.9 -73.7 -188.9
20211031081313  -668.2 -73.8 -189.0
20211031081314  -667.8 -73.9 -189.0
20211031081315  -668.0 -74.0 -189.0
20211031081316  -667.9 -73.8 -188.9
20211031081317  -667.9 -73.8 -189.0
20211031081318  -668.0 -73.8 -189.0
20211031081319  -667.6 -73.7 -189.0
20211031081320  -667.5 -73.6 -188.9
20211031081321  -667.3 -74.1 -189.0
20211031081322  -667.4 -74.1 -189.2
20211031081323  -666.7 -74.0 -188.5
20211031081324  -666.6 -73.7 -188.4
20211031081325  -666.7 -73.7 -188.4
20211031081326  -667.2 -73.9 -189.1
20211031081327  -667.4 -74.0 -189.0
20211031081328  -667.4 -74.3 -189.1
20211031081329  -667.5 -74.2 -189.0
20211031081330  -667.6 -74.0 -188.8
20211031081331  -667.6 -73.9 -188.9
20211031081332  -667.5 -74.2 -188.9
20211031081333  -667.5 -73.9 -188.8
20211031081334  -667.4 -73.9 -189.1
20211031081335  -667.4 -73.7 -188.7
20211031081336  -667.2 -73.9 -189.0
20211031081337  -667.2 -74.0 -189.1
20211031081338  -667.3 -73.8 -188.9
20211031081339  -667.0 -73.5 -188.9
20211031081340  -667.1 -73.3 -188.7
20211031081341  -667.3 -73.2 -188.6
20211031081342  -667.5 -73.4 -188.6
20211031081343  -667.3 -73.3 -188.5
20211031081344  -667.5 -73.2 -188.4
20211031081345  -667.5 -73.2 -188.1
20211031081346  -667.6 -72.9 -188.3
20211031081347  -667.5 -73.1 -188.2
20211031081348  -667.6 -73.0 -188.7
20211031081349  -667.5 -72.9 -188.9
20211031081350  -667.1 -72.9 -188.6
20211031081351  -667.3 -73.0 -188.6
20211031081352  -667.1 -72.9 -188.6
20211031081353  -666.1 -72.8 -187.7
20211031081354  -665.9 -72.7 -187.3
20211031081355  -665.9 -72.2 -187.3
20211031081356  -666.5 -72.2 -187.7
20211031081357  -666.4 -72.5 -187.7
20211031081358  -666.5 -72.6 -188.0
20211031081359  -666.6 -72.7 -187.9
20211031081400  -666.5 -72.9 -188.1
20211031081401  -666.3 -73.0 -187.8
20211031081402  -666.4 -72.8 -188.2
20211031081403  -666.6 -72.8 -188.4
20211031081404  -666.5 -73.0 -188.6
20211031081405  -666.6 -73.3 -188.4
20211031081406  -666.7 -73.1 -188.5
20211031081407  -667.0 -72.9 -188.2
20211031081408  -667.3 -72.9 -188.3
20211031081409  -666.9 -72.8 -188.4
20211031081410  -667.0 -73.0 -188.4
20211031081411  -667.1 -72.7 -188.4
20211031081412  -667.0 -73.0 -188.1
20211031081413  -667.3 -72.9 -188.1
20211031081414  -667.1 -72.9 -188.3
20211031081415  -666.9 -73.2 -188.3
20211031081416  -666.7 -73.2 -188.2
20211031081417  -667.0 -73.3 -188.5
20211031081418  -666.7 -73.3 -188.6
20211031081419  -667.1 -73.5 -188.3
20211031081420  -666.8 -73.6 -188.6
20211031081421  -666.6 -73.5 -188.3
20211031081422  -666.5 -73.7 -188.3
20211031081423  -666.1 -73.9 -188.2
20211031081424  -665.6 -74.0 -187.7
20211031081425  -665.4 -73.6 -187.6
20211031081426  -666.1 -74.0 -188.0
20211031081427  -665.8 -74.4 -188.4
20211031081428  -666.0 -74.3 -188.5
20211031081429  -666.1 -74.1 -188.2
20211031081430  -666.3 -74.0 -188.3
20211031081431  -666.2 -74.0 -188.4
20211031081432  -666.2 -73.8 -188.2
20211031081433  -666.2 -73.8 -188.5
20211031081434  -666.5 -73.7 -188.2
20211031081435  -666.7 -73.8 -188.4
20211031081436  -666.6 -73.7 -188.7
20211031081437  -666.7 -73.7 -188.3
20211031081438  -666.5 -73.7 -188.4
20211031081439  -666.3 -74.0 -188.6
20211031081440  -666.3 -74.0 -188.4
20211031081441  -666.1 -74.1 -188.2
20211031081442  -666.3 -74.1 -188.5
20211031081443  -666.6 -73.9 -188.7
20211031081444  -666.6 -73.9 -188.5
20211031081445  -666.2 -74.2 -188.5
20211031081446  -666.3 -74.2 -188.5
20211031081447  -666.2 -73.9 -188.8
20211031081448  -666.5 -73.9 -188.7
20211031081449  -666.3 -73.7 -188.6
20211031081450  -666.6 -73.7 -188.8
20211031081451  -666.8 -73.6 -188.9
20211031081452  -666.7 -73.5 -188.8
20211031081453  -666.1 -73.6 -188.8
20211031081454  -666.0 -73.4 -188.1
20211031081455  -666.0 -72.9 -187.7
20211031081456  -666.6 -72.8 -188.5
20211031081457  -666.7 -73.1 -188.9
20211031081458  -666.7 -72.9 -189.1
20211031081459  -666.8 -72.8 -189.2
20211031081500  -666.7 -72.5 -188.9
20211031081501  -666.5 -72.3 -188.5
20211031081502  -666.6 -72.3 -188.5
20211031081503  -666.4 -72.3 -188.5
20211031081504  -666.4 -72.2 -188.6
20211031081505  -666.7 -72.1 -188.9
20211031081506  -666.4 -72.1 -188.9
20211031081507  -666.4 -72.0 -188.9
20211031081508  -666.4 -72.0 -188.8
20211031081509  -666.2 -71.8 -188.8
20211031081510  -666.4 -71.6 -189.2
20211031081511  -666.5 -71.7 -188.9
20211031081512  -666.6 -72.1 -188.7
20211031081513  -666.6 -71.6 -188.7
20211031081514  -666.7 -71.5 -188.8
20211031081515  -666.8 -71.8 -188.9
20211031081516  -666.8 -71.6 -188.6
20211031081517  -667.0 -72.0 -188.7
20211031081518  -666.9 -72.0 -188.8
20211031081519  -667.1 -72.0 -188.6
20211031081520  -667.2 -72.2 -188.5
20211031081521  -667.0 -72.1 -188.5
20211031081522  -666.8 -72.2 -188.4
20211031081523  -666.4 -72.2 -188.2
20211031081524  -666.2 -72.1 -187.8
20211031081525  -665.9 -72.0 -187.7
20211031081526  -666.7 -72.1 -188.2
20211031081527  -666.4 -72.4 -188.4
20211031081528  -666.3 -72.1 -188.3
20211031081529  -666.4 -72.1 -188.0
20211031081530  -666.6 -72.1 -188.3
20211031081531  -666.6 -72.1 -188.0
20211031081532  -666.6 -71.8 -188.5
20211031081533  -666.8 -71.9 -188.4
20211031081534  -666.7 -72.3 -188.1
20211031081535  -667.1 -72.4 -188.4
20211031081536  -667.5 -72.1 -188.7
20211031081537  -667.5 -72.3 -188.7
20211031081538  -667.5 -72.1 -188.4
20211031081539  -667.7 -72.3 -188.1
20211031081540  -667.7 -72.4 -188.5
20211031081541  -667.5 -72.2 -188.4
20211031081542  -667.6 -72.0 -188.4
20211031081543  -667.6 -72.4 -188.4
20211031081544  -667.6 -72.3 -188.7
20211031081545  -667.5 -72.8 -188.5
20211031081546  -667.5 -72.5 -188.4
20211031081547  -667.2 -72.6 -188.3
20211031081548  -667.4 -72.7 -188.4
20211031081549  -667.3 -73.2 -188.1
20211031081550  -666.9 -73.1 -188.4
20211031081551  -666.6 -73.1 -187.8
20211031081552  -666.3 -73.2 -188.1
20211031081553  -666.3 -73.3 -188.5
20211031081554  -665.5 -73.4 -187.9
20211031081555  -665.4 -73.5 -187.6
20211031081556  -666.2 -73.6 -188.4
20211031081557  -666.2 -73.8 -188.3
20211031081558  -666.3 -73.8 -188.7
20211031081559  -666.3 -73.5 -188.5
20211031081600  -666.3 -73.5 -188.6
20211031081601  -666.4 -73.5 -188.8
20211031081602  -666.2 -73.7 -188.7
20211031081603  -666.3 -74.0 -188.9
20211031081604  -666.6 -74.1 -188.8
20211031081605  -666.7 -74.0 -189.0
20211031081606  -666.5 -73.7 -188.9
20211031081607  -666.7 -73.7 -189.0
20211031081608  -666.9 -74.2 -189.2
20211031081609  -666.6 -73.9 -188.9
20211031081610  -666.4 -74.1 -188.9
20211031081611  -666.4 -73.9 -188.9
20211031081612  -666.5 -74.0 -188.9
20211031081613  -666.5 -73.8 -188.8
20211031081614  -666.7 -73.9 -188.9
20211031081615  -667.1 -73.9 -188.8
