0225641  -1094.6 -1.9 -93.7
20211030225642  -1094.4 -2.1 -93.4
20211030225643  -1094.0 -1.9 -93.2
20211030225644  -1093.4 -1.9 -93.2
20211030225645  -1093.3 -2.2 -94.1
20211030225646  -1093.3 -2.6 -94.8
20211030225647  -1092.3 -2.8 -94.5
20211030225648  -1092.5 -2.7 -94.8
20211030225649  -1092.3 -3.1 -95.4
20211030225650  -1092.2 -3.7 -95.2
20211030225651  -1092.0 -3.8 -95.6
20211030225652  -1091.8 -3.8 -95.6
20211030225653  -1091.3 -3.3 -95.4
20211030225654  -1091.4 -3.1 -95.2
20211030225655  -1091.0 -3.1 -95.2
20211030225656  -1090.7 -2.8 -95.0
20211030225657  -1090.7 -2.7 -95.2
20211030225658  -1090.3 -2.7 -95.6
20211030225659  -1090.6 -2.4 -96.1
20211030225700  -1090.9 -2.2 -96.8
20211030225701  -1091.1 -2.0 -97.2
20211030225702  -1091.5 -1.9 -98.2
20211030225703  -1091.6 -1.9 -98.5
20211030225704  -1092.0 -2.0 -98.8
20211030225705  -1091.7 -2.5 -99.5
20211030225706  -1091.5 -3.2 -99.9
20211030225707  -1092.0 -3.9 -100.1
20211030225708  -1092.3 -4.8 -100.2
20211030225709  -1092.6 -5.4 -100.4
20211030225710  -1093.0 -6.2 -100.8
20211030225711  -1093.7 -6.8 -100.8
20211030225712  -1094.0 -7.8 -101.1
20211030225713  -1094.6 -8.3 -101.4
20211030225714  -1095.3 -8.5 -101.9
20211030225715  -1095.7 -8.9 -102.2
20211030225716  -1096.5 -9.4 -102.5
20211030225717  -1097.1 -9.8 -102.8
20211030225718  -1098.1 -10.2 -103.1
20211030225719  -1098.6 -10.8 -102.8
20211030225720  -1099.0 -11.1 -102.8
20211030225721  -1099.0 -11.4 -102.4
20211030225722  -1099.0 -11.7 -102.7
20211030225723  -1099.2 -12.4 -102.5
20211030225724  -1099.5 -13.1 -102.3
20211030225725  -1099.9 -13.3 -102.8
20211030225726  -1100.7 -14.1 -103.2
20211030225727  -1101.4 -14.2 -103.9
20211030225728  -1102.4 -14.1 -104.4
20211030225729  -1103.3 -13.8 -105.2
20211030225730  -1104.3 -13.8 -105.9
20211030225731  -1105.3 -13.6 -106.7
20211030225732  -1106.4 -13.8 -107.5
20211030225733  -1107.1 -14.8 -108.0
20211030225734  -1107.5 -15.7 -108.6
20211030225735  -1108.1 -16.7 -109.0
20211030225736  -1108.6 -17.8 -109.1
20211030225737  -1109.3 -18.8 -109.0
20211030225738  -1110.0 -19.8 -110.1
20211030225739  -1110.9 -21.2 -111.0
20211030225740  -1111.6 -22.2 -111.5
20211030225741  -1112.3 -23.9 -112.1
20211030225742  -1113.2 -25.5 -113.1
20211030225743  -1114.5 -27.3 -114.2
20211030225744  -1115.7 -28.6 -114.9
20211030225745  -1117.2 -29.3 -115.3
20211030225746  -1118.6 -29.8 -115.2
20211030225747  -1118.9 -30.3 -115.0
20211030225748  -1120.1 -30.2 -114.7
20211030225749  -1120.6 -30.6 -114.4
20211030225750  -1121.4 -30.7 -114.4
20211030225751  -1122.2 -31.2 -114.7
20211030225752  -1123.5 -31.3 -114.6
20211030225753  -1124.3 -31.1 -114.6
20211030225754  -1125.1 -30.7 -114.6
20211030225755  -1125.5 -30.7 -113.9
20211030225756  -1125.3 -31.1 -113.6
20211030225757  -1124.9 -31.8 -113.2
20211030225758  -1125.2 -32.4 -113.6
20211030225759  -1125.6 -33.1 -114.0
20211030225800  -1125.9 -33.5 -114.0
20211030225801  -1126.3 -33.6 -114.3
20211030225802  -1126.6 -34.2 -114.5
20211030225803  -1126.8 -34.7 -114.4
20211030225804  -1126.8 -35.3 -114.4
20211030225805  -1126.1 -35.5 -114.2
20211030225806  -1125.8 -36.2 -114.6
20211030225807  -1124.8 -36.5 -115.1
20211030225808  -1123.8 -36.8 -115.3
20211030225809  -1122.9 -37.3 -115.5
20211030225810  -1121.4 -37.9 -115.9
20211030225811  -1119.3 -38.0 -115.7
20211030225812  -1117.6 -38.2 -115.9
20211030225813  -1115.7 -38.1 -116.0
20211030225814  -1114.1 -38.5 -116.5
20211030225815  -1113.2 -38.7 -117.3
20211030225816  -1111.6 -39.2 -117.9
20211030225817  -1110.7 -40.1 -118.3
20211030225818  -1109.9 -40.9 -118.7
20211030225819  -1108.9 -40.9 -118.7
20211030225820  -1107.9 -40.9 -118.0
20211030225821  -1106.5 -40.4 -117.3
20211030225822  -1105.1 -40.0 -117.2
20211030225823  -1103.6 -39.5 -117.4
20211030225824  -1102.8 -39.2 -117.5
20211030225825  -1101.6 -39.1 -117.8
20211030225826  -1100.9 -38.5 -117.8
20211030225827  -1100.1 -38.1 -118.0
20211030225828  -1099.1 -37.1 -117.8
20211030225829  -1098.2 -35.9 -118.0
20211030225830  -1097.0 -35.1 -118.1
20211030225831  -1095.5 -33.7 -118.0
20211030225832  -1093.7 -32.8 -118.4
20211030225833  -1091.7 -32.2 -118.8
20211030225834  -1089.8 -31.6 -119.4
20211030225835  -1088.3 -31.2 -119.8
20211030225836  -1087.3 -30.8 -119.9
20211030225837  -1085.9 -30.8 -120.2
20211030225838  -1084.5 -31.5 -120.7
20211030225839  -1082.7 -32.2 -120.9
20211030225840  -1080.3 -33.0 -120.8
20211030225841  -1077.8 -33.6 -120.6
20211030225842  -1075.6 -33.6 -120.8
20211030225843  -1073.3 -33.8 -121.4
20211030225844  -1071.5 -33.6 -122.2
20211030225845  -1070.1 -33.7 -122.6
20211030225846  -1068.1 -33.5 -123.2
20211030225847  -1066.2 -33.5 -123.5
20211030225848  -1064.3 -33.2 -123.5
20211030225849  -1063.1 -33.1 -123.5
20211030225850  -1061.7 -33.0 -123.7
20211030225851  -1060.6 -33.0 -124.0
20211030225852  -1059.4 -32.7 -123.6
20211030225853  -1058.2 -32.3 -123.6
20211030225854  -1057.4 -32.0 -123.6
20211030225855  -1056.8 -32.0 -123.5
20211030225856  -1056.2 -31.6 -123.8
20211030225857  -1055.7 -31.4 -123.2
20211030225858  -1055.1 -31.3 -123.2
20211030225859  -1054.2 -30.4 -123.1
20211030225900  -1053.8 -29.4 -122.4
20211030225901  -1053.5 -28.4 -122.3
20211030225902  -1052.8 -27.7 -122.0
20211030225903  -1052.6 -26.9 -121.9
20211030225904  -1052.3 -27.0 -121.6
20211030225905  -1052.3 -27.1 -121.4
20211030225906  -1051.8 -27.2 -121.1
20211030225907  -1051.6 -26.7 -121.4
20211030225908  -1051.7 -26.4 -121.5
20211030225909  -1051.9 -26.0 -121.2
20211030225910  -1052.1 -25.8 -121.1
20211030225911  -1052.5 -25.6 -121.1
20211030225912  -1052.6 -25.8 -120.6
20211030225913  -1052.7 -25.6 -120.5
20211030225914  -1052.6 -25.2 -120.3
20211030225915  -1052.8 -24.7 -119.7
20211030225916  -1053.0 -24.2 -120.2
20211030225917  -1053.1 -23.8 -120.2
20211030225918  -1053.4 -23.6 -120.0
20211030225919  -1053.9 -23.6 -120.1
20211030225920  -1054.7 -22.9 -119.8
20211030225921  -1054.9 -22.3 -119.4
20211030225922  -1055.5 -21.0 -119.0
20211030225923  -1055.9 -19.9 -118.4
20211030225924  -1055.9 -18.8 -117.8
20211030225925  -1056.1 -17.8 -117.5
20211030225926  -1056.5 -17.0 -117.4
20211030225927  -1056.8 -16.1 -117.1
20211030225928  -1056.6 -15.7 -116.7
20211030225929  -1056.9 -14.7 -116.8
20211030225930  -1057.2 -13.9 -117.2
20211030225931  -1057.2 -13.0 -117.1
20211030225932  -1057.2 -12.6 -117.0
20211030225933  -1057.3 -12.4 -117.3
20211030225934  -1057.4 -11.8 -117.5
20211030225935  -1057.7 -11.5 -117.9
20211030225936  -1058.0 -10.9 -118.5
20211030225937  -1058.1 -10.6 -119.2
20211030225938  -1058.4 -10.7 -119.8
20211030225939  -1058.9 -10.8 -120.6
20211030225940  -1059.5 -10.4 -121.3
20211030225941  -1060.0 -9.9 -122.0
20211030225942  -1060.7 -9.4 -122.5
20211030225943  -1061.0 -8.9 -122.7
20211030225944  -1061.5 -8.5 -123.2
20211030225945  -1062.3 -8.3 -123.5
20211030225946  -1062.8 -7.8 -123.8
20211030225947  -1063.3 -7.6 -123.8
20211030225948  -1063.6 -7.3 -124.5
20211030225949  -1063.9 -6.4 -124.6
20211030225950  -1064.2 -5.5 -124.6
20211030225951  -1064.3 -4.9 -124.7
20211030225952  -1064.8 -5.0 -125.3
20211030225953  -1065.2 -4.7 -125.5
20211030225954  -1065.6 -4.8 -126.2
20211030225955  -1066.0 -4.5 -126.3
20211030225956  -1066.6 -4.3 -126.6
20211030225957  -1067.1 -3.9 -126.6
20211030225958  -1067.4 -2.9 -126.6
20211030225959  -1067.9 -1.7 -126.7
20211030230000  -1068.1 -0.9 -126.9
20211030230001  -1067.9 -0.6 -127.0
20211030230002  -1068.0 -0.2 -127.4
20211030230003  -1067.4 -0.6 -127.6
20211030230004  -1067.3 -0.9 -127.9
20211030230005  -1066.8 -1.6 -128.0
20211030230006  -1066.2 -2.2 -128.7
20211030230007  -1066.0 -2.9 -129.0
20211030230008  -1065.6 -3.4 -129.5
20211030230009  -1065.3 -3.8 -130.3
20211030230010  -1065.0 -4.0 -130.7
20211030230011  -1065.5 -3.9 -131.4
20211030230012  -1066.0 -3.7 -132.0
20211030230013  -1066.1 -3.3 -132.5
20211030230014  -1066.5 -2.8 -133.3
20211030230015  -1067.0 -2.2 -133.8
20211030230016  -1067.3 -1.5 -134.6
20211030230017  -1068.0 -0.6 -135.1
20211030230018  -1068.6 0.5 -136.1
20211030230019  -1069.0 2.0 -136.8
