20211110150229  -670.3 -92.5 -181.3
20211110150230  -670.3 -92.7 -180.9
20211110150231  -670.6 -92.8 -180.8
20211110150232  -670.6 -92.6 -180.7
20211110150233  -670.7 -92.6 -180.9
20211110150234  -670.9 -92.7 -181.0
20211110150235  -671.0 -92.6 -180.9
20211110150236  -670.9 -92.8 -180.7
20211110150237  -670.7 -92.8 -180.4
20211110150238  -670.9 -92.7 -180.4
20211110150239  -670.9 -92.8 -180.4
20211110150240  -670.9 -92.8 -180.4
20211110150241  -671.1 -92.8 -180.5
20211110150242  -671.0 -92.8 -180.8
20211110150243  -671.0 -92.6 -180.7
20211110150244  -671.1 -92.7 -180.8
20211110150245  -671.2 -92.6 -180.6
20211110150246  -670.8 -92.6 -180.3
20211110150247  -670.3 -92.4 -179.9
20211110150248  -670.5 -92.4 -180.0
20211110150249  -670.6 -92.5 -180.7
20211110150250  -670.8 -92.7 -180.5
20211110150251  -671.2 -92.9 -180.3
20211110150252  -670.9 -93.0 -180.2
20211110150253  -670.8 -93.0 -180.5
20211110150254  -670.7 -92.7 -180.6
20211110150255  -670.9 -92.9 -180.7
20211110150256  -670.8 -92.8 -180.6
20211110150257  -670.9 -92.8 -180.7
20211110150258  -670.9 -92.8 -180.8
20211110150259  -671.2 -93.2 -180.9
20211110150300  -670.8 -92.9 -180.6
20211110150301  -670.7 -93.1 -180.3
20211110150302  -670.8 -93.0 -180.5
20211110150303  -670.9 -93.1 -180.5
20211110150304  -671.0 -92.8 -180.3
20211110150305  -671.1 -92.7 -180.4
20211110150306  -670.8 -92.6 -180.6
20211110150307  -670.7 -92.8 -180.4
20211110150308  -671.0 -92.7 -180.5
20211110150309  -671.4 -92.6 -180.4
20211110150310  -671.4 -92.7 -180.4
20211110150311  -671.4 -92.4 -180.8
20211110150312  -671.3 -92.8 -180.4
20211110150313  -671.3 -92.8 -180.2
20211110150314  -671.2 -92.9 -180.3
20211110150315  -671.0 -92.4 -180.1
20211110150316  -670.8 -92.3 -179.8
20211110150317  -670.7 -92.5 -179.6
20211110150318  -670.4 -92.6 -179.2
20211110150319  -670.9 -92.8 -179.9
20211110150320  -671.0 -92.8 -179.9
20211110150321  -671.0 -92.8 -180.0
20211110150322  -670.9 -92.8 -179.9
20211110150323  -670.9 -92.8 -180.2
20211110150324  -670.8 -92.6 -180.0
20211110150325  -671.0 -92.5 -179.9
20211110150326  -670.5 -92.4 -180.0
20211110150327  -670.6 -92.5 -180.2
20211110150328  -670.5 -92.5 -180.1
20211110150329  -670.3 -92.4 -180.1
20211110150330  -670.2 -92.8 -180.0
20211110150331  -670.0 -92.6 -179.8
20211110150332  -669.9 -92.6 -180.3
20211110150333  -670.0 -92.8 -179.7
20211110150334  -669.9 -92.7 -180.2
20211110150335  -669.9 -92.3 -180.1
20211110150336  -670.3 -92.4 -180.4
20211110150337  -670.2 -92.7 -180.3
20211110150338  -670.3 -92.7 -180.6
20211110150339  -670.3 -92.5 -180.3
20211110150340  -670.2 -92.2 -180.4
20211110150341  -670.1 -92.2 -180.6
20211110150342  -670.3 -92.2 -180.4
20211110150343  -670.4 -92.4 -180.4
20211110150344  -670.1 -92.3 -180.2
20211110150345  -670.4 -92.2 -180.2
20211110150346  -669.9 -92.3 -180.1
20211110150347  -669.6 -92.2 -179.5
20211110150348  -669.3 -92.2 -179.3
20211110150349  -669.9 -92.0 -179.7
20211110150350  -670.5 -92.2 -180.0
20211110150351  -670.5 -92.0 -180.1
20211110150352  -670.4 -92.6 -179.9
20211110150353  -670.3 -92.6 -180.1
20211110150354  -670.2 -92.3 -180.1
20211110150355  -670.3 -92.2 -180.0
20211110150356  -670.3 -92.2 -180.0
20211110150357  -669.9 -92.5 -180.1
20211110150358  -670.0 -92.6 -180.6
20211110150359  -670.0 -92.4 -180.7
20211110150400  -670.0 -92.6 -180.5
20211110150401  -670.1 -92.4 -180.0
20211110150402  -670.1 -92.1 -180.3
20211110150403  -670.0 -92.3 -180.6
20211110150404  -669.9 -92.7 -180.3
20211110150405  -670.0 -92.5 -180.3
20211110150406  -670.2 -92.7 -180.3
20211110150407  -670.3 -92.6 -180.1
20211110150408  -670.4 -92.6 -180.4
20211110150409  -670.5 -92.6 -180.2
20211110150410  -670.5 -92.5 -179.9
20211110150411  -670.7 -92.5 -180.1
20211110150412  -670.3 -92.6 -180.2
20211110150413  -671.0 -92.6 -180.4
20211110150414  -670.7 -92.6 -180.3
20211110150415  -670.8 -92.5 -180.1
20211110150416  -670.5 -92.7 -180.2
20211110150417  -670.2 -92.6 -179.8
20211110150418  -669.8 -92.5 -179.5
20211110150419  -670.0 -92.4 -179.8
20211110150420  -670.7 -92.2 -180.2
20211110150421  -670.4 -92.3 -180.1
20211110150422  -670.5 -92.3 -180.2
20211110150423  -670.4 -92.4 -180.0
20211110150424  -670.4 -92.0 -180.0
20211110150425  -670.4 -92.1 -180.1
20211110150426  -670.2 -92.3 -180.1
20211110150427  -670.1 -92.2 -180.2
20211110150428  -669.8 -92.1 -180.4
20211110150429  -669.8 -92.3 -180.5
20211110150430  -669.7 -92.1 -180.4
20211110150431  -669.9 -92.0 -180.5
20211110150432  -669.7 -91.9 -180.3
20211110150433  -669.4 -92.0 -180.4
20211110150434  -669.7 -92.3 -180.3
20211110150435  -669.6 -92.1 -180.5
20211110150436  -669.5 -92.1 -180.4
20211110150437  -669.5 -92.1 -180.3
20211110150438  -669.5 -92.0 -180.3
20211110150439  -669.4 -92.0 -180.5
20211110150440  -669.2 -92.1 -180.7
20211110150441  -669.3 -91.9 -180.7
20211110150442  -669.2 -91.7 -180.5
20211110150443  -669.4 -91.8 -180.3
20211110150444  -669.3 -91.9 -180.3
20211110150445  -669.4 -91.6 -180.1
20211110150446  -669.3 -92.0 -180.2
20211110150447  -668.3 -91.6 -179.7
20211110150448  -668.2 -91.6 -179.2
20211110150449  -668.4 -91.9 -179.6
20211110150450  -668.7 -91.8 -180.0
20211110150451  -669.0 -91.4 -179.9
20211110150452  -669.1 -91.6 -179.8
20211110150453  -669.1 -91.5 -180.1
20211110150454  -669.2 -91.5 -179.9
20211110150455  -669.2 -91.4 -180.0
20211110150456  -669.4 -91.4 -180.0
20211110150457  -669.3 -91.3 -180.0
20211110150458  -669.6 -91.8 -180.4
20211110150459  -669.5 -91.7 -179.9
20211110150500  -669.7 -91.6 -180.1
20211110150501  -669.9 -91.6 -180.1
20211110150502  -670.0 -91.5 -180.3
20211110150503  -669.8 -91.7 -180.1
20211110150504  -669.9 -91.4 -180.2
20211110150505  -669.9 -91.6 -180.0
20211110150506  -669.8 -91.9 -180.0
20211110150507  -669.7 -91.8 -180.2
20211110150508  -669.7 -91.8 -180.2
20211110150509  -669.6 -91.8 -180.2
20211110150510  -669.8 -91.8 -180.3
20211110150511  -669.8 -91.8 -180.1
20211110150512  -669.9 -91.5 -180.2
20211110150513  -669.9 -91.9 -179.8
20211110150514  -669.9 -91.9 -179.8
20211110150515  -669.9 -92.0 -180.0
20211110150516  -670.1 -92.2 -180.0
20211110150517  -669.3 -92.3 -179.9
20211110150518  -669.1 -92.4 -179.7
20211110150519  -669.6 -92.0 -180.0
20211110150520  -669.8 -91.8 -180.0
20211110150521  -670.0 -92.1 -179.8
20211110150522  -670.2 -92.2 -180.0
20211110150523  -669.8 -92.1 -179.8
20211110150524  -669.7 -91.9 -179.9
20211110150525  -670.1 -92.2 -179.8
20211110150526  -669.9 -91.8 -179.8
20211110150527  -670.1 -91.6 -179.9
20211110150528  -669.8 -91.6 -179.8
20211110150529  -669.9 -91.5 -180.0
20211110150530  -669.6 -91.8 -180.1
20211110150531  -669.5 -91.7 -180.3
20211110150532  -670.0 -91.8 -180.2
20211110150533  -669.8 -91.8 -180.5
20211110150534  -669.6 -91.9 -180.1
20211110150535  -669.8 -92.0 -180.3
20211110150536  -669.6 -92.2 -180.3
20211110150537  -669.6 -92.0 -180.1
20211110150538  -669.7 -91.7 -180.3
20211110150539  -669.4 -91.6 -180.3
20211110150540  -669.6 -91.7 -180.1
20211110150541  -669.7 -91.6 -180.2
20211110150542  -669.7 -91.5 -180.3
20211110150543  -669.4 -91.5 -180.5
20211110150544  -669.6 -92.0 -180.3
20211110150545  -669.6 -91.8 -180.4
20211110150546  -669.6 -91.5 -180.4
20211110150547  -669.1 -91.8 -180.2
20211110150548  -669.0 -91.6 -179.9
20211110150549  -669.8 -91.7 -180.6
20211110150550  -669.9 -91.6 -180.2
20211110150551  -669.7 -91.7 -180.2
20211110150552  -669.5 -91.8 -180.3
20211110150553  -669.7 -91.6 -180.3
20211110150554  -669.6 -91.8 -180.4
20211110150555  -669.6 -91.8 -180.3
20211110150556  -669.7 -91.8 -180.2
20211110150557  -669.6 -91.9 -180.4
20211110150558  -669.9 -91.9 -180.1
20211110150559  -669.7 -91.8 -180.2
20211110150600  -669.8 -91.9 -180.1
20211110150601  -670.1 -91.7 -180.5
20211110150602  -669.9 -91.9 -180.3
20211110150603  -669.6 -91.9 -180.2
20211110150604  -669.9 -91.7 -180.3
20211110150605  -670.0 -91.6 -180.3
20211110150606  -669.7 -91.5 -180.5
20211110150607  -669.9 -91.7 -180.4
20211110150608  -669.8 -91.7 -180.5
20211110150609  -669.9 -91.9 -180.7
20211110150610  -669.5 -91.8 -180.6
20211110150611  -669.7 -91.5 -180.6
20211110150612  -670.0 -91.7 -180.6
20211110150613  -669.7 -91.8 -180.7
20211110150614  -669.8 -91.8 -180.6
20211110150615  -669.4 -91.7 -180.7
