201015502  -720.9 -69.4 -808.2
20211201015503  -720.6 -69.6 -808.3
20211201015504  -719.8 -69.6 -807.8
20211201015505  -719.2 -69.7 -807.5
20211201015506  -718.5 -69.6 -807.4
20211201015507  -717.8 -69.8 -807.0
20211201015508  -717.2 -69.7 -806.7
20211201015509  -716.7 -69.8 -806.6
20211201015510  -717.1 -70.1 -807.3
20211201015511  -716.9 -70.2 -807.6
20211201015512  -716.7 -70.1 -807.5
20211201015513  -716.7 -70.0 -807.8
20211201015514  -716.9 -70.1 -808.1
20211201015515  -717.3 -69.9 -808.0
20211201015516  -717.1 -69.3 -808.0
20211201015517  -717.2 -69.0 -808.0
20211201015518  -716.9 -68.9 -808.2
20211201015519  -716.7 -69.1 -807.8
20211201015520  -716.4 -69.1 -807.7
20211201015521  -716.0 -69.3 -808.0
20211201015522  -715.6 -69.4 -807.9
20211201015523  -715.5 -69.8 -808.2
20211201015524  -715.4 -69.8 -808.2
20211201015525  -715.4 -69.9 -808.2
20211201015526  -715.6 -70.4 -808.4
20211201015527  -715.6 -70.1 -808.8
20211201015528  -715.7 -70.1 -808.3
20211201015529  -715.7 -70.1 -808.3
20211201015530  -715.0 -69.6 -808.0
20211201015531  -714.4 -69.2 -807.3
20211201015532  -714.3 -69.0 -807.6
20211201015533  -713.9 -69.0 -807.4
20211201015534  -713.5 -68.5 -807.2
20211201015535  -713.5 -68.5 -807.0
20211201015536  -714.0 -68.7 -807.2
20211201015537  -714.2 -68.8 -808.1
20211201015538  -714.1 -69.0 -807.7
20211201015539  -713.9 -69.0 -807.6
20211201015540  -713.4 -69.4 -807.6
20211201015541  -713.0 -69.7 -807.7
20211201015542  -712.5 -70.1 -807.8
20211201015543  -712.1 -70.6 -807.7
20211201015544  -711.6 -71.1 -808.1
20211201015545  -711.2 -71.4 -808.8
20211201015546  -710.9 -71.5 -808.8
20211201015547  -710.6 -72.0 -808.8
20211201015548  -710.7 -72.2 -809.0
20211201015549  -710.8 -72.3 -809.5
20211201015550  -711.0 -72.3 -809.5
20211201015551  -711.4 -72.4 -809.1
20211201015552  -711.6 -72.4 -809.1
20211201015553  -711.9 -72.2 -808.8
20211201015554  -712.0 -72.1 -808.6
20211201015555  -712.0 -71.7 -808.2
20211201015556  -712.0 -71.8 -808.4
20211201015557  -711.7 -71.5 -807.9
20211201015558  -711.3 -71.1 -807.4
20211201015559  -711.3 -70.8 -807.4
20211201015600  -711.0 -70.7 -807.0
20211201015601  -710.8 -70.6 -806.9
20211201015602  -710.6 -70.3 -806.8
20211201015603  -710.9 -70.5 -807.4
20211201015604  -711.0 -71.1 -807.9
20211201015605  -710.8 -71.3 -807.7
20211201015606  -710.7 -71.4 -807.8
20211201015607  -710.3 -71.4 -808.0
20211201015608  -710.5 -71.4 -808.4
20211201015609  -710.1 -71.2 -808.6
20211201015610  -710.3 -71.2 -808.6
20211201015611  -710.1 -71.2 -808.5
20211201015612  -710.5 -71.2 -808.2
20211201015613  -710.4 -71.0 -808.1
20211201015614  -710.2 -70.7 -807.8
20211201015615  -710.0 -71.0 -808.1
20211201015616  -710.0 -71.2 -807.8
20211201015617  -709.4 -70.9 -807.6
20211201015618  -708.9 -70.9 -808.0
20211201015619  -708.6 -70.9 -807.8
20211201015620  -708.4 -71.0 -808.2
20211201015621  -707.6 -71.1 -808.3
20211201015622  -707.0 -71.5 -808.7
20211201015623  -706.4 -71.5 -808.2
20211201015624  -706.0 -71.5 -808.5
20211201015625  -706.0 -71.6 -808.2
20211201015626  -705.7 -71.4 -808.2
20211201015627  -705.7 -71.4 -808.6
20211201015628  -705.9 -71.8 -808.3
20211201015629  -705.7 -72.0 -808.2
20211201015630  -706.2 -71.9 -808.3
20211201015631  -706.6 -72.2 -808.7
20211201015632  -706.8 -72.2 -808.4
20211201015633  -706.6 -71.9 -808.1
20211201015634  -706.6 -71.8 -808.0
20211201015635  -706.2 -71.6 -807.7
20211201015636  -706.5 -71.4 -807.8
20211201015637  -706.0 -70.9 -808.0
20211201015638  -706.0 -71.0 -808.0
20211201015639  -706.1 -71.0 -807.9
20211201015640  -706.1 -71.0 -808.0
20211201015641  -706.2 -70.9 -808.2
20211201015642  -706.2 -70.7 -808.3
20211201015643  -705.8 -70.8 -808.1
20211201015644  -705.5 -71.0 -807.6
20211201015645  -705.2 -70.8 -807.9
20211201015646  -704.7 -71.0 -807.9
20211201015647  -704.6 -71.3 -808.3
20211201015648  -704.2 -71.6 -808.2
20211201015649  -703.8 -72.0 -808.6
20211201015650  -703.2 -71.8 -807.7
20211201015651  -702.9 -71.9 -807.5
20211201015652  -702.8 -71.7 -807.7
20211201015653  -702.9 -71.7 -807.6
20211201015654  -702.5 -71.4 -807.2
20211201015655  -702.5 -71.2 -807.2
20211201015656  -702.2 -70.9 -806.6
20211201015657  -703.0 -70.7 -807.3
20211201015658  -702.8 -70.8 -807.4
20211201015659  -702.7 -70.7 -807.3
20211201015700  -702.5 -70.8 -807.3
20211201015701  -702.2 -71.0 -807.2
20211201015702  -701.9 -71.4 -807.4
20211201015703  -701.7 -71.5 -807.3
20211201015704  -701.5 -71.4 -807.4
20211201015705  -701.1 -71.3 -807.7
20211201015706  -701.0 -71.6 -807.9
20211201015707  -700.9 -71.6 -808.1
20211201015708  -700.9 -71.7 -808.1
20211201015709  -700.9 -71.7 -807.9
20211201015710  -700.5 -72.1 -807.8
20211201015711  -700.4 -72.5 -808.0
20211201015712  -700.4 -72.7 -807.9
20211201015713  -700.1 -73.1 -807.8
20211201015714  -699.9 -73.0 -807.8
20211201015715  -699.8 -72.9 -808.1
20211201015716  -699.4 -72.8 -807.9
20211201015717  -699.0 -72.5 -807.4
20211201015718  -698.8 -72.3 -807.2
20211201015719  -698.4 -72.2 -806.8
20211201015720  -697.7 -72.4 -806.4
20211201015721  -697.5 -72.2 -806.5
20211201015722  -697.2 -72.5 -806.3
20211201015723  -696.7 -72.2 -806.2
20211201015724  -697.5 -72.5 -806.9
20211201015725  -697.6 -72.3 -806.9
20211201015726  -697.7 -72.1 -807.2
20211201015727  -698.0 -72.1 -807.3
20211201015728  -698.1 -71.9 -807.4
20211201015729  -698.1 -71.7 -807.2
20211201015730  -698.3 -71.6 -807.4
20211201015731  -698.1 -71.7 -807.1
20211201015732  -697.7 -71.6 -807.2
20211201015733  -697.4 -71.6 -806.9
20211201015734  -697.4 -71.6 -806.8
20211201015735  -697.2 -71.7 -806.7
20211201015736  -696.9 -71.5 -807.1
20211201015737  -696.8 -71.4 -807.2
20211201015738  -696.5 -71.3 -807.2
20211201015739  -696.1 -71.8 -807.1
20211201015740  -696.0 -71.7 -807.1
20211201015741  -696.1 -72.2 -807.2
20211201015742  -695.6 -72.6 -807.3
20211201015743  -694.8 -72.5 -806.7
20211201015744  -694.1 -72.7 -806.7
20211201015745  -693.7 -72.8 -806.2
20211201015746  -693.7 -73.0 -806.3
20211201015747  -693.3 -73.1 -806.5
20211201015748  -693.3 -73.3 -806.4
20211201015749  -693.2 -73.6 -806.4
20211201015750  -694.0 -73.5 -806.6
20211201015751  -694.6 -73.8 -807.4
20211201015752  -695.3 -73.4 -807.6
20211201015753  -695.9 -73.4 -807.8
20211201015754  -696.4 -72.7 -807.6
20211201015755  -696.8 -72.4 -807.3
20211201015756  -697.0 -72.6 -807.2
20211201015757  -697.4 -72.4 -806.9
20211201015758  -697.9 -72.0 -807.2
20211201015759  -697.7 -72.0 -807.3
20211201015800  -697.7 -72.1 -807.0
20211201015801  -697.8 -71.9 -806.8
20211201015802  -697.4 -72.0 -806.3
20211201015803  -697.2 -72.2 -806.5
20211201015804  -697.2 -72.4 -806.5
20211201015805  -696.7 -72.5 -806.5
20211201015806  -696.9 -72.7 -806.3
20211201015807  -696.7 -72.7 -806.4
20211201015808  -696.2 -73.0 -806.5
20211201015809  -695.9 -73.5 -806.7
20211201015810  -695.5 -73.4 -806.0
20211201015811  -694.7 -73.2 -806.0
20211201015812  -694.7 -73.0 -805.8
20211201015813  -694.4 -73.2 -805.3
20211201015814  -694.1 -73.1 -805.2
20211201015815  -693.9 -73.4 -804.8
20211201015816  -693.6 -73.2 -804.6
20211201015817  -694.6 -73.4 -805.2
20211201015818  -694.5 -73.6 -805.1
20211201015819  -694.2 -73.7 -805.1
20211201015820  -694.4 -73.8 -805.2
20211201015821  -694.4 -73.9 -805.3
20211201015822  -694.6 -73.6 -805.5
20211201015823  -694.7 -73.7 -805.6
20211201015824  -695.1 -73.9 -805.5
20211201015825  -695.3 -73.6 -805.6
20211201015826  -695.2 -73.4 -805.7
20211201015827  -695.8 -73.5 -805.8
20211201015828  -696.0 -73.3 -805.8
20211201015829  -695.7 -73.2 -805.5
20211201015830  -695.8 -73.1 -805.4
20211201015831  -695.6 -73.3 -805.4
20211201015832  -695.3 -73.0 -805.2
20211201015833  -695.4 -73.3 -805.0
20211201015834  -695.6 -73.4 -805.4
20211201015835  -695.5 -73.5 -805.8
20211201015836  -695.0 -73.3 -805.3
20211201015837  -694.7 -73.3 -804.5
20211201015838  -694.2 -73.0 -804.5
20211201015839  -693.9 -72.9 -803.9
20211201015840  -693.4 -72.9 -803.8
20211201015841  -693.1 -73.0 -803.9
20211201015842  -692.7 -72.7 -803.6
20211201015843  -693.9 -73.1 -804.7
20211201015844  -694.0 -72.8 -804.8
20211201015845  -693.9 -73.1 -804.8
20211201015846  -693.9 -73.3 -804.9
20211201015847  -694.7 -72.8 -804.7
20211201015848  -694.5 -72.9 -804.6
20211201015849  -694.8 -72.8 -805.0
20211201015850  -694.7 -72.9 -805.1
20211201015851  -695.1 -72.7 -805.1
20211201015852  -695.1 -73.0 -804.9
20211201015853  -695.2 -73.0 -805.0
20211201015854  -695.4 -73.0 -805.1
20211201015855  -695.6 -72.9 -805.1
20211201015856  -695.5 -72.8 -804.9
20211201015857  -695.5 -73.0 -804.9
20211201015858  -695.5 -72.9 -804.7
20211201015859  -695.4 -73.1 -804.6
20211201015900  -695.3 -73.1 -804.7
20211201015901  -695.5 -73.1 -804.8
20211201015902  -695.5 -73.6 -805.2
20211201015903  -695.4 -73.2 -804.3
20211201015904  -695.2 -73.1 -804.0
20211201015905  -695.1 -73.1 -803.8
20211201015906  -695.0 -73.3 -803.7
20211201015907  -694.8 -73.3 -803.9
20211201015908  -694.8 -73.2 -803.5
20211201015909  -695.2 -73.0 -803.7
20211201015910  -695.7 -73.4 -803.9
20211201015911  -695.9 -73.5 -803.6
20211201015912  -695.8 -73.6 -803.6
20211201015913  -695.8 -73.6 -803.4
20211201015914  -695.9 -73.8 -803.5
20211201015915  -695.9 -74.1 -803.5
20211201015916  -695.9 -73.9 -803.4
20211201015917  -695.9 -74.1 -803.6
20211201015918  -696.0 -74.1 -803.6
20211201015919  -695.5 -73.7 -803.3
20211201015920  -695.6 -73.8 -803.3
20211201015921  -695.6 -73.6 -803.5
20211201015922  -695.8 -73.7 -803.8
20211201015923  -695.8 -73.7 -804.0
20211201015924  -696.1 -73.8 -803.8
20211201015925  -696.4 -73.5 -804.0
20211201015926  -696.0 -73.6 -804.0
20211201015927  -696.2 -73.8 -803.6
20211201015928  -696.2 -73.9 -804.0
20211201015929  -695.9 -74.0 -804.1
20211201015930  -695.5 -73.9 -803.9
20211201015931  -695.4 -73.9 -803.7
20211201015932  -695.0 -74.4 -803.6
20211201015933  -694.7 -74.3 -803.5
20211201015934  -694.4 -74.4 -803.1
20211201015935  -694.0 -74.0 -802.9
20211201015936  -694.8 -74.3 -803.6
20211201015937  -694.7 -74.4 -803.5
20211201015938  -694.6 -74.4 -803.7
20211201015939  -694.6 -74.3 -803.8
20211201015940  -694.9 -74.3 -803.8
20211201015941  -695.0 -74.3 -803.9
20211201015942  -694.8 -74.2 -803.6
20211201015943  -694.7 -74.6 -803.8
20211201015944  -695.1 -74.7 -803.9
20211201015945  -695.3 -74.6 -804.1
20211201015946  -695.0 -74.6 -803.8
20211201015947  -695.0 -74.6 -803.8
20211201015948  -695.0 -75.0 -803.9
20211201015949  -695.2 -74.9 -803.7
20211201015950  -695.1 -74.8 -803.6
20211201015951  -695.0 -75.0 -803.6
20211201015952  -694.8 -75.1 -803.8
20211201015953  -694.5 -75.6 -803.8
20211201015954  -694.3 -75.4 -803.7
20211201015955  -693.9 -76.0 -803.9
20211201015956  -693.6 -75.9 -803.7
20211201015957  -693.6 -75.8 -803.3
20211201015958  -693.2 -75.8 -803.1
20211201015959  -693.1 -76.1 -803.3
20211201020000  -692.6 -76.1 -802.9
20211201020001  -692.3 -76.1 -802.4
20211201020002  -692.4 -76.3 -802.4
20211201020003  -693.1 -76.6 -803.1
20211201020004  -692.8 -76.7 -803.0
20211201020005  -692.6 -76.9 -802.8
20211201020006  -692.3 -76.8 -802.7
20211201020007  -691.8 -77.1 -802.9
20211201020008  -691.9 -77.2 -802.9
20211201020009  -691.8 -77.4 -803.2
20211201020010  -691.4 -77.1 -803.4
20211201020011  -691.1 -77.2 -803.4
20211201020012  -690.9 -77.5 -802.9
20211201020013  -691.1 -77.8 -802.9
20211201020014  -691.1 -78.0 -803.0
20211201020015  -690.4 -78.1 -802.8
20211201020016  -690.1 -78.0 -802.8
20211201020017  -689.7 -78.3 -802.8
20211201020018  -689.6 -78.9 -802.8
20211201020019  -689.3 -78.9 -802.9
20211201020020  -689.4 -78.7 -803.1
20211201020021  -689.1 -79.3 -803.3
20211201020022  -688.3 -79.2 -802.8
20211201020023  -687.6 -78.9 -802.1
20211201020024  -687.4 -78.8 -802.3
20211201020025  -687.0 -79.2 -802.1
20211201020026  -686.9 -78.7 -801.9
20211201020027  -686.6 -78.5 -801.6
20211201020028  -686.1 -78.9 -801.3
20211201020029  -686.8 -79.2 -801.5
20211201020030  -687.1 -78.6 -802.2
20211201020031  -687.1 -78.9 -802.3
20211201020032  -686.7 -79.0 -802.1
20211201020033  -686.5 -78.8 -801.9
20211201020034  -686.4 -79.0 -802.0
20211201020035  -686.1 -79.1 -801.9
20211201020036  -686.0 -79.4 -801.8
20211201020037  -686.0 -79.4 -801.7
20211201020038  -685.8 -79.5 -802.2
20211201020039  -685.7 -79.5 -802.2
20211201020040  -685.7 -79.7 -802.2
20211201020041  -685.3 -79.8 -802.3
20211201020042  -685.4 -79.8 -802.5
20211201020043  -685.1 -79.7 -802.5
20211201020044  -685.2 -79.9 -802.5
20211201020045  -685.0 -79.9 -802.5
20211201020046  -684.9 -79.7 -802.3
20211201020047  -685.1 -79.5 -802.6
20211201020048  -684.9 -79.8 -802.5
20211201020049  -684.5 -79.5 -802.1
20211201020050  -684.0 -79.5 -802.0
20211201020051  -683.8 -79.4 -801.7
20211201020052  -683.5 -79.4 -801.4
20211201020053  -683.3 -79.5 -801.3
20211201020054  -683.2 -79.6 -801.4
20211201020055  -682.7 -79.2 -801.2
20211201020056  -683.0 -79.3 -801.7
20211201020057  -683.2 -79.6 -802.1
20211201020058  -683.5 -79.5 -802.1
20211201020059  -683.4 -79.3 -802.2
20211201020100  -683.4 -79.3 -802.0
20211201020101  -683.1 -79.6 -802.4
20211201020102  -683.1 -79.6 -802.7
20211201020103  -682.8 -79.8 -802.4
20211201020104  -682.7 -79.8 -802.1
20211201020105  -682.4 -79.7 -802.2
20211201020106  -682.2 -79.6 -802.5
20211201020107  -682.1 -79.7 -802.5
20211201020108  -682.0 -79.6 -802.9
20211201020109  -681.9 -79.7 -802.7
20211201020110  -681.9 -79.6 -802.5
20211201020111  -682.1 -79.7 -802.7
20211201020112  -682.0 -79.8 -802.8
20211201020113  -681.8 -79.6 -802.7
20211201020114  -681.7 -80.0 -802.9
20211201020115  -681.5 -80.1 -802.5
20211201020116  -681.3 -79.7 -802.2
20211201020117  -681.1 -79.5 -802.1
20211201020118  -680.9 -79.4 -801.7
20211201020119  -680.8 -79.1 -801.8
20211201020120  -680.7 -79.5 -802.1
20211201020121  -680.6 -79.1 -801.4
20211201020122  -680.5 -79.3 -801.5
20211201020123  -681.1 -79.1 -801.7
20211201020124  -681.6 -79.5 -802.0
20211201020125  -681.5 -79.7 -802.2
20211201020126  -681.9 -79.9 -802.3
20211201020127  -681.8 -80.0 -802.2
20211201020128  -682.0 -80.0 -802.5
20211201020129  -682.3 -79.8 -802.5
20211201020130  -682.4 -79.8 -802.5
20211201020131  -682.6 -80.1 -802.7
20211201020132  -682.9 -80.1 -802.8
20211201020133  -683.2 -80.0 -802.6
20211201020134  -683.2 -79.9 -802.9
20211201020135  -683.3 -80.1 -802.7
20211201020136  -683.7 -80.1 -802.8
20211201020137  -683.9 -79.7 -802.6
20211201020138  -684.0 -79.7 -802.5
20211201020139  -683.8 -79.6 -802.3
20211201020140  -684.0 -79.4 -802.4
20211201020141  -683.8 -79.5 -802.2
20211201020142  -683.3 -79.1 -801.7
20211201020143  -683.1 -78.6 -801.3
20211201020144  -683.1 -78.4 -801.1
20211201020145  -683.0 -78.3 -800.9
20211201020146  -683.1 -78.3 -801.0
20211201020147  -683.0 -78.5 -801.0
20211201020148  -683.2 -78.4 -800.7
20211201020149  -683.3 -78.6 -800.7
20211201020150  -683.5 -78.4 -800.6
20211201020151  -684.3 -78.6 -801.4
20211201020152  -684.4 -78.9 -801.3
20211201020153  -684.8 -78.8 -801.1
20211201020154  -685.3 -79.1 -801.4
20211201020155  -685.2 -78.6 -801.2
20211201020156  -685.5 -78.8 -801.6
20211201020157  -686.0 -78.7 -801.7
20211201020158  -686.1 -78.6 -801.8
20211201020159  -686.5 -78.9 -801.6
20211201020200  -686.7 -79.2 -801.9
20211201020201  -687.2 -79.2 -802.0
20211201020202  -687.8 -79.4 -802.0
20211201020203  -688.1 -79.6 -802.0
20211201020204  -688.7 -79.4 -801.6
20211201020205  -689.1 -79.5 -801.5
20211201020206  -689.0 -79.2 -801.5
20211201020207  -689.2 -79.5 -801.3
20211201020208  -689.2 -79.5 -801.1
20211201020209  -689.2 -79.3 -800.7
20211201020210  -689.1 -79.2 -800.7
20211201020211  -688.8 -78.8 -800.4
20211201020212  -688.9 -78.9 -800.2
20211201020213  -688.8 -78.9 -800.1
20211201020214  -689.0 -78.7 -799.9
20211201020215  -689.2 -78.7 -799.4
20211201020216  -689.2 -78.5 -799.4
20211201020217  -689.2 -78.5 -799.3
20211201020218  -690.1 -78.5 -799.8
20211201020219  -690.3 -78.6 -800.0
20211201020220  -690.4 -78.5 -799.9
20211201020221  -690.5 -78.7 -799.6
20211201020222  -690.8 -78.9 -799.5
20211201020223  -690.8 -79.1 -799.8
20211201020224  -691.0 -79.4 -799.6
20211201020225  -691.1 -79.5 -799.5
20211201020226  -691.3 -79.7 -799.7
20211201020227  -691.5 -79.7 -799.6
20211201020228  -691.5 -79.7 -799.4
20211201020229  -691.4 -79.7 -799.3
20211201020230  -691.3 -80.0 -799.2
20211201020231  -691.5 -80.1 -799.2
20211201020232  -691.2 -80.2 -799.1
20211201020233  -691.4 -80.5 -799.2
20211201020234  -691.3 -81.0 -799.3
20211201020235  -690.7 -80.9 -798.6
20211201020236  -690.2 -81.2 -798.5
20211201020237  -690.0 -81.4 -798.2
20211201020238  -690.0 -81.4 -797.8
20211201020239  -690.2 -81.5 -797.6
20211201020240  -690.2 -81.4 -797.5
20211201020241  -690.6 -81.3 -797.1
20211201020242  -690.7 -81.4 -797.4
20211201020243  -690.9 -81.4 -797.3
20211201020244  -690.6 -81.0 -797.3
20211201020245  -691.7 -81.1 -797.8
20211201020246  -691.8 -81.1 -798.0
20211201020247  -692.1 -81.0 -798.0
20211201020248  -692.2 -81.0 -797.7
20211201020249  -692.1 -81.0 -797.8
20211201020250  -691.9 -81.5 -797.8
20211