20211101220258  -657.4 -97.6 -194.1
20211101220259  -658.0 -97.5 -194.8
20211101220300  -657.9 -97.4 -194.9
20211101220301  -658.1 -97.6 -195.0
20211101220302  -658.0 -97.6 -195.1
20211101220303  -658.3 -98.0 -195.1
20211101220304  -658.1 -97.8 -195.2
20211101220305  -658.2 -97.7 -195.0
20211101220306  -658.3 -97.7 -195.4
20211101220307  -658.6 -97.5 -195.3
20211101220308  -658.4 -97.4 -195.4
20211101220309  -658.6 -97.5 -195.3
20211101220310  -658.7 -97.6 -195.2
20211101220311  -658.7 -97.7 -195.3
20211101220312  -658.8 -97.5 -195.2
20211101220313  -658.7 -97.7 -195.1
20211101220314  -658.9 -98.0 -195.4
20211101220315  -658.9 -97.7 -195.3
20211101220316  -658.8 -97.7 -195.1
20211101220317  -659.2 -98.0 -195.5
20211101220318  -659.3 -97.7 -195.3
20211101220319  -659.4 -97.6 -195.3
20211101220320  -659.3 -97.9 -195.7
20211101220321  -659.3 -97.8 -195.5
20211101220322  -659.4 -97.6 -195.4
20211101220323  -659.4 -97.7 -195.7
20211101220324  -659.3 -97.5 -195.7
20211101220325  -659.5 -97.7 -195.9
20211101220326  -659.7 -98.0 -195.9
20211101220327  -659.1 -98.1 -195.6
20211101220328  -658.5 -97.7 -195.0
20211101220329  -659.1 -97.8 -195.4
20211101220330  -659.4 -98.0 -195.5
20211101220331  -659.5 -98.0 -195.5
20211101220332  -659.8 -98.0 -195.6
20211101220333  -659.5 -98.0 -195.7
20211101220334  -659.7 -97.8 -195.8
20211101220335  -659.7 -97.8 -195.6
20211101220336  -660.1 -97.9 -195.7
20211101220337  -660.6 -97.5 -196.1
20211101220338  -660.5 -97.6 -196.1
20211101220339  -660.1 -97.7 -196.0
20211101220340  -660.5 -97.6 -196.5
20211101220341  -660.5 -97.4 -196.5
20211101220342  -660.5 -97.3 -196.5
20211101220343  -660.7 -97.3 -196.6
20211101220344  -660.4 -97.4 -196.8
20211101220345  -660.2 -97.3 -196.6
20211101220346  -660.4 -97.4 -196.8
20211101220347  -660.7 -97.5 -196.9
20211101220348  -660.9 -97.5 -196.8
20211101220349  -660.9 -97.5 -196.6
20211101220350  -661.0 -97.2 -196.6
20211101220351  -660.7 -97.3 -196.6
20211101220352  -661.0 -97.4 -197.0
20211101220353  -661.1 -97.5 -196.8
20211101220354  -661.0 -97.3 -196.9
20211101220355  -661.0 -97.3 -196.7
20211101220356  -661.1 -97.4 -197.0
20211101220357  -661.0 -97.5 -196.9
20211101220358  -660.6 -97.3 -196.3
20211101220359  -661.2 -97.3 -196.3
20211101220400  -661.3 -97.3 -196.8
20211101220401  -661.7 -97.5 -196.9
20211101220402  -661.6 -97.3 -196.8
20211101220403  -661.7 -97.2 -196.8
20211101220404  -661.5 -97.3 -196.9
20211101220405  -661.8 -97.1 -197.0
20211101220406  -661.8 -97.2 -196.9
20211101220407  -661.6 -97.2 -197.0
20211101220408  -661.5 -97.1 -196.9
20211101220409  -661.6 -97.2 -196.8
20211101220410  -661.6 -97.1 -196.9
20211101220411  -661.5 -96.6 -196.8
20211101220412  -661.6 -96.5 -196.5
20211101220413  -661.6 -96.7 -196.8
20211101220414  -661.6 -96.6 -196.9
20211101220415  -661.6 -96.8 -196.7
20211101220416  -661.5 -97.1 -196.7
20211101220417  -661.7 -97.0 -196.7
20211101220418  -661.6 -97.0 -196.5
20211101220419  -661.4 -96.8 -196.9
20211101220420  -661.3 -96.8 -197.0
20211101220421  -661.2 -96.7 -197.0
20211101220422  -661.1 -96.6 -196.9
20211101220423  -661.2 -96.6 -197.1
20211101220424  -661.5 -96.6 -197.1
20211101220425  -661.1 -96.5 -197.2
20211101220426  -661.2 -96.5 -197.2
20211101220427  -661.6 -96.2 -196.8
20211101220428  -660.6 -96.1 -196.4
20211101220429  -661.3 -96.4 -196.9
20211101220430  -661.4 -96.4 -197.3
20211101220431  -661.8 -96.6 -197.0
20211101220432  -661.6 -96.5 -197.3
20211101220433  -661.7 -96.4 -197.2
20211101220434  -661.8 -96.5 -197.2
20211101220435  -661.7 -96.4 -197.6
20211101220436  -661.6 -96.5 -197.8
20211101220437  -661.6 -96.6 -197.6
20211101220438  -661.9 -96.4 -197.4
20211101220439  -661.8 -96.7 -197.7
20211101220440  -662.1 -96.8 -198.0
20211101220441  -662.2 -96.9 -197.8
20211101220442  -662.2 -96.9 -198.1
20211101220443  -662.2 -96.9 -198.1
20211101220444  -662.3 -96.9 -198.1
20211101220445  -662.5 -97.2 -198.3
20211101220446  -662.6 -97.1 -198.2
20211101220447  -662.7 -96.9 -198.3
20211101220448  -663.0 -97.0 -198.1
20211101220449  -663.1 -97.0 -198.2
20211101220450  -663.1 -97.1 -198.3
20211101220451  -663.8 -97.2 -198.6
20211101220452  -663.8 -97.2 -198.6
20211101220453  -663.9 -97.0 -198.4
20211101220454  -664.0 -97.1 -198.8
20211101220455  -664.2 -97.3 -198.6
20211101220456  -664.3 -97.2 -198.5
20211101220457  -664.4 -97.6 -198.8
20211101220458  -664.3 -97.5 -198.6
20211101220459  -664.8 -97.4 -198.9
20211101220500  -665.0 -97.4 -198.7
20211101220501  -665.4 -97.4 -198.8
20211101220502  -665.7 -96.9 -198.8
20211101220503  -666.0 -97.2 -199.1
20211101220504  -665.9 -97.5 -199.3
20211101220505  -666.0 -97.3 -198.8
20211101220506  -666.5 -97.1 -198.8
20211101220507  -666.6 -97.3 -198.7
20211101220508  -666.8 -97.1 -199.0
20211101220509  -666.8 -97.1 -198.9
20211101220510  -666.9 -97.1 -198.7
20211101220511  -666.9 -97.0 -199.1
20211101220512  -667.2 -97.2 -199.0
20211101220513  -667.1 -97.0 -198.7
20211101220514  -667.1 -97.2 -198.9
20211101220515  -667.7 -97.2 -199.0
20211101220516  -667.8 -97.1 -199.1
20211101220517  -667.9 -96.9 -199.2
20211101220518  -668.0 -97.3 -199.4
20211101220519  -668.0 -97.3 -199.4
20211101220520  -667.9 -97.2 -199.3
20211101220521  -668.1 -97.2 -199.3
20211101220522  -668.3 -96.9 -199.5
20211101220523  -668.6 -97.0 -199.5
20211101220524  -668.5 -96.9 -199.4
20211101220525  -668.6 -97.3 -199.4
20211101220526  -668.8 -97.2 -199.8
20211101220527  -669.0 -97.1 -199.7
20211101220528  -668.6 -97.3 -199.6
20211101220529  -669.2 -97.4 -199.7
20211101220530  -669.1 -97.4 -199.9
20211101220531  -669.0 -97.2 -200.1
20211101220532  -668.9 -97.4 -200.1
20211101220533  -669.3 -97.3 -199.8
20211101220534  -669.3 -97.5 -200.1
20211101220535  -669.4 -97.3 -199.7
20211101220536  -669.5 -97.6 -199.8
20211101220537  -669.8 -97.3 -199.8
20211101220538  -669.7 -97.2 -200.0
20211101220539  -669.8 -97.5 -200.1
20211101220540  -670.0 -97.4 -199.9
20211101220541  -670.4 -97.4 -200.0
20211101220542  -670.4 -97.0 -200.0
20211101220543  -670.6 -97.0 -200.0
20211101220544  -670.5 -97.0 -199.7
20211101220545  -670.7 -96.7 -199.7
20211101220546  -670.6 -96.9 -199.7
20211101220547  -670.9 -96.6 -199.3
20211101220548  -670.9 -96.6 -199.4
20211101220549  -670.7 -96.5 -199.5
20211101220550  -670.5 -96.4 -199.2
20211101220551  -670.5 -96.1 -199.3
20211101220552  -670.8 -96.2 -199.5
20211101220553  -670.7 -96.2 -199.6
20211101220554  -670.5 -96.3 -199.5
20211101220555  -670.5 -96.3 -199.2
20211101220556  -670.5 -96.2 -199.3
20211101220557  -670.5 -96.1 -199.4
20211101220558  -670.6 -96.0 -199.2
20211101220559  -670.2 -95.8 -199.0
20211101220600  -670.2 -95.9 -199.2
20211101220601  -669.8 -95.7 -198.9
20211101220602  -670.1 -95.6 -198.8
20211101220603  -670.3 -96.0 -198.9
20211101220604  -670.0 -95.9 -198.9
20211101220605  -669.7 -95.6 -198.8
20211101220606  -669.8 -95.4 -198.9
20211101220607  -669.5 -95.6 -198.8
20211101220608  -669.5 -95.3 -198.7
20211101220609  -669.5 -95.4 -198.7
20211101220610  -669.7 -95.2 -198.9
20211101220611  -669.4 -95.4 -198.9
20211101220612  -669.3 -95.4 -198.9
20211101220613  -669.4 -95.3 -198.6
20211101220614  -669.3 -95.2 -198.9
20211101220615  -669.2 -94.9 -198.7
20211101220616  -669.4 -94.8 -198.6
20211101220617  -669.0 -95.1 -198.4
20211101220618  -668.9 -94.9 -198.2
20211101220619  -668.9 -94.8 -198.3
20211101220620  -668.8 -94.9 -198.4
20211101220621  -668.6 -94.8 -198.1
20211101220622  -668.5 -94.5 -198.0
20211101220623  -668.5 -94.3 -198.3
20211101220624  -668.5 -94.3 -198.3
20211101220625  -668.4 -94.3 -198.4
20211101220626  -668.3 -94.0 -198.2
20211101220627  -668.5 -94.3 -197.9
20211101220628  -668.5 -94.4 -197.8
20211101220629  -668.5 -94.0 -197.7
20211101220630  -668.5 -93.9 -197.8
