20211117213024  -683.5 -85.6 -202.5
20211117213025  -683.3 -85.7 -202.3
20211117213026  -683.0 -86.0 -202.4
20211117213027  -682.8 -86.3 -202.3
20211117213028  -682.2 -86.2 -202.3
20211117213029  -682.1 -85.9 -202.5
20211117213030  -682.0 -86.0 -202.5
20211117213031  -681.7 -86.0 -202.4
20211117213032  -681.8 -86.0 -202.2
20211117213033  -681.0 -85.7 -201.7
20211117213034  -681.2 -85.9 -202.1
20211117213035  -680.9 -85.9 -202.2
20211117213036  -680.7 -85.9 -202.1
20211117213037  -680.4 -85.9 -202.0
20211117213038  -679.8 -85.9 -201.8
20211117213039  -679.2 -85.8 -201.8
20211117213040  -678.9 -85.8 -201.9
20211117213041  -678.3 -85.4 -201.7
20211117213042  -677.7 -85.4 -201.9
20211117213043  -676.9 -85.7 -201.9
20211117213044  -676.3 -85.8 -202.2
20211117213045  -675.4 -85.5 -202.1
20211117213046  -674.9 -85.5 -202.0
20211117213047  -674.5 -85.4 -201.9
20211117213048  -673.6 -85.7 -201.9
20211117213049  -672.9 -85.7 -201.9
20211117213050  -672.1 -85.4 -201.9
20211117213051  -671.4 -85.7 -202.6
20211117213052  -671.1 -86.1 -203.0
20211117213053  -671.0 -86.3 -203.4
20211117213054  -671.0 -87.0 -203.8
20211117213055  -670.4 -87.4 -204.0
20211117213056  -670.2 -87.8 -204.2
20211117213057  -670.4 -88.1 -204.1
20211117213058  -670.1 -88.3 -204.4
20211117213059  -670.1 -88.7 -204.9
20211117213100  -670.2 -88.9 -205.6
20211117213101  -670.5 -89.3 -205.8
20211117213102  -670.7 -89.8 -206.4
20211117213103  -670.6 -90.1 -206.1
20211117213104  -671.0 -90.3 -206.1
20211117213105  -670.9 -90.6 -206.4
20211117213106  -670.8 -90.9 -206.8
20211117213107  -670.8 -91.2 -206.7
20211117213108  -670.4 -91.3 -206.7
20211117213109  -670.4 -91.4 -206.4
20211117213110  -670.0 -91.1 -206.5
20211117213111  -669.7 -91.1 -206.6
20211117213112  -669.8 -91.2 -206.4
20211117213113  -669.7 -91.1 -206.5
20211117213114  -669.5 -91.5 -206.3
20211117213115  -669.3 -91.3 -206.5
20211117213116  -669.4 -91.3 -206.2
20211117213117  -668.8 -91.2 -206.3
20211117213118  -669.0 -90.8 -206.4
20211117213119  -668.9 -90.8 -206.5
20211117213120  -668.5 -90.6 -206.5
20211117213121  -668.6 -90.5 -206.2
20211117213122  -668.6 -90.2 -205.8
20211117213123  -668.3 -89.9 -205.8
20211117213124  -668.0 -89.6 -205.8
20211117213125  -668.1 -89.1 -205.8
20211117213126  -667.8 -89.0 -205.5
20211117213127  -667.8 -88.7 -205.5
20211117213128  -667.5 -88.3 -205.1
20211117213129  -667.0 -87.8 -205.1
20211117213130  -666.9 -87.4 -204.9
20211117213131  -666.8 -87.1 -205.3
20211117213132  -666.5 -86.7 -204.8
20211117213133  -666.5 -86.1 -204.9
20211117213134  -666.1 -85.9 -204.5
20211117213135  -666.3 -85.7 -204.7
20211117213136  -666.2 -85.3 -204.5
20211117213137  -666.2 -85.0 -204.6
20211117213138  -666.1 -84.9 -204.9
20211117213139  -666.3 -84.9 -204.9
20211117213140  -666.0 -85.0 -204.9
20211117213141  -665.8 -84.9 -204.7
20211117213142  -665.5 -85.2 -204.8
20211117213143  -665.4 -85.3 -204.6
20211117213144  -665.3 -85.4 -204.8
20211117213145  -665.1 -85.9 -204.8
20211117213146  -664.7 -85.9 -205.0
20211117213147  -665.0 -86.0 -204.8
20211117213148  -664.7 -86.1 -205.2
20211117213149  -664.6 -86.2 -205.4
20211117213150  -664.3 -86.4 -205.4
20211117213151  -664.3 -86.3 -205.2
20211117213152  -664.3 -86.2 -205.4
20211117213153  -664.6 -86.2 -205.1
20211117213154  -664.2 -86.0 -205.4
20211117213155  -664.1 -86.0 -205.3
20211117213156  -664.0 -85.9 -205.7
20211117213157  -664.0 -85.7 -205.4
20211117213158  -664.2 -86.1 -205.5
20211117213159  -664.4 -86.4 -205.9
20211117213200  -664.7 -86.1 -205.9
20211117213201  -664.7 -86.3 -205.8
20211117213202  -664.8 -86.2 -205.7
20211117213203  -664.9 -86.4 -205.3
20211117213204  -664.6 -86.0 -204.8
20211117213205  -664.6 -85.6 -204.6
20211117213206  -664.2 -85.4 -204.3
20211117213207  -663.9 -84.9 -204.2
20211117213208  -663.7 -84.8 -203.8
20211117213209  -663.4 -84.4 -203.7
20211117213210  -662.9 -83.9 -203.9
20211117213211  -662.8 -83.4 -203.7
20211117213212  -662.4 -83.0 -203.6
20211117213213  -662.2 -82.4 -203.8
20211117213214  -661.7 -82.4 -203.8
20211117213215  -661.5 -81.9 -203.7
20211117213216  -660.9 -81.7 -203.8
20211117213217  -660.3 -81.2 -203.5
20211117213218  -659.7 -80.7 -203.5
20211117213219  -658.9 -80.3 -203.3
20211117213220  -657.8 -79.8 -203.3
20211117213221  -657.4 -79.3 -203.4
20211117213222  -656.5 -79.0 -203.5
20211117213223  -655.9 -78.7 -203.4
20211117213224  -655.6 -78.8 -203.9
20211117213225  -655.4 -78.5 -204.1
20211117213226  -655.1 -78.2 -204.2
20211117213227  -655.1 -77.8 -204.5
20211117213228  -654.8 -77.5 -204.6
20211117213229  -654.7 -77.2 -205.0
20211117213230  -654.9 -77.0 -205.1
20211117213231  -655.0 -77.0 -205.3
20211117213232  -654.9 -76.8 -205.2
20211117213233  -654.5 -76.5 -205.3
20211117213234  -654.1 -76.2 -205.1
20211117213235  -653.5 -76.4 -204.7
20211117213236  -653.4 -76.1 -204.7
20211117213237  -653.3 -75.7 -204.7
20211117213238  -653.0 -75.4 -204.6
20211117213239  -652.4 -75.3 -204.5
20211117213240  -652.4 -75.2 -204.5
20211117213241  -652.1 -75.3 -204.3
20211117213242  -652.1 -75.5 -204.6
20211117213243  -651.7 -75.1 -204.5
20211117213244  -651.5 -75.5 -204.7
20211117213245  -651.0 -75.6 -204.5
20211117213246  -651.2 -75.6 -204.5
20211117213247  -650.8 -75.5 -204.5
20211117213248  -650.4 -75.3 -204.4
20211117213249  -650.4 -74.9 -204.4
20211117213250  -650.8 -75.0 -204.4
20211117213251  -650.7 -75.1 -204.5
20211117213252  -650.6 -74.7 -204.5
20211117213253  -650.8 -74.8 -204.6
20211117213254  -651.1 -74.4 -204.7
20211117213255  -651.2 -74.2 -204.5
20211117213256  -651.6 -74.2 -204.6
20211117213257  -652.0 -74.0 -204.6
20211117213258  -652.1 -73.8 -204.8
20211117213259  -652.6 -74.0 -204.9
20211117213300  -653.3 -73.7 -204.8
20211117213301  -653.7 -73.2 -204.8
20211117213302  -654.2 -73.1 -204.8
20211117213303  -654.7 -73.0 -204.5
20211117213304  -655.2 -72.7 -204.5
20211117213305  -655.7 -72.5 -204.3
20211117213306  -656.3 -72.5 -204.4
20211117213307  -656.7 -72.3 -204.2
20211117213308  -657.5 -72.6 -204.4
20211117213309  -657.9 -72.6 -204.4
20211117213310  -658.4 -72.6 -204.8
20211117213311  -658.9 -72.5 -204.6
20211117213312  -659.5 -72.7 -204.5
20211117213313  -660.1 -73.1 -204.5
20211117213314  -660.6 -73.1 -204.4
20211117213315  -661.0 -72.7 -204.6
20211117213316  -661.5 -73.0 -204.4
20211117213317  -662.2 -72.8 -204.5
20211117213318  -662.8 -73.0 -204.9
20211117213319  -663.4 -72.9 -204.7
20211117213320  -663.8 -72.5 -204.7
20211117213321  -664.3 -72.6 -204.7
20211117213322  -664.9 -72.3 -204.6
20211117213323  -665.5 -72.3 -204.9
20211117213324  -665.8 -72.1 -204.7
20211117213325  -666.3 -71.8 -205.0
20211117213326  -666.7 -71.9 -205.0
20211117213327  -667.2 -72.0 -205.2
20211117213328  -667.4 -72.1 -204.9
20211117213329  -667.9 -71.9 -205.1
20211117213330  -667.9 -72.2 -205.0
20211117213331  -668.1 -72.1 -205.1
20211117213332  -668.4 -71.8 -205.4
20211117213333  -668.7 -72.0 -205.3
20211117213334  -669.1 -72.0 -205.4
20211117213335  -669.3 -71.9 -205.4
20211117213336  -669.3 -71.7 -205.3
20211117213337  -669.5 -71.3 -205.4
20211117213338  -669.4 -71.5 -205.6
20211117213339  -669.4 -71.3 -205.4
20211117213340  -669.4 -71.2 -205.3
20211117213341  -669.1 -71.2 -205.4
20211117213342  -668.8 -71.0 -205.4
20211117213343  -668.4 -70.9 -205.3
20211117213344  -668.2 -70.9 -205.5
20211117213345  -668.2 -71.1 -205.9
20211117213346  -668.3 -71.2 -206.2
20211117213347  -668.1 -71.3 -206.1
20211117213348  -668.0 -71.5 -206.3
20211117213349  -668.2 -71.4 -206.8
20211117213350  -667.8 -71.3 -206.8
20211117213351  -668.2 -71.3 -207.3
20211117213352  -668.1 -71.7 -207.4
20211117213353  -668.6 -71.6 -207.6
20211117213354  -668.6 -71.7 -207.7
20211117213355  -668.5 -71.8 -208.0
20211117213356  -668.7 -72.0 -208.0
20211117213357  -668.6 -71.8 -208.1
20211117213358  -668.9 -72.2 -208.4
20211117213359  -669.0 -72.5 -208.5
20211117213400  -669.1 -72.2 -208.6
20211117213401  -669.0 -72.4 -209.4
20211117213402  -669.8 -72.4 -209.4
20211117213403  -669.6 -72.9 -209.5
20211117213404  -670.0 -72.9 -209.4
20211117213405  -670.5 -73.6 -209.7
20211117213406  -670.3 -73.7 -210.0
20211117213407  -669.8 -73.7 -209.6
20211117213408  -670.4 -73.6 -210.1
20211117213409  -670.4 -74.2 -209.9
20211117213410  -670.5 -74.2 -210.0
20211117213411  -670.4 -74.1 -210.1
20211117213412  -670.1 -74.5 -209.7
20211117213413  -670.1 -74.4 -209.9
20211117213414  -669.9 -74.6 -209.8
20211117213415  -669.8 -74.7 -209.5
20211117213416  -669.7 -74.6 -209.6
20211117213417  -669.4 -74.9 -209.4
20211117213418  -669.1 -75.1 -209.2
20211117213419  -668.9 -75.0 -208.9
20211117213420  -668.4 -74.5 -208.6
20211117213421  -668.2 -74.9 -208.7
20211117213422  -667.9 -74.9 -209.2
20211117213423  -667.7 -74.6 -209.2
20211117213424  -667.5 -74.6 -209.2
20211117213425  -667.3 -74.2 -209.3
20211117213426  -667.3 -74.2 -209.3
20211117213427  -667.1 -74.4 -209.3
20211117213428  -666.9 -74.4 -209.3
20211117213429  -667.0 -74.2 -209.4
20211117213430  -666.8 -74.3 -209.8
20211117213431  -666.6 -74.4 -209.8
20211117213432  -666.4 -74.5 -209.8
20211117213433  -666.4 -74.9 -210.1
20211117213434  -666.2 -75.0 -210.1
20211117213435  -666.1 -74.9 -210.0
20211117213436  -666.1 -74.8 -210.3
20211117213437  -665.6 -74.9 -210.0
20211117213438  -665.9 -74.9 -210.1
20211117213439  -666.0 -74.9 -210.4
20211117213440  -665.7 -74.7 -210.4
20211117213441  -666.0 -74.9 -210.4
20211117213442  -665.7 -74.8 -210.6
20211117213443  -665.5 -74.8 -210.5
20211117213444  -665.1 -75.0 -210.7
20211117213445  -664.6 -75.2 -210.6
20211117213446  -664.5 -75.4 -210.8
20211117213447  -664.3 -75.3 -210.9
20211117213448  -664.0 -75.5 -211.0
20211117213449  -663.9 -75.6 -211.3
20211117213450  -663.9 -75.9 -211.5
20211117213451  -663.3 -75.9 -211.1
20211117213452  -663.1 -76.0 -211.2
20211117213453  -662.9 -75.9 -210.9
20211117213454  -662.7 -76.1 -211.1
20211117213455  -662.5 -76.0 -211.1
20211117213456  -662.3 -76.2 -211.3
20211117213457  -662.0 -76.3 -211.3
20211117213458  -661.8 -76.5 -211.5
20211117213459  -661.6 -76.5 -211.7
20211117213500  -661.9 -76.7 -211.6
20211117213501  -662.2 -76.7 -211.9
20211117213502  -662.3 -77.0 -212.0
20211117213503  -662.3 -76.9 -211.7
20211117213504  -661.9 -77.2 -211.5
20211117213505  -661.5 -77.1 -211.1
20211117213506  -661.2 -77.4 -210.8
20211117213507  -660.6 -77.5 -210.4
20211117213508  -660.2 -77.2 -209.8
20211117213509  -660.3 -77.2 -210.3
20211117213510  -659.9 -77.1 -210.5
20211117213511  -659.9 -77.0 -210.8
20211117213512  -659.8 -76.9 -210.6
20211117213513  -660.0 -76.6 -210.4
20211117213514  -659.8 -76.5 -210.0
20211117213515  -659.6 -76.2 -209.8
20211117213516  -659.8 -75.9 -209.8
20211117213517  -659.5 -75.7 -210.0
20211117213518  -659.2 -75.5 -210.1
20211117213519  -659.3 -75.5 -210.4
20211117213520  -659.7 -75.0 -210.5
20211117213521  -659.7 -75.0 -210.5
20211117213522  -659.8 -74.7 -210.6
20211117213523  -659.8 -74.7 -210.5
20211117213524  -659.6 -74.2 -209.8
20211117213525  -659.8 -73.8 -210.1
20211117213526  -659.7 -73.5 -210.3
20211117213527  -659.6 -73.5 -210.1
20211117213528  -659.1 -73.1 -209.9
20211117213529  -659.1 -72.8 -209.8
20211117213530  -659.3 -72.5 -209.7
20211117213531  -659.1 -72.2 -209.6
20211117213532  -658.8 -71.8 -209.6
20211117213533  -658.5 -71.7 -209.3
20211117213534  -658.3 -71.3 -209.4
20211117213535  -658.1 -70.9 -209.4
20211117213536  -658.2 -70.9 -209.2
20211117213537  -657.7 -70.8 -209.2
20211117213538  -657.3 -70.0 -208.9
20211117213539  -658.2 -70.0 -209.5
20211117213540  -658.4 -70.0 -209.2
20211117213541  -658.2 -69.6 -209.5
20211117213542  -658.1 -69.8 -209.1
20211117213543  -657.9 -69.6 -209.4
20211117213544  -657.6 -69.6 -209.5
20211117213545  -657.7 -69.2 -209.5
20211117213546  -658.0 -69.0 -209.4
20211117213547  -658.4 -68.9 -209.6
20211117213548  -658.2 -68.7 -209.7
20211117213549  -658.6 -68.8 -209.4
20211117213550  -658.7 -68.9 -209.6
20211117213551  -658.9 -68.6 -209.7
20211117213552  -659.0 -68.4 -209.8
20211117213553  -659.3 -68.3 -210.1
20211117213554  -659.6 -68.0 -210.0
20211117213555  -659.9 -67.9 -210.1
20211117213556  -660.4 -67.7 -210.3
20211117213557  -660.9 -67.6 -210.2
20211117213558  -661.2 -67.5 -210.4
20211117213559  -661.4 -67.3 -210.4
20211117213600  -661.5 -67.2 -210.7
20211117213601  -661.9 -67.2 -210.7
20211117213602  -662.3 -67.0 -211.1
20211117213603  -662.5 -67.0 -211.0
20211117213604  -662.5 -67.0 -211.1
20211117213605  -662.6 -67.2 -211.0
20211117213606  -662.8 -67.3 -210.5
20211117213607  -663.0 -67.3 -210.6
20211117213608  -662.8 -67.1 -210.4
20211117213609  -663.2 -67.2 -210.7
20211117213610  -663.7 -67.7 -211.2
20211117213611  -664.0 -68.1 -211.1
20211117213612  -663.8 -67.9 -211.2
20211117213613  -664.0 -68.0 -211.5
20211117213614  -663.9 -68.1 -211.5
20211117213615  -664.2 -68.3 -211.6
20211117213616  -664.4 -68.6 -211.7
20211117213617  -664.8 -68.3 -211.6
20211117213618  -664.6 -68.9 -211.7
20211117213619  -665.1 -69.2 -212.0
20211117213620  -664.8 -69.2 -212.0
20211117213621  -664.9 -69.5 -212.0
20211117213622  -664.7 -69.7 -212.1
20211117213623  -664.6 -69.9 -212.2
20211117213624  -664.6 -70.3 -212.3
20211117213625  -664.2 -70.6 -212.1
20211117213626  -664.4 -70.9 -212.5
20211117213627  -664.4 -71.3 -212.7
20211117213628  -664.0 -71.3 -212.5
20211117213629  -663.8 -71.9 -212.6
20211117213630  -663.6 -72.0 -212.8
20211117213631  -663.6 -72.1 -212.9
20211117213632  -663.3 -72.5 -213.1
20211117213633  -663.4 -72.8 -213.2
20211117213634  -663.4 -72.9 -213.5
20211117213635  -663.2 -73.3 -213.7
20211117213636  -663.0 -73.3 -214.0
20211117213637  -663.1 -73.7 -214.2
20211117213638  -662.9 -73.9 -214.5
20211117213639  -663.4 -74.2 -214.7
20211117213640  -663.3 -74.5 -214.7
20211117213641  -663.4 -75.0 -214.8
20211117213642  -663.4 -75.0 -214.5
20211117213643  -663.3 -75.1 -214.9
20211117213644  -663.4 -75.4 -215.0
20211117213645  -663.0 -75.5 -215.0
20211117213646  -663.0 -75.2 -214.8
20211117213647  -662.7 -75.4 -214.7
20211117213648  -662.7 -75.5 -215.0
20211117213649  -662.4 -75.4 -215.3
20211117213650  -662.0 -75.2 -215.2
20211117213651  -662.0 -75.3 -215.4
20211117213652  -661.9 -75.5 -215.4
20211117213653  -662.0 -75.5 -215.5
20211117213654  -661.7 -75.3 -215.6
20211117213655  -661.4 -75.2 -215.6
20211117213656  -660.8 -75.3 -215.9
20211117213657  -660.4 -75.3 -215.5
20211117213658  -660.3 -75.1 -215.8
20211117213659  -660.4 -74.7 -215.8
20211117213700  -660.4 -74.9 -216.0
20211117213701  -660.3 -75.0 -216.1
20211117213702  -660.3 -74.6 -216.1
20211117213703  -660.1 -74.4 -216.4
20211117213704  -660.2 -74.1 -216.6
20211117213705  -660.4 -73.7 -216.8
20211117213706  -660.7 -73.6 -217.1
20211117213707  -660.8 -73.8 -217.1
20211117213708  -660.9 -73.9 -217.2
20211117213709  -661.0 -73.7 -217.3
20211117213710  -661.2 -73.7 -217.5
20211117213711  -661.4 -73.8 -217.6
20211117213712  -661.8 -73.3 -218.0
20211117213713  -662.2 -73.3 -218.3
20211117213714  -662.7 -73.2 -218.4
20211117213715  -663.0 -73.2 -218.5
20211117213716  -663.5 -73.3 -218.8
20211117213717  -663.6 -73.3 -218.5
20211117213718  -663.7 -73.0 -218.9
20211117213719  -664.2 -72.7 -219.0
20211117213720  -664.7 -72.6 -218.9
20211117213721  -665.0 -72.5 -219.1
20211117213722  -665.2 -72.2 -219.2
20211117213723  -665.1 -72.1 -219.3
20211117213724  -665.4 -72.0 -219.7
20211117213725  -665.9 -71.9 -219.5
20211117213726  -666.4 -71.6 -219.5
20211117213727  -666.4 -71.8 -219.5
20211117213728  -666.6 -71.8 -219.2
20211117213729  -666.6 -71.7 -219.5
20211117213730  -666.7 -71.4 -219.9
20211117213731  -666.9 -71.4 -219.7
20211117213732  -667.2 -71.0 -219.9
20211117213733  -667.5 -71.0 -220.0
20211117213734  -667.8 -71.1 -220.0
20211117213735  -668.1 -70.8 -220.2
20211117213736  -668.3 -70.9 -220.6
20211117213737  -668.3 -70.6 -220.5
20211117213738  -668.7 -71.1 -220.6
20211117213739  -668.4 -70.6 -220.5
20211117213740  -668.6 -70.6 -220.7
20211117213741  -669.0 -70.9 -220.9
20211117213742  -669.2 -71.0 -220.9
20211117213743  -669.4 -71.1 -220.9
20211117213744  -669.4 -71.0 -220.9
20211117213745  -669.3 -70.9 -221.1
20211117213746  -669.4 -71.2 -221.0
20211117213747  -669.3 -71.2 -221.3
20211117213748  -669.5 -71.2 -221.5
20211117213749  -669.3 -71.2 -221.6
20211117213750  -669.2 -71.2 -221.4
20211117213751  -669.2 -71.5 -221.5
20211117213752  -669.5 -71.5 -221.7
20211117213753  -669.0 -71.6 -222.0
20211117213754  -669.0 -71.6 -222.4
20211117213755  -668.9 -71.8 -222.3
20211117213756  -668.9 -72.0 -222.7
20211117213757  -668.9 -72.5 -223.1
20211117213758  -668.8 -72.6 -223.2
20211117213759  -668.9 -72.7 -223.3
20211117213800  -668.6 -72.7 -223.3
20211117213801  -668.7 -72.9 -223.5
20211117213802  -668.5 -73.0 -223.6
20211117213803  -668.4 -73.1 -223.6
20211117213804  -668.6 -73.2 -223.9
20211117213805  -668.7 -73.3 -223.9
20211117213806  -668.9 -73.7 -224.0
20211117213807  -668.9 -73.7 -224.3
20211117213808  -668.9 -73.9 -224.3
20211117213809  -668.8 -74.3 -224.4
20211117213810  -668.8 -74.3 -224.7
20211117213811  -668.5 -74.4 -225.0
20211117213812  -668.7 -74.9 -225.1
