20211101230655  -674.4 -90.2 -202.8
20211101230656  -674.1 -90.2 -202.7
20211101230657  -674.2 -90.3 -202.5
20211101230658  -674.6 -90.4 -202.5
20211101230659  -674.4 -90.6 -202.4
20211101230700  -674.7 -90.3 -202.7
20211101230701  -674.6 -90.5 -202.6
20211101230702  -674.4 -90.5 -202.4
20211101230703  -674.6 -90.4 -202.3
20211101230704  -674.5 -90.5 -202.3
20211101230705  -674.5 -90.5 -202.3
20211101230706  -674.6 -90.3 -202.5
20211101230707  -674.7 -90.5 -202.4
20211101230708  -674.7 -90.5 -202.3
20211101230709  -674.5 -90.4 -202.3
20211101230710  -674.8 -90.3 -202.5
20211101230711  -674.8 -90.3 -202.4
20211101230712  -674.7 -90.3 -202.2
20211101230713  -674.6 -90.4 -202.2
20211101230714  -675.0 -90.5 -202.3
20211101230715  -674.7 -90.7 -202.1
20211101230716  -674.4 -90.4 -202.2
20211101230717  -674.1 -90.4 -202.0
20211101230718  -674.5 -90.0 -202.0
20211101230719  -674.4 -90.3 -202.1
20211101230720  -674.1 -90.5 -202.0
20211101230721  -674.3 -90.6 -202.1
20211101230722  -674.2 -90.5 -202.4
20211101230723  -674.2 -90.7 -202.3
20211101230724  -674.0 -90.6 -202.2
20211101230725  -673.8 -90.1 -202.1
20211101230726  -673.9 -90.1 -202.2
20211101230727  -673.5 -90.0 -202.2
20211101230728  -673.7 -89.9 -201.8
20211101230729  -674.1 -89.9 -202.0
20211101230730  -674.0 -89.6 -202.1
20211101230731  -674.2 -89.3 -202.0
20211101230732  -674.2 -89.4 -202.0
20211101230733  -674.6 -89.4 -201.9
20211101230734  -674.6 -89.5 -202.0
20211101230735  -674.8 -89.8 -202.1
20211101230736  -674.6 -89.9 -201.9
20211101230737  -674.6 -90.0 -201.9
20211101230738  -674.4 -90.3 -201.8
20211101230739  -674.2 -90.3 -202.1
20211101230740  -674.3 -90.3 -201.9
20211101230741  -674.1 -90.5 -201.8
20211101230742  -674.0 -90.4 -201.5
20211101230743  -674.0 -90.5 -201.6
20211101230744  -674.0 -90.7 -201.5
20211101230745  -673.8 -90.4 -201.7
20211101230746  -673.7 -90.3 -201.6
20211101230747  -673.6 -90.2 -201.2
20211101230748  -673.7 -90.2 -201.6
20211101230749  -673.5 -89.8 -201.3
20211101230750  -673.9 -90.1 -201.2
20211101230751  -673.7 -90.1 -201.1
20211101230752  -673.8 -90.1 -201.1
20211101230753  -673.7 -89.8 -201.2
20211101230754  -673.6 -89.9 -201.1
20211101230755  -673.6 -90.1 -201.3
20211101230756  -673.7 -90.2 -201.2
20211101230757  -673.6 -90.0 -201.2
20211101230758  -673.5 -90.1 -201.4
20211101230759  -673.3 -89.9 -201.2
20211101230800  -673.4 -90.0 -201.3
20211101230801  -673.5 -89.9 -200.9
20211101230802  -673.4 -89.9 -200.9
20211101230803  -673.2 -90.0 -200.9
20211101230804  -673.1 -90.0 -201.0
20211101230805  -673.0 -90.2 -200.9
20211101230806  -673.0 -90.3 -201.1
20211101230807  -673.0 -90.1 -201.0
20211101230808  -672.8 -90.0 -200.7
20211101230809  -672.8 -90.0 -200.4
20211101230810  -672.6 -90.0 -200.4
20211101230811  -672.6 -89.8 -200.6
20211101230812  -672.6 -89.8 -200.3
20211101230813  -672.8 -89.7 -200.6
20211101230814  -672.4 -89.7 -200.5
20211101230815  -672.4 -89.4 -200.5
20211101230816  -672.3 -89.6 -200.5
20211101230817  -671.7 -89.8 -200.2
20211101230818  -671.6 -89.4 -200.0
20211101230819  -671.9 -89.5 -200.3
20211101230820  -671.5 -89.2 -200.0
20211101230821  -671.6 -89.3 -199.9
20211101230822  -671.6 -89.7 -200.1
20211101230823  -671.5 -89.6 -200.2
20211101230824  -671.4 -89.5 -200.1
20211101230825  -671.4 -89.5 -200.0
20211101230826  -671.3 -89.3 -199.9
20211101230827  -671.3 -89.3 -199.9
20211101230828  -671.6 -89.5 -199.9
20211101230829  -671.5 -89.5 -200.0
20211101230830  -671.3 -89.6 -200.1
20211101230831  -671.4 -89.5 -200.1
20211101230832  -671.3 -89.8 -199.9
20211101230833  -671.2 -89.6 -200.0
20211101230834  -671.2 -89.6 -200.0
20211101230835  -671.0 -89.7 -200.0
20211101230836  -671.2 -89.7 -199.8
20211101230837  -671.3 -89.7 -200.0
20211101230838  -671.2 -89.8 -199.8
20211101230839  -671.1 -89.5 -199.9
20211101230840  -671.4 -89.0 -199.8
20211101230841  -671.1 -89.5 -200.0
20211101230842  -670.9 -89.5 -199.9
20211101230843  -671.3 -89.6 -199.6
20211101230844  -671.2 -89.4 -199.8
20211101230845  -671.0 -89.6 -199.9
20211101230846  -671.0 -89.3 -199.6
20211101230847  -670.9 -89.3 -199.6
20211101230848  -670.6 -89.4 -199.4
20211101230849  -671.2 -89.5 -199.4
20211101230850  -670.8 -89.7 -199.6
20211101230851  -670.8 -89.3 -199.5
20211101230852  -670.7 -89.3 -199.5
20211101230853  -670.9 -89.5 -199.7
20211101230854  -670.7 -89.1 -199.7
20211101230855  -670.7 -89.1 -199.4
20211101230856  -671.1 -89.3 -199.5
20211101230857  -670.7 -89.3 -199.3
20211101230858  -670.7 -89.4 -199.3
20211101230859  -670.9 -89.5 -199.3
20211101230900  -670.9 -89.4 -199.4
20211101230901  -670.7 -89.2 -199.1
20211101230902  -670.7 -89.2 -199.2
20211101230903  -670.6 -89.3 -199.1
20211101230904  -670.7 -89.0 -199.1
20211101230905  -670.7 -89.4 -199.2
20211101230906  -670.6 -89.1 -199.2
20211101230907  -671.0 -89.4 -199.5
20211101230908  -670.5 -89.3 -199.1
20211101230909  -670.5 -89.6 -199.3
20211101230910  -670.0 -89.5 -199.4
20211101230911  -670.5 -89.3 -199.4
20211101230912  -670.5 -89.4 -199.3
20211101230913  -670.6 -89.3 -199.3
20211101230914  -670.4 -89.4 -199.3
20211101230915  -670.5 -89.5 -199.2
20211101230916  -670.3 -89.3 -199.1
20211101230917  -670.3 -89.5 -199.0
20211101230918  -669.7 -89.1 -198.0
20211101230919  -670.3 -89.1 -198.7
20211101230920  -670.4 -89.0 -198.3
20211101230921  -670.2 -89.0 -198.6
20211101230922  -670.0 -89.2 -198.4
20211101230923  -670.2 -89.2 -198.5
20211101230924  -670.2 -89.1 -198.4
20211101230925  -670.1 -89.3 -198.3
20211101230926  -669.9 -89.0 -198.4
20211101230927  -670.2 -89.2 -198.4
20211101230928  -669.9 -89.1 -198.5
20211101230929  -670.3 -88.8 -198.4
20211101230930  -670.0 -88.8 -198.4
20211101230931  -669.9 -89.0 -198.4
20211101230932  -669.9 -89.1 -198.4
20211101230933  -669.6 -88.9 -198.2
20211101230934  -669.5 -88.8 -198.3
20211101230935  -669.5 -88.8 -197.8
20211101230936  -669.6 -89.1 -198.0
20211101230937  -669.5 -88.9 -198.1
20211101230938  -669.6 -89.0 -198.3
20211101230939  -669.6 -89.1 -198.1
20211101230940  -669.6 -88.9 -198.1
20211101230941  -669.9 -89.2 -198.0
20211101230942  -669.7 -89.1 -198.0
20211101230943  -669.7 -88.9 -198.0
20211101230944  -669.7 -88.7 -197.9
20211101230945  -669.4 -88.7 -197.9
20211101230946  -669.2 -88.5 -198.1
20211101230947  -669.0 -88.7 -198.1
20211101230948  -669.0 -88.9 -197.8
20211101230949  -669.2 -88.6 -198.2
20211101230950  -669.3 -88.7 -198.3
20211101230951  -669.3 -88.6 -197.9
20211101230952  -669.2 -88.8 -197.8
20211101230953  -669.3 -89.0 -197.8
20211101230954  -669.2 -88.6 -197.9
20211101230955  -669.3 -88.5 -198.1
20211101230956  -669.2 -88.4 -198.0
20211101230957  -669.1 -89.0 -197.8
20211101230958  -669.1 -88.5 -197.8
20211101230959  -669.2 -88.3 -197.7
20211101231000  -669.2 -88.7 -197.8
20211101231001  -669.2 -88.6 -197.7
20211101231002  -669.0 -88.6 -197.9
20211101231003  -668.9 -88.8 -197.7
20211101231004  -669.3 -88.7 -197.8
20211101231005  -669.3 -88.6 -197.6
20211101231006  -668.9 -88.7 -197.7
20211101231007  -668.9 -88.5 -197.8
20211101231008  -668.7 -88.5 -197.7
20211101231009  -669.1 -88.6 -197.6
20211101231010  -668.7 -88.6 -197.5
20211101231011  -668.8 -88.7 -197.4
20211101231012  -668.9 -88.5 -197.9
20211101231013  -669.1 -88.4 -197.8
20211101231014  -668.6 -88.6 -197.8
20211101231015  -669.0 -88.5 -197.7
20211101231016  -669.0 -88.6 -197.8
20211101231017  -669.0 -88.3 -197.7
20211101231018  -668.9 -88.3 -197.5
20211101231019  -669.4 -88.4 -197.8
20211101231020  -669.4 -88.4 -198.0
20211101231021  -669.0 -88.4 -197.8
20211101231022  -669.0 -88.2 -197.8
20211101231023  -669.1 -88.1 -197.5
20211101231024  -668.9 -87.9 -197.6
20211101231025  -668.5 -88.0 -197.4
