20211031010624  -750.5 -24.4 -267.9
20211031010625  -750.7 -24.8 -267.7
20211031010626  -751.0 -24.7 -267.7
20211031010627  -751.0 -24.3 -268.0
20211031010628  -751.0 -23.4 -268.1
20211031010629  -751.2 -22.7 -268.2
20211031010630  -751.2 -22.0 -268.6
20211031010631  -751.3 -21.8 -268.2
20211031010632  -751.4 -22.0 -268.3
20211031010633  -751.5 -22.4 -268.1
20211031010634  -751.9 -22.8 -268.2
20211031010635  -752.1 -23.0 -267.9
20211031010636  -752.3 -23.4 -267.9
20211031010637  -752.7 -23.7 -267.6
20211031010638  -752.9 -23.4 -267.8
20211031010639  -753.3 -23.2 -267.5
20211031010640  -753.2 -23.1 -267.8
20211031010641  -753.4 -22.7 -267.5
20211031010642  -753.5 -22.5 -267.7
20211031010643  -753.6 -22.1 -267.7
20211031010644  -753.7 -22.4 -267.7
20211031010645  -753.6 -22.6 -267.8
20211031010646  -753.9 -23.1 -267.7
20211031010647  -754.0 -23.1 -267.3
20211031010648  -753.9 -23.4 -267.0
20211031010649  -753.7 -23.9 -266.8
20211031010650  -753.5 -23.8 -266.6
20211031010651  -753.7 -24.1 -266.3
20211031010652  -753.6 -24.0 -266.2
20211031010653  -753.6 -23.8 -266.0
20211031010654  -753.8 -23.8 -266.4
20211031010655  -753.9 -23.5 -266.8
20211031010656  -754.0 -23.4 -266.9
20211031010657  -754.0 -23.5 -267.2
20211031010658  -753.9 -23.4 -267.2
20211031010659  -754.1 -23.5 -267.3
20211031010700  -754.1 -23.7 -267.2
20211031010701  -754.3 -24.0 -267.2
20211031010702  -754.7 -24.2 -267.1
20211031010703  -754.4 -24.1 -267.0
20211031010704  -754.4 -24.3 -267.0
20211031010705  -754.8 -24.2 -267.1
20211031010706  -754.8 -24.6 -266.7
20211031010707  -755.2 -24.7 -266.8
20211031010708  -755.1 -24.8 -267.1
20211031010709  -754.5 -24.8 -266.8
20211031010710  -754.7 -24.6 -267.0
20211031010711  -754.7 -24.8 -267.3
20211031010712  -754.3 -24.6 -267.8
20211031010713  -754.0 -24.4 -267.9
20211031010714  -753.9 -24.7 -268.3
20211031010715  -753.5 -24.8 -268.1
20211031010716  -754.0 -25.2 -267.9
20211031010717  -753.9 -25.5 -267.8
20211031010718  -754.0 -25.8 -267.8
20211031010719  -754.3 -25.6 -267.7
20211031010720  -754.6 -25.3 -267.5
20211031010721  -754.9 -25.4 -267.5
20211031010722  -754.9 -25.1 -267.3
20211031010723  -754.7 -24.8 -267.7
20211031010724  -754.6 -24.8 -268.1
20211031010725  -754.6 -25.1 -268.3
20211031010726  -754.9 -25.2 -268.4
20211031010727  -754.8 -25.7 -268.6
20211031010728  -754.4 -25.8 -268.7
20211031010729  -754.5 -26.1 -268.7
20211031010730  -754.6 -26.0 -268.5
20211031010731  -754.6 -25.9 -268.6
20211031010732  -754.3 -25.7 -268.1
20211031010733  -754.3 -25.5 -268.0
20211031010734  -754.2 -25.8 -267.9
20211031010735  -754.5 -26.4 -267.9
20211031010736  -754.4 -27.1 -268.0
20211031010737  -754.7 -27.4 -267.9
20211031010738  -754.9 -28.0 -268.4
20211031010739  -754.7 -27.8 -268.6
20211031010740  -754.7 -27.8 -269.0
20211031010741  -754.6 -28.0 -269.1
20211031010742  -754.5 -27.9 -269.4
20211031010743  -754.7 -28.1 -269.5
20211031010744  -755.0 -28.5 -269.9
20211031010745  -754.6 -28.8 -269.6
20211031010746  -754.9 -29.1 -270.0
20211031010747  -754.9 -29.5 -269.9
20211031010748  -754.7 -29.0 -269.8
20211031010749  -754.8 -28.6 -269.4
20211031010750  -754.3 -28.8 -269.3
20211031010751  -754.4 -28.6 -268.9
20211031010752  -754.0 -28.7 -268.6
20211031010753  -754.1 -28.5 -268.1
20211031010754  -754.1 -28.1 -267.7
20211031010755  -753.9 -28.5 -267.5
20211031010756  -753.5 -28.9 -267.5
20211031010757  -753.3 -28.8 -267.7
20211031010758  -753.3 -29.3 -267.9
20211031010759  -753.2 -29.6 -267.9
20211031010800  -752.7 -30.2 -268.2
20211031010801  -752.9 -30.2 -268.2
20211031010802  -752.8 -30.4 -268.8
20211031010803  -753.0 -30.4 -268.9
20211031010804  -752.9 -30.7 -268.9
20211031010805  -752.6 -30.7 -268.8
20211031010806  -752.4 -30.7 -268.8
20211031010807  -752.1 -30.7 -268.3
20211031010808  -752.4 -30.3 -268.0
20211031010809  -752.3 -29.9 -267.8
20211031010810  -752.2 -29.6 -267.5
20211031010811  -751.9 -29.5 -267.1
20211031010812  -751.9 -29.6 -267.1
20211031010813  -751.9 -29.7 -267.4
20211031010814  -752.0 -29.9 -267.5
20211031010815  -751.5 -30.0 -267.4
20211031010816  -751.9 -30.3 -267.8
20211031010817  -751.7 -30.5 -267.8
20211031010818  -751.9 -30.8 -268.1
20211031010819  -751.8 -31.1 -268.2
20211031010820  -751.6 -31.1 -268.1
20211031010821  -751.3 -31.1 -267.8
20211031010822  -751.5 -31.1 -268.0
20211031010823  -751.1 -30.6 -267.9
20211031010824  -751.3 -30.6 -267.6
20211031010825  -751.2 -29.9 -267.7
20211031010826  -751.3 -29.8 -267.8
20211031010827  -751.2 -29.3 -267.7
20211031010828  -751.5 -29.6 -267.6
20211031010829  -751.7 -29.8 -267.8
20211031010830  -751.7 -30.1 -267.6
20211031010831  -751.9 -30.7 -267.5
20211031010832  -752.2 -31.0 -267.4
20211031010833  -752.7 -31.4 -267.8
20211031010834  -752.6 -31.7 -268.1
20211031010835  -752.6 -31.7 -268.1
20211031010836  -752.9 -32.0 -267.7
20211031010837  -752.9 -32.0 -267.8
20211031010838  -753.1 -32.2 -267.5
20211031010839  -752.9 -32.3 -267.7
20211031010840  -752.8 -32.6 -267.6
20211031010841  -753.1 -33.0 -267.8
20211031010842  -752.7 -33.0 -267.5
20211031010843  -753.1 -32.7 -267.4
20211031010844  -753.1 -32.7 -267.2
20211031010845  -752.6 -32.6 -266.9
20211031010846  -752.7 -32.1 -266.6
20211031010847  -752.6 -32.2 -266.7
20211031010848  -752.5 -32.1 -266.6
20211031010849  -752.8 -32.3 -267.0
20211031010850  -752.4 -32.4 -267.0
20211031010851  -752.1 -32.5 -266.9
20211031010852  -752.4 -32.2 -266.9
20211031010853  -752.2 -32.3 -266.7
20211031010854  -751.9 -32.0 -266.9
20211031010855  -751.8 -31.9 -267.5
20211031010856  -751.7 -31.8 -267.6
20211031010857  -751.7 -31.8 -267.3
20211031010858  -751.4 -32.0 -267.6
20211031010859  -751.4 -32.3 -267.4
20211031010900  -751.6 -32.6 -267.3
20211031010901  -751.4 -32.5 -267.3
20211031010902  -751.6 -32.8 -267.2
20211031010903  -751.7 -33.0 -267.1
20211031010904  -751.4 -33.0 -267.6
20211031010905  -751.4 -33.1 -267.4
20211031010906  -751.6 -33.3 -267.2
20211031010907  -751.6 -33.6 -267.2
20211031010908  -751.9 -33.9 -266.9
20211031010909  -751.6 -33.9 -266.7
20211031010910  -751.5 -33.6 -267.0
20211031010911  -751.4 -33.7 -266.6
20211031010912  -751.3 -34.0 -266.9
20211031010913  -751.4 -34.1 -267.1
20211031010914  -751.4 -34.2 -266.8
20211031010915  -751.1 -34.1 -266.9
20211031010916  -751.0 -34.1 -266.8
20211031010917  -751.4 -34.0 -266.8
20211031010918  -751.4 -33.7 -266.7
20211031010919  -751.1 -33.7 -266.5
20211031010920  -751.2 -33.7 -266.2
20211031010921  -751.1 -33.3 -266.2
20211031010922  -750.5 -33.7 -265.9
20211031010923  -750.4 -33.8 -265.8
20211031010924  -750.2 -33.7 -265.5
20211031010925  -750.2 -33.8 -265.7
20211031010926  -749.7 -33.8 -265.4
20211031010927  -749.3 -33.9 -265.4
20211031010928  -748.8 -33.9 -265.1
20211031010929  -748.9 -33.9 -265.0
20211031010930  -748.5 -33.9 -265.4
20211031010931  -748.2 -33.7 -265.4
20211031010932  -747.6 -34.0 -265.4
20211031010933  -747.3 -34.1 -265.6
20211031010934  -747.3 -33.8 -265.7
20211031010935  -747.2 -33.8 -265.7
20211031010936  -747.0 -33.1 -265.7
20211031010937  -746.8 -32.9 -265.9
20211031010938  -746.7 -32.3 -266.2
20211031010939  -746.1 -31.9 -266.2
20211031010940  -745.7 -31.7 -266.3
20211031010941  -745.4 -31.9 -266.3
20211031010942  -745.3 -32.6 -266.6
20211031010943  -745.3 -32.9 -266.6
20211031010944  -745.3 -33.4 -266.7
20211031010945  -745.4 -34.1 -266.7
20211031010946  -745.1 -34.2 -266.4
20211031010947  -745.4 -34.3 -266.6
20211031010948  -745.5 -34.1 -266.9
20211031010949  -745.5 -34.0 -266.9
20211031010950  -745.2 -34.1 -267.2
20211031010951  -744.7 -34.4 -267.2
20211031010952  -744.6 -34.5 -267.1
20211031010953  -744.3 -34.6 -267.3
20211031010954  -743.9 -34.5 -267.5
20211031010955  -743.5 -34.0 -267.2
20211031010956  -743.1 -33.7 -266.8
20211031010957  -742.3 -33.1 -266.5
20211031010958  -741.7 -32.8 -266.4
20211031010959  -741.4 -32.9 -266.5
20211031011000  -741.2 -33.6 -266.7
20211031011001  -740.9 -33.9 -266.7
20211031011002  -740.6 -34.5 -266.4
20211031011003  -740.5 -35.1 -266.3
20211031011004  -740.4 -35.1 -266.3
20211031011005  -740.3 -35.4 -266.1
20211031011006  -740.0 -35.1 -266.1
20211031011007  -740.0 -35.0 -266.4
20211031011008  -739.9 -34.8 -266.5
20211031011009  -739.7 -34.3 -266.5
20211031011010  -739.3 -34.3 -266.3
20211031011011  -739.0 -34.7 -266.8
