20211128235028  -809.1 -25.4 -181.3
20211128235029  -808.9 -25.3 -181.5
20211128235030  -808.8 -25.4 -181.8
20211128235031  -808.4 -25.5 -181.4
20211128235032  -807.8 -25.2 -180.8
20211128235033  -807.3 -25.3 -180.3
20211128235034  -806.9 -24.9 -179.8
20211128235035  -806.3 -24.6 -180.0
20211128235036  -806.0 -24.6 -179.7
20211128235037  -805.7 -24.7 -179.5
20211128235038  -805.8 -24.8 -179.2
20211128235039  -805.3 -24.5 -179.1
20211128235040  -804.8 -24.4 -178.7
20211128235041  -805.4 -24.4 -179.1
20211128235042  -805.5 -24.2 -179.6
20211128235043  -805.7 -24.6 -179.9
20211128235044  -805.7 -25.0 -179.7
20211128235045  -805.7 -25.1 -180.0
20211128235046  -805.8 -25.1 -180.0
20211128235047  -805.6 -25.6 -179.9
20211128235048  -805.6 -25.4 -179.8
20211128235049  -805.6 -25.6 -179.8
20211128235050  -805.5 -25.3 -179.7
20211128235051  -805.6 -25.5 -180.1
20211128235052  -805.4 -25.7 -180.1
20211128235053  -805.3 -25.4 -180.1
20211128235054  -804.9 -25.8 -180.1
20211128235055  -804.8 -25.7 -179.7
20211128235056  -804.9 -26.0 -180.1
20211128235057  -804.8 -26.2 -180.3
20211128235058  -804.5 -26.4 -180.2
20211128235059  -804.2 -26.0 -179.6
20211128235100  -803.7 -25.9 -179.4
20211128235101  -803.4 -25.9 -179.0
20211128235102  -803.0 -25.6 -178.9
20211128235103  -802.8 -25.7 -179.0
20211128235104  -802.5 -25.4 -178.4
20211128235105  -802.1 -25.2 -178.2
20211128235106  -802.1 -25.2 -177.6
20211128235107  -801.4 -25.2 -177.6
20211128235108  -801.6 -24.6 -177.7
20211128235109  -802.4 -24.8 -178.3
20211128235110  -802.1 -24.9 -178.3
20211128235111  -802.3 -24.9 -178.4
20211128235112  -802.4 -25.0 -178.6
20211128235113  -802.5 -25.0 -178.6
20211128235114  -802.2 -24.9 -178.6
20211128235115  -801.8 -24.9 -178.8
20211128235116  -801.7 -24.7 -178.8
20211128235117  -801.7 -24.5 -179.1
20211128235118  -801.6 -24.6 -179.0
20211128235119  -801.6 -24.2 -179.0
20211128235120  -801.5 -24.4 -179.1
20211128235121  -801.6 -24.5 -179.0
20211128235122  -801.3 -24.4 -179.0
20211128235123  -801.4 -24.6 -178.9
20211128235124  -801.3 -24.9 -179.6
20211128235125  -801.3 -24.8 -179.7
20211128235126  -800.8 -24.7 -179.6
20211128235127  -800.6 -24.5 -179.1
20211128235128  -800.4 -24.2 -179.1
20211128235129  -800.0 -24.1 -178.5
20211128235130  -799.6 -24.0 -178.4
20211128235131  -799.5 -23.8 -178.0
20211128235132  -799.2 -23.8 -177.9
20211128235133  -799.0 -23.4 -177.6
20211128235134  -798.9 -23.3 -177.7
20211128235135  -799.3 -23.1 -177.9
20211128235136  -799.7 -23.1 -178.6
20211128235137  -799.6 -23.1 -179.2
20211128235138  -799.9 -23.1 -179.2
20211128235139  -799.8 -23.4 -179.3
20211128235140  -799.9 -23.3 -179.4
20211128235141  -800.3 -23.3 -179.5
20211128235142  -800.3 -23.4 -179.4
20211128235143  -800.2 -23.6 -179.4
20211128235144  -800.3 -23.5 -179.7
20211128235145  -800.5 -23.3 -179.4
20211128235146  -800.3 -23.3 -179.6
20211128235147  -800.6 -23.3 -179.7
20211128235148  -800.9 -23.6 -179.7
20211128235149  -801.3 -23.2 -179.9
20211128235150  -801.4 -23.3 -180.3
20211128235151  -801.2 -23.6 -180.5
20211128235152  -801.0 -23.4 -179.9
20211128235153  -800.6 -23.4 -179.7
20211128235154  -800.3 -23.5 -179.1
20211128235155  -800.1 -23.4 -179.0
20211128235156  -799.8 -23.3 -178.9
20211128235157  -799.7 -23.1 -178.7
20211128235158  -799.5 -23.0 -178.5
20211128235159  -799.6 -22.7 -178.5
20211128235200  -799.5 -22.6 -177.8
20211128235201  -799.8 -22.7 -177.4
20211128235202  -799.8 -22.7 -177.5
20211128235203  -800.8 -23.0 -178.5
20211128235204  -801.2 -23.4 -178.7
20211128235205  -801.6 -23.6 -178.8
20211128235206  -801.8 -23.5 -179.0
20211128235207  -802.2 -23.6 -179.0
20211128235208  -802.6 -23.6 -179.2
20211128235209  -802.9 -23.7 -179.2
20211128235210  -803.2 -23.5 -178.8
20211128235211  -803.4 -23.9 -179.3
20211128235212  -803.8 -23.9 -179.2
20211128235213  -804.0 -24.1 -179.1
20211128235214  -804.3 -24.2 -179.3
20211128235215  -804.6 -24.1 -179.4
20211128235216  -804.7 -24.1 -179.2
20211128235217  -804.9 -24.2 -179.2
20211128235218  -805.2 -24.5 -179.7
20211128235219  -805.0 -23.9 -179.1
20211128235220  -804.8 -23.8 -178.7
20211128235221  -804.7 -23.7 -178.4
20211128235222  -804.5 -23.5 -178.1
20211128235223  -804.2 -23.7 -177.6
20211128235224  -804.0 -23.5 -177.5
20211128235225  -804.0 -23.1 -177.3
20211128235226  -803.7 -22.8 -176.9
20211128235227  -803.6 -23.0 -176.6
20211128235228  -803.4 -22.8 -176.5
20211128235229  -803.0 -22.6 -176.2
20211128235230  -803.6 -22.6 -176.1
20211128235231  -804.2 -22.9 -176.8
20211128235232  -804.3 -23.0 -177.3
20211128235233  -804.6 -22.9 -177.4
20211128235234  -804.6 -22.9 -177.5
20211128235235  -805.0 -23.0 -177.5
20211128235236  -805.0 -22.9 -177.7
20211128235237  -805.1 -23.0 -177.8
20211128235238  -805.5 -22.8 -178.0
20211128235239  -805.6 -22.7 -177.8
20211128235240  -805.6 -23.0 -177.9
20211128235241  -805.9 -22.8 -178.0
20211128235242  -806.1 -23.2 -177.5
20211128235243  -805.9 -23.0 -178.2
20211128235244  -806.1 -22.9 -178.2
20211128235245  -806.1 -23.3 -178.4
20211128235246  -805.7 -23.2 -178.0
20211128235247  -805.2 -22.8 -177.7
20211128235248  -805.3 -22.9 -177.3
20211128235249  -805.3 -22.7 -177.2
20211128235250  -805.1 -22.7 -177.0
20211128235251  -804.6 -22.6 -176.7
20211128235252  -804.3 -22.7 -176.4
20211128235253  -804.2 -22.1 -176.4
20211128235254  -804.0 -22.2 -175.6
20211128235255  -803.5 -22.3 -175.2
20211128235256  -803.6 -22.0 -175.2
20211128235257  -803.9 -21.8 -175.2
20211128235258  -804.7 -22.1 -175.7
20211128235259  -805.1 -22.6 -176.2
20211128235300  -805.4 -22.8 -176.3
20211128235301  -805.6 -22.8 -176.4
20211128235302  -805.8 -22.7 -176.7
20211128235303  -805.8 -22.6 -176.9
20211128235304  -806.0 -23.0 -177.0
20211128235305  -805.9 -23.1 -177.1
20211128235306  -806.4 -23.2 -177.0
20211128235307  -806.5 -23.1 -177.4
20211128235308  -806.7 -23.3 -177.4
20211128235309  -806.9 -23.3 -177.3
20211128235310  -806.9 -23.0 -177.3
20211128235311  -807.1 -23.0 -177.6
20211128235312  -807.5 -23.6 -177.9
20211128235313  -807.1 -23.2 -177.5
20211128235314  -807.1 -23.3 -177.2
20211128235315  -807.2 -22.9 -177.0
20211128235316  -807.3 -23.2 -177.0
20211128235317  -807.1 -23.2 -176.4
20211128235318  -807.1 -23.0 -176.1
20211128235319  -807.2 -22.8 -175.8
20211128235320  -806.9 -22.6 -175.5
20211128235321  -806.7 -22.9 -175.3
20211128235322  -806.8 -22.8 -175.2
20211128235323  -806.5 -22.7 -174.8
20211128235324  -806.3 -22.9 -174.3
20211128235325  -807.1 -23.0 -174.9
20211128235326  -807.7 -23.2 -175.4
20211128235327  -808.1 -23.3 -175.3
20211128235328  -808.0 -23.5 -175.3
20211128235329  -808.1 -23.6 -175.7
20211128235330  -808.3 -23.7 -175.7
20211128235331  -808.5 -24.1 -175.6
20211128235332  -808.4 -24.2 -175.8
20211128235333  -808.3 -24.5 -175.7
20211128235334  -808.5 -24.5 -175.6
20211128235335  -808.6 -24.7 -175.6
20211128235336  -808.5 -24.8 -175.6
20211128235337  -808.4 -25.0 -175.7
20211128235338  -808.3 -25.2 -175.9
20211128235339  -808.1 -25.8 -176.1
20211128235340  -807.7 -25.9 -175.8
20211128235341  -807.2 -25.5 -175.4
20211128235342  -806.9 -25.8 -175.4
20211128235343  -806.5 -25.6 -174.9
20211128235344  -806.2 -25.7 -174.5
20211128235345  -805.9 -25.7 -174.1
20211128235346  -805.6 -25.7 -174.1
20211128235347  -805.1 -25.4 -173.7
20211128235348  -804.8 -25.6 -173.6
20211128235349  -804.5 -25.5 -173.7
20211128235350  -804.4 -25.6 -173.2
20211128235351  -803.7 -25.4 -172.8
20211128235352  -803.3 -25.3 -172.5
20211128235353  -804.2 -25.6 -173.3
20211128235354  -804.5 -26.2 -173.8
20211128235355  -804.5 -26.2 -173.7
20211128235356  -804.2 -26.4 -173.9
20211128235357  -804.3 -26.6 -174.1
20211128235358  -804.7 -26.8 -174.0
20211128235359  -804.6 -27.0 -174.0
20211128235400  -804.6 -27.0 -174.3
20211128235401  -804.9 -27.3 -174.6
20211128235402  -804.8 -27.7 -174.7
20211128235403  -804.8 -27.8 -174.7
20211128235404  -804.9 -27.8 -174.9
20211128235405  -805.0 -28.1 -175.1
20211128235406  -804.8 -28.5 -175.9
20211128235407  -804.8 -28.9 -176.0
20211128235408  -804.3 -28.7 -175.2
20211128235409  -804.2 -28.8 -175.4
20211128235410  -803.8 -28.6 -175.3
20211128235411  -803.3 -28.8 -175.2
20211128235412  -803.1 -28.4 -174.9
20211128235413  -802.9 -28.5 -174.5
20211128235414  -802.5 -28.5 -174.2
20211128235415  -801.7 -28.4 -173.6
20211128235416  -801.5 -28.5 -173.6
20211128235417  -801.0 -28.7 -173.4
20211128235418  -800.7 -28.7 -173.4
20211128235419  -800.7 -28.8 -173.4
20211128235420  -800.5 -28.9 -173.0
20211128235421  -801.4 -29.1 -173.9
20211128235422  -801.7 -29.0 -174.0
20211128235423  -801.7 -29.4 -174.5
20211128235424  -801.8 -29.6 -175.0
20211128235425  -801.8 -29.7 -174.7
20211128235426  -801.9 -29.8 -175.1
20211128235427  -802.1 -30.0 -175.2
20211128235428  -802.2 -30.2 -175.5
20211128235429  -802.3 -30.0 -175.4
20211128235430  -802.2 -30.0 -175.9
20211128235431  -802.5 -29.8 -176.2
20211128235432  -802.5 -29.8 -176.5
20211128235433  -802.7 -30.3 -176.6
20211128235434  -802.9 -30.5 -177.1
20211128235435  -802.4 -30.2 -176.7
20211128235436  -802.3 -30.1 -176.4
20211128235437  -802.0 -30.0 -176.1
20211128235438  -801.5 -29.6 -175.8
20211128235439  -801.4 -29.3 -175.6
20211128235440  -801.3 -29.3 -175.4
20211128235441  -800.9 -29.4 -175.3
20211128235442  -800.9 -28.9 -175.1
20211128235443  -800.6 -28.9 -174.8
20211128235444  -800.6 -28.9 -174.6
20211128235445  -800.6 -29.0 -174.4
20211128235446  -800.3 -28.9 -174.3
20211128235447  -800.0 -28.9 -174.0
20211128235448  -800.9 -29.0 -174.7
20211128235449  -801.4 -29.4 -175.6
20211128235450  -801.3 -29.3 -175.8
20211128235451  -801.4 -29.9 -175.9
20211128235452  -801.6 -30.3 -176.0
20211128235453  -801.9 -30.1 -176.3
20211128235454  -802.1 -30.2 -176.4
20211128235455  -802.0 -30.2 -177.0
20211128235456  -802.5 -30.7 -177.0
20211128235457  -802.8 -30.5 -177.4
20211128235458  -803.0 -30.5 -177.5
20211128235459  -803.4 -30.7 -177.7
20211128235500  -803.8 -30.7 -177.3
20211128235501  -804.5 -31.3 -178.3
20211128235502  -804.2 -30.7 -178.2
20211128235503  -803.9 -31.0 -177.6
20211128235504  -803.7 -31.1 -177.6
20211128235505  -803.5 -30.7 -176.8
20211128235506  -803.3 -30.7 -176.5
20211128235507  -803.1 -30.7 -176.2
20211128235508  -803.2 -30.8 -176.2
20211128235509  -802.9 -30.7 -175.9
20211128235510  -802.9 -30.6 -175.6
20211128235511  -802.6 -30.6 -175.2
20211128235512  -802.8 -30.4 -175.0
20211128235513  -802.5 -30.6 -174.7
20211128235514  -802.5 -30.4 -174.6
20211128235515  -802.4 -30.2 -174.4
20211128235516  -803.9 -30.8 -175.4
20211128235517  -804.4 -30.8 -175.7
20211128235518  -804.7 -30.6 -175.9
20211128235519  -804.4 -30.8 -176.4
20211128235520  -805.0 -30.5 -176.4
20211128235521  -805.3 -30.8 -176.6
20211128235522  -805.6 -31.2 -176.8
20211128235523  -806.0 -30.9 -176.8
20211128235524  -806.2 -31.0 -177.1
20211128235525  -806.3 -31.1 -177.0
20211128235526  -806.7 -31.1 -177.1
20211128235527  -806.9 -31.0 -177.2
20211128235528  -807.3 -31.3 -177.6
20211128235529  -807.7 -31.6 -177.6
20211128235530  -807.2 -31.1 -177.2
20211128235531  -807.0 -30.9 -176.7
20211128235532  -806.8 -30.9 -176.4
20211128235533  -806.6 -30.8 -176.0
20211128235534  -806.7 -30.8 -175.8
20211128235535  -806.3 -30.7 -175.4
20211128235536  -806.0 -30.4 -175.3
20211128235537  -806.0 -30.5 -175.3
20211128235538  -806.1 -30.4 -174.9
20211128235539  -806.0 -30.5 -174.7
20211128235540  -805.6 -30.1 -174.4
20211128235541  -805.3 -30.2 -174.2
20211128235542  -805.6 -30.3 -174.2
20211128235543  -806.0 -30.1 -174.5
20211128235544  -806.5 -30.4 -175.0
20211128235545  -806.5 -30.8 -175.3
20211128235546  -806.5 -30.9 -175.1
20211128235547  -806.4 -30.9 -175.2
20211128235548  -806.3 -31.2 -175.3
20211128235549  -806.6 -31.3 -175.8
20211128235550  -806.7 -31.3 -175.9
20211128235551  -806.9 -31.6 -176.2
20211128235552  -806.9 -31.6 -176.1
20211128235553  -807.0 -31.6 -176.4
20211128235554  -807.2 -31.5 -176.6
20211128235555  -807.4 -31.6 -176.6
20211128235556  -807.2 -32.1 -177.3
20211128235557  -806.8 -31.9 -176.7
20211128235558  -806.3 -31.6 -176.4
20211128235559  -806.2 -31.7 -176.5
20211128235600  -805.7 -31.5 -176.1
20211128235601  -805.7 -31.5 -175.7
20211128235602  -805.4 -31.2 -175.4
20211128235603  -805.1 -31.2 -175.2
20211128235604  -804.7 -31.3 -175.0
20211128235605  -804.7 -30.8 -175.2
20211128235606  -804.4 -30.8 -175.0
20211128235607  -804.3 -30.8 -174.9
20211128235608  -804.5 -30.6 -174.9
20211128235609  -804.3 -30.5 -174.8
20211128235610  -804.8 -30.8 -175.2
20211128235611  -805.6 -31.1 -176.1
20211128235612  -806.2 -31.0 -176.5
20211128235613  -806.4 -31.2 -176.4
20211128235614  -806.3 -31.3 -176.7
20211128235615  -806.5 -31.2 -176.9
20211128235616  -806.6 -31.2 -176.7
20211128235617  -806.8 -31.0 -176.9
20211128235618  -807.0 -31.5 -176.8
20211128235619  -807.2 -31.6 -176.9
20211128235620  -807.4 -31.4 -177.3
20211128235621  -807.5 -31.7 -177.2
20211128235622  -807.8 -31.7 -177.1
20211128235623  -808.0 -32.1 -177.5
20211128235624  -808.0 -31.8 -177.5
20211128235625  -807.7 -31.7 -176.6
20211128235626  -807.4 -31.3 -176.7
20211128235627  -807.3 -30.8 -176.1
20211128235628  -807.2 -30.6 -176.1
20211128235629  -806.9 -30.2 -175.9
20211128235630  -806.8 -30.0 -175.8
20211128235631  -806.3 -29.9 -175.7
20211128235632  -806.4 -29.7 -175.4
20211128235633  -806.3 -30.0 -175.3
20211128235634  -806.1 -29.4 -175.2
20211128235635  -806.0 -29.4 -175.1
20211128235636  -806.0 -29.3 -175.0
20211128235637  -805.6 -29.0 -174.5
20211128235638  -806.8 -29.5 -175.7
20211128235639  -806.9 -29.8 -175.9
20211128235640  -807.1 -29.8 -175.9
20211128235641  -807.3 -30.2 -176.3
20211128235642  -807.6 -29.8 -176.2
20211128235643  -808.0 -30.0 -176.3
20211128235644  -808.0 -30.2 -176.4
20211128235645  -807.9 -30.3 -176.9
20211128235646  -808.3 -30.5 -177.3
20211128235647  -808.7 -30.3 -177.5
20211128235648  -808.8 -30.1 -177.5
20211128235649  -809.1 -30.3 -177.6
20211128235650  -809.4 -30.3 -178.2
20211128235651  -810.2 -30.8 -178.5
20211128235652  -810.0 -30.6 -178.2
20211128235653  -809.6 -30.1 -177.8
20211128235654  -809.8 -29.9 -177.5
20211128235655  -809.6 -29.9 -177.4
20211128235656  -809.3 -29.8 -177.5
20211128235657  -809.4 -29.7 -177.1
20211128235658  -809.3 -29.5 -176.5
20211128235659  -809.1 -29.5 -176.4
20211128235700  -808.9 -29.3 -176.1
20211128235701  -808.6 -29.0 -176.1
20211128235702  -808.6 -29.1 -175.9
20211128235703  -808.3 -28.9 -175.5
20211128235704  -808.6 -28.8 -175.5
20211128235705  -809.6 -29.2 -176.6
20211128235706  -810.0 -28.8 -177.0
20211128235707  -810.2 -29.3 -177.0
20211128235708  -810.0 -29.1 -176.9
20211128235709  -810.0 -29.1 -177.0
20211128235710  -810.0 -29.2 -177.0
20211128235711  -810.1 -29.6 -176.8
20211128235712  -810.4 -29.6 -177.2
20211128235713  -810.5 -29.7 -177.3
20211128235714  -811.0 -29.8 -177.5
20211128235715  -810.9 -29.8 -177.3
20211128235716  -811.0 -29.9 -177.7
20211128235717  -811.3 -30.1 -178.0
20211128235718  -811.8 -30.5 -178.8
20211128235719  -811.3 -30.5 -178.3
20211128235720  -811.0 -30.4 -177.9
20211128235721  -810.7 -30.2 -177.7
20211128235722  -810.2 -30.1 -177.5
20211128235723  -810.1 -29.9 -177.0
20211128235724  -810.2 -30.2 -176.9
20211128235725  -809.7 -30.1 -177.1
20211128235726  -809.5 -30.1 -176.4
20211128235727  -809.4 -30.4 -176.4
20211128235728  -809.3 -30.7 -176.3
20211128235729  -809.2 -30.6 -176.1
20211128235730  -808.7 -30.7 -176.0
20211128235731  -808.7 -30.9 -175.9
20211128235732  -809.5 -31.3 -176.8
20211128235733  -809.4 -31.6 -177.1
20211128235734  -809.5 -31.9 -177.3
20211128235735  -809.7 -31.9 -177.2
20211128235736  -809.5 -32.3 -177.5
20211128235737  -809.2 -32.2 -177.7
20211128235738  -809.4 -32.4 -177.8
20211128235739  -809.4 -32.2 -177.8
20211128235740  -809.3 -32.3 -178.3
20211128235741  -809.3 -32.5 -178.2
20211128235742  -809.1 -32.7 -178.4
20211128235743  -809.2 -32.6 -178.6
20211128235744  -809.4 -32.7 -178.8
20211128235745  -809.2 -33.3 -179.4
20211128235746  -809.1 -33.2 -179.5
20211128235747  -808.5 -32.9 -178.9
20211128235748  -807.7 -32.9 -178.5
20211128235749  -807.8 -32.5 -178.4
20211128235750  -807.3 -32.7 -177.9
20211128235751  -807.0 -32.5 -177.6
20211128235752  -806.6 -32.4 -177.5
20211128235753  -806.2 -32.3 -177.3
20211128235754  -806.1 -32.0 -177.1
20211128235755  -805.6 -32.2 -177.2
20211128235756  -805.5 -32.2 -177.1
20211128235757  -805.4 -32.6 -177.4
20211128235758  -805.4 -32.3 -177.2
20211128235759  -806.6 -32.7 -178.4
20211128235800  -806.4 -33.1 -178.4
20211128235801  -806.2 -33.0 -178.4
20211128235802  -806.4 -33.0 -178.7
20211128235803  -806.5 -33.2 -178.9
20211128235804  -806.4 -33.1 -179.0
20211128235805  -806.4 -33.1 -179.3
20211128235806  -806.0 -33.2 -179.4
20211128235807  -806.0 -33.5 -179.4
20211128235808  -806.0 -33.9 -180.0
20211128235809  -806.0 -34.0 -180.1
20211128235810  -806.2 -33.8 -180.4
20211128235811  -806.2 -33.7 -180.5
20211128235812  -806.5 -34.0 -181.2
