20211201222525  -761.7 -39.6 -821.8
20211201222526  -761.0 -40.2 -821.7
20211201222527  -760.3 -40.3 -821.4
20211201222528  -759.9 -39.9 -821.0
20211201222529  -760.0 -39.8 -821.1
20211201222530  -760.7 -39.6 -821.5
20211201222531  -761.0 -39.7 -821.7
20211201222532  -761.4 -39.4 -821.4
20211201222533  -761.4 -39.7 -821.2
20211201222534  -761.4 -39.6 -821.0
20211201222535  -761.4 -39.8 -820.4
20211201222536  -761.4 -39.8 -820.4
20211201222537  -761.2 -39.6 -820.0
20211201222538  -760.5 -39.3 -819.5
20211201222539  -760.5 -39.2 -819.2
20211201222540  -760.0 -38.8 -819.0
20211201222541  -759.6 -38.5 -818.8
20211201222542  -759.2 -38.6 -818.8
20211201222543  -758.6 -38.6 -818.6
20211201222544  -758.1 -38.7 -818.4
20211201222545  -757.8 -38.6 -818.4
20211201222546  -757.8 -38.4 -818.8
20211201222547  -757.9 -38.2 -818.6
20211201222548  -757.5 -37.9 -818.7
20211201222549  -757.5 -37.6 -818.6
20211201222550  -757.2 -37.6 -818.6
20211201222551  -757.3 -37.6 -818.6
20211201222552  -757.3 -37.7 -818.4
20211201222553  -757.1 -37.9 -818.1
20211201222554  -757.1 -37.4 -818.1
20211201222555  -757.0 -37.3 -817.9
20211201222556  -756.7 -37.3 -817.7
20211201222557  -756.5 -37.1 -817.5
20211201222558  -756.4 -36.8 -816.9
20211201222559  -756.4 -37.1 -816.6
20211201222600  -756.8 -36.9 -816.4
20211201222601  -757.0 -37.1 -816.2
20211201222602  -756.3 -37.1 -816.4
20211201222603  -756.2 -37.1 -816.5
20211201222604  -755.9 -36.7 -816.1
20211201222605  -756.2 -36.7 -816.3
20211201222606  -755.8 -36.4 -816.6
20211201222607  -755.9 -36.0 -816.7
20211201222608  -755.8 -35.5 -816.3
20211201222609  -756.1 -35.8 -816.5
20211201222610  -755.9 -36.2 -816.2
20211201222611  -755.8 -36.6 -815.7
20211201222612  -755.8 -36.4 -815.6
20211201222613  -755.6 -36.6 -815.4
20211201222614  -755.1 -36.3 -815.4
20211201222615  -754.6 -36.6 -815.6
20211201222616  -753.9 -36.6 -815.5
20211201222617  -754.0 -36.6 -816.0
20211201222618  -753.7 -36.5 -816.4
20211201222619  -754.0 -36.4 -816.7
20211201222620  -754.3 -36.1 -816.5
20211201222621  -754.4 -36.4 -816.3
20211201222622  -754.6 -36.4 -816.3
20211201222623  -754.9 -36.4 -815.5
20211201222624  -754.4 -36.1 -815.1
20211201222625  -754.5 -36.0 -814.9
20211201222626  -753.8 -36.3 -814.3
20211201222627  -753.1 -35.6 -813.8
20211201222628  -752.5 -35.4 -813.9
20211201222629  -752.1 -34.3 -813.4
20211201222630  -752.0 -33.7 -813.3
20211201222631  -752.4 -33.2 -813.9
20211201222632  -752.5 -33.2 -814.1
20211201222633  -752.4 -33.3 -814.0
20211201222634  -752.8 -33.3 -814.2
20211201222635  -752.7 -33.2 -814.3
20211201222636  -752.4 -33.1 -814.0
20211201222637  -752.2 -32.8 -813.3
20211201222638  -751.9 -32.9 -813.3
20211201222639  -751.5 -33.2 -813.3
20211201222640  -751.3 -33.0 -813.1
20211201222641  -751.2 -33.1 -813.0
20211201222642  -751.4 -32.9 -812.4
20211201222643  -751.0 -32.8 -812.7
20211201222644  -750.8 -33.0 -812.2
20211201222645  -750.3 -33.1 -812.2
20211201222646  -750.2 -32.8 -812.1
20211201222647  -750.0 -32.7 -812.0
20211201222648  -749.8 -32.3 -812.0
20211201222649  -749.3 -32.1 -811.7
20211201222650  -749.4 -31.8 -811.8
20211201222651  -749.3 -31.4 -811.7
20211201222652  -749.2 -31.1 -812.0
20211201222653  -749.8 -30.7 -811.6
20211201222654  -749.4 -30.7 -811.7
20211201222655  -749.6 -30.3 -811.4
20211201222656  -749.1 -30.7 -811.4
20211201222657  -748.4 -30.4 -810.9
20211201222658  -749.1 -30.3 -811.3
20211201222659  -749.1 -30.2 -811.2
20211201222700  -749.1 -30.1 -811.2
20211201222701  -749.2 -30.1 -811.3
20211201222702  -749.6 -30.0 -811.0
20211201222703  -749.7 -30.2 -811.1
20211201222704  -749.7 -30.1 -811.0
20211201222705  -749.8 -30.0 -811.0
20211201222706  -749.5 -29.7 -810.9
20211201222707  -749.8 -29.4 -810.7
20211201222708  -749.5 -29.4 -810.6
20211201222709  -749.6 -28.9 -810.7
20211201222710  -749.1 -28.5 -810.6
20211201222711  -749.2 -28.6 -810.7
20211201222712  -749.0 -28.2 -810.2
20211201222713  -749.0 -28.1 -810.2
20211201222714  -748.9 -27.7 -809.9
20211201222715  -748.9 -28.1 -809.9
20211201222716  -748.7 -28.2 -809.6
20211201222717  -748.6 -28.4 -809.3
20211201222718  -748.5 -28.6 -809.3
20211201222719  -748.2 -28.4 -809.3
20211201222720  -748.5 -28.0 -809.1
20211201222721  -748.1 -27.9 -809.3
20211201222722  -747.9 -27.8 -809.5
20211201222723  -747.5 -27.6 -808.8
20211201222724  -747.6 -27.4 -808.9
20211201222725  -748.3 -27.2 -809.2
20211201222726  -748.3 -26.8 -809.1
20211201222727  -748.2 -26.7 -809.2
20211201222728  -748.6 -27.0 -809.0
20211201222729  -748.6 -27.4 -809.3
20211201222730  -748.4 -27.7 -809.5
20211201222731  -748.5 -27.6 -809.6
20211201222732  -748.7 -27.5 -809.3
20211201222733  -748.7 -27.4 -809.4
20211201222734  -748.8 -27.2 -809.4
20211201222735  -749.1 -26.9 -809.6
20211201222736  -749.1 -27.2 -809.6
20211201222737  -749.4 -27.2 -809.8
20211201222738  -749.4 -27.5 -809.6
20211201222739  -749.8 -27.6 -809.3
20211201222740  -749.7 -27.5 -809.1
20211201222741  -749.5 -27.1 -809.0
20211201222742  -749.9 -27.1 -809.0
20211201222743  -750.2 -27.0 -809.0
20211201222744  -749.9 -26.8 -808.8
20211201222745  -750.2 -27.0 -808.9
20211201222746  -750.1 -27.1 -809.1
20211201222747  -750.2 -27.3 -809.2
20211201222748  -749.9 -27.4 -809.2
20211201222749  -749.4 -27.0 -808.4
20211201222750  -749.0 -27.1 -808.1
20211201222751  -749.7 -27.1 -808.6
20211201222752  -749.8 -27.4 -808.8
20211201222753  -749.6 -27.4 -808.8
20211201222754  -749.6 -27.6 -808.8
20211201222755  -750.0 -27.7 -808.9
20211201222756  -750.0 -28.0 -809.0
20211201222757  -750.0 -28.2 -809.2
20211201222758  -750.4 -27.9 -809.3
20211201222759  -750.4 -27.6 -809.4
20211201222800  -750.6 -27.8 -809.4
20211201222801  -750.8 -28.2 -809.2
20211201222802  -751.0 -28.1 -808.9
20211201222803  -751.1 -28.4 -809.0
20211201222804  -751.1 -28.6 -808.9
20211201222805  -751.2 -28.6 -808.8
20211201222806  -751.6 -28.3 -808.8
20211201222807  -751.4 -28.4 -808.6
20211201222808  -751.5 -28.7 -808.7
20211201222809  -751.5 -28.6 -809.0
20211201222810  -751.7 -28.9 -808.9
20211201222811  -752.0 -29.2 -808.9
20211201222812  -752.2 -28.9 -808.7
20211201222813  -752.2 -28.9 -808.3
20211201222814  -752.7 -29.0 -808.1
20211201222815  -752.2 -29.3 -807.6
20211201222816  -751.7 -29.3 -807.3
20211201222817  -752.4 -29.1 -807.6
20211201222818  -752.6 -29.3 -808.1
20211201222819  -752.7 -28.8 -808.2
20211201222820  -752.9 -28.5 -808.1
20211201222821  -753.1 -28.4 -808.2
20211201222822  -753.5 -28.3 -808.3
20211201222823  -753.4 -28.1 -808.1
20211201222824  -753.2 -28.1 -807.9
20211201222825  -752.8 -28.3 -807.9
20211201222826  -752.8 -28.5 -807.7
20211201222827  -753.0 -28.3 -807.8
20211201222828  -753.0 -28.6 -807.4
20211201222829  -752.9 -28.7 -807.7
20211201222830  -753.1 -28.7 -807.8
20211201222831  -753.4 -28.5 -807.5
20211201222832  -753.4 -28.4 -807.2
20211201222833  -753.3 -28.2 -807.2
20211201222834  -753.7 -27.8 -807.2
20211201222835  -753.7 -27.4 -807.3
20211201222836  -753.7 -27.3 -807.0
20211201222837  -753.5 -27.2 -806.8
20211201222838  -753.0 -27.5 -807.1
20211201222839  -753.1 -27.8 -807.0
20211201222840  -753.1 -28.5 -807.1
20211201222841  -751.9 -28.7 -806.8
20211201222842  -751.5 -28.1 -806.4
20211201222843  -751.3 -28.0 -806.5
20211201222844  -752.1 -28.4 -807.3
20211201222845  -752.4 -28.4 -807.2
20211201222846  -752.6 -28.8 -807.3
20211201222847  -752.9 -28.8 -807.0
20211201222848  -753.0 -28.6 -806.9
20211201222849  -753.1 -28.6 -807.0
20211201222850  -753.4 -28.7 -806.8
20211201222851  -753.1 -28.7 -806.6
20211201222852  -753.1 -28.5 -806.9
20211201222853  -753.1 -28.5 -807.2
20211201222854  -753.4 -28.3 -807.3
20211201222855  -753.3 -28.3 -807.5
20211201222856  -753.8 -27.9 -807.4
20211201222857  -753.9 -27.8 -807.4
20211201222858  -753.9 -27.7 -807.3
20211201222859  -754.1 -27.8 -807.0
20211201222900  -754.0 -28.3 -806.7
20211201222901  -753.5 -28.5 -806.5
20211201222902  -752.9 -28.3 -806.4
20211201222903  -752.8 -28.0 -806.5
20211201222904  -752.6 -28.2 -806.6
20211201222905  -752.7 -27.8 -806.8
20211201222906  -752.8 -27.7 -807.2
20211201222907  -752.3 -27.8 -806.5
20211201222908  -751.9 -28.1 -806.1
20211201222909  -751.8 -27.9 -805.6
20211201222910  -752.6 -27.5 -806.3
20211201222911  -752.7 -27.2 -805.9
20211201222912  -752.9 -27.0 -806.2
20211201222913  -753.3 -26.8 -806.0
20211201222914  -753.6 -26.8 -805.8
20211201222915  -753.6 -27.3 -805.8
20211201222916  -753.7 -27.9 -806.1
20211201222917  -753.3 -28.1 -805.8
20211201222918  -753.1 -27.9 -805.5
20211201222919  -753.1 -27.7 -805.5
20211201222920  -753.3 -27.7 -805.3
20211201222921  -753.1 -27.7 -806.1
20211201222922  -753.1 -27.6 -806.0
20211201222923  -753.3 -27.9 -806.1
20211201222924  -753.6 -27.8 -806.2
20211201222925  -753.7 -27.8 -806.0
20211201222926  -753.5 -27.6 -805.8
20211201222927  -753.4 -27.7 -805.8
20211201222928  -753.4 -27.3 -806.0
20211201222929  -753.5 -27.6 -806.2
20211201222930  -753.8 -28.0 -806.0
20211201222931  -753.9 -27.8 -805.7
20211201222932  -753.7 -28.0 -805.9
20211201222933  -753.6 -28.4 -805.9
20211201222934  -753.5 -28.0 -805.5
20211201222935  -753.9 -27.8 -805.7
20211201222936  -754.5 -27.7 -806.4
20211201222937  -754.8 -27.7 -806.3
20211201222938  -754.9 -27.3 -806.1
20211201222939  -754.8 -27.4 -806.3
20211201222940  -755.4 -27.8 -806.5
20211201222941  -755.9 -28.0 -806.3
20211201222942  -756.1 -28.4 -806.5
20211201222943  -756.4 -28.6 -806.7
20211201222944  -756.9 -28.8 -806.7
20211201222945  -756.7 -28.7 -806.2
20211201222946  -757.1 -28.4 -806.2
20211201222947  -757.1 -28.7 -805.8
20211201222948  -756.8 -28.6 -805.8
20211201222949  -756.6 -28.1 -805.5
20211201222950  -757.0 -28.0 -805.4
20211201222951  -756.9 -27.8 -805.9
20211201222952  -757.4 -27.9 -806.1
20211201222953  -757.4 -27.6 -806.5
20211201222954  -757.3 -27.7 -806.5
20211201222955  -757.7 -27.3 -806.7
20211201222956  -757.7 -27.4 -806.5
20211201222957  -757.9 -27.5 -806.7
20211201222958  -758.0 -27.6 -806.6
20211201222959  -758.2 -27.7 -806.3
20211201223000  -757.9 -27.4 -806.0
20211201223001  -758.4 -27.2 -806.0
20211201223002  -758.8 -27.1 -806.6
20211201223003  -759.2 -27.4 -806.5
20211201223004  -759.3 -27.1 -806.4
20211201223005  -759.6 -27.0 -806.6
20211201223006  -760.0 -27.2 -806.6
20211201223007  -760.4 -27.0 -806.9
20211201223008  -760.8 -27.7 -807.0
20211201223009  -760.8 -28.1 -806.6
20211201223010  -760.8 -28.3 -806.5
20211201223011  -760.5 -28.6 -806.1
20211201223012  -760.4 -28.9 -805.8
20211201223013  -760.2 -29.1 -805.9
20211201223014  -760.0 -28.9 -806.2
20211201223015  -759.8 -28.9 -806.5
20211201223016  -760.1 -28.6 -806.8
20211201223017  -760.2 -28.5 -807.3
20211201223018  -760.3 -28.0 -807.2
20211201223019  -760.5 -28.4 -807.5
20211201223020  -760.5 -28.4 -808.0
20211201223021  -760.8 -28.5 -807.6
20211201223022  -761.0 -28.8 -807.6
20211201223023  -761.1 -29.0 -808.0
20211201223024  -761.3 -29.7 -807.9
20211201223025  -761.6 -30.1 -807.9
20211201223026  -761.4 -29.6 -807.4
20211201223027  -761.9 -29.6 -807.9
20211201223028  -762.6 -29.6 -808.5
20211201223029  -763.1 -29.8 -808.8
20211201223030  -763.9 -29.7 -809.0
20211201223031  -764.4 -29.9 -808.5
20211201223032  -764.7 -30.3 -808.5
20211201223033  -765.0 -30.8 -808.4
20211201223034  -765.0 -31.1 -808.3
20211201223035  -765.2 -31.3 -807.9
20211201223036  -765.5 -31.4 -808.0
20211201223037  -765.8 -31.5 -808.0
20211201223038  -766.2 -31.8 -807.9
20211201223039  -766.5 -31.8 -808.1
20211201223040  -766.8 -31.6 -807.9
20211201223041  -766.8 -31.7 -808.0
20211201223042  -767.2 -31.6 -808.2
20211201223043  -766.9 -31.9 -808.3
20211201223044  -767.4 -32.2 -808.5
20211201223045  -767.4 -32.6 -808.6
20211201223046  -767.6 -32.6 -808.8
20211201223047  -768.1 -32.6 -808.8
20211201223048  -768.4 -32.6 -809.2
20211201223049  -768.6 -32.6 -809.0
20211201223050  -769.0 -33.0 -809.3
20211201223051  -768.9 -33.2 -809.1
20211201223052  -768.6 -33.6 -808.7
20211201223053  -768.6 -34.0 -808.5
20211201223054  -768.5 -34.1 -808.2
20211201223055  -768.4 -34.3 -808.0
20211201223056  -768.2 -34.2 -807.8
20211201223057  -769.1 -34.5 -808.6
20211201223058  -769.4 -34.8 -809.2
20211201223059  -769.7 -34.9 -809.3
20211201223100  -769.8 -35.2 -809.5
20211201223101  -770.3 -35.4 -809.6
20211201223102  -771.1 -35.5 -809.9
20211201223103  -771.6 -35.1 -809.8
20211201223104  -772.0 -35.1 -810.2
20211201223105  -772.7 -34.9 -810.4
20211201223106  -773.3 -34.8 -810.4
20211201223107  -773.6 -34.8 -810.1
20211201223108  -773.5 -35.2 -809.9
20211201223109  -773.4 -35.5 -810.2
20211201223110  -773.7 -35.8 -810.4
20211201223111  -773.9 -36.0 -810.3
20211201223112  -774.3 -36.1 -810.6
20211201223113  -774.5 -36.3 -810.7
20211201223114  -774.7 -36.7 -810.8
20211201223115  -775.2 -37.2 -810.8
20211201223116  -775.4 -37.3 -810.9
20211201223117  -775.7 -37.3 -811.4
20211201223118  -776.2 -37.2 -811.3
20211201223119  -776.5 -37.2 -811.5
20211201223120  -777.0 -37.5 -811.7
20211201223121  -777.9 -37.5 -811.9
20211201223122  -777.7 -37.8 -811.7
20211201223123  -778.5 -37.6 -811.6
20211201223124  -779.2 -37.9 -811.9
20211201223125  -779.6 -38.0 -812.0
20211201223126  -779.8 -38.2 -811.8
20211201223127  -780.1 -38.5 -811.7
20211201223128  -780.1 -38.3 -811.8
20211201223129  -780.2 -38.1 -811.7
20211201223130  -780.7 -38.2 -811.5
20211201223131  -780.6 -38.1 -811.9
20211201223132  -781.1 -37.9 -811.7
20211201223133  -781.6 -38.0 -811.9
20211201223134  -782.0 -38.1 -811.8
20211201223135  -782.1 -37.9 -811.3
20211201223136  -782.4 -38.4 -811.4
20211201223137  -782.4 -38.4 -811.5
20211201223138  -782.8 -38.1 -811.0
20211201223139  -782.4 -38.4 -811.3
20211201223140  -782.7 -38.2 -811.3
20211201223141  -782.9 -38.5 -811.2
20211201223142  -783.2 -38.1 -811.3
20211201223143  -783.7 -37.8 -811.4
20211201223144  -784.1 -37.5 -811.9
20211201223145  -784.7 -37.4 -812.1
20211201223146  -785.2 -37.4 -812.2
20211201223147  -785.4 -37.4 -812.2
20211201223148  -785.3 -37.8 -812.0
20211201223149  -784.9 -37.6 -810.8
20211201223150  -785.2 -37.8 -810.7
20211201223151  -785.2 -38.3 -810.8
20211201223152  -785.1 -38.3 -811.0
20211201223153  -784.8 -38.5 -810.9
20211201223154  -785.0 -38.3 -810.9
20211201223155  -784.8 -38.6 -811.0
20211201223156  -784.8 -38.8 -811.1
20211201223157  -785.1 -38.7 -811.3
20211201223158  -785.6 -38.6 -811.0
20211201223159  -785.5 -38.8 -811.1
20211201223200  -785.2 -38.8 -811.2
20211201223201  -785.6 -38.9 -811.2
20211201223202  -785.8 -39.1 -811.1
20211201223203  -786.3 -39.3 -811.5
20211201223204  -786.7 -39.6 -811.5
20211201223205  -787.5 -39.3 -811.7
20211201223206  -788.1 -39.4 -811.3
20211201223207  -788.5 -39.8 -811.0
20211201223208  -788.4 -40.1 -811.0
20211201223209  -788.1 -40.4 -811.1
20211201223210  -788.0 -40.5 -811.3
20211201223211  -788.0 -40.6 -811.5
20211201223212  -787.7 -40.8 -811.8
