20211031005824  -747.2 -21.8 -263.9
20211031005825  -747.3 -22.0 -264.5
20211031005826  -747.2 -22.3 -264.9
20211031005827  -747.3 -22.5 -264.8
20211031005828  -747.4 -22.8 -265.0
20211031005829  -747.5 -22.4 -265.0
20211031005830  -747.4 -22.5 -265.2
20211031005831  -747.1 -22.7 -265.3
20211031005832  -747.1 -22.9 -265.3
20211031005833  -747.4 -23.2 -265.6
20211031005834  -747.8 -23.2 -265.8
20211031005835  -747.9 -23.4 -265.8
20211031005836  -747.7 -23.2 -265.9
20211031005837  -747.6 -23.5 -265.7
20211031005838  -747.8 -23.4 -266.0
20211031005839  -747.9 -23.5 -266.1
20211031005840  -747.8 -23.5 -266.0
20211031005841  -747.7 -23.3 -265.9
20211031005842  -747.4 -23.1 -265.9
20211031005843  -746.9 -22.3 -265.5
20211031005844  -746.7 -22.2 -265.2
20211031005845  -746.3 -21.9 -264.8
20211031005846  -746.5 -22.0 -264.6
20211031005847  -747.1 -21.8 -265.0
20211031005848  -747.3 -21.9 -265.3
20211031005849  -746.9 -22.2 -265.8
20211031005850  -747.0 -22.2 -265.7
20211031005851  -747.3 -22.2 -265.7
20211031005852  -747.6 -22.1 -266.2
20211031005853  -747.8 -22.0 -266.4
20211031005854  -747.9 -22.1 -266.5
20211031005855  -748.5 -21.7 -266.5
20211031005856  -748.6 -22.0 -266.6
20211031005857  -748.7 -22.3 -266.5
20211031005858  -748.8 -22.3 -266.1
20211031005859  -748.7 -22.3 -266.1
20211031005900  -748.9 -22.7 -266.0
20211031005901  -749.2 -22.6 -265.7
20211031005902  -749.0 -22.6 -265.7
20211031005903  -749.6 -23.0 -265.7
20211031005904  -750.0 -23.4 -265.5
20211031005905  -750.3 -23.6 -265.7
20211031005906  -750.3 -23.5 -265.6
20211031005907  -750.6 -23.6 -265.7
20211031005908  -750.7 -23.3 -265.6
20211031005909  -750.6 -23.3 -265.8
20211031005910  -750.5 -22.8 -265.2
20211031005911  -750.3 -22.6 -265.2
20211031005912  -750.1 -22.5 -265.0
20211031005913  -749.4 -22.3 -264.6
20211031005914  -749.8 -21.9 -264.3
20211031005915  -749.7 -22.1 -264.4
20211031005916  -749.4 -22.2 -264.2
20211031005917  -750.6 -22.6 -264.8
20211031005918  -750.1 -22.8 -265.2
20211031005919  -750.4 -22.7 -265.4
20211031005920  -750.3 -22.7 -265.5
20211031005921  -750.2 -22.9 -265.5
20211031005922  -750.4 -22.8 -265.7
20211031005923  -750.5 -22.8 -265.7
20211031005924  -750.3 -22.5 -265.6
20211031005925  -750.6 -22.6 -265.5
20211031005926  -750.4 -22.3 -265.6
20211031005927  -750.4 -21.9 -265.7
20211031005928  -751.0 -21.9 -265.9
20211031005929  -751.4 -22.3 -266.3
20211031005930  -751.3 -22.4 -266.8
20211031005931  -751.3 -22.5 -266.5
20211031005932  -751.4 -22.5 -266.3
20211031005933  -751.5 -22.4 -266.4
20211031005934  -752.0 -22.5 -266.3
20211031005935  -752.0 -22.9 -266.4
20211031005936  -752.4 -23.1 -266.7
20211031005937  -752.7 -23.1 -266.8
20211031005938  -753.1 -23.1 -267.0
20211031005939  -753.8 -22.8 -266.9
20211031005940  -754.2 -23.1 -266.6
20211031005941  -754.3 -23.0 -266.2
20211031005942  -754.6 -22.8 -266.0
20211031005943  -754.1 -22.6 -265.3
20211031005944  -754.2 -22.5 -265.5
20211031005945  -754.2 -22.2 -265.6
20211031005946  -754.8 -22.0 -266.0
20211031005947  -755.2 -21.9 -266.7
20211031005948  -755.3 -21.7 -267.0
20211031005949  -755.6 -21.8 -267.3
20211031005950  -755.9 -21.5 -267.4
20211031005951  -756.2 -22.0 -267.3
20211031005952  -756.5 -22.4 -267.5
20211031005953  -756.6 -22.0 -267.3
20211031005954  -756.5 -22.5 -266.9
20211031005955  -756.8 -22.4 -266.8
20211031005956  -757.0 -22.2 -266.5
20211031005957  -757.4 -21.7 -266.6
20211031005958  -757.3 -21.5 -266.8
20211031005959  -757.3 -21.0 -266.9
20211031010000  -757.3 -20.8 -267.2
20211031010001  -757.6 -21.1 -267.5
20211031010002  -757.8 -21.4 -267.7
20211031010003  -758.1 -21.7 -267.5
20211031010004  -758.2 -22.0 -267.4
20211031010005  -758.3 -22.4 -267.2
20211031010006  -758.7 -22.6 -267.1
20211031010007  -758.8 -22.8 -267.1
20211031010008  -759.2 -23.0 -266.6
20211031010009  -759.2 -22.9 -266.7
20211031010010  -759.6 -22.7 -266.3
20211031010011  -759.2 -22.3 -266.2
20211031010012  -759.1 -21.9 -266.0
20211031010013  -758.1 -21.8 -265.9
20211031010014  -757.6 -21.9 -265.6
20211031010015  -757.2 -21.8 -265.7
20211031010016  -757.4 -21.9 -266.0
20211031010017  -757.8 -22.0 -266.6
20211031010018  -757.8 -22.3 -266.8
20211031010019  -758.1 -22.4 -267.0
20211031010020  -758.3 -22.6 -267.1
20211031010021  -758.2 -23.0 -267.1
20211031010022  -758.3 -23.1 -267.0
20211031010023  -758.8 -22.9 -267.2
20211031010024  -759.1 -22.5 -266.7
20211031010025  -759.3 -21.8 -266.4
20211031010026  -759.5 -21.7 -266.4
20211031010027  -759.6 -21.6 -265.7
20211031010028  -759.6 -21.7 -265.7
20211031010029  -759.9 -21.8 -265.9
20211031010030  -760.0 -22.1 -265.8
20211031010031  -760.2 -22.3 -265.8
20211031010032  -760.0 -22.3 -265.8
20211031010033  -759.6 -22.2 -265.7
20211031010034  -759.9 -22.3 -265.9
20211031010035  -759.8 -22.2 -266.0
20211031010036  -759.8 -22.1 -265.9
20211031010037  -760.0 -22.6 -265.9
20211031010038  -759.8 -22.5 -266.4
20211031010039  -759.9 -22.2 -266.4
20211031010040  -760.1 -22.0 -266.4
20211031010041  -760.1 -22.2 -266.5
20211031010042  -760.1 -22.0 -266.3
20211031010043  -759.9 -21.9 -266.2
20211031010044  -759.6 -21.4 -265.7
20211031010045  -759.4 -21.0 -265.5
20211031010046  -759.9 -21.3 -265.5
20211031010047  -760.3 -21.3 -265.9
20211031010048  -760.3 -21.7 -265.7
20211031010049  -760.3 -21.4 -265.4
20211031010050  -760.3 -21.4 -264.6
20211031010051  -760.2 -21.2 -264.7
20211031010052  -760.5 -21.4 -264.5
20211031010053  -760.8 -21.4 -264.4
20211031010054  -760.7 -21.4 -264.7
20211031010055  -760.9 -21.4 -264.8
20211031010056  -760.8 -21.5 -264.9
20211031010057  -760.7 -21.9 -265.3
20211031010058  -761.0 -22.3 -265.4
20211031010059  -761.1 -22.7 -265.4
20211031010100  -761.3 -22.8 -265.6
20211031010101  -761.5 -22.7 -265.6
20211031010102  -761.7 -22.8 -265.6
20211031010103  -761.9 -22.2 -265.4
20211031010104  -761.8 -22.1 -265.0
20211031010105  -762.2 -21.4 -264.8
20211031010106  -762.1 -21.6 -264.8
20211031010107  -762.4 -21.6 -264.9
20211031010108  -762.6 -21.6 -265.0
20211031010109  -762.6 -21.7 -264.8
20211031010110  -762.8 -22.0 -265.2
20211031010111  -762.9 -22.3 -265.2
20211031010112  -762.4 -22.4 -264.8
20211031010113  -762.8 -22.4 -265.0
20211031010114  -762.2 -22.7 -264.6
20211031010115  -762.6 -22.6 -264.3
20211031010116  -763.7 -22.7 -264.7
20211031010117  -764.0 -22.8 -265.0
20211031010118  -764.5 -22.8 -264.7
20211031010119  -764.8 -22.6 -264.8
20211031010120  -765.2 -22.4 -265.1
20211031010121  -765.3 -22.0 -264.7
20211031010122  -765.4 -21.8 -264.9
20211031010123  -765.4 -21.3 -264.7
20211031010124  -765.8 -21.2 -264.3
20211031010125  -766.0 -21.1 -264.4
20211031010126  -766.0 -21.0 -263.8
20211031010127  -766.2 -20.9 -263.3
20211031010128  -766.1 -21.0 -263.5
20211031010129  -766.3 -21.1 -263.8
20211031010130  -766.5 -21.4 -263.8
20211031010131  -766.5 -21.8 -263.9
20211031010132  -766.6 -21.8 -264.1
20211031010133  -766.7 -21.7 -264.3
20211031010134  -767.0 -21.7 -265.0
20211031010135  -767.2 -21.7 -265.0
20211031010136  -767.4 -21.8 -264.9
20211031010137  -767.8 -21.8 -264.5
20211031010138  -768.1 -22.2 -264.6
20211031010139  -768.3 -22.3 -264.2
20211031010140  -768.5 -22.2 -264.5
20211031010141  -768.6 -22.4 -263.9
20211031010142  -768.6 -22.6 -263.8
20211031010143  -768.7 -22.6 -263.6
20211031010144  -768.2 -22.4 -263.5
20211031010145  -768.1 -22.1 -263.4
20211031010146  -769.0 -21.6 -263.7
20211031010147  -769.2 -21.3 -263.9
20211031010148  -769.1 -20.9 -263.7
20211031010149  -769.0 -20.6 -263.9
20211031010150  -769.1 -20.4 -263.8
20211031010151  -769.4 -19.9 -263.6
20211031010152  -769.5 -19.6 -264.2
20211031010153  -769.6 -19.4 -264.2
20211031010154  -770.1 -19.0 -264.4
20211031010155  -770.4 -18.8 -264.5
20211031010156  -770.5 -18.6 -264.4
20211031010157  -770.5 -18.6 -264.8
20211031010158  -770.5 -18.6 -264.8
20211031010159  -770.9 -19.1 -264.8
20211031010200  -771.0 -19.4 -264.8
20211031010201  -771.0 -19.6 -264.7
20211031010202  -771.3 -19.7 -264.4
20211031010203  -771.5 -19.6 -264.4
20211031010204  -771.8 -19.5 -264.1
20211031010205  -771.8 -19.6 -264.2
20211031010206  -771.5 -19.6 -264.2
20211031010207  -771.5 -19.3 -264.0
20211031010208  -771.4 -19.5 -263.8
20211031010209  -771.5 -19.6 -264.1
20211031010210  -771.6 -19.8 -264.5
20211031010211  -771.6 -20.0 -265.0
20211031010212  -771.8 -20.1 -265.1
