20211110135633  -671.6 -90.6 -172.8
20211110135634  -672.0 -90.9 -173.0
20211110135635  -671.9 -90.8 -173.1
20211110135636  -671.8 -90.8 -173.2
20211110135637  -672.1 -91.0 -173.2
20211110135638  -671.9 -90.7 -173.4
20211110135639  -671.7 -90.5 -173.2
20211110135640  -671.7 -90.5 -173.1
20211110135641  -671.6 -90.4 -173.4
20211110135642  -671.6 -90.5 -173.0
20211110135643  -671.4 -90.4 -173.0
20211110135644  -671.3 -90.5 -173.2
20211110135645  -671.3 -90.6 -173.4
20211110135646  -671.5 -90.6 -173.3
20211110135647  -671.4 -90.7 -173.5
20211110135648  -670.6 -90.6 -172.8
20211110135649  -670.1 -90.4 -172.6
20211110135650  -670.2 -90.3 -172.6
20211110135651  -670.0 -90.3 -171.9
20211110135652  -670.0 -90.2 -172.2
20211110135653  -670.8 -89.9 -173.1
20211110135654  -670.7 -89.9 -173.2
20211110135655  -670.6 -89.8 -172.9
20211110135656  -670.6 -89.9 -173.0
20211110135657  -670.6 -90.0 -173.0
20211110135658  -670.4 -90.2 -172.9
20211110135659  -670.2 -90.2 -172.9
20211110135700  -670.3 -90.2 -173.1
20211110135701  -670.3 -89.8 -173.0
20211110135702  -670.2 -90.0 -172.7
20211110135703  -670.2 -90.2 -172.7
20211110135704  -670.5 -90.6 -172.9
20211110135705  -670.1 -90.6 -172.9
20211110135706  -669.9 -90.4 -173.0
20211110135707  -670.1 -90.4 -173.0
20211110135708  -670.0 -90.2 -173.0
20211110135709  -669.8 -90.0 -173.0
20211110135710  -669.9 -90.1 -173.0
20211110135711  -669.8 -90.2 -172.6
20211110135712  -669.8 -90.4 -172.7
20211110135713  -669.6 -90.3 -172.9
20211110135714  -669.6 -90.3 -173.1
20211110135715  -669.7 -90.1 -173.1
20211110135716  -669.7 -90.0 -172.8
20211110135717  -669.6 -90.2 -173.0
20211110135718  -669.0 -90.4 -172.9
20211110135719  -668.8 -90.1 -172.5
20211110135720  -669.3 -90.3 -172.5
20211110135721  -669.3 -90.2 -172.8
20211110135722  -669.6 -90.1 -173.3
20211110135723  -669.4 -90.1 -173.3
20211110135724  -669.6 -90.1 -173.1
20211110135725  -669.4 -90.0 -173.2
20211110135726  -669.3 -90.2 -173.4
20211110135727  -669.4 -90.0 -173.3
20211110135728  -669.7 -90.0 -173.1
20211110135729  -669.2 -90.3 -173.0
20211110135730  -669.5 -90.1 -173.2
20211110135731  -669.2 -89.9 -173.2
20211110135732  -669.5 -90.0 -173.4
20211110135733  -669.6 -90.0 -173.5
20211110135734  -669.5 -90.2 -173.3
20211110135735  -669.4 -90.1 -173.2
20211110135736  -669.2 -90.3 -173.2
20211110135737  -669.5 -90.3 -173.3
20211110135738  -669.3 -90.1 -173.5
20211110135739  -669.5 -90.1 -173.4
20211110135740  -669.4 -90.0 -173.1
20211110135741  -669.3 -90.0 -173.2
20211110135742  -669.6 -89.9 -173.3
20211110135743  -669.2 -90.2 -173.1
20211110135744  -669.5 -90.0 -172.8
20211110135745  -668.8 -90.0 -172.6
20211110135746  -669.2 -90.1 -172.8
20211110135747  -669.1 -90.0 -173.2
20211110135748  -669.2 -90.0 -173.1
20211110135749  -669.1 -90.1 -173.1
20211110135750  -669.0 -89.8 -172.9
20211110135751  -669.1 -89.7 -172.7
20211110135752  -669.1 -89.7 -172.9
20211110135753  -669.3 -89.6 -173.0
20211110135754  -669.0 -89.7 -173.1
20211110135755  -669.1 -89.9 -173.0
20211110135756  -669.3 -89.8 -173.1
20211110135757  -669.6 -90.0 -173.0
20211110135758  -669.6 -90.3 -172.7
20211110135759  -669.4 -89.8 -172.8
20211110135800  -669.3 -90.0 -173.2
20211110135801  -669.1 -89.8 -173.2
20211110135802  -669.5 -89.9 -173.0
20211110135803  -669.2 -89.5 -173.2
20211110135804  -669.4 -89.7 -173.3
20211110135805  -669.3 -89.8 -173.5
20211110135806  -669.3 -90.0 -173.5
20211110135807  -669.4 -89.9 -173.5
20211110135808  -669.7 -89.7 -173.3
20211110135809  -669.6 -89.8 -173.4
20211110135810  -669.7 -89.9 -173.5
20211110135811  -669.1 -90.0 -173.1
20211110135812  -669.2 -89.7 -173.1
20211110135813  -669.2 -89.7 -173.3
20211110135814  -669.3 -89.8 -173.3
20211110135815  -669.3 -89.5 -173.3
20211110135816  -669.6 -89.3 -173.5
20211110135817  -669.8 -89.4 -173.5
20211110135818  -669.6 -89.5 -173.6
20211110135819  -669.4 -89.7 -173.6
20211110135820  -669.3 -89.7 -173.6
20211110135821  -669.5 -90.0 -173.5
20211110135822  -669.7 -89.9 -173.5
20211110135823  -669.2 -90.2 -173.3
20211110135824  -669.9 -90.0 -173.1
20211110135825  -669.9 -90.1 -173.1
20211110135826  -670.0 -90.1 -173.1
20211110135827  -670.3 -90.0 -173.4
20211110135828  -670.1 -89.9 -173.3
20211110135829  -670.2 -90.3 -173.0
20211110135830  -670.3 -90.2 -173.3
20211110135831  -670.2 -90.1 -173.3
20211110135832  -670.3 -90.2 -173.1
20211110135833  -670.1 -90.1 -173.3
20211110135834  -670.1 -90.1 -173.5
20211110135835  -670.5 -90.4 -173.6
20211110135836  -670.7 -90.5 -173.4
20211110135837  -670.3 -90.5 -173.1
20211110135838  -670.4 -90.1 -172.8
20211110135839  -670.6 -90.2 -173.4
20211110135840  -670.8 -90.5 -173.4
20211110135841  -670.8 -90.2 -173.2
20211110135842  -670.7 -90.4 -173.4
20211110135843  -670.9 -90.2 -173.4
20211110135844  -670.6 -90.4 -173.4
20211110135845  -671.0 -90.4 -173.2
20211110135846  -671.0 -90.5 -173.2
20211110135847  -671.0 -90.1 -173.4
20211110135848  -671.0 -90.3 -173.3
20211110135849  -670.9 -90.1 -173.5
20211110135850  -670.9 -90.2 -173.3
20211110135851  -671.1 -90.4 -173.6
20211110135852  -671.1 -90.6 -173.5
20211110135853  -671.1 -90.6 -173.3
20211110135854  -671.2 -90.6 -173.5
20211110135855  -671.4 -90.7 -173.5
20211110135856  -671.2 -90.5 -173.3
20211110135857  -670.9 -90.7 -173.6
20211110135858  -670.8 -90.8 -173.3
20211110135859  -670.9 -90.9 -173.7
20211110135900  -671.2 -90.7 -173.5
20211110135901  -671.3 -90.9 -173.4
20211110135902  -671.0 -91.1 -173.7
20211110135903  -670.5 -91.3 -173.6
20211110135904  -669.8 -90.7 -173.1
20211110135905  -669.9 -90.9 -173.3
20211110135906  -670.1 -90.6 -173.2
20211110135907  -669.8 -90.9 -172.7
20211110135908  -670.4 -90.5 -173.1
20211110135909  -670.6 -90.7 -173.5
20211110135910  -670.6 -90.8 -173.2
20211110135911  -670.4 -90.8 -173.6
20211110135912  -670.4 -90.7 -173.3
20211110135913  -670.5 -90.5 -173.4
20211110135914  -670.3 -90.7 -173.8
20211110135915  -670.5 -90.5 -173.4
20211110135916  -670.6 -90.9 -173.4
20211110135917  -670.6 -90.7 -173.3
20211110135918  -670.6 -91.0 -173.7
20211110135919  -670.6 -90.9 -173.6
20211110135920  -670.7 -90.9 -173.5
20211110135921  -670.8 -90.8 -173.6
20211110135922  -670.4 -90.9 -173.8
20211110135923  -670.4 -90.8 -173.8
20211110135924  -670.3 -90.8 -173.6
20211110135925  -670.3 -90.6 -173.6
20211110135926  -670.5 -90.9 -173.6
20211110135927  -670.5 -90.8 -174.1
20211110135928  -670.6 -90.7 -173.8
20211110135929  -670.4 -90.6 -173.7
20211110135930  -670.6 -90.8 -173.9
20211110135931  -670.3 -90.6 -174.1
20211110135932  -670.6 -90.7 -174.4
20211110135933  -670.2 -91.0 -174.1
20211110135934  -669.8 -90.8 -173.3
20211110135935  -670.3 -90.8 -173.9
20211110135936  -670.5 -90.8 -174.1
20211110135937  -670.6 -90.9 -174.1
20211110135938  -670.6 -91.0 -174.2
20211110135939  -670.7 -91.0 -174.4
20211110135940  -671.0 -90.9 -174.7
20211110135941  -670.8 -90.9 -174.5
20211110135942  -670.9 -91.1 -174.6
20211110135943  -670.5 -90.8 -174.6
20211110135944  -670.6 -90.9 -174.6
20211110135945  -670.5 -90.9 -174.4
20211110135946  -670.6 -90.9 -174.8
20211110135947  -670.4 -90.9 -174.8
20211110135948  -670.4 -91.2 -174.6
20211110135949  -670.5 -91.2 -174.7
20211110135950  -670.6 -91.2 -174.6
20211110135951  -670.7 -91.2 -174.7
20211110135952  -670.2 -91.2 -174.8
20211110135953  -670.3 -91.1 -174.9
20211110135954  -670.3 -91.3 -174.9
20211110135955  -670.4 -91.2 -174.8
20211110135956  -670.2 -91.2 -174.9
20211110135957  -670.5 -91.3 -174.9
20211110135958  -670.8 -91.2 -174.9
20211110135959  -670.7 -91.5 -175.2
20211110140000  -670.2 -91.5 -174.6
20211110140001  -670.7 -91.2 -174.4
20211110140002  -671.1 -91.4 -175.1
20211110140003  -671.3 -91.4 -175.0
20211110140004  -670.9 -91.4 -174.7
20211110140005  -671.0 -91.4 -174.6
20211110140006  -671.0 -91.3 -174.7
20211110140007  -671.0 -91.5 -174.6
20211110140008  -670.9 -91.2 -174.7
20211110140009  -671.0 -91.1 -175.2
20211110140010  -670.6 -91.3 -175.0
20211110140011  -670.4 -91.3 -175.0
20211110140012  -670.5 -91.5 -175.1
20211110140013  -670.8 -91.5 -175.1
20211110140014  -671.1 -91.6 -174.9
20211110140015  -670.9 -91.6 -174.9
20211110140016  -671.2 -91.5 -175.4
20211110140017  -671.2 -91.5 -175.2
20211110140018  -671.0 -91.5 -175.1
20211110140019  -670.8 -91.8 -175.1
20211110140020  -671.0 -91.6 -175.2
20211110140021  -671.3 -91.6 -175.1
20211110140022  -671.1 -91.6 -175.1
20211110140023  -670.9 -91.5 -175.2
20211110140024  -671.0 -91.7 -175.2
20211110140025  -671.0 -91.5 -175.2
20211110140026  -670.8 -92.0 -175.3
20211110140027  -670.2 -91.8 -174.9
20211110140028  -671.1 -91.8 -175.0
20211110140029  -671.2 -91.9 -175.3
20211110140030  -671.0 -92.0 -175.3
20211110140031  -671.2 -92.1 -175.5
20211110140032  -670.9 -91.7 -175.2
20211110140033  -670.9 -91.7 -175.4
20211110140034  -670.9 -92.0 -175.4
20211110140035  -670.8 -91.9 -175.4
20211110140036  -670.8 -91.7 -175.2
20211110140037  -670.9 -91.7 -175.3
20211110140038  -671.0 -91.7 -175.4
20211110140039  -671.0 -91.6 -175.2
20211110140040  -671.3 -91.8 -175.0
20211110140041  -671.1 -91.8 -175.0
20211110140042  -671.0 -92.0 -175.2
20211110140043  -670.9 -91.9 -175.3
20211110140044  -670.9 -91.9 -175.1
20211110140045  -670.9 -91.9 -175.1
20211110140046  -670.9 -91.7 -175.0
20211110140047  -671.1 -91.7 -175.2
20211110140048  -671.2 -91.8 -175.2
20211110140049  -670.8 -91.8 -174.8
20211110140050  -670.7 -92.0 -175.0
20211110140051  -671.2 -91.9 -175.4
20211110140052  -670.9 -91.9 -175.1
20211110140053  -670.4 -91.9 -174.6
20211110140054  -671.0 -91.8 -174.8
20211110140055  -671.1 -91.9 -174.9
20211110140056  -671.0 -91.9 -175.0
20211110140057  -670.9 -91.9 -175.2
20211110140058  -671.5 -91.9 -175.0
20211110140059  -671.4 -91.7 -175.2
20211110140100  -671.4 -91.9 -175.1
20211110140101  -671.6 -91.7 -175.0
20211110140102  -671.9 -92.0 -175.0
20211110140103  -671.9 -92.1 -175.4
20211110140104  -671.9 -91.9 -175.3
20211110140105  -672.1 -91.9 -175.5
20211110140106  -671.8 -92.0 -175.5
20211110140107  -671.9 -91.9 -175.5
20211110140108  -672.1 -91.7 -175.5
20211110140109  -672.3 -91.5 -175.5
20211110140110  -672.4 -91.5 -175.3
20211110140111  -672.1 -91.6 -175.3
20211110140112  -672.2 -91.8 -175.2
20211110140113  -672.3 -91.7 -175.2
20211110140114  -672.3 -91.9 -175.5
20211110140115  -672.4 -91.8 -175.3
20211110140116  -672.3 -91.8 -175.3
20211110140117  -672.3 -91.9 -175.2
20211110140118  -672.0 -91.8 -175.3
20211110140119  -671.4 -91.8 -174.8
20211110140120  -671.5 -91.8 -175.0
20211110140121  -672.5 -92.1 -175.0
20211110140122  -672.4 -92.2 -175.1
20211110140123  -672.5 -92.0 -175.2
20211110140124  -672.7 -92.0 -175.1
20211110140125  -672.6 -91.7 -175.2
20211110140126  -672.9 -91.8 -175.5
20211110140127  -673.0 -92.1 -175.5
20211110140128  -673.1 -92.0 -175.5
20211110140129  -673.1 -91.8 -175.5
20211110140130  -673.1 -92.4 -175.6
20211110140131  -672.9 -92.2 -175.5
20211110140132  -673.0 -92.1 -175.7
20211110140133  -673.0 -91.8 -175.3
20211110140134  -673.0 -92.1 -175.1
20211110140135  -673.0 -91.8 -175.0
20211110140136  -673.2 -91.7 -175.1
20211110140137  -673.1 -92.1 -175.2
20211110140138  -673.1 -91.9 -175.1
20211110140139  -673.2 -92.3 -175.2
20211110140140  -673.1 -92.2 -175.2
20211110140141  -673.1 -91.8 -175.5
20211110140142  -673.2 -91.8 -175.7
20211110140143  -673.2 -91.9 -175.5
20211110140144  -672.6 -91.9 -175.3
20211110140145  -672.3 -91.6 -174.8
20211110140146  -672.0 -91.6 -174.4
20211110140147  -672.8 -91.8 -175.0
20211110140148  -672.9 -91.8 -175.2
20211110140149  -673.0 -92.0 -175.1
20211110140150  -672.7 -92.0 -175.0
20211110140151  -673.1 -92.0 -175.3
20211110140152  -673.2 -92.2 -175.3
20211110140153  -673.2 -92.3 -175.1
20211110140154  -673.0 -92.3 -175.2
20211110140155  -672.9 -92.5 -175.3
20211110140156  -673.1 -92.5 -175.1
20211110140157  -673.0 -92.3 -175.4
20211110140158  -673.0 -92.4 -175.4
20211110140159  -673.1 -92.3 -175.5
20211110140200  -673.1 -92.4 -175.3
20211110140201  -673.4 -92.1 -175.5
20211110140202  -673.6 -92.1 -175.3
20211110140203  -673.2 -92.5 -175.3
20211110140204  -673.3 -92.3 -175.4
20211110140205  -673.2 -92.1 -175.2
20211110140206  -673.2 -91.8 -175.4
20211110140207  -673.2 -92.1 -175.3
20211110140208  -673.3 -92.2 -175.7
20211110140209  -673.0 -92.2 -175.6
20211110140210  -672.9 -92.4 -175.2
20211110140211  -672.6 -92.1 -174.8
20211110140212  -672.1 -91.9 -174.5
20211110140213  -672.6 -92.0 -175.3
20211110140214  -672.9 -92.3 -175.5
20211110140215  -672.7 -92.4 -175.7
20211110140216  -672.5 -92.2 -175.5
20211110140217  -672.8 -92.3 -175.4
20211110140218  -672.8 -91.9 -175.5
20211110140219  -672.9 -92.1 -175.4
20211110140220  -672.8 -92.2 -175.4
20211110140221  -673.1 -92.4 -175.6
20211110140222  -672.8 -92.2 -175.3
20211110140223  -672.9 -91.7 -175.4
20211110140224  -672.8 -91.9 -175.4
20211110140225  -672.6 -92.3 -175.4
20211110140226  -672.8 -92.2 -175.4
20211110140227  -672.5 -92.3 -175.3
20211110140228  -672.3 -92.5 -175.6
20211110140229  -672.8 -92.6 -175.6
20211110140230  -672.5 -92.5 -175.5
20211110140231  -672.3 -92.5 -175.4
20211110140232  -672.3 -92.5 -175.3
20211110140233  -672.0 -92.5 -175.5
20211110140234  -672.1 -92.7 -175.1
20211110140235  -672.2 -92.4 -175.1
20211110140236  -671.8 -92.6 -174.8
20211110140237  -671.2 -92.2 -174.5
20211110140238  -670.8 -91.7 -174.6
20211110140239  -671.0 -91.5 -174.2
20211110140240  -671.6 -92.0 -174.6
20211110140241  -671.5 -92.3 -174.7
20211110140242  -671.5 -92.1 -175.2
20211110140243  -671.2 -92.3 -175.0
20211110140244  -671.4 -92.2 -175.0
20211110140245  -671.6 -92.2 -175.3
20211110140246  -671.3 -92.1 -175.2
20211110140247  -671.1 -92.4 -175.1
20211110140248  -671.0 -92.5 -175.2
20211110140249  -671.1 -92.8 -175.4
20211110140250  -671.1 -92.4 -175.2
20211110140251  -671.4 -92.3 -175.1
20211110140252  -671.1 -92.4 -175.0
20211110140253  -671.2 -92.3 -175.1
20211110140254  -671.1 -92.3 -175.0
20211110140255  -671.0 -92.1 -175.3
20211110140256  -671.4 -92.3 -175.2
20211110140257  -671.2 -92.5 -175.5
20211110140258  -671.2 -92.5 -175.3
20211110140259  -671.4 -92.3 -175.7
20211110140300  -671.2 -92.1 -175.5
20211110140301  -671.3 -92.2 -175.7
20211110140302  -671.1 -92.2 -175.4
20211110140303  -670.7 -91.7 -174.9
20211110140304  -670.6 -91.8 -174.6
20211110140305  -670.7 -91.8 -174.8
20211110140306  -671.0 -91.9 -175.3
20211110140307  -671.1 -91.8 -175.3
20211110140308  -671.2 -92.1 -175.3
20211110140309  -671.1 -91.7 -175.3
20211110140310  -671.1 -91.9 -175.4
20211110140311  -671.2 -92.0 -175.3
20211110140312  -671.2 -92.0 -175.3
20211110140313  -670.8 -91.8 -175.5
20211110140314  -670.6 -91.8 -175.3
20211110140315  -670.7 -91.7 -175.3
20211110140316  -671.0 -92.0 -175.6
20211110140317  -670.9 -91.7 -175.6
20211110140318  -670.8 -91.6 -175.4
20211110140319  -670.7 -91.9 -175.4
20211110140320  -671.0 -91.7 -175.4
20211110140321  -671.1 -92.0 -175.3
20211110140322  -671.1 -91.8 -175.6
20211110140323  -671.2 -91.8 -175.5
20211110140324  -671.2 -92.0 -175.3
20211110140325  -671.4 -91.6 -175.3
20211110140326  -671.3 -91.5 -175.3
20211110140327  -671.6 -91.6 -175.2
20211110140328  -671.4 -91.7 -175.3
20211110140329  -671.1 -91.6 -174.8
20211110140330  -671.1 -91.4 -174.5
20211110140331  -671.9 -91.9 -175.0
20211110140332  -672.2 -91.8 -175.2
20211110140333  -672.1 -91.5 -175.2
20211110140334  -672.5 -91.8 -175.3
20211110140335  -672.3 -91.8 -175.4
20211110140336  -672.3 -91.9 -175.7
20211110140337  -672.0 -91.8 -175.5
20211110140338  -672.0 -91.8 -175.1
20211110140339  -672.3 -91.9 -175.2
20211110140340  -672.3 -92.2 -175.2
20211110140341  -672.0 -92.2 -175.1
20211110140342  -672.3 -91.9 -175.2
20211110140343  -672.3 -91.8 -175.5
20211110140344  -672.4 -91.7 -175.3
20211110140345  -672.1 -91.7 -175.3
20211110140346  -672.5 -92.0 -175.2
20211110140347  -672.4 -92.0 -175.2
20211110140348  -672.2 -92.1 -175.4
20211110140349  -672.1 -92.0 -175.2
20211110140350  -672.5 -91.7 -175.4
20211110140351  -672.3 -92.1 -175.3
20211110140352  -672.5 -92.0 -175.5
20211110140353  -672.7 -92.1 -175.3
20211110140354  -672.3 -92.3 -175.5
20211110140355  -671.7 -92.0 -174.9
20211110140356  -671.6 -92.0 -174.7
20211110140357  -672.6 -92.2 -175.2
20211110140358  -672.4 -92.3 -175.1
20211110140359  -672.7 -92.1 -175.2
20211110140400  -672.5 -92.1 -175.1
20211110140401  -672.2 -92.1 -175.0
20211110140402  -672.5 -92.4 -174.9
20211110140403  -672.5 -92.4 -175.2
20211110140404  -672.5 -92.5 -175.1
20211110140405  -672.7 -92.6 -174.9
20211110140406  -672.8 -92.5 -174.9
20211110140407  -673.1 -92.5 -175.0
20211110140408  -673.1 -92.4 -175.1
20211110140409  -673.3 -92.4 -175.0
20211110140410  -672.9 -92.4 -175.0
20211110140411  -673.0 -92.2 -175.4
20211110140412  -673.3 -92.2 -175.2
20211110140413  -673.1 -92.2 -174.9
20211110140414  -673.3 -92.1 -174.9
