1057.8 -99.0 -340.9
20211031214053  -1057.6 -99.2 -341.6
20211031214054  -1057.7 -99.0 -341.8
20211031214055  -1057.6 -98.4 -341.2
20211031214056  -1057.1 -98.2 -341.5
20211031214057  -1056.5 -98.2 -341.4
20211031214058  -1055.6 -97.8 -341.5
20211031214059  -1055.0 -97.4 -341.3
20211031214100  -1054.0 -96.9 -341.2
20211031214101  -1053.2 -97.0 -341.2
20211031214102  -1052.6 -96.8 -341.0
20211031214103  -1052.0 -96.7 -340.6
20211031214104  -1051.0 -96.5 -340.3
20211031214105  -1050.2 -96.6 -340.3
20211031214106  -1049.8 -96.8 -340.0
20211031214107  -1049.4 -97.1 -339.6
20211031214108  -1048.7 -97.6 -338.7
20211031214109  -1048.1 -97.9 -338.6
20211031214110  -1047.8 -98.1 -338.4
20211031214111  -1047.4 -98.2 -338.4
20211031214112  -1047.4 -98.1 -339.0
20211031214113  -1047.9 -97.9 -339.2
20211031214114  -1048.3 -98.0 -339.1
20211031214115  -1047.8 -98.3 -338.2
20211031214116  -1047.9 -99.1 -337.9
20211031214117  -1047.8 -99.7 -338.1
20211031214118  -1047.7 -100.0 -337.9
20211031214119  -1047.4 -100.6 -337.0
20211031214120  -1047.2 -100.3 -336.8
20211031214121  -1046.9 -100.9 -336.8
20211031214122  -1047.0 -100.9 -337.0
20211031214123  -1047.0 -101.4 -337.0
20211031214124  -1047.3 -101.8 -337.5
20211031214125  -1047.4 -101.7 -338.0
20211031214126  -1047.3 -101.5 -338.2
20211031214127  -1047.4 -101.4 -338.0
20211031214128  -1047.5 -101.9 -337.5
20211031214129  -1047.2 -101.9 -337.7
20211031214130  -1047.1 -101.8 -337.5
20211031214131  -1046.6 -102.0 -337.2
20211031214132  -1046.4 -102.6 -336.7
20211031214133  -1045.8 -103.5 -336.8
20211031214134  -1045.3 -103.8 -337.0
20211031214135  -1045.2 -103.8 -337.4
20211031214136  -1044.8 -103.7 -337.1
20211031214137  -1044.3 -103.3 -336.1
20211031214138  -1044.0 -102.9 -335.1
20211031214139  -1042.8 -103.0 -333.9
20211031214140  -1042.0 -103.1 -333.4
20211031214141  -1041.5 -103.3 -333.0
20211031214142  -1040.5 -103.7 -332.4
20211031214143  -1039.7 -103.7 -331.7
20211031214144  -1039.1 -103.9 -331.5
20211031214145  -1038.1 -103.9 -331.1
20211031214146  -1037.8 -103.7 -330.9
20211031214147  -1038.0 -104.1 -330.5
20211031214148  -1037.4 -104.0 -330.4
20211031214149  -1037.4 -104.2 -330.2
20211031214150  -1037.2 -104.2 -329.9
20211031214151  -1036.6 -104.3 -329.4
20211031214152  -1036.3 -104.3 -329.2
20211031214153  -1035.9 -104.6 -328.6
20211031214154  -1035.6 -104.1 -328.8
20211031214155  -1035.3 -104.2 -329.0
20211031214156  -1035.9 -103.4 -329.0
20211031214157  -1036.3 -102.8 -328.4
20211031214158  -1036.0 -102.5 -327.4
20211031214159  -1035.6 -102.3 -326.7
20211031214200  -1034.5 -102.6 -326.0
20211031214201  -1033.8 -102.6 -325.6
20211031214202  -1033.5 -102.7 -326.0
20211031214203  -1033.9 -102.6 -326.6
20211031214204  -1034.3 -102.9 -326.4
20211031214205  -1035.0 -102.9 -326.6
20211031214206  -1035.8 -103.0 -326.0
20211031214207  -1036.2 -103.1 -325.0
20211031214208  -1036.4 -103.5 -324.1
20211031214209  -1036.4 -104.2 -324.0
20211031214210  -1035.8 -104.8 -323.5
20211031214211  -1035.2 -104.4 -323.9
20211031214212  -1034.8 -103.6 -324.3
20211031214213  -1035.0 -102.7 -324.6
20211031214214  -1035.1 -101.7 -324.2
20211031214215  -1035.1 -101.1 -323.6
20211031214216  -1034.7 -100.6 -323.0
20211031214217  -1034.9 -100.0 -322.8
20211031214218  -1034.2 -99.6 -322.9
20211031214219  -1033.7 -99.3 -322.8
20211031214220  -1033.7 -99.6 -322.7
20211031214221  -1032.9 -99.8 -322.3
20211031214222  -1032.7 -99.8 -322.6
20211031214223  -1032.5 -99.3 -322.3
20211031214224  -1032.5 -98.6 -322.1
20211031214225  -1032.6 -97.4 -321.1
20211031214226  -1032.0 -96.9 -320.4
20211031214227  -1031.9 -96.6 -319.8
20211031214228  -1031.6 -96.3 -319.1
20211031214229  -1031.4 -96.1 -318.5
20211031214230  -1031.1 -95.4 -317.5
20211031214231  -1030.8 -94.9 -317.3
20211031214232  -1030.5 -94.7 -316.7
20211031214233  -1030.0 -94.3 -316.1
20211031214234  -1028.9 -93.9 -315.7
20211031214235  -1028.3 -93.8 -315.7
20211031214236  -1028.7 -93.7 -315.5
20211031214237  -1028.6 -93.5 -315.3
20211031214238  -1028.5 -93.0 -315.8
20211031214239  -1028.4 -92.9 -316.6
20211031214240  -1028.4 -93.1 -316.6
20211031214241  -1028.7 -93.4 -316.8
20211031214242  -1028.7 -93.1 -316.7
20211031214243  -1028.5 -93.1 -316.6
20211031214244  -1028.3 -93.0 -316.5
20211031214245  -1028.1 -93.0 -316.5
20211031214246  -1027.0 -92.9 -315.7
20211031214247  -1026.9 -93.0 -315.4
20211031214248  -1026.6 -92.9 -315.3
20211031214249  -1025.9 -92.4 -315.0
20211031214250  -1025.2 -92.3 -315.2
20211031214251  -1024.7 -92.4 -315.3
20211031214252  -1024.1 -92.3 -315.2
20211031214253  -1023.5 -92.1 -314.9
20211031214254  -1023.6 -91.5 -315.1
20211031214255  -1023.1 -90.8 -315.0
20211031214256  -1022.8 -90.7 -315.0
20211031214257  -1022.3 -91.5 -314.8
20211031214258  -1022.2 -91.9 -314.6
20211031214259  -1022.2 -92.1 -315.1
20211031214300  -1022.5 -92.5 -314.8
20211031214301  -1022.4 -92.7 -314.4
20211031214302  -1022.3 -92.9 -314.7
20211031214303  -1022.0 -93.1 -314.3
20211031214304  -1022.2 -92.7 -314.1
20211031214305  -1022.2 -92.7 -313.9
20211031214306  -1022.4 -93.0 -313.3
20211031214307  -1022.1 -93.1 -313.1
20211031214308  -1022.0 -93.1 -312.7
20211031214309  -1022.2 -93.1 -312.7
20211031214310  -1022.1 -92.9 -312.6
20211031214311  -1022.0 -92.7 -312.0
20211031214312  -1021.4 -92.5 -311.6
20211031214313  -1021.8 -92.1 -311.6
20211031214314  -1021.9 -91.7 -311.2
20211031214315  -1021.6 -91.2 -310.7
20211031214316  -1020.9 -90.8 -310.7
20211031214317  -1020.5 -90.4 -310.3
20211031214318  -1020.8 -90.2 -310.9
20211031214319  -1020.6 -89.5 -311.5
20211031214320  -1020.6 -89.4 -311.3
20211031214321  -1020.0 -89.3 -311.0
20211031214322  -1019.6 -89.6 -310.5
20211031214323  -1018.9 -89.6 -310.2
20211031214324  -1018.6 -89.7 -309.8
20211031214325  -1018.4 -89.6 -309.3
20211031214326  -1018.4 -89.5 -308.7
20211031214327  -1017.6 -89.5 -307.7
20211031214328  -1017.3 -89.6 -307.0
20211031214329  -1017.0 -89.5 -306.8
20211031214330  -1016.7 -89.5 -306.2
20211031214331  -1015.9 -89.9 -306.2
20211031214332  -1015.4 -90.7 -306.3
20211031214333  -1014.9 -91.0 -306.1
20211031214334  -1014.7 -91.1 -306.1
20211031214335  -1014.4 -90.9 -306.0
20211031214336  -1014.7 -90.1 -306.3
20211031214337  -1014.8 -89.4 -306.1
20211031214338  -1015.1 -89.4 -305.9
20211031214339  -1014.9 -89.8 -306.1
20211031214340  -1014.8 -90.3 -305.4
20211031214341  -1014.4 -90.7 -305.4
20211031214342  -1014.1 -90.9 -305.5
20211031214343  -1013.6 -90.9 -305.5
20211031214344  -1013.6 -90.7 -305.8
20211031214345  -1013.8 -91.3 -306.6
20211031214346  -1013.2 -91.9 -307.0
20211031214347  -1012.9 -92.1 -306.7
20211031214348  -1013.4 -92.3 -307.5
20211031214349  -1013.8 -92.5 -307.8
20211031214350  -1013.8 -92.1 -307.5
20211031214351  -1013.4 -92.1 -306.8
20211031214352  -1012.8 -91.8 -306.2
20211031214353  -1012.3 -92.4 -305.6
20211031214354  -1011.4 -93.0 -304.6
20211031214355  -1010.2 -93.3 -304.0
20211031214356  -1009.3 -93.3 -303.8
20211031214357  -1008.2 -93.0 -303.8
20211031214358  -1007.3 -92.5 -303.3
20211031214359  -1006.4 -92.1 -303.5
20211031214400  -1005.7 -92.2 -304.0
20211031214401  -1005.5 -92.0 -304.2
20211031214402  -1005.0 -91.9 -303.7
20211031214403  -1004.5 -91.5 -303.3
20211031214404  -1004.0 -90.9 -302.7
20211031214405  -1003.5 -90.3 -302.6
20211031214406  -1003.1 -89.8 -302.5
20211031214407  -1002.4 -89.8 -302.7
20211031214408  -1001.6 -90.0 -303.1
20211031214409  -1001.3 -90.3 -303.1
20211031214410  -1001.1 -90.1 -303.6
20211031214411  -1000.9 -90.1 -304.0
20211031214412  -1001.1 -89.9 -304.2
20211031214413  -1001.4 -89.5 -304.4
20211031214414  -1001.6 -89.6 -304.6
20211031214415  -1002.0 -89.6 -304.6
20211031214416  -1001.8 -89.9 -304.7
20211031214417  -1001.7 -90.2 -304.5
20211031214418  -1001.5 -90.6 -304.4
20211031214419  -1002.4 -91.3 -304.8
20211031214420  -1002.1 -92.3 -305.0
