20211110205030  -649.9 -73.9 -191.2
20211110205031  -650.2 -74.1 -191.3
20211110205032  -650.4 -74.0 -191.3
20211110205033  -650.7 -74.3 -191.3
20211110205034  -650.9 -74.0 -191.1
20211110205035  -650.9 -74.4 -191.2
20211110205036  -651.0 -74.4 -191.7
20211110205037  -651.4 -74.6 -191.5
20211110205038  -651.5 -74.2 -191.7
20211110205039  -651.6 -74.1 -191.7
20211110205040  -651.9 -74.5 -191.5
20211110205041  -652.0 -74.5 -191.5
20211110205042  -652.2 -74.6 -191.5
20211110205043  -652.3 -74.4 -191.5
20211110205044  -652.1 -74.5 -191.4
20211110205045  -652.0 -74.4 -191.6
20211110205046  -652.3 -74.5 -191.4
20211110205047  -652.4 -74.3 -191.5
20211110205048  -652.6 -74.3 -191.2
20211110205049  -652.9 -74.3 -191.4
20211110205050  -653.0 -74.1 -191.6
20211110205051  -653.1 -74.0 -191.3
20211110205052  -653.2 -74.0 -191.4
20211110205053  -652.7 -74.0 -191.0
20211110205054  -653.2 -74.2 -191.3
20211110205055  -653.5 -74.0 -191.5
20211110205056  -653.6 -74.0 -191.6
20211110205057  -653.4 -74.0 -191.5
20211110205058  -653.7 -74.0 -191.6
20211110205059  -653.7 -74.0 -191.9
20211110205100  -653.8 -74.2 -191.4
20211110205101  -653.9 -74.2 -191.8
20211110205102  -653.3 -74.1 -191.6
20211110205103  -653.6 -74.5 -191.4
20211110205104  -653.6 -74.8 -191.4
20211110205105  -653.6 -75.1 -191.6
20211110205106  -653.7 -75.1 -191.5
20211110205107  -653.5 -75.1 -191.5
20211110205108  -653.3 -74.9 -191.6
20211110205109  -653.3 -75.1 -191.0
20211110205110  -653.1 -75.2 -191.1
20211110205111  -652.8 -75.4 -191.1
20211110205112  -652.8 -75.2 -191.3
20211110205113  -652.5 -75.3 -191.2
20211110205114  -652.4 -75.1 -191.3
20211110205115  -652.6 -75.4 -191.3
20211110205116  -652.4 -75.6 -191.5
20211110205117  -651.9 -75.8 -191.5
20211110205118  -651.8 -75.7 -191.5
20211110205119  -651.7 -75.5 -191.4
20211110205120  -651.6 -75.5 -191.2
20211110205121  -651.6 -75.3 -191.3
20211110205122  -651.8 -75.8 -191.0
20211110205123  -651.4 -76.1 -191.1
20211110205124  -651.2 -75.8 -191.2
20211110205125  -651.3 -76.0 -191.1
20211110205126  -651.0 -76.2 -191.5
20211110205127  -650.8 -75.8 -191.1
20211110205128  -650.6 -75.9 -191.1
20211110205129  -650.6 -75.9 -191.2
20211110205130  -650.6 -76.2 -191.2
20211110205131  -650.4 -75.8 -191.1
20211110205132  -650.5 -76.1 -191.1
20211110205133  -650.2 -76.0 -191.0
20211110205134  -650.1 -76.0 -191.1
20211110205135  -650.0 -76.1 -191.0
20211110205136  -650.1 -75.9 -191.1
20211110205137  -650.1 -76.1 -191.2
20211110205138  -649.7 -76.0 -191.0
20211110205139  -649.3 -76.0 -190.8
20211110205140  -649.3 -75.9 -190.7
20211110205141  -648.9 -76.1 -190.9
20211110205142  -649.0 -76.0 -190.5
20211110205143  -648.5 -75.7 -190.5
20211110205144  -648.3 -75.8 -190.7
20211110205145  -648.2 -75.5 -190.6
20211110205146  -647.8 -75.5 -190.6
20211110205147  -647.8 -75.4 -190.5
20211110205148  -647.5 -75.6 -190.7
20211110205149  -646.9 -75.4 -190.5
20211110205150  -646.6 -75.1 -190.7
20211110205151  -646.2 -75.0 -190.7
20211110205152  -646.1 -75.3 -190.3
20211110205153  -645.6 -75.3 -190.6
20211110205154  -644.9 -75.2 -190.3
20211110205155  -645.1 -75.3 -190.7
20211110205156  -644.8 -75.3 -190.8
20211110205157  -644.9 -75.4 -190.9
20211110205158  -644.4 -74.9 -190.9
20211110205159  -644.1 -74.9 -191.1
20211110205200  -643.8 -74.8 -190.8
20211110205201  -643.6 -74.9 -191.3
20211110205202  -643.2 -74.7 -190.9
20211110205203  -643.0 -74.5 -190.7
20211110205204  -642.8 -74.4 -190.9
20211110205205  -642.9 -74.0 -190.6
20211110205206  -642.3 -73.9 -190.5
20211110205207  -642.1 -73.6 -190.6
20211110205208  -641.9 -73.8 -190.7
20211110205209  -641.7 -73.6 -190.7
20211110205210  -641.5 -73.6 -190.7
20211110205211  -641.6 -73.6 -190.8
20211110205212  -641.5 -73.7 -190.9
20211110205213  -641.1 -73.5 -191.0
20211110205214  -641.0 -73.8 -191.0
20211110205215  -640.8 -73.7 -191.1
20211110205216  -640.7 -73.8 -191.3
20211110205217  -640.7 -73.9 -191.2
20211110205218  -640.6 -73.8 -191.0
20211110205219  -640.5 -74.3 -191.0
20211110205220  -640.3 -74.2 -191.0
20211110205221  -640.2 -74.3 -191.1
20211110205222  -640.1 -74.2 -191.1
20211110205223  -639.7 -74.7 -191.0
20211110205224  -639.4 -75.0 -190.8
20211110205225  -639.6 -75.2 -191.1
20211110205226  -639.2 -75.4 -191.1
20211110205227  -639.0 -75.5 -190.8
20211110205228  -638.8 -75.7 -190.9
20211110205229  -638.6 -76.1 -190.7
20211110205230  -638.2 -76.0 -190.6
20211110205231  -637.9 -76.2 -190.8
20211110205232  -637.8 -76.4 -190.7
20211110205233  -637.4 -76.6 -190.9
20211110205234  -637.4 -76.5 -190.8
20211110205235  -637.1 -76.8 -191.1
20211110205236  -636.7 -76.6 -190.9
20211110205237  -636.8 -76.8 -190.7
20211110205238  -636.4 -76.9 -191.1
20211110205239  -636.1 -77.0 -190.8
20211110205240  -636.0 -77.2 -190.8
20211110205241  -635.8 -77.3 -191.0
20211110205242  -635.9 -78.0 -191.0
20211110205243  -635.8 -78.0 -190.9
20211110205244  -635.5 -78.3 -191.2
20211110205245  -634.9 -78.4 -191.0
20211110205246  -634.9 -78.6 -191.0
20211110205247  -635.0 -78.9 -191.2
20211110205248  -634.8 -78.8 -191.3
20211110205249  -634.8 -79.2 -191.4
20211110205250  -634.5 -79.5 -191.6
20211110205251  -634.1 -79.4 -191.4
20211110205252  -634.1 -79.6 -191.7
20211110205253  -634.0 -79.7 -191.9
20211110205254  -634.2 -79.8 -191.5
20211110205255  -633.5 -80.0 -191.1
20211110205256  -634.1 -80.3 -191.3
20211110205257  -634.1 -80.1 -191.4
20211110205258  -634.0 -80.2 -191.4
20211110205259  -634.0 -80.3 -191.6
20211110205300  -633.7 -80.8 -191.6
20211110205301  -633.9 -81.1 -191.6
20211110205302  -633.9 -81.1 -191.7
20211110205303  -633.8 -81.3 -191.6
20211110205304  -633.9 -81.8 -191.4
20211110205305  -633.8 -81.7 -191.5
20211110205306  -633.8 -82.2 -191.9
20211110205307  -633.6 -82.6 -191.9
20211110205308  -633.6 -82.8 -191.5
20211110205309  -633.3 -82.8 -191.7
20211110205310  -633.4 -82.9 -191.6
20211110205311  -633.1 -83.2 -191.4
20211110205312  -632.7 -83.4 -191.4
20211110205313  -632.5 -83.8 -191.6
20211110205314  -632.1 -83.9 -191.4
20211110205315  -631.9 -84.1 -190.9
20211110205316  -632.0 -84.1 -191.0
20211110205317  -631.5 -84.2 -191.1
20211110205318  -631.6 -84.2 -190.9
20211110205319  -631.4 -84.2 -190.8
20211110205320  -631.5 -84.2 -190.8
20211110205321  -631.7 -84.5 -191.2
20211110205322  -631.7 -84.7 -191.0
20211110205323  -631.8 -84.6 -191.3
20211110205324  -632.1 -84.4 -191.2
20211110205325  -632.5 -84.4 -191.4
20211110205326  -633.0 -84.2 -191.5
20211110205327  -632.9 -84.5 -191.4
20211110205328  -633.8 -84.3 -191.8
20211110205329  -633.8 -84.5 -191.8
20211110205330  -634.1 -84.8 -191.5
20211110205331  -634.1 -84.9 -191.4
20211110205332  -634.1 -85.3 -191.4
20211110205333  -634.3 -85.5 -191.4
20211110205334  -634.4 -85.2 -191.5
20211110205335  -634.2 -85.8 -191.6
20211110205336  -634.1 -86.0 -191.4
20211110205337  -633.7 -86.2 -191.2
20211110205338  -633.8 -86.3 -191.1
20211110205339  -633.6 -86.5 -190.6
20211110205340  -633.6 -86.8 -190.5
20211110205341  -633.5 -86.7 -190.4
20211110205342  -633.0 -86.8 -190.4
20211110205343  -632.7 -87.0 -190.2
20211110205344  -632.7 -87.1 -190.3
20211110205345  -632.3 -87.0 -190.2
20211110205346  -632.1 -87.2 -190.0
20211110205347  -632.2 -87.2 -190.4
20211110205348  -632.0 -87.3 -190.2
20211110205349  -631.7 -87.1 -190.0
20211110205350  -631.6 -87.2 -190.2
20211110205351  -631.6 -87.2 -189.9
20211110205352  -631.5 -87.2 -189.7
20211110205353  -631.5 -87.2 -189.7
20211110205354  -631.3 -87.5 -189.8
20211110205355  -631.3 -87.3 -189.4
20211110205356  -631.2 -87.4 -189.3
20211110205357  -631.1 -87.6 -189.4
20211110205358  -631.3 -87.8 -189.4
20211110205359  -631.5 -87.9 -189.8
20211110205400  -631.5 -87.8 -189.5
20211110205401  -631.8 -88.4 -189.8
20211110205402  -631.4 -88.3 -189.8
20211110205403  -631.3 -88.2 -189.7
20211110205404  -631.7 -88.3 -189.6
20211110205405  -631.5 -88.2 -189.2
20211110205406  -631.7 -88.6 -189.5
20211110205407  -631.8 -88.8 -189.5
20211110205408  -631.8 -88.9 -189.5
20211110205409  -632.2 -89.2 -189.6
20211110205410  -632.2 -88.9 -189.6
20211110205411  -632.4 -89.1 -189.4
20211110205412  -632.4 -89.1 -189.5
20211110205413  -632.5 -89.1 -189.2
20211110205414  -632.4 -89.0 -189.1
20211110205415  -632.7 -89.4 -189.2
20211110205416  -632.2 -89.5 -189.1
20211110205417  -632.5 -89.6 -189.2
20211110205418  -632.7 -89.6 -189.3
20211110205419  -632.6 -89.6 -189.2
20211110205420  -632.5 -89.6 -189.0
20211110205421  -632.5 -89.5 -189.1
20211110205422  -632.6 -89.5 -189.1
20211110205423  -632.5 -89.5 -189.0
20211110205424  -632.4 -89.6 -188.8
20211110205425  -632.6 -89.5 -188.8
20211110205426  -632.4 -89.0 -188.8
20211110205427  -632.6 -88.8 -188.7
20211110205428  -632.5 -89.0 -188.6
20211110205429  -632.1 -88.7 -188.1
20211110205430  -632.2 -88.4 -188.4
20211110205431  -632.3 -88.3 -188.5
20211110205432  -632.5 -88.0 -188.6
20211110205433  -632.7 -88.1 -188.6
20211110205434  -632.7 -88.4 -188.5
20211110205435  -632.9 -88.2 -188.8
20211110205436  -632.7 -88.2 -189.0
20211110205437  -633.3 -88.4 -189.0
20211110205438  -633.6 -88.4 -189.0
20211110205439  -633.7 -88.4 -189.2
20211110205440  -633.6 -88.5 -189.0
20211110205441  -634.1 -88.5 -188.8
20211110205442  -634.1 -88.5 -188.8
20211110205443  -634.3 -88.3 -188.9
20211110205444  -634.2 -88.2 -188.3
20211110205445  -634.1 -87.9 -189.0
20211110205446  -634.4 -87.9 -188.9
20211110205447  -634.4 -87.9 -188.6
20211110205448  -634.6 -88.0 -188.5
20211110205449  -634.5 -87.9 -188.4
20211110205450  -634.3 -88.0 -188.2
20211110205451  -634.6 -88.0 -188.2
20211110205452  -634.4 -88.2 -188.0
20211110205453  -634.1 -88.3 -187.8
20211110205454  -634.1 -88.2 -187.9
20211110205455  -634.0 -88.6 -187.8
20211110205456  -634.0 -88.8 -187.8
20211110205457  -633.7 -88.8 -188.0
20211110205458  -633.6 -89.1 -187.6
20211110205459  -632.6 -89.2 -187.4
20211110205500  -632.9 -89.3 -187.7
20211110205501  -632.7 -89.8 -187.4
20211110205502  -632.7 -90.1 -187.6
20211110205503  -632.7 -90.5 -187.4
20211110205504  -632.2 -90.8 -187.5
20211110205505  -632.3 -90.5 -187.4
20211110205506  -632.3 -90.7 -187.9
20211110205507  -632.0 -90.9 -187.6
20211110205508  -631.7 -91.3 -187.5
20211110205509  -631.5 -91.4 -187.7
20211110205510  -631.2 -91.3 -187.3
20211110205511  -631.1 -91.3 -187.3
20211110205512  -630.7 -91.4 -187.1
20211110205513  -630.5 -91.6 -187.1
20211110205514  -630.5 -91.6 -187.0
20211110205515  -630.3 -91.2 -186.5
20211110205516  -630.0 -91.4 -186.3
20211110205517  -629.4 -91.2 -186.3
20211110205518  -629.2 -90.9 -186.3
20211110205519  -629.3 -90.8 -186.2
20211110205520  -629.3 -90.8 -186.0
20211110205521  -629.3 -90.7 -186.1
20211110205522  -629.3 -90.7 -186.0
20211110205523  -629.3 -90.5 -185.7
20211110205524  -629.2 -90.2 -185.7
20211110205525  -629.3 -90.1 -185.6
20211110205526  -629.4 -89.8 -185.4
20211110205527  -629.5 -89.8 -185.5
20211110205528  -629.5 -89.6 -185.3
20211110205529  -629.1 -89.7 -185.0
20211110205530  -629.5 -89.5 -185.0
20211110205531  -629.5 -89.5 -185.0
20211110205532  -629.6 -89.4 -185.2
20211110205533  -630.0 -89.5 -185.1
20211110205534  -630.5 -89.6 -184.8
20211110205535  -630.7 -89.4 -185.1
20211110205536  -630.9 -89.3 -185.0
20211110205537  -631.3 -89.7 -184.8
20211110205538  -631.5 -89.7 -185.0
20211110205539  -631.7 -89.5 -184.8
20211110205540  -631.9 -89.6 -184.7
20211110205541  -632.5 -89.7 -184.3
20211110205542  -632.7 -89.7 -184.4
20211110205543  -632.8 -89.7 -184.2
20211110205544  -633.0 -89.9 -184.0
20211110205545  -633.3 -89.8 -183.7
20211110205546  -634.0 -89.8 -183.5
20211110205547  -634.1 -89.8 -183.4
20211110205548  -634.2 -90.2 -183.5
20211110205549  -634.5 -90.2 -183.1
20211110205550  -634.7 -90.1 -182.6
20211110205551  -634.7 -90.2 -182.4
20211110205552  -634.7 -90.2 -182.4
20211110205553  -635.1 -90.1 -182.1
20211110205554  -635.1 -89.9 -181.9
20211110205555  -635.1 -89.7 -181.6
20211110205556  -635.2 -89.4 -181.3
20211110205557  -635.2 -89.3 -181.2
20211110205558  -635.2 -89.2 -181.0
20211110205559  -635.3 -89.4 -180.6
20211110205600  -634.8 -89.1 -179.8
20211110205601  -634.9 -88.9 -180.4
20211110205602  -635.2 -88.9 -180.1
20211110205603  -635.4 -88.8 -180.1
20211110205604  -635.8 -88.4 -179.9
20211110205605  -635.7 -88.4 -179.6
20211110205606  -635.8 -88.2 -179.4
20211110205607  -636.0 -87.9 -179.3
20211110205608  -636.2 -87.8 -179.1
20211110205609  -636.2 -87.9 -179.2
20211110205610  -636.6 -87.4 -178.9
20211110205611  -636.3 -87.1 -178.9
20211110205612  -636.5 -86.8 -178.7
20211110205613  -636.9 -86.9 -178.6
20211110205614  -637.0 -86.4 -178.9
20211110205615  -637.2 -86.5 -178.8
