3 -22.4 -243.9
20211109223501  -882.0 -21.7 -243.2
20211109223502  -881.9 -21.0 -242.3
20211109223503  -882.2 -20.2 -242.5
20211109223504  -881.9 -19.2 -241.9
20211109223505  -881.6 -18.4 -241.3
20211109223506  -881.1 -17.8 -241.1
20211109223507  -880.3 -16.6 -240.4
20211109223508  -879.9 -16.0 -240.1
20211109223509  -879.7 -15.2 -239.7
20211109223510  -879.1 -14.6 -239.7
20211109223511  -878.7 -13.7 -239.5
20211109223512  -878.2 -13.1 -239.7
20211109223513  -877.9 -12.6 -239.4
20211109223514  -877.3 -12.3 -239.1
20211109223515  -876.8 -11.4 -238.6
20211109223516  -876.0 -10.4 -238.0
20211109223517  -875.1 -9.2 -237.6
20211109223518  -874.1 -7.7 -237.1
20211109223519  -872.9 -6.3 -236.3
20211109223520  -871.6 -4.8 -235.7
20211109223521  -870.3 -3.3 -235.4
20211109223522  -869.3 -1.7 -235.5
20211109223523  -868.4 -0.2 -235.7
20211109223524  -868.2 1.5 -236.1
20211109223525  -868.0 2.9 -236.5
20211109223526  -868.1 4.3 -237.0
20211109223527  -868.4 5.4 -237.0
20211109223528  -868.8 6.9 -237.0
20211109223529  -869.4 7.9 -236.9
20211109223530  -869.6 9.3 -236.7
20211109223531  -870.1 10.0 -237.0
20211109223532  -871.0 10.8 -237.1
20211109223533  -873.2 11.0 -238.0
20211109223534  -874.5 11.1 -238.2
20211109223535  -876.5 11.2 -238.4
20211109223536  -878.2 11.4 -238.2
20211109223537  -879.5 11.4 -238.0
20211109223538  -881.1 11.6 -237.6
20211109223539  -882.9 11.7 -237.1
20211109223540  -883.6 11.3 -236.5
20211109223541  -884.2 11.2 -235.0
20211109223542  -884.4 11.3 -233.7
20211109223543  -884.4 11.0 -232.7
20211109223544  -884.1 10.8 -232.2
20211109223545  -883.9 10.8 -231.5
20211109223546  -883.0 10.3 -230.5
20211109223547  -881.9 10.4 -229.8
20211109223548  -881.0 10.5 -229.6
20211109223549  -880.0 10.9 -229.4
20211109223550  -879.2 11.2 -229.9
20211109223551  -878.3 11.1 -230.0
20211109223552  -877.7 11.0 -230.9
20211109223553  -877.2 10.5 -231.5
20211109223554  -877.3 10.0 -232.6
20211109223555  -877.6 9.3 -233.7
20211109223556  -877.8 8.6 -234.7
20211109223557  -878.3 8.7 -235.4
20211109223558  -879.2 8.4 -236.2
20211109223559  -879.5 8.2 -236.8
20211109223600  -880.0 8.1 -237.3
20211109223601  -880.7 8.1 -237.4
20211109223602  -881.8 8.6 -237.5
20211109223603  -883.4 9.0 -238.3
20211109223604  -884.9 9.2 -238.9
20211109223605  -886.0 9.4 -239.1
20211109223606  -886.9 10.3 -238.9
20211109223607  -887.9 10.6 -239.3
20211109223608  -888.7 10.6 -239.2
20211109223609  -889.3 10.6 -238.9
20211109223610  -889.2 11.0 -238.9
20211109223611  -889.3 11.2 -238.6
20211109223612  -889.0 11.7 -238.7
20211109223613  -888.4 11.6 -239.2
20211109223614  -888.1 11.4 -239.2
20211109223615  -887.3 11.0 -239.5
20211109223616  -886.6 10.3 -239.7
20211109223617  -885.9 9.5 -240.8
20211109223618  -885.2 8.8 -241.3
20211109223619  -884.6 7.8 -241.9
20211109223620  -883.8 6.5 -242.7
20211109223621  -883.4 4.9 -243.6
20211109223622  -882.9 3.2 -244.2
20211109223623  -882.8 1.3 -245.1
20211109223624  -882.4 -0.3 -245.1
20211109223625  -882.0 -2.0 -245.5
20211109223626  -881.7 -3.9 -245.7
20211109223627  -881.4 -5.8 -245.9
20211109223628  -880.8 -7.4 -245.7
20211109223629  -880.4 -9.1 -245.7
20211109223630  -879.6 -10.8 -245.1
20211109223631  -879.2 -12.2 -244.0
20211109223632  -878.1 -13.8 -243.6
20211109223633  -877.9 -14.9 -243.3
20211109223634  -877.7 -15.9 -243.2
20211109223635  -877.1 -16.7 -242.8
20211109223636  -876.4 -17.3 -242.4
20211109223637  -875.7 -18.2 -242.0
20211109223638  -875.2 -18.7 -241.4
20211109223639  -874.3 -19.0 -241.1
20211109223640  -873.9 -19.4 -240.6
20211109223641  -873.2 -20.0 -240.1
20211109223642  -872.9 -20.1 -239.7
20211109223643  -872.5 -20.3 -239.2
20211109223644  -871.9 -20.3 -238.8
20211109223645  -871.5 -20.4 -238.6
20211109223646  -871.6 -19.8 -238.0
20211109223647  -871.4 -19.8 -237.6
20211109223648  -871.6 -19.3 -237.8
20211109223649  -871.8 -18.6 -237.6
20211109223650  -872.1 -18.1 -236.9
20211109223651  -872.7 -17.4 -236.5
20211109223652  -872.9 -16.3 -235.9
20211109223653  -873.2 -15.4 -235.6
20211109223654  -873.8 -14.2 -235.1
20211109223655  -874.2 -13.4 -234.5
20211109223656  -874.6 -12.4 -233.6
20211109223657  -874.9 -11.6 -233.2
20211109223658  -875.1 -10.8 -232.5
20211109223659  -875.5 -9.8 -231.7
20211109223700  -875.7 -8.7 -230.7
20211109223701  -875.4 -7.5 -229.5
20211109223702  -875.2 -6.2 -228.5
20211109223703  -875.3 -4.9 -228.2
20211109223704  -875.8 -3.8 -227.9
20211109223705  -876.0 -2.6 -227.8
20211109223706  -875.9 -1.6 -227.3
20211109223707  -876.5 0.0 -226.8
20211109223708  -876.7 1.3 -226.6
20211109223709  -877.0 2.4 -225.9
20211109223710  -877.1 3.7 -225.8
20211109223711  -877.2 4.6 -225.3
20211109223712  -877.3 6.0 -224.7
20211109223713  -877.5 6.9 -224.4
20211109223714  -877.1 7.9 -223.8
20211109223715  -877.2 9.2 -223.6
20211109223716  -876.9 10.4 -223.1
20211109223717  -876.8 11.5 -222.9
20211109223718  -876.2 13.2 -222.4
20211109223719  -875.7 15.0 -222.2
20211109223720  -875.3 16.4 -222.1
20211109223721  -875.1 17.7 -222.0
20211109223722  -874.6 19.4 -222.0
20211109223723  -874.0 20.8 -222.1
20211109223724  -873.8 22.4 -222.1
20211109223725  -873.3 23.6 -222.1
20211109223726  -873.1 24.8 -222.1
20211109223727  -872.8 26.0 -222.4
20211109223728  -872.3 26.8 -222.4
20211109223729  -871.6 27.5 -222.3
20211109223730  -870.6 28.0 -222.4
20211109223731  -869.2 29.1 -222.0
20211109223732  -868.2 29.4 -221.9
20211109223733  -867.5 29.5 -222.3
20211109223734  -866.8 29.6 -222.5
20211109223735  -866.5 29.2 -223.0
20211109223736  -865.6 28.8 -223.3
20211109223737  -864.9 28.4 -223.4
20211109223738  -863.9 27.9 -223.5
20211109223739  -862.8 27.5 -222.9
20211109223740  -861.7 26.9 -222.7
20211109223741  -860.2 26.5 -222.3
20211109223742  -858.4 26.1 -221.6
20211109223743  -856.8 25.7 -221.6
20211109223744  -854.9 24.8 -221.5
20211109223745  -853.1 24.2 -220.8
20211109223746  -851.4 23.8 -220.6
20211109223747  -849.2 23.4 -220.3
20211109223748  -847.7 23.4 -220.6
20211109223749  -846.5 22.9 -220.8
20211109223750  -845.0 22.7 -221.1
20211109223751  -843.9 22.3 -221.0
20211109223752  -842.7 21.9 -221.7
20211109223753  -841.7 21.4 -222.1
20211109223754  -840.8 21.1 -222.4
20211109223755  -840.7 20.6 -223.4
20211109223756  -840.1 20.1 -223.7
20211109223757  -839.9 19.2 -224.3
20211109223758  -840.4 18.2 -224.8
20211109223759  -840.5 17.2 -225.5
20211109223800  -840.4 16.0 -226.2
20211109223801  -840.1 14.7 -226.1
20211109223802  -839.9 13.8 -226.2
20211109223803  -840.1 12.7 -226.4
20211109223804  -840.1 12.1 -225.9
20211109223805  -840.6 11.1 -226.4
20211109223806  -840.5 10.5 -225.8
20211109223807  -840.3 9.2 -225.6
20211109223808  -839.5 8.2 -225.5
20211109223809  -838.8 7.8 -225.4
20211109223810  -838.3 7.4 -225.3
20211109223811  -837.7 6.7 -225.1
20211109223812  -837.1 6.3 -225.2
20211109223813  -836.4 5.8 -225.2
20211109223814  -836.1 5.4 -225.4
20211109223815  -835.7 5.1 -225.5
20211109223816  -835.3 4.9 -226.4
20211109223817  -835.3 4.6 -226.9
20211109223818  -835.2 4.1 -227.0
20211109223819  -835.2 3.9 -227.3
20211109223820  -835.8 3.6 -227.8
20211109223821  -836.0 3.8 -228.1
20211109223822  -836.5 3.2 -228.5
20211109223823  -837.0 2.2 -229.1
20211109223824  -837.6 1.4 -229.3
20211109223825  -838.2 0.8 -229.7
20211109223826  -838.6 -0.1 -229.7
20211109223827  -839.1 -0.9 -229.3
20211109223828  -839.8 -1.4 -229.7
20211109223829  -840.4 -2.1 -229.8
20211109223830  -841.6 -2.6 -230.1
20211109223831  -842.1 -3.2 -230.0
20211109223832  -842.7 -3.6 -229.9
20211109223833  -843.6 -4.2 -229.6
20211109223834  -844.3 -4.6 -229.4
20211109223835  -845.7 -5.3 -229.5
20211109223836  -846.9 -6.0 -230.0
20211109223837  -848.2 -6.6 -229.7
20211109223838  -848.9 -7.0 -229.9
20211109223839  -849.7 -7.6 -229.9
20211109223840  -850.3 -7.9 -229.5
20211109223841  -851.1 -8.2 -229.6
20211109223842  -851.9 -8.4 -229.8
20211109223843  -852.6 -8.8 -229.7
20211109223844  -853.4 -9.0 -229.5
20211109223845  -854.1 -9.3 -229.9
20211109223846  -854.4 -9.5 -229.7
20211109223847  -854.7 -9.7 -229.5
20211109223848  -855.1 -9.4 -229.2
20211109223849  -855.9 -9.4 -229.0
20211109223850  -855.8 -9.4 -228.6
20211109223851  -856.3 -9.1 -228.2
20211109223852  -856.4 -8.9 -227.5
20211109223853  -856.3 -8.7 -227.4
20211109223854  -855.9 -8.5 -226.9
20211109223855  -855.6 -8.0 -226.4
20211109223856  -855.5 -7.7 -226.0
20211109223857  -855.1 -7.4 -225.6
20211109223858  -854.5 -6.8 -225.2
20211109223859  -854.3 -6.0 -224.7
20211109223900  -853.7 -5.5 -224.3
20211109223901  -853.2 -5.4 -224.2
20211109223902  -852.2 -4.4 -223.3
20211109223903  -851.7 -4.0 -223.1
20211109223904  -851.1 -3.4 -222.7
20211109223905  -851.0 -2.6 -222.7
20211109223906  -851.8 -2.5 -222.9
20211109223907  -852.1 -1.9 -222.7
20211109223908  -852.4 -1.2 -222.4
20211109223909  -852.8 -0.5 -222.2
20211109223910  -853.4 0.2 -221.4
20211109223911  -853.8 1.0 -220.8
20211109223912  -854.3 1.8 -220.5
20211109223913  -854.3 2.5 -220.0
20211109223914  -854.9 3.1 -219.6
20211109223915  -855.3 3.1 -219.1
20211109223916  -855.5 3.2 -218.5
20211109223917  -856.1 3.7 -218.6
20211109223918  -856.8 4.1 -218.4
20211109223919  -857.1 4.5 -218.3
20211109223920  -857.6 4.8 -218.0
20211109223921  -858.1 5.4 -218.0
20211109223922  -858.9 5.7 -217.4
20211109223923  -859.4 6.4 -217.3
20211109223924  -860.4 6.6 -216.8
20211109223925  -861.0 7.2 -216.6
20211109223926  -861.8 8.0 -215.9
20211109223927  -862.5 8.5 -215.7
20211109223928  -863.0 9.5 -215.5
20211109223929  -863.7 10.1 -215.0
20211109223930  -864.5 10.5 -214.8
20211109223931  -864.9 10.5 -214.3
20211109223932  -864.4 11.4 -213.2
20211109223933  -864.6 12.0 -212.2
20211109223934  -864.9 12.4 -211.7
20211109223935  -865.5 13.1 -210.9
20211109223936  -866.7 13.4 -210.9
20211109223937  -866.9 13.7 -210.8
20211109223938  -867.6 13.9 -210.3
20211109223939  -867.7 14.2 -209.8
20211109223940  -868.1 14.7 -209.2
20211109223941  -868.5 14.7 -208.8
20211109223942  -868.5 15.1 -208.3
20211109223943  -868.7 15.0 -207.9
20211109223944  -868.7 15.2 -207.5
20211109223945  -868.9 15.4 -207.1
20211109223946  -869.2 15.6 -206.7
20211109223947  -869.6 15.7 -206.2
20211109223948  -870.0 15.8 -205.9
20211109223949  -870.0 16.0 -206.0
20211109223950  -870.2 16.1 -206.0
20211109223951  -870.6 16.4 -205.6
20211109223952  -870.7 16.1 -205.2
20211109223953  -870.7 16.2 -204.8
20211109223954  -870.7 16.0 -204.7
20211109223955  -870.9 16.1 -205.0
20211109223956  -871.0 16.0 -204.5
20211109223957  -871.1 16.1 -204.5
20211109223958  -871.3 15.7 -204.6
20211109223959  -871.4 15.7 -204.5
20211109224000  -871.4 15.9 -204.5
20211109224001  -871.4 15.7 -204.3
20211109224002  -871.0 15.4 -204.0
20211109224003  -870.5 15.3 -203.5
20211109224004  -870.8 15.6 -203.5
20211109224005  -870.6 15.6 -203.1
20211109224006  -871.5 15.3 -203.9
20211109224007  -871.5 15.5 -204.1
20211109224008  -872.0 15.3 -204.2
20211109224009  -872.1 15.3 -204.1
20211109224010  -872.2 15.2 -204.2
20211109224011  -872.6 15.0 -204.2
20211109224012  -872.7 14.8 -203.9
20211109224013  -872.3 15.2 -204.3
20211109224014  -872.6 15.5 -203.8
20211109224015  -872.4 15.5 -203.8
20211109224016  -872.3 15.8 -203.5
20211109224017  -871.9 15.8 -203.4
20211109224018  -871.6 15.4 -203.3
20211109224019  -871.4 15.3 -203.0
20211109224020  -871.0 15.2 -202.8
20211109224021  -870.8 15.0 -202.8
20211109224022  -870.7 15.3 -203.0
20211109224023  -870.4 15.5 -202.8
20211109224024  -870.1 15.5 -203.1
20211109224025  -870.0 15.8 -203.1
20211109224026  -870.1 15.4 -203.6
20211109224027  -870.0 15.6 -203.4
20211109224028  -870.1 15.4 -203.7
20211109224029  -870.6 14.9 -203.9
20211109224030  -870.6 15.0 -203.5
20211109224031  -870.8 14.9 -203.1
20211109224032  -870.7 14.4 -202.7
20211109224033  -870.5 14.6 -202.4
20211109224034  -870.7 14.1 -202.1
20211109224035  -870.9 14.3 -201.6
20211109224036  -872.0 13.8 -201.9
20211109224037  -872.8 13.4 -201.9
20211109224038  -873.1 13.3 -201.4
20211109224039  -873.5 13.2 -201.0
20211109224040  -873.9 13.0 -200.9
20211109224041  -874.7 13.1 -201.0
20211109224042  -875.6 13.1 -200.6
20211109224043  -876.5 13.2 -200.5
20211109224044  -877.8 13.7 -200.1
20211109224045  -878.7 14.2 -199.5
20211109224046  -879.5 14.4 -199.6
20211109224047  -880.5 15.1 -199.3
20211109224048  -881.2 15.6 -198.6
20211109224049  -882.5 16.4 -198.0
20211109224050  -883.0 16.9 -197.7
20211109224051  -884.0 17.7 -197.7
20211109224052  -884.6 18.5 -197.2
20211109224053  -885.3 19.3 -196.8
20211109224054  -886.0 19.9 -196.7
20211109224055  -886.7 20.3 -196.2
20211109224056  -887.3 21.1 -195.6
20211109224057  -887.8 21.3 -195.5
20211109224058  -888.0 21.8 -195.2
20211109224059  -888.3 22.4 -194.7
20211109224100  -888.5 23.0 -194.5
20211109224101  -888.7 23.8 -194.3
20211109224102  -888.8 24.0 -193.7
20211109224103  -888.0 24.8 -192.6
20211109224104  -888.1 25.1 -192.4
20211109224105  -887.8 25.8 -191.8
20211109224106  -888.4 26.1 -192.1
20211109224107  -888.3 26.3 -191.6
20211109224108  -888.1 26.3 -191.7
20211109224109  -888.2 26.7 -191.5
20211109224110  -887.8 26.9 -191.0
20211109224111  -887.4 26.9 -190.6
20211109224112  -886.8 27.0 -190.6
20211109224113  -886.0 27.0 -190.3
20211109224114  -885.5 27.1 -190.4
20211109224115  -884.7 26.6 -189.9
20211109224116  -883.9 26.8 -189.5
20211109224117  -883.0 26.4 -189.3
20211109224118  -882.1 26.1 -189.3
20211109224119  -881.0 25.7 -189.7
20211109224120  -880.3 25.4 -189.5
20211109224121  -879.5 24.9 -189.7
20211109224122  -878.8 24.2 -189.8
20211109224123  -877.8 23.8 -190.2
20211109224124  -877.1 23.7 -190.1
20211109224125  -876.6 23.4 -190.1
20211109224126  -875.6 23.1 -190.4
20211109224127  -875.1 22.8 -190.1
20211109224128  -874.6 22.4 -190.2
20211109224129  -874.1 22.1 -190.3
20211109224130  -873.3 21.9 -190.5
20211109224131  -872.7 21.3 -190.5
20211109224132  -872.1 21.1 -190.6
20211109224133  -870.9 20.9 -190.2
20211109224134  -870.2 20.8 -189.9
20211109224135  -869.2 20.8 -190.0
20211109224136  -869.7 20.6 -190.6
20211109224137  -869.0 20.3 -190.6
20211109224138  -868.8 20.3 -191.1
20211109224139  -868.4 20.4 -191.0
20211109224140  -868.1 20.5 -191.3
20211109224141  -868.0 20.9 -191.4
20211109224142  -867.5 21.2 -191.6
20211109224143  -867.2 21.4 -191.8
20211109224144  -867.0 21.6 -191.9
20211109224145  -866.7 21.9 -191.8
20211109224146  -866.6 22.0 -192.1
20211109224147  -866.1 22.6 -192.0
20211109224148  -865.9 22.7 -192.3
20211109224149  -865.3 22.6 -192.8
20211109224150  -865.0 23.2 -192.6
20211109224151  -864.4 23.2 -192.8
20211109224152  -864.2 23.2 -192.9
20211109224153  -863.4 23.6 -192.6
20211109224154  -862.9 23.5 -193.1
20211109224155  -862.0 23.6 -193.1
20211109224156  -861.2 24.1 -193.4
20211109224157  -860.4 23.9 -194.1
20211109224158  -859.8 24.2 -194.7
20211109224159  -859.5 23.9 -195.2
20211109224200  -858.8 23.8 -196.0
20211109224201  -858.5 23.7 -196.7
20211109224202  -858.5 23.3 -197.4
20211109224203  -858.0 22.8 -198.2
20211109224204  -857.3 22.6 -198.4
20211109224205  -856.8 21.9 -198.9
20211109224206  -857.2 21.1 -199.8
20211109224207  -857.2 20.7 -200.1
20211109224208  -856.9 20.4 -200.7
20211109224209  -856.8 19.7 -201.4
20211109224210  -856.5 19.2 -201.7
20211109224211  -856.4 18.5 -201.8
20211109224212  -856.3 18.3 -202.0
20211109224213  -856.0 17.6 -202.1
20211109224214  -856.0 16.9 -202.1
20211109224215  -855.5 16.5 -202.0
20211109224216  -855.1 16.3 -202.1
20211109224217  -854.2 16.0 -202.0
20211109224218  -853.3 15.4 -201.9
20211109224219  -852.8 15.1 -201.8
20211109224220  -852.1 14.9 -202.0
20211109224221  -851.5 14.4 -201.8
20211109224222  -850.4 13.9 -202.1
20211109224223  -849.8 13.3 -201.9
20211109224224  -848.9 13.2 -201.8
20211109224225  -848.1 13.0 -202.1
20211109224226  -847.1 12.7 -202.3
20211109224227  -846.0 12.6 -202.6
20211109224228  -845.4 12.2 -202.7
20211109224229  -844.2 11.4 -203.0
20211109224230  -843.1 11.2 -203.2
20211109224231  -842.1 10.4 -203.7
20211109224232  -841.0 10.0 -204.2
20211109224233  -840.0 9.2 -204.3
20211109224234  -838.1 8.9 -204.2
20211109224235  -836.6 8.4 -204.1
20211109224236  -835.6 7.9 -204.6
20211109224237  -835.2 7.1 -205.0
20211109224238  -834.2 6.3 -205.1
20211109224239  -833.2 5.7 -205.7
20211109224240  -832.3 4.8 -206.3
20211109224241  -831.3 3.8 -207.0
20211109224242  -830.5 2.6 -207.7
20211109224243  -830.0 1.8 -208.0
20211109224244  -829.3 0.9 -208.5
20211109224245  -828.8 0.2 -209.4
20211109224246  -828.4 -0.8 -210.6
20211109224247  -828.0 -1.6 -210.9
20211109224248  -827.4 -2.4 -211.6
20211109224249  -827.2 -3.1 -212.2
20211109224250  -827.1 -4.2 -212.6
20211109224251  -827.1 -5.1 -213.0
20211109224252  -826.8 -5.8 -213.3
20211109224253  -826.6 -6.7 -214.0
20211109224254  -826.4 -7.5 -214.7
20211109224255  -826.1 -8.1 -215.0
20211109224256  -826.2 -8.4 -215.2
20211109224257  -825.7 -9.1 -215.7
20211109224258  -825.6 -9.8 -215.6
20211109224259  -825.2 -10.8 -215.9
20211109224300  -824.8 -11.2 -216.3
20211109224301  -824.2 -11.7 -216.5
20211109224302  -824.2 -12.3 -217.0
20211109224303  -824.7 -12.8 -217.9
20211109224304  -823.6 -13.3 -217.5
20211109224305  -823.3 -13.7 -217.7
20211109224306  -823.3 -14.1 -217.8
20211109224307  -824.7 -14.4 -218.9
20211109224308  -825.0 -15.0 -219.0
20211109224309  -825.4 -15.5 -219.0
20211109224310  -825.7 -15.5 -219.2
20211109224311  -826.4 -15.8 -219.5
20211109224312  -826.8 -16.3 -219.5
20211109224313  -827.5 -16.4 -219.6
20211109224314  -827.8 -16.2 -219.6
20211109224315  -828.3 -16.1 -219.4
20211109224316  -828.7 -16.2 -219.3
20211109224317  -829.2 -15.8 -219.2
20211109224318  -829.5 -15.6 -219.2
20211109224319  -829.7 -15.4 -219.2
20211109224320  -830.5 -15.2 -219.6
20211109224321  -830.9 -14.9 -219.4
20211109224322  -831.3 -14.5 -219.6
20211109224323  -832.0 -14.2 -219.6
20211109224324  -832.3 -14.1 -219.5
20211109224325  -832.6 -13.3 -219.0
20211109224326  -833.0 -13.4 -219.1
20211109224327  -833.6 -13.2 -219.4
20211109224328  -833.9 -13.1 -219.1
20211109224329  -834.4 -12.9 -219.3
20211109224330  -835.0 -12.9 -219.5
20211109224331  -835.4 -12.5 -219.3
20211109224332  -835.9 -12.1 -219.5
20211109224333  -836.8 -12.0 -219.6
20211109224334  -836.9 -11.7 -219.6
20211109224335  -837.3 -11.5 -218.9
20211109224336  -838.2 -10.7 -218.5
20211109224337  -839.4 -10.4 -218.8
20211109224338  -840.5 -10.4 -218.6
20211109224339  -841.3 -10.2 -218.8
20211109224340  -842.2 -10.0 -218.7
20211109224341  -842.9 -9.6 -218.4
20211109224342  -844.1 -9.4 -218.3
20211109224343  -844.6 -9.2 -218.2
20211109224344  -846.0 -9.1 -217.9
20211109224345  -846.8 -8.5 -217.7
20211109224346  -847.4 -8.2 -217.2
20211109224347  -848.4 -7.6 -216.7
20211109224348  -849.0 -7.1 -216.2
20211109224349  -849.8 -6.8 -215.6
20211109224350  -850.8 -6.4 -215.2
20211109224351  -851.3 -6.0 -215.1
20211109224352  -852.0 -5.8 -214.7
20211109224353  -852.8 -5.4 -214.4
20211109224354  -853.5 -5.1 -214.1
20211109224355  -854.3 -4.6 -213.8
20211109224356  -854.9 -4.0 -213.3
20211109224357  -855.3 -3.5 -213.2
20211109224358  -856.0 -3.2 -212.9
20211109224359  -856.5 -2.7 -212.6
20211109224400  -857.2 -2.5 -212.6
20211109224401  -858.0 -2.0 -212.4
20211109224402  -858.4 -1.6 -212.0
20211109224403  -858.9 -1.5 -211.6
20211109224404  -859.5 -1.2 -211.1
20211109224405  -859.3 -0.9 -209.9
20211109224406  -859.3 -0.3 -209.3
20211109224407  -860.2 0.1 -208.9
20211109224408  -861.0 0.4 -208.9
20211109224409  -861.2 0.9 -208.4
20211109224410  -861.7 1.3 -207.9
20211109224411  -861.7 1.7 -207.3
20211109224412  -862.0 2.1 -206.7
20211109224413  -862.1 2.1 -206.2
20211109224414  -862.5 2.7 -205.7
20211109224415  -862.6 3.1 -205.0
20211109224416  -862.8 3.4 -204.8
20211109224417  -862.8 3.8 -204.5
20211109224418  -862.8 3.8 -204.0
20211109224419  -862.6 4.0 -204.1
20211109224420  -862.8 4.3 -203.7
20211109224421  -862.8 4.6 -203.3
20211109224422  -862.5 5.0 -203.1
20211109224423  -862.5 5.5 -203.2
20211109224424  -862.8 5.9 -203.1
20211109224425  -862.7 6.1 -203.2
20211109224426  -862.7 6.2 -202.7
20211109224427  -862.6 6.2 -202.7
20211109224428  -862.6 6.6 -202.5
20211109224429  -862.1 7.0 -202.3
20211109224430  -862.5 7.0 -202.0
20211109224431  -862.3 7.2 -202.0
20211109224432  -862.2 7.6 -202.0
20211109224433  -861.9 7.8 -202.1
20211109224434  -861.6 8.2 -202.0
20211109224435  -860.7 8.5 -201.8
20211109224436  -860.5 9.3 -201.5
20211109224437  -860.2 9.5 -201.5
20211109224438  -860.9 9.6 -202.2
20211109224439  -861.1 9.9 -202.4
20211109224440  -861.2 10.3 -202.3
20211109224441  -861.3 10.5 -202.4
20211109224442  -861.3 10.5 -202.3
20211109224443  -861.6 10.8 -202.5
20211109224444  -861.9 10.6 -202.5
20211109224445  -861.9 11.1 -202.9
20211109224446  -862.2 11.4 -202.9
20211109224447  -862.4 11.3 -202.9
20211109224448  -862.8 11.3 -202.8
20211109224449  -863.0 11.4 -202.9
20211109224450  -863.0 11.2 -202.7
20211109224451  -863.0 11.4 -202.6
20211109224452  -863.3 11.6 -202.3
20211109224453  -863.4 11.8 -202.1
20211109224454  -863.5 11.8 -202.0
20211109224455  -863.7 12.1 -202.0
20211109224456  -863.8 12.1 -202.0
20211109224457  -863.8 12.5 -201.8
20211109224458  -863.5 12.9 -201.6
20211109224459  -863.5 13.0 -201.4
20211109224500  -863.1 13.1 -201.2
20211109224501  -863.0 13.3 -200.9
20211109224502  -863.0 13.7 -200.9
20211109224503  -862.9 13.6 -201.1
20211109224504  -862.3 13.9 -200.9
20211109224505  -861.8 14.2 -200.6
20211109224506  -861.2 14.2 -200.0
20211109224507  -861.2 14.5 -200.0
20211109224508  -861.4 14.5 -200.1
20211109224509  -860.8 14.7 -200.3
20211109224510  -860.3 15.1 -200.5
20211109224511  -859.6 15.2 -200.4
20211109224512  -859.2 15.3 -200.9
20211109224513  -858.9 14.9 -201.2
20211109224514  -858.6 15.2 -201.5
20211109224515  -857.6 15.0 -201.4
20211109224516  -856.8 15.0 -201.4
20211109224517  -856.0 15.1 -201.8
20211109224518  -855.2 15.1 -202.1
20211109224519  -854.6 14.6 -202.2
20211109224520  -853.9 14.4 -202.2
20211109224521  -853.2 14.8 -202.0
20211109224522  -852.5 14.4 -202.2
20211109224523  -851.4 14.3 -202.3
20211109224524  -850.6 14.4 -202.4
20211109224525  -849.9 14.5 -202.8
20211109224526  -849.1 14.3 -202.9
20211109224527  -848.4 14.3 -203.1
20211109224528  -847.8 13.9 -203.3
20211109224529  -847.4 13.8 -203.5
20211109224530  -846.5 13.5 -203.6
20211109224531  -845.9 13.3 -204.0
20211109224532  -845.5 13.2 -204.6
20211109224533  -844.9 12.8 -204.9
20211109224534  -844.4 12.4 -205.4
20211109224535  -843.9 12.1 -205.6
20211109224536  -842.6 12.2 -205.5
20211109224537  -842.1 12.3 -206.0
20211109224538  -842.8 11.6 -207.1
20211109224539  -842.5 11.4 -207.4
20211109224540  -842.1 10.6 -208.0
20211109224541  -842.2 10.3 -208.3
20211109224542  -841.7 9.5 -208.7
20211109224543  -841.6 8.9 -208.9
20211109224544  -841.3 8.4 -209.2
20211109224545  -841.0 7.7 -209.9
20211109224546  -840.7 7.1 -210.1
20211109224547  -840.6 6.2 -210.4
20211109224548  -840.2 5.4 -210.6
20211109224549  -840.1 4.8 -210.5
20211109224550  -839.9 4.5 -210.9
20211109224551  -839.8 3.9 -211.0
20211109224552  -839.6 3.2 -210.7
20211109224553  -839.9 3.1 -210.6
20211109224554  -840.0 2.6 -210.6
20211109224555  -840.2 2.2 -211.3
20211109224556  -840.4 1.9 -211.4
20211109224557  -840.6 1.6 -211.5
20211109224558  -840.7 1.6 -211.7
20211109224559  -840.7 1.5 -211.7
20211109224600  -840.8 1.3 -211.9
20211109224601  -841.1 1.0 -211.7
20211109224602  -841.0 1.1 -211.7
20211109224603  -841.3 1.0 -211.9
20211109224604  -841.4 0.9 -211.7
20211109224605  -841.7 0.9 -211.5
20211109224606  -841.6 1.0 -211.1
20211109224607  -841.7 1.0 -210.6
20211109224608  -842.2 1.0 -210.9
20211109224609  -842.2 0.9 -210.6
20211109224610  -842.4 1.0 -210.3
20211109224611  -842.6 0.9 -210.7
20211109224612  -842.8 1.0 -210.5
20211109224613  -842.9 1.0 -210.4
20211109224614  -842.8 0.9 -210.0
20211109224615  -843.0 0.7 -209.5
20211109224616  -842.8 0.6 -209.8
20211109224617  -843.0 0.5 -209.7
20211109224618  -843.3 0.8 -210.0
20211109224619  -843.5 0.6 -209.7
20211109224620  -843.8 0.6 -209.7
20211109224621  -844.1 0.5 -209.6
20211109224622  -844.1 0.3 -209.4
20211109224623  -844.2 0.2 -209.3
20211109224624  -844.4 0.1 -209.7
20211109224625  -844.7 0.1 -209.5
20211109224626  -844.8 0.3 -209.5
20211109224627  -845.0 0.2 -209.8
20211109224628  -845.2 0.4 -209.9
20211109224629  -845.2 0.3 -209.2
20211109224630  -845.5 0.3 -209.6
20211109224631  -845.6 0.0 -209.4
20211109224632  -845.6 0.1 -209.5
20211109224633  -845.8 0.1 -209.4
20211109224634  -845.6 -0.1 -209.2
20211109224635  -845.5 0.0 -209.1
20211109224636  -845.5 0.1 -209.0
20211109224637  -844.9 -0.1 -208.6
20211109224638  -845.4 0.2 -209.0
20211109224639  -845.4 0.2 -209.3
20211109224640  -845.2 0.2 -209.3
20211109224641  -845.1 0.3 -209.1
20211109224642  -845.0 -0.1 -208.8
20211109224643  -844.5 -0.1 -208.6
20211109224644  -843.9 -0.1 -208.4
20211109224645  -843.9 -0.1 -208.5
20211109224646  -843.8 0.0 -208.3
20211109224647  -843.5 0.0 -208.1
20211109224648  -843.3 -0.0 -207.9
20211109224649  -843.2 0.3 -207.4
20211109224650  -843.0 0.5 -207.7
20211109224651  -843.0 0.4 -207.8
20211109224652  -843.0 0.7 -207.7
20211109224653  -842.7 0.8 -207.7
20211109224654  -842.6 1.6 -207.4
20211109224655  -842.6 1.9 -207.2
20211109224656  -842.5 2.2 -207.0
20211109224657  -842.2 2.5 -207.0
20211109224658  -842.2 2.9 -207.4
20211109224659  -842.1 3.2 -207.4
20211109224700  -841.9 3.6 -207.7
20211109224701  -841.8 3.8 -207.6
20211109224702  -841.8 4.4 -207.5
20211109224703  -841.9 4.6 -207.6
20211109224704  -842.1 4.7 -207.6
20211109224705  -841.7 5.1 -207.3
20211109224706  -841.5 5.3 -207.3
20211109224707  -840.9 5.7 -206.9
20211109224708  -841.1 6.2 -207.4
20211109224709  -841.0 6.5 -207.5
20211109224710  -841.1 6.9 -207.5
20211109224711  -841.0 7.2 -207.5
20211109224712  -840.9 7.7 -207.6
20211109224713  -840.6 8.0 -207.8
20211109224714  -840.4 8.2 -207.4
20211109224715  -840.3 8.8 -207.2
20211109224716  -840.1 9.1 -207.4
20211109224717  -840.0 9.5 -207.5
20211109224718  -839.7 9.2 -207.5
20211109224719  -839.4 9.4 -207.6
20211109224720  -839.2 9.5 -207.4
20211109224721  -839.0 9.8 -207.6
20211109224722  -838.7 10.2 -207.5
20211109224723  -838.6 10.2 -207.6
20211109224724  -838.4 10.4 -207.7
20211109224725  -838.3 10.5 -207.9
20211109224726  -838.0 10.4 -208.1
20211109224727  -838.2 10.2 -208.3
20211109224728  -838.4 10.1 -208.5
20211109224729  -838.2 10.0 -208.5
20211109224730  -838.2 9.9 -208.6
20211109224731  -838.6 9.8 -208.8
20211109224732  -838.8 9.7 -208.7
20211109224733  -838.8 9.6 -208.5
20211109224734  -839.0 9.6 -208.5
20211109224735  -838.9 9.5 -208.9
20211109224736  -839.1 9.3 -208.9
20211109224737  -839.6 8.9 -209.4
20211109224738  -839.5 9.2 -209.1
20211109224739  -839.9 9.1 -209.4
20211109224740  -840.1 8.9 -209.7
20211109224741  -840.3 8.8 -209.5
20211109224742  -840.4 8.5 -209.8
20211109224743  -841.0 8.1 -209.8
20211109224744  -841.2 7.9 -209.8
20211109224745  -841.1 7.5 -209.9
20211109224746  -841.1 7.7 -209.6
20211109224747  -841.1 7.4 -209.8
20211109224748  -841.2 7.7 -209.7
20211109224749  -841.2 7.7 -209.6
20211109224750  -841.2 7.7 -209.6
20211109224751  -841.3 7.5 -210.0
20211109224752  -841.3 7.2 -209.9
20211109224753  -841.4 6.8 -210.0
20211109224754  -841.4 6.6 -209.6
20211109224755  -841.4 6.5 -209.1
20211109224756  -841.3 6.7 -209.2
20211109224757  -841.4 6.2 -208.9
20211109224758  -841.3 5.7 -209.1
20211109224759  -841.2 5.4 -209.1
20211109224800  -841.1 4.7 -209.1
20211109224801  -841.2 4.2 -209.0
20211109224802  -841.1 4.2 -208.6
20211109224803  -841.0 3.5 -208.7
20211109224804  -841.3 3.5 -208.7
20211109224805  -841.2 2.9 -209.0
20211109224806  -841.3 2.5 -209.2
20211109224807  -841.4 2.1 -209.0
20211109224808  -840.8 1.9 -208.8
20211109224809  -840.9 2.0 -209.1
20211109224810  -841.1 1.5 -209.3
20211109224811  -841.2 1.4 -209.3
20211109224812  -841.0 1.0 -209.3
20211109224813  -840.7 0.5 -208.9
20211109224814  -840.7 0.2 -209.1
20211109224815  -840.5 0.2 -208.9
20211109224816  -840.5 -0.4 -209.0
20211109224817  -840.6 -0.8 -209.0
20211109224818  -840.2 -0.9 -208.7
20211109224819  -839.9 -0.9 -208.8
20211109224820  -840.0 -1.1 -208.5
20211109224821  -840.3 -1.2 -208.6
20211109224822  -840.1 -1.5 -207.9
20211109224823  -840.0 -1.9 -208.0
20211109224824  -840.0 -2.2 -208.2
20211109224825  -840.0 -2.4 -208.1
20211109224826  -839.8 -2.3 -207.9
20211109224827  -839.6 -2.3 -207.9
20211109224828  -839.6 -2.6 -207.7
20211109224829  -839.8 -3.0 -207.6
20211109224830  -839.4 -3.1 -207.5
20211109224831  -839.5 -3.3 -207.3
20211109224832  -839.3 -2.9 -207.4
20211109224833  -839.3 -2.7 -207.1
20211109224834  -839.2 -3.0 -206.7
20211109224835  -838.8 -2.7 -206.4
20211109224836  -838.5 -2.8 -206.2
20211109224837  -838.7 -3.2 -206.3
20211109224838  -838.3 -3.0 -206.3
20211109224839  -838.1 -2.9 -205.9
20211109224840  -838.5 -3.0 -205.9
20211109224841  -838.2 -3.3 -206.0
20211109224842  -837.8 -3.1 -205.9
20211109224843  -837.8 -3.4 -205.8
20211109224844  -837.9 -3.6 -205.6
20211109224845  -837.9 -3.8 -205.4
20211109224846  -837.7 -3.9 -205.5
20211109224847  -837.5 -4.1 -205.3
20211109224848  -836.8 -4.1 -205.4
20211109224849  -836.9 -4.5 -205.7
20211109224850  -836.8 -4.3 -205.6
20211109224851  -836.5 -4.4 -205.7
20211109224852  -836.0 -4.6 -205.8
20211109224853  -836.0 -4.9 -205.8
20211109224854  -835.9 -5.2 -206.2
20211109224855  -835.4 -5.4 -206.1
20211109224856  -835.3 -5.7 -206.3
20211109224857  -835.2 -5.8 -206.1
20211109224858  -834.6 -5.9 -206.2
20211109224859  -834.0 -6.3 -206.5
20211109224900  -833.6 -6.6 -206.5
20211109224901  -833.0 -7.0 -206.5
20211109224902  -832.8 -7.2 -206.5
20211109224903  -832.4 -7.2 -206.4
20211109224904  -831.8 -7.3 -207.0
20211109224905  -831.5 -7.8 -207.0
20211109224906  -831.4 -8.0 -207.3
20211109224907  -830.8 -7.9 -207.6
20211109224908  -830.4 -8.6 -207.6
20211109224909  -829.1 -8.7 -207.0
20211109224910  -829.2 -8.9 -207.7
20211109224911  -828.9 -9.1 -207.8
20211109224912  -828.6 -9.4 -207.9
20211109224913  -828.1 -9.7 -207.9
20211109224914  -828.1 -10.1 -208.4
20211109224915  -827.6 -10.2 -208.2
20211109224916  -827.2 -10.7 -208.3
20211109224917  -826.6 -10.5 -208.4
20211109224918  -826.5 -10.7 -208.7
20211109224919  -826.3 -11.0 -209.0
20211109224920  -826.0 -11.5 -209.2
20211109224921  -825.8 -11.4 -209.3
20211109224922  -825.5 -11.4 -209.8
20211109224923  -825.3 -11.8 -209.9
20211109224924  -825.0 -12.3 -210.0
20211109224925  -824.9 -12.4 -210.1
20211109224926  -824.8 -12.7 -210.4
20211109224927  -824.7 -13.0 -210.3
20211109224928  -824.5 -13.2 -210.7
20211109224929  -824.2 -13.2 -210.9
20211109224930  -824.0 -13.1 -210.9
20211109224931  -823.6 -13.3 -210.6
20211109224932  -823.5 -13.6 -210.8
20211109224933  -823.3 -13.4 -210.9
20211109224934  -823.4 -13.6 -210.8
20211109224935  -823.2 -13.7 -210.8
20211109224936  -823.2 -13.9 -211.1
20211109224937  -823.3 -13.8 -211.3
20211109224938  -822.9 -14.1 -211.4
20211109224939  -822.5 -14.3 -210.4
20211109224940  -822.2 -14.3 -210.3
20211109224941  -822.6 -14.4 -210.4
20211109224942  -822.8 -14.4 -210.3
20211109224943  -822.9 -14.3 -210.4
20211109224944  -822.7 -14.4 -210.3
20211109224945  -823.1 -14.2 -210.3
20211109224946  -823.2 -14.3 -210.3
20211109224947  -823.2 -14.7 -211.1
20211109224948  -823.2 -14.6 -210.5
20211109224949  -823.4 -14.3 -210.3
20211109224950  -823.5 -14.4 -210.6
20211109224951  -823.7 -14.3 -210.7
20211109224952  -823.8 -14.6 -210.6
20211109224953  -823.6 -14.6 -211.0
20211109224954  -823.6 -14.6 -211.0
20211109224955  -823.8 -15.0 -210.9
20211109224956  -823.7 -15.3 -211.1
20211109224957  -824.0 -15.3 -211.0
20211109224958  -824.1 -14.8 -210.8
20211109224959  -824.5 -15.1 -211.2
20211109225000  -824.4 -14.6 -211.0
20211109225001  -824.4 -14.5 -211.2
20211109225002  -824.7 -14.7 -210.8
20211109225003  -825.0 -14.5 -210.9
20211109225004  -825.1 -14.6 -210.7
20211109225005  -825.1 -14.7 -210.7
20211109225006  -825.3 -14.8 -210.6
20211109225007  -825.5 -15.1 -210.6
20211109225008  -825.8 -14.9 -210.5
20211109225009  -825.7 -14.6 -210.5
20211109225010  -824.9 -14.3 -209.5
20211109225011  -825.7 -14.0 -209.7
20211109225012  -825.4 -14.0 -210.2
20211109225013  -825.7 -14.2 -210.1
20211109225014  -825.8 -14.0 -209.8
20211109225015  -825.8 -14.2 -209.9
20211109225016  -825.8 -13.8 -210.0
20211109225017  -825.9 -14.1 -209.7
20211109225018  -825.6 -14.1 -209.7
20211109225019  -826.1 -13.8 -209.6
20211109225020  -825.7 -13.9 -209.9
20211109225021  -825.5 -14.2 -210.1
20211109225022  -825.7 -14.3 -210.4
20211109225023  -825.6 -14.5 -210.4
20211109225024  -825.4 -14.7 -210.3
20211109225025  -825.5 -14.5 -209.7
20211109225026  -825.2 -14.5 -210.0
20211109225027  -824.9 -14.7 -210.0
20211109225028  -824.9 -14.9 -210.2
20211109225029  -824.6 -14.9 -210.4
20211109225030  -824.4 -15.1 -210.3
20211109225031  -824.5 -15.3 -210.1
20211109225032  -824.0 -15.5 -210.2
20211109225033  -823.8 -15.5 -210.0
20211109225034  -823.6 -15.6 -209.8
20211109225035  -823.2 -15.8 -210.0
20211109225036  -822.9 -15.9 -210.5
20211109225037  -822.5 -16.3 -210.6
20211109225038  -822.5 -16.0 -210.5
20211109225039  -822.2 -15.9 -210.7
20211109225040  -821.5 -15.9 -210.4
20211109225041  -821.3 -15.7 -210.2
20211109225042  -821.4 -15.7 -210.6
20211109225043  -821.2 -15.7 -210.3
20211109225044  -821.0 -15.8 -210.5
20211109225045  -820.8 -16.0 -210.5
20211109225046  -820.5 -16.3 -210.6
20211109225047  -820.4 -16.1 -210.3
20211109225048  -820.2 -16.0 -210.4
20211109225049  -820.1 -15.8 -210.6
20211109225050  -820.5 -15.6 -210.3
20211109225051  -820.5 -15.5 -210.3
20211109225052  -820.3 -15.5 -210.4
20211109225053  -820.1 -15.4 -210.3
20211109225054  -820.3 -15.5 -210.1
20211109225055  -820.1 -15.5 -209.9
20211109225056  -819.8 -15.6 -209.6
20211109225057  -819.5 -15.6 -209.6
20211109225058  -819.3 -15.4 -209.5
20211109225059  -818.6 -15.3 -209.4
20211109225100  -818.6 -15.2 -209.4
20211109225101  -818.3 -14.7 -209.3
20211109225102  -818.0 -14.8 -209.0
20211109225103  -817.8 -14.6 -208.9
20211109225104  -817.6 -14.2 -209.1
20211109225105  -817.5 -14.3 -209.2
20211109225106  -817.1 -14.0 -209.0
20211109225107  -817.2 -14.3 -209.1
20211109225108  -817.4 -14.0 -209.0
20211109225109  -817.5 -14.0 -209.0
20211109225110  -817.4 -13.8 -208.7
20211109225111  -816.6 -13.5 -207.8
20211109225112  -817.3 -13.4 -208.3
20211109225113  -817.3 -13.4 -208.3
20211109225114  -817.6 -13.3 -208.5
20211109225115  -817.7 -13.2 -208.5
20211109225116  -818.0 -13.1 -208.6
20211109225117  -818.0 -13.2 -208.5
20211109225118  -818.2 -13.5 -208.5
20211109225119  -818.5 -13.7 -208.2
20211109225120  -818.3 -13.4 -207.9
20211109225121  -818.5 -13.2 -207.7
20211109225122  -818.5 -13.6 -207.8
20211109225123  -818.9 -13.8 -207.8
20211109225124  -819.5 -13.9 -208.0
20211109225125  -819.8 -14.1 -207.7
20211109225126  -820.5 -14.5 -207.8
20211109225127  -821.0 -14.3 -208.1
20211109225128  -821.2 -14.8 -207.5
20211109225129  -821.5 -14.4 -207.6
20211109225130  -821.5 -14.5 -207.4
20211109225131  -821.8 -14.9 -207.1
20211109225132  -821.9 -15.3 -206.9
20211109225133  -822.0 -15.5 -206.8
20211109225134  -822.3 -15.7 -206.8
20211109225135  -822.2 -15.8 -206.5
20211109225136  -822.0 -15.8 -206.5
20211109225137  -821.9 -15.6 -206.4
20211109225138  -821.9 -15.6 -205.9
20211109225139  -821.9 -15.8 -206.3
20211109225140  -822.0 -16.0 -206.4
20211109225141  -821.6 -16.5 -206.0
20211109225142  -821.9 -16.8 -206.5
20211109225143  -821.9 -17.1 -206.5
20211109225144  -822.2 -17.2 -206.2
20211109225145  -822.1 -17.4 -206.0
20211109225146  -821.7 -17.4 -206.0
20211109225147  -821.8 -17.5 -205.8
20211109225148  -821.3 -17.5 -205.7
20211109225149  -821.0 -17.6 -205.5
20211109225150  -820.8 -17.9 -205.8
20211109225151  -820.5 -18.5 -205.9
20211109225152  -820.2 -18.8 -205.7
20211109225153  -819.7 -19.1 -205.4
20211109225154  -818.9 -19.4 -205.3
20211109225155  -818.7 -19.5 -205.2
20211109225156  -818.1 -19.8 -205.2
20211109225157  -817.8 -20.0 -205.0
20211109225158  -817.4 -19.9 -204.9
20211109225159  -817.2 -20.1 -205.0
20211109225200  -816.9 -20.7 -205.0
20211109225201  -816.7 -21.0 -205.2
20211109225202  -816.5 -21.1 -205.3
20211109225203  -815.9 -21.3 -204.9
20211109225204  -815.9 -21.5 -204.8
20211109225205  -815.5 -21.6 -205.0
20211109225206  -815.0 -21.9 -205.3
20211109225207  -814.7 -22.0 -205.4
20211109225208  -814.5 -22.0 -205.2
20211109225209  -814.1 -22.1 -204.9
20211109225210  -813.6 -22.3 -205.0
20211109225211  -813.3 -22.3 -205.3
20211109225212  -812.9 -22.6 -205.2
20211109225213  -812.8 -23.0 -205.6
20211109225214  -812.7 -22.9 -205.6
20211109225215  -812.4 -23.2 -205.5
