20211030220114  -695.1 -90.9 -152.8
20211030220115  -694.3 -90.6 -152.1
20211030220116  -694.3 -90.5 -151.9
20211030220117  -694.9 -90.5 -152.1
20211030220118  -694.8 -90.3 -152.4
20211030220119  -694.9 -90.1 -152.3
20211030220120  -695.0 -90.2 -152.4
20211030220121  -695.1 -89.9 -152.2
20211030220122  -695.1 -89.8 -152.3
20211030220123  -695.1 -90.1 -152.4
20211030220124  -695.3 -90.0 -152.5
20211030220125  -695.2 -90.1 -152.2
20211030220126  -695.5 -90.3 -152.4
20211030220127  -695.6 -90.0 -152.3
20211030220128  -695.7 -89.8 -152.3
20211030220129  -695.6 -89.6 -152.0
20211030220130  -695.6 -89.4 -152.3
20211030220131  -695.7 -89.2 -152.4
20211030220132  -695.8 -89.3 -152.4
20211030220133  -696.0 -89.7 -152.7
20211030220134  -695.9 -89.7 -152.5
20211030220135  -696.0 -90.1 -152.4
20211030220136  -696.3 -90.0 -152.4
20211030220137  -696.3 -90.2 -152.3
20211030220138  -696.3 -90.1 -152.3
20211030220139  -696.1 -90.1 -152.4
20211030220140  -696.1 -90.1 -152.0
20211030220141  -696.6 -90.1 -151.9
20211030220142  -696.5 -90.2 -151.8
20211030220143  -696.6 -90.3 -151.8
20211030220144  -696.8 -90.5 -151.3
20211030220145  -696.4 -90.7 -151.3
20211030220146  -695.9 -90.3 -150.9
20211030220147  -696.5 -90.7 -151.4
20211030220148  -696.8 -90.5 -151.3
20211030220149  -696.9 -90.6 -151.6
20211030220150  -696.8 -90.7 -151.4
20211030220151  -696.7 -90.5 -151.3
20211030220152  -696.5 -90.5 -151.0
20211030220153  -696.6 -90.6 -151.2
20211030220154  -696.6 -90.7 -150.9
20211030220155  -696.8 -90.9 -150.8
20211030220156  -697.2 -90.6 -150.8
20211030220157  -697.0 -90.6 -150.4
20211030220158  -696.8 -90.6 -150.6
20211030220159  -696.7 -90.5 -150.6
20211030220200  -696.7 -90.4 -150.4
20211030220201  -696.6 -90.7 -150.5
20211030220202  -696.2 -90.7 -150.3
20211030220203  -696.4 -90.5 -149.9
20211030220204  -696.7 -90.5 -149.7
20211030220205  -696.8 -90.5 -150.0
20211030220206  -696.7 -90.3 -149.8
20211030220207  -696.3 -90.2 -149.4
20211030220208  -696.3 -90.0 -149.4
20211030220209  -696.2 -90.3 -149.1
20211030220210  -696.1 -90.3 -149.0
20211030220211  -696.0 -90.4 -149.1
20211030220212  -695.8 -90.2 -149.3
20211030220213  -695.6 -90.5 -149.3
20211030220214  -695.8 -90.3 -149.0
20211030220215  -695.3 -90.1 -149.0
20211030220216  -694.5 -89.8 -148.5
20211030220217  -695.1 -89.9 -148.7
20211030220218  -695.4 -90.1 -148.5
20211030220219  -695.0 -90.1 -148.6
20211030220220  -694.9 -90.0 -148.2
20211030220221  -695.0 -89.9 -148.2
20211030220222  -695.0 -90.0 -148.0
20211030220223  -694.6 -90.1 -147.7
20211030220224  -694.6 -90.3 -147.7
20211030220225  -694.3 -90.4 -147.6
20211030220226  -694.2 -90.3 -147.3
20211030220227  -694.2 -90.4 -147.3
20211030220228  -694.1 -90.3 -147.2
20211030220229  -693.9 -89.8 -147.1
20211030220230  -694.0 -90.0 -146.9
20211030220231  -693.6 -90.0 -146.7
20211030220232  -693.4 -90.0 -146.6
20211030220233  -693.6 -90.3 -146.2
20211030220234  -693.3 -90.4 -146.2
20211030220235  -693.2 -90.4 -146.2
20211030220236  -693.2 -90.4 -146.2
20211030220237  -692.9 -90.4 -145.9
