20211202231531  -698.5 -82.5 -749.6
20211202231532  -698.3 -82.4 -749.2
20211202231533  -697.6 -82.0 -749.1
20211202231534  -697.1 -82.4 -748.6
20211202231535  -697.1 -82.1 -748.6
20211202231536  -697.5 -81.9 -748.8
20211202231537  -697.9 -82.1 -749.5
20211202231538  -697.8 -81.7 -749.5
20211202231539  -697.4 -81.8 -749.6
20211202231540  -697.6 -81.9 -749.5
20211202231541  -697.2 -81.9 -749.7
20211202231542  -697.5 -82.1 -749.7
20211202231543  -697.4 -81.9 -749.9
20211202231544  -697.3 -81.6 -749.7
20211202231545  -697.3 -81.9 -749.7
20211202231546  -697.4 -81.9 -750.1
20211202231547  -697.6 -81.8 -749.9
20211202231548  -697.7 -81.9 -749.8
20211202231549  -697.7 -82.0 -749.8
20211202231550  -697.7 -82.0 -749.8
20211202231551  -697.8 -82.2 -750.1
20211202231552  -697.6 -82.1 -750.1
20211202231553  -697.8 -82.2 -750.0
20211202231554  -697.6 -81.9 -750.2
20211202231555  -697.7 -82.1 -749.8
20211202231556  -697.8 -82.0 -750.1
20211202231557  -698.0 -82.1 -750.1
20211202231558  -697.8 -82.0 -749.8
20211202231559  -697.3 -81.8 -749.5
20211202231600  -697.3 -81.7 -749.2
20211202231601  -697.3 -81.6 -749.1
20211202231602  -697.2 -81.4 -749.2
20211202231603  -698.1 -81.7 -750.1
20211202231604  -698.2 -81.8 -749.9
20211202231605  -698.1 -81.9 -749.9
20211202231606  -698.2 -81.9 -749.7
20211202231607  -698.1 -81.9 -749.7
20211202231608  -698.3 -82.1 -749.9
20211202231609  -698.4 -82.0 -750.0
20211202231610  -698.7 -82.1 -750.2
20211202231611  -698.4 -82.5 -750.2
20211202231612  -698.6 -82.2 -749.9
20211202231613  -698.6 -82.3 -750.1
20211202231614  -698.8 -82.3 -750.1
20211202231615  -698.9 -82.6 -750.0
20211202231616  -698.5 -82.1 -750.0
20211202231617  -698.9 -82.0 -749.9
20211202231618  -698.9 -81.9 -750.0
20211202231619  -699.2 -81.6 -750.0
20211202231620  -699.4 -82.0 -750.1
20211202231621  -699.2 -81.8 -750.5
20211202231622  -699.3 -82.0 -750.5
20211202231623  -699.3 -82.2 -750.2
20211202231624  -699.2 -82.6 -750.1
20211202231625  -698.5 -82.5 -749.7
20211202231626  -698.3 -82.4 -749.4
20211202231627  -698.4 -81.9 -749.3
20211202231628  -699.2 -82.0 -749.7
20211202231629  -699.4 -81.8 -749.8
20211202231630  -699.3 -82.1 -749.8
20211202231631  -699.2 -81.7 -749.9
20211202231632  -699.5 -81.8 -749.8
20211202231633  -699.4 -81.8 -749.7
20211202231634  -699.3 -82.0 -749.7
20211202231635  -699.5 -82.0 -749.8
20211202231636  -699.5 -81.9 -749.7
20211202231637  -699.4 -82.3 -750.0
20211202231638  -699.2 -82.2 -750.1
20211202231639  -699.3 -82.5 -750.4
20211202231640  -699.3 -82.6 -750.3
20211202231641  -699.2 -82.6 -750.2
20211202231642  -699.1 -82.5 -750.3
20211202231643  -699.1 -82.7 -750.3
20211202231644  -699.0 -82.4 -750.4
20211202231645  -698.8 -82.5 -750.4
20211202231646  -698.6 -82.5 -750.5
20211202231647  -698.9 -82.6 -750.2
20211202231648  -698.8 -82.7 -750.4
20211202231649  -699.1 -82.5 -750.5
20211202231650  -699.0 -82.6 -750.6
20211202231651  -698.4 -82.3 -750.4
20211202231652  -698.0 -82.2 -749.8
20211202231653  -698.0 -82.0 -749.3
20211202231654  -698.6 -82.2 -750.2
20211202231655  -698.6 -82.2 -750.5
20211202231656  -698.7 -82.2 -750.5
20211202231657  -698.9 -82.3 -750.5
20211202231658  -698.8 -82.4 -750.7
20211202231659  -699.0 -82.5 -750.5
20211202231700  -698.8 -82.1 -750.5
20211202231701  -698.6 -82.0 -750.4
20211202231702  -699.0 -82.2 -750.6
20211202231703  -699.0 -82.1 -750.4
20211202231704  -698.9 -82.0 -750.6
20211202231705  -698.8 -81.7 -750.6
20211202231706  -699.1 -81.7 -751.0
20211202231707  -699.1 -81.9 -750.9
20211202231708  -699.4 -82.1 -750.8
20211202231709  -699.3 -82.2 -751.1
20211202231710  -699.6 -82.2 -750.9
20211202231711  -699.8 -82.2 -751.3
20211202231712  -700.0 -82.1 -751.0
20211202231713  -700.2 -82.1 -750.9
20211202231714  -700.0 -82.2 -750.6
20211202231715  -700.3 -82.2 -750.9
20211202231716  -700.5 -82.6 -751.0
20211202231717  -700.1 -82.4 -751.0
20211202231718  -699.8 -82.3 -750.5
20211202231719  -700.0 -82.6 -750.5
20211202231720  -700.4 -82.4 -750.9
20211202231721  -700.8 -82.6 -751.3
20211202231722  -700.9 -82.2 -751.4
20211202231723  -701.0 -82.3 -751.4
20211202231724  -701.1 -82.5 -751.1
20211202231725  -701.1 -82.4 -751.2
20211202231726  -701.3 -82.5 -750.9
20211202231727  -701.4 -82.7 -751.1
20211202231728  -701.8 -83.1 -750.9
20211202231729  -701.9 -83.2 -751.0
20211202231730  -702.0 -83.1 -751.3
20211202231731  -702.1 -83.3 -751.2
20211202231732  -702.1 -83.5 -751.4
20211202231733  -702.4 -83.1 -751.4
20211202231734  -702.8 -83.2 -751.5
20211202231735  -702.9 -83.1 -751.7
20211202231736  -703.2 -83.5 -751.6
20211202231737  -703.5 -83.4 -751.7
20211202231738  -703.9 -83.6 -751.9
20211202231739  -704.2 -83.4 -751.6
20211202231740  -704.2 -83.3 -751.7
20211202231741  -704.4 -83.1 -752.1
20211202231742  -704.5 -83.2 -752.0
20211202231743  -704.4 -83.4 -752.1
20211202231744  -704.1 -83.0 -752.2
20211202231745  -704.8 -82.9 -752.3
20211202231746  -705.5 -83.5 -752.8
20211202231747  -705.7 -83.2 -753.0
20211202231748  -705.8 -83.4 -752.9
20211202231749  -706.0 -83.5 -752.7
20211202231750  -706.1 -83.5 -753.1
20211202231751  -706.3 -83.6 -753.5
20211202231752  -706.8 -83.4 -753.4
20211202231753  -706.9 -83.4 -753.5
20211202231754  -707.2 -83.4 -753.5
20211202231755  -707.3 -83.7 -753.4
20211202231756  -707.6 -83.6 -753.5
20211202231757  -707.6 -83.6 -753.6
20211202231758  -707.8 -83.6 -753.4
20211202231759  -707.8 -83.6 -753.7
20211202231800  -708.3 -83.6 -753.5
20211202231801  -708.1 -83.8 -753.5
20211202231802  -708.0 -83.7 -753.6
20211202231803  -708.1 -83.7 -753.3
20211202231804  -708.3 -83.5 -753.5
20211202231805  -708.5 -83.6 -753.4
20211202231806  -708.4 -83.6 -753.4
20211202231807  -708.8 -83.9 -753.3
20211202231808  -708.8 -83.6 -753.6
20211202231809  -708.1 -83.7 -753.3
20211202231810  -707.7 -83.3 -753.1
20211202231811  -708.0 -83.2 -753.0
20211202231812  -708.7 -83.3 -753.3
20211202231813  -708.6 -83.5 -753.7
20211202231814  -708.8 -83.4 -753.6
20211202231815  -708.7 -83.3 -754.1
20211202231816  -708.6 -83.3 -754.0
20211202231817  -708.8 -83.4 -753.9
20211202231818  -708.8 -83.0 -753.9
20211202231819  -708.8 -83.1 -754.4
20211202231820  -708.8 -83.0 -754.1
20211202231821  -709.0 -83.1 -754.2
20211202231822  -708.6 -82.8 -754.1
20211202231823  -708.8 -82.9 -753.8
20211202231824  -708.6 -82.9 -754.0
20211202231825  -708.7 -82.8 -754.2
20211202231826  -708.9 -82.8 -754.3
20211202231827  -708.7 -82.6 -754.5
20211202231828  -708.5 -82.7 -753.9
20211202231829  -708.5 -82.6 -753.8
20211202231830  -708.6 -82.5 -754.2
20211202231831  -708.2 -82.4 -754.5
20211202231832  -708.3 -82.7 -754.4
20211202231833  -708.4 -82.5 -754.4
20211202231834  -708.1 -82.4 -754.3
20211202231835  -707.5 -82.7 -753.9
20211202231836  -706.9 -82.5 -753.6
20211202231837  -707.0 -82.3 -753.4
20211202231838  -707.6 -82.1 -754.0
20211202231839  -707.3 -82.0 -754.1
20211202231840  -707.4 -82.2 -753.9
20211202231841  -707.3 -82.4 -754.2
20211202231842  -707.5 -82.4 -754.2
20211202231843  -707.7 -82.3 -754.5
20211202231844  -707.6 -82.4 -754.2
20211202231845  -707.5 -82.4 -754.5
20211202231846  -707.6 -82.4 -754.4
20211202231847  -707.7 -82.3 -754.4
20211202231848  -707.7 -82.1 -754.4
20211202231849  -707.8 -82.3 -754.4
20211202231850  -708.0 -82.5 -754.6
20211202231851  -707.9 -82.4 -754.5
20211202231852  -708.0 -82.1 -754.3
20211202231853  -708.2 -82.2 -754.2
20211202231854  -708.1 -82.2 -754.4
20211202231855  -708.3 -82.2 -754.4
20211202231856  -708.2 -82.3 -754.3
20211202231857  -708.5 -82.1 -754.5
20211202231858  -708.6 -82.3 -754.2
20211202231859  -708.6 -82.5 -754.3
20211202231900  -708.7 -82.4 -754.4
20211202231901  -708.3 -82.6 -754.6
20211202231902  -707.9 -82.2 -754.0
20211202231903  -707.9 -81.8 -753.8
20211202231904  -708.8 -82.2 -754.5
20211202231905  -709.1 -82.4 -754.5
20211202231906  -709.2 -81.9 -754.6
20211202231907  -709.4 -82.1 -754.8
20211202231908  -709.5 -82.2 -754.8
20211202231909  -709.8 -82.5 -754.5
20211202231910  -709.8 -82.1 -754.3
20211202231911  -709.3 -82.3 -754.5
20211202231912  -709.5 -82.3 -754.5
20211202231913  -709.7 -82.2 -754.5
20211202231914  -709.7 -82.4 -754.4
20211202231915  -709.5 -82.3 -754.5
20211202231916  -709.6 -82.5 -754.5
20211202231917  -709.2 -82.4 -754.3
20211202231918  -709.2 -82.5 -754.4
20211202231919  -709.5 -82.4 -754.4
20211202231920  -709.4 -82.7 -754.1
20211202231921  -709.2 -82.6 -754.0
20211202231922  -709.0 -82.6 -754.2
20211202231923  -709.1 -82.6 -754.1
20211202231924  -709.3 -82.7 -754.1
20211202231925  -708.9 -82.4 -754.0
20211202231926  -709.0 -82.4 -753.8
20211202231927  -708.3 -82.5 -753.6
20211202231928  -707.7 -82.0 -753.1
20211202231929  -707.6 -82.1 -752.9
20211202231930  -707.8 -81.7 -753.6
20211202231931  -708.3 -82.2 -753.6
20211202231932  -708.2 -82.2 -753.5
20211202231933  -708.2 -82.3 -753.6
20211202231934  -708.2 -82.2 -753.8
20211202231935  -707.9 -82.2 -753.7
20211202231936  -708.1 -82.1 -753.8
20211202231937  -707.7 -81.9 -753.6
20211202231938  -707.9 -82.1 -753.6
20211202231939  -707.7 -81.8 -753.8
20211202231940  -707.9 -82.0 -753.8
20211202231941  -708.0 -81.9 -754.0
20211202231942  -707.8 -81.8 -753.7
20211202231943  -708.0 -81.7 -754.0
20211202231944  -707.9 -82.2 -754.0
20211202231945  -707.9 -82.3 -754.3
20211202231946  -708.1 -82.1 -754.2
20211202231947  -708.1 -82.0 -754.2
20211202231948  -707.9 -81.8 -754.2
20211202231949  -707.8 -81.9 -754.2
20211202231950  -708.0 -81.8 -754.3
20211202231951  -707.9 -81.8 -754.1
20211202231952  -707.9 -81.9 -754.2
20211202231953  -707.8 -81.9 -754.1
20211202231954  -707.5 -81.6 -753.5
20211202231955  -707.2 -81.7 -753.1
20211202231956  -707.5 -81.3 -752.8
20211202231957  -708.2 -81.4 -753.9
20211202231958  -708.2 -81.6 -753.7
20211202231959  -708.5 -81.6 -753.6
20211202232000  -708.4 -81.8 -753.5
20211202232001  -708.4 -81.7 -753.5
20211202232002  -708.2 -81.7 -753.3
20211202232003  -708.2 -81.6 -753.4
20211202232004  -708.1 -81.2 -753.3
20211202232005  -708.1 -81.1 -753.6
20211202232006  -708.2 -80.9 -753.5
20211202232007  -708.0 -81.0 -753.7
20211202232008  -707.6 -81.2 -753.6
20211202232009  -707.6 -80.9 -753.6
20211202232010  -707.4 -80.9 -753.6
20211202232011  -707.3 -81.1 -753.5
20211202232012  -707.2 -80.9 -753.4
20211202232013  -707.4 -80.6 -753.4
20211202232014  -707.3 -81.0 -753.5
20211202232015  -707.6 -81.1 -753.7
20211202232016  -707.4 -81.1 -753.4
20211202232017  -707.2 -81.0 -753.3
20211202232018  -707.3 -81.0 -753.0
20211202232019  -706.8 -81.2 -752.8
20211202232020  -706.3 -80.7 -752.6
20211202232021  -705.9 -80.7 -752.2
20211202232022  -706.0 -80.7 -752.4
20211202232023  -706.7 -80.6 -752.9
20211202232024  -706.6 -80.5 -753.1
20211202232025  -706.6 -80.4 -753.0
20211202232026  -706.6 -80.4 -753.0
20211202232027  -706.6 -80.7 -753.1
20211202232028  -706.8 -80.6 -753.1
20211202232029  -706.9 -80.3 -753.0
20211202232030  -706.7 -80.7 -752.8
20211202232031  -706.6 -80.8 -753.0
20211202232032  -706.6 -80.8 -753.2
20211202232033  -706.7 -80.8 -753.3
20211202232034  -706.5 -80.8 -753.4
20211202232035  -706.6 -80.6 -753.4
20211202232036  -706.6 -80.7 -753.4
20211202232037  -706.7 -80.9 -753.2
20211202232038  -706.7 -81.0 -753.3
20211202232039  -706.8 -81.0 -753.3
20211202232040  -707.0 -80.9 -753.3
20211202232041  -706.8 -80.9 -753.4
20211202232042  -706.6 -80.9 -753.0
20211202232043  -706.6 -81.2 -753.4
20211202232044  -706.6 -81.1 -753.2
20211202232045  -706.8 -81.3 -753.2
20211202232046  -706.3 -81.1 -752.7
20211202232047  -706.0 -81.2 -752.4
20211202232048  -705.5 -80.8 -752.2
20211202232049  -706.1 -80.6 -752.7
20211202232050  -706.4 -80.9 -752.8
20211202232051  -706.5 -80.9 -752.7
20211202232052  -706.1 -80.9 -753.1
20211202232053  -706.4 -81.0 -752.9
20211202232054  -706.5 -81.3 -753.1
20211202232055  -706.5 -81.2 -753.1
20211202232056  -706.3 -81.0 -753.4
20211202232057  -706.2 -81.1 -753.1
20211202232058  -705.9 -81.4 -752.9
20211202232059  -706.2 -81.3 -753.1
20211202232100  -706.0 -81.2 -752.9
20211202232101  -706.4 -81.2 -753.0
20211202232102  -706.3 -81.5 -752.9
20211202232103  -705.9 -81.4 -752.6
20211202232104  -705.8 -81.4 -752.6
20211202232105  -706.0 -81.7 -752.8
20211202232106  -705.9 -81.3 -753.0
20211202232107  -705.9 -81.3 -753.2
20211202232108  -705.9 -81.2 -752.9
20211202232109  -706.1 -81.4 -752.7
20211202232110  -705.8 -81.4 -753.1
20211202232111  -705.6 -81.7 -753.0
20211202232112  -705.1 -81.9 -752.6
20211202232113  -704.6 -81.5 -752.4
20211202232114  -704.5 -81.5 -752.0
20211202232115  -705.3 -81.2 -752.4
20211202232116  -705.2 -81.4 -752.5
20211202232117  -705.5 -81.4 -752.5
20211202232118  -705.2 -81.2 -752.5
20211202232119  -705.4 -81.1 -752.4
20211202232120  -705.2 -81.2 -752.7
20211202232121  -705.3 -81.2 -752.9
20211202232122  -705.4 -81.6 -752.8
20211202232123  -705.8 -81.4 -753.0
20211202232124  -705.7 -81.5 -752.8
20211202232125  -705.8 -81.5 -753.1
20211202232126  -705.5 -81.6 -752.8
20211202232127  -705.7 -81.5 -752.6
20211202232128  -705.5 -81.8 -752.7
20211202232129  -705.2 -81.7 -752.7
20211202232130  -705.1 -81.8 -752.6
20211202232131  -705.3 -82.0 -752.9
20211202232132  -705.2 -82.1 -752.8
20211202232133  -705.3 -82.0 -752.6
20211202232134  -705.2 -82.3 -752.5
20211202232135  -705.3 -82.2 -752.6
20211202232136  -705.5 -82.2 -752.8
20211202232137  -705.4 -82.5 -752.7
20211202232138  -705.2 -82.3 -752.2
20211202232139  -704.6 -82.2 -752.0
20211202232140  -705.0 -82.2 -752.0
20211202232141  -705.8 -82.3 -752.6
20211202232142  -705.6 -82.3 -752.8
20211202232143  -705.6 -82.6 -752.7
20211202232144  -705.8 -82.7 -752.7
20211202232145  -705.6 -82.8 -752.6
20211202232146  -705.7 -82.5 -752.7
20211202232147  -705.6 -82.9 -752.7
20211202232148  -705.7 -82.9 -753.0
20211202232149  -706.1 -83.0 -753.3
20211202232150  -706.4 -83.0 -753.2
20211202232151  -706.1 -83.1 -753.2
20211202232152  -706.1 -83.2 -753.3
20211202232153  -706.3 -83.0 -753.3
20211202232154  -706.8 -83.3 -753.3
20211202232155  -706.8 -83.1 -753.7
20211202232156  -707.1 -83.5 -753.6
20211202232157  -707.3 -83.4 -753.7
20211202232158  -707.3 -83.2 -753.7
20211202232159  -707.6 -83.7 -753.7
20211202232200  -707.3 -83.8 -753.5
20211202232201  -707.6 -84.0 -753.7
20211202232202  -707.4 -84.0 -753.8
20211202232203  -707.3 -83.9 -753.5
20211202232204  -707.0 -84.0 -753.6
20211202232205  -706.9 -83.8 -753.4
20211202232206  -707.0 -83.9 -753.5
20211202232207  -707.3 -84.3 -754.0
20211202232208  -707.4 -84.5 -754.2
20211202232209  -707.2 -84.2 -754.3
20211202232210  -707.7 -84.2 -754.6
20211202232211  -707.5 -84.2 -754.3
20211202232212  -707.5 -84.3 -754.5
