20211128233524  -799.3 -19.1 -204.4
20211128233525  -798.9 -18.9 -204.0
20211128233526  -799.5 -19.2 -204.6
20211128233527  -800.3 -19.5 -204.9
20211128233528  -800.5 -19.7 -204.8
20211128233529  -800.6 -19.8 -204.7
20211128233530  -800.5 -20.0 -204.8
20211128233531  -800.7 -20.1 -204.8
20211128233532  -800.9 -20.4 -205.0
20211128233533  -801.1 -20.9 -205.1
20211128233534  -801.0 -20.8 -205.1
20211128233535  -801.5 -21.2 -205.3
20211128233536  -801.4 -21.1 -205.2
20211128233537  -801.7 -21.3 -205.2
20211128233538  -802.0 -21.6 -205.4
20211128233539  -802.2 -22.0 -205.2
20211128233540  -802.2 -21.8 -205.3
20211128233541  -802.9 -22.3 -205.7
20211128233542  -803.0 -22.8 -205.9
20211128233543  -802.6 -22.7 -205.5
20211128233544  -802.6 -22.3 -205.0
20211128233545  -802.1 -22.2 -204.3
20211128233546  -801.6 -22.0 -204.0
20211128233547  -801.5 -22.0 -203.7
20211128233548  -801.2 -21.7 -203.3
20211128233549  -800.6 -21.5 -203.1
20211128233550  -800.6 -21.6 -202.5
20211128233551  -800.2 -21.5 -202.4
20211128233552  -799.9 -21.7 -202.2
20211128233553  -800.2 -21.9 -202.7
20211128233554  -800.9 -22.2 -203.1
20211128233555  -801.2 -22.5 -202.8
20211128233556  -801.4 -22.4 -203.1
20211128233557  -801.2 -22.8 -203.4
20211128233558  -801.2 -22.8 -203.5
20211128233559  -801.3 -23.1 -203.6
20211128233600  -801.4 -23.5 -203.8
20211128233601  -801.7 -23.6 -203.7
20211128233602  -801.9 -23.9 -203.9
20211128233603  -801.6 -23.9 -203.9
20211128233604  -801.5 -23.9 -204.0
20211128233605  -801.6 -24.0 -204.0
20211128233606  -801.4 -24.1 -204.1
20211128233607  -801.5 -24.2 -204.2
20211128233608  -801.6 -24.6 -204.6
20211128233609  -801.3 -24.9 -204.6
20211128233610  -800.8 -24.9 -204.2
20211128233611  -800.3 -25.0 -203.7
20211128233612  -799.8 -24.7 -203.4
20211128233613  -799.5 -24.5 -203.0
20211128233614  -798.9 -24.7 -202.7
20211128233615  -798.6 -24.3 -202.6
20211128233616  -798.3 -24.2 -202.5
20211128233617  -798.0 -24.2 -202.2
20211128233618  -798.0 -23.9 -201.9
20211128233619  -797.7 -23.7 -201.9
20211128233620  -798.1 -24.0 -201.9
20211128233621  -798.6 -24.4 -202.9
20211128233622  -798.4 -24.4 -202.9
20211128233623  -799.0 -24.6 -202.7
20211128233624  -799.0 -24.7 -202.8
20211128233625  -799.4 -24.4 -202.8
20211128233626  -799.4 -24.7 -203.2
20211128233627  -799.4 -24.9 -203.6
20211128233628  -799.7 -25.2 -203.7
20211128233629  -799.8 -25.6 -203.8
20211128233630  -800.0 -25.6 -203.8
20211128233631  -800.2 -25.7 -203.9
20211128233632  -800.6 -25.9 -204.3
20211128233633  -800.5 -26.2 -204.3
20211128233634  -800.7 -26.4 -204.6
20211128233635  -801.5 -26.9 -205.2
20211128233636  -801.4 -27.0 -204.9
20211128233637  -801.0 -26.9 -204.5
20211128233638  -801.0 -26.9 -204.0
20211128233639  -800.5 -27.1 -204.0
20211128233640  -800.6 -27.0 -203.8
20211128233641  -800.3 -27.1 -203.2
20211128233642  -800.1 -26.8 -203.1
20211128233643  -800.0 -26.7 -202.7
20211128233644  -800.0 -26.9 -202.2
20211128233645  -799.9 -27.0 -202.6
20211128233646  -799.5 -26.9 -202.1
20211128233647  -799.8 -26.9 -201.6
20211128233648  -801.0 -27.3 -202.3
20211128233649  -801.4 -27.4 -202.4
20211128233650  -801.7 -27.5 -202.8
20211128233651  -802.4 -27.8 -203.2
20211128233652  -802.7 -28.0 -203.3
20211128233653  -803.0 -28.1 -203.5
20211128233654  -803.3 -28.1 -203.4
20211128233655  -803.7 -28.2 -203.4
20211128233656  -804.3 -28.4 -203.6
20211128233657  -804.8 -28.4 -203.7
20211128233658  -805.0 -28.4 -203.7
20211128233659  -805.1 -28.6 -203.8
20211128233700  -805.7 -28.6 -203.5
20211128233701  -805.7 -28.6 -203.5
20211128233702  -806.2 -28.9 -203.9
20211128233703  -806.4 -29.4 -204.0
20211128233704  -806.3 -29.2 -203.3
20211128233705  -805.9 -28.9 -203.0
20211128233706  -805.7 -28.7 -202.4
20211128233707  -805.5 -28.5 -202.3
20211128233708  -805.0 -28.5 -201.9
20211128233709  -805.0 -28.4 -201.4
20211128233710  -804.7 -28.1 -201.2
20211128233711  -804.8 -27.9 -201.3
20211128233712  -805.0 -27.8 -200.7
20211128233713  -804.6 -27.7 -200.5
20211128233714  -804.7 -27.8 -200.1
20211128233715  -806.1 -28.2 -200.9
20211128233716  -806.1 -28.6 -201.3
20211128233717  -806.7 -28.8 -201.0
20211128233718  -806.5 -29.0 -201.2
20211128233719  -806.8 -28.9 -201.2
20211128233720  -807.3 -29.2 -201.1
20211128233721  -807.3 -29.2 -201.3
20211128233722  -807.6 -29.3 -201.3
20211128233723  -807.7 -29.3 -201.5
20211128233724  -807.9 -29.5 -201.5
20211128233725  -808.0 -29.4 -201.3
20211128233726  -808.4 -29.4 -201.4
20211128233727  -808.4 -29.5 -201.4
20211128233728  -808.4 -29.4 -201.2
20211128233729  -808.8 -29.4 -201.8
20211128233730  -808.9 -29.6 -202.0
20211128233731  -808.6 -29.2 -201.7
20211128233732  -808.4 -29.4 -201.2
20211128233733  -808.6 -28.9 -201.2
20211128233734  -808.4 -28.9 -200.6
20211128233735  -808.3 -28.4 -200.2
20211128233736  -808.1 -28.2 -200.1
20211128233737  -808.2 -28.0 -199.3
20211128233738  -808.2 -27.7 -199.1
20211128233739  -808.0 -27.6 -198.8
20211128233740  -808.0 -27.0 -198.7
20211128233741  -808.1 -27.0 -198.3
20211128233742  -809.5 -26.8 -198.9
20211128233743  -809.5 -26.7 -199.0
20211128233744  -809.7 -26.5 -199.1
20211128233745  -809.9 -26.6 -199.3
20211128233746  -810.1 -26.8 -199.5
20211128233747  -810.6 -27.1 -199.6
20211128233748  -810.8 -27.0 -199.2
20211128233749  -811.1 -27.3 -199.3
20211128233750  -811.4 -26.9 -199.5
20211128233751  -811.4 -26.8 -199.8
20211128233752  -811.5 -27.0 -199.4
20211128233753  -811.7 -27.2 -199.5
20211128233754  -812.2 -26.8 -199.5
20211128233755  -812.0 -26.9 -199.8
20211128233756  -812.1 -26.9 -200.1
20211128233757  -812.4 -27.4 -200.3
20211128233758  -812.2 -26.9 -199.7
20211128233759  -811.9 -26.8 -199.1
20211128233800  -811.5 -26.6 -199.0
20211128233801  -811.2 -26.2 -198.4
20211128233802  -811.3 -25.9 -198.4
20211128233803  -811.2 -26.0 -197.9
20211128233804  -811.0 -25.7 -197.5
20211128233805  -810.7 -25.4 -197.2
20211128233806  -810.5 -25.4 -197.1
20211128233807  -810.2 -25.4 -196.7
20211128233808  -810.0 -24.9 -196.4
20211128233809  -810.6 -24.6 -196.6
20211128233810  -810.6 -24.9 -197.0
20211128233811  -811.1 -24.8 -197.2
20211128233812  -811.4 -24.9 -197.5
20211128233813  -811.5 -24.8 -197.5
20211128233814  -811.6 -25.1 -197.7
20211128233815  -811.8 -25.1 -197.8
20211128233816  -811.9 -25.1 -198.1
20211128233817  -811.9 -25.0 -198.2
20211128233818  -812.0 -25.2 -198.4
20211128233819  -812.1 -25.5 -198.5
20211128233820  -812.6 -25.4 -198.6
20211128233821  -812.9 -25.4 -198.3
20211128233822  -813.1 -25.6 -198.4
20211128233823  -813.1 -25.5 -198.9
20211128233824  -813.6 -25.5 -199.3
20211128233825  -813.3 -25.3 -198.8
20211128233826  -812.9 -24.9 -198.4
20211128233827  -812.7 -25.1 -198.1
20211128233828  -812.4 -24.9 -197.8
20211128233829  -812.2 -24.5 -197.1
20211128233830  -811.7 -24.3 -197.0
20211128233831  -811.5 -24.3 -197.0
20211128233832  -811.4 -24.4 -197.0
20211128233833  -811.1 -24.3 -196.7
20211128233834  -811.3 -24.0 -196.3
20211128233835  -811.1 -23.8 -196.5
20211128233836  -811.5 -24.0 -196.2
20211128233837  -812.3 -24.4 -196.8
20211128233838  -812.8 -24.5 -197.1
20211128233839  -812.8 -24.8 -197.1
20211128233840  -812.9 -25.0 -197.0
20211128233841  -813.1 -25.2 -196.8
20211128233842  -812.8 -25.2 -197.1
20211128233843  -813.0 -25.4 -197.4
20211128233844  -813.2 -25.6 -197.4
20211128233845  -813.7 -25.9 -197.3
20211128233846  -814.0 -25.9 -197.2
20211128233847  -814.0 -26.0 -197.4
20211128233848  -814.0 -26.5 -197.6
20211128233849  -814.2 -26.7 -198.0
20211128233850  -814.3 -26.7 -197.9
20211128233851  -814.6 -26.9 -198.4
20211128233852  -814.0 -26.8 -197.6
20211128233853  -813.9 -26.6 -197.5
20211128233854  -813.7 -26.5 -196.7
20211128233855  -813.6 -26.4 -196.6
20211128233856  -813.4 -26.3 -196.3
20211128233857  -813.1 -25.9 -195.8
20211128233858  -812.8 -25.9 -195.2
20211128233859  -812.5 -25.9 -194.8
20211128233900  -812.3 -25.7 -194.8
20211128233901  -812.2 -26.0 -194.8
20211128233902  -812.3 -25.8 -194.6
20211128233903  -812.3 -25.7 -194.5
20211128233904  -813.4 -25.9 -195.0
20211128233905  -813.4 -26.0 -195.1
20211128233906  -813.6 -26.1 -195.2
20211128233907  -813.6 -26.3 -195.7
20211128233908  -813.8 -26.4 -195.7
20211128233909  -813.9 -26.6 -195.9
20211128233910  -814.1 -26.7 -195.9
20211128233911  -814.2 -26.8 -196.0
20211128233912  -814.1 -26.7 -196.0
20211128233913  -814.3 -27.1 -195.9
20211128233914  -814.5 -26.9 -196.2
20211128233915  -814.4 -27.2 -196.1
20211128233916  -814.6 -27.1 -196.0
20211128233917  -814.7 -27.2 -196.0
20211128233918  -815.1 -27.3 -196.9
20211128233919  -814.6 -27.1 -196.2
20211128233920  -813.8 -27.1 -195.9
20211128233921  -813.3 -27.0 -195.6
20211128233922  -813.0 -26.9 -195.2
20211128233923  -812.7 -27.1 -195.2
20211128233924  -812.1 -26.7 -194.7
20211128233925  -812.0 -26.5 -194.7
20211128233926  -811.8 -26.7 -194.3
20211128233927  -811.6 -26.4 -193.8
20211128233928  -811.3 -26.2 -193.5
20211128233929  -810.7 -26.0 -193.2
20211128233930  -810.7 -26.2 -193.1
20211128233931  -811.9 -26.4 -193.9
20211128233932  -811.6 -26.5 -194.4
20211128233933  -811.9 -26.4 -194.5
20211128233934  -812.5 -26.6 -194.4
20211128233935  -812.5 -26.5 -194.7
20211128233936  -812.7 -26.3 -194.8
20211128233937  -812.9 -26.7 -195.0
20211128233938  -813.2 -26.6 -195.0
20211128233939  -813.1 -26.9 -194.8
20211128233940  -813.4 -26.7 -194.8
20211128233941  -813.9 -26.7 -195.1
20211128233942  -814.2 -27.0 -195.4
20211128233943  -814.2 -27.3 -195.3
20211128233944  -814.5 -27.1 -195.3
20211128233945  -814.9 -28.1 -195.8
20211128233946  -814.6 -28.0 -195.3
20211128233947  -814.2 -28.0 -194.9
20211128233948  -813.7 -27.5 -194.4
20211128233949  -813.6 -27.3 -193.9
20211128233950  -813.0 -27.2 -193.7
20211128233951  -812.9 -27.1 -193.3
20211128233952  -812.8 -26.4 -192.8
20211128233953  -812.6 -26.7 -192.6
20211128233954  -812.2 -26.7 -192.6
20211128233955  -811.8 -26.6 -192.0
20211128233956  -811.8 -26.7 -191.8
20211128233957  -811.6 -26.6 -191.4
20211128233958  -812.6 -26.9 -192.1
20211128233959  -812.5 -27.3 -192.2
20211128234000  -812.7 -27.4 -192.2
20211128234001  -812.8 -27.4 -192.4
20211128234002  -813.1 -27.3 -192.5
20211128234003  -813.3 -27.5 -192.7
20211128234004  -813.1 -27.6 -192.8
20211128234005  -813.3 -27.7 -192.5
20211128234006  -813.4 -28.0 -192.8
20211128234007  -813.7 -28.0 -192.9
20211128234008  -813.5 -28.1 -192.6
20211128234009  -813.7 -28.1 -192.6
20211128234010  -814.0 -28.1 -192.8
20211128234011  -814.0 -28.0 -192.9
20211128234012  -814.1 -28.7 -193.1
20211128234013  -813.8 -28.7 -192.6
20211128234014  -813.2 -28.4 -192.2
20211128234015  -813.0 -28.1 -191.9
20211128234016  -812.6 -27.9 -191.6
20211128234017  -812.1 -27.7 -191.1
20211128234018  -811.6 -27.6 -190.5
20211128234019  -810.9 -27.5 -190.2
20211128234020  -810.6 -27.2 -190.1
20211128234021  -810.0 -27.0 -189.6
20211128234022  -809.8 -27.0 -189.9
20211128234023  -809.3 -27.0 -189.7
20211128234024  -809.1 -27.2 -189.7
20211128234025  -809.5 -27.1 -189.7
20211128234026  -810.1 -26.8 -190.3
20211128234027  -810.1 -26.8 -190.6
20211128234028  -810.2 -26.9 -190.8
20211128234029  -810.3 -27.0 -191.2
20211128234030  -810.2 -26.8 -190.9
20211128234031  -810.2 -26.6 -191.2
20211128234032  -810.6 -26.5 -191.3
20211128234033  -810.6 -26.6 -191.3
20211128234034  -810.7 -26.7 -191.5
20211128234035  -810.6 -26.7 -191.7
20211128234036  -810.6 -26.5 -192.1
20211128234037  -811.0 -26.4 -192.1
20211128234038  -811.0 -26.2 -192.2
20211128234039  -811.1 -26.7 -192.7
20211128234040  -810.8 -26.9 -192.6
20211128234041  -810.4 -26.5 -192.2
20211128234042  -809.9 -26.0 -191.7
20211128234043  -809.7 -26.0 -191.5
20211128234044  -809.2 -25.4 -190.9
20211128234045  -808.7 -25.1 -190.6
20211128234046  -808.7 -24.9 -190.2
20211128234047  -808.3 -24.6 -189.8
20211128234048  -807.7 -24.3 -189.4
20211128234049  -807.5 -24.0 -189.2
20211128234050  -807.2 -23.9 -189.2
20211128234051  -807.1 -23.5 -189.2
20211128234052  -807.3 -23.5 -189.1
20211128234053  -808.5 -23.6 -189.8
20211128234054  -808.5 -23.7 -189.8
20211128234055  -808.5 -23.7 -189.9
20211128234056  -808.7 -23.7 -190.5
20211128234057  -808.7 -23.6 -190.6
20211128234058  -809.2 -23.5 -190.7
20211128234059  -809.4 -23.6 -191.0
20211128234100  -809.4 -23.9 -190.9
20211128234101  -809.6 -23.8 -191.2
20211128234102  -810.2 -23.8 -191.6
20211128234103  -810.4 -24.1 -191.6
20211128234104  -810.8 -24.0 -191.7
20211128234105  -811.0 -24.3 -191.7
20211128234106  -811.4 -24.4 -192.3
20211128234107  -811.8 -24.8 -192.4
20211128234108  -811.2 -24.6 -192.1
20211128234109  -810.8 -24.5 -191.6
20211128234110  -810.7 -24.6 -191.0
20211128234111  -810.5 -24.2 -190.8
20211128234112  -810.0 -24.3 -190.7
20211128234113  -809.6 -24.2 -190.2
20211128234114  -809.4 -24.4 -189.8
20211128234115  -809.5 -24.3 -189.9
20211128234116  -809.7 -24.5 -189.7
20211128234117  -809.6 -24.7 -189.4
20211128234118  -809.4 -24.6 -189.5
20211128234119  -809.5 -24.6 -189.6
20211128234120  -810.6 -25.1 -190.2
20211128234121  -810.9 -25.2 -190.4
20211128234122  -811.5 -25.5 -190.7
20211128234123  -811.5 -25.5 -190.8
20211128234124  -811.8 -25.5 -190.7
20211128234125  -812.1 -25.4 -191.1
20211128234126  -812.5 -25.6 -191.3
20211128234127  -812.7 -25.9 -191.4
20211128234128  -813.4 -25.8 -191.4
20211128234129  -813.8 -25.8 -191.2
20211128234130  -814.0 -26.1 -191.6
20211128234131  -814.0 -26.1 -191.7
20211128234132  -814.6 -26.4 -192.1
20211128234133  -814.9 -26.6 -192.2
20211128234134  -815.5 -27.0 -192.4
20211128234135  -815.1 -26.6 -191.6
20211128234136  -815.2 -26.2 -191.2
20211128234137  -815.1 -26.1 -190.9
20211128234138  -815.0 -26.2 -190.6
20211128234139  -815.1 -25.8 -190.2
20211128234140  -815.0 -25.7 -190.0
20211128234141  -815.5 -25.7 -189.4
20211128234142  -815.3 -25.6 -189.4
20211128234143  -815.6 -25.4 -189.1
20211128234144  -815.3 -25.2 -188.7
20211128234145  -815.3 -25.4 -188.5
20211128234146  -816.0 -25.5 -188.9
20211128234147  -816.9 -26.2 -189.5
20211128234148  -817.3 -26.1 -189.4
20211128234149  -817.6 -25.9 -189.5
20211128234150  -817.7 -25.9 -189.3
20211128234151  -817.7 -26.3 -189.3
20211128234152  -817.9 -26.3 -189.1
20211128234153  -818.1 -26.5 -189.4
20211128234154  -818.4 -26.3 -189.6
20211128234155  -818.2 -26.2 -189.6
20211128234156  -818.7 -26.6 -190.0
20211128234157  -818.7 -26.8 -189.9
20211128234158  -818.9 -26.5 -189.9
20211128234159  -819.2 -26.4 -189.9
20211128234200  -819.3 -26.5 -190.3
20211128234201  -819.9 -26.9 -191.3
20211128234202  -819.6 -26.7 -190.6
20211128234203  -819.0 -26.5 -190.2
20211128234204  -818.7 -26.0 -189.9
20211128234205  -818.1 -25.3 -189.6
20211128234206  -817.9 -25.0 -189.4
20211128234207  -817.7 -24.7 -188.8
20211128234208  -817.5 -24.5 -188.3
20211128234209  -817.3 -24.4 -188.0
20211128234210  -817.3 -24.4 -187.9
20211128234211  -816.9 -23.7 -187.6
20211128234212  -816.4 -23.2 -186.9
