20211110164233  -671.0 -88.1 -185.6
20211110164234  -671.0 -88.1 -185.4
20211110164235  -671.2 -88.6 -185.4
20211110164236  -671.4 -88.8 -185.2
20211110164237  -671.6 -88.6 -185.2
20211110164238  -671.5 -88.6 -185.5
20211110164239  -671.6 -88.8 -185.3
20211110164240  -671.5 -89.0 -185.3
20211110164241  -671.7 -88.7 -185.2
20211110164242  -671.7 -88.9 -185.1
20211110164243  -671.4 -89.1 -184.8
20211110164244  -671.5 -88.8 -185.1
20211110164245  -671.5 -88.7 -185.2
20211110164246  -671.6 -88.7 -185.1
20211110164247  -671.6 -88.7 -185.1
20211110164248  -671.0 -88.4 -184.9
20211110164249  -671.5 -88.6 -185.1
20211110164250  -671.6 -89.0 -185.2
20211110164251  -671.4 -89.0 -185.1
20211110164252  -671.6 -89.0 -185.0
20211110164253  -671.4 -89.0 -185.2
20211110164254  -671.0 -88.8 -185.5
20211110164255  -671.4 -88.9 -185.2
20211110164256  -671.3 -88.9 -185.3
20211110164257  -671.1 -89.0 -185.2
20211110164258  -671.2 -89.0 -185.5
20211110164259  -671.4 -88.9 -185.4
20211110164300  -671.2 -89.0 -185.2
20211110164301  -671.2 -89.2 -185.0
20211110164302  -671.3 -89.1 -185.1
20211110164303  -671.3 -89.1 -185.0
20211110164304  -671.1 -89.2 -184.9
20211110164305  -671.3 -89.1 -185.1
20211110164306  -671.4 -89.3 -184.9
20211110164307  -671.5 -89.2 -184.5
20211110164308  -671.4 -89.2 -184.7
20211110164309  -671.5 -89.2 -184.9
20211110164310  -671.6 -89.3 -184.9
20211110164311  -671.6 -89.1 -185.1
20211110164312  -671.4 -89.3 -184.9
20211110164313  -671.3 -89.1 -185.2
20211110164314  -671.4 -89.0 -185.0
20211110164315  -671.7 -88.8 -184.8
20211110164316  -671.6 -89.0 -184.7
20211110164317  -671.7 -89.1 -184.6
20211110164318  -670.9 -89.2 -184.2
20211110164319  -671.4 -89.2 -184.5
20211110164320  -671.5 -88.9 -184.6
20211110164321  -671.5 -88.8 -184.8
20211110164322  -671.6 -88.9 -185.0
20211110164323  -671.4 -89.2 -184.7
20211110164324  -671.7 -89.2 -185.1
20211110164325  -672.0 -89.1 -185.0
20211110164326  -672.0 -89.2 -185.2
20211110164327  -671.8 -89.0 -185.1
20211110164328  -671.9 -88.9 -185.0
20211110164329  -671.7 -88.7 -184.9
20211110164330  -671.5 -88.6 -185.0
20211110164331  -671.6 -88.7 -185.0
20211110164332  -671.7 -88.5 -184.9
20211110164333  -671.5 -88.9 -184.9
20211110164334  -671.5 -88.6 -184.8
20211110164335  -671.4 -88.4 -185.0
20211110164336  -671.6 -88.6 -185.3
20211110164337  -671.5 -88.6 -184.9
20211110164338  -671.4 -88.7 -184.9
20211110164339  -671.1 -88.7 -184.9
20211110164340  -671.0 -88.5 -184.7
20211110164341  -671.2 -88.6 -185.1
20211110164342  -671.3 -88.7 -185.1
20211110164343  -671.3 -88.4 -185.1
20211110164344  -670.9 -88.6 -185.1
20211110164345  -671.3 -88.8 -185.2
20211110164346  -671.5 -88.7 -184.9
20211110164347  -671.2 -88.9 -184.9
20211110164348  -670.5 -88.8 -184.7
20211110164349  -670.6 -88.6 -184.6
20211110164350  -670.9 -88.4 -184.9
20211110164351  -671.0 -88.8 -184.9
20211110164352  -671.3 -88.6 -185.1
20211110164353  -671.1 -88.6 -185.0
20211110164354  -671.1 -88.6 -184.9
20211110164355  -671.2 -88.6 -185.0
20211110164356  -671.1 -88.3 -185.0
20211110164357  -670.9 -88.3 -185.1
20211110164358  -671.1 -88.3 -185.0
20211110164359  -671.0 -88.7 -184.8
20211110164400  -671.2 -88.4 -185.1
20211110164401  -671.1 -88.4 -185.2
20211110164402  -671.2 -88.8 -185.3
20211110164403  -670.9 -88.5 -185.0
20211110164404  -671.1 -88.5 -185.3
20211110164405  -671.2 -88.5 -185.2
20211110164406  -671.2 -88.5 -185.4
20211110164407  -671.1 -88.5 -185.4
20211110164408  -670.9 -88.7 -185.1
20211110164409  -671.4 -88.6 -185.1
20211110164410  -670.8 -88.5 -185.2
20211110164411  -671.1 -88.8 -185.2
20211110164412  -670.6 -88.6 -185.2
20211110164413  -670.9 -88.6 -185.4
20211110164414  -671.0 -88.5 -185.1
20211110164415  -671.2 -88.5 -185.0
20211110164416  -671.0 -88.5 -185.1
20211110164417  -670.9 -88.3 -185.2
20211110164418  -670.5 -88.4 -185.1
20211110164419  -670.0 -88.1 -184.6
20211110164420  -670.5 -88.3 -184.9
20211110164421  -670.4 -88.5 -184.7
20211110164422  -670.4 -88.4 -184.7
20211110164423  -670.8 -88.2 -185.4
20211110164424  -670.8 -88.6 -184.8
20211110164425  -670.2 -88.5 -184.9
20211110164426  -670.4 -88.6 -184.8
20211110164427  -670.2 -88.6 -184.8
20211110164428  -670.3 -88.7 -185.2
20211110164429  -670.1 -88.5 -185.2
20211110164430  -670.3 -88.7 -184.8
20211110164431  -670.4 -88.6 -184.7
20211110164432  -670.6 -88.6 -185.0
20211110164433  -670.6 -88.6 -185.1
20211110164434  -670.5 -88.5 -185.1
20211110164435  -670.3 -88.6 -185.3
20211110164436  -670.5 -88.4 -185.0
20211110164437  -670.6 -88.3 -185.0
20211110164438  -670.6 -88.8 -185.2
20211110164439  -670.7 -88.6 -185.3
20211110164440  -670.6 -88.7 -185.2
20211110164441  -670.7 -88.6 -185.1
20211110164442  -670.6 -88.6 -185.2
20211110164443  -670.3 -88.3 -185.0
20211110164444  -670.6 -88.3 -184.9
20211110164445  -670.7 -88.1 -184.9
20211110164446  -670.6 -88.3 -184.9
20211110164447  -670.5 -88.3 -184.9
20211110164448  -670.3 -88.4 -185.1
20211110164449  -670.1 -88.4 -184.5
20211110164450  -670.2 -88.2 -185.0
20211110164451  -670.4 -88.3 -185.0
20211110164452  -670.2 -88.3 -184.9
20211110164453  -670.2 -88.3 -185.1
20211110164454  -670.3 -88.3 -185.3
20211110164455  -670.0 -88.3 -184.9
20211110164456  -670.0 -88.1 -184.9
20211110164457  -670.0 -88.4 -184.9
20211110164458  -670.5 -88.5 -185.0
20211110164459  -670.5 -88.3 -185.4
20211110164500  -670.2 -88.3 -185.2
20211110164501  -670.2 -88.2 -185.3
20211110164502  -670.4 -88.2 -185.0
20211110164503  -670.4 -88.3 -185.0
20211110164504  -670.1 -88.4 -185.3
20211110164505  -670.4 -88.4 -185.1
20211110164506  -670.4 -88.6 -185.0
20211110164507  -670.6 -88.4 -185.3
20211110164508  -670.5 -88.3 -185.0
20211110164509  -670.1 -88.5 -185.1
20211110164510  -670.2 -88.6 -185.2
20211110164511  -670.3 -88.2 -185.2
20211110164512  -670.1 -88.5 -185.0
20211110164513  -670.4 -88.5 -184.9
20211110164514  -670.1 -88.3 -185.0
20211110164515  -669.9 -88.4 -185.0
20211110164516  -669.8 -88.4 -185.1
20211110164517  -670.1 -88.6 -184.8
20211110164518  -670.0 -88.6 -185.0
20211110164519  -670.0 -88.7 -185.2
20211110164520  -670.0 -88.4 -185.1
20211110164521  -670.1 -88.4 -185.4
20211110164522  -670.1 -88.6 -185.3
20211110164523  -670.2 -88.7 -185.1
20211110164524  -670.2 -88.8 -185.1
20211110164525  -670.5 -88.7 -185.4
20211110164526  -670.1 -88.4 -185.4
20211110164527  -670.1 -88.4 -185.3
20211110164528  -670.5 -88.4 -185.2
20211110164529  -670.3 -88.4 -185.3
20211110164530  -670.1 -88.4 -185.4
20211110164531  -670.3 -88.6 -185.4
20211110164532  -670.4 -88.4 -185.4
20211110164533  -670.2 -88.2 -185.3
20211110164534  -670.4 -88.6 -185.1
20211110164535  -670.3 -88.3 -185.2
20211110164536  -670.4 -88.3 -185.1
20211110164537  -670.2 -88.5 -185.2
20211110164538  -670.0 -88.7 -185.5
20211110164539  -670.0 -88.6 -184.9
20211110164540  -670.3 -88.4 -185.1
20211110164541  -670.3 -88.6 -185.4
20211110164542  -670.2 -88.3 -185.1
20211110164543  -670.4 -88.2 -184.9
20211110164544  -670.5 -88.8 -185.0
20211110164545  -670.5 -88.6 -185.1
20211110164546  -670.3 -88.5 -185.1
20211110164547  -670.5 -88.5 -185.2
20211110164548  -670.5 -88.3 -185.3
20211110164549  -670.3 -88.6 -185.4
20211110164550  -670.1 -88.1 -185.2
20211110164551  -670.2 -88.5 -185.4
20211110164552  -670.5 -88.3 -185.3
20211110164553  -670.4 -88.3 -185.0
20211110164554  -670.2 -88.5 -185.3
20211110164555  -670.5 -88.4 -185.3
20211110164556  -670.4 -88.5 -185.1
20211110164557  -670.4 -88.5 -185.0
20211110164558  -670.5 -88.6 -185.3
20211110164559  -670.5 -88.5 -185.0
20211110164600  -670.5 -88.7 -185.1
20211110164601  -670.6 -88.7 -185.2
20211110164602  -670.2 -88.7 -185.6
20211110164603  -670.2 -88.7 -185.5
20211110164604  -670.5 -88.6 -185.2
20211110164605  -670.3 -88.7 -185.4
20211110164606  -670.5 -88.7 -185.4
20211110164607  -670.4 -88.7 -185.1
20211110164608  -670.4 -88.7 -184.9
20211110164609  -670.6 -88.8 -185.2
20211110164610  -670.7 -88.7 -185.5
20211110164611  -670.5 -88.9 -185.3
20211110164612  -670.9 -88.4 -185.0
20211110164613  -670.8 -88.6 -185.4
20211110164614  -670.8 -88.8 -185.5
20211110164615  -670.4 -88.8 -185.3
20211110164616  -670.5 -88.8 -185.5
20211110164617  -670.3 -88.7 -185.3
20211110164618  -670.5 -88.9 -185.3
20211110164619  -670.9 -88.9 -185.0
20211110164620  -670.9 -89.0 -185.0
20211110164621  -671.0 -89.2 -185.4
20211110164622  -670.9 -89.1 -185.4
20211110164623  -671.0 -88.9 -185.4
20211110164624  -671.0 -88.9 -185.2
20211110164625  -671.0 -88.9 -185.2
20211110164626  -671.2 -89.0 -185.5
20211110164627  -671.3 -89.0 -185.1
20211110164628  -671.2 -89.1 -185.4
20211110164629  -671.0 -89.0 -185.2
20211110164630  -671.2 -88.9 -185.1
20211110164631  -671.3 -89.0 -185.2
20211110164632  -671.3 -89.1 -185.1
20211110164633  -671.0 -89.2 -185.1
20211110164634  -671.2 -89.2 -185.3
20211110164635  -671.1 -89.2 -185.3
20211110164636  -671.3 -89.4 -185.0
20211110164637  -671.3 -89.4 -184.8
20211110164638  -671.3 -89.3 -185.0
20211110164639  -671.3 -89.1 -185.2
20211110164640  -671.3 -89.3 -185.0
20211110164641  -671.5 -89.4 -185.2
20211110164642  -671.5 -89.2 -185.2
20211110164643  -671.4 -89.2 -185.1
20211110164644  -671.6 -89.1 -185.1
20211110164645  -671.6 -89.2 -185.1
20211110164646  -672.0 -89.5 -185.1
20211110164647  -671.7 -89.5 -185.0
20211110164648  -671.3 -89.5 -185.2
20211110164649  -671.6 -89.2 -185.2
20211110164650  -671.2 -89.3 -184.8
20211110164651  -671.3 -89.2 -184.9
20211110164652  -671.4 -89.2 -185.1
20211110164653  -671.3 -89.1 -185.0
20211110164654  -671.3 -89.3 -185.1
20211110164655  -671.1 -89.2 -184.9
20211110164656  -671.2 -89.3 -185.0
20211110164657  -671.3 -89.2 -185.1
20211110164658  -671.1 -89.3 -185.2
20211110164659  -671.3 -89.3 -185.4
20211110164700  -671.3 -89.1 -185.4
20211110164701  -671.3 -89.0 -185.4
20211110164702  -671.3 -89.4 -185.1
20211110164703  -671.5 -89.1 -185.3
20211110164704  -671.5 -89.4 -185.4
20211110164705  -671.3 -89.4 -185.6
20211110164706  -671.3 -89.6 -185.6
20211110164707  -671.2 -89.4 -185.4
20211110164708  -671.1 -89.3 -185.1
20211110164709  -671.2 -89.2 -185.2
20211110164710  -671.3 -89.5 -185.3
20211110164711  -671.0 -89.3 -185.2
20211110164712  -671.3 -89.3 -185.4
20211110164713  -671.3 -89.5 -185.2
20211110164714  -671.4 -89.5 -185.2
20211110164715  -671.5 -89.7 -185.3
20211110164716  -671.5 -89.5 -185.5
20211110164717  -671.5 -89.6 -185.2
20211110164718  -671.5 -89.7 -185.2
20211110164719  -671.7 -89.9 -185.5
20211110164720  -671.7 -89.9 -185.6
20211110164721  -671.2 -89.8 -185.4
20211110164722  -671.5 -89.8 -185.5
20211110164723  -671.3 -89.8 -185.6
20211110164724  -671.3 -89.7 -185.6
20211110164725  -671.7 -90.0 -185.8
20211110164726  -671.4 -90.0 -185.8
20211110164727  -671.9 -89.6 -186.0
20211110164728  -671.9 -89.9 -186.0
20211110164729  -671.6 -90.0 -185.7
20211110164730  -671.8 -89.9 -185.7
20211110164731  -671.8 -89.7 -185.6
20211110164732  -671.7 -89.9 -185.8
20211110164733  -671.7 -89.6 -185.6
20211110164734  -671.6 -89.8 -185.8
20211110164735  -671.8 -89.8 -185.6
20211110164736  -671.6 -89.7 -185.7
20211110164737  -671.6 -89.6 -186.0
20211110164738  -671.7 -89.5 -186.1
20211110164739  -671.9 -89.8 -186.0
20211110164740  -671.7 -90.1 -185.9
20211110164741  -671.7 -90.2 -186.0
20211110164742  -671.6 -90.2 -185.8
20211110164743  -671.7 -90.0 -185.8
20211110164744  -671.9 -90.2 -186.0
20211110164745  -672.0 -90.3 -185.8
20211110164746  -671.9 -90.4 -185.5
20211110164747  -672.2 -90.1 -185.8
20211110164748  -672.0 -90.3 -185.9
20211110164749  -671.8 -90.2 -185.9
20211110164750  -671.8 -90.3 -186.0
20211110164751  -671.2 -89.7 -184.9
20211110164752  -671.5 -90.2 -185.7
20211110164753  -671.5 -90.1 -185.5
20211110164754  -671.5 -90.1 -185.6
20211110164755  -671.4 -90.2 -185.4
20211110164756  -671.5 -90.5 -185.6
20211110164757  -671.2 -90.2 -185.6
20211110164758  -671.2 -89.9 -185.4
20211110164759  -671.4 -90.3 -185.4
20211110164800  -671.3 -89.9 -185.6
20211110164801  -671.5 -90.1 -185.8
20211110164802  -671.2 -90.0 -185.7
20211110164803  -671.4 -90.0 -185.7
20211110164804  -671.5 -90.1 -185.4
20211110164805  -671.9 -90.1 -185.7
20211110164806  -671.7 -89.8 -185.8
20211110164807  -671.5 -90.1 -185.6
20211110164808  -671.5 -90.1 -185.7
20211110164809  -671.4 -90.0 -185.7
20211110164810  -671.6 -89.9 -185.7
20211110164811  -671.6 -90.0 -185.7
20211110164812  -671.7 -90.0 -185.6
20211110164813  -671.6 -90.0 -185.5
20211110164814  -671.9 -90.3 -185.7
20211110164815  -671.6 -90.2 -185.9
20211110164816  -671.5 -90.1 -185.7
20211110164817  -671.9 -90.1 -185.9
20211110164818  -671.8 -90.1 -185.9
20211110164819  -671.8 -89.9 -185.9
20211110164820  -671.7 -90.2 -185.6
20211110164821  -670.8 -90.1 -185.1
20211110164822  -670.3 -89.8 -185.0
20211110164823  -671.3 -89.8 -185.7
20211110164824  -671.0 -90.1 -186.1
20211110164825  -670.9 -90.1 -185.8
20211110164826  -671.2 -89.7 -186.0
20211110164827  -670.8 -89.8 -186.3
20211110164828  -670.8 -89.9 -185.9
20211110164829  -670.8 -89.8 -186.1
20211110164830  -671.0 -89.8 -186.0
20211110164831  -671.0 -90.1 -186.1
20211110164832  -670.8 -89.9 -185.8
20211110164833  -670.9 -89.8 -186.1
20211110164834  -670.6 -90.1 -186.0
20211110164835  -670.7 -90.0 -186.3
20211110164836  -670.4 -90.0 -186.0
20211110164837  -670.8 -89.8 -185.9
20211110164838  -670.4 -90.1 -185.6
20211110164839  -670.7 -90.1 -186.1
20211110164840  -670.7 -89.9 -186.0
20211110164841  -670.8 -89.9 -185.9
20211110164842  -670.5 -90.0 -185.9
20211110164843  -670.7 -90.0 -186.2
20211110164844  -670.5 -89.8 -185.8
20211110164845  -670.6 -89.8 -186.0
20211110164846  -670.1 -89.8 -185.9
20211110164847  -670.2 -89.8 -185.9
20211110164848  -670.3 -89.6 -185.7
20211110164849  -670.3 -89.7 -185.9
20211110164850  -670.2 -89.7 -185.9
20211110164851  -670.1 -89.9 -185.8
20211110164852  -669.5 -89.5 -185.0
20211110164853  -670.1 -89.2 -185.3
20211110164854  -670.1 -89.5 -185.6
20211110164855  -670.1 -89.4 -185.7
20211110164856  -670.0 -89.4 -185.8
20211110164857  -669.9 -89.4 -186.1
20211110164858  -670.0 -89.5 -186.2
20211110164859  -670.2 -89.7 -185.8
20211110164900  -670.3 -89.9 -185.5
20211110164901  -670.1 -90.0 -186.1
20211110164902  -670.2 -89.7 -185.7
20211110164903  -669.9 -89.8 -185.8
20211110164904  -670.1 -89.6 -185.5
20211110164905  -670.1 -89.7 -185.7
20211110164906  -670.1 -89.7 -186.0
20211110164907  -670.5 -89.6 -185.9
20211110164908  -670.6 -89.9 -185.8
20211110164909  -670.5 -90.0 -186.0
20211110164910  -670.4 -89.8 -185.8
20211110164911  -670.4 -89.7 -185.7
20211110164912  -670.5 -89.6 -185.8
20211110164913  -670.2 -89.6 -185.7
20211110164914  -670.4 -89.8 -185.8
20211110164915  -670.2 -90.1 -185.6
20211110164916  -670.2 -89.9 -185.6
20211110164917  -670.3 -89.8 -185.6
20211110164918  -670.3 -89.8 -185.6
20211110164919  -670.2 -89.9 -185.7
20211110164920  -670.3 -89.4 -185.7
20211110164921  -670.1 -89.7 -185.9
20211110164922  -669.4 -89.6 -185.4
20211110164923  -669.3 -89.4 -185.0
20211110164924  -669.9 -89.3 -185.4
20211110164925  -669.6 -89.2 -185.6
20211110164926  -669.9 -89.3 -185.7
20211110164927  -669.8 -89.3 -185.9
20211110164928  -669.6 -89.4 -185.8
20211110164929  -669.6 -89.4 -185.7
20211110164930  -669.5 -89.8 -185.6
20211110164931  -669.4 -89.6 -186.0
20211110164932  -669.7 -89.8 -185.8
20211110164933  -669.6 -89.5 -185.7
20211110164934  -669.7 -89.5 -185.8
20211110164935  -669.9 -89.6 -185.7
20211110164936  -669.8 -89.4 -185.8
20211110164937  -669.5 -89.3 -186.0
20211110164938  -669.5 -89.3 -185.8
20211110164939  -670.0 -89.3 -186.2
20211110164940  -669.8 -89.3 -186.0
20211110164941  -669.4 -89.2 -185.9
20211110164942  -669.6 -89.2 -185.8
20211110164943  -669.7 -89.3 -185.8
20211110164944  -669.7 -89.1 -185.7
20211110164945  -669.9 -88.9 -185.7
20211110164946  -669.8 -89.2 -185.5
20211110164947  -670.0 -89.2 -185.8
20211110164948  -669.9 -89.3 -185.7
20211110164949  -669.9 -89.1 -185.6
20211110164950  -669.8 -89.3 -185.5
20211110164951  -669.9 -89.3 -185.6
20211110164952  -669.4 -89.3 -185.2
20211110164953  -668.8 -89.1 -185.0
20211110164954  -669.8 -89.2 -185.4
20211110164955  -669.6 -88.9 -185.4
20211110164956  -669.7 -88.9 -185.3
20211110164957  -669.7 -89.2 -185.4
20211110164958  -669.7 -88.9 -185.4
20211110164959  -669.7 -88.9 -185.2
20211110165000  -669.7 -89.4 -185.7
20211110165001  -670.0 -89.3 -185.6
20211110165002  -670.0 -89.1 -185.6
20211110165003  -670.0 -89.2 -185.7
20211110165004  -670.0 -89.3 -185.5
20211110165005  -670.0 -89.2 -185.5
20211110165006  -670.1 -89.3 -185.5
20211110165007  -670.3 -89.2 -185.6
20211110165008  -670.2 -89.1 -185.8
20211110165009  -670.2 -89.1 -185.9
20211110165010  -670.3 -89.6 -185.7
20211110165011  -670.3 -89.5 -185.5
20211110165012  -670.5 -89.6 -185.6
20211110165013  -670.4 -89.6 -185.8
20211110165014  -670.4 -89.7 -185.9
20211110165015  -670.5 -89.6 -185.9
