20211123230034  -683.2 -66.6 -216.6
20211123230035  -683.0 -66.8 -216.5
20211123230036  -682.9 -66.6 -216.5
20211123230037  -683.0 -66.6 -216.4
20211123230038  -683.1 -66.6 -216.2
20211123230039  -683.1 -66.9 -216.4
20211123230040  -682.6 -66.8 -216.4
20211123230041  -682.3 -66.8 -216.5
20211123230042  -681.9 -66.7 -216.0
20211123230043  -681.5 -66.6 -215.4
20211123230044  -681.1 -66.4 -215.5
20211123230045  -680.6 -66.7 -215.3
20211123230046  -680.3 -66.5 -215.0
20211123230047  -680.4 -66.4 -215.1
20211123230048  -681.2 -66.7 -215.5
20211123230049  -681.5 -66.6 -215.7
20211123230050  -681.3 -66.8 -215.7
20211123230051  -681.2 -66.6 -215.7
20211123230052  -680.9 -66.7 -215.8
20211123230053  -681.1 -66.9 -215.9
20211123230054  -681.0 -66.7 -216.0
20211123230055  -680.9 -66.8 -216.3
20211123230056  -681.0 -66.6 -216.2
20211123230057  -681.2 -66.4 -216.2
20211123230058  -681.0 -66.1 -216.2
20211123230059  -681.0 -66.4 -215.9
20211123230100  -681.1 -66.4 -216.1
20211123230101  -681.0 -66.6 -216.0
20211123230102  -681.2 -66.9 -215.9
20211123230103  -681.1 -66.6 -216.2
20211123230104  -680.8 -66.5 -215.6
20211123230105  -681.0 -66.7 -215.7
20211123230106  -680.8 -66.6 -215.5
20211123230107  -680.3 -66.8 -215.3
20211123230108  -679.9 -66.5 -214.8
20211123230109  -679.5 -66.3 -214.7
20211123230110  -679.2 -66.3 -214.7
20211123230111  -678.9 -66.2 -214.6
20211123230112  -678.6 -66.3 -214.0
20211123230113  -678.7 -66.1 -213.8
20211123230114  -679.7 -66.4 -214.2
20211123230115  -679.7 -66.4 -214.7
20211123230116  -679.9 -66.4 -214.6
20211123230117  -680.1 -66.5 -214.5
20211123230118  -680.1 -66.7 -214.6
20211123230119  -679.8 -66.5 -214.6
20211123230120  -680.3 -66.3 -214.5
20211123230121  -679.9 -66.5 -214.3
20211123230122  -680.2 -66.7 -214.6
20211123230123  -680.2 -66.7 -214.9
20211123230124  -680.4 -67.1 -214.7
20211123230125  -680.3 -67.1 -214.8
20211123230126  -680.1 -67.1 -214.8
20211123230127  -680.3 -66.8 -214.7
20211123230128  -680.0 -67.2 -214.6
20211123230129  -680.4 -67.1 -214.6
20211123230130  -680.1 -66.9 -214.6
20211123230131  -679.9 -66.9 -214.7
20211123230132  -680.0 -66.8 -214.4
20211123230133  -679.8 -67.0 -214.2
20211123230134  -679.4 -66.8 -213.9
20211123230135  -679.2 -66.7 -213.6
20211123230136  -679.1 -66.7 -213.5
20211123230137  -678.6 -66.8 -213.2
20211123230138  -678.4 -66.9 -213.3
20211123230139  -678.3 -66.7 -212.7
20211123230140  -678.9 -66.3 -213.4
20211123230141  -679.4 -66.7 -213.8
20211123230142  -679.4 -66.8 -213.7
20211123230143  -679.3 -67.4 -214.0
20211123230144  -679.3 -67.2 -213.7
20211123230145  -679.2 -67.0 -213.6
20211123230146  -679.4 -67.0 -214.0
20211123230147  -679.6 -67.3 -213.8
20211123230148  -679.8 -67.6 -214.0
20211123230149  -679.8 -67.3 -213.9
20211123230150  -679.4 -67.1 -213.8
20211123230151  -679.7 -67.1 -213.8
20211123230152  -679.6 -67.1 -213.9
20211123230153  -679.8 -67.1 -213.8
20211123230154  -679.9 -67.1 -214.2
20211123230155  -679.9 -67.4 -214.2
20211123230156  -680.0 -67.3 -214.1
20211123230157  -679.9 -67.5 -214.0
20211123230158  -679.8 -67.6 -213.8
20211123230159  -680.0 -67.8 -214.2
20211123230200  -679.7 -67.4 -213.6
20211123230201  -679.5 -67.5 -213.4
20211123230202  -679.4 -67.0 -213.0
20211123230203  -679.2 -67.0 -212.8
20211123230204  -679.2 -67.1 -212.6
20211123230205  -678.8 -67.0 -212.8
20211123230206  -679.1 -67.1 -212.9
20211123230207  -680.0 -67.2 -213.6
20211123230208  -680.0 -67.1 -213.8
20211123230209  -680.3 -67.0 -213.9
20211123230210  -680.5 -67.1 -213.7
20211123230211  -680.8 -67.1 -214.0
20211123230212  -680.6 -67.2 -213.8
20211123230213  -680.7 -67.1 -213.5
20211123230214  -681.0 -67.3 -213.6
20211123230215  -681.1 -67.4 -213.6
20211123230216  -681.0 -67.4 -213.8
20211123230217  -681.0 -67.5 -214.0
20211123230218  -681.1 -67.2 -214.1
20211123230219  -681.4 -67.4 -213.9
20211123230220  -681.3 -67.3 -213.9
20211123230221  -681.4 -67.2 -213.9
20211123230222  -681.1 -67.3 -213.9
20211123230223  -681.4 -67.1 -213.8
20211123230224  -681.4 -67.0 -214.0
20211123230225  -681.6 -67.1 -213.9
20211123230226  -681.0 -67.4 -213.7
20211123230227  -680.8 -67.5 -213.1
20211123230228  -680.2 -67.0 -213.0
20211123230229  -680.1 -67.1 -212.6
20211123230230  -680.3 -66.9 -212.5
20211123230231  -679.9 -66.6 -212.2
20211123230232  -680.4 -66.7 -212.2
20211123230233  -681.2 -66.6 -213.2
20211123230234  -681.3 -66.5 -212.9
20211123230235  -681.5 -66.4 -213.2
20211123230236  -681.6 -66.5 -212.9
20211123230237  -681.4 -66.6 -213.4
20211123230238  -681.5 -66.3 -212.9
20211123230239  -681.6 -66.6 -213.3
20211123230240  -681.8 -66.6 -213.2
20211123230241  -682.2 -66.5 -213.2
20211123230242  -682.2 -66.5 -213.4
20211123230243  -682.1 -67.0 -213.3
20211123230244  -682.1 -66.8 -213.5
20211123230245  -682.3 -66.7 -213.5
20211123230246  -682.2 -66.8 -213.7
20211123230247  -682.6 -66.9 -213.6
20211123230248  -682.2 -66.8 -213.5
20211123230249  -682.5 -66.6 -213.7
20211123230250  -682.0 -66.8 -213.6
20211123230251  -682.4 -66.7 -213.6
20211123230252  -682.5 -67.0 -213.6
20211123230253  -681.9 -66.9 -213.3
20211123230254  -681.8 -67.0 -213.0
20211123230255  -681.5 -66.7 -212.8
20211123230256  -681.4 -66.9 -213.0
20211123230257  -681.2 -66.8 -212.6
20211123230258  -681.8 -66.7 -212.9
20211123230259  -682.3 -66.7 -213.6
20211123230300  -682.5 -67.0 -214.0
20211123230301  -682.6 -67.2 -213.8
20211123230302  -682.6 -67.2 -213.9
20211123230303  -682.6 -67.4 -213.8
20211123230304  -683.1 -67.3 -214.1
20211123230305  -683.1 -67.7 -213.8
20211123230306  -683.4 -67.4 -213.8
20211123230307  -683.4 -67.4 -214.1
20211123230308  -683.6 -67.5 -214.2
20211123230309  -683.6 -67.4 -214.3
20211123230310  -683.8 -67.5 -214.5
20211123230311  -684.2 -67.3 -214.5
20211123230312  -684.5 -67.3 -214.6
20211123230313  -684.5 -67.3 -214.7
20211123230314  -684.5 -67.7 -214.7
20211123230315  -684.5 -67.8 -214.9
20211123230316  -685.0 -67.9 -214.7
20211123230317  -684.9 -67.9 -215.1
20211123230318  -685.2 -67.9 -215.2
20211123230319  -685.1 -68.1 -214.8
20211123230320  -684.6 -67.9 -214.2
20211123230321  -684.7 -67.8 -214.1
20211123230322  -684.7 -67.5 -214.1
20211123230323  -684.7 -67.4 -214.1
20211123230324  -685.8 -67.7 -214.9
20211123230325  -686.2 -67.8 -215.0
20211123230326  -686.4 -68.1 -215.0
20211123230327  -686.6 -67.9 -215.4
20211123230328  -686.3 -68.1 -215.2
20211123230329  -686.8 -68.4 -215.5
20211123230330  -687.0 -68.3 -215.4
20211123230331  -687.0 -68.3 -215.8
20211123230332  -687.1 -68.5 -215.6
20211123230333  -687.4 -68.2 -215.7
20211123230334  -687.5 -68.1 -215.7
20211123230335  -687.5 -68.2 -215.8
20211123230336  -687.8 -68.3 -215.7
20211123230337  -687.3 -68.0 -215.5
20211123230338  -687.2 -68.2 -215.5
20211123230339  -687.7 -68.2 -215.8
20211123230340  -687.9 -68.2 -216.0
20211123230341  -688.1 -68.5 -216.3
20211123230342  -688.4 -68.3 -216.2
20211123230343  -688.5 -68.3 -216.3
20211123230344  -688.6 -68.2 -216.2
20211123230345  -688.0 -68.3 -215.8
20211123230346  -688.1 -68.3 -216.0
20211123230347  -687.8 -68.3 -215.5
20211123230348  -688.0 -68.3 -215.2
20211123230349  -687.8 -68.1 -215.0
20211123230350  -688.4 -68.2 -215.4
20211123230351  -688.7 -68.4 -215.8
20211123230352  -689.0 -68.4 -215.8
20211123230353  -688.7 -68.5 -216.0
20211123230354  -688.5 -68.5 -215.9
20211123230355  -688.7 -68.7 -216.2
20211123230356  -688.6 -68.7 -216.3
20211123230357  -688.5 -68.6 -216.4
20211123230358  -688.4 -68.7 -216.2
20211123230359  -688.4 -68.5 -216.3
20211123230400  -688.6 -68.2 -216.4
20211123230401  -688.5 -68.5 -216.6
20211123230402  -688.7 -68.7 -216.4
20211123230403  -689.1 -68.7 -216.4
20211123230404  -689.2 -68.6 -216.5
20211123230405  -689.3 -68.7 -216.7
20211123230406  -689.6 -68.6 -216.7
20211123230407  -689.9 -68.7 -217.0
20211123230408  -689.8 -68.6 -216.8
20211123230409  -689.8 -68.7 -216.7
20211123230410  -690.3 -69.0 -216.7
20211123230411  -690.2 -69.1 -217.1
20211123230412  -689.6 -69.0 -216.7
20211123230413  -689.6 -68.7 -216.6
20211123230414  -689.5 -68.6 -216.3
20211123230415  -689.7 -68.3 -216.2
20211123230416  -690.5 -68.7 -216.9
20211123230417  -690.5 -69.1 -217.0
20211123230418  -690.7 -69.0 -217.1
20211123230419  -691.0 -68.8 -216.9
20211123230420  -691.2 -68.7 -217.2
20211123230421  -691.1 -68.9 -217.1
20211123230422  -691.2 -69.2 -216.8
20211123230423  -691.3 -68.8 -216.9
20211123230424  -691.3 -68.8 -216.9
20211123230425  -691.1 -68.9 -217.1
20211123230426  -691.0 -68.8 -217.1
20211123230427  -691.2 -68.9 -217.0
20211123230428  -691.5 -68.9 -217.1
20211123230429  -691.4 -69.0 -217.1
20211123230430  -691.2 -69.1 -217.3
20211123230431  -691.2 -69.0 -217.4
20211123230432  -691.1 -69.4 -217.2
20211123230433  -691.0 -69.5 -217.3
20211123230434  -691.1 -69.4 -217.2
20211123230435  -691.0 -69.3 -217.2
20211123230436  -690.8 -69.4 -217.0
20211123230437  -690.8 -69.6 -216.8
20211123230438  -690.3 -69.5 -216.6
20211123230439  -690.2 -69.1 -216.4
20211123230440  -689.8 -69.1 -216.0
20211123230441  -689.6 -69.2 -216.0
20211123230442  -690.2 -69.3 -216.6
20211123230443  -690.4 -69.3 -217.2
20211123230444  -690.7 -69.2 -217.3
20211123230445  -690.2 -69.2 -216.9
20211123230446  -690.4 -69.6 -217.1
20211123230447  -690.7 -69.3 -217.1
20211123230448  -690.6 -69.3 -217.1
20211123230449  -690.7 -69.4 -217.3
20211123230450  -690.7 -69.4 -217.1
20211123230451  -690.5 -69.2 -217.3
20211123230452  -690.8 -69.4 -217.2
20211123230453  -690.6 -69.5 -217.5
20211123230454  -690.9 -69.4 -217.5
20211123230455  -691.0 -69.6 -217.6
20211123230456  -690.9 -69.7 -217.4
20211123230457  -690.9 -69.2 -217.4
20211123230458  -691.0 -69.4 -217.6
20211123230459  -691.1 -69.3 -217.8
20211123230500  -690.8 -69.3 -217.7
20211123230501  -691.0 -69.4 -217.4
20211123230502  -690.9 -69.2 -217.5
20211123230503  -690.8 -69.3 -217.6
20211123230504  -689.9 -69.0 -217.0
20211123230505  -690.0 -69.3 -216.6
20211123230506  -689.3 -69.4 -216.5
20211123230507  -689.2 -69.2 -216.3
20211123230508  -689.6 -69.2 -216.3
20211123230509  -690.0 -69.2 -216.6
20211123230510  -690.1 -69.3 -216.9
20211123230511  -689.7 -68.9 -216.8
20211123230512  -689.9 -69.3 -216.9
20211123230513  -689.9 -69.2 -217.0
20211123230514  -689.8 -69.1 -216.9
20211123230515  -690.0 -68.9 -216.9
20211123230516  -689.6 -68.9 -217.0
20211123230517  -689.9 -69.0 -217.0
20211123230518  -689.7 -69.1 -217.2
20211123230519  -689.9 -69.1 -217.6
20211123230520  -690.0 -69.2 -217.2
20211123230521  -690.1 -69.2 -217.7
20211123230522  -690.4 -69.3 -217.7
20211123230523  -690.2 -69.2 -217.5
20211123230524  -690.5 -69.1 -217.7
20211123230525  -690.6 -68.9 -217.7
20211123230526  -691.1 -68.9 -217.5
20211123230527  -691.2 -68.7 -217.6
20211123230528  -691.1 -69.0 -217.7
20211123230529  -691.3 -69.2 -218.0
20211123230530  -691.0 -69.1 -217.5
20211123230531  -690.7 -68.9 -217.0
20211123230532  -690.9 -68.6 -216.7
20211123230533  -690.7 -68.3 -216.6
20211123230534  -690.9 -68.2 -216.7
20211123230535  -691.7 -68.5 -217.5
20211123230536  -692.0 -68.6 -217.3
20211123230537  -691.9 -68.6 -217.7
20211123230538  -692.2 -68.4 -217.7
20211123230539  -692.2 -68.5 -217.6
20211123230540  -692.2 -68.3 -217.6
20211123230541  -692.2 -68.2 -217.7
20211123230542  -692.5 -68.2 -217.5
20211123230543  -692.6 -68.0 -217.6
20211123230544  -692.4 -68.0 -217.6
20211123230545  -692.7 -68.2 -217.7
20211123230546  -692.7 -68.4 -217.6
20211123230547  -692.8 -68.3 -217.5
20211123230548  -692.8 -68.2 -217.4
20211123230549  -692.7 -68.0 -217.6
20211123230550  -692.8 -68.1 -217.6
20211123230551  -693.1 -67.8 -217.8
20211123230552  -692.7 -67.8 -217.9
20211123230553  -692.9 -68.0 -217.9
20211123230554  -693.2 -67.8 -217.7
20211123230555  -692.9 -68.2 -218.0
20211123230556  -692.2 -68.3 -217.1
20211123230557  -692.0 -68.5 -216.9
20211123230558  -691.6 -68.4 -216.2
20211123230559  -691.5 -68.1 -216.4
20211123230600  -691.5 -67.7 -216.4
20211123230601  -692.0 -67.6 -216.8
20211123230602  -692.2 -68.0 -217.2
20211123230603  -692.4 -67.8 -217.3
20211123230604  -692.5 -67.8 -217.1
20211123230605  -692.6 -67.5 -217.4
20211123230606  -692.6 -67.4 -217.2
20211123230607  -692.7 -67.3 -217.0
20211123230608  -692.6 -67.4 -217.2
20211123230609  -692.4 -67.6 -217.1
20211123230610  -692.5 -67.2 -217.2
20211123230611  -692.7 -67.2 -217.1
20211123230612  -692.5 -67.2 -217.5
20211123230613  -692.5 -67.2 -217.6
20211123230614  -692.8 -67.2 -217.4
20211123230615  -692.5 -67.0 -217.5
20211123230616  -692.4 -67.1 -217.6
20211123230617  -692.6 -67.0 -217.5
20211123230618  -692.9 -66.7 -217.4
20211123230619  -693.0 -66.8 -217.4
20211123230620  -693.0 -66.8 -217.2
20211123230621  -693.1 -66.8 -217.3
20211123230622  -692.5 -67.0 -217.0
20211123230623  -692.0 -66.5 -216.5
20211123230624  -691.8 -66.3 -216.1
20211123230625  -691.8 -66.3 -216.3
20211123230626  -691.6 -66.2 -216.1
20211123230627  -691.6 -66.0 -216.0
20211123230628  -692.4 -66.5 -217.0
20211123230629  -692.4 -66.5 -217.0
20211123230630  -692.5 -66.6 -217.2
20211123230631  -692.4 -66.4 -217.0
20211123230632  -692.6 -66.4 -217.2
20211123230633  -692.7 -66.5 -217.2
20211123230634  -692.4 -66.5 -217.0
20211123230635  -692.5 -66.5 -217.2
20211123230636  -692.9 -66.6 -217.2
20211123230637  -692.6 -66.3 -217.2
20211123230638  -692.4 -66.6 -217.1
20211123230639  -692.5 -66.4 -217.0
20211123230640  -692.9 -66.4 -217.0
20211123230641  -692.6 -66.6 -216.9
20211123230642  -692.6 -66.6 -217.2
20211123230643  -692.8 -66.3 -217.0
20211123230644  -692.7 -66.3 -217.3
20211123230645  -692.8 -66.4 -217.2
20211123230646  -692.9 -66.4 -217.4
20211123230647  -692.9 -66.1 -217.4
20211123230648  -692.6 -66.5 -217.4
20211123230649  -692.4 -66.2 -216.6
20211123230650  -692.4 -66.2 -216.5
20211123230651  -691.8 -66.2 -216.5
20211123230652  -691.8 -65.7 -216.8
20211123230653  -691.8 -65.6 -216.3
20211123230654  -692.2 -65.7 -216.4
20211123230655  -692.8 -65.9 -217.0
20211123230656  -692.9 -65.7 -216.5
20211123230657  -693.2 -65.8 -216.7
20211123230658  -693.3 -65.7 -216.9
20211123230659  -693.2 -65.8 -216.7
20211123230700  -693.5 -65.7 -216.6
20211123230701  -693.7 -65.8 -216.9
20211123230702  -693.6 -65.6 -216.8
20211123230703  -693.5 -65.7 -216.9
20211123230704  -693.6 -65.8 -217.0
20211123230705  -693.6 -65.7 -216.9
20211123230706  -693.5 -65.8 -217.1
20211123230707  -693.6 -65.8 -217.0
20211123230708  -693.6 -66.1 -217.1
20211123230709  -693.7 -66.1 -217.1
20211123230710  -693.7 -65.8 -216.9
20211123230711  -693.5 -65.7 -217.0
20211123230712  -693.4 -65.6 -217.1
20211123230713  -693.4 -65.6 -216.8
20211123230714  -693.0 -65.8 -216.8
20211123230715  -692.6 -65.5 -216.2
20211123230716  -692.2 -65.5 -216.1
20211123230717  -691.8 -65.4 -216.0
20211123230718  -691.8 -65.3 -215.7
20211123230719  -691.9 -65.5 -215.6
20211123230720  -691.9 -65.2 -215.3
20211123230721  -692.6 -65.2 -216.4
20211123230722  -692.6 -65.1 -216.2
20211123230723  -692.6 -65.4 -216.3
20211123230724  -692.7 -65.2 -216.4
20211123230725  -692.7 -65.1 -216.3
20211123230726  -692.8 -65.1 -216.2
20211123230727  -692.5 -65.0 -216.5
20211123230728  -692.6 -65.2 -216.3
20211123230729  -692.8 -65.5 -216.4
20211123230730  -692.5 -65.3 -216.6
20211123230731  -692.5 -65.2 -216.3
20211123230732  -692.6 -65.2 -216.2
20211123230733  -692.4 -65.3 -216.2
20211123230734  -692.5 -65.2 -216.4
20211123230735  -692.7 -65.3 -216.5
20211123230736  -692.4 -65.2 -216.4
20211123230737  -692.4 -65.4 -216.6
20211123230738  -692.4 -65.3 -216.7
20211123230739  -692.5 -64.9 -216.7
20211123230740  -692.5 -65.2 -216.8
20211123230741  -691.9 -65.3 -216.6
20211123230742  -691.5 -65.1 -216.1
20211123230743  -691.4 -65.3 -215.8
20211123230744  -691.3 -65.1 -215.4
20211123230745  -691.1 -64.8 -215.8
20211123230746  -691.1 -64.9 -215.4
20211123230747  -691.3 -65.0 -215.5
20211123230748  -691.7 -65.1 -215.8
20211123230749  -692.0 -65.1 -215.9
20211123230750  -691.9 -65.3 -216.1
20211123230751  -692.0 -65.2 -216.0
20211123230752  -691.9 -64.7 -216.2
20211123230753  -691.9 -64.7 -216.3
20211123230754  -691.8 -64.6 -216.4
20211123230755  -692.0 -64.8 -216.1
20211123230756  -692.2 -64.9 -216.3
20211123230757  -691.9 -65.0 -216.0
20211123230758  -692.1 -65.0 -216.3
20211123230759  -692.0 -65.1 -216.2
20211123230800  -691.9 -64.9 -216.3
20211123230801  -691.9 -64.9 -216.5
20211123230802  -692.0 -64.9 -216.6
20211123230803  -691.7 -64.9 -216.3
20211123230804  -692.0 -64.8 -216.3
20211123230805  -692.0 -64.7 -216.2
20211123230806  -692.0 -64.6 -216.2
20211123230807  -691.8 -64.7 -216.2
20211123230808  -691.5 -64.6 -216.0
20211123230809  -691.3 -64.6 -215.6
20211123230810  -691.0 -64.6 -215.2
20211123230811  -690.7 -64.2 -214.8
20211123230812  -690.9 -64.3 -214.8
20211123230813  -690.5 -64.0 -214.7
20211123230814  -691.2 -64.3 -215.1
20211123230815  -691.3 -64.2 -215.3
20211123230816  -691.3 -64.1 -215.5
