20211129214525  -675.7 -66.5 -194.3
20211129214526  -675.5 -66.5 -194.4
20211129214527  -675.4 -66.5 -194.5
20211129214528  -675.7 -66.6 -194.6
20211129214529  -675.7 -67.0 -195.0
20211129214530  -675.2 -66.5 -194.5
20211129214531  -674.8 -66.2 -193.8
20211129214532  -674.3 -66.3 -193.6
20211129214533  -673.9 -66.2 -193.3
20211129214534  -673.9 -65.9 -193.3
20211129214535  -673.7 -65.8 -192.9
20211129214536  -673.0 -66.0 -192.6
20211129214537  -673.0 -65.9 -192.5
20211129214538  -673.4 -65.2 -192.4
20211129214539  -673.9 -65.6 -193.1
20211129214540  -674.1 -65.9 -193.2
20211129214541  -674.0 -66.1 -193.7
20211129214542  -674.3 -66.2 -193.7
20211129214543  -674.5 -66.1 -193.7
20211129214544  -674.7 -66.3 -194.1
20211129214545  -674.5 -66.3 -194.0
20211129214546  -674.9 -66.1 -194.0
20211129214547  -675.0 -66.1 -194.0
20211129214548  -674.6 -66.1 -194.0
20211129214549  -674.2 -66.0 -193.6
20211129214550  -674.3 -66.0 -193.4
20211129214551  -674.2 -65.9 -193.3
20211129214552  -674.3 -65.5 -193.0
20211129214553  -674.2 -65.8 -193.2
20211129214554  -674.2 -65.6 -193.5
20211129214555  -674.0 -65.8 -193.9
20211129214556  -673.2 -66.1 -193.4
20211129214557  -673.1 -65.7 -193.0
20211129214558  -672.9 -65.6 -192.7
20211129214559  -672.3 -65.4 -192.3
20211129214600  -672.2 -65.3 -192.6
20211129214601  -671.8 -65.1 -191.9
20211129214602  -671.6 -65.1 -191.7
20211129214603  -671.3 -65.0 -191.4
20211129214604  -670.9 -64.6 -191.2
20211129214605  -671.2 -64.3 -191.5
20211129214606  -671.7 -64.8 -191.8
20211129214607  -671.6 -64.8 -191.9
20211129214608  -671.6 -64.8 -192.1
20211129214609  -671.8 -64.9 -192.2
20211129214610  -671.8 -64.8 -192.4
20211129214611  -671.9 -64.8 -192.4
20211129214612  -671.9 -65.1 -192.4
20211129214613  -671.9 -65.1 -192.5
20211129214614  -671.7 -65.0 -192.9
20211129214615  -671.7 -64.6 -192.6
20211129214616  -671.9 -64.9 -192.5
20211129214617  -671.8 -64.7 -192.7
20211129214618  -671.5 -64.8 -192.7
20211129214619  -671.6 -64.8 -192.8
20211129214620  -671.8 -65.1 -192.8
20211129214621  -671.7 -64.8 -193.0
20211129214622  -672.0 -65.5 -193.2
20211129214623  -671.5 -65.2 -192.6
20211129214624  -671.0 -64.7 -192.4
20211129214625  -671.0 -64.6 -192.3
20211129214626  -670.9 -64.8 -192.0
20211129214627  -670.8 -64.6 -191.7
20211129214628  -670.4 -64.4 -191.5
20211129214629  -669.8 -64.3 -190.9
20211129214630  -669.6 -63.8 -190.9
20211129214631  -669.3 -63.7 -190.4
20211129214632  -670.5 -63.9 -191.1
20211129214633  -670.5 -63.7 -191.2
20211129214634  -670.7 -63.9 -191.3
20211129214635  -670.5 -63.9 -191.3
20211129214636  -670.7 -63.8 -191.2
20211129214637  -670.6 -63.8 -191.5
20211129214638  -670.4 -63.7 -191.4
20211129214639  -670.7 -63.8 -191.3
20211129214640  -670.7 -63.6 -191.6
20211129214641  -670.7 -63.5 -191.8
20211129214642  -670.7 -63.9 -192.0
20211129214643  -670.7 -63.8 -191.6
20211129214644  -670.6 -63.5 -191.4
20211129214645  -670.4 -63.8 -191.3
20211129214646  -670.8 -64.1 -191.4
20211129214647  -670.7 -63.8 -191.2
20211129214648  -670.8 -63.8 -191.5
20211129214649  -671.2 -64.3 -192.3
20211129214650  -670.5 -64.0 -191.7
20211129214651  -670.3 -63.6 -191.4
20211129214652  -670.0 -63.3 -191.2
20211129214653  -670.2 -63.4 -191.0
20211129214654  -670.0 -63.3 -190.5
20211129214655  -669.7 -63.0 -190.5
20211129214656  -669.4 -62.9 -190.1
20211129214657  -669.1 -62.7 -190.2
20211129214658  -669.5 -62.7 -190.1
20211129214659  -670.3 -62.7 -190.9
20211129214700  -670.1 -63.0 -191.1
20211129214701  -670.6 -63.3 -191.0
20211129214702  -670.8 -63.2 -191.2
20211129214703  -671.0 -63.1 -191.0
20211129214704  -670.9 -62.8 -191.4
20211129214705  -670.9 -62.9 -191.7
20211129214706  -671.3 -62.9 -191.5
20211129214707  -671.3 -63.3 -191.6
20211129214708  -671.4 -63.2 -191.5
20211129214709  -671.5 -63.3 -191.5
20211129214710  -671.6 -63.2 -191.5
20211129214711  -671.6 -63.1 -191.3
20211129214712  -671.9 -63.1 -191.2
20211129214713  -671.8 -63.0 -191.3
20211129214714  -672.2 -63.2 -191.3
20211129214715  -672.1 -63.5 -191.8
20211129214716  -671.8 -63.5 -191.7
20211129214717  -671.7 -63.1 -191.4
20211129214718  -671.3 -62.9 -190.9
20211129214719  -671.3 -62.8 -190.6
20211129214720  -671.1 -63.1 -190.6
20211129214721  -671.2 -63.2 -190.1
20211129214722  -671.1 -62.9 -189.9
20211129214723  -670.9 -62.7 -189.7
20211129214724  -670.5 -62.8 -189.2
20211129214725  -670.6 -62.5 -189.0
20211129214726  -671.5 -63.0 -189.9
20211129214727  -671.9 -63.2 -190.3
20211129214728  -671.9 -63.3 -190.0
20211129214729  -672.0 -63.6 -190.2
20211129214730  -671.9 -63.4 -190.5
20211129214731  -671.7 -63.6 -190.3
20211129214732  -671.9 -63.7 -190.8
20211129214733  -671.9 -64.0 -190.7
20211129214734  -671.9 -64.1 -190.7
20211129214735  -672.0 -63.9 -190.7
20211129214736  -672.3 -63.7 -190.6
20211129214737  -672.5 -63.8 -190.6
20211129214738  -672.2 -63.6 -190.7
20211129214739  -672.0 -63.7 -190.7
20211129214740  -672.0 -64.0 -190.9
20211129214741  -672.0 -63.8 -191.2
20211129214742  -672.0 -64.1 -191.4
20211129214743  -671.8 -64.4 -190.9
20211129214744  -671.2 -63.7 -190.5
20211129214745  -670.9 -64.1 -190.4
20211129214746  -670.5 -64.1 -190.1
20211129214747  -670.3 -64.0 -189.9
20211129214748  -670.1 -64.0 -189.4
20211129214749  -669.9 -63.9 -189.6
20211129214750  -669.6 -63.7 -189.3
20211129214751  -669.6 -63.4 -189.0
20211129214752  -670.8 -64.0 -189.8
20211129214753  -670.6 -63.8 -189.7
20211129214754  -670.6 -63.8 -190.1
20211129214755  -670.9 -64.0 -190.1
20211129214756  -671.0 -64.4 -190.2
20211129214757  -671.4 -64.6 -190.4
20211129214758  -671.5 -64.7 -190.7
20211129214759  -671.3 -64.7 -190.6
20211129214800  -671.5 -64.4 -190.6
20211129214801  -671.8 -64.9 -190.8
20211129214802  -671.7 -64.9 -190.8
20211129214803  -671.9 -64.8 -190.9
20211129214804  -671.9 -64.4 -191.0
20211129214805  -671.9 -64.2 -190.9
20211129214806  -671.9 -64.5 -191.0
20211129214807  -671.9 -64.8 -191.1
20211129214808  -672.0 -64.6 -191.1
20211129214809  -672.6 -65.3 -191.8
20211129214810  -672.1 -65.2 -191.1
20211129214811  -672.1 -65.0 -191.4
20211129214812  -671.9 -64.8 -190.8
20211129214813  -671.9 -64.8 -190.6
20211129214814  -671.3 -64.5 -190.2
20211129214815  -671.4 -64.6 -189.7
20211129214816  -671.2 -64.3 -189.8
20211129214817  -671.0 -64.3 -189.4
20211129214818  -671.1 -64.3 -189.7
20211129214819  -671.7 -64.4 -190.1
20211129214820  -672.0 -64.4 -190.0
20211129214821  -671.8 -64.5 -190.5
20211129214822  -671.8 -64.7 -190.6
20211129214823  -672.0 -64.4 -190.5
20211129214824  -671.6 -64.5 -190.7
20211129214825  -672.0 -64.4 -190.6
20211129214826  -671.9 -64.4 -190.6
20211129214827  -672.2 -64.6 -190.8
20211129214828  -671.9 -64.3 -190.8
20211129214829  -671.6 -64.5 -190.9
20211129214830  -671.9 -64.4 -191.0
20211129214831  -671.7 -64.4 -191.0
20211129214832  -671.6 -64.8 -191.2
20211129214833  -671.7 -64.8 -191.0
20211129214834  -671.6 -64.3 -191.2
20211129214835  -671.3 -64.8 -191.2
20211129214836  -671.1 -64.7 -191.5
20211129214837  -670.8 -64.6 -190.6
20211129214838  -670.6 -64.5 -190.5
20211129214839  -670.2 -64.0 -190.4
20211129214840  -669.6 -63.8 -189.8
20211129214841  -669.7 -63.7 -189.9
20211129214842  -669.4 -63.7 -189.5
20211129214843  -669.1 -63.4 -189.2
20211129214844  -669.0 -63.4 -188.9
20211129214845  -669.5 -63.4 -189.3
20211129214846  -669.9 -63.6 -190.1
20211129214847  -670.1 -63.7 -190.2
20211129214848  -670.3 -63.5 -190.1
20211129214849  -670.3 -63.5 -190.2
20211129214850  -670.5 -63.5 -190.3
20211129214851  -670.7 -63.7 -190.6
20211129214852  -670.6 -63.7 -190.3
20211129214853  -670.5 -63.7 -190.6
20211129214854  -670.4 -64.0 -190.7
20211129214855  -670.8 -63.9 -190.8
20211129214856  -670.7 -63.8 -191.0
20211129214857  -670.6 -63.8 -191.0
20211129214858  -670.8 -63.9 -191.0
20211129214859  -670.8 -63.9 -191.1
20211129214900  -670.7 -63.7 -191.0
20211129214901  -670.5 -63.7 -190.8
20211129214902  -670.6 -63.8 -190.9
20211129214903  -670.3 -64.0 -190.9
20211129214904  -670.4 -64.1 -190.7
20211129214905  -669.9 -63.7 -190.4
20211129214906  -669.6 -63.5 -190.1
20211129214907  -669.5 -63.3 -189.7
20211129214908  -669.2 -63.0 -189.7
20211129214909  -669.0 -63.0 -189.4
20211129214910  -668.7 -63.0 -189.2
20211129214911  -668.6 -62.8 -189.1
20211129214912  -669.6 -63.2 -189.6
20211129214913  -669.5 -62.9 -190.0
20211129214914  -670.0 -63.2 -190.2
20211129214915  -670.1 -62.8 -190.1
20211129214916  -670.0 -63.0 -190.2
20211129214917  -670.2 -63.1 -190.2
20211129214918  -670.0 -63.0 -190.3
20211129214919  -670.3 -63.2 -190.2
20211129214920  -670.3 -62.9 -190.6
20211129214921  -670.5 -63.3 -190.5
20211129214922  -670.4 -63.2 -190.5
20211129214923  -670.5 -63.2 -190.5
20211129214924  -670.6 -63.2 -190.8
20211129214925  -670.9 -63.1 -190.9
20211129214926  -670.5 -63.4 -190.9
20211129214927  -670.6 -63.7 -190.9
20211129214928  -670.8 -63.6 -191.0
20211129214929  -671.0 -63.8 -191.4
20211129214930  -670.8 -63.6 -190.8
20211129214931  -670.3 -63.7 -190.7
20211129214932  -670.0 -63.5 -190.4
20211129214933  -670.0 -63.6 -190.2
20211129214934  -669.6 -63.4 -190.1
20211129214935  -669.5 -62.9 -189.8
20211129214936  -669.4 -62.7 -189.4
20211129214937  -669.0 -62.8 -189.1
20211129214938  -669.3 -62.7 -189.3
20211129214939  -670.2 -62.9 -189.9
20211129214940  -670.2 -63.1 -190.1
20211129214941  -670.3 -63.3 -190.4
20211129214942  -670.2 -63.3 -190.5
20211129214943  -670.1 -63.2 -190.6
20211129214944  -670.3 -63.3 -190.7
20211129214945  -670.5 -63.4 -190.8
20211129214946  -670.4 -63.3 -190.9
20211129214947  -670.5 -63.5 -190.9
20211129214948  -670.6 -63.5 -190.8
20211129214949  -670.6 -63.4 -191.0
20211129214950  -670.5 -63.4 -190.8
20211129214951  -670.6 -63.3 -191.0
20211129214952  -671.1 -63.6 -191.3
20211129214953  -670.9 -63.5 -191.1
20211129214954  -671.0 -63.5 -191.5
20211129214955  -670.8 -63.5 -191.4
20211129214956  -670.9 -63.9 -192.0
20211129214957  -670.6 -63.5 -191.3
20211129214958  -670.2 -63.4 -190.9
20211129214959  -669.9 -63.5 -190.5
20211129215000  -669.6 -63.6 -190.3
20211129215001  -669.3 -63.2 -190.2
20211129215002  -669.1 -63.1 -189.8
20211129215003  -669.2 -62.8 -189.7
20211129215004  -668.7 -62.8 -189.6
20211129215005  -669.4 -62.7 -189.9
20211129215006  -669.6 -62.7 -190.1
20211129215007  -669.6 -62.9 -190.2
20211129215008  -669.9 -62.9 -190.4
20211129215009  -669.7 -63.2 -190.1
20211129215010  -669.8 -63.2 -190.3
20211129215011  -669.7 -63.2 -190.4
20211129215012  -670.1 -63.1 -190.3
20211129215013  -669.7 -63.0 -190.4
20211129215014  -669.7 -62.9 -190.8
20211129215015  -669.4 -63.0 -190.9
20211129215016  -669.4 -63.2 -190.7
20211129215017  -669.7 -63.0 -190.6
20211129215018  -669.5 -63.2 -190.7
20211129215019  -669.6 -63.1 -190.3
20211129215020  -669.5 -62.8 -190.8
20211129215021  -669.8 -63.0 -190.8
20211129215022  -669.6 -63.3 -191.0
20211129215023  -669.2 -63.5 -191.1
20211129215024  -669.0 -63.2 -190.8
20211129215025  -668.4 -63.1 -190.4
20211129215026  -668.0 -62.9 -190.3
20211129215027  -667.9 -62.9 -190.0
20211129215028  -667.7 -62.6 -190.0
20211129215029  -667.3 -62.6 -189.7
20211129215030  -667.1 -62.6 -189.4
20211129215031  -666.8 -62.6 -189.3
20211129215032  -667.9 -62.8 -190.3
20211129215033  -668.1 -62.9 -190.4
20211129215034  -668.0 -63.2 -190.3
20211129215035  -668.0 -63.3 -190.5
20211129215036  -667.9 -63.3 -190.7
20211129215037  -667.9 -63.4 -190.6
20211129215038  -667.9 -63.5 -190.7
20211129215039  -667.7 -63.7 -190.8
20211129215040  -667.7 -63.8 -191.0
20211129215041  -667.7 -63.8 -191.1
20211129215042  -667.7 -63.7 -191.1
20211129215043  -667.8 -63.8 -191.2
20211129215044  -667.8 -63.9 -191.3
20211129215045  -667.4 -63.7 -191.3
20211129215046  -667.3 -63.8 -191.1
20211129215047  -667.6 -63.7 -191.1
20211129215048  -667.5 -63.8 -191.4
20211129215049  -667.5 -64.2 -191.8
20211129215050  -666.8 -64.1 -191.3
20211129215051  -666.4 -63.9 -191.1
20211129215052  -665.8 -63.9 -190.5
20211129215053  -665.7 -63.8 -190.2
20211129215054  -665.5 -63.8 -189.9
20211129215055  -665.1 -63.5 -189.9
20211129215056  -664.9 -63.7 -189.7
20211129215057  -664.7 -63.6 -189.5
20211129215058  -665.1 -63.6 -189.9
20211129215059  -665.5 -63.7 -190.4
20211129215100  -665.6 -63.8 -190.5
20211129215101  -665.6 -63.8 -190.7
20211129215102  -665.5 -63.8 -190.9
20211129215103  -665.4 -64.0 -191.0
20211129215104  -665.6 -64.2 -191.0
20211129215105  -665.6 -64.1 -190.8
20211129215106  -665.6 -64.1 -190.9
20211129215107  -665.3 -64.2 -191.1
20211129215108  -665.2 -64.1 -191.0
20211129215109  -664.8 -64.2 -190.9
20211129215110  -664.9 -64.5 -191.2
20211129215111  -665.0 -64.6 -191.3
20211129215112  -664.7 -64.3 -191.3
20211129215113  -664.7 -64.2 -191.3
20211129215114  -664.6 -64.4 -191.1
20211129215115  -664.4 -64.4 -191.2
20211129215116  -664.0 -64.9 -191.4
20211129215117  -663.5 -64.5 -191.0
20211129215118  -663.1 -64.1 -190.8
20211129215119  -662.8 -64.0 -190.7
20211129215120  -662.3 -63.9 -190.1
20211129215121  -662.3 -63.6 -189.7
20211129215122  -662.0 -64.0 -189.6
20211129215123  -662.1 -63.7 -189.6
20211129215124  -662.0 -63.6 -189.2
20211129215125  -662.8 -63.6 -190.0
20211129215126  -662.8 -63.7 -190.6
20211129215127  -663.1 -63.9 -190.4
20211129215128  -663.4 -63.6 -190.8
20211129215129  -663.2 -63.7 -190.7
20211129215130  -663.1 -63.9 -190.8
20211129215131  -663.5 -64.2 -190.6
20211129215132  -663.6 -64.1 -190.5
20211129215133  -663.7 -64.1 -191.1
20211129215134  -663.6 -64.2 -191.2
20211129215135  -663.7 -64.3 -191.2
20211129215136  -663.8 -64.4 -191.1
20211129215137  -663.6 -64.3 -191.0
20211129215138  -663.9 -64.2 -190.6
20211129215139  -664.0 -64.4 -191.1
20211129215140  -664.1 -64.4 -191.0
20211129215141  -663.9 -64.4 -191.0
20211129215142  -663.9 -64.7 -191.4
20211129215143  -663.9 -64.9 -191.7
20211129215144  -663.3 -64.6 -191.4
20211129215145  -662.8 -64.4 -191.0
20211129215146  -662.9 -64.5 -190.8
20211129215147  -662.5 -64.3 -190.6
20211129215148  -662.2 -64.2 -190.4
20211129215149  -661.8 -64.4 -190.2
20211129215150  -661.7 -64.1 -189.8
20211129215151  -662.3 -64.1 -190.1
20211129215152  -662.7 -64.5 -190.6
20211129215153  -662.6 -64.5 -190.7
20211129215154  -662.7 -64.8 -190.5
20211129215155  -662.6 -64.9 -190.6
20211129215156  -662.7 -64.9 -190.7
20211129215157  -662.8 -65.0 -190.9
20211129215158  -662.6 -65.0 -191.2
20211129215159  -662.8 -65.2 -191.4
20211129215200  -662.8 -65.2 -191.1
20211129215201  -662.7 -65.1 -191.5
20211129215202  -662.8 -65.2 -191.3
20211129215203  -662.7 -65.4 -191.5
20211129215204  -662.4 -65.3 -191.6
20211129215205  -662.6 -65.2 -191.5
20211129215206  -662.3 -65.2 -191.6
20211129215207  -662.5 -65.2 -191.5
20211129215208  -662.3 -65.5 -191.4
20211129215209  -662.7 -65.9 -192.1
20211129215210  -661.8 -65.7 -191.5
20211129215211  -661.5 -65.2 -191.4
20211129215212  -661.4 -64.9 -191.2
