20211109225030  -824.4 -15.1 -210.3
20211109225031  -824.5 -15.3 -210.1
20211109225032  -824.0 -15.5 -210.2
20211109225033  -823.8 -15.5 -210.0
20211109225034  -823.6 -15.6 -209.8
20211109225035  -823.2 -15.8 -210.0
20211109225036  -822.9 -15.9 -210.5
20211109225037  -822.5 -16.3 -210.6
20211109225038  -822.5 -16.0 -210.5
20211109225039  -822.2 -15.9 -210.7
20211109225040  -821.5 -15.9 -210.4
20211109225041  -821.3 -15.7 -210.2
20211109225042  -821.4 -15.7 -210.6
20211109225043  -821.2 -15.7 -210.3
20211109225044  -821.0 -15.8 -210.5
20211109225045  -820.8 -16.0 -210.5
20211109225046  -820.5 -16.3 -210.6
20211109225047  -820.4 -16.1 -210.3
20211109225048  -820.2 -16.0 -210.4
20211109225049  -820.1 -15.8 -210.6
20211109225050  -820.5 -15.6 -210.3
20211109225051  -820.5 -15.5 -210.3
20211109225052  -820.3 -15.5 -210.4
20211109225053  -820.1 -15.4 -210.3
20211109225054  -820.3 -15.5 -210.1
20211109225055  -820.1 -15.5 -209.9
20211109225056  -819.8 -15.6 -209.6
20211109225057  -819.5 -15.6 -209.6
20211109225058  -819.3 -15.4 -209.5
20211109225059  -818.6 -15.3 -209.4
20211109225100  -818.6 -15.2 -209.4
20211109225101  -818.3 -14.7 -209.3
20211109225102  -818.0 -14.8 -209.0
20211109225103  -817.8 -14.6 -208.9
20211109225104  -817.6 -14.2 -209.1
20211109225105  -817.5 -14.3 -209.2
20211109225106  -817.1 -14.0 -209.0
20211109225107  -817.2 -14.3 -209.1
20211109225108  -817.4 -14.0 -209.0
20211109225109  -817.5 -14.0 -209.0
20211109225110  -817.4 -13.8 -208.7
20211109225111  -816.6 -13.5 -207.8
20211109225112  -817.3 -13.4 -208.3
20211109225113  -817.3 -13.4 -208.3
20211109225114  -817.6 -13.3 -208.5
20211109225115  -817.7 -13.2 -208.5
20211109225116  -818.0 -13.1 -208.6
20211109225117  -818.0 -13.2 -208.5
20211109225118  -818.2 -13.5 -208.5
20211109225119  -818.5 -13.7 -208.2
20211109225120  -818.3 -13.4 -207.9
20211109225121  -818.5 -13.2 -207.7
20211109225122  -818.5 -13.6 -207.8
20211109225123  -818.9 -13.8 -207.8
20211109225124  -819.5 -13.9 -208.0
20211109225125  -819.8 -14.1 -207.7
20211109225126  -820.5 -14.5 -207.8
20211109225127  -821.0 -14.3 -208.1
20211109225128  -821.2 -14.8 -207.5
20211109225129  -821.5 -14.4 -207.6
20211109225130  -821.5 -14.5 -207.4
20211109225131  -821.8 -14.9 -207.1
20211109225132  -821.9 -15.3 -206.9
20211109225133  -822.0 -15.5 -206.8
20211109225134  -822.3 -15.7 -206.8
20211109225135  -822.2 -15.8 -206.5
20211109225136  -822.0 -15.8 -206.5
20211109225137  -821.9 -15.6 -206.4
20211109225138  -821.9 -15.6 -205.9
20211109225139  -821.9 -15.8 -206.3
20211109225140  -822.0 -16.0 -206.4
20211109225141  -821.6 -16.5 -206.0
20211109225142  -821.9 -16.8 -206.5
20211109225143  -821.9 -17.1 -206.5
20211109225144  -822.2 -17.2 -206.2
20211109225145  -822.1 -17.4 -206.0
20211109225146  -821.7 -17.4 -206.0
20211109225147  -821.8 -17.5 -205.8
20211109225148  -821.3 -17.5 -205.7
20211109225149  -821.0 -17.6 -205.5
20211109225150  -820.8 -17.9 -205.8
20211109225151  -820.5 -18.5 -205.9
20211109225152  -820.2 -18.8 -205.7
20211109225153  -819.7 -19.1 -205.4
20211109225154  -818.9 -19.4 -205.3
20211109225155  -818.7 -19.5 -205.2
20211109225156  -818.1 -19.8 -205.2
20211109225157  -817.8 -20.0 -205.0
20211109225158  -817.4 -19.9 -204.9
20211109225159  -817.2 -20.1 -205.0
20211109225200  -816.9 -20.7 -205.0
20211109225201  -816.7 -21.0 -205.2
20211109225202  -816.5 -21.1 -205.3
20211109225203  -815.9 -21.3 -204.9
20211109225204  -815.9 -21.5 -204.8
20211109225205  -815.5 -21.6 -205.0
20211109225206  -815.0 -21.9 -205.3
20211109225207  -814.7 -22.0 -205.4
20211109225208  -814.5 -22.0 -205.2
20211109225209  -814.1 -22.1 -204.9
20211109225210  -813.6 -22.3 -205.0
20211109225211  -813.3 -22.3 -205.3
20211109225212  -812.9 -22.6 -205.2
20211109225213  -812.8 -23.0 -205.6
20211109225214  -812.7 -22.9 -205.6
20211109225215  -812.4 -23.2 -205.5
20211109225216  -812.1 -23.6 -205.9
20211109225217  -811.7 -23.9 -205.3
20211109225218  -811.2 -23.9 -204.8
20211109225219  -811.0 -24.0 -204.7
20211109225220  -810.7 -24.4 -204.5
20211109225221  -810.1 -24.2 -204.5
20211109225222  -809.9 -24.4 -204.6
20211109225223  -809.4 -24.5 -204.5
20211109225224  -809.2 -24.4 -204.5
20211109225225  -809.1 -24.4 -204.2
20211109225226  -808.9 -24.7 -204.4
20211109225227  -808.7 -25.0 -204.6
20211109225228  -808.6 -25.3 -204.6
20211109225229  -808.5 -25.2 -204.6
20211109225230  -808.3 -25.5 -204.9
20211109225231  -808.0 -26.1 -205.1
20211109225232  -807.9 -26.2 -205.1
20211109225233  -807.7 -26.5 -204.8
20211109225234  -807.5 -26.2 -204.8
20211109225235  -807.0 -26.4 -205.2
20211109225236  -806.8 -26.4 -204.8
20211109225237  -806.7 -26.3 -205.3
20211109225238  -806.4 -26.6 -205.2
20211109225239  -806.2 -26.4 -205.6
20211109225240  -805.9 -26.8 -205.3
20211109225241  -806.1 -27.0 -205.4
20211109225242  -805.6 -27.2 -205.3
20211109225243  -806.0 -27.4 -205.4
20211109225244  -805.9 -27.8 -205.8
20211109225245  -805.8 -27.8 -205.8
20211109225246  -805.6 -28.2 -205.8
20211109225247  -805.4 -28.6 -205.7
20211109225248  -805.5 -28.6 -205.6
20211109225249  -805.1 -28.7 -205.7
20211109225250  -805.0 -28.7 -205.7
20211109225251  -805.1 -28.9 -205.8
20211109225252  -805.0 -28.9 -205.6
20211109225253  -804.7 -28.9 -205.5
20211109225254  -804.6 -29.1 -205.6
20211109225255  -804.6 -29.4 -205.6
20211109225256  -804.7 -29.7 -205.8
20211109225257  -804.8 -30.0 -205.7
20211109225258  -804.7 -29.9 -205.9
20211109225259  -804.5 -30.3 -206.0
20211109225300  -804.6 -30.4 -205.9
20211109225301  -804.1 -30.3 -205.7
20211109225302  -804.0 -31.1 -205.4
20211109225303  -803.6 -31.1 -205.4
20211109225304  -803.6 -31.1 -205.6
20211109225305  -803.5 -31.2 -205.8
20211109225306  -803.1 -31.7 -205.7
20211109225307  -803.4 -31.7 -205.8
20211109225308  -803.1 -31.8 -205.2
20211109225309  -802.6 -32.1 -205.4
20211109225310  -802.4 -32.3 -205.4
20211109225311  -802.2 -32.3 -205.3
20211109225312  -801.2 -32.1 -204.9
20211109225313  -800.3 -31.8 -204.4
20211109225314  -800.3 -32.0 -204.8
20211109225315  -799.9 -32.3 -204.9
20211109225316  -799.5 -32.8 -205.2
20211109225317  -799.1 -33.1 -205.2
20211109225318  -799.1 -33.0 -205.2
20211109225319  -798.4 -32.8 -205.1
20211109225320  -798.1 -33.2 -205.4
20211109225321  -797.9 -33.0 -205.6
20211109225322  -797.7 -33.1 -205.6
20211109225323  -797.5 -33.4 -206.1
20211109225324  -797.0 -33.8 -206.4
20211109225325  -796.9 -34.0 -206.6
20211109225326  -796.6 -34.3 -206.3
20211109225327  -796.5 -34.5 -206.3
20211109225328  -795.9 -34.8 -206.2
20211109225329  -795.5 -34.9 -206.2
20211109225330  -795.1 -34.7 -206.4
20211109225331  -794.9 -35.0 -206.5
20211109225332  -794.5 -35.4 -206.5
20211109225333  -794.1 -35.5 -206.5
20211109225334  -794.0 -35.9 -206.6
20211109225335  -793.5 -36.0 -206.8
20211109225336  -793.4 -36.0 -207.2
20211109225337  -792.7 -36.2 -207.3
20211109225338  -792.0 -36.6 -207.2
20211109225339  -791.9 -37.2 -207.4
20211109225340  -791.6 -37.0 -207.3
20211109225341  -791.0 -36.8 -207.0
20211109225342  -790.7 -37.3 -207.0
20211109225343  -789.6 -37.1 -207.1
20211109225344  -790.0 -37.3 -207.4
20211109225345  -789.9 -37.4 -207.8
20211109225346  -789.8 -37.7 -207.7
20211109225347  -789.6 -38.1 -208.1
20211109225348  -789.0 -37.9 -208.1
20211109225349  -789.1 -38.4 -208.2
20211109225350  -788.6 -38.2 -208.4
20211109225351  -788.7 -37.9 -208.7
20211109225352  -788.6 -38.2 -208.4
20211109225353  -788.4 -38.6 -208.1
20211109225354  -788.0 -38.6 -208.4
20211109225355  -787.6 -38.5 -208.3
20211109225356  -787.5 -38.6 -208.1
20211109225357  -787.6 -39.2 -208.2
20211109225358  -787.4 -38.9 -208.2
20211109225359  -787.0 -39.2 -208.5
20211109225400  -786.8 -39.1 -208.5
20211109225401  -786.4 -39.3 -208.7
20211109225402  -786.1 -39.3 -208.7
20211109225403  -785.9 -39.6 -209.1
20211109225404  -785.5 -40.0 -209.7
20211109225405  -785.0 -40.3 -209.6
20211109225406  -784.9 -40.7 -210.0
20211109225407  -784.9 -40.7 -210.2
20211109225408  -784.3 -41.0 -210.1
20211109225409  -783.8 -41.5 -210.4
20211109225410  -783.8 -41.7 -210.5
20211109225411  -783.8 -42.1 -210.6
20211109225412  -783.2 -42.6 -210.8
20211109225413  -782.2 -42.8 -210.3
20211109225414  -781.6 -42.7 -209.9
20211109225415  -781.9 -42.9 -210.2
20211109225416  -781.8 -43.3 -210.9
20211109225417  -781.5 -43.4 -211.0
20211109225418  -781.1 -43.7 -211.2
20211109225419  -781.0 -43.4 -211.2
20211109225420  -780.8 -43.5 -211.2
20211109225421  -780.8 -43.6 -211.2
20211109225422  -780.3 -44.0 -211.6
20211109225423  -780.4 -44.1 -211.5
20211109225424  -779.9 -44.1 -212.0
20211109225425  -779.8 -44.2 -212.1
20211109225426  -779.8 -44.3 -211.7
20211109225427  -779.9 -44.5 -212.0
20211109225428  -779.6 -44.4 -212.5
20211109225429  -779.3 -44.8 -212.5
20211109225430  -779.3 -44.8 -212.6
20211109225431  -779.2 -45.1 -212.9
20211109225432  -779.5 -45.3 -213.1
20211109225433  -779.4 -45.4 -213.3
20211109225434  -779.2 -45.6 -213.3
20211109225435  -779.0 -45.5 -213.4
20211109225436  -778.8 -45.7 -213.7
20211109225437  -778.8 -45.9 -213.7
20211109225438  -778.5 -46.0 -214.0
20211109225439  -778.3 -45.9 -213.9
20211109225440  -777.9 -46.1 -214.0
20211109225441  -777.7 -46.1 -214.5
20211109225442  -777.4 -46.5 -214.5
20211109225443  -776.9 -47.0 -214.7
20211109225444  -776.2 -46.9 -214.1
20211109225445  -775.4 -46.9 -214.2
20211109225446  -776.0 -47.1 -214.4
20211109225447  -775.7 -46.9 -214.7
20211109225448  -775.2 -47.2 -215.0
20211109225449  -774.8 -47.2 -215.2
20211109225450  -774.2 -46.9 -215.5
20211109225451  -773.6 -47.0 -215.2
20211109225452  -773.1 -47.4 -215.7
20211109225453  -772.9 -47.7 -216.1
20211109225454  -772.3 -47.8 -216.2
20211109225455  -771.9 -48.1 -216.5
20211109225456  -771.5 -47.8 -216.4
20211109225457  -770.9 -48.2 -216.7
20211109225458  -770.5 -48.2 -217.0
20211109225459  -769.8 -48.4 -217.0
20211109225500  -769.3 -48.5 -217.8
20211109225501  -768.9 -48.6 -218.2
20211109225502  -768.3 -49.2 -218.9
20211109225503  -768.1 -49.3 -219.2
20211109225504  -767.8 -49.6 -219.8
20211109225505  -767.3 -49.3 -220.2
20211109225506  -766.9 -49.6 -220.2
20211109225507  -766.6 -49.8 -220.5
20211109225508  -766.5 -49.9 -221.0
20211109225509  -766.5 -50.0 -221.3
20211109225510  -766.2 -50.4 -221.5
20211109225511  -766.0 -50.3 -221.5
20211109225512  -766.2 -50.4 -221.9
20211109225513  -766.1 -50.5 -221.8
20211109225514  -765.6 -50.6 -221.6
20211109225515  -765.3 -50.2 -221.5
20211109225516  -765.6 -50.5 -221.6
20211109225517  -766.2 -51.1 -222.3
20211109225518  -766.3 -51.3 -222.6
20211109225519  -766.5 -51.6 -222.6
20211109225520  -766.5 -52.0 -222.8
20211109225521  -766.7 -52.5 -222.9
20211109225522  -766.7 -52.8 -223.3
20211109225523  -767.0 -52.9 -223.4
20211109225524  -767.2 -53.2 -223.6
20211109225525  -767.3 -53.6 -223.4
20211109225526  -767.7 -53.9 -223.4
20211109225527  -768.1 -54.2 -223.4
20211109225528  -768.4 -54.4 -223.1
20211109225529  -768.6 -54.6 -223.2
20211109225530  -769.0 -54.9 -223.1
20211109225531  -769.4 -55.0 -223.4
20211109225532  -769.6 -55.2 -223.4
20211109225533  -769.8 -55.3 -223.3
20211109225534  -770.1 -55.9 -223.3
20211109225535  -770.3 -56.0 -223.7
20211109225536  -770.7 -56.3 -224.0
20211109225537  -770.9 -56.6 -223.8
20211109225538  -771.5 -56.7 -224.0
20211109225539  -771.8 -57.1 -224.1
20211109225540  -772.2 -57.1 -224.0
20211109225541  -772.1 -57.3 -223.8
20211109225542  -772.3 -58.0 -223.7
20211109225543  -772.2 -58.2 -223.8
20211109225544  -772.1 -58.3 -223.4
20211109225545  -771.6 -58.6 -222.5
20211109225546  -771.4 -59.1 -222.7
20211109225547  -772.1 -58.9 -223.3
20211109225548  -771.7 -59.4 -223.3
20211109225549  -771.8 -59.6 -223.1
20211109225550  -771.8 -59.9 -223.0
20211109225551  -771.4 -59.8 -223.2
20211109225552  -771.3 -59.9 -223.1
20211109225553  -771.2 -60.3 -223.0
20211109225554  -770.8 -60.4 -223.2
20211109225555  -770.7 -60.3 -223.2
20211109225556  -770.2 -60.5 -222.8
20211109225557  -769.9 -60.6 -223.0
20211109225558  -769.2 -60.6 -223.4
20211109225559  -769.2 -60.7 -223.4
20211109225600  -768.7 -61.0 -223.5
20211109225601  -768.2 -61.4 -223.6
20211109225602  -767.7 -61.2 -223.7
20211109225603  -767.0 -61.1 -224.1
20211109225604  -766.6 -61.4 -224.1
20211109225605  -766.0 -61.6 -224.2
20211109225606  -765.7 -61.7 -224.4
20211109225607  -765.2 -61.8 -224.5
20211109225608  -764.8 -62.2 -224.8
20211109225609  -764.3 -62.5 -225.1
20211109225610  -763.4 -62.8 -225.7
20211109225611  -762.8 -62.8 -225.8
20211109225612  -762.2 -63.2 -225.6
20211109225613  -761.7 -63.4 -225.8
20211109225614  -760.7 -63.6 -225.6
20211109225615  -759.6 -63.7 -225.2
20211109225616  -758.6 -63.4 -225.2
20211109225617  -757.9 -63.3 -225.5
20211109225618  -757.8 -63.6 -226.3
20211109225619  -757.6 -63.9 -226.5
20211109225620  -757.0 -64.2 -226.9
20211109225621  -756.7 -64.2 -227.1
20211109225622  -756.2 -64.5 -227.3
20211109225623  -755.9 -64.7 -227.4
20211109225624  -755.6 -64.9 -227.6
20211109225625  -755.0 -65.0 -227.8
20211109225626  -754.8 -65.3 -227.8
20211109225627  -754.1 -65.4 -228.3
20211109225628  -753.5 -65.3 -228.5
20211109225629  -753.3 -65.3 -228.8
20211109225630  -753.0 -65.4 -228.9
20211109225631  -752.9 -65.4 -229.2
20211109225632  -752.2 -65.6 -229.3
20211109225633  -752.3 -65.6 -230.1
20211109225634  -752.2 -65.9 -230.2
20211109225635  -752.2 -65.9 -230.1
20211109225636  -751.9 -66.0 -230.1
20211109225637  -751.7 -66.0 -230.3
20211109225638  -751.5 -66.2 -230.3
20211109225639  -751.3 -66.3 -230.8
20211109225640  -750.8 -66.6 -230.9
20211109225641  -750.4 -66.3 -231.3
20211109225642  -750.3 -66.3 -231.3
20211109225643  -750.1 -66.5 -231.4
20211109225644  -749.5 -66.5 -231.9
20211109225645  -748.5 -66.4 -231.6
20211109225646  -748.1 -66.3 -231.1
20211109225647  -747.7 -66.0 -230.8
20211109225648  -748.1 -66.1 -231.2
20211109225649  -748.2 -66.2 -231.8
20211109225650  -747.4 -66.3 -231.6
20211109225651  -747.1 -66.4 -231.8
20211109225652  -746.8 -66.1 -232.3
20211109225653  -746.7 -66.2 -232.7
20211109225654  -746.1 -66.3 -233.2
20211109225655  -745.6 -66.6 -233.2
20211109225656  -745.4 -66.6 -233.1
20211109225657  -745.0 -67.0 -233.3
20211109225658  -744.4 -67.2 -233.5
20211109225659  -743.8 -66.9 -233.6
20211109225700  -743.5 -66.8 -234.2
20211109225701  -743.3 -66.9 -234.6
20211109225702  -742.8 -66.9 -234.5
20211109225703  -742.4 -67.3 -234.7
20211109225704  -741.9 -67.2 -235.1
20211109225705  -741.5 -67.7 -235.4
20211109225706  -741.2 -67.7 -235.4
20211109225707  -740.8 -67.9 -235.6
20211109225708  -740.5 -68.0 -235.9
20211109225709  -740.4 -68.2 -236.1
20211109225710  -740.3 -68.3 -236.3
20211109225711  -740.1 -68.6 -236.7
20211109225712  -739.9 -68.8 -236.7
20211109225713  -739.5 -68.7 -236.8
20211109225714  -739.1 -68.9 -236.8
20211109225715  -738.5 -69.1 -236.8
20211109225716  -737.5 -68.6 -236.4
20211109225717  -737.4 -68.7 -236.4
20211109225718  -736.8 -68.4 -236.5
20211109225719  -736.9 -68.3 -237.3
20211109225720  -737.1 -68.8 -237.5
20211109225721  -737.1 -68.6 -237.7
20211109225722  -736.8 -68.9 -237.8
20211109225723  -736.7 -68.8 -238.2
20211109225724  -736.4 -69.1 -238.4
20211109225725  -736.1 -69.0 -238.6
20211109225726  -736.1 -69.2 -238.9
20211109225727  -736.1 -69.3 -239.0
20211109225728  -736.1 -69.1 -239.2
20211109225729  -735.9 -69.0 -239.5
20211109225730  -735.9 -69.2 -239.7
20211109225731  -735.7 -69.2 -239.6
20211109225732  -735.8 -69.0 -239.7
20211109225733  -735.7 -69.1 -239.8
20211109225734  -735.8 -69.1 -240.0
20211109225735  -735.9 -69.0 -240.2
20211109225736  -736.0 -69.4 -240.5
20211109225737  -736.2 -69.4 -240.3
20211109225738  -736.3 -69.4 -240.4
20211109225739  -736.7 -69.2 -240.8
20211109225740  -736.9 -69.2 -240.8
20211109225741  -737.2 -69.2 -241.0
20211109225742  -737.5 -68.9 -241.2
20211109225743  -737.7 -69.2 -241.2
20211109225744  -738.5 -69.2 -241.5
20211109225745  -738.7 -69.3 -241.7
20211109225746  -739.1 -68.8 -241.3
20211109225747  -739.2 -68.5 -241.4
20211109225748  -739.9 -68.6 -241.0
20211109225749  -740.5 -68.3 -241.1
20211109225750  -741.6 -68.6 -241.7
20211109225751  -742.0 -68.8 -241.1
20211109225752  -742.6 -68.7 -241.2
20211109225753  -743.1 -68.8 -241.2
20211109225754  -743.5 -68.4 -241.8
20211109225755  -744.1 -68.8 -241.8
20211109225756  -744.3 -68.8 -241.8
20211109225757  -745.1 -69.1 -242.1
20211109225758  -745.8 -68.9 -241.9
20211109225759  -746.4 -68.9 -242.1
20211109225800  -747.1 -68.9 -241.8
20211109225801  -747.8 -68.7 -241.8
20211109225802  -748.3 -68.6 -241.6
20211109225803  -749.0 -68.6 -241.7
20211109225804  -749.8 -68.6 -241.4
20211109225805  -750.2 -68.6 -241.3
20211109225806  -750.6 -68.4 -241.2
20211109225807  -751.3 -68.0 -241.0
20211109225808  -751.7 -68.0 -240.8
20211109225809  -751.8 -68.1 -240.5
20211109225810  -752.1 -67.9 -240.2
20211109225811  -752.6 -68.0 -240.1
20211109225812  -752.7 -67.7 -239.8
20211109225813  -753.1 -67.5 -239.7
20211109225814  -753.6 -67.4 -239.7
20211109225815  -753.7 -67.2 -239.6
