20211031004426  -784.7 -28.5 -259.9
20211031004427  -784.9 -28.4 -259.9
20211031004428  -785.2 -28.5 -259.7
20211031004429  -785.1 -28.8 -259.1
20211031004430  -785.5 -28.8 -259.0
20211031004431  -785.7 -29.1 -258.7
20211031004432  -786.0 -29.3 -258.7
20211031004433  -786.4 -29.2 -258.7
20211031004434  -786.2 -28.5 -258.6
20211031004435  -786.8 -28.0 -258.7
20211031004436  -786.7 -27.7 -258.8
20211031004437  -786.8 -28.0 -259.2
20211031004438  -787.1 -28.3 -259.9
20211031004439  -787.4 -28.8 -260.1
20211031004440  -787.7 -29.0 -260.1
20211031004441  -787.7 -29.2 -260.3
20211031004442  -787.9 -29.4 -260.0
20211031004443  -788.5 -29.2 -259.9
20211031004444  -788.7 -29.1 -259.2
20211031004445  -788.8 -28.7 -258.9
20211031004446  -789.1 -28.3 -258.5
20211031004447  -789.3 -27.9 -258.4
20211031004448  -789.3 -27.6 -258.2
20211031004449  -788.9 -27.9 -257.7
20211031004450  -789.3 -28.2 -257.9
20211031004451  -789.0 -28.4 -257.5
20211031004452  -789.1 -28.3 -257.4
20211031004453  -788.9 -28.5 -257.2
20211031004454  -788.9 -28.5 -257.2
20211031004455  -788.7 -28.6 -257.1
20211031004456  -788.7 -28.6 -257.2
20211031004457  -788.5 -28.8 -257.3
20211031004458  -788.8 -28.9 -258.0
20211031004459  -788.4 -29.3 -258.4
20211031004500  -788.4 -29.7 -258.5
20211031004501  -788.1 -30.2 -258.5
20211031004502  -788.4 -30.1 -258.7
20211031004503  -788.3 -30.2 -258.3
20211031004504  -788.4 -29.7 -258.3
20211031004505  -788.4 -29.0 -258.2
20211031004506  -788.3 -28.5 -257.8
20211031004507  -788.3 -28.2 -257.7
20211031004508  -788.2 -28.0 -257.3
20211031004509  -788.3 -27.5 -257.4
20211031004510  -787.8 -27.6 -257.6
20211031004511  -787.8 -28.5 -258.2
20211031004512  -787.7 -29.0 -258.2
20211031004513  -787.7 -29.1 -258.7
20211031004514  -788.0 -29.5 -259.0
20211031004515  -788.0 -29.6 -258.9
20211031004516  -787.6 -29.6 -259.3
20211031004517  -787.7 -29.8 -259.2
20211031004518  -787.7 -29.4 -258.9
20211031004519  -787.5 -29.5 -259.3
20211031004520  -787.6 -29.3 -259.7
20211031004521  -787.3 -29.5 -259.9
20211031004522  -787.4 -29.9 -259.9
20211031004523  -787.0 -29.9 -259.9
20211031004524  -787.0 -29.8 -260.0
20211031004525  -786.9 -29.8 -260.1
20211031004526  -786.8 -29.7 -260.1
20211031004527  -786.8 -29.3 -260.2
20211031004528  -786.6 -29.2 -260.3
20211031004529  -786.5 -29.0 -260.5
20211031004530  -786.7 -28.4 -260.4
20211031004531  -786.6 -28.2 -260.3
20211031004532  -786.6 -28.0 -259.8
20211031004533  -786.5 -27.6 -260.0
20211031004534  -786.4 -28.0 -260.3
20211031004535  -786.0 -27.9 -260.6
20211031004536  -786.0 -28.2 -260.9
20211031004537  -785.8 -28.7 -260.9
20211031004538  -785.4 -29.0 -260.7
20211031004539  -785.3 -29.1 -260.6
20211031004540  -785.1 -29.9 -260.3
20211031004541  -784.9 -29.6 -260.2
20211031004542  -784.8 -30.0 -259.9
20211031004543  -784.5 -29.4 -259.9
20211031004544  -784.2 -29.3 -260.2
20211031004545  -783.7 -29.1 -260.2
20211031004546  -784.0 -29.1 -260.4
20211031004547  -783.5 -29.0 -260.5
20211031004548  -783.3 -29.3 -260.5
20211031004549  -783.4 -29.2 -260.4
20211031004550  -783.6 -29.2 -260.5
20211031004551  -783.8 -28.8 -260.3
20211031004552  -783.3 -28.5 -259.9
20211031004553  -783.2 -28.3 -259.7
20211031004554  -783.1 -28.4 -260.1
20211031004555  -782.9 -28.5 -260.2
20211031004556  -782.8 -28.5 -260.2
20211031004557  -782.9 -28.9 -260.6
20211031004558  -782.9 -29.4 -260.9
20211031004559  -783.0 -29.7 -261.2
20211031004600  -783.0 -29.8 -260.9
20211031004601  -783.0 -29.9 -260.7
20211031004602  -783.0 -29.4 -260.4
20211031004603  -783.0 -29.7 -260.5
20211031004604  -782.3 -29.7 -260.4
20211031004605  -782.5 -29.9 -260.6
20211031004606  -782.2 -30.5 -260.9
20211031004607  -781.9 -30.7 -260.9
20211031004608  -781.9 -31.2 -261.3
20211031004609  -782.0 -31.5 -261.2
20211031004610  -782.1 -31.6 -261.1
20211031004611  -781.7 -31.7 -261.0
20211031004612  -781.6 -31.8 -260.9
20211031004613  -781.6 -31.6 -261.2
20211031004614  -781.0 -31.5 -260.9
20211031004615  -781.1 -31.3 -260.7
20211031004616  -780.7 -31.5 -260.6
20211031004617  -780.6 -31.5 -261.2
20211031004618  -780.4 -31.2 -261.5
20211031004619  -780.5 -30.8 -261.5
20211031004620  -780.3 -30.6 -262.1
20211031004621  -780.1 -30.3 -262.0
20211031004622  -779.7 -30.3 -262.0
20211031004623  -779.3 -30.2 -261.8
20211031004624  -778.9 -29.8 -261.8
20211031004625  -778.6 -29.9 -261.7
20211031004626  -778.6 -30.0 -262.1
20211031004627  -778.4 -30.0 -262.1
20211031004628  -778.4 -30.6 -262.0
20211031004629  -778.2 -30.9 -261.8
20211031004630  -778.0 -30.9 -261.9
20211031004631  -777.8 -31.0 -261.8
20211031004632  -777.7 -31.3 -262.2
20211031004633  -777.6 -31.4 -262.9
20211031004634  -777.3 -31.7 -262.9
20211031004635  -777.6 -31.9 -262.9
20211031004636  -777.8 -31.9 -262.8
20211031004637  -777.7 -32.1 -262.9
20211031004638  -777.7 -32.1 -263.2
20211031004639  -777.7 -31.8 -263.4
20211031004640  -777.8 -31.7 -263.5
20211031004641  -778.0 -31.5 -263.6
20211031004642  -777.9 -31.4 -263.4
20211031004643  -777.8 -31.3 -263.0
20211031004644  -777.9 -31.5 -262.6
20211031004645  -777.9 -31.7 -262.5
20211031004646  -777.7 -31.6 -262.2
20211031004647  -777.4 -31.8 -262.6
20211031004648  -777.5 -31.8 -262.5
20211031004649  -777.5 -32.1 -263.0
20211031004650  -777.6 -32.3 -262.8
20211031004651  -777.7 -33.1 -263.4
20211031004652  -777.6 -33.7 -263.3
20211031004653  -778.1 -33.6 -263.3
20211031004654  -778.2 -33.5 -263.4
20211031004655  -778.4 -33.6 -263.5
20211031004656  -778.4 -33.0 -263.5
20211031004657  -778.2 -33.0 -263.3
20211031004658  -778.0 -32.5 -263.4
20211031004659  -778.1 -32.1 -263.6
20211031004700  -778.0 -31.8 -263.5
20211031004701  -777.6 -31.3 -263.5
20211031004702  -777.6 -30.8 -263.5
20211031004703  -777.5 -30.9 -263.7
20211031004704  -777.6 -30.6 -264.0
20211031004705  -777.6 -30.5 -264.1
20211031004706  -777.2 -30.3 -263.7
20211031004707  -777.9 -30.2 -264.2
20211031004708  -777.9 -29.8 -264.2
20211031004709  -778.0 -29.4 -264.2
20211031004710  -777.6 -28.9 -263.7
20211031004711  -777.8 -28.9 -263.4
20211031004712  -777.8 -28.7 -263.6
20211031004713  -777.7 -28.9 -263.5
20211031004714  -777.7 -28.8 -263.4
20211031004715  -777.4 -28.9 -263.5
20211031004716  -777.3 -29.2 -263.7
20211031004717  -777.3 -29.2 -263.9
20211031004718  -776.9 -29.3 -263.8
20211031004719  -777.3 -29.4 -264.5
20211031004720  -777.5 -29.4 -264.8
20211031004721  -777.8 -29.5 -265.1
20211031004722  -778.0 -29.7 -265.2
20211031004723  -777.8 -29.8 -264.7
20211031004724  -777.8 -30.1 -264.8
20211031004725  -778.0 -29.8 -264.4
20211031004726  -777.9 -29.8 -264.4
20211031004727  -777.7 -29.7 -263.9
20211031004728  -777.8 -29.7 -263.8
20211031004729  -777.4 -29.8 -264.0
20211031004730  -777.4 -29.8 -263.8
20211031004731  -777.4 -29.6 -264.0
20211031004732  -777.4 -29.4 -264.0
20211031004733  -777.7 -29.6 -263.8
20211031004734  -777.5 -29.5 -264.1
20211031004735  -777.3 -29.4 -264.2
20211031004736  -777.0 -29.7 -264.1
20211031004737  -777.1 -29.9 -264.6
20211031004738  -777.0 -29.9 -265.0
20211031004739  -777.2 -30.1 -265.3
20211031004740  -777.4 -30.4 -265.7
20211031004741  -777.3 -30.0 -265.7
20211031004742  -777.5 -29.9 -265.7
20211031004743  -777.6 -29.4 -265.6
20211031004744  -777.5 -28.8 -265.3
20211031004745  -777.5 -28.7 -265.3
20211031004746  -777.2 -28.6 -265.2
20211031004747  -776.9 -28.5 -265.3
20211031004748  -776.8 -28.1 -265.3
20211031004749  -776.6 -28.4 -265.1
20211031004750  -776.7 -28.3 -265.3
20211031004751  -776.4 -28.3 -265.3
20211031004752  -776.5 -28.5 -265.4
20211031004753  -776.4 -28.6 -265.8
20211031004754  -776.3 -28.4 -265.7
20211031004755  -776.2 -28.8 -265.8
20211031004756  -775.8 -28.9 -266.0
20211031004757  -775.9 -28.6 -265.5
20211031004758  -776.1 -28.8 -265.5
20211031004759  -776.1 -29.2 -265.5
20211031004800  -775.7 -29.5 -265.2
20211031004801  -775.6 -29.8 -265.0
20211031004802  -775.4 -29.8 -264.8
20211031004803  -775.7 -29.7 -264.8
20211031004804  -775.7 -29.8 -264.8
20211031004805  -775.5 -29.9 -264.8
20211031004806  -775.5 -29.8 -265.0
20211031004807  -775.7 -29.5 -264.2
20211031004808  -775.6 -29.5 -264.2
20211031004809  -775.3 -28.9 -264.0
20211031004810  -775.4 -28.3 -263.8
20211031004811  -775.5 -28.1 -264.0
20211031004812  -775.5 -27.7 -264.2
20211031004813  -775.5 -27.9 -264.6
