20211101215051  -657.4 -88.7 -187.0
20211101215052  -657.4 -88.6 -187.0
20211101215053  -657.3 -88.3 -187.2
20211101215054  -656.9 -88.4 -187.0
20211101215055  -657.3 -88.4 -187.4
20211101215056  -657.3 -88.4 -187.3
20211101215057  -657.2 -88.6 -187.0
20211101215058  -657.2 -88.6 -187.1
20211101215059  -657.2 -88.3 -186.9
20211101215100  -657.4 -88.3 -187.1
20211101215101  -657.5 -88.5 -187.0
20211101215102  -657.5 -88.2 -187.2
20211101215103  -657.2 -88.3 -187.4
20211101215104  -657.2 -88.3 -187.3
20211101215105  -657.4 -88.2 -187.5
20211101215106  -657.4 -88.3 -187.4
20211101215107  -657.3 -88.3 -187.4
20211101215108  -657.1 -88.5 -187.3
20211101215109  -657.1 -88.4 -187.3
20211101215110  -657.1 -88.4 -187.4
20211101215111  -657.2 -88.2 -187.2
20211101215112  -657.2 -88.1 -187.0
20211101215113  -657.6 -88.2 -187.1
20211101215114  -657.4 -88.1 -187.5
20211101215115  -657.5 -88.3 -187.7
20211101215116  -657.5 -88.3 -187.7
20211101215117  -657.4 -88.4 -187.7
20211101215118  -657.4 -88.3 -187.8
20211101215119  -657.5 -88.0 -187.6
20211101215120  -657.1 -88.2 -187.7
20211101215121  -657.3 -88.2 -187.7
20211101215122  -657.3 -88.1 -187.8
20211101215123  -657.3 -88.2 -188.0
20211101215124  -657.3 -88.4 -187.8
20211101215125  -657.0 -88.1 -187.8
20211101215126  -657.6 -88.4 -187.8
20211101215127  -657.5 -88.2 -187.7
20211101215128  -657.5 -88.6 -188.0
20211101215129  -657.8 -88.7 -188.1
20211101215130  -657.8 -88.6 -188.1
20211101215131  -657.7 -88.4 -188.1
20211101215132  -657.7 -88.7 -188.2
20211101215133  -657.7 -88.5 -188.0
20211101215134  -658.0 -88.8 -188.0
20211101215135  -657.9 -88.6 -188.2
20211101215136  -657.9 -88.9 -188.2
20211101215137  -657.8 -88.6 -188.1
20211101215138  -658.2 -88.9 -188.3
20211101215139  -658.4 -88.6 -188.4
20211101215140  -658.3 -88.7 -188.4
20211101215141  -658.5 -88.6 -188.3
20211101215142  -658.3 -88.6 -188.3
20211101215143  -658.1 -89.0 -188.6
20211101215144  -658.1 -89.0 -188.7
20211101215145  -658.3 -89.1 -188.8
20211101215146  -658.4 -89.0 -188.7
20211101215147  -658.5 -89.1 -188.7
20211101215148  -658.3 -88.8 -188.4
20211101215149  -658.0 -89.3 -188.7
20211101215150  -658.3 -89.2 -189.0
20211101215151  -658.5 -89.4 -188.5
20211101215152  -658.2 -89.2 -188.5
20211101215153  -658.3 -89.1 -188.6
20211101215154  -658.3 -89.4 -188.7
20211101215155  -657.4 -89.2 -188.2
20211101215156  -658.1 -89.2 -188.8
20211101215157  -658.0 -89.2 -188.7
20211101215158  -658.2 -89.3 -188.8
20211101215159  -658.0 -89.3 -188.5
20211101215200  -658.5 -89.3 -188.9
20211101215201  -658.2 -89.5 -188.9
20211101215202  -658.2 -89.4 -189.0
20211101215203  -658.3 -89.6 -189.0
20211101215204  -658.1 -89.6 -189.4
20211101215205  -658.1 -89.4 -189.2
20211101215206  -658.1 -89.9 -189.0
20211101215207  -658.1 -89.7 -189.1
20211101215208  -657.9 -89.5 -189.3
20211101215209  -658.2 -89.6 -189.2
20211101215210  -657.9 -89.7 -189.2
20211101215211  -657.9 -89.5 -189.1
20211101215212  -657.6 -89.4 -189.0
20211101215213  -657.7 -89.7 -189.1
20211101215214  -657.9 -89.2 -188.9
20211101215215  -657.8 -89.2 -188.6
20211101215216  -657.9 -89.4 -189.1
20211101215217  -657.9 -89.3 -188.9
20211101215218  -657.7 -89.3 -189.2
20211101215219  -657.9 -89.3 -189.1
20211101215220  -657.6 -89.3 -189.1
20211101215221  -657.7 -89.7 -189.1
20211101215222  -657.8 -89.6 -189.4
20211101215223  -657.8 -89.4 -189.1
20211101215224  -657.7 -89.8 -189.1
20211101215225  -657.2 -89.4 -188.9
20211101215226  -657.0 -89.4 -189.3
20211101215227  -657.4 -89.7 -189.6
20211101215228  -657.3 -89.5 -189.5
20211101215229  -657.7 -89.3 -189.5
20211101215230  -657.7 -89.6 -189.6
20211101215231  -657.5 -89.8 -189.5
20211101215232  -657.3 -89.6 -189.5
20211101215233  -657.3 -89.7 -189.4
20211101215234  -657.8 -89.7 -189.6
20211101215235  -657.4 -89.5 -189.6
20211101215236  -657.4 -89.9 -189.9
20211101215237  -657.5 -89.5 -190.1
20211101215238  -657.3 -89.3 -190.4
20211101215239  -657.3 -89.3 -190.1
20211101215240  -657.1 -89.4 -190.2
20211101215241  -657.0 -89.3 -190.1
20211101215242  -657.2 -89.3 -190.0
20211101215243  -657.3 -89.5 -190.0
20211101215244  -657.3 -89.5 -190.1
20211101215245  -656.9 -89.7 -190.1
20211101215246  -656.8 -89.7 -190.1
20211101215247  -656.7 -89.6 -190.2
20211101215248  -656.5 -89.7 -190.4
20211101215249  -656.5 -89.6 -190.3
20211101215250  -656.3 -89.5 -190.4
20211101215251  -656.4 -89.7 -190.4
20211101215252  -656.4 -89.6 -190.5
20211101215253  -656.3 -89.5 -190.4
20211101215254  -656.0 -89.5 -190.2
20211101215255  -655.1 -89.1 -189.2
20211101215256  -655.1 -89.2 -189.2
20211101215257  -655.6 -89.6 -190.0
20211101215258  -655.6 -89.5 -189.8
20211101215259  -655.4 -89.5 -190.3
20211101215300  -655.6 -89.7 -190.1
20211101215301  -655.5 -89.7 -190.3
20211101215302  -655.2 -89.7 -190.2
20211101215303  -654.9 -89.8 -190.2
20211101215304  -655.0 -89.8 -190.2
20211101215305  -654.9 -89.7 -190.3
20211101215306  -655.0 -89.6 -190.3
20211101215307  -655.2 -89.6 -190.3
20211101215308  -654.8 -89.6 -190.3
20211101215309  -654.6 -89.6 -190.2
20211101215310  -654.7 -89.5 -190.6
20211101215311  -654.8 -89.4 -190.6
20211101215312  -654.6 -89.4 -190.7
20211101215313  -654.6 -89.4 -190.7
20211101215314  -654.3 -89.4 -191.0
20211101215315  -654.3 -89.4 -190.6
20211101215316  -654.3 -89.4 -190.7
20211101215317  -654.2 -89.4 -190.5
20211101215318  -654.1 -89.4 -190.7
20211101215319  -653.9 -89.6 -190.6
20211101215320  -653.8 -89.5 -190.8
20211101215321  -654.1 -89.2 -190.9
20211101215322  -654.1 -89.4 -190.8
20211101215323  -654.0 -89.2 -190.9
20211101215324  -653.9 -89.3 -191.0
20211101215325  -653.2 -89.3 -190.7
20211101215326  -653.0 -89.0 -190.4
20211101215327  -653.6 -89.3 -190.9
20211101215328  -653.7 -89.4 -190.9
20211101215329  -653.6 -89.3 -191.0
20211101215330  -653.4 -89.1 -190.7
20211101215331  -653.5 -89.5 -191.0
20211101215332  -653.2 -89.6 -191.0
20211101215333  -653.1 -89.4 -190.6
20211101215334  -653.2 -89.5 -190.8
20211101215335  -653.3 -89.3 -190.8
20211101215336  -652.9 -89.4 -190.8
20211101215337  -652.8 -89.4 -191.0
20211101215338  -652.4 -89.6 -190.9
20211101215339  -652.7 -89.6 -190.9
20211101215340  -652.7 -89.4 -191.1
20211101215341  -652.7 -89.3 -190.9
20211101215342  -652.7 -89.5 -191.2
20211101215343  -652.5 -89.6 -191.4
20211101215344  -652.5 -89.9 -191.2
20211101215345  -652.6 -89.8 -191.5
20211101215346  -652.2 -89.9 -191.3
20211101215347  -652.2 -89.9 -191.1
20211101215348  -651.9 -89.7 -191.4
20211101215349  -652.0 -89.7 -191.6
20211101215350  -652.0 -89.6 -191.5
20211101215351  -652.0 -89.8 -191.4
20211101215352  -652.1 -89.6 -191.8
20211101215353  -651.9 -90.1 -191.6
20211101215354  -651.6 -90.2 -191.9
20211101215355  -651.3 -89.9 -191.6
20211101215356  -651.4 -90.1 -191.3
20211101215357  -651.7 -90.4 -191.8
20211101215358  -651.8 -90.3 -192.0
20211101215359  -651.9 -90.3 -191.9
20211101215400  -652.0 -90.6 -192.2
20211101215401  -651.7 -90.2 -192.4
20211101215402  -651.7 -90.4 -192.5
20211101215403  -651.7 -90.5 -192.4
20211101215404  -651.8 -90.5 -192.4
20211101215405  -651.8 -90.6 -192.5
20211101215406  -651.5 -90.5 -192.1
20211101215407  -651.6 -90.8 -192.3
20211101215408  -651.6 -91.0 -192.3
20211101215409  -651.6 -91.1 -192.6
20211101215410  -652.0 -91.0 -192.8
20211101215411  -651.9 -91.0 -192.5
20211101215412  -651.9 -91.1 -192.5
20211101215413  -652.1 -91.0 -192.4
20211101215414  -652.1 -91.2 -192.7
20211101215415  -652.0 -91.4 -192.7
20211101215416  -652.0 -91.3 -192.7
20211101215417  -651.9 -91.6 -192.8
20211101215418  -651.8 -91.9 -192.8
20211101215419  -652.0 -91.8 -192.9
20211101215420  -652.1 -91.8 -193.0
20211101215421  -652.2 -92.0 -193.1
20211101215422  -652.3 -92.0 -193.3
20211101215423  -652.1 -91.9 -193.3
20211101215424  -652.4 -92.1 -193.8
20211101215425  -652.0 -92.3 -193.7
20211101215426  -652.0 -92.1 -193.3
20211101215427  -652.4 -92.4 -193.9
20211101215428  -652.7 -92.4 -193.8
20211101215429  -652.6 -92.4 -194.1
20211101215430  -652.8 -92.5 -194.0
20211101215431  -652.7 -92.4 -194.2
20211101215432  -652.4 -92.6 -194.2
20211101215433  -652.8 -92.9 -194.4
20211101215434  -653.1 -92.8 -194.5
20211101215435  -653.5 -92.8 -194.2
20211101215436  -653.4 -92.8 -194.5
20211101215437  -653.3 -93.0 -194.7
20211101215438  -653.8 -92.9 -194.7
20211101215439  -654.0 -93.0 -194.5
20211101215440  -654.2 -93.1 -194.8
20211101215441  -654.5 -93.4 -194.8
20211101215442  -654.3 -93.4 -195.1
20211101215443  -654.5 -93.4 -195.0
20211101215444  -654.3 -93.2 -194.8
20211101215445  -654.6 -93.5 -195.0
20211101215446  -654.8 -93.7 -195.0
20211101215447  -654.6 -93.6 -195.2
20211101215448  -654.8 -93.6 -195.3
20211101215449  -654.8 -93.5 -195.4
20211101215450  -655.0 -93.7 -195.3
20211101215451  -655.1 -93.8 -195.3
20211101215452  -654.9 -93.7 -195.5
20211101215453  -655.3 -93.9 -195.3
20211101215454  -655.2 -94.2 -195.4
20211101215455  -655.0 -94.0 -195.3
20211101215456  -654.9 -94.2 -195.2
20211101215457  -655.2 -94.2 -195.6
20211101215458  -655.5 -94.2 -196.1
20211101215459  -655.5 -94.3 -195.7
20211101215500  -655.4 -94.7 -195.9
20211101215501  -655.5 -94.6 -196.0
20211101215502  -655.3 -94.7 -196.4
20211101215503  -655.5 -94.7 -196.5
20211101215504  -655.7 -94.7 -196.5
20211101215505  -655.8 -94.8 -196.6
20211101215506  -655.9 -94.8 -196.6
20211101215507  -655.7 -94.8 -196.6
20211101215508  -655.9 -94.8 -196.8
20211101215509  -656.0 -94.6 -196.9
20211101215510  -655.8 -94.8 -197.0
20211101215511  -655.7 -94.6 -197.1
20211101215512  -655.9 -94.6 -196.9
20211101215513  -655.8 -94.6 -197.3
20211101215514  -655.6 -94.7 -197.0
20211101215515  -655.8 -94.6 -196.6
20211101215516  -655.8 -94.7 -196.8
20211101215517  -656.0 -94.9 -196.9
20211101215518  -656.1 -94.7 -197.2
20211101215519  -655.9 -94.7 -197.1
20211101215520  -655.6 -94.7 -197.0
20211101215521  -655.5 -94.7 -197.2
20211101215522  -655.4 -94.7 -197.6
20211101215523  -655.1 -94.8 -197.4
20211101215524  -654.8 -94.6 -197.2
20211101215525  -654.5 -94.4 -197.1
20211101215526  -654.2 -94.5 -196.9
20211101215527  -654.0 -94.5 -197.4
20211101215528  -653.9 -94.7 -197.5
20211101215529  -653.7 -94.5 -197.3
20211101215530  -653.6 -94.4 -197.2
20211101215531  -653.4 -94.2 -197.3
20211101215532  -653.1 -94.0 -197.3
20211101215533  -653.0 -94.2 -197.4
20211101215534  -652.9 -94.0 -197.3
20211101215535  -652.7 -93.9 -197.4
20211101215536  -652.5 -94.1 -197.5
20211101215537  -652.5 -93.9 -197.3
20211101215538  -652.4 -94.0 -197.1
20211101215539  -652.0 -94.0 -197.5
20211101215540  -651.7 -94.0 -197.4
20211101215541  -651.4 -94.1 -197.2
20211101215542  -651.2 -93.9 -197.5
20211101215543  -651.2 -93.8 -197.4
20211101215544  -651.3 -93.7 -197.5
20211101215545  -650.9 -93.6 -197.5
20211101215546  -650.6 -93.6 -197.2
20211101215547  -650.5 -93.6 -197.3
20211101215548  -650.5 -93.7 -197.6
20211101215549  -650.0 -93.3 -197.2
20211101215550  -650.0 -93.3 -197.4
20211101215551  -649.8 -93.2 -197.1
20211101215552  -649.7 -93.0 -197.1
20211101215553  -649.3 -92.9 -197.1
20211101215554  -649.1 -92.7 -196.8
20211101215555  -649.1 -92.7 -196.8
20211101215556  -648.9 -92.6 -196.7
20211101215557  -649.1 -92.6 -196.8
20211101215558  -648.6 -92.5 -197.0
20211101215559  -648.8 -92.5 -197.0
20211101215600  -648.2 -92.5 -196.8
20211101215601  -648.2 -92.4 -196.6
20211101215602  -647.9 -92.7 -196.6
20211101215603  -647.5 -92.2 -196.7
20211101215604  -647.1 -92.2 -196.6
20211101215605  -647.2 -92.0 -196.6
20211101215606  -647.0 -92.2 -196.7
20211101215607  -647.0 -92.3 -196.4
20211101215608  -646.9 -91.9 -196.5
20211101215609  -646.7 -91.8 -196.6
20211101215610  -646.6 -91.7 -196.6
20211101215611  -646.5 -92.0 -196.9
20211101215612  -646.5 -91.5 -196.7
20211101215613  -646.6 -91.7 -196.6
20211101215614  -646.3 -91.8 -196.5
20211101215615  -646.3 -91.9 -196.4
20211101215616  -646.4 -91.7 -196.3
20211101215617  -646.2 -91.8 -196.6
20211101215618  -645.9 -91.9 -196.6
20211101215619  -645.9 -91.6 -196.6
20211101215620  -645.7 -91.6 -196.5
20211101215621  -645.7 -91.6 -196.4
20211101215622  -645.7 -92.1 -196.2
20211101215623  -645.6 -91.7 -196.3
20211101215624  -645.7 -91.7 -196.4
