20211220224628  -676.7 -72.5 -195.9
20211220224629  -676.7 -72.4 -196.1
20211220224630  -676.5 -72.2 -196.1
20211220224631  -676.6 -72.4 -196.2
20211220224632  -676.1 -72.2 -195.5
20211220224633  -676.0 -72.0 -195.3
20211220224634  -676.1 -72.1 -195.2
20211220224635  -675.8 -71.9 -195.3
20211220224636  -675.8 -71.7 -194.9
20211220224637  -675.7 -71.8 -194.8
20211220224638  -676.0 -72.0 -195.0
20211220224639  -676.7 -71.8 -195.9
20211220224640  -676.8 -72.0 -195.7
20211220224641  -677.0 -72.2 -195.3
20211220224642  -676.7 -71.8 -195.3
20211220224643  -676.8 -72.1 -195.4
20211220224644  -676.7 -72.0 -195.7
20211220224645  -676.8 -71.9 -195.2
20211220224646  -677.0 -71.8 -195.3
20211220224647  -677.0 -71.7 -195.0
20211220224648  -677.2 -71.9 -195.2
20211220224649  -677.0 -71.8 -195.2
20211220224650  -677.4 -71.8 -195.1
20211220224651  -677.7 -71.6 -195.5
20211220224652  -677.8 -71.6 -195.5
20211220224653  -678.0 -71.6 -195.8
20211220224654  -678.2 -71.7 -195.7
20211220224655  -678.4 -71.7 -195.8
20211220224656  -678.7 -71.7 -195.8
20211220224657  -678.7 -71.7 -195.8
20211220224658  -678.6 -71.5 -195.5
20211220224659  -678.5 -71.5 -195.4
20211220224700  -678.4 -71.2 -195.3
20211220224701  -678.9 -71.2 -195.2
20211220224702  -678.9 -71.5 -195.0
20211220224703  -678.9 -71.3 -194.9
20211220224704  -679.1 -71.0 -194.6
20211220224705  -680.3 -71.1 -195.5
20211220224706  -680.6 -71.2 -195.4
20211220224707  -680.7 -70.9 -195.3
20211220224708  -680.7 -71.2 -195.4
20211220224709  -680.9 -71.5 -195.2
20211220224710  -681.0 -71.6 -195.3
20211220224711  -681.1 -71.7 -195.2
20211220224712  -681.2 -71.7 -195.0
20211220224713  -681.0 -71.5 -195.2
20211220224714  -681.3 -71.5 -195.3
20211220224715  -681.4 -71.6 -195.2
20211220224716  -681.6 -71.7 -195.2
20211220224717  -681.8 -71.4 -195.3
20211220224718  -681.6 -71.5 -195.3
20211220224719  -681.8 -71.7 -195.2
20211220224720  -681.8 -71.7 -195.1
20211220224721  -681.8 -71.4 -195.4
20211220224722  -681.8 -71.3 -195.3
20211220224723  -682.0 -71.7 -195.7
20211220224724  -681.9 -71.5 -195.0
20211220224725  -681.8 -71.5 -194.9
20211220224726  -681.5 -71.2 -194.7
20211220224727  -681.5 -71.2 -194.6
20211220224728  -681.8 -71.0 -194.6
20211220224729  -681.6 -70.9 -194.3
20211220224730  -681.5 -70.8 -193.8
20211220224731  -682.1 -70.9 -194.1
20211220224732  -682.8 -70.9 -194.6
20211220224733  -683.0 -71.2 -194.9
20211220224734  -683.2 -71.0 -194.7
20211220224735  -683.5 -70.8 -194.7
20211220224736  -683.6 -71.2 -194.9
20211220224737  -683.7 -71.2 -194.8
20211220224738  -683.9 -71.4 -195.1
20211220224739  -684.1 -71.7 -195.1
20211220224740  -684.0 -71.5 -195.2
20211220224741  -684.4 -71.1 -195.0
20211220224742  -684.5 -70.9 -195.3
20211220224743  -684.8 -71.3 -195.2
20211220224744  -684.9 -70.9 -195.2
20211220224745  -685.0 -70.9 -195.4
20211220224746  -685.1 -70.9 -195.3
20211220224747  -685.5 -71.1 -195.4
20211220224748  -685.7 -71.1 -195.5
20211220224749  -686.0 -70.8 -195.2
20211220224750  -685.5 -71.0 -195.0
20211220224751  -685.0 -70.4 -194.4
20211220224752  -684.7 -70.3 -194.2
20211220224753  -684.5 -70.4 -193.5
20211220224754  -684.3 -70.4 -193.6
20211220224755  -683.9 -70.3 -193.5
20211220224756  -683.8 -70.1 -193.6
20211220224757  -683.8 -69.8 -193.4
20211220224758  -684.6 -70.0 -194.0
20211220224759  -685.1 -69.9 -194.2
20211220224800  -684.6 -70.0 -194.0
20211220224801  -685.0 -70.1 -194.3
20211220224802  -685.4 -70.1 -194.2
20211220224803  -685.4 -69.9 -194.2
20211220224804  -685.6 -70.1 -194.4
20211220224805  -685.6 -70.1 -194.5
20211220224806  -686.0 -70.1 -194.8
20211220224807  -686.3 -70.3 -194.8
20211220224808  -686.6 -69.9 -194.6
20211220224809  -686.7 -70.3 -194.8
20211220224810  -686.8 -70.3 -194.8
20211220224811  -686.7 -70.4 -194.9
20211220224812  -686.9 -70.4 -195.0
20211220224813  -687.1 -70.5 -194.9
20211220224814  -687.2 -70.6 -194.7
20211220224815  -687.4 -70.6 -194.9
20211220224816  -687.2 -70.6 -194.9
20211220224817  -687.0 -70.7 -194.7
20211220224818  -686.6 -70.4 -194.5
20211220224819  -686.4 -70.3 -194.1
20211220224820  -686.0 -70.1 -194.1
20211220224821  -685.6 -69.9 -193.8
20211220224822  -685.1 -69.8 -193.6
20211220224823  -685.1 -69.5 -193.0
20211220224824  -685.9 -69.8 -193.8
20211220224825  -685.8 -69.8 -194.0
20211220224826  -686.4 -70.0 -194.0
20211220224827  -686.2 -69.8 -194.2
20211220224828  -686.1 -69.9 -194.1
20211220224829  -686.1 -70.0 -193.9
20211220224830  -685.9 -70.2 -193.9
20211220224831  -685.7 -70.2 -194.0
20211220224832  -685.6 -70.0 -194.2
20211220224833  -685.6 -69.8 -194.1
20211220224834  -685.4 -70.0 -194.1
20211220224835  -685.1 -69.9 -194.1
20211220224836  -685.1 -70.2 -194.1
20211220224837  -685.0 -70.1 -194.1
20211220224838  -684.7 -70.1 -193.9
20211220224839  -684.6 -69.9 -194.2
20211220224840  -684.1 -69.7 -193.8
20211220224841  -684.0 -69.7 -194.1
20211220224842  -683.7 -69.6 -194.0
20211220224843  -683.6 -70.1 -194.3
20211220224844  -682.9 -70.2 -193.8
20211220224845  -682.6 -70.0 -193.3
20211220224846  -682.2 -69.6 -193.3
20211220224847  -681.6 -69.5 -193.3
20211220224848  -681.3 -69.2 -193.2
20211220224849  -681.3 -69.3 -193.2
20211220224850  -681.4 -69.5 -193.7
20211220224851  -681.0 -69.4 -193.7
20211220224852  -680.9 -69.7 -193.9
20211220224853  -680.5 -69.6 -194.1
20211220224854  -679.8 -69.5 -193.8
20211220224855  -679.5 -69.5 -194.0
20211220224856  -679.1 -69.7 -194.1
20211220224857  -678.9 -69.4 -193.9
20211220224858  -678.5 -69.4 -194.0
20211220224859  -678.5 -69.5 -194.2
20211220224900  -678.0 -69.4 -194.2
20211220224901  -677.8 -69.5 -194.1
20211220224902  -677.9 -69.4 -194.4
20211220224903  -677.5 -69.5 -194.4
20211220224904  -677.4 -69.5 -194.3
20211220224905  -677.0 -69.5 -194.7
20211220224906  -677.0 -69.7 -194.8
20211220224907  -677.0 -69.7 -195.2
20211220224908  -677.1 -69.6 -195.1
20211220224909  -676.7 -69.5 -195.3
20211220224910  -676.4 -69.7 -195.2
20211220224911  -676.0 -69.6 -194.8
20211220224912  -675.9 -69.6 -194.8
20211220224913  -675.5 -69.5 -194.4
20211220224914  -675.5 -69.7 -194.1
20211220224915  -675.2 -69.4 -194.3
20211220224916  -675.6 -69.7 -194.7
20211220224917  -675.7 -69.9 -195.1
20211220224918  -675.7 -70.1 -195.2
20211220224919  -676.0 -70.1 -195.3
20211220224920  -675.6 -69.9 -195.3
20211220224921  -675.6 -70.2 -195.4
20211220224922  -675.7 -70.3 -195.5
20211220224923  -676.0 -70.0 -195.5
20211220224924  -675.6 -70.3 -195.4
20211220224925  -675.6 -70.2 -195.5
20211220224926  -675.4 -70.4 -195.4
20211220224927  -675.5 -70.5 -195.1
20211220224928  -675.4 -70.4 -195.2
20211220224929  -675.1 -70.4 -195.0
20211220224930  -674.9 -70.5 -195.3
20211220224931  -674.5 -70.5 -195.1
20211220224932  -674.2 -70.6 -195.2
20211220224933  -674.1 -70.5 -195.0
20211220224934  -674.1 -70.6 -195.3
20211220224935  -674.0 -70.6 -195.2
20211220224936  -673.6 -71.1 -195.5
20211220224937  -672.9 -70.7 -194.9
20211220224938  -672.5 -70.6 -194.6
20211220224939  -672.0 -70.7 -194.9
20211220224940  -671.7 -70.4 -194.6
20211220224941  -672.3 -70.4 -194.9
20211220224942  -672.2 -70.7 -194.9
20211220224943  -672.4 -70.6 -195.0
20211220224944  -672.3 -70.6 -195.3
20211220224945  -672.2 -70.8 -195.6
20211220224946  -672.3 -71.3 -195.6
20211220224947  -672.2 -71.0 -195.3
20211220224948  -672.4 -71.2 -195.5
20211220224949  -672.4 -71.3 -195.8
20211220224950  -672.5 -71.5 -195.6
20211220224951  -672.5 -71.4 -195.6
20211220224952  -672.8 -71.2 -195.9
20211220224953  -672.7 -71.4 -195.9
20211220224954  -672.9 -71.7 -195.9
20211220224955  -673.2 -71.7 -196.1
20211220224956  -673.3 -71.7 -196.2
20211220224957  -673.5 -71.8 -196.2
20211220224958  -674.0 -71.8 -196.3
20211220224959  -674.2 -72.0 -196.6
20211220225000  -674.5 -72.3 -196.6
20211220225001  -674.7 -72.4 -196.7
20211220225002  -674.9 -72.6 -197.3
20211220225003  -674.7 -72.5 -196.6
20211220225004  -674.8 -72.3 -196.0
20211220225005  -674.5 -72.3 -195.7
20211220225006  -674.5 -72.2 -195.8
20211220225007  -675.4 -72.7 -196.1
20211220225008  -675.7 -72.6 -196.2
20211220225009  -675.8 -72.9 -196.1
20211220225010  -675.6 -72.5 -195.9
20211220225011  -675.4 -72.7 -196.3
20211220225012  -675.6 -72.8 -196.4
20211220225013  -675.9 -73.2 -196.2
20211220225014  -675.6 -72.9 -196.2
20211220225015  -675.5 -72.9 -196.2
20211220225016  -675.9 -73.0 -196.5
20211220225017  -675.4 -73.0 -196.3
20211220225018  -675.7 -72.9 -196.4
20211220225019  -675.7 -73.2 -196.1
20211220225020  -675.4 -73.5 -196.2
20211220225021  -675.5 -73.7 -196.4
20211220225022  -675.5 -73.5 -196.2
20211220225023  -675.6 -73.7 -196.0
20211220225024  -675.4 -73.8 -196.3
20211220225025  -675.6 -74.0 -196.4
20211220225026  -675.7 -73.9 -196.2
20211220225027  -675.5 -73.9 -196.4
20211220225028  -675.7 -73.9 -196.4
20211220225029  -675.0 -73.6 -196.0
20211220225030  -674.8 -73.6 -195.6
20211220225031  -674.6 -73.6 -195.5
20211220225032  -674.8 -73.2 -195.5
20211220225033  -675.7 -73.5 -196.0
20211220225034  -676.0 -73.7 -196.1
20211220225035  -676.0 -74.0 -196.3
20211220225036  -676.2 -74.2 -196.3
20211220225037  -676.3 -74.3 -196.1
20211220225038  -676.2 -74.5 -196.0
20211220225039  -676.4 -74.5 -195.9
20211220225040  -676.6 -74.6 -196.4
20211220225041  -676.9 -74.8 -196.3
20211220225042  -676.6 -74.9 -196.3
20211220225043  -677.0 -75.1 -196.4
20211220225044  -677.1 -75.1 -196.5
20211220225045  -677.2 -75.0 -196.6
20211220225046  -677.3 -75.2 -197.0
20211220225047  -677.2 -75.4 -196.7
20211220225048  -677.2 -75.6 -196.4
20211220225049  -677.7 -75.5 -196.5
20211220225050  -677.7 -75.6 -196.6
20211220225051  -677.7 -75.9 -196.6
20211220225052  -678.2 -75.9 -196.6
20211220225053  -678.1 -76.2 -196.3
20211220225054  -678.2 -76.1 -196.5
20211220225055  -677.8 -76.1 -195.9
20211220225056  -677.7 -76.2 -196.1
20211220225057  -677.5 -76.3 -196.0
20211220225058  -677.2 -76.5 -195.6
20211220225059  -677.9 -76.8 -196.0
20211220225100  -678.1 -76.7 -196.4
20211220225101  -678.2 -76.8 -196.5
20211220225102  -678.2 -77.0 -196.4
20211220225103  -678.2 -77.0 -196.1
20211220225104  -678.0 -77.3 -196.2
20211220225105  -678.0 -77.4 -196.1
20211220225106  -678.3 -77.5 -196.2
20211220225107  -678.0 -77.6 -196.4
20211220225108  -677.8 -77.5 -196.3
20211220225109  -677.7 -77.8 -196.1
20211220225110  -677.6 -78.1 -196.4
20211220225111  -677.1 -78.1 -196.0
20211220225112  -676.9 -78.1 -196.0
20211220225113  -676.5 -77.9 -196.2
20211220225114  -676.5 -78.2 -196.2
20211220225115  -676.1 -78.1 -196.2
20211220225116  -675.8 -78.5 -196.4
20211220225117  -675.7 -78.4 -196.1
20211220225118  -675.8 -78.4 -196.2
20211220225119  -675.4 -78.3 -196.5
20211220225120  -675.2 -78.7 -196.4
20211220225121  -674.6 -78.7 -196.2
20211220225122  -674.0 -78.5 -196.0
20211220225123  -673.6 -78.4 -195.6
20211220225124  -673.1 -78.1 -195.5
20211220225125  -673.0 -78.2 -195.7
20211220225126  -673.7 -78.6 -196.3
20211220225127  -673.6 -78.1 -196.6
20211220225128  -673.4 -78.2 -196.7
20211220225129  -673.4 -78.4 -196.8
20211220225130  -673.3 -78.2 -196.9
20211220225131  -673.5 -78.4 -196.8
20211220225132  -673.5 -78.7 -196.8
20211220225133  -673.4 -78.4 -196.8
20211220225134  -673.2 -78.6 -196.9
20211220225135  -673.4 -78.5 -197.1
20211220225136  -673.3 -78.5 -196.9
20211220225137  -673.2 -78.1 -196.9
20211220225138  -673.1 -78.3 -197.1
20211220225139  -673.1 -78.3 -197.0
20211220225140  -672.8 -78.4 -196.7
20211220225141  -672.9 -78.3 -196.6
20211220225142  -673.0 -78.6 -196.7
20211220225143  -672.5 -78.4 -197.0
20211220225144  -672.5 -78.4 -197.0
20211220225145  -672.2 -78.1 -197.1
20211220225146  -671.8 -78.2 -197.1
20211220225147  -671.0 -78.2 -196.9
20211220225148  -670.8 -78.0 -196.5
20211220225149  -670.5 -77.6 -196.2
20211220225150  -670.3 -77.6 -195.8
20211220225151  -670.1 -77.7 -195.9
20211220225152  -670.3 -77.8 -196.3
20211220225153  -670.4 -78.0 -196.4
20211220225154  -670.3 -77.6 -196.5
20211220225155  -670.0 -77.6 -196.3
20211220225156  -670.1 -77.8 -196.7
20211220225157  -669.8 -77.7 -196.8
20211220225158  -669.6 -77.7 -196.9
20211220225159  -669.5 -77.6 -197.0
20211220225200  -669.6 -77.2 -197.2
20211220225201  -669.2 -77.3 -197.0
20211220225202  -669.2 -77.2 -197.0
20211220225203  -668.8 -77.4 -197.1
20211220225204  -668.7 -77.5 -197.3
20211220225205  -668.5 -77.6 -197.6
20211220225206  -668.4 -77.3 -197.4
20211220225207  -667.9 -77.4 -197.8
20211220225208  -667.6 -77.3 -197.7
20211220225209  -667.4 -77.4 -197.5
20211220225210  -667.4 -77.3 -197.6
20211220225211  -667.1 -77.3 -197.6
20211220225212  -666.8 -77.2 -197.5
20211220225213  -666.4 -77.4 -197.2
20211220225214  -665.7 -77.0 -196.9
20211220225215  -665.2 -77.0 -196.5
20211220225216  -664.8 -76.6 -196.3
20211220225217  -664.7 -76.4 -196.2
20211220225218  -664.7 -76.2 -196.3
20211220225219  -665.2 -76.8 -196.8
20211220225220  -664.8 -76.5 -196.8
20211220225221  -664.9 -76.7 -197.0
20211220225222  -664.9 -76.4 -197.3
20211220225223  -664.4 -76.6 -197.3
20211220225224  -664.2 -76.4 -197.5
20211220225225  -663.5 -76.4 -197.6
20211220225226  -663.6 -76.3 -197.9
20211220225227  -663.3 -76.2 -197.6
20211220225228  -663.0 -75.9 -197.5
20211220225229  -662.5 -75.9 -197.8
20211220225230  -662.5 -75.9 -197.7
20211220225231  -662.2 -75.6 -197.8
20211220225232  -661.8 -75.7 -197.8
20211220225233  -661.3 -75.8 -197.6
20211220225234  -661.0 -75.6 -197.7
20211220225235  -660.6 -75.7 -198.0
20211220225236  -660.5 -75.5 -198.2
20211220225237  -660.1 -75.2 -198.0
20211220225238  -659.9 -75.3 -198.1
20211220225239  -659.2 -75.2 -198.2
20211220225240  -658.6 -74.9 -197.7
20211220225241  -658.0 -74.7 -197.4
20211220225242  -657.5 -74.7 -197.6
20211220225243  -657.2 -74.4 -197.4
20211220225244  -657.2 -74.3 -197.4
20211220225245  -657.7 -74.0 -197.9
20211220225246  -657.5 -74.0 -198.0
20211220225247  -657.3 -74.1 -198.1
20211220225248  -657.3 -73.9 -198.2
20211220225249  -656.9 -73.9 -198.5
20211220225250  -656.7 -73.8 -198.6
20211220225251  -656.5 -73.7 -198.7
20211220225252  -656.4 -73.6 -198.7
20211220225253  -656.1 -73.7 -198.7
20211220225254  -656.0 -73.6 -198.9
20211220225255  -655.7 -73.4 -198.6
20211220225256  -655.4 -73.4 -198.9
20211220225257  -655.4 -73.4 -198.8
20211220225258  -655.3 -73.3 -198.9
20211220225259  -655.0 -73.2 -199.1
20211220225300  -654.9 -73.0 -199.3
20211220225301  -654.7 -73.0 -199.3
20211220225302  -654.5 -72.8 -199.5
20211220225303  -654.5 -72.8 -199.2
20211220225304  -654.6 -73.1 -199.5
20211220225305  -654.3 -73.0 -199.8
20211220225306  -653.8 -72.3 -199.3
20211220225307  -653.4 -72.3 -199.1
20211220225308  -653.4 -72.4 -198.7
20211220225309  -653.2 -72.0 -198.9
20211220225310  -653.1 -72.0 -198.7
20211220225311  -653.8 -71.9 -199.4
20211220225312  -653.9 -72.0 -199.6
20211220225313  -654.3 -72.0 -199.6
20211220225314  -654.4 -72.4 -199.8
20211220225315  -654.7 -72.4 -200.0
20211220225316  -654.8 -72.3 -200.1
20211220225317  -654.8 -72.2 -200.0
20211220225318  -655.1 -72.2 -199.9
20211220225319  -655.4 -72.1 -199.7
20211220225320  -655.3 -72.0 -199.5
20211220225321  -655.5 -72.2 -199.8
20211220225322  -655.6 -72.1 -199.9
20211220225323  -656.0 -72.0 -200.0
20211220225324  -656.3 -72.0 -200.4
20211220225325  -656.2 -72.1 -200.0
20211220225326  -656.3 -72.1 -200.1
20211220225327  -656.4 -72.1 -200.2
20211220225328  -656.4 -72.1 -200.2
20211220225329  -656.5 -72.1 -200.5
20211220225330  -656.9 -72.4 -200.2
20211220225331  -656.9 -72.5 -200.5
20211220225332  -656.8 -72.4 -200.3
20211220225333  -656.4 -72.1 -200.3
20211220225334  -656.2 -72.1 -199.9
20211220225335  -656.4 -72.0 -199.6
20211220225336  -656.2 -72.0 -199.3
20211220225337  -656.9 -72.0 -199.7
20211220225338  -657.3 -72.2 -200.3
20211220225339  -657.3 -72.2 -200.3
20211220225340  -657.6 -72.3 -200.2
20211220225341  -657.7 -72.5 -200.3
20211220225342  -658.1 -72.6 -200.6
20211220225343  -658.4 -72.6 -200.5
20211220225344  -658.5 -72.5 -200.9
20211220225345  -658.8 -72.5 -200.8
20211220225346  -658.9 -72.7 -200.6
20211220225347  -659.1 -72.6 -200.9
20211220225348  -659.4 -73.0 -200.8
20211220225349  -659.6 -72.9 -200.9
20211220225350  -659.8 -72.8 -201.2
20211220225351  -660.5 -72.8 -201.0
20211220225352  -660.8 -72.9 -201.1
20211220225353  -661.2 -72.9 -201.1
20211220225354  -661.4 -72.9 -200.9
20211220225355  -661.8 -73.0 -200.6
20211220225356  -662.0 -73.1 -200.8
20211220225357  -662.4 -73.0 -201.0
20211220225358  -662.0 -73.2 -200.8
20211220225359  -661.8 -72.9 -200.4
20211220225400  -661.8 -73.0 -200.0
20211220225401  -661.8 -73.1 -199.7
20211220225402  -662.0 -72.7 -199.3
20211220225403  -662.0 -72.9 -199.5
20211220225404  -662.9 -73.1 -200.3
20211220225405  -663.1 -73.0 -200.2
20211220225406  -663.2 -73.2 -200.0
20211220225407  -663.4 -73.3 -200.2
20211220225408  -663.3 -73.5 -200.4
20211220225409  -663.6 -73.3 -200.6
20211220225410  -664.0 -73.5 -200.6
20211220225411  -664.1 -73.5 -200.6
20211220225412  -663.9 -73.4 -200.6
20211220225413  -664.1 -73.5 -200.6
20211220225414  -664.4 -73.4 -200.0
20211220225415  -664.7 -73.4 -200.5
20211220225416  -664.7 -73.4 -200.5
20211220225417  -664.8 -73.3 -200.2
20211220225418  -665.0 -73.5 -200.4
20211220225419  -664.9 -73.5 -200.5
20211220225420  -665.3 -73.6 -200.0
20211220225421  -665.4 -73.3 -199.7
20211220225422  -665.3 -73.4 -200.1
20211220225423  -665.5 -73.3 -199.9
20211220225424  -665.3 -73.7 -200.1
20211220225425  -664.9 -73.5 -199.5
20211220225426  -664.8 -73.2 -199.4
20211220225427  -664.5 -73.2 -199.4
20211220225428  -664.2 -73.3 -199.0
20211220225429  -664.7 -73.3 -199.2
20211220225430  -665.3 -73.5 -199.8
20211220225431  -665.6 -73.7 -199.8
20211220225432  -665.7 -73.6 -199.9
20211220225433  -666.0 -73.6 -199.8
20211220225434  -666.1 -73.6 -200.0
20211220225435  -665.8 -73.6 -199.9
20211220225436  -665.8 -73.7 -199.9
20211220225437  -665.9 -73.6 -200.2
20211220225438  -665.9 -73.7 -200.2
20211220225439  -666.1 -74.0 -199.8
20211220225440  -666.1 -74.0 -199.8
20211220225441  -666.1 -73.6 -200.0
20211220225442  -666.2 -73.8 -200.1
20211220225443  -666.3 -74.0 -199.8
20211220225444  -666.1 -74.3 -199.8
20211220225445  -666.2 -74.7 -199.9
20211220225446  -666.0 -74.5 -199.8
20211220225447  -666.0 -74.3 -199.9
20211220225448  -665.9 -74.5 -199.8
20211220225449  -665.7 -74.3 -199.6
20211220225450  -665.9 -74.4 -200.0
20211220225451  -665.7 -74.7 -199.9
20211220225452  -665.2 -74.7 -199.6
20211220225453  -665.2 -74.5 -199.4
20211220225454  -664.8 -74.5 -199.1
20211220225455  -665.1 -74.4 -199.5
20211220225456  -665.9 -74.6 -199.7
20211220225457  -665.8 -74.9 -199.7
20211220225458  -665.9 -74.9 -200.2
20211220225459  -665.9 -74.8 -200.0
20211220225500  -666.1 -74.7 -199.8
20211220225501  -666.0 -74.6 -199.8
20211220225502  -665.5 -74.8 -199.4
20211220225503  -665.6 -74.9 -199.4
20211220225504  -665.4 -74.8 -199.5
20211220225505  -665.1 -74.8 -199.7
20211220225506  -664.7 -74.9 -199.5
20211220225507  -664.5 -74.9 -199.4
20211220225508  -664.3 -74.9 -199.3
20211220225509  -664.1 -75.0 -199.2
20211220225510  -663.4 -75.3 -198.9
20211220225511  -663.1 -75.0 -199.1
20211220225512  -662.6 -75.3 -199.0
20211220225513  -662.3 -75.3 -199.1
20211220225514  -662.0 -75.3 -199.0
20211220225515  -661.5 -74.7 -199.2
20211220225516  -661.0 -74.9 -199.2
20211220225517  -660.1 -74.7 -198.8
20211220225518  -659.2 -74.5 -198.4
20211220225519  -658.5 -74.4 -198.0
20211220225520  -658.3 -74.4 -198.0
20211220225521  -657.9 -74.2 -198.1
20211220225522  -658.6 -74.4 -198.5
20211220225523  -658.7 -74.2 -198.7
20211220225524  -658.6 -74.3 -198.9
20211220225525  -658.5 -74.4 -198.9
20211220225526  -658.2 -74.3 -199.1
20211220225527  -658.4 -74.1 -198.9
20211220225528  -658.4 -74.4 -199.4
20211220225529  -658.6 -74.4 -199.6
20211220225530  -658.4 -74.5 -199.4
20211220225531  -658.7 -74.5 -199.4
20211220225532  -658.3 -74.5 -199.2
20211220225533  -658.4 -74.5 -199.1
20211220225534  -658.5 -74.1 -199.3
20211220225535  -658.6 -74.0 -199.7
20211220225536  -658.8 -74.2 -199.4
20211220225537  -658.7 -74.3 -199.6
20211220225538  -658.5 -74.8 -199.3
20211220225539  -658.5 -74.7 -199.2
20211220225540  -658.5 -74.6 -199.3
20211220225541  -658.6 -74.7 -199.2
20211220225542  -658.6 -74.5 -199.2
20211220225543  -658.7 -74.8 -199.3
20211220225544  -658.0 -74.5 -198.9
20211220225545  -657.7 -74.4 -198.5
20211220225546  -657.4 -74.4 -198.2
20211220225547  -657.5 -74.3 -197.8
20211220225548  -658.4 -74.7 -198.7
20211220225549  -658.4 -74.8 -198.7
20211220225550  -658.4 -74.9 -198.8
20211220225551  -658.3 -74.9 -199.0
20211220225552  -658.6 -75.0 -198.9
20211220225553  -658.5 -74.8 -199.2
20211220225554  -658.5 -74.7 -199.0
20211220225555  -658.7 -75.0 -199.2
20211220225556  -658.7 -75.2 -199.3
20211220225557  -659.2 -75.1 -199.1
20211220225558  -659.0 -75.0 -199.1
20211220225559  -659.2 -75.0 -199.1
20211220225600  -659.4 -75.3 -199.1
20211220225601  -659.4 -75.2 -199.1
20211220225602  -659.4 -75.3 -198.9
20211220225603  -659.4 -75.2 -198.9
20211220225604  -659.4 -75.2 -198.8
20211220225605  -659.5 -75.2 -198.8
20211220225606  -659.6 -75.5 -198.8
20211220225607  -659.9 -75.9 -198.5
20211220225608  -659.7 -76.0 -198.8
20211220225609  -659.8 -76.1 -198.7
20211220225610  -659.3 -76.2 -198.6
20211220225611  -659.1 -76.0 -198.4
20211220225612  -658.9 -75.9 -198.2
20211220225613  -659.1 -75.8 -198.3
20211220225614  -659.8 -75.9 -198.8
20211220225615  -659.8 -76.1 -198.7
20211220225616  -659.9 -76.1 -198.3
20211220225617  -659.9 -76.4 -198.4
20211220225618  -660.1 -76.5 -198.5
20211220225619  -660.3 -76.6 -198.8
20211220225620  -660.3 -76.5 -198.7
20211220225621  -660.3 -76.4 -198.5
20211220225622  -660.4 -76.7 -198.5
20211220225623  -660.8 -76.8 -198.8
20211220225624  -660.7 -76.6 -198.7
20211220225625  -660.8 -76.6 -198.5
20211220225626  -660.8 -77.1 -198.7
20211220225627  -661.0 -77.2 -198.3
20211220225628  -661.0 -77.5 -198.4
20211220225629  -661.2 -77.5 -198.5
20211220225630  -661.2 -77.5 -198.1
20211220225631  -661.6 -77.3 -198.3
20211220225632  -661.8 -77.3 -198.4
20211220225633  -661.6 -77.8 -198.4
20211220225634  -661.6 -77.8 -198.4
20211220225635  -661.6 -77.8 -198.4
20211220225636  -660.9 -78.0 -197.9
20211220225637  -660.9 -77.6 -197.8
20211220225638  -661.0 -77.6 -197.8
20211220225639  -661.7 -78.0 -198.0
20211220225640  -662.2 -78.0 -198.5
20211220225641  -662.0 -78.1 -197.8
20211220225642  -662.2 -78.1 -197.9
20211220225643  -662.4 -78.0 -197.8
20211220225644  -662.4 -78.1 -197.9
20211220225645  -662.6 -78.4 -197.8
20211220225646  -662.7 -78.4 -197.7
20211220225647  -663.0 -78.7 -197.8
20211220225648  -663.1 -78.7 -198.2
20211220225649  -663.0 -78.6 -198.2
20211220225650  -663.0 -78.4 -198.1
20211220225651  -663.0 -78.6 -198.0
20211220225652  -663.2 -78.7 -197.8
20211220225653  -663.4 -78.7 -198.0
20211220225654  -663.3 -78.9 -198.1
20211220225655  -662.7 -79.0 -197.7
20211220225656  -663.0 -79.2 -197.9
20211220225657  -663.1 -79.1 -198.0
20211220225658  -663.1 -79.5 -197.9
20211220225659  -663.4 -79.4 -197.8
20211220225700  -663.4 -79.3 -197.6
20211220225701  -663.3 -79.5 -197.5
20211220225702  -663.0 -79.4 -197.2
20211220225703  -662.4 -79.7 -197.1
20211220225704  -662.2 -79.4 -196.9
20211220225705  -663.0 -79.5 -197.2
20211220225706  -662.9 -79.5 -197.2
20211220225707  -663.1 -79.4 -197.4
20211220225708  -662.9 -79.9 -197.3
20211220225709  -662.8 -79.9 -197.4
20211220225710  -662.8 -79.9 -197.2
20211220225711  -662.5 -80.1 -197.1
20211220225712  -662.5 -79.9 -197.0
20211220225713  -662.2 -80.3 -196.9
20211220225714  -662.0 -80.5 -197.1
20211220225715  -662.1 -80.3 -197.0
20211220225716  -661.9 -80.2 -197.3
20211220225717  -661.6 -80.5 -197.3
20211220225718  -661.3 -80.5 -197.0
20211220225719  -661.1 -80.6 -197.0
20211220225720  -660.7 -80.5 -197.3
20211220225721  -660.5 -80.6 -197.0
20211220225722  -660.3 -80.4 -196.9
20211220225723  -660.3 -80.5 -197.2
20211220225724  -660.1 -80.6 -197.2
20211220225725  -659.9 -80.7 -197.4
20211220225726  -659.5 -81.1 -197.7
20211220225727  -659.4 -81.3 -197.3
20211220225728  -658.8 -81.7 -197.3
20211220225729  -658.2 -81.3 -197.1
20211220225730  -657.9 -81.2 -196.8
20211220225731  -658.3 -81.1 -197.6
20211220225732  -658.4 -81.3 -197.7
20211220225733  -658.2 -81.3 -197.8
20211220225734  -657.8 -81.5 -197.6
20211220225735  -657.5 -81.6 -197.9
20211220225736  -657.5 -81.7 -198.3
20211220225737  -657.5 -82.0 -198.5
20211220225738  -657.3 -81.8 -198.4
20211220225739  -657.0 -81.8 -198.3
20211220225740  -656.9 -82.0 -198.6
20211220225741  -656.6 -81.9 -198.7
20211220225742  -656.3 -82.1 -198.6
20211220225743  -656.3 -82.3 -198.6
20211220225744  -656.3 -82.3 -199.0
20211220225745  -656.1 -82.6 -198.7
20211220225746  -655.6 -82.8 -198.9
20211220225747  -655.5 -82.7 -198.8
20211220225748  -655.4 -82.8 -198.9
20211220225749  -655.2 -82.8 -198.8
20211220225750  -655.2 -82.8 -198.5
20211220225751  -654.6 -83.2 -198.8
20211220225752  -654.5 -82.9 -199.1
20211220225753  -654.2 -82.8 -199.3
20211220225754  -653.9 -83.2 -199.3
20211220225755  -652.9 -83.0 -198.8
20211220225756  -652.6 -82.9 -198.2
20211220225757  -653.3 -83.2 -199.1
20211220225758  -652.8 -83.4 -198.9
20211220225759  -652.5 -83.5 -199.1
20211220225800  -652.4 -83.5 -198.8
20211220225801  -652.0 -83.5 -199.2
20211220225802  -651.3 -83.8 -199.1
20211220225803  -651.3 -83.6 -199.3
20211220225804  -651.2 -84.0 -199.3
20211220225805  -650.8 -84.0 -199.5
20211220225806  -650.7 -84.1 -199.6
20211220225807  -650.3 -83.8 -199.6
20211220225808  -650.1 -84.0 -200.0
20211220225809  -649.8 -83.9 -200.0
20211220225810  -649.5 -84.1 -200.0
20211220225811  -649.4 -84.3 -200.1
20211220225812  -649.2 -84.7 -200.2
20211220225813  -649.1 -84.4 -200.4
20211220225814  -648.7 -84.4 -200.3
20211220225815  -648.7 -84.7 -200.8
20211220225816  -648.6 -84.7 -200.6
