20211115233530  -730.0 -66.9 -192.3
20211115233531  -729.4 -66.7 -192.3
20211115233532  -729.0 -66.8 -191.6
20211115233533  -729.1 -66.6 -191.3
20211115233534  -729.2 -66.5 -191.5
20211115233535  -729.8 -66.6 -191.9
20211115233536  -730.1 -66.7 -192.1
20211115233537  -730.1 -66.6 -191.9
20211115233538  -730.2 -67.0 -192.0
20211115233539  -730.3 -66.9 -192.3
20211115233540  -730.4 -66.9 -192.2
20211115233541  -730.8 -66.7 -192.0
20211115233542  -731.0 -66.7 -191.8
20211115233543  -731.4 -66.9 -191.8
20211115233544  -731.5 -67.2 -191.8
20211115233545  -731.5 -67.2 -191.4
20211115233546  -731.9 -67.2 -191.8
20211115233547  -732.0 -67.1 -191.6
20211115233548  -732.4 -67.1 -191.6
20211115233549  -732.4 -67.0 -191.5
20211115233550  -732.7 -66.9 -191.6
20211115233551  -732.9 -67.1 -191.9
20211115233552  -733.5 -67.0 -191.8
20211115233553  -733.9 -67.1 -191.8
20211115233554  -734.5 -67.3 -191.8
20211115233555  -734.5 -67.3 -191.5
20211115233556  -734.5 -67.2 -191.6
20211115233557  -734.9 -67.3 -191.7
20211115233558  -735.0 -67.2 -191.4
20211115233559  -735.2 -67.2 -191.4
20211115233600  -735.6 -67.1 -191.2
20211115233601  -735.7 -67.2 -191.4
20211115233602  -735.4 -67.2 -190.7
20211115233603  -735.4 -67.0 -190.6
20211115233604  -735.6 -67.1 -190.4
20211115233605  -736.7 -67.2 -190.9
20211115233606  -736.9 -67.2 -190.9
20211115233607  -737.3 -67.0 -190.7
20211115233608  -737.5 -67.0 -190.6
20211115233609  -737.6 -67.4 -190.7
20211115233610  -738.2 -67.4 -190.8
20211115233611  -738.5 -67.4 -190.7
20211115233612  -738.8 -67.5 -190.8
20211115233613  -738.9 -67.5 -190.7
20211115233614  -738.9 -67.3 -190.7
20211115233615  -739.4 -67.4 -190.9
20211115233616  -739.4 -67.5 -190.7
20211115233617  -739.6 -67.6 -190.5
20211115233618  -739.9 -67.4 -190.2
20211115233619  -740.1 -67.6 -190.1
20211115233620  -740.3 -67.7 -190.2
20211115233621  -740.2 -67.9 -190.2
20211115233622  -740.4 -67.5 -190.2
20211115233623  -740.2 -67.7 -189.8
20211115233624  -740.6 -67.7 -190.1
20211115233625  -740.5 -67.6 -190.2
20211115233626  -740.5 -67.7 -190.1
20211115233627  -740.7 -67.8 -189.7
20211115233628  -740.6 -67.9 -189.9
20211115233629  -740.9 -67.8 -189.9
20211115233630  -740.8 -67.8 -189.8
20211115233631  -740.9 -67.7 -189.8
20211115233632  -740.3 -67.6 -189.2
20211115233633  -739.9 -67.6 -188.9
20211115233634  -739.9 -67.2 -188.8
20211115233635  -740.2 -67.5 -188.9
20211115233636  -740.6 -67.2 -189.3
20211115233637  -741.0 -67.4 -189.5
20211115233638  -741.1 -67.6 -189.5
20211115233639  -741.2 -67.3 -189.1
20211115233640  -741.3 -67.4 -189.4
20211115233641  -741.5 -67.3 -189.3
20211115233642  -741.5 -67.5 -189.4
20211115233643  -741.7 -67.1 -189.3
20211115233644  -741.9 -67.1 -189.1
20211115233645  -742.2 -67.1 -189.1
20211115233646  -742.3 -67.2 -189.1
20211115233647  -742.1 -67.2 -189.0
20211115233648  -742.3 -67.5 -189.2
20211115233649  -742.5 -67.3 -189.4
20211115233650  -742.7 -67.4 -189.1
20211115233651  -743.3 -67.6 -188.9
20211115233652  -743.4 -67.7 -189.1
20211115233653  -743.5 -67.4 -188.7
20211115233654  -743.4 -67.2 -188.8
20211115233655  -743.3 -67.1 -188.8
20211115233656  -743.6 -67.1 -189.1
20211115233657  -744.0 -67.3 -189.0
20211115233658  -744.1 -67.2 -188.7
20211115233659  -744.3 -67.2 -188.9
20211115233700  -744.6 -67.1 -188.8
20211115233701  -744.5 -67.1 -188.6
20211115233702  -743.8 -67.2 -188.2
20211115233703  -744.1 -66.9 -187.9
20211115233704  -744.4 -66.5 -187.6
20211115233705  -744.4 -66.5 -187.6
20211115233706  -745.3 -66.3 -188.3
20211115233707  -745.7 -66.4 -188.5
20211115233708  -746.0 -66.7 -188.1
20211115233709  -746.2 -66.5 -188.0
20211115233710  -746.7 -66.6 -188.0
20211115233711  -746.9 -66.2 -188.1
20211115233712  -747.3 -66.1 -188.1
20211115233713  -747.7 -66.3 -188.3
20211115233714  -747.7 -66.2 -188.1
20211115233715  -747.9 -66.4 -187.8
20211115233716  -748.1 -66.1 -187.7
20211115233717  -748.1 -66.0 -187.7
20211115233718  -748.3 -65.9 -187.7
20211115233719  -748.5 -65.9 -187.6
20211115233720  -748.7 -66.1 -187.3
20211115233721  -749.0 -65.9 -187.2
20211115233722  -749.4 -66.1 -186.8
20211115233723  -749.3 -66.2 -187.0
20211115233724  -749.3 -66.0 -187.0
20211115233725  -749.5 -65.7 -186.9
20211115233726  -749.6 -65.7 -186.8
20211115233727  -749.7 -65.7 -186.7
20211115233728  -749.7 -65.9 -186.5
20211115233729  -749.9 -66.0 -186.6
20211115233730  -749.8 -66.1 -186.3
20211115233731  -750.0 -66.1 -186.6
20211115233732  -749.7 -66.0 -186.4
20211115233733  -749.2 -65.9 -185.8
20211115233734  -749.1 -65.7 -185.6
20211115233735  -749.3 -66.0 -185.7
20211115233736  -750.3 -66.0 -186.1
20211115233737  -750.3 -65.8 -186.3
20211115233738  -750.1 -65.6 -186.2
20211115233739  -750.1 -65.9 -186.0
20211115233740  -750.1 -65.8 -186.1
20211115233741  -750.2 -65.9 -186.1
20211115233742  -750.4 -65.9 -185.9
20211115233743  -750.3 -66.0 -186.0
20211115233744  -750.2 -66.3 -185.8
20211115233745  -750.3 -65.9 -185.9
20211115233746  -750.4 -65.8 -185.7
20211115233747  -750.1 -65.6 -185.3
20211115233748  -750.3 -66.0 -185.7
20211115233749  -750.1 -66.1 -185.8
20211115233750  -750.2 -65.9 -186.1
20211115233751  -750.5 -66.0 -185.8
20211115233752  -750.4 -66.2 -185.8
20211115233753  -750.6 -66.0 -185.6
20211115233754  -750.6 -66.0 -185.5
20211115233755  -750.9 -65.7 -185.3
20211115233756  -751.0 -65.7 -185.6
20211115233757  -751.0 -65.7 -185.3
20211115233758  -750.9 -66.0 -185.4
20211115233759  -751.0 -65.7 -185.6
20211115233800  -751.4 -65.7 -185.6
20211115233801  -751.3 -65.7 -185.5
20211115233802  -751.5 -65.8 -185.7
20211115233803  -751.0 -65.9 -185.4
20211115233804  -750.9 -65.6 -185.0
20211115233805  -751.0 -65.6 -185.2
20211115233806  -751.7 -65.7 -185.5
20211115233807  -752.0 -65.5 -185.3
20211115233808  -752.2 -65.6 -185.4
20211115233809  -752.5 -65.6 -185.5
20211115233810  -752.7 -65.7 -185.4
20211115233811  -752.6 -65.7 -185.5
20211115233812  -752.8 -65.6 -184.9
20211115233813  -752.8 -65.6 -185.0
20211115233814  -753.2 -65.6 -185.0
20211115233815  -753.1 -65.4 -185.3
20211115233816  -753.0 -65.4 -185.2
20211115233817  -753.2 -65.4 -185.3
20211115233818  -753.0 -65.5 -185.2
20211115233819  -753.1 -65.5 -185.4
20211115233820  -752.9 -65.8 -185.2
20211115233821  -753.0 -65.6 -185.0
20211115233822  -752.9 -65.7 -185.3
20211115233823  -752.7 -65.5 -185.1
20211115233824  -752.7 -65.4 -185.0
20211115233825  -752.7 -65.5 -185.1
20211115233826  -752.7 -65.4 -185.0
20211115233827  -752.8 -65.5 -185.1
20211115233828  -752.7 -65.6 -184.8
20211115233829  -752.6 -65.3 -184.8
20211115233830  -752.2 -65.2 -185.0
20211115233831  -752.3 -65.3 -185.2
20211115233832  -752.4 -65.4 -185.2
20211115233833  -751.8 -65.3 -184.8
20211115233834  -751.1 -65.4 -184.2
20211115233835  -751.5 -65.3 -184.1
20211115233836  -751.6 -65.5 -184.8
20211115233837  -751.8 -65.6 -184.8
20211115233838  -751.6 -65.6 -184.9
20211115233839  -751.4 -65.6 -184.9
20211115233840  -751.3 -65.4 -184.7
20211115233841  -751.1 -65.4 -184.8
20211115233842  -751.3 -65.4 -184.8
20211115233843  -751.2 -65.4 -184.7
20211115233844  -751.4 -65.4 -184.6
20211115233845  -751.0 -65.2 -184.6
20211115233846  -750.6 -65.2 -184.6
20211115233847  -750.4 -65.2 -184.7
20211115233848  -750.3 -65.4 -184.5
20211115233849  -750.2 -65.4 -184.6
20211115233850  -750.5 -65.4 -184.9
20211115233851  -750.3 -65.3 -184.8
20211115233852  -750.5 -65.3 -185.0
20211115233853  -750.7 -65.3 -184.8
20211115233854  -750.6 -65.2 -185.0
20211115233855  -750.4 -65.0 -185.0
20211115233856  -750.6 -65.1 -185.0
20211115233857  -750.6 -65.5 -184.9
20211115233858  -750.4 -65.4 -185.1
20211115233859  -750.4 -65.3 -184.7
20211115233900  -750.4 -65.0 -184.9
20211115233901  -750.3 -65.1 -185.1
20211115233902  -750.4 -64.9 -184.7
20211115233903  -750.4 -65.1 -184.8
20211115233904  -749.8 -64.8 -184.1
20211115233905  -749.7 -64.7 -184.1
20211115233906  -750.3 -64.9 -184.6
20211115233907  -750.2 -65.0 -184.8
20211115233908  -750.1 -65.2 -184.5
20211115233909  -750.1 -64.9 -184.4
20211115233910  -750.1 -65.0 -184.7
20211115233911  -750.3 -65.4 -184.5
20211115233912  -750.2 -65.2 -184.5
20211115233913  -750.4 -65.3 -184.5
20211115233914  -750.4 -65.2 -184.6
20211115233915  -750.5 -65.1 -184.9
20211115233916  -750.8 -65.0 -184.8
20211115233917  -750.8 -65.4 -184.8
20211115233918  -750.9 -65.3 -184.7
20211115233919  -750.8 -65.3 -184.6
20211115233920  -751.0 -65.3 -184.6
20211115233921  -751.0 -65.0 -184.3
20211115233922  -750.9 -65.2 -184.6
20211115233923  -751.0 -65.0 -184.8
20211115233924  -751.3 -65.0 -184.9
20211115233925  -751.4 -65.0 -185.0
20211115233926  -751.5 -64.8 -185.0
20211115233927  -751.3 -64.8 -184.8
20211115233928  -751.8 -64.9 -184.6
20211115233929  -751.9 -64.8 -184.8
20211115233930  -752.2 -64.8 -184.9
20211115233931  -752.6 -65.0 -184.6
20211115233932  -752.3 -64.6 -184.7
20211115233933  -752.5 -64.8 -184.9
20211115233934  -752.6 -64.9 -184.8
20211115233935  -752.5 -64.4 -184.4
20211115233936  -753.2 -64.6 -184.7
20211115233937  -753.5 -64.6 -184.5
20211115233938  -753.6 -64.7 -184.5
20211115233939  -753.8 -64.6 -184.3
20211115233940  -753.5 -64.5 -184.4
20211115233941  -753.9 -64.4 -184.3
20211115233942  -753.8 -64.2 -184.0
20211115233943  -753.9 -64.4 -184.1
20211115233944  -754.2 -64.2 -184.1
20211115233945  -753.9 -64.5 -184.1
20211115233946  -754.1 -64.2 -184.1
20211115233947  -754.1 -64.1 -184.0
20211115233948  -754.0 -64.1 -183.9
20211115233949  -754.1 -63.9 -183.8
20211115233950  -754.1 -64.0 -184.0
20211115233951  -754.4 -63.9 -183.7
20211115233952  -754.1 -63.9 -183.7
20211115233953  -754.2 -64.0 -183.9
20211115233954  -754.3 -63.8 -184.0
20211115233955  -754.5 -63.9 -183.8
20211115233956  -754.4 -64.0 -184.0
20211115233957  -754.3 -63.8 -183.8
20211115233958  -754.5 -63.5 -183.5
20211115233959  -754.6 -63.7 -183.6
20211115234000  -754.7 -63.8 -183.4
20211115234001  -754.5 -64.0 -183.6
20211115234002  -754.5 -64.0 -183.7
20211115234003  -754.7 -63.9 -183.3
20211115234004  -754.6 -64.1 -183.1
20211115234005  -754.1 -63.7 -182.7
20211115234006  -754.8 -63.7 -183.1
20211115234007  -754.9 -63.6 -183.5
20211115234008  -755.0 -63.5 -183.4
20211115234009  -755.2 -63.7 -183.4
20211115234010  -755.5 -63.7 -183.4
20211115234011  -755.7 -63.8 -183.5
20211115234012  -755.7 -63.8 -183.8
20211115234013  -755.4 -63.5 -183.3
20211115234014  -755.5 -63.6 -183.4
20211115234015  -755.7 -63.8 -183.3
20211115234016  -755.5 -63.5 -183.4
20211115234017  -755.9 -63.4 -183.3
20211115234018  -755.8 -63.5 -183.0
20211115234019  -756.0 -63.7 -182.9
20211115234020  -756.1 -63.5 -182.9
20211115234021  -756.2 -63.6 -182.7
20211115234022  -756.2 -63.7 -182.4
20211115234023  -756.7 -63.7 -182.6
20211115234024  -756.8 -63.4 -182.5
20211115234025  -756.9 -63.5 -182.3
20211115234026  -756.9 -63.5 -182.5
20211115234027  -757.1 -63.2 -182.5
20211115234028  -757.1 -63.3 -182.4
20211115234029  -757.3 -63.6 -182.1
20211115234030  -757.4 -63.4 -182.3
20211115234031  -757.4 -63.4 -182.1
20211115234032  -757.5 -63.5 -182.1
20211115234033  -757.6 -63.4 -182.1
20211115234034  -757.3 -63.5 -182.0
20211115234035  -756.7 -63.5 -181.5
20211115234036  -756.5 -63.1 -181.2
20211115234037  -756.8 -63.2 -181.6
20211115234038  -756.9 -63.3 -181.5
20211115234039  -756.4 -63.2 -181.7
20211115234040  -756.4 -63.1 -181.5
20211115234041  -756.6 -63.0 -181.3
20211115234042  -756.0 -63.1 -181.4
20211115234043  -756.0 -63.1 -181.4
20211115234044  -756.0 -63.3 -181.4
20211115234045  -755.5 -63.4 -181.5
20211115234046  -755.5 -63.2 -181.5
20211115234047  -755.4 -63.1 -181.3
20211115234048  -755.0 -63.1 -181.5
20211115234049  -754.9 -63.0 -181.3
20211115234050  -754.9 -63.0 -181.1
20211115234051  -754.9 -63.0 -181.3
20211115234052  -755.0 -63.1 -181.4
20211115234053  -755.3 -62.8 -181.8
20211115234054  -754.6 -62.8 -181.8
20211115234055  -754.6 -62.8 -181.7
20211115234056  -755.1 -63.2 -181.7
20211115234057  -755.0 -63.2 -181.4
20211115234058  -755.0 -63.2 -181.6
20211115234059  -755.0 -63.2 -181.6
20211115234100  -755.0 -63.1 -181.5
20211115234101  -755.1 -63.1 -181.6
20211115234102  -754.9 -63.3 -181.5
20211115234103  -755.1 -63.4 -182.0
20211115234104  -755.2 -63.1 -181.9
20211115234105  -754.4 -63.3 -181.3
20211115234106  -754.3 -62.8 -181.0
20211115234107  -754.8 -62.8 -181.3
20211115234108  -755.2 -62.7 -181.4
20211115234109  -755.4 -62.5 -181.8
20211115234110  -755.7 -62.5 -181.8
20211115234111  -755.4 -62.5 -181.5
20211115234112  -755.8 -62.6 -182.0
20211115234113  -755.9 -62.3 -181.6
20211115234114  -755.8 -62.7 -181.9
20211115234115  -755.7 -62.6 -181.7
20211115234116  -756.3 -62.9 -181.9
20211115234117  -756.2 -62.6 -181.8
20211115234118  -756.4 -62.6 -182.1
20211115234119  -756.6 -62.7 -182.2
20211115234120  -757.0 -62.7 -182.1
20211115234121  -757.3 -62.6 -182.1
20211115234122  -757.5 -62.8 -181.9
20211115234123  -757.7 -63.0 -182.1
20211115234124  -758.1 -62.7 -182.0
20211115234125  -758.3 -62.7 -182.1
20211115234126  -758.4 -62.8 -181.8
20211115234127  -759.0 -62.7 -181.9
20211115234128  -759.2 -62.7 -182.0
20211115234129  -759.3 -62.7 -181.9
20211115234130  -759.5 -62.5 -181.6
20211115234131  -759.9 -62.5 -181.6
20211115234132  -760.1 -62.5 -181.8
20211115234133  -760.2 -62.4 -181.6
20211115234134  -760.6 -62.7 -181.4
20211115234135  -760.0 -62.6 -181.1
20211115234136  -760.1 -62.5 -180.8
20211115234137  -760.1 -61.8 -180.2
20211115234138  -761.2 -62.0 -180.9
20211115234139  -761.5 -62.3 -181.3
20211115234140  -762.0 -62.1 -180.9
20211115234141  -762.3 -62.6 -181.4
20211115234142  -762.8 -62.4 -181.0
20211115234143  -762.7 -62.4 -181.1
20211115234144  -763.3 -62.3 -181.3
20211115234145  -763.5 -62.2 -181.0
20211115234146  -763.7 -62.4 -180.8
20211115234147  -764.1 -62.3 -181.0
20211115234148  -764.2 -62.6 -180.9
20211115234149  -764.4 -62.4 -181.0
20211115234150  -764.5 -62.5 -180.8
20211115234151  -764.9 -62.7 -180.9
20211115234152  -765.2 -62.1 -181.1
20211115234153  -765.6 -62.3 -181.1
20211115234154  -765.9 -62.4 -180.9
20211115234155  -765.9 -62.5 -180.9
20211115234156  -766.2 -62.4 -180.9
20211115234157  -766.3 -62.4 -180.7
20211115234158  -766.7 -62.1 -180.7
20211115234159  -766.8 -62.1 -180.4
20211115234200  -767.3 -62.3 -180.4
20211115234201  -767.5 -62.1 -180.3
20211115234202  -767.9 -62.2 -180.3
20211115234203  -768.1 -62.3 -180.2
20211115234204  -768.2 -62.1 -180.0
20211115234205  -768.1 -62.2 -180.2
20211115234206  -768.0 -62.5 -179.7
20211115234207  -767.8 -62.4 -179.4
20211115234208  -768.5 -62.2 -179.5
20211115234209  -768.7 -62.3 -179.7
20211115234210  -769.1 -62.2 -179.8
20211115234211  -769.4 -62.2 -179.6
20211115234212  -769.9 -62.2 -179.6
20211115234213  -770.0 -61.9 -179.8
20211115234214  -770.2 -62.2 -179.7
20211115234215  -770.5 -62.1 -179.5
20211115234216  -770.6 -62.4 -179.5
