12.6 -138.0
20211030230038  -1061.1 13.0 -137.7
20211030230039  -1060.5 13.3 -137.5
20211030230040  -1060.0 13.3 -137.7
20211030230041  -1059.4 13.7 -138.0
20211030230042  -1059.1 13.8 -139.0
20211030230043  -1059.4 13.5 -139.6
20211030230044  -1059.8 13.8 -139.8
20211030230045  -1060.1 13.8 -139.7
20211030230046  -1060.5 13.6 -139.9
20211030230047  -1061.0 13.7 -139.8
20211030230048  -1061.3 13.4 -139.3
20211030230049  -1061.5 12.8 -138.8
20211030230050  -1061.8 12.0 -138.5
20211030230051  -1062.0 11.3 -138.1
20211030230052  -1062.6 10.9 -137.9
20211030230053  -1063.3 10.6 -138.4
20211030230054  -1063.8 10.6 -138.5
20211030230055  -1065.0 10.6 -138.9
20211030230056  -1066.1 10.5 -138.6
20211030230057  -1066.5 9.7 -138.4
20211030230058  -1066.7 9.4 -138.0
20211030230059  -1067.0 8.8 -137.6
20211030230100  -1067.6 8.6 -137.0
20211030230101  -1068.0 8.5 -137.0
20211030230102  -1068.9 8.6 -137.2
20211030230103  -1069.7 8.9 -137.3
20211030230104  -1070.8 9.1 -137.9
20211030230105  -1071.5 9.5 -138.4
20211030230106  -1072.6 9.2 -138.7
20211030230107  -1073.2 9.3 -138.9
20211030230108  -1073.7 9.1 -138.3
20211030230109  -1073.8 8.4 -137.7
20211030230110  -1073.4 8.1 -137.1
20211030230111  -1073.4 7.3 -137.1
20211030230112  -1073.3 6.8 -136.9
20211030230113  -1073.1 6.4 -137.4
20211030230114  -1073.2 6.2 -137.4
20211030230115  -1073.1 6.1 -138.1
20211030230116  -1072.8 5.4 -138.8
20211030230117  -1072.3 4.4 -139.1
20211030230118  -1071.5 3.4 -139.1
20211030230119  -1070.3 2.8 -138.5
20211030230120  -1069.2 2.3 -138.0
20211030230121  -1068.4 2.0 -138.0
20211030230122  -1067.1 1.7 -138.3
20211030230123  -1066.8 1.6 -139.1
20211030230124  -1066.6 1.4 -140.1
20211030230125  -1066.4 1.4 -140.5
20211030230126  -1066.5 1.6 -141.3
20211030230127  -1066.2 2.0 -141.9
20211030230128  -1066.6 2.3 -142.1
20211030230129  -1067.0 2.2 -142.6
20211030230130  -1066.6 1.9 -142.5
20211030230131  -1066.0 1.7 -142.0
20211030230132  -1065.7 1.7 -141.8
20211030230133  -1065.8 2.0 -142.3
20211030230134  -1065.8 2.1 -143.2
20211030230135  -1066.1 2.2 -143.7
20211030230136  -1066.8 2.4 -144.5
20211030230137  -1066.9 1.8 -145.1
20211030230138  -1066.6 1.5 -145.5
20211030230139  -1066.5 1.2 -145.3
20211030230140  -1065.7 0.8 -145.5
20211030230141  -1065.4 0.5 -145.5
20211030230142  -1065.2 0.7 -145.7
20211030230143  -1065.3 0.9 -145.7
20211030230144  -1065.9 1.5 -145.7
20211030230145  -1065.8 2.3 -145.9
20211030230146  -1066.2 2.7 -146.7
20211030230147  -1067.0 3.5 -146.8
20211030230148  -1066.9 3.5 -147.4
20211030230149  -1066.8 3.7 -147.6
20211030230150  -1067.4 3.7 -147.9
20211030230151  -1067.2 3.6 -148.1
20211030230152  -1067.3 3.5 -148.7
20211030230153  -1067.5 3.4 -149.3
20211030230154  -1068.1 3.0 -149.4
20211030230155  -1067.7 2.6 -149.8
20211030230156  -1067.9 2.7 -150.0
20211030230157  -1067.9 2.8 -150.3
20211030230158  -1068.0 2.5 -150.6
20211030230159  -1068.2 2.6 -150.7
20211030230200  -1068.2 2.4 -151.5
20211030230201  -1067.8 2.2 -152.1
20211030230202  -1067.9 2.1 -152.9
20211030230203  -1067.8 2.4 -153.1
20211030230204  -1067.8 2.7 -153.7
20211030230205  -1067.9 2.6 -154.2
20211030230206  -1067.7 3.0 -155.2
20211030230207  -1067.6 3.2 -155.3
20211030230208  -1068.1 3.3 -155.4
20211030230209  -1067.9 3.6 -155.4
20211030230210  -1067.8 4.2 -155.4
20211030230211  -1067.8 5.0 -155.8
20211030230212  -1067.9 5.5 -156.2
20211030230213  -1067.8 6.0 -156.5
20211030230214  -1067.7 6.1 -157.2
20211030230215  -1067.5 6.3 -158.0
20211030230216  -1067.8 6.9 -158.7
20211030230217  -1067.9 7.5 -159.1
20211030230218  -1068.3 8.2 -159.7
20211030230219  -1068.7 9.0 -159.8
20211030230220  -1068.9 9.8 -160.1
20211030230221  -1069.2 10.3 -160.0
20211030230222  -1069.3 10.7 -159.8
20211030230223  -1069.2 11.1 -159.9
20211030230224  -1069.0 11.2 -160.1
20211030230225  -1068.7 11.6 -160.5
20211030230226  -1068.2 12.2 -160.3
20211030230227  -1068.0 12.1 -160.7
20211030230228  -1067.9 12.8 -160.9
20211030230229  -1067.5 13.6 -160.8
20211030230230  -1067.4 14.3 -161.0
20211030230231  -1067.3 14.9 -161.2
20211030230232  -1067.2 15.9 -162.0
20211030230233  -1067.4 16.5 -162.9
20211030230234  -1067.8 16.6 -163.5
20211030230235  -1068.0 16.9 -164.5
20211030230236  -1067.9 17.1 -164.6
20211030230237  -1068.5 17.3 -165.2
20211030230238  -1068.4 17.4 -165.7
20211030230239  -1068.7 17.9 -165.7
20211030230240  -1068.9 18.2 -165.3
20211030230241  -1069.5 18.6 -165.6
20211030230242  -1069.7 19.3 -165.6
20211030230243  -1069.8 20.2 -165.5
20211030230244  -1070.3 20.8 -165.6
20211030230245  -1070.3 21.4 -165.9
20211030230246  -1070.3 22.0 -166.5
20211030230247  -1070.3 22.1 -166.8
20211030230248  -1070.4 22.5 -167.2
20211030230249  -1070.4 23.1 -168.0
20211030230250  -1070.8 23.8 -169.1
20211030230251  -1071.7 24.0 -170.2
20211030230252  -1072.4 24.4 -171.4
20211030230253  -1073.0 24.5 -171.7
20211030230254  -1073.6 24.3 -171.7
20211030230255  -1073.8 25.0 -171.6
20211030230256  -1074.0 25.3 -171.6
20211030230257  -1074.1 25.6 -171.8
20211030230258  -1074.2 26.1 -172.1
20211030230259  -1074.9 26.5 -172.9
20211030230300  -1075.1 26.6 -173.4
20211030230301  -1075.5 26.7 -173.6
20211030230302  -1075.6 26.8 -173.6
20211030230303  -1076.0 26.8 -173.8
20211030230304  -1076.6 26.9 -173.9
20211030230305  -1076.6 27.3 -174.0
20211030230306  -1076.7 27.3 -174.2
20211030230307  -1076.8 26.9 -174.8
20211030230308  -1076.9 26.7 -175.1
20211030230309  -1077.1 26.7 -175.7
20211030230310  -1077.0 27.2 -176.1
20211030230311  -1077.5 27.5 -176.4
20211030230312  -1078.0 28.0 -176.0
20211030230313  -1078.6 28.0 -176.2
20211030230314  -1079.5 28.5 -176.0
20211030230315  -1080.2 29.1 -175.2
20211030230316  -1081.2 29.6 -175.2
20211030230317  -1081.5 29.8 -174.9
20211030230318  -1082.0 30.8 -174.2
20211030230319  -1082.1 31.2 -173.9
20211030230320  -1082.7 31.6 -173.7
20211030230321  -1082.3 32.0 -173.2
20211030230322  -1082.6 32.4 -173.0
20211030230323  -1082.7 32.6 -173.1
20211030230324  -1082.9 32.7 -172.8
20211030230325  -1083.1 32.7 -172.6
20211030230326  -1083.7 33.2 -172.4
20211030230327  -1084.0 33.2 -172.0
20211030230328  -1084.4 33.6 -171.6
20211030230329  -1084.1 33.7 -170.7
20211030230330  -1084.2 33.6 -170.2
20211030230331  -1084.6 33.2 -170.3
20211030230332  -1084.5 32.3 -170.0
20211030230333  -1084.5 31.7 -169.8
20211030230334  -1084.8 30.4 -169.8
20211030230335  -1085.2 29.9 -169.6
20211030230336  -1085.4 29.9 -169.1
20211030230337  -1086.0 30.0 -168.9
20211030230338  -1086.5 30.2 -168.0
20211030230339  -1087.0 30.5 -167.2
20211030230340  -1087.6 30.8 -166.9
20211030230341  -1087.6 31.0 -166.5
20211030230342  -1087.7 30.9 -165.7
20211030230343  -1087.5 31.1 -165.1
20211030230344  -1087.5 31.3 -164.5
20211030230345  -1087.5 31.7 -164.2
20211030230346  -1087.3 31.6 -164.1
20211030230347  -1087.5 31.7 -164.0
20211030230348  -1087.6 31.8 -164.0
20211030230349  -1088.1 31.7 -164.1
20211030230350  -1088.6 32.2 -163.5
20211030230351  -1089.2 32.8 -162.3
20211030230352  -1088.9 33.5 -161.2
20211030230353  -1088.9 34.0 -160.3
20211030230354  -1088.8 34.1 -159.9
20211030230355  -1088.8 33.9 -160.1
20211030230356  -1088.6 33.7 -159.9
20211030230357  -1088.9 33.5 -160.3
20211030230358  -1089.2 33.3 -160.6
20211030230359  -1089.5 33.2 -160.3
20211030230400  -1089.6 33.3 -160.2
20211030230401  -1089.3 32.6 -159.8
20211030230402  -1089.0 32.1 -160.0
20211030230403  -1088.8 31.9 -160.2
20211030230404  -1088.5 31.9 -160.4
20211030230405  -1088.4 31.9 -160.7
20211030230406  -1088.7 31.9 -160.9
20211030230407  -1088.8 31.7 -160.8
20211030230408  -1088.6 31.7 -161.0
20211030230409  -1088.8 31.9 -161.1
20211030230410  -1089.3 32.5 -161.4
20211030230411  -1089.8 33.4 -161.9
20211030230412  -1090.5 34.0 -162.1
20211030230413  -1090.9 35.0 -162.0
20211030230414  -1090.9 35.3 -161.5
20211030230415  -1090.8 35.4 -161.5
20211030230416  -1090.9 35.1 -161.8
20211030230417  -1090.7 34.1 -162.2
20211030230418  -1090.5 33.7 -162.2
20211030230419  -1090.6 33.1 -162.5
20211030230420  -1090.5 32.6 -163.0
