20211029194034  -654.9 -91.1 -190.0
20211029194035  -654.5 -91.1 -190.1
20211029194036  -654.6 -91.1 -190.2
20211029194037  -654.8 -91.4 -190.2
20211029194038  -654.8 -91.6 -190.1
20211029194039  -654.6 -91.5 -190.4
20211029194040  -654.4 -91.6 -190.5
20211029194041  -654.6 -91.5 -190.4
20211029194042  -654.7 -91.6 -190.6
20211029194043  -654.6 -91.5 -190.5
20211029194044  -654.8 -91.8 -190.5
20211029194045  -654.6 -91.8 -190.5
20211029194046  -654.6 -91.6 -190.5
20211029194047  -654.8 -91.6 -190.3
20211029194048  -654.8 -91.3 -190.4
20211029194049  -654.9 -91.4 -190.4
20211029194050  -654.8 -91.2 -190.4
20211029194051  -654.9 -91.1 -190.7
20211029194052  -654.8 -91.4 -190.5
20211029194053  -654.8 -91.4 -190.6
20211029194054  -654.9 -91.5 -190.4
20211029194055  -654.5 -91.6 -190.4
20211029194056  -653.9 -91.5 -190.0
20211029194057  -653.7 -91.6 -189.5
20211029194058  -654.3 -91.4 -189.8
20211029194059  -654.2 -91.6 -190.1
20211029194100  -654.6 -91.5 -190.3
20211029194101  -654.6 -91.7 -190.2
20211029194102  -654.7 -91.9 -189.8
20211029194103  -654.6 -91.7 -190.1
20211029194104  -654.5 -91.8 -190.4
20211029194105  -654.5 -91.6 -190.3
20211029194106  -654.6 -91.6 -190.2
20211029194107  -654.8 -91.6 -190.0
20211029194108  -654.7 -91.5 -190.1
20211029194109  -654.6 -91.5 -189.8
20211029194110  -654.4 -91.5 -189.9
20211029194111  -654.2 -91.5 -189.9
20211029194112  -654.3 -91.4 -190.3
20211029194113  -654.6 -91.6 -190.1
20211029194114  -654.5 -91.7 -190.1
20211029194115  -654.4 -91.6 -190.1
20211029194116  -654.3 -91.5 -190.3
20211029194117  -654.3 -91.5 -190.4
20211029194118  -654.6 -91.2 -190.3
20211029194119  -654.4 -91.5 -190.4
20211029194120  -654.5 -91.8 -190.3
20211029194121  -653.9 -91.7 -190.1
20211029194122  -653.4 -91.6 -189.4
20211029194123  -653.1 -91.5 -189.3
20211029194124  -653.3 -91.5 -189.6
20211029194125  -653.9 -91.6 -190.0
20211029194126  -653.8 -91.8 -190.2
20211029194127  -653.6 -91.5 -190.3
20211029194128  -653.6 -91.8 -189.9
20211029194129  -653.9 -91.3 -190.0
20211029194130  -653.9 -91.1 -190.1
20211029194131  -654.0 -91.4 -190.0
20211029194132  -654.1 -91.3 -190.0
20211029194133  -654.2 -91.5 -190.0
20211029194134  -653.9 -91.4 -189.9
20211029194135  -653.8 -91.3 -190.3
20211029194136  -653.9 -91.2 -190.2
20211029194137  -654.0 -91.4 -189.9
20211029194138  -654.2 -91.4 -190.0
20211029194139  -654.3 -91.4 -189.9
20211029194140  -654.0 -91.2 -190.1
20211029194141  -654.0 -91.7 -190.2
20211029194142  -654.4 -91.5 -189.9
20211029194143  -654.7 -91.4 -190.0
20211029194144  -654.7 -91.3 -189.9
20211029194145  -654.4 -91.2 -190.1
20211029194146  -654.6 -91.2 -190.2
20211029194147  -654.2 -91.4 -190.3
20211029194148  -653.5 -91.3 -189.7
20211029194149  -653.3 -91.5 -189.2
20211029194150  -653.5 -91.4 -189.3
20211029194151  -653.8 -91.5 -190.2
20211029194152  -653.9 -91.6 -190.3
20211029194153  -653.9 -91.6 -190.1
20211029194154  -653.9 -91.7 -190.0
20211029194155  -654.2 -91.6 -190.0
20211029194156  -653.9 -91.6 -190.4
20211029194157  -654.3 -91.8 -190.3
20211029194158  -654.1 -91.9 -189.9
20211029194159  -654.2 -91.4 -190.2
20211029194200  -654.3 -91.7 -190.2
20211029194201  -654.2 -91.8 -190.0
20211029194202  -654.1 -92.0 -190.0
20211029194203  -654.1 -91.8 -190.1
20211029194204  -654.4 -91.8 -190.4
20211029194205  -654.0 -91.8 -190.3
20211029194206  -654.1 -91.9 -190.1
20211029194207  -654.5 -91.8 -190.1
20211029194208  -654.2 -91.9 -190.3
20211029194209  -654.0 -91.9 -190.4
20211029194210  -654.3 -91.8 -190.4
20211029194211  -654.4 -91.9 -190.6
20211029194212  -654.2 -91.8 -190.3
20211029194213  -654.3 -91.7 -190.3
20211029194214  -653.7 -91.8 -190.0
20211029194215  -653.8 -91.8 -189.6
20211029194216  -653.9 -91.6 -189.7
20211029194217  -654.0 -91.6 -190.2
20211029194218  -653.9 -92.0 -190.2
20211029194219  -654.1 -91.9 -190.3
20211029194220  -654.2 -92.0 -189.9
20211029194221  -654.1 -91.8 -189.7
20211029194222  -654.3 -91.8 -190.0
20211029194223  -654.0 -91.8 -190.2
20211029194224  -653.7 -91.8 -190.1
20211029194225  -653.9 -91.4 -189.8
20211029194226  -653.9 -91.9 -189.9
20211029194227  -653.9 -91.9 -190.1
20211029194228  -654.0 -91.9 -190.3
20211029194229  -654.1 -91.9 -190.2
20211029194230  -653.9 -92.0 -190.3
20211029194231  -654.1 -91.9 -190.3
20211029194232  -654.1 -92.0 -190.1
20211029194233  -654.1 -91.9 -190.2
20211029194234  -654.1 -92.0 -190.4
20211029194235  -653.9 -92.0 -190.2
20211029194236  -654.0 -91.9 -190.3
20211029194237  -653.9 -91.8 -190.2
20211029194238  -654.0 -91.6 -190.4
20211029194239  -654.2 -91.9 -190.5
20211029194240  -653.2 -92.2 -189.9
20211029194241  -652.9 -91.9 -189.5
20211029194242  -653.3 -91.9 -189.7
20211029194243  -653.6 -91.9 -190.1
20211029194244  -653.6 -91.5 -190.3
20211029194245  -653.7 -91.7 -190.1
20211029194246  -653.9 -91.9 -190.2
20211029194247  -653.8 -91.6 -190.0
20211029194248  -654.0 -91.6 -189.9
20211029194249  -654.0 -91.5 -190.1
20211029194250  -654.2 -91.5 -190.2
20211029194251  -654.0 -91.6 -190.0
20211029194252  -654.1 -92.0 -190.2
20211029194253  -653.8 -91.8 -190.1
20211029194254  -653.8 -91.9 -190.4
20211029194255  -653.9 -91.9 -190.4
20211029194256  -653.9 -91.7 -190.5
20211029194257  -653.7 -91.8 -190.3
20211029194258  -653.9 -91.5 -190.3
20211029194259  -653.7 -91.7 -190.1
20211029194300  -653.7 -91.9 -190.2
20211029194301  -653.8 -91.8 -190.4
20211029194302  -653.7 -91.9 -190.5
20211029194303  -653.6 -91.8 -190.4
20211029194304  -653.7 -91.6 -190.3
20211029194305  -653.7 -91.6 -190.3
20211029194306  -653.4 -92.0 -190.3
20211029194307  -652.8 -91.6 -189.6
20211029194308  -653.7 -91.8 -190.1
20211029194309  -653.8 -92.0 -190.2
20211029194310  -653.8 -92.2 -190.3
20211029194311  -653.4 -91.8 -190.3
20211029194312  -653.7 -92.0 -190.5
20211029194313  -653.8 -91.9 -190.4
20211029194314  -653.7 -92.0 -190.5
20211029194315  -653.8 -92.1 -190.4
20211029194316  -653.8 -92.1 -190.4
20211029194317  -654.0 -91.8 -190.4
20211029194318  -654.1 -91.9 -190.6
20211029194319  -654.0 -92.0 -190.5
20211029194320  -653.9 -92.3 -190.4
20211029194321  -654.0 -92.2 -190.0
20211029194322  -654.0 -92.3 -190.6
20211029194323  -653.8 -92.3 -190.2
20211029194324  -654.0 -92.3 -190.4
20211029194325  -653.7 -92.4 -190.6
20211029194326  -653.7 -92.4 -190.4
20211029194327  -653.6 -92.1 -190.6
20211029194328  -653.8 -92.5 -190.6
20211029194329  -653.7 -92.2 -190.4
20211029194330  -653.7 -92.3 -190.2
20211029194331  -653.8 -92.4 -190.2
20211029194332  -653.5 -92.5 -190.5
20211029194333  -652.9 -92.3 -190.2
20211029194334  -653.4 -92.3 -190.4
20211029194335  -653.7 -92.3 -190.6
20211029194336  -653.8 -92.7 -190.4
20211029194337  -653.5 -92.4 -190.5
20211029194338  -653.7 -92.5 -190.5
20211029194339  -654.2 -92.6 -190.5
20211029194340  -654.0 -92.6 -190.6
20211029194341  -654.3 -92.6 -190.5
20211029194342  -654.3 -92.7 -190.5
20211029194343  -654.1 -92.4 -190.7
20211029194344  -654.0 -92.6 -190.8
20211029194345  -654.1 -92.8 -190.8
20211029194346  -654.1 -92.8 -190.8
20211029194347  -654.1 -92.8 -191.1
20211029194348  -654.0 -92.7 -190.7
20211029194349  -653.9 -92.7 -190.9
20211029194350  -654.0 -92.7 -190.7
20211029194351  -653.8 -93.0 -190.6
20211029194352  -654.1 -93.0 -190.9
20211029194353  -654.1 -92.8 -190.8
20211029194354  -654.2 -92.8 -190.8
20211029194355  -654.3 -92.7 -190.8
20211029194356  -654.1 -92.7 -190.8
20211029194357  -654.2 -92.6 -190.6
20211029194358  -654.0 -93.0 -190.7
20211029194359  -653.5 -92.7 -190.3
20211029194400  -653.4 -92.8 -190.2
20211029194401  -653.2 -92.7 -190.2
20211029194402  -653.2 -92.4 -189.9
20211029194403  -653.5 -92.8 -189.9
20211029194404  -654.2 -93.1 -190.3
20211029194405  -654.2 -93.2 -190.4
20211029194406  -654.0 -93.2 -190.5
20211029194407  -653.5 -93.0 -190.1
20211029194408  -653.7 -93.0 -190.3
20211029194409  -653.9 -92.9 -190.2
20211029194410  -653.7 -92.9 -190.8
20211029194411  -653.8 -93.0 -190.3
20211029194412  -654.1 -92.9 -190.4
20211029194413  -653.7 -93.0 -190.5
20211029194414  -653.9 -92.9 -190.5
20211029194415  -653.8 -93.0 -190.6
20211029194416  -654.0 -93.1 -190.7
20211029194417  -654.0 -92.8 -190.5
20211029194418  -654.0 -92.9 -190.6
20211029194419  -654.2 -93.0 -190.7
20211029194420  -654.0 -93.1 -190.2
20211029194421  -654.1 -93.2 -190.7
20211029194422  -654.1 -93.2 -190.7
20211029194423  -654.2 -93.2 -190.6
20211029194424  -654.4 -93.2 -190.8
20211029194425  -654.4 -92.9 -190.5
20211029194426  -654.2 -93.5 -190.5
20211029194427  -654.4 -93.4 -190.5
20211029194428  -654.0 -93.5 -190.9
20211029194429  -653.5 -93.0 -190.3
20211029194430  -654.1 -93.0 -190.3
20211029194431  -654.4 -93.1 -190.8
20211029194432  -654.2 -93.1 -190.7
20211029194433  -654.1 -93.2 -190.6
20211029194434  -654.0 -93.2 -190.8
20211029194435  -654.2 -93.0 -190.7
20211029194436  -654.2 -92.9 -190.7
20211029194437  -654.3 -93.0 -190.8
20211029194438  -654.4 -93.0 -190.8
20211029194439  -654.3 -93.1 -190.6
20211029194440  -654.4 -93.0 -190.6
20211029194441  -654.7 -93.2 -190.4
20211029194442  -654.6 -93.0 -190.8
20211029194443  -654.6 -93.2 -191.0
20211029194444  -654.5 -93.0 -191.1
20211029194445  -654.1 -93.1 -190.7
20211029194446  -654.4 -92.7 -190.8
20211029194447  -654.7 -93.0 -190.8
20211029194448  -654.5 -93.3 -190.6
20211029194449  -654.9 -93.5 -191.0
20211029194450  -654.8 -93.2 -190.7
20211029194451  -654.5 -93.0 -190.9
20211029194452  -654.9 -93.2 -190.8
20211029194453  -654.6 -93.1 -191.0
20211029194454  -654.7 -93.3 -191.0
20211029194455  -654.0 -93.1 -190.6
20211029194456  -654.3 -93.0 -190.5
20211029194457  -654.8 -93.3 -190.9
20211029194458  -654.5 -93.0 -190.8
20211029194459  -654.8 -93.4 -190.6
20211029194500  -654.6 -93.9 -190.8
20211029194501  -654.5 -93.7 -191.0
20211029194502  -654.7 -93.6 -191.1
20211029194503  -654.6 -93.8 -190.9
20211029194504  -654.5 -93.9 -190.9
20211029194505  -654.6 -93.6 -190.9
20211029194506  -654.8 -93.6 -191.0
20211029194507  -654.6 -93.7 -191.0
20211029194508  -654.8 -93.5 -191.0
20211029194509  -654.8 -93.7 -190.8
20211029194510  -654.8 -93.8 -190.8
20211029194511  -654.7 -93.7 -190.8
20211029194512  -654.9 -93.9 -190.9
20211029194513  -654.8 -93.7 -190.7
20211029194514  -655.1 -94.0 -191.0
20211029194515  -654.9 -93.6 -190.9
20211029194516  -654.8 -93.5 -190.7
20211029194517  -655.1 -93.4 -190.8
20211029194518  -654.9 -93.7 -190.8
20211029194519  -655.0 -93.8 -190.5
20211029194520  -654.7 -93.7 -190.6
20211029194521  -654.1 -93.3 -190.1
20211029194522  -653.9 -93.0 -189.8
20211029194523  -654.6 -93.2 -190.7
20211029194524  -654.7 -93.6 -190.6
20211029194525  -654.8 -94.1 -190.7
20211029194526  -654.7 -93.9 -190.8
20211029194527  -654.6 -93.6 -190.7
20211029194528  -654.8 -93.7 -190.7
20211029194529  -654.9 -93.3 -190.9
20211029194530  -655.0 -93.4 -190.4
20211029194531  -654.9 -93.3 -190.4
20211029194532  -654.9 -93.0 -190.5
20211029194533  -655.0 -93.4 -190.6
20211029194534  -654.7 -93.2 -190.4
20211029194535  -655.0 -93.3 -190.7
20211029194536  -655.0 -93.3 -190.2
20211029194537  -655.0 -93.2 -190.5
20211029194538  -655.2 -93.4 -190.4
20211029194539  -655.1 -93.4 -190.5
20211029194540  -655.0 -93.3 -190.4
20211029194541  -654.9 -93.5 -190.7
20211029194542  -655.0 -93.7 -190.5
20211029194543  -654.9 -93.4 -190.6
20211029194544  -654.8 -93.7 -190.7
20211029194545  -654.7 -93.5 -190.7
20211029194546  -655.0 -93.7 -190.8
20211029194547  -654.3 -93.6 -190.3
20211029194548  -654.3 -93.7 -189.8
20211029194549  -654.5 -93.4 -190.2
20211029194550  -655.0 -93.4 -190.6
20211029194551  -655.0 -93.3 -190.5
20211029194552  -654.9 -93.3 -190.2
20211029194553  -655.1 -93.4 -190.3
20211029194554  -655.1 -93.4 -190.5
20211029194555  -655.0 -93.3 -190.5
20211029194556  -655.1 -93.4 -190.6
20211029194557  -655.3 -93.3 -190.9
20211029194558  -655.2 -93.6 -190.8
20211029194559  -655.0 -93.4 -190.8
20211029194600  -655.1 -93.3 -190.8
20211029194601  -654.9 -93.6 -190.5
20211029194602  -655.1 -93.6 -190.9
20211029194603  -655.0 -93.4 -190.9
20211029194604  -655.2 -93.5 -190.9
20211029194605  -655.1 -93.5 -190.7
20211029194606  -655.0 -93.4 -190.7
20211029194607  -655.1 -93.5 -190.9
20211029194608  -655.1 -93.4 -191.0
20211029194609  -655.2 -93.5 -190.8
20211029194610  -655.2 -93.4 -190.7
20211029194611  -654.9 -93.7 -190.9
20211029194612  -655.0 -93.2 -190.9
20211029194613  -654.4 -93.1 -190.1
20211029194614  -654.2 -93.3 -190.0
20211029194615  -654.4 -93.1 -189.9
20211029194616  -655.0 -93.2 -190.4
20211029194617  -655.0 -93.4 -190.7
20211029194618  -655.1 -93.4 -190.3
20211029194619  -655.2 -93.4 -190.5
20211029194620  -655.1 -93.3 -190.5
20211029194621  -654.9 -93.2 -190.4
20211029194622  -655.2 -93.4 -190.5
20211029194623  -655.0 -93.4 -190.3
20211029194624  -654.7 -93.5 -190.6
20211029194625  -655.0 -93.5 -190.6
20211029194626  -655.0 -93.7 -190.7
20211029194627  -654.9 -93.5 -190.4
20211029194628  -655.1 -93.5 -190.7
20211029194629  -655.1 -93.3 -190.7
20211029194630  -655.1 -93.1 -190.7
20211029194631  -655.2 -93.0 -190.7
20211029194632  -655.1 -92.8 -190.7
20211029194633  -655.0 -93.3 -190.9
20211029194634  -655.0 -93.0 -190.4
20211029194635  -655.0 -93.2 -190.8
20211029194636  -654.7 -92.9 -190.7
20211029194637  -654.9 -93.1 -190.6
20211029194638  -655.0 -93.1 -190.7
20211029194639  -654.4 -93.2 -190.3
20211029194640  -653.8 -93.1 -189.7
20211029194641  -653.6 -93.0 -189.3
20211029194642  -654.3 -93.2 -190.1
20211029194643  -654.6 -93.1 -190.1
20211029194644  -654.7 -93.1 -190.3
20211029194645  -654.8 -93.2 -190.2
20211029194646  -655.0 -92.9 -190.2
20211029194647  -655.1 -92.8 -190.5
20211029194648  -655.2 -92.7 -190.3
20211029194649  -655.0 -93.0 -190.5
20211029194650  -655.1 -92.9 -190.4
20211029194651  -655.1 -92.9 -190.5
20211029194652  -655.3 -93.0 -190.3
20211029194653  -655.2 -92.9 -190.3
20211029194654  -655.1 -92.8 -190.6
20211029194655  -654.9 -92.9 -190.5
20211029194656  -654.9 -93.0 -190.4
20211029194657  -655.4 -93.0 -190.4
20211029194658  -655.4 -93.0 -190.4
20211029194659  -654.9 -92.8 -190.3
20211029194700  -655.1 -92.8 -190.4
20211029194701  -655.5 -92.6 -190.2
20211029194702  -655.1 -92.7 -190.3
20211029194703  -655.1 -92.8 -190.3
20211029194704  -655.2 -92.9 -190.5
20211029194705  -654.6 -92.7 -190.3
20211029194706  -654.7 -92.5 -189.8
20211029194707  -654.5 -92.5 -189.5
20211029194708  -655.1 -92.7 -190.2
20211029194709  -655.2 -92.7 -190.2
20211029194710  -655.3 -92.8 -190.5
20211029194711  -655.5 -92.7 -190.3
20211029194712  -655.4 -92.9 -190.5
20211029194713  -655.2 -92.7 -190.3
20211029194714  -655.4 -92.8 -190.3
20211029194715  -655.4 -92.8 -190.8
20211029194716  -655.4 -93.3 -190.5
20211029194717  -655.1 -93.1 -190.4
20211029194718  -655.5 -92.9 -190.3
20211029194719  -655.5 -93.2 -190.2
20211029194720  -655.6 -93.1 -190.6
20211029194721  -655.6 -93.1 -190.6
20211029194722  -655.4 -93.1 -190.8
20211029194723  -655.3 -92.9 -190.7
20211029194724  -655.1 -92.9 -190.4
20211029194725  -655.1 -93.1 -190.2
20211029194726  -655.4 -93.0 -190.1
20211029194727  -655.3 -92.8 -190.2
20211029194728  -655.4 -92.8 -190.3
20211029194729  -655.1 -92.9 -190.3
20211029194730  -655.5 -92.8 -190.3
20211029194731  -654.9 -93.0 -190.3
20211029194732  -654.4 -92.9 -189.6
20211029194733  -654.8 -92.8 -189.6
20211029194734  -655.1 -93.0 -190.2
20211029194735  -655.1 -92.6 -190.0
20211029194736  -655.3 -92.9 -190.1
20211029194737  -655.2 -92.8 -190.2
20211029194738  -655.1 -92.7 -190.1
20211029194739  -655.0 -92.8 -190.4
20211029194740  -655.0 -92.7 -190.2
20211029194741  -655.0 -92.6 -190.3
20211029194742  -655.0 -92.7 -190.4
20211029194743  -655.1 -92.5 -190.7
20211029194744  -655.0 -92.0 -190.6
20211029194745  -655.0 -92.4 -190.5
20211029194746  -655.1 -92.7 -190.6
20211029194747  -655.3 -92.5 -190.4
20211029194748  -655.3 -92.5 -190.5
20211029194749  -655.5 -92.6 -190.3
20211029194750  -655.2 -92.4 -190.5
20211029194751  -655.1 -92.6 -190.3
20211029194752  -655.2 -92.5 -190.5
20211029194753  -655.4 -92.6 -190.7
20211029194754  -655.3 -92.7 -190.5
20211029194755  -655.0 -93.1 -190.4
20211029194756  -655.1 -93.0 -190.3
20211029194757  -655.0 -92.8 -190.6
20211029194758  -654.5 -92.9 -189.7
20211029194759  -655.0 -92.6 -190.0
20211029194800  -655.3 -92.7 -190.1
20211029194801  -655.3 -92.6 -190.4
20211029194802  -655.3 -92.7 -190.2
20211029194803  -655.4 -92.7 -190.4
20211029194804  -655.4 -92.5 -190.2
20211029194805  -655.8 -92.7 -190.3
20211029194806  -655.8 -92.8 -190.2
20211029194807  -655.8 -93.0 -190.4
20211029194808  -655.7 -92.7 -190.4
20211029194809  -655.6 -92.6 -190.7
20211029194810  -655.7 -92.6 -190.6
20211029194811  -655.6 -92.7 -190.5
20211029194812  -655.7 -92.9 -190.5
20211029194813  -655.7 -92.8 -190.3
20211029194814  -655.7 -92.8 -190.3
20211029194815  -655.7 -92.9 -190.3
20211029194816  -655.7 -92.9 -190.3
