20211110143030  -673.4 -90.4 -175.9
20211110143031  -673.1 -90.0 -175.4
20211110143032  -673.3 -90.0 -175.7
20211110143033  -673.2 -89.6 -175.2
20211110143034  -674.0 -89.9 -175.6
20211110143035  -673.9 -90.1 -175.7
20211110143036  -674.1 -90.0 -175.6
20211110143037  -673.8 -90.1 -175.8
20211110143038  -673.9 -90.0 -175.8
20211110143039  -674.1 -90.4 -176.1
20211110143040  -674.1 -90.3 -176.1
20211110143041  -674.3 -90.6 -175.9
20211110143042  -674.0 -90.9 -175.9
20211110143043  -673.8 -90.9 -175.9
20211110143044  -674.1 -90.9 -175.8
20211110143045  -674.1 -90.9 -176.1
20211110143046  -674.0 -90.7 -176.1
20211110143047  -674.4 -90.9 -176.3
20211110143048  -674.0 -90.9 -176.1
20211110143049  -674.2 -90.8 -176.1
20211110143050  -674.0 -90.6 -176.0
20211110143051  -674.0 -90.7 -175.8
20211110143052  -674.0 -90.6 -176.0
20211110143053  -673.8 -90.7 -176.0
20211110143054  -674.0 -90.5 -175.9
20211110143055  -673.4 -90.3 -175.6
20211110143056  -673.7 -90.4 -175.8
20211110143057  -673.9 -90.6 -176.0
20211110143058  -673.8 -90.6 -176.0
20211110143059  -674.1 -90.6 -175.8
20211110143100  -673.4 -90.6 -175.6
20211110143101  -673.1 -90.5 -175.1
20211110143102  -672.5 -90.3 -175.0
20211110143103  -672.7 -90.0 -174.9
20211110143104  -673.0 -90.1 -175.2
20211110143105  -673.3 -90.3 -175.5
20211110143106  -673.1 -90.2 -175.8
20211110143107  -673.1 -90.5 -175.8
20211110143108  -673.3 -90.3 -175.8
20211110143109  -673.3 -90.2 -175.5
20211110143110  -673.5 -90.3 -175.2
20211110143111  -673.3 -90.2 -175.2
20211110143112  -673.3 -90.4 -175.4
20211110143113  -673.7 -90.1 -175.5
20211110143114  -673.4 -90.2 -175.5
20211110143115  -673.6 -90.4 -175.2
20211110143116  -673.6 -90.1 -175.3
20211110143117  -673.5 -89.9 -175.5
20211110143118  -673.4 -90.1 -175.8
20211110143119  -673.4 -90.1 -175.3
20211110143120  -673.7 -90.1 -175.3
20211110143121  -673.5 -90.2 -175.6
20211110143122  -673.7 -89.9 -175.8
20211110143123  -673.6 -89.7 -175.4
20211110143124  -673.9 -90.0 -175.5
20211110143125  -673.6 -90.1 -175.8
20211110143126  -673.3 -90.0 -175.7
20211110143127  -673.3 -89.8 -175.7
20211110143128  -673.6 -89.9 -175.7
20211110143129  -673.5 -89.8 -175.7
20211110143130  -673.3 -89.8 -175.7
20211110143131  -672.7 -89.9 -174.9
20211110143132  -672.7 -89.7 -174.7
20211110143133  -672.5 -89.6 -174.6
20211110143134  -672.8 -89.5 -174.8
20211110143135  -673.0 -89.2 -175.3
20211110143136  -673.1 -89.0 -175.2
20211110143137  -673.0 -89.1 -175.2
20211110143138  -672.8 -89.5 -175.2
20211110143139  -672.6 -89.8 -175.3
20211110143140  -672.8 -89.7 -175.2
20211110143141  -672.5 -89.6 -175.2
20211110143142  -672.7 -89.5 -174.9
20211110143143  -672.8 -89.6 -175.1
20211110143144  -672.7 -89.7 -175.2
20211110143145  -672.5 -89.8 -175.0
20211110143146  -672.4 -89.7 -175.0
20211110143147  -672.4 -89.7 -175.1
20211110143148  -672.6 -89.9 -175.3
20211110143149  -672.4 -90.3 -175.5
20211110143150  -672.4 -90.0 -175.2
20211110143151  -672.6 -89.9 -175.1
20211110143152  -672.7 -89.9 -175.1
20211110143153  -672.8 -89.8 -175.2
20211110143154  -672.6 -89.6 -175.4
20211110143155  -672.7 -89.6 -175.5
20211110143156  -672.7 -89.5 -175.2
20211110143157  -672.8 -89.8 -175.2
20211110143158  -672.7 -89.6 -175.6
20211110143159  -672.7 -89.4 -175.4
20211110143200  -672.7 -89.8 -175.4
20211110143201  -672.0 -89.3 -174.8
20211110143202  -671.8 -89.0 -174.5
20211110143203  -671.7 -89.0 -174.4
20211110143204  -671.6 -89.0 -174.6
20211110143205  -672.2 -89.3 -175.0
20211110143206  -672.2 -89.2 -175.4
20211110143207  -672.2 -89.3 -175.3
20211110143208  -672.5 -89.3 -175.2
20211110143209  -672.2 -89.3 -175.2
20211110143210  -672.2 -89.0 -175.3
20211110143211  -672.3 -89.2 -175.3
20211110143212  -672.2 -89.5 -175.1
20211110143213  -672.4 -89.4 -175.3
20211110143214  -671.9 -89.6 -175.0
20211110143215  -672.2 -89.8 -175.1
20211110143216  -672.3 -89.6 -175.1
20211110143217  -672.0 -89.2 -174.8
20211110143218  -672.4 -89.3 -174.7
20211110143219  -672.1 -89.4 -174.8
20211110143220  -672.4 -89.4 -175.2
20211110143221  -672.5 -89.4 -175.3
20211110143222  -672.5 -89.6 -175.2
20211110143223  -672.3 -89.6 -175.2
20211110143224  -672.4 -89.5 -175.2
20211110143225  -672.3 -89.6 -175.5
20211110143226  -672.2 -89.7 -175.3
20211110143227  -672.2 -89.8 -175.1
20211110143228  -672.2 -89.3 -175.4
20211110143229  -672.1 -89.8 -175.1
20211110143230  -672.2 -89.6 -175.5
20211110143231  -671.7 -89.5 -175.1
20211110143232  -671.4 -89.4 -174.8
20211110143233  -671.2 -89.2 -174.8
20211110143234  -671.4 -89.2 -174.3
20211110143235  -672.0 -89.3 -175.3
20211110143236  -672.2 -89.4 -174.9
20211110143237  -672.2 -89.2 -175.0
20211110143238  -672.5 -89.4 -175.0
20211110143239  -672.8 -89.6 -175.1
20211110143240  -672.5 -89.7 -175.0
20211110143241  -672.8 -89.7 -175.0
20211110143242  -672.9 -89.7 -174.9
20211110143243  -672.7 -89.6 -174.9
20211110143244  -673.0 -89.7 -175.3
20211110143245  -672.8 -89.5 -175.0
20211110143246  -672.7 -89.4 -174.8
20211110143247  -672.8 -89.0 -175.2
20211110143248  -672.8 -89.3 -175.0
20211110143249  -672.6 -89.3 -175.1
20211110143250  -672.6 -89.3 -175.1
20211110143251  -672.8 -89.5 -175.0
20211110143252  -672.8 -89.2 -175.0
20211110143253  -672.6 -89.3 -175.1
20211110143254  -672.4 -89.0 -175.1
20211110143255  -672.7 -89.0 -175.3
20211110143256  -672.6 -89.3 -174.8
20211110143257  -672.9 -89.3 -175.2
20211110143258  -672.8 -89.1 -175.1
20211110143259  -673.1 -89.2 -175.2
20211110143300  -672.8 -89.1 -175.4
20211110143301  -672.5 -89.3 -174.8
20211110143302  -672.1 -89.1 -174.7
20211110143303  -671.7 -89.0 -174.3
20211110143304  -672.2 -88.9 -174.4
20211110143305  -672.5 -89.2 -174.8
20211110143306  -672.6 -89.0 -174.9
20211110143307  -672.5 -89.1 -175.0
20211110143308  -672.4 -89.2 -175.0
20211110143309  -672.5 -89.4 -175.1
20211110143310  -672.6 -89.2 -174.9
20211110143311  -672.9 -89.3 -175.1
20211110143312  -672.8 -89.1 -175.1
20211110143313  -672.9 -89.3 -174.9
20211110143314  -672.9 -89.3 -175.2
20211110143315  -673.2 -89.5 -175.1
20211110143316  -672.6 -89.6 -175.2
20211110143317  -672.9 -89.6 -174.9
20211110143318  -673.1 -89.6 -175.0
20211110143319  -672.8 -89.4 -175.0
20211110143320  -672.7 -89.4 -175.3
20211110143321  -673.1 -89.6 -175.1
20211110143322  -672.7 -89.8 -175.3
20211110143323  -673.0 -89.9 -175.2
20211110143324  -673.2 -89.9 -175.0
20211110143325  -672.8 -89.7 -175.3
20211110143326  -672.9 -89.9 -175.4
20211110143327  -673.0 -89.8 -175.2
20211110143328  -673.1 -89.8 -175.4
20211110143329  -673.2 -89.7 -175.0
20211110143330  -673.0 -89.8 -175.1
20211110143331  -672.8 -89.8 -174.8
20211110143332  -673.2 -89.5 -175.3
20211110143333  -673.3 -89.4 -175.1
20211110143334  -673.3 -89.5 -175.6
20211110143335  -673.3 -89.5 -175.5
20211110143336  -673.2 -89.5 -175.4
20211110143337  -673.3 -89.6 -175.4
20211110143338  -673.2 -89.7 -175.6
20211110143339  -673.4 -89.8 -175.8
20211110143340  -673.4 -89.8 -175.7
20211110143341  -673.3 -89.7 -175.7
20211110143342  -673.4 -89.8 -175.7
20211110143343  -673.4 -89.8 -175.6
20211110143344  -673.1 -89.7 -175.6
20211110143345  -673.3 -89.6 -175.7
20211110143346  -673.5 -89.8 -175.3
20211110143347  -673.3 -89.9 -175.6
20211110143348  -673.4 -89.9 -175.8
20211110143349  -673.3 -89.8 -175.6
20211110143350  -673.3 -90.0 -175.5
20211110143351  -673.5 -90.2 -175.4
20211110143352  -673.3 -89.9 -175.6
20211110143353  -673.4 -89.8 -175.7
20211110143354  -673.3 -90.0 -175.6
20211110143355  -673.4 -90.0 -175.7
20211110143356  -673.0 -90.0 -175.8
20211110143357  -673.3 -90.3 -175.6
20211110143358  -672.7 -90.2 -175.3
20211110143359  -673.2 -90.3 -175.8
20211110143400  -673.2 -90.3 -175.7
20211110143401  -673.2 -90.3 -175.9
20211110143402  -673.3 -90.4 -175.9
20211110143403  -673.4 -90.4 -175.7
20211110143404  -673.4 -90.2 -175.8
20211110143405  -673.6 -90.2 -176.1
20211110143406  -673.4 -90.2 -175.7
20211110143407  -673.5 -90.4 -175.9
20211110143408  -673.6 -90.2 -175.8
20211110143409  -673.8 -89.9 -175.6
20211110143410  -674.0 -89.7 -176.2
20211110143411  -673.6 -90.0 -175.9
20211110143412  -673.5 -89.9 -176.1
20211110143413  -673.8 -89.8 -176.2
20211110143414  -673.3 -89.8 -175.9
20211110143415  -673.2 -89.9 -176.4
