20211116221033  -671.3 -82.0 -191.1
20211116221034  -670.7 -81.9 -190.8
20211116221035  -671.1 -82.0 -191.0
20211116221036  -671.6 -82.1 -191.4
20211116221037  -671.3 -81.9 -191.4
20211116221038  -671.6 -81.6 -191.2
20211116221039  -671.4 -81.5 -191.1
20211116221040  -671.3 -81.8 -191.3
20211116221041  -671.5 -81.9 -191.4
20211116221042  -671.4 -81.7 -191.2
20211116221043  -671.7 -81.6 -191.4
20211116221044  -671.7 -81.6 -191.2
20211116221045  -671.8 -81.5 -191.1
20211116221046  -672.0 -81.5 -191.1
20211116221047  -671.6 -81.5 -191.3
20211116221048  -671.9 -81.4 -191.3
20211116221049  -671.9 -81.5 -191.4
20211116221050  -671.8 -81.7 -191.5
20211116221051  -671.7 -81.5 -191.5
20211116221052  -671.8 -81.6 -191.7
20211116221053  -672.0 -81.5 -191.5
20211116221054  -671.8 -81.5 -191.7
20211116221055  -671.7 -81.5 -191.8
20211116221056  -671.9 -81.8 -191.8
20211116221057  -672.1 -81.9 -191.7
20211116221058  -672.1 -81.7 -191.7
20211116221059  -671.7 -81.7 -191.4
20211116221100  -671.0 -81.5 -191.1
20211116221101  -671.1 -81.3 -191.1
20211116221102  -671.5 -81.4 -191.5
20211116221103  -671.4 -81.3 -191.4
20211116221104  -671.3 -81.0 -191.6
20211116221105  -671.5 -81.2 -191.6
20211116221106  -671.1 -81.5 -191.5
20211116221107  -671.2 -81.4 -191.1
20211116221108  -671.3 -81.3 -191.4
20211116221109  -671.1 -81.4 -191.3
20211116221110  -671.2 -81.3 -191.3
20211116221111  -671.2 -81.3 -191.6
20211116221112  -671.6 -81.3 -191.9
20211116221113  -671.5 -81.4 -191.8
20211116221114  -671.3 -81.5 -191.5
20211116221115  -671.4 -81.6 -191.7
20211116221116  -671.5 -81.5 -191.8
20211116221117  -671.6 -81.5 -191.7
20211116221118  -671.6 -81.7 -191.7
20211116221119  -671.4 -81.8 -191.5
20211116221120  -671.2 -81.4 -191.5
20211116221121  -671.0 -81.4 -191.6
20211116221122  -670.9 -81.4 -191.4
20211116221123  -671.0 -81.5 -191.5
20211116221124  -670.7 -81.4 -191.4
20211116221125  -670.6 -81.5 -191.5
20211116221126  -669.9 -81.2 -190.9
20211116221127  -670.2 -81.2 -191.1
20211116221128  -670.7 -81.2 -191.5
20211116221129  -670.5 -81.5 -191.4
20211116221130  -670.5 -81.5 -191.0
20211116221131  -670.8 -81.4 -191.1
20211116221132  -670.9 -81.2 -191.2
20211116221133  -670.9 -81.1 -191.6
20211116221134  -670.9 -81.2 -191.3
20211116221135  -671.0 -81.2 -191.1
20211116221136  -671.0 -81.6 -191.3
20211116221137  -670.9 -81.3 -191.0
20211116221138  -671.0 -81.3 -191.1
20211116221139  -670.7 -81.4 -191.2
20211116221140  -671.1 -81.6 -191.2
20211116221141  -670.8 -81.7 -191.0
20211116221142  -670.7 -81.7 -191.1
20211116221143  -670.2 -81.5 -191.3
20211116221144  -670.5 -81.1 -190.9
20211116221145  -670.5 -81.4 -191.1
20211116221146  -670.2 -81.3 -191.2
20211116221147  -670.2 -81.6 -191.3
20211116221148  -670.0 -81.6 -191.1
20211116221149  -670.0 -81.6 -191.1
20211116221150  -669.9 -81.3 -190.8
20211116221151  -669.6 -81.3 -190.9
20211116221152  -669.2 -81.0 -190.3
20211116221153  -669.2 -80.8 -190.3
20211116221154  -669.5 -81.0 -190.7
20211116221155  -669.8 -81.1 -190.6
20211116221156  -669.7 -81.0 -190.5
20211116221157  -669.8 -81.0 -190.4
20211116221158  -669.9 -81.0 -190.5
20211116221159  -669.8 -81.1 -190.7
20211116221200  -669.5 -81.0 -190.8
20211116221201  -669.7 -80.8 -190.6
20211116221202  -669.6 -81.0 -190.9
20211116221203  -669.8 -81.0 -191.0
20211116221204  -669.6 -81.3 -190.7
20211116221205  -670.1 -81.3 -190.7
20211116221206  -669.6 -81.2 -190.6
20211116221207  -669.6 -81.6 -190.8
20211116221208  -669.9 -81.4 -190.8
20211116221209  -669.6 -81.5 -191.0
20211116221210  -669.8 -81.6 -190.8
20211116221211  -669.9 -81.4 -190.8
20211116221212  -670.0 -81.3 -190.6
20211116221213  -669.9 -81.5 -191.0
20211116221214  -669.8 -81.4 -190.8
20211116221215  -670.0 -81.2 -190.7
20211116221216  -669.8 -81.3 -191.2
20211116221217  -669.9 -81.5 -190.9
20211116221218  -669.2 -81.4 -190.6
20211116221219  -669.2 -81.2 -190.6
20211116221220  -669.7 -81.3 -190.9
20211116221221  -669.7 -81.1 -190.9
20211116221222  -669.8 -81.1 -191.1
20211116221223  -670.0 -81.1 -190.9
20211116221224  -669.9 -81.0 -191.0
20211116221225  -669.6 -81.1 -191.1
20211116221226  -669.9 -81.3 -191.1
20211116221227  -670.0 -81.3 -191.0
20211116221228  -669.8 -81.4 -190.8
20211116221229  -669.8 -81.6 -190.9
20211116221230  -669.8 -81.5 -191.0
20211116221231  -669.8 -81.6 -191.0
20211116221232  -670.0 -81.5 -191.1
20211116221233  -669.8 -81.4 -191.0
20211116221234  -669.9 -81.6 -190.7
20211116221235  -669.8 -81.4 -190.7
20211116221236  -669.8 -81.3 -190.9
20211116221237  -669.8 -81.5 -190.8
20211116221238  -670.0 -81.4 -190.9
20211116221239  -670.1 -81.2 -190.9
20211116221240  -669.9 -81.4 -191.0
20211116221241  -669.7 -81.7 -190.8
20211116221242  -669.8 -81.7 -191.2
20211116221243  -669.9 -81.8 -190.8
20211116221244  -669.4 -81.7 -190.6
20211116221245  -669.8 -81.4 -190.5
20211116221246  -670.1 -81.5 -190.9
20211116221247  -670.1 -81.5 -190.8
20211116221248  -670.1 -81.6 -190.9
20211116221249  -669.9 -81.6 -190.9
20211116221250  -670.2 -81.4 -191.2
20211116221251  -670.3 -81.2 -191.1
20211116221252  -670.1 -81.2 -191.2
20211116221253  -670.4 -81.3 -191.0
20211116221254  -670.3 -81.2 -190.9
20211116221255  -670.3 -81.2 -190.9
20211116221256  -670.5 -81.4 -190.7
20211116221257  -670.2 -81.4 -190.7
20211116221258  -670.2 -81.3 -190.9
20211116221259  -669.8 -81.5 -190.6
20211116221300  -670.2 -81.3 -190.8
20211116221301  -670.2 -81.6 -190.6
20211116221302  -670.3 -81.4 -191.1
20211116221303  -670.3 -81.5 -190.8
20211116221304  -670.5 -81.4 -190.7
20211116221305  -670.2 -81.3 -190.8
20211116221306  -670.3 -81.5 -190.6
20211116221307  -670.0 -81.4 -190.9
20211116221308  -669.9 -81.3 -190.9
20211116221309  -670.0 -81.5 -191.0
20211116221310  -669.2 -81.5 -190.4
20211116221311  -669.1 -81.6 -190.1
20211116221312  -668.7 -81.1 -189.8
20211116221313  -668.4 -81.3 -189.6
20211116221314  -668.3 -81.3 -189.5
20211116221315  -669.0 -81.0 -190.3
20211116221316  -668.8 -81.1 -190.3
20211116221317  -669.0 -81.0 -190.0
20211116221318  -669.3 -81.1 -190.1
20211116221319  -669.4 -81.1 -190.2
20211116221320  -668.9 -81.0 -190.2
20211116221321  -669.2 -81.0 -190.4
20211116221322  -669.1 -81.1 -190.4
20211116221323  -668.9 -81.0 -190.5
20211116221324  -668.8 -81.1 -190.6
20211116221325  -668.8 -81.1 -190.2
20211116221326  -668.8 -81.0 -190.1
20211116221327  -669.0 -81.2 -190.5
20211116221328  -668.9 -81.2 -190.6
20211116221329  -668.6 -81.2 -190.8
20211116221330  -668.4 -81.0 -190.6
20211116221331  -668.7 -81.1 -190.3
20211116221332  -668.9 -81.2 -190.4
20211116221333  -668.8 -81.0 -190.4
20211116221334  -668.8 -81.0 -190.5
20211116221335  -668.4 -80.9 -190.3
20211116221336  -668.4 -81.0 -190.5
20211116221337  -668.5 -80.9 -190.6
20211116221338  -668.4 -81.0 -190.7
20211116221339  -668.3 -81.1 -190.5
20211116221340  -667.7 -81.0 -190.2
20211116221341  -667.6 -80.7 -190.0
20211116221342  -667.4 -80.5 -190.0
20211116221343  -667.2 -80.5 -189.4
20211116221344  -667.5 -80.5 -189.8
20211116221345  -667.8 -80.3 -190.6
20211116221346  -668.1 -80.5 -190.0
20211116221347  -668.2 -80.6 -190.3
20211116221348  -668.3 -80.8 -190.2
20211116221349  -668.0 -80.6 -190.3
20211116221350  -668.0 -80.5 -190.2
20211116221351  -668.1 -80.6 -190.3
20211116221352  -668.5 -80.4 -190.4
20211116221353  -668.3 -80.6 -190.4
20211116221354  -668.2 -80.8 -190.5
20211116221355  -668.3 -80.7 -190.5
20211116221356  -668.1 -80.7 -190.0
20211116221357  -667.6 -80.8 -190.0
20211116221358  -667.7 -80.8 -190.0
20211116221359  -667.8 -80.5 -190.1
20211116221400  -667.6 -80.5 -190.3
20211116221401  -667.6 -80.6 -190.4
20211116221402  -667.5 -80.8 -190.5
20211116221403  -667.8 -80.5 -190.5
20211116221404  -667.3 -80.6 -190.2
20211116221405  -667.4 -81.0 -190.2
20211116221406  -667.3 -81.1 -190.2
20211116221407  -667.5 -81.0 -190.3
20211116221408  -667.7 -81.2 -190.1
20211116221409  -667.5 -81.0 -190.1
20211116221410  -667.3 -80.9 -190.1
20211116221411  -666.5 -80.8 -189.9
20211116221412  -666.4 -80.9 -189.7
20211116221413  -666.2 -80.8 -189.5
20211116221414  -666.8 -80.6 -189.7
20211116221415  -667.3 -80.7 -190.0
20211116221416  -667.0 -80.9 -190.0
20211116221417  -667.0 -80.7 -190.3
20211116221418  -667.3 -80.5 -190.1
20211116221419  -667.5 -80.6 -190.0
20211116221420  -666.9 -80.5 -190.1
20211116221421  -667.0 -80.3 -190.0
20211116221422  -667.1 -80.2 -190.3
20211116221423  -666.9 -80.5 -190.1
20211116221424  -666.9 -80.4 -190.3
20211116221425  -667.1 -80.6 -190.4
20211116221426  -666.9 -80.6 -190.6
20211116221427  -666.8 -80.6 -190.2
20211116221428  -667.1 -80.6 -190.1
20211116221429  -666.9 -80.6 -190.3
20211116221430  -667.0 -80.8 -190.7
20211116221431  -666.9 -80.5 -190.3
20211116221432  -666.9 -80.6 -190.4
20211116221433  -666.6 -80.6 -190.1
20211116221434  -666.5 -80.7 -189.9
20211116221435  -666.8 -80.6 -190.2
20211116221436  -666.8 -80.8 -190.4
20211116221437  -666.4 -80.5 -190.1
20211116221438  -666.6 -80.2 -190.1
20211116221439  -666.7 -80.4 -190.3
20211116221440  -666.7 -80.7 -190.2
20211116221441  -666.0 -80.7 -189.9
20211116221442  -665.7 -80.5 -189.5
20211116221443  -665.6 -80.7 -189.6
20211116221444  -665.8 -80.3 -189.6
20211116221445  -666.3 -80.5 -190.1
20211116221446  -666.2 -80.5 -189.9
20211116221447  -666.4 -80.4 -190.3
20211116221448  -666.1 -80.5 -190.3
20211116221449  -666.2 -80.6 -190.2
20211116221450  -666.0 -80.6 -190.4
20211116221451  -666.3 -80.6 -190.4
20211116221452  -666.3 -80.6 -190.5
20211116221453  -666.4 -80.4 -190.7
20211116221454  -666.3 -80.6 -190.9
20211116221455  -666.6 -80.8 -190.7
20211116221456  -666.5 -80.8 -190.6
20211116221457  -666.4 -80.8 -190.6
20211116221458  -666.4 -80.9 -190.6
20211116221459  -667.2 -81.0 -190.5
20211116221500  -667.1 -81.1 -190.7
20211116221501  -667.0 -81.0 -191.0
20211116221502  -666.8 -81.0 -190.6
20211116221503  -667.0 -81.3 -190.7
20211116221504  -666.9 -80.9 -190.7
20211116221505  -666.8 -81.1 -190.9
20211116221506  -667.0 -80.9 -190.6
20211116221507  -666.9 -81.0 -190.9
20211116221508  -667.0 -81.1 -190.8
20211116221509  -666.9 -81.1 -191.0
20211116221510  -666.9 -81.4 -191.3
20211116221511  -666.0 -81.1 -190.5
20211116221512  -665.8 -81.3 -190.3
20211116221513  -665.4 -80.9 -189.9
20211116221514  -665.3 -80.9 -189.7
20211116221515  -666.3 -81.0 -190.2
20211116221516  -666.4 -81.3 -190.2
20211116221517  -666.3 -81.3 -190.0
20211116221518  -666.5 -81.2 -190.2
20211116221519  -666.6 -81.3 -190.2
20211116221520  -666.8 -81.6 -190.4
20211116221521  -666.7 -81.6 -190.4
20211116221522  -666.5 -81.5 -190.4
20211116221523  -666.6 -81.6 -190.4
20211116221524  -666.7 -81.8 -190.3
20211116221525  -666.5 -81.7 -190.4
20211116221526  -666.7 -81.6 -190.4
20211116221527  -666.7 -81.7 -190.5
20211116221528  -666.8 -81.6 -190.3
20211116221529  -666.9 -81.5 -190.4
20211116221530  -666.6 -81.4 -190.4
20211116221531  -666.7 -81.5 -190.7
20211116221532  -666.6 -81.7 -190.5
20211116221533  -666.4 -81.5 -190.5
20211116221534  -666.5 -81.7 -190.5
20211116221535  -666.6 -81.8 -190.4
20211116221536  -666.8 -81.6 -190.5
20211116221537  -666.3 -81.5 -190.4
20211116221538  -666.6 -81.6 -190.7
20211116221539  -666.9 -81.6 -190.9
20211116221540  -666.7 -81.6 -191.0
20211116221541  -665.9 -81.9 -190.4
20211116221542  -665.7 -81.7 -190.1
20211116221543  -665.7 -81.7 -189.9
20211116221544  -665.2 -81.3 -189.6
20211116221545  -666.1 -81.4 -190.1
20211116221546  -666.2 -81.6 -190.3
20211116221547  -666.2 -81.5 -190.2
20211116221548  -666.3 -81.4 -190.5
20211116221549  -666.0 -81.5 -190.6
20211116221550  -666.2 -81.9 -190.3
20211116221551  -666.1 -81.7 -190.0
20211116221552  -666.0 -81.8 -189.9
20211116221553  -666.1 -81.7 -190.2
20211116221554  -665.7 -81.9 -190.1
20211116221555  -665.8 -81.8 -190.0
20211116221556  -665.8 -82.2 -190.1
20211116221557  -665.8 -82.2 -190.5
20211116221558  -665.8 -82.1 -190.5
20211116221559  -665.5 -82.2 -190.6
20211116221600  -665.7 -82.3 -190.6
20211116221601  -665.6 -82.2 -190.5
20211116221602  -665.6 -82.1 -190.4
20211116221603  -665.4 -82.2 -190.1
20211116221604  -665.6 -82.2 -189.9
20211116221605  -665.6 -82.0 -189.8
20211116221606  -665.4 -81.9 -189.9
20211116221607  -665.4 -82.3 -190.1
20211116221608  -665.6 -82.1 -189.9
20211116221609  -665.2 -82.0 -190.0
20211116221610  -665.1 -82.2 -190.3
20211116221611  -664.2 -81.9 -189.8
20211116221612  -664.0 -81.6 -189.3
20211116221613  -663.8 -81.6 -189.3
20211116221614  -663.7 -81.5 -189.2
20211116221615  -664.2 -81.4 -189.1
20211116221616  -664.5 -81.7 -189.7
20211116221617  -664.7 -81.9 -189.9
20211116221618  -664.5 -82.1 -189.7
20211116221619  -664.6 -81.7 -189.7
20211116221620  -664.3 -81.9 -189.9
20211116221621  -664.2 -82.0 -189.8
20211116221622  -664.4 -81.9 -189.8
20211116221623  -664.0 -82.1 -189.8
20211116221624  -664.1 -81.9 -190.1
20211116221625  -664.1 -81.8 -190.0
20211116221626  -664.0 -82.1 -190.2
20211116221627  -664.4 -82.3 -190.4
20211116221628  -664.2 -82.1 -190.5
20211116221629  -664.3 -81.9 -190.0
20211116221630  -664.4 -82.1 -189.9
20211116221631  -664.3 -82.2 -190.0
20211116221632  -664.4 -82.0 -190.2
20211116221633  -664.5 -82.2 -190.0
20211116221634  -664.5 -82.5 -189.9
20211116221635  -664.3 -82.3 -190.1
20211116221636  -664.3 -82.4 -190.0
20211116221637  -664.3 -82.4 -190.0
20211116221638  -664.4 -82.5 -189.9
20211116221639  -664.5 -82.7 -189.8
20211116221640  -664.3 -82.3 -189.9
20211116221641  -663.9 -82.5 -189.4
20211116221642  -664.2 -82.4 -189.3
20211116221643  -664.6 -82.7 -189.8
20211116221644  -664.5 -83.0 -189.9
20211116221645  -664.7 -82.8 -190.2
20211116221646  -664.8 -82.9 -189.9
20211116221647  -664.7 -82.9 -190.0
20211116221648  -664.7 -83.1 -190.2
20211116221649  -664.7 -83.1 -190.0
20211116221650  -664.9 -83.2 -189.8
20211116221651  -664.8 -83.0 -190.3
20211116221652  -664.9 -83.1 -190.6
20211116221653  -665.1 -83.2 -190.4
20211116221654  -665.0 -83.5 -190.3
20211116221655  -665.1 -83.2 -190.4
20211116221656  -665.3 -83.1 -190.4
20211116221657  -665.4 -83.3 -190.1
20211116221658  -665.2 -83.4 -190.6
20211116221659  -665.0 -83.3 -190.4
20211116221700  -665.4 -83.5 -190.3
20211116221701  -665.2 -83.5 -190.0
20211116221702  -665.2 -83.4 -189.9
20211116221703  -665.5 -83.4 -190.5
20211116221704  -665.6 -83.4 -190.4
20211116221705  -665.8 -83.5 -190.3
20211116221706  -665.7 -83.7 -190.2
20211116221707  -665.1 -83.4 -190.0
20211116221708  -664.8 -83.1 -189.9
20211116221709  -665.4 -83.4 -190.3
20211116221710  -665.5 -83.6 -190.3
20211116221711  -666.0 -83.6 -190.5
20211116221712  -666.0 -83.9 -190.3
20211116221713  -666.1 -83.6 -190.4
20211116221714  -666.2 -83.6 -190.7
20211116221715  -666.5 -83.5 -191.0
20211116221716  -666.9 -83.7 -190.9
20211116221717  -666.8 -83.6 -190.5
20211116221718  -667.1 -83.7 -190.6
20211116221719  -666.9 -83.7 -190.9
20211116221720  -667.0 -83.9 -191.0
20211116221721  -667.0 -83.7 -190.9
20211116221722  -667.0 -84.3 -191.0
20211116221723  -667.1 -84.1 -191.1
20211116221724  -667.2 -84.0 -191.0
20211116221725  -667.3 -84.2 -191.2
20211116221726  -667.4 -83.8 -190.9
20211116221727  -667.6 -84.1 -191.1
20211116221728  -667.5 -84.4 -191.3
20211116221729  -667.4 -84.5 -191.4
20211116221730  -667.5 -84.5 -191.3
20211116221731  -667.5 -84.5 -191.4
20211116221732  -667.7 -84.4 -191.3
20211116221733  -667.5 -84.6 -191.3
20211116221734  -666.9 -84.6 -190.4
20211116221735  -667.6 -84.5 -191.3
20211116221736  -668.0 -84.4 -191.7
20211116221737  -668.1 -84.5 -191.6
20211116221738  -668.0 -84.4 -191.6
20211116221739  -668.1 -84.5 -191.9
20211116221740  -668.1 -84.6 -191.7
20211116221741  -668.2 -84.6 -191.8
20211116221742  -668.4 -84.8 -192.1
20211116221743  -668.5 -84.9 -191.9
20211116221744  -668.7 -84.6 -191.7
20211116221745  -668.5 -84.5 -191.5
20211116221746  -668.8 -84.7 -191.8
20211116221747  -669.1 -84.6 -192.0
20211116221748  -669.3 -84.8 -191.9
20211116221749  -669.3 -84.9 -191.7
20211116221750  -669.5 -84.9 -192.2
20211116221751  -669.5 -84.8 -192.1
20211116221752  -669.5 -85.0 -192.1
20211116221753  -669.7 -85.1 -192.1
20211116221754  -669.9 -85.1 -192.4
20211116221755  -669.8 -85.1 -192.5
20211116221756  -670.3 -85.2 -192.4
20211116221757  -670.2 -85.3 -192.5
20211116221758  -670.3 -85.3 -192.5
20211116221759  -670.2 -85.4 -192.6
20211116221800  -670.0 -85.1 -191.9
20211116221801  -669.6 -85.1 -191.7
20211116221802  -669.6 -85.1 -191.6
20211116221803  -669.8 -85.1 -191.8
20211116221804  -670.2 -84.9 -191.9
20211116221805  -671.1 -85.2 -192.5
20211116221806  -671.3 -85.5 -192.5
20211116221807  -671.4 -85.5 -193.0
20211116221808  -671.7 -85.6 -192.8
20211116221809  -671.6 -85.7 -193.1
20211116221810  -671.9 -86.0 -193.0
20211116221811  -672.1 -85.8 -192.9
20211116221812  -672.2 -85.9 -192.7
20211116221813  -672.3 -86.0 -193.2
20211116221814  -672.3 -85.9 -193.1
20211116221815  -672.6 -85.8 -193.3
20211116221816  -672.7 -85.8 -193.4
20211116221817  -672.7 -86.1 -193.4
20211116221818  -673.0 -86.1 -193.6
