25221040  -654.2 -101.9 -205.5
20211025221041  -655.1 -101.7 -206.0
20211025221042  -655.4 -101.9 -206.5
20211025221043  -655.8 -102.1 -206.7
20211025221044  -655.8 -102.3 -206.7
20211025221045  -656.0 -102.2 -206.6
20211025221046  -656.0 -102.2 -206.7
20211025221047  -655.9 -102.1 -206.7
20211025221048  -656.2 -102.3 -206.8
20211025221049  -656.2 -102.4 -206.7
20211025221050  -656.3 -102.5 -206.8
20211025221051  -656.0 -102.3 -206.6
20211025221052  -656.4 -102.6 -206.7
20211025221053  -656.5 -102.4 -207.1
20211025221054  -656.5 -102.4 -206.7
20211025221055  -656.7 -102.5 -206.8
20211025221056  -656.7 -102.5 -206.9
20211025221057  -656.8 -102.3 -206.9
20211025221058  -657.0 -102.2 -207.3
20211025221059  -657.2 -102.3 -207.0
20211025221100  -657.1 -102.4 -207.2
20211025221101  -657.6 -102.5 -207.3
20211025221102  -657.7 -102.6 -207.2
20211025221103  -657.7 -102.4 -207.1
20211025221104  -657.8 -102.6 -207.0
20211025221105  -657.9 -102.5 -207.3
20211025221106  -657.7 -102.7 -207.4
20211025221107  -657.8 -103.0 -207.5
20211025221108  -658.0 -102.9 -207.4
20211025221109  -657.5 -103.0 -207.4
20211025221110  -657.3 -102.6 -206.9
20211025221111  -658.2 -102.2 -207.4
20211025221112  -658.4 -102.8 -207.6
20211025221113  -658.5 -102.6 -207.6
20211025221114  -658.8 -102.8 -207.4
20211025221115  -658.8 -102.9 -207.6
20211025221116  -658.8 -103.1 -207.6
20211025221117  -658.8 -103.1 -207.7
20211025221118  -658.8 -103.1 -207.3
20211025221119  -659.0 -103.0 -207.4
20211025221120  -659.0 -103.1 -207.6
20211025221121  -659.2 -103.3 -207.7
20211025221122  -659.3 -102.9 -207.5
20211025221123  -659.3 -103.1 -207.7
20211025221124  -659.5 -103.1 -207.7
20211025221125  -659.5 -103.4 -207.7
20211025221126  -659.6 -103.6 -207.5
20211025221127  -659.8 -103.2 -207.6
20211025221128  -659.9 -103.4 -207.6
20211025221129  -659.8 -103.1 -207.9
20211025221130  -660.0 -103.2 -208.0
20211025221131  -659.9 -103.2 -208.1
20211025221132  -659.8 -103.3 -208.3
20211025221133  -660.4 -103.5 -208.4
20211025221134  -660.4 -103.3 -208.3
20211025221135  -660.8 -103.3 -208.5
20211025221136  -660.6 -103.5 -208.4
20211025221137  -660.6 -103.8 -208.3
20211025221138  -660.7 -103.7 -208.1
20211025221139  -660.7 -103.7 -208.3
20211025221140  -660.3 -103.7 -207.8
20211025221141  -660.9 -103.6 -208.2
20211025221142  -661.2 -103.7 -208.5
20211025221143  -661.3 -103.5 -208.1
20211025221144  -661.1 -103.5 -208.2
20211025221145  -661.3 -103.3 -208.2
20211025221146  -661.4 -103.4 -208.5
20211025221147  -661.4 -103.3 -208.4
20211025221148  -661.7 -103.6 -208.1
20211025221149  -661.7 -103.4 -208.4
20211025221150  -661.7 -103.1 -208.6
20211025221151  -661.6 -103.2 -208.6
20211025221152  -661.9 -103.2 -208.4
20211025221153  -661.8 -103.3 -208.3
20211025221154  -661.9 -103.2 -208.6
20211025221155  -661.9 -103.4 -208.7
20211025221156  -662.2 -103.4 -208.9
20211025221157  -662.2 -103.5 -208.7
20211025221158  -662.5 -103.5 -208.9
20211025221159  -662.5 -103.5 -208.9
20211025221200  -662.6 -103.5 -209.2
20211025221201  -662.5 -103.4 -209.2
20211025221202  -662.4 -103.4 -209.3
20211025221203  -662.4 -103.5 -209.2
20211025221204  -662.6 -103.5 -209.1
20211025221205  -662.6 -104.0 -209.1
20211025221206  -662.4 -103.6 -208.9
20211025221207  -662.5 -103.5 -209.2
20211025221208  -662.7 -103.6 -209.0
20211025221209  -662.8 -103.7 -209.1
20211025221210  -662.7 -103.5 -208.9
20211025221211  -663.5 -103.5 -209.4
20211025221212  -663.6 -103.7 -209.0
20211025221213  -663.7 -103.8 -209.2
20211025221214  -663.9 -103.7 -209.4
20211025221215  -663.8 -103.8 -209.3
20211025221216  -663.5 -104.0 -209.6
20211025221217  -663.8 -104.0 -209.4
20211025221218  -663.9 -104.0 -209.5
20211025221219  -663.9 -103.7 -209.6
20211025221220  -664.0 -103.9 -209.4
20211025221221  -664.1 -104.0 -209.4
20211025221222  -664.1 -104.1 -209.6
20211025221223  -664.3 -104.0 -209.8
20211025221224  -664.2 -104.0 -210.0
20211025221225  -664.2 -104.2 -210.1
20211025221226  -664.4 -104.4 -209.9
20211025221227  -664.2 -104.5 -210.1
20211025221228  -664.1 -104.2 -210.1
20211025221229  -664.3 -104.4 -210.1
20211025221230  -664.5 -104.4 -210.2
20211025221231  -664.6 -104.5 -210.0
20211025221232  -664.8 -104.5 -210.1
20211025221233  -664.8 -104.4 -210.4
20211025221234  -664.9 -104.1 -210.5
20211025221235  -664.9 -104.4 -210.3
20211025221236  -665.1 -104.3 -210.3
20211025221237  -665.1 -104.1 -210.2
20211025221238  -665.0 -104.4 -210.1
20211025221239  -665.1 -104.5 -210.1
20211025221240  -664.4 -104.4 -209.7
20211025221241  -664.5 -104.3 -209.8
20211025221242  -664.7 -104.5 -210.1
20211025221243  -664.9 -104.8 -210.1
20211025221244  -665.1 -104.5 -210.1
20211025221245  -664.9 -104.5 -210.5
20211025221246  -665.2 -104.3 -210.1
20211025221247  -665.2 -104.4 -210.3
20211025221248  -665.3 -104.5 -210.3
20211025221249  -665.1 -104.2 -210.2
20211025221250  -665.1 -104.4 -210.2
20211025221251  -665.2 -104.4 -210.3
20211025221252  -665.1 -104.6 -210.2
20211025221253  -665.3 -104.5 -210.0
20211025221254  -665.6 -104.5 -210.3
20211025221255  -665.4 -104.7 -210.3
20211025221256  -665.7 -104.6 -210.5
20211025221257  -665.8 -104.5 -210.5
20211025221258  -665.7 -105.0 -210.2
20211025221259  -665.6 -104.7 -210.6
20211025221300  -665.6 -104.8 -210.6
20211025221301  -665.7 -105.0 -210.9
20211025221302  -665.5 -105.1 -211.1
20211025221303  -665.7 -105.0 -210.9
20211025221304  -665.8 -105.4 -210.7
20211025221305  -666.1 -105.5 -210.8
20211025221306  -665.8 -105.5 -211.0
20211025221307  -666.0 -105.4 -211.0
20211025221308  -665.8 -105.7 -211.1
20211025221309  -665.7 -105.8 -211.1
20211025221310  -665.6 -106.0 -211.1
20211025221311  -665.6 -105.8 -210.5
20211025221312  -666.0 -106.2 -211.0
20211025221313  -666.1 -106.0 -211.0
20211025221314  -665.9 -106.0 -210.8
20211025221315  -665.9 -106.7 -211.0
20211025221316  -665.8 -106.9 -211.2
20211025221317  -665.9 -106.7 -211.5
20211025221318  -665.8 -106.9 -211.2
20211025221319  -665.4 -106.7 -211.4
20211025221320  -665.6 -106.8 -211.3
20211025221321  -665.9 -106.7 -211.4
20211025221322  -665.6 -107.1 -211.4
20211025221323  -665.8 -107.0 -211.5
20211025221324  -665.8 -106.9 -211.5
20211025221325  -666.1 -107.0 -211.4
20211025221326  -666.1 -107.0 -211.3
20211025221327  -666.0 -106.8 -211.5
20211025221328  -666.1 -106.8 -211.4
20211025221329  -666.2 -106.8 -211.3
20211025221330  -666.1 -106.8 -211.4
20211025221331  -666.2 -106.9 -211.5
20211025221332  -666.4 -106.4 -211.9
20211025221333  -666.5 -106.9 -211.7
20211025221334  -666.6 -106.7 -212.0
20211025221335  -666.7 -106.8 -211.8
20211025221336  -666.9 -106.6 -211.8
20211025221337  -666.8 -106.7 -211.8
20211025221338  -666.8 -106.7 -212.1
20211025221339  -666.5 -106.7 -212.2
20211025221340  -666.5 -107.0 -212.3
20211025221341  -666.0 -107.0 -211.9
20211025221342  -666.7 -106.9 -212.5
20211025221343  -666.7 -106.9 -212.4
20211025221344  -666.9 -106.9 -212.2
20211025221345  -667.0 -107.0 -212.2
20211025221346  -666.9 -106.9 -212.0
20211025221347  -666.8 -106.7 -212.2
20211025221348  -666.8 -106.8 -212.0
20211025221349  -666.5 -106.8 -212.2
20211025221350  -666.9 -107.2 -212.0
20211025221351  -666.8 -106.9 -212.1
20211025221352  -666.6 -106.8 -212.3
20211025221353  -666.8 -106.7 -212.0
20211025221354  -666.5 -106.6 -211.9
20211025221355  -666.4 -106.7 -211.7
20211025221356  -666.6 -106.3 -211.6
20211025221357  -666.4 -106.5 -211.5
20211025221358  -666.2 -106.4 -211.7
20211025221359  -666.4 -106.3 -211.8
20211025221400  -666.3 -106.2 -211.9
20211025221401  -666.1 -106.1 -211.9
20211025221402  -665.8 -106.2 -211.9
20211025221403  -665.6 -106.1 -211.8
20211025221404  -665.5 -105.8 -211.8
20211025221405  -665.6 -105.8 -212.1
20211025221406  -665.3 -105.4 -211.7
20211025221407  -665.3 -105.3 -211.8
20211025221408  -665.2 -105.5 -211.8
20211025221409  -665.0 -105.4 -211.6
20211025221410  -664.9 -105.4 -211.5
20211025221411  -664.5 -105.1 -211.4
20211025221412  -664.7 -104.9 -211.4
20211025221413  -664.8 -105.1 -211.5
20211025221414  -664.7 -104.8 -211.8
20211025221415  -664.5 -104.5 -211.6
20211025221416  -664.3 -104.3 -211.7
20211025221417  -664.6 -104.1 -211.3
20211025221418  -664.8 -103.8 -211.4
20211025221419  -664.5 -103.9 -211.6
20211025221420  -664.9 -103.7 -211.4
20211025221421  -664.7 -103.7 -211.6
20211025221422  -664.4 -103.7 -211.4
20211025221423  -664.5 -103.7 -211.2
20211025221424  -664.4 -103.5 -211.4
20211025221425  -664.2 -103.6 -211.2
20211025221426  -664.4 -103.5 -211.3
20211025221427  -664.0 -103.4 -211.2
20211025221428  -664.0 -103.2 -211.3
20211025221429  -664.1 -103.2 -210.9
20211025221430  -663.8 -102.8 -211.0
20211025221431  -663.6 -102.8 -211.2
20211025221432  -663.7 -102.5 -211.0
20211025221433  -663.6 -102.3 -211.1
20211025221434  -663.7 -102.4 -210.7
20211025221435  -663.7 -102.3 -210.9
20211025221436  -663.3 -102.3 -211.2
20211025221437  -663.0 -102.2 -210.8
20211025221438  -663.2 -102.0 -210.8
20211025221439  -663.2 -101.8 -210.5
20211025221440  -662.9 -101.7 -210.7
20211025221441  -662.2 -102.0 -210.6
20211025221442  -661.7 -101.5 -210.4
20211025221443  -662.5 -101.8 -210.5
20211025221444  -662.5 -101.7 -210.4
20211025221445  -662.3 -101.8 -210.5
20211025221446  -661.9 -101.5 -210.4
20211025221447  -662.0 -101.4 -210.2
20211025221448  -662.0 -101.3 -210.1
20211025221449  -661.5 -101.4 -210.0
20211025221450  -661.4 -101.2 -210.5
20211025221451  -661.3 -101.2 -210.2
20211025221452  -661.2 -101.1 -210.3
20211025221453  -661.1 -101.2 -210.2
20211025221454  -661.1 -101.0 -210.3
20211025221455  -661.1 -101.1 -210.4
20211025221456  -661.1 -101.1 -210.1
20211025221457  -661.2 -101.0 -210.1
20211025221458  -660.8 -101.3 -210.0
20211025221459  -660.7 -101.0 -210.0
20211025221500  -660.5 -101.6 -209.8
20211025221501  -660.4 -101.4 -210.0
20211025221502  -660.2 -101.5 -210.1
20211025221503  -660.1 -101.6 -210.2
20211025221504  -660.2 -101.4 -209.9
20211025221505  -659.9 -101.7 -209.9
20211025221506  -659.8 -101.7 -209.9
20211025221507  -659.5 -101.4 -210.0
20211025221508  -659.4 -101.8 -209.9
20211025221509  -659.2 -101.9 -209.8
20211025221510  -659.3 -102.1 -210.1
20211025221511  -659.1 -102.2 -209.9
20211025221512  -658.3 -101.9 -209.3
20211025221513  -659.0 -101.6 -209.6
20211025221514  -659.1 -102.1 -209.9
20211025221515  -659.0 -102.1 -209.7
20211025221516  -659.0 -102.1 -209.5
20211025221517  -659.0 -102.0 -209.6
20211025221518  -659.2 -102.4 -209.7
20211025221519  -658.8 -102.5 -210.0
20211025221520  -658.6 -102.6 -209.6
20211025221521  -659.0 -102.9 -209.5
20211025221522  -659.4 -102.7 -209.7
20211025221523  -659.4 -102.8 -210.0
20211025221524  -659.2 -103.0 -209.9
20211025221525  -659.3 -103.0 -209.7
20211025221526  -659.5 -103.1 -209.7
20211025221527  -659.8 -103.1 -209.9
20211025221528  -659.9 -103.1 -209.7
20211025221529  -660.3 -103.5 -209.9
20211025221530  -660.3 -103.5 -210.1
20211025221531  -660.2 -103.3 -210.1
20211025221532  -660.3 -103.5 -210.1
20211025221533  -660.5 -103.5 -210.1
20211025221534  -660.5 -103.4 -210.5
20211025221535  -660.7 -103.6 -210.3
20211025221536  -661.0 -103.5 -210.3
20211025221537  -660.9 -103.4 -210.0
20211025221538  -660.8 -103.6 -209.8
20211025221539  -660.8 -103.7 -209.6
20211025221540  -661.1 -103.6 -209.9
20211025221541  -661.2 -103.9 -209.8
20211025221542  -660.6 -103.6 -209.4
20211025221543  -661.1 -103.2 -209.3
20211025221544  -661.5 -103.2 -209.6
20211025221545  -661.4 -103.0 -209.5
20211025221546  -661.8 -103.1 -209.4
20211025221547  -661.6 -103.1 -209.2
20211025221548  -661.9 -102.7 -209.4
20211025221549  -662.0 -102.4 -209.2
20211025221550  -662.2 -102.7 -209.5
20211025221551  -662.5 -102.8 -209.4
20211025221552  -662.2 -102.8 -209.3
20211025221553  -662.5 -102.7 -209.4
20211025221554  -662.6 -102.6 -209.4
20211025221555  -662.4 -102.2 -209.4
20211025221556  -662.8 -102.1 -209.3
20211025221557  -663.1 -101.9 -209.2
20211025221558  -662.8 -101.9 -209.1
20211025221559  -663.1 -101.8 -209.0
20211025221600  -663.2 -101.7 -209.0
20211025221601  -663.5 -101.6 -208.7
20211025221602  -663.4 -101.3 -209.0
20211025221603  -663.7 -101.5 -209.2
20211025221604  -663.6 -101.3 -209.0
20211025221605  -663.8 -100.8 -209.1
20211025221606  -663.9 -100.8 -209.1
20211025221607  -663.8 -100.6 -208.7
20211025221608  -663.9 -100.5 -208.7
20211025221609  -663.6 -100.3 -208.5
20211025221610  -663.8 -99.8 -208.3
20211025221611  -663.7 -99.5 -208.4
20211025221612  -663.5 -99.3 -208.3
20211025221613  -663.7 -98.7 -208.0
20211025221614  -664.0 -98.4 -208.3
20211025221615  -664.4 -98.3 -208.1
20211025221616  -664.1 -97.9 -208.2
20211025221617  -664.3 -97.6 -208.1
20211025221618  -664.5 -97.4 -207.9
20211025221619  -664.6 -97.0 -208.2
20211025221620  -664.5 -96.9 -208.3
20211025221621  -664.1 -96.7 -208.1
20211025221622  -664.2 -96.7 -208.0
20211025221623  -664.3 -96.2 -208.0
20211025221624  -664.3 -95.9 -208.0
20211025221625  -664.7 -95.7 -208.1
20211025221626  -664.7 -95.5 -208.0
20211025221627  -664.6 -95.1 -207.9
20211025221628  -664.5 -94.7 -207.7
20211025221629  -664.2 -94.8 -207.8
20211025221630  -663.9 -94.8 -207.9
20211025221631  -664.0 -94.7 -207.7
20211025221632  -664.1 -94.3 -207.9
20211025221633  -664.1 -94.1 -207.7
20211025221634  -664.3 -93.8 -207.6
20211025221635  -664.3 -93.7 -207.6
20211025221636  -664.2 -93.5 -207.7
20211025221637  -664.0 -93.3 -207.8
20211025221638  -663.7 -93.2 -207.8
20211025221639  -663.9 -93.1 -207.8
20211025221640  -663.9 -93.3 -207.8
20211025221641  -663.5 -92.9 -207.7
20211025221642  -663.5 -93.0 -207.6
20211025221643  -662.7 -92.9 -206.9
20211025221644  -663.1 -93.1 -207.3
20211025221645  -662.7 -92.7 -207.1
20211025221646  -662.7 -92.8 -207.4
20211025221647  -662.6 -92.7 -207.2
20211025221648  -662.9 -92.5 -207.4
20211025221649  -662.6 -92.8 -207.3
20211025221650  -662.3 -92.6 -207.3
20211025221651  -662.2 -92.8 -207.2
20211025221652  -662.2 -92.9 -207.0
20211025221653  -662.3 -93.0 -207.4
20211025221654  -661.9 -92.9 -207.4
20211025221655  -662.0 -92.9 -207.1
20211025221656  -661.9 -92.6 -207.3
20211025221657  -661.6 -92.9 -207.4
20211025221658  -661.6 -93.1 -207.5
20211025221659  -661.6 -93.2 -207.7
20211025221700  -661.5 -93.1 -207.7
20211025221701  -661.2 -93.2 -207.9
20211025221702  -660.9 -93.3 -207.9
20211025221703  -660.7 -93.4 -208.1
20211025221704  -660.6 -93.4 -207.9
20211025221705  -660.1 -93.4 -207.8
20211025221706  -660.3 -93.5 -207.7
20211025221707  -660.0 -93.8 -207.6
20211025221708  -660.0 -94.0 -207.6
20211025221709  -659.9 -93.9 -207.7
20211025221710  -659.9 -94.2 -207.7
20211025221711  -659.5 -94.2 -207.5
20211025221712  -659.5 -94.4 -207.4
20211025221713  -658.8 -94.7 -207.5
20211025221714  -659.1 -94.4 -207.7
20211025221715  -658.7 -94.4 -207.6
20211025221716  -658.7 -94.5 -207.7
20211025221717  -658.6 -94.7 -207.8
20211025221718  -658.3 -94.7 -207.5
20211025221719  -658.3 -94.6 -207.4
20211025221720  -658.0 -94.6 -207.3
20211025221721  -658.0 -94.3 -207.2
20211025221722  -657.8 -94.4 -207.4
20211025221723  -657.4 -94.5 -207.3
20211025221724  -657.1 -94.8 -207.1
20211025221725  -656.9 -94.7 -207.4
20211025221726  -656.8 -94.7 -207.2
20211025221727  -656.7 -94.9 -207.4
20211025221728  -656.4 -95.3 -207.6
20211025221729  -656.4 -95.5 -207.2
20211025221730  -656.2 -95.2 -207.2
20211025221731  -655.9 -95.3 -207.0
20211025221732  -655.4 -95.3 -206.8
20211025221733  -655.3 -95.3 -206.9
20211025221734  -654.8 -95.3 -207.0
20211025221735  -654.9 -95.6 -207.0
20211025221736  -654.5 -95.9 -207.1
20211025221737  -654.3 -95.8 -207.0
20211025221738  -654.2 -96.0 -207.0
20211025221739  -654.1 -96.1 -207.0
20211025221740  -654.1 -96.2 -206.8
20211025221741  -653.8 -96.4 -207.2
20211025221742  -653.5 -96.7 -207.1
20211025221743  -653.3 -96.7 -207.3
20211025221744  -653.5 -96.8 -207.1
20211025221745  -653.6 -97.2 -207.4
20211025221746  -653.7 -97.2 -207.4
20211025221747  -653.2 -97.0 -207.6
20211025221748  -653.4 -97.5 -207.4
20211025221749  -653.2 -97.4 -207.2
20211025221750  -653.3 -97.4 -207.2
20211025221751  -653.2 -97.8 -207.1
20211025221752  -653.1 -97.9 -206.9
20211025221753  -653.2 -98.1 -207.1
20211025221754  -652.9 -98.2 -206.9
20211025221755  -652.6 -98.3 -206.8
20211025221756  -652.8 -98.4 -207.1
20211025221757  -652.9 -98.6 -207.0
20211025221758  -652.9 -98.7 -207.0
20211025221759  -652.8 -98.6 -207.2
20211025221800  -653.2 -98.7 -207.2
20211025221801  -653.0 -98.9 -207.3
20211025221802  -652.9 -99.0 -207.2
20211025221803  -652.7 -99.1 -206.9
20211025221804  -652.8 -99.3 -206.9
20211025221805  -652.7 -99.2 -207.1
20211025221806  -652.8 -99.6 -207.1
20211025221807  -653.0 -99.5 -206.9
20211025221808  -653.0 -99.6 -206.8
20211025221809  -652.8 -99.6 -206.6
20211025221810  -652.8 -99.8 -206.5
20211025221811  -652.9 -99.8 -206.5
20211025221812  -652.7 -99.7 -206.6
20211025221813  -652.5 -99.7 -206.8
20211025221814  -651.9 -99.8 -206.1
20211025221815  -652.5 -99.8 -206.4
20211025221816  -652.6 -99.7 -206.5
20211025221817  -652.2 -99.4 -206.2
