20211202001016  -815.0 -34.7 -823.3
20211202001017  -814.8 -34.5 -822.9
20211202001018  -814.6 -34.5 -822.9
20211202001019  -814.5 -34.4 -822.7
20211202001020  -814.5 -34.5 -822.5
20211202001021  -814.6 -34.8 -822.4
20211202001022  -814.4 -35.1 -822.6
20211202001023  -814.2 -35.4 -822.3
20211202001024  -814.0 -35.6 -821.9
20211202001025  -813.6 -35.8 -821.6
20211202001026  -813.6 -35.9 -821.7
20211202001027  -813.8 -36.2 -821.8
20211202001028  -813.6 -36.2 -821.5
20211202001029  -813.4 -36.3 -821.3
20211202001030  -813.4 -36.5 -820.9
20211202001031  -813.0 -36.2 -820.6
20211202001032  -812.7 -36.4 -820.2
20211202001033  -812.2 -36.4 -819.8
20211202001034  -811.5 -36.1 -819.0
20211202001035  -811.1 -36.3 -818.3
20211202001036  -810.7 -36.2 -818.1
20211202001037  -810.0 -36.1 -817.9
20211202001038  -810.3 -36.8 -818.1
20211202001039  -809.8 -37.0 -818.0
20211202001040  -809.7 -37.1 -817.9
20211202001041  -809.2 -37.3 -818.1
20211202001042  -808.6 -37.5 -818.0
20211202001043  -808.1 -37.3 -817.6
20211202001044  -807.8 -37.1 -817.2
20211202001045  -807.0 -37.3 -816.8
20211202001046  -806.5 -37.4 -816.6
20211202001047  -806.1 -37.4 -816.8
20211202001048  -805.4 -37.3 -816.5
20211202001049  -804.9 -37.6 -816.4
20211202001050  -804.5 -37.5 -816.2
20211202001051  -803.5 -37.5 -816.0
20211202001052  -803.1 -37.4 -816.0
20211202001053  -802.7 -37.7 -815.8
20211202001054  -801.9 -37.8 -816.1
20211202001055  -800.9 -37.4 -816.1
20211202001056  -800.3 -37.2 -816.4
20211202001057  -799.4 -36.9 -816.0
20211202001058  -798.8 -37.1 -816.2
20211202001059  -797.9 -37.0 -816.1
20211202001100  -797.3 -37.1 -815.9
20211202001101  -796.6 -37.1 -815.8
20211202001102  -795.8 -37.3 -816.0
20211202001103  -794.6 -37.2 -816.1
20211202001104  -794.0 -36.7 -815.6
20211202001105  -793.8 -36.8 -816.3
20211202001106  -793.1 -37.0 -816.5
20211202001107  -792.6 -36.9 -816.5
20211202001108  -792.1 -37.0 -817.0
20211202001109  -791.6 -37.4 -817.0
20211202001110  -790.7 -37.2 -817.1
20211202001111  -790.4 -37.3 -817.2
20211202001112  -790.1 -37.4 -817.4
20211202001113  -789.7 -37.3 -816.9
20211202001114  -789.4 -37.5 -817.3
20211202001115  -788.9 -37.5 -817.0
20211202001116  -788.4 -38.0 -817.0
20211202001117  -787.9 -38.2 -817.1
20211202001118  -787.7 -38.2 -817.3
20211202001119  -787.2 -38.3 -817.1
20211202001120  -786.4 -39.0 -817.3
20211202001121  -785.9 -39.1 -817.6
20211202001122  -785.5 -39.3 -817.6
20211202001123  -784.8 -39.6 -817.5
20211202001124  -784.4 -40.0 -817.7
20211202001125  -784.0 -40.4 -817.3
20211202001126  -783.6 -40.5 -816.9
20211202001127  -783.0 -40.9 -817.2
20211202001128  -782.3 -41.1 -817.0
20211202001129  -781.4 -41.7 -816.7
20211202001130  -780.0 -42.0 -816.4
20211202001131  -779.9 -42.3 -816.6
20211202001132  -779.4 -42.9 -816.7
20211202001133  -779.0 -43.3 -816.3
20211202001134  -778.5 -43.7 -816.7
20211202001135  -778.0 -44.0 -816.8
20211202001136  -777.9 -44.5 -816.9
20211202001137  -777.4 -44.7 -816.4
20211202001138  -776.8 -45.3 -816.7
20211202001139  -776.2 -45.8 -816.6
20211202001140  -776.0 -46.3 -816.7
20211202001141  -776.0 -47.0 -816.5
20211202001142  -775.6 -47.5 -816.7
20211202001143  -775.4 -47.9 -817.0
20211202001144  -775.3 -48.1 -817.1
20211202001145  -774.8 -48.5 -817.2
20211202001146  -774.7 -49.0 -817.5
20211202001147  -774.3 -49.3 -817.1
20211202001148  -774.3 -49.6 -816.9
20211202001149  -774.0 -50.0 -816.6
20211202001150  -774.0 -50.6 -816.7
20211202001151  -773.8 -50.8 -816.7
20211202001152  -773.7 -51.2 -816.8
20211202001153  -773.6 -51.3 -816.6
20211202001154  -773.4 -51.5 -816.3
20211202001155  -772.8 -52.1 -816.6
20211202001156  -772.4 -52.3 -816.1
20211202001157  -772.0 -52.6 -816.3
20211202001158  -771.7 -52.7 -816.1
20211202001159  -771.5 -52.5 -816.4
20211202001200  -771.8 -52.8 -816.2
20211202001201  -772.3 -53.1 -816.5
20211202001202  -772.2 -53.3 -816.6
20211202001203  -772.1 -53.3 -816.6
20211202001204  -772.2 -53.3 -816.7
20211202001205  -772.2 -53.8 -816.8
20211202001206  -772.5 -54.0 -817.1
20211202001207  -772.3 -53.7 -817.3
20211202001208  -772.3 -54.0 -817.4
20211202001209  -772.4 -54.2 -817.3
20211202001210  -772.7 -54.7 -817.3
20211202001211  -772.6 -54.9 -817.4
20211202001212  -772.8 -54.9 -817.6
20211202001213  -773.0 -55.2 -817.5
20211202001214  -773.0 -55.5 -817.5
20211202001215  -772.9 -55.8 -817.2
20211202001216  -772.7 -55.7 -817.3
20211202001217  -773.0 -55.5 -817.4
20211202001218  -773.1 -55.9 -817.5
20211202001219  -772.9 -56.2 -817.5
20211202001220  -772.7 -56.9 -817.6
20211202001221  -772.7 -57.0 -817.6
20211202001222  -772.6 -57.2 -817.9
20211202001223  -772.7 -57.4 -818.0
20211202001224  -773.0 -57.5 -818.0
20211202001225  -772.9 -57.5 -818.1
20211202001226  -772.2 -57.7 -818.3
20211202001227  -771.7 -57.4 -817.9
20211202001228  -771.9 -57.3 -817.4
20211202001229  -771.5 -57.2 -817.3
20211202001230  -771.6 -57.3 -817.4
20211202001231  -772.1 -57.5 -817.9
20211202001232  -772.1 -57.4 -818.1
20211202001233  -772.0 -57.3 -818.2
20211202001234  -772.0 -57.6 -818.5
20211202001235  -772.1 -57.7 -818.4
20211202001236  -771.9 -57.7 -818.3
20211202001237  -772.0 -57.6 -818.4
20211202001238  -771.8 -57.7 -818.4
20211202001239  -771.7 -58.0 -818.6
20211202001240  -771.6 -57.9 -818.5
20211202001241  -771.5 -58.2 -818.5
20211202001242  -771.3 -58.4 -818.6
20211202001243  -770.9 -58.5 -818.5
20211202001244  -770.9 -58.6 -818.6
20211202001245  -770.9 -58.8 -818.2
20211202001246  -770.5 -58.5 -818.3
20211202001247  -770.1 -58.6 -818.3
20211202001248  -770.1 -58.8 -818.3
20211202001249  -769.5 -58.9 -818.4
20211202001250  -769.4 -59.3 -818.5
20211202001251  -769.1 -59.6 -818.8
20211202001252  -768.9 -59.5 -819.0
20211202001253  -768.5 -59.7 -819.4
20211202001254  -768.6 -59.5 -819.2
20211202001255  -768.3 -59.6 -819.2
20211202001256  -768.3 -59.6 -819.4
20211202001257  -767.6 -59.8 -819.1
20211202001258  -767.1 -59.6 -818.5
20211202001259  -766.8 -60.0 -818.5
20211202001300  -767.2 -59.8 -818.5
20211202001301  -767.6 -60.1 -819.2
20211202001302  -767.5 -60.1 -819.4
20211202001303  -767.2 -60.4 -819.3
20211202001304  -767.4 -60.3 -819.2
20211202001305  -767.3 -60.2 -819.3
20211202001306  -767.1 -60.1 -819.4
20211202001307  -767.3 -60.1 -819.4
20211202001308  -767.1 -60.0 -819.1
20211202001309  -767.0 -60.3 -819.0
20211202001310  -766.9 -60.5 -819.0
20211202001311  -767.0 -60.5 -818.8
20211202001312  -766.7 -60.6 -819.1
20211202001313  -766.9 -60.8 -819.1
20211202001314  -766.7 -60.8 -819.1
20211202001315  -766.7 -60.6 -819.2
20211202001316  -766.7 -60.7 -819.1
20211202001317  -766.5 -60.8 -819.2
20211202001318  -766.3 -60.8 -819.1
20211202001319  -766.0 -60.9 -819.1
20211202001320  -765.6 -61.0 -818.8
20211202001321  -765.8 -61.2 -818.8
20211202001322  -765.5 -61.3 -818.7
20211202001323  -765.3 -61.5 -818.3
20211202001324  -765.1 -61.7 -818.5
20211202001325  -765.1 -61.7 -818.2
20211202001326  -765.0 -61.8 -818.5
20211202001327  -764.5 -61.8 -818.4
20211202001328  -763.9 -61.6 -817.4
20211202001329  -763.6 -61.5 -817.2
20211202001330  -763.3 -61.4 -817.2
20211202001331  -764.0 -61.7 -817.5
20211202001332  -764.0 -61.8 -817.7
20211202001333  -764.0 -61.9 -817.4
20211202001334  -763.6 -62.1 -817.8
20211202001335  -763.9 -62.0 -817.8
20211202001336  -763.8 -62.5 -817.7
20211202001337  -763.7 -62.5 -817.8
20211202001338  -763.6 -62.4 -817.7
20211202001339  -763.4 -62.3 -817.7
20211202001340  -763.3 -62.0 -817.6
20211202001341  -763.2 -62.0 -817.7
20211202001342  -762.9 -62.2 -817.5
20211202001343  -762.7 -62.2 -817.4
20211202001344  -762.6 -62.3 -817.3
20211202001345  -762.3 -62.3 -817.5
20211202001346  -762.1 -62.3 -817.5
20211202001347  -762.1 -62.5 -817.4
20211202001348  -761.9 -62.2 -817.3
20211202001349  -761.7 -62.1 -817.1
20211202001350  -761.4 -62.1 -817.1
20211202001351  -761.3 -62.3 -817.2
20211202001352  -761.0 -62.1 -816.8
20211202001353  -760.7 -62.3 -816.9
20211202001354  -760.5 -62.7 -816.8
20211202001355  -760.2 -62.9 -816.7
20211202001356  -760.2 -62.8 -816.9
20211202001357  -759.6 -63.2 -816.5
20211202001358  -759.0 -63.3 -816.3
20211202001359  -758.5 -63.2 -816.0
20211202001400  -758.1 -63.1 -816.0
20211202001401  -758.8 -63.2 -816.4
20211202001402  -758.7 -63.5 -816.6
20211202001403  -758.5 -63.5 -816.6
20211202001404  -758.1 -63.3 -816.6
20211202001405  -757.8 -63.3 -816.6
20211202001406  -757.9 -63.6 -816.7
20211202001407  -757.2 -63.6 -816.6
20211202001408  -757.0 -63.8 -816.9
20211202001409  -756.8 -64.0 -816.6
20211202001410  -756.4 -64.2 -816.7
20211202001411  -756.1 -64.3 -816.7
20211202001412  -755.6 -64.5 -816.5
20211202001413  -755.6 -64.7 -816.8
20211202001414  -755.0 -64.9 -816.7
20211202001415  -754.8 -65.0 -816.7
20211202001416  -754.4 -65.2 -816.8
20211202001417  -754.1 -65.1 -817.1
20211202001418  -754.1 -65.5 -817.0
20211202001419  -753.8 -65.5 -816.9
20211202001420  -753.3 -65.5 -816.9
20211202001421  -753.1 -65.8 -817.1
20211202001422  -752.6 -65.7 -817.3
20211202001423  -752.5 -65.7 -817.5
20211202001424  -752.0 -65.7 -817.4
20211202001425  -751.6 -65.8 -817.2
20211202001426  -751.6 -65.8 -817.5
20211202001427  -751.5 -66.2 -817.7
20211202001428  -750.7 -66.3 -817.3
20211202001429  -750.0 -66.2 -816.7
20211202001430  -749.7 -66.4 -816.6
20211202001431  -749.6 -66.2 -816.7
20211202001432  -750.0 -66.4 -817.7
20211202001433  -749.9 -66.7 -817.7
20211202001434  -749.6 -67.0 -817.8
20211202001435  -749.7 -66.8 -817.7
20211202001436  -749.6 -67.0 -818.0
20211202001437  -749.7 -66.9 -818.0
20211202001438  -749.8 -67.5 -818.1
20211202001439  -750.1 -67.5 -818.1
20211202001440  -749.8 -68.0 -818.2
20211202001441  -749.9 -67.9 -818.5
20211202001442  -749.8 -68.4 -818.7
20211202001443  -750.1 -68.4 -818.9
20211202001444  -750.4 -68.7 -818.9
20211202001445  -750.4 -68.7 -819.3
20211202001446  -750.9 -68.6 -819.4
20211202001447  -751.0 -68.4 -819.2
20211202001448  -751.2 -68.6 -819.2
20211202001449  -751.4 -68.9 -819.1
20211202001450  -751.5 -69.2 -819.6
20211202001451  -751.5 -69.3 -819.0
20211202001452  -752.1 -69.4 -819.8
20211202001453  -751.9 -69.7 -819.6
20211202001454  -751.9 -69.7 -819.8
20211202001455  -752.2 -69.9 -819.8
20211202001456  -752.3 -69.7 -819.9
20211202001457  -752.7 -69.8 -820.0
20211202001458  -752.5 -70.1 -820.0
20211202001459  -752.0 -70.2 -819.8
20211202001500  -752.3 -69.8 -819.3
20211202001501  -752.1 -69.9 -819.5
20211202001502  -752.2 -70.0 -819.7
20211202001503  -753.3 -70.1 -820.2
20211202001504  -753.4 -70.1 -820.1
20211202001505  -753.6 -70.5 -820.4
20211202001506  -753.5 -70.5 -820.7
20211202001507  -753.8 -70.5 -821.0
20211202001508  -753.9 -71.0 -821.3
20211202001509  -753.9 -71.1 -821.1
20211202001510  -753.9 -70.9 -821.2
20211202001511  -753.8 -71.0 -821.7
20211202001512  -754.2 -71.3 -821.8
20211202001513  -754.6 -71.3 -822.2
20211202001514  -754.6 -71.4 -822.0
20211202001515  -755.1 -71.5 -822.1
20211202001516  -755.4 -71.5 -822.4
20211202001517  -755.3 -71.8 -822.6
20211202001518  -755.7 -72.1 -822.7
20211202001519  -755.9 -72.1 -822.9
20211202001520  -756.3 -72.2 -822.8
20211202001521  -756.6 -72.1 -823.1
20211202001522  -757.1 -72.2 -823.3
20211202001523  -757.3 -72.5 -823.4
20211202001524  -757.6 -72.6 -823.1
20211202001525  -757.6 -73.1 -823.3
20211202001526  -757.6 -72.9 -823.2
20211202001527  -758.0 -73.2 -823.4
20211202001528  -758.3 -73.3 -823.8
20211202001529  -758.2 -73.4 -823.7
20211202001530  -758.2 -73.3 -823.2
20211202001531  -758.1 -73.5 -823.3
20211202001532  -758.1 -73.4 -823.4
20211202001533  -758.6 -73.2 -823.6
20211202001534  -759.3 -73.3 -823.8
20211202001535  -759.4 -73.2 -824.1
20211202001536  -759.9 -73.1 -824.2
20211202001537  -760.0 -73.3 -824.2
20211202001538  -760.5 -73.5 -824.6
20211202001539  -760.6 -73.6 -824.7
20211202001540  -761.0 -73.7 -824.9
20211202001541  -761.2 -73.9 -825.0
20211202001542  -761.6 -73.9 -824.9
20211202001543  -761.7 -74.4 -825.2
20211202001544  -761.8 -74.4 -825.4
20211202001545  -762.4 -74.1 -825.7
20211202001546  -762.5 -73.9 -825.6
20211202001547  -762.8 -74.1 -825.7
20211202001548  -763.0 -74.4 -825.8
20211202001549  -763.0 -74.5 -826.0
20211202001550  -763.5 -74.8 -826.2
20211202001551  -763.9 -74.7 -826.5
20211202001552  -764.2 -74.8 -826.6
20211202001553  -764.2 -74.8 -826.5
20211202001554  -764.3 -75.2 -826.5
20211202001555  -764.4 -75.0 -826.5
20211202001556  -764.6 -75.1 -826.8
20211202001557  -764.8 -74.9 -826.8
20211202001558  -764.9 -74.7 -826.9
20211202001559  -764.7 -75.0 -827.0
20211202001600  -764.6 -74.7 -826.8
20211202001601  -764.4 -74.4 -826.8
20211202001602  -764.3 -74.3 -826.7
20211202001603  -764.2 -74.1 -826.4
20211202001604  -765.1 -74.3 -827.0
20211202001605  -765.3 -73.9 -827.5
20211202001606  -765.5 -74.2 -827.4
20211202001607  -765.9 -74.4 -827.7
20211202001608  -766.0 -74.5 -827.7
20211202001609  -766.2 -74.4 -828.0
20211202001610  -766.2 -74.3 -828.0
20211202001611  -766.4 -74.5 -828.2
20211202001612  -766.6 -74.5 -828.4
20211202001613  -766.6 -74.8 -828.1
20211202001614  -766.5 -74.7 -828.1
20211202001615  -766.8 -74.8 -828.1
20211202001616  -766.9 -75.1 -828.2
20211202001617  -767.2 -75.1 -828.5
20211202001618  -767.5 -75.1 -828.5
20211202001619  -767.6 -75.3 -828.6
20211202001620  -767.7 -75.5 -828.7
20211202001621  -767.9 -75.5 -828.5
20211202001622  -768.3 -75.8 -828.8
20211202001623  -768.2 -75.5 -828.9
20211202001624  -768.6 -75.7 -829.1
20211202001625  -768.5 -75.7 -829.3
20211202001626  -768.8 -75.7 -829.7
20211202001627  -769.5 -75.5 -829.8
20211202001628  -769.6 -75.7 -830.0
20211202001629  -769.8 -75.8 -830.2
20211202001630  -769.6 -75.9 -829.7
20211202001631  -770.7 -76.2 -830.5
20211202001632  -771.2 -76.5 -830.7
20211202001633  -771.4 -76.5 -831.0
20211202001634  -771.8 -77.1 -831.2
20211202001635  -772.3 -77.2 -831.2
20211202001636  -773.0 -77.4 -831.4
20211202001637  -773.4 -77.6 -831.5
20211202001638  -773.7 -78.0 -831.5
20211202001639  -774.2 -78.2 -831.6
20211202001640  -774.8 -78.4 -831.8
20211202001641  -775.3 -78.9 -832.0
20211202001642  -775.7 -78.8 -832.0
20211202001643  -775.9 -79.2 -832.1
20211202001644  -776.5 -79.4 -832.5
20211202001645  -776.8 -79.7 -832.5
20211202001646  -777.0 -80.2 -832.3
20211202001647  -777.6 -80.3 -831.9
20211202001648  -777.8 -80.6 -832.0
20211202001649  -778.1 -80.5 -831.7
20211202001650  -778.3 -80.6 -831.8
20211202001651  -778.6 -80.7 -831.6
20211202001652  -778.6 -80.5 -831.6
20211202001653  -778.7 -80.8 -831.6
20211202001654  -778.8 -80.7 -831.4
20211202001655  -778.8 -81.2 -831.7
20211202001656  -778.4 -81.2 -831.0
20211202001657  -778.6 -81.2 -831.3
20211202001658  -779.2 -81.4 -831.4
20211202001659  -778.9 -81.2 -831.5
20211202001700  -778.8 -81.2 -831.4
20211202001701  -778.6 -81.5 -831.2
20211202001702  -778.5 -81.7 -831.3
20211202001703  -778.4 -81.5 -831.1
20211202001704  -778.5 -81.7 -831.1
20211202001705  -778.6 -81.6 -831.0
20211202001706  -778.7 -81.5 -830.9
20211202001707  -778.7 -81.2 -830.7
20211202001708  -778.6 -81.1 -830.6
20211202001709  -778.5 -81.1 -830.7
20211202001710  -778.2 -81.4 -830.5
20211202001711  -778.2 -81.4 -830.2
20211202001712  -778.1 -81.3 -830.3
20211202001713  -777.8 -81.2 -830.4
20211202001714  -777.3 -81.0 -830.1
20211202001715  -777.4 -80.9 -829.9
20211202001716  -777.1 -80.7 -829.9
20211202001717  -776.6 -80.3 -830.0
20211202001718  -776.6 -80.5 -829.7
20211202001719  -776.1 -80.6 -829.5
20211202001720  -776.0 -80.7 -829.7
20211202001721  -775.5 -80.2 -829.8
20211202001722  -774.7 -79.9 -829.1
20211202001723  -774.6 -79.6 -828.9
20211202001724  -774.8 -79.6 -829.2
20211202001725  -774.5 -79.7 -829.3
20211202001726  -774.2 -79.8 -829.5
20211202001727  -773.9 -79.7 -829.1
20211202001728  -773.3 -79.5 -829.2
20211202001729  -773.4 -79.2 -829.2
20211202001730  -772.4 -79.3 -828.9
20211202001731  -772.1 -79.2 -829.1
20211202001732  -771.9 -79.0 -828.8
20211202001733  -771.6 -79.0 -828.8
20211202001734  -771.0 -78.5 -828.8
20211202001735  -770.4 -78.3 -828.7
20211202001736  -770.0 -78.0 -828.8
20211202001737  -769.4 -77.9 -828.8
20211202001738  -768.5 -77.8 -828.7
20211202001739  -768.4 -77.5 -828.5
20211202001740  -767.9 -77.4 -828.5
20211202001741  -767.2 -77.8 -828.7
20211202001742  -766.9 -77.7 -828.7
20211202001743  -766.4 -77.5 -828.6
20211202001744  -765.8 -77.3 -828.4
20211202001745  -765.4 -77.1 -828.6
20211202001746  -764.5 -77.0 -828.3
20211202001747  -764.0 -76.8 -828.3
20211202001748  -763.1 -77.1 -828.1
20211202001749  -762.2 -76.8 -827.4
20211202001750  -762.0 -76.6 -827.1
20211202001751  -761.0 -76.7 -827.1
20211202001752  -760.6 -76.4 -827.1
20211202001753  -760.7 -76.1 -827.3
20211202001754  -760.4 -76.3 -827.4
20211202001755  -760.0 -76.2 -827.6
20211202001756  -759.4 -76.3 -827.5
20211202001757  -759.0 -76.3 -827.8
20211202001758  -758.7 -76.5 -827.7
20211202001759  -758.1 -76.4 -828.1
20211202001800  -757.7 -76.3 -827.8
20211202001801  -757.4 -76.6 -828.2
20211202001802  -757.1 -76.6 -827.9
20211202001803  -757.0 -76.8 -827.8
20211202001804  -756.9 -76.7 -827.9
20211202001805  -756.7 -76.4 -828.1
20211202001806  -756.0 -76.6 -828.2
20211202001807  -756.0 -76.8 -827.9
20211202001808  -755.6 -76.9 -828.0
