20211110204031  -663.0 -75.4 -204.4
20211110204032  -662.8 -75.2 -204.4
20211110204033  -662.7 -75.3 -204.7
20211110204034  -662.5 -75.4 -204.3
20211110204035  -662.3 -75.4 -204.1
20211110204036  -662.1 -75.5 -204.0
20211110204037  -661.8 -75.6 -204.2
20211110204038  -661.4 -75.6 -203.8
20211110204039  -661.0 -75.5 -203.6
20211110204040  -660.7 -75.3 -203.7
20211110204041  -660.3 -75.4 -203.6
20211110204042  -660.1 -75.0 -203.6
20211110204043  -660.0 -75.3 -203.6
20211110204044  -659.5 -75.0 -203.6
20211110204045  -658.9 -74.9 -203.0
20211110204046  -658.5 -74.7 -202.9
20211110204047  -658.7 -75.1 -203.0
20211110204048  -658.3 -74.8 -203.3
20211110204049  -658.0 -74.7 -203.3
20211110204050  -657.8 -74.6 -203.5
20211110204051  -657.7 -74.4 -203.3
20211110204052  -657.8 -74.1 -203.5
20211110204053  -657.7 -74.3 -203.5
20211110204054  -657.4 -74.3 -203.7
20211110204055  -657.8 -74.3 -203.3
20211110204056  -657.5 -74.2 -203.8
20211110204057  -657.3 -74.5 -203.9
20211110204058  -657.6 -74.2 -203.9
20211110204059  -657.4 -74.1 -203.7
20211110204100  -657.5 -74.3 -203.7
20211110204101  -657.3 -74.2 -203.9
20211110204102  -657.5 -74.2 -203.8
20211110204103  -657.8 -73.9 -203.9
20211110204104  -658.0 -74.3 -204.1
20211110204105  -657.9 -74.0 -203.8
20211110204106  -657.8 -74.1 -203.9
20211110204107  -657.9 -73.8 -203.6
20211110204108  -657.8 -73.9 -204.0
20211110204109  -657.9 -73.7 -203.9
20211110204110  -658.2 -73.7 -204.1
20211110204111  -658.2 -74.0 -204.0
20211110204112  -657.8 -74.1 -204.2
20211110204113  -657.9 -73.4 -204.3
20211110204114  -658.1 -73.5 -203.9
20211110204115  -658.2 -73.5 -204.1
20211110204116  -657.2 -73.3 -203.6
20211110204117  -657.8 -73.2 -204.0
20211110204118  -657.9 -73.4 -204.0
20211110204119  -658.2 -73.0 -204.0
20211110204120  -658.0 -72.9 -204.2
20211110204121  -658.2 -72.8 -204.0
20211110204122  -658.2 -72.9 -203.8
20211110204123  -658.3 -72.6 -204.0
20211110204124  -657.9 -72.4 -204.1
20211110204125  -657.7 -72.3 -204.0
20211110204126  -657.9 -72.2 -204.1
20211110204127  -658.0 -71.9 -204.4
20211110204128  -658.0 -72.0 -204.2
20211110204129  -658.0 -71.7 -204.2
20211110204130  -657.8 -71.6 -204.2
20211110204131  -657.6 -71.8 -204.1
20211110204132  -657.6 -71.5 -204.0
20211110204133  -657.4 -71.2 -204.1
20211110204134  -657.5 -71.0 -204.1
20211110204135  -657.7 -71.0 -204.0
20211110204136  -657.4 -70.8 -203.8
20211110204137  -657.5 -70.8 -204.0
20211110204138  -657.7 -70.5 -204.3
20211110204139  -657.3 -70.5 -204.0
20211110204140  -657.4 -70.4 -204.0
20211110204141  -657.4 -70.2 -203.9
20211110204142  -657.4 -70.3 -204.1
20211110204143  -657.4 -70.3 -204.1
20211110204144  -657.3 -70.4 -204.2
20211110204145  -657.1 -70.4 -203.9
20211110204146  -657.1 -70.6 -203.8
20211110204147  -657.4 -70.6 -203.8
20211110204148  -657.7 -70.8 -204.0
20211110204149  -657.7 -70.6 -204.3
20211110204150  -657.5 -70.7 -204.3
20211110204151  -657.4 -70.5 -203.9
20211110204152  -657.2 -70.4 -203.8
20211110204153  -657.2 -70.6 -203.9
20211110204154  -656.9 -70.8 -203.8
20211110204155  -657.1 -70.9 -204.1
20211110204156  -656.9 -70.7 -204.1
20211110204157  -656.9 -70.9 -204.0
20211110204158  -657.1 -71.0 -204.1
20211110204159  -657.2 -71.3 -204.0
20211110204200  -657.2 -71.1 -204.0
20211110204201  -657.1 -71.2 -204.1
20211110204202  -657.3 -71.3 -203.9
20211110204203  -657.3 -71.2 -203.7
20211110204204  -657.3 -71.2 -203.8
20211110204205  -657.4 -71.5 -204.1
20211110204206  -657.1 -71.6 -204.1
20211110204207  -657.1 -71.6 -204.1
20211110204208  -657.1 -71.6 -204.2
20211110204209  -657.3 -71.9 -204.2
20211110204210  -657.2 -71.3 -204.1
20211110204211  -657.1 -71.7 -203.8
20211110204212  -657.0 -71.8 -203.8
20211110204213  -657.2 -71.8 -203.7
20211110204214  -657.4 -72.0 -203.8
20211110204215  -657.6 -72.2 -203.7
20211110204216  -657.5 -71.9 -203.6
20211110204217  -657.2 -72.2 -203.4
20211110204218  -657.6 -72.4 -204.0
20211110204219  -657.6 -72.5 -203.5
20211110204220  -657.5 -72.7 -203.5
20211110204221  -657.7 -72.5 -203.8
20211110204222  -658.0 -72.5 -203.9
20211110204223  -657.6 -72.6 -204.2
20211110204224  -658.0 -72.7 -204.4
20211110204225  -658.3 -72.6 -204.1
20211110204226  -658.3 -72.6 -204.1
20211110204227  -658.2 -72.8 -203.9
20211110204228  -658.6 -72.8 -203.9
20211110204229  -658.4 -72.7 -203.9
20211110204230  -658.4 -72.6 -204.3
20211110204231  -658.7 -72.9 -203.8
20211110204232  -658.7 -73.0 -204.2
20211110204233  -658.5 -73.0 -204.1
20211110204234  -658.7 -72.7 -204.0
20211110204235  -658.7 -72.9 -204.2
20211110204236  -659.2 -73.2 -203.9
20211110204237  -659.0 -73.1 -204.0
20211110204238  -659.3 -73.1 -204.3
20211110204239  -659.4 -73.1 -204.1
20211110204240  -659.3 -73.2 -204.5
20211110204241  -659.6 -73.5 -204.5
20211110204242  -659.6 -73.3 -204.6
20211110204243  -659.7 -73.4 -204.3
20211110204244  -659.5 -73.4 -204.3
20211110204245  -659.8 -73.5 -204.1
20211110204246  -659.7 -73.4 -204.3
20211110204247  -659.3 -73.7 -204.2
20211110204248  -659.8 -73.7 -204.4
20211110204249  -660.0 -73.5 -204.2
20211110204250  -660.1 -73.7 -204.6
20211110204251  -660.3 -73.6 -204.4
20211110204252  -660.5 -73.6 -204.2
20211110204253  -660.8 -73.5 -204.4
20211110204254  -660.7 -73.3 -204.4
20211110204255  -661.0 -73.5 -204.3
20211110204256  -661.2 -73.5 -204.6
20211110204257  -661.3 -73.6 -204.9
20211110204258  -661.5 -73.7 -204.8
20211110204259  -661.7 -73.8 -205.2
20211110204300  -662.0 -74.0 -204.8
20211110204301  -662.2 -74.0 -205.0
20211110204302  -662.3 -74.1 -205.1
20211110204303  -662.5 -74.0 -205.2
20211110204304  -662.5 -74.2 -205.2
20211110204305  -662.9 -74.2 -205.3
20211110204306  -662.8 -74.2 -205.3
20211110204307  -662.9 -74.4 -205.4
20211110204308  -663.1 -74.4 -205.6
20211110204309  -663.1 -74.5 -205.5
20211110204310  -663.4 -74.6 -205.4
20211110204311  -663.6 -74.7 -205.6
20211110204312  -663.4 -74.9 -205.7
20211110204313  -663.7 -74.9 -205.5
20211110204314  -663.9 -75.1 -205.5
20211110204315  -663.8 -75.4 -205.4
20211110204316  -664.1 -75.5 -205.4
20211110204317  -663.8 -75.5 -205.4
20211110204318  -664.1 -75.4 -205.4
20211110204319  -664.5 -75.6 -205.5
20211110204320  -664.7 -75.8 -205.3
20211110204321  -664.6 -75.8 -205.7
20211110204322  -664.6 -76.0 -205.5
20211110204323  -664.8 -76.0 -205.9
20211110204324  -665.0 -76.2 -205.6
20211110204325  -665.0 -76.4 -205.4
20211110204326  -665.0 -76.5 -205.7
20211110204327  -665.1 -76.8 -205.9
20211110204328  -664.9 -76.8 -205.8
20211110204329  -665.1 -76.9 -205.8
20211110204330  -665.0 -77.3 -205.9
20211110204331  -665.1 -77.2 -206.1
20211110204332  -665.4 -77.4 -206.3
20211110204333  -665.6 -77.6 -206.3
20211110204334  -665.4 -77.6 -206.2
20211110204335  -665.7 -77.7 -206.2
20211110204336  -665.8 -77.6 -206.1
20211110204337  -666.1 -77.8 -206.2
20211110204338  -666.2 -78.2 -206.3
20211110204339  -666.4 -78.4 -206.3
20211110204340  -666.2 -78.4 -206.1
20211110204341  -666.3 -78.3 -206.0
20211110204342  -666.2 -78.4 -206.0
20211110204343  -666.2 -78.3 -206.1
20211110204344  -666.2 -78.6 -206.0
20211110204345  -666.4 -78.7 -206.3
20211110204346  -666.5 -79.0 -206.3
20211110204347  -666.5 -78.9 -206.5
20211110204348  -666.1 -78.9 -205.6
20211110204349  -666.7 -79.0 -206.1
20211110204350  -666.7 -79.1 -206.3
20211110204351  -667.0 -79.7 -206.2
20211110204352  -667.1 -79.4 -206.2
20211110204353  -667.1 -79.5 -206.5
20211110204354  -667.0 -79.7 -206.6
20211110204355  -667.6 -79.8 -206.8
20211110204356  -667.6 -79.8 -206.7
20211110204357  -667.5 -79.7 -206.7
20211110204358  -667.6 -79.8 -206.7
20211110204359  -667.9 -79.8 -206.7
20211110204400  -668.0 -79.9 -206.6
20211110204401  -668.2 -79.9 -206.7
20211110204402  -668.1 -80.2 -206.7
20211110204403  -668.0 -80.3 -206.5
20211110204404  -668.1 -80.2 -206.5
20211110204405  -668.5 -80.3 -206.8
20211110204406  -668.7 -80.6 -206.5
20211110204407  -668.8 -80.6 -206.6
20211110204408  -669.2 -80.6 -206.5
20211110204409  -669.2 -80.7 -206.4
20211110204410  -669.1 -80.8 -206.3
20211110204411  -669.2 -80.8 -206.6
20211110204412  -669.2 -80.7 -206.5
20211110204413  -669.1 -80.9 -206.5
20211110204414  -668.9 -80.8 -206.2
20211110204415  -669.2 -80.7 -206.4
