20211031013025  -721.7 -53.5 -256.1
20211031013026  -721.3 -53.5 -256.3
20211031013027  -721.5 -53.3 -256.1
20211031013028  -721.1 -53.3 -256.6
20211031013029  -721.3 -53.3 -256.8
20211031013030  -720.9 -53.5 -256.7
20211031013031  -720.9 -53.6 -256.4
20211031013032  -720.4 -53.8 -256.4
20211031013033  -720.3 -53.9 -256.3
20211031013034  -720.2 -53.6 -256.0
20211031013035  -720.4 -54.4 -256.0
20211031013036  -720.6 -54.1 -256.3
20211031013037  -720.3 -53.8 -255.7
20211031013038  -720.6 -53.7 -255.8
20211031013039  -720.6 -53.2 -255.7
20211031013040  -720.3 -53.4 -255.9
20211031013041  -720.9 -53.4 -256.1
20211031013042  -720.4 -53.6 -255.8
20211031013043  -720.4 -53.6 -256.0
20211031013044  -720.2 -53.9 -255.9
20211031013045  -720.1 -54.2 -256.1
20211031013046  -719.3 -54.3 -255.8
20211031013047  -719.0 -54.2 -254.9
20211031013048  -719.5 -54.0 -255.0
20211031013049  -719.6 -54.2 -255.5
20211031013050  -719.6 -53.9 -255.7
20211031013051  -719.5 -53.9 -255.5
20211031013052  -719.6 -53.6 -255.6
20211031013053  -719.2 -53.5 -255.6
20211031013054  -719.0 -53.4 -255.8
20211031013055  -718.9 -53.5 -255.8
20211031013056  -718.9 -53.4 -256.1
20211031013057  -719.0 -54.0 -256.2
20211031013058  -719.3 -54.1 -256.0
20211031013059  -719.6 -54.1 -256.0
20211031013100  -720.0 -54.3 -256.1
20211031013101  -720.2 -54.5 -255.6
20211031013102  -720.7 -54.6 -255.3
20211031013103  -720.5 -54.8 -254.9
20211031013104  -720.4 -54.5 -254.9
20211031013105  -720.0 -54.6 -254.8
20211031013106  -719.6 -54.5 -254.5
20211031013107  -719.0 -54.3 -254.7
20211031013108  -719.2 -54.1 -254.8
20211031013109  -719.5 -54.3 -254.7
20211031013110  -719.4 -54.4 -254.9
20211031013111  -719.2 -54.6 -254.7
20211031013112  -719.1 -54.7 -254.5
20211031013113  -719.2 -55.0 -254.8
20211031013114  -719.0 -54.8 -254.8
20211031013115  -718.8 -54.9 -254.6
20211031013116  -718.3 -55.3 -254.6
20211031013117  -717.9 -55.3 -254.5
20211031013118  -718.4 -55.5 -255.1
20211031013119  -718.2 -55.6 -255.1
20211031013120  -718.6 -55.8 -255.1
20211031013121  -718.4 -55.7 -255.0
20211031013122  -718.7 -55.7 -254.8
20211031013123  -718.5 -55.4 -254.6
20211031013124  -718.5 -55.1 -254.4
20211031013125  -718.6 -55.0 -254.4
20211031013126  -718.1 -54.9 -254.1
20211031013127  -717.7 -54.9 -254.1
20211031013128  -717.4 -55.1 -254.6
20211031013129  -717.1 -55.0 -254.5
20211031013130  -716.8 -55.5 -254.8
20211031013131  -717.0 -56.0 -255.1
20211031013132  -716.8 -56.1 -255.0
20211031013133  -716.6 -56.1 -255.0
20211031013134  -716.8 -56.2 -254.9
20211031013135  -716.8 -56.1 -255.2
20211031013136  -716.9 -56.0 -255.0
20211031013137  -716.8 -56.2 -254.7
20211031013138  -716.8 -55.9 -254.4
20211031013139  -716.9 -56.1 -254.3
20211031013140  -716.6 -55.8 -253.6
20211031013141  -716.9 -55.9 -253.7
20211031013142  -716.7 -56.0 -253.7
20211031013143  -716.8 -55.7 -253.5
20211031013144  -717.0 -55.8 -253.4
20211031013145  -716.7 -55.7 -253.4
20211031013146  -716.5 -55.8 -253.0
20211031013147  -716.0 -55.7 -252.9
20211031013148  -716.5 -55.6 -253.1
20211031013149  -716.3 -55.6 -253.4
20211031013150  -716.0 -55.7 -253.3
20211031013151  -716.0 -55.4 -253.4
20211031013152  -715.7 -55.7 -253.3
20211031013153  -715.8 -55.8 -253.0
20211031013154  -715.5 -55.6 -253.1
20211031013155  -715.2 -55.5 -252.8
20211031013156  -715.2 -55.5 -252.7
20211031013157  -715.2 -55.1 -253.1
20211031013158  -714.9 -55.4 -252.9
20211031013159  -714.8 -55.1 -253.2
20211031013200  -714.8 -55.4 -253.0
20211031013201  -714.7 -55.6 -253.0
20211031013202  -714.4 -55.6 -253.2
20211031013203  -714.6 -55.9 -252.9
20211031013204  -714.5 -56.3 -253.1
20211031013205  -714.1 -56.4 -252.8
20211031013206  -714.0 -56.3 -252.6
20211031013207  -713.8 -56.3 -252.3
20211031013208  -713.6 -56.2 -252.2
20211031013209  -713.2 -56.3 -252.3
20211031013210  -712.8 -56.1 -252.5
20211031013211  -712.5 -56.0 -252.5
20211031013212  -712.5 -56.3 -252.7
20211031013213  -712.1 -56.2 -252.4
20211031013214  -712.1 -56.4 -252.2
20211031013215  -712.0 -56.3 -252.4
20211031013216  -711.6 -56.6 -252.6
20211031013217  -711.3 -57.0 -252.2
20211031013218  -711.5 -57.3 -252.6
20211031013219  -711.4 -56.8 -252.4
20211031013220  -711.0 -56.8 -252.4
20211031013221  -711.0 -56.9 -252.4
20211031013222  -711.1 -56.7 -252.3
20211031013223  -710.8 -56.8 -251.9
20211031013224  -710.2 -56.8 -251.6
20211031013225  -710.1 -57.0 -251.8
20211031013226  -709.9 -57.3 -251.9
20211031013227  -709.6 -57.4 -251.7
20211031013228  -709.3 -57.4 -251.7
20211031013229  -709.4 -57.5 -251.9
20211031013230  -709.0 -57.8 -251.9
20211031013231  -708.9 -57.7 -251.8
20211031013232  -708.4 -57.8 -251.8
20211031013233  -708.2 -58.1 -251.5
20211031013234  -708.2 -58.0 -251.7
20211031013235  -707.6 -58.1 -251.6
20211031013236  -707.6 -58.2 -251.8
20211031013237  -707.2 -58.2 -251.7
20211031013238  -707.3 -58.0 -251.7
20211031013239  -707.2 -57.8 -251.8
20211031013240  -707.1 -57.9 -251.7
20211031013241  -707.0 -57.9 -251.6
20211031013242  -707.2 -58.0 -251.5
20211031013243  -707.4 -58.1 -251.4
20211031013244  -707.6 -58.4 -251.2
20211031013245  -707.3 -58.2 -251.0
20211031013246  -707.3 -58.4 -251.4
20211031013247  -707.5 -58.4 -251.0
20211031013248  -707.2 -58.5 -250.7
20211031013249  -707.2 -58.6 -251.0
20211031013250  -707.1 -58.3 -251.0
20211031013251  -706.9 -58.0 -251.4
20211031013252  -706.5 -58.2 -251.6
20211031013253  -706.2 -58.3 -251.2
20211031013254  -706.0 -58.5 -251.3
20211031013255  -706.1 -58.6 -251.3
20211031013256  -706.1 -58.9 -251.4
20211031013257  -706.0 -58.9 -251.7
20211031013258  -706.2 -58.5 -251.5
20211031013259  -706.4 -58.5 -251.3
20211031013300  -706.6 -58.4 -251.0
20211031013301  -706.6 -58.4 -251.0
20211031013302  -707.0 -58.8 -250.7
20211031013303  -707.3 -58.7 -250.7
20211031013304  -707.6 -58.8 -251.0
20211031013305  -707.8 -58.6 -250.6
20211031013306  -707.9 -59.0 -250.4
20211031013307  -708.0 -59.2 -250.3
20211031013308  -707.9 -59.3 -250.1
20211031013309  -708.2 -59.2 -250.0
20211031013310  -708.2 -59.4 -249.5
20211031013311  -708.1 -59.3 -249.8
20211031013312  -708.2 -59.2 -249.6
20211031013313  -708.3 -59.4 -249.7
20211031013314  -708.4 -59.3 -249.6
20211031013315  -708.0 -59.3 -249.7
20211031013316  -707.7 -59.3 -249.5
20211031013317  -707.2 -59.7 -249.5
20211031013318  -707.1 -59.5 -249.4
20211031013319  -707.0 -59.6 -249.7
20211031013320  -706.8 -59.8 -249.8
20211031013321  -706.8 -60.0 -249.4
20211031013322  -707.0 -59.7 -249.3
20211031013323  -707.1 -60.1 -249.6
20211031013324  -707.0 -60.0 -249.6
20211031013325  -707.1 -60.3 -249.6
20211031013326  -707.2 -60.1 -249.7
20211031013327  -707.3 -60.5 -249.7
20211031013328  -707.0 -60.5 -249.9
20211031013329  -707.0 -60.3 -249.4
20211031013330  -707.3 -60.4 -249.6
20211031013331  -707.3 -60.3 -249.4
20211031013332  -707.4 -60.5 -249.6
20211031013333  -707.7 -60.6 -249.5
20211031013334  -707.5 -60.6 -249.5
20211031013335  -707.2 -60.5 -249.7
20211031013336  -707.1 -60.5 -249.7
20211031013337  -706.9 -60.8 -249.4
20211031013338  -706.8 -60.6 -249.6
20211031013339  -706.7 -60.3 -249.7
20211031013340  -706.6 -60.3 -249.6
20211031013341  -706.7 -60.3 -249.6
20211031013342  -706.7 -60.1 -249.5
20211031013343  -707.0 -59.9 -249.6
20211031013344  -706.8 -59.8 -249.4
20211031013345  -706.8 -59.8 -249.2
20211031013346  -706.4 -60.1 -249.4
20211031013347  -706.3 -59.9 -249.3
20211031013348  -706.4 -60.2 -249.1
20211031013349  -706.0 -60.2 -249.3
20211031013350  -706.3 -60.0 -249.6
20211031013351  -706.1 -60.1 -249.5
20211031013352  -705.9 -60.0 -249.5
20211031013353  -705.9 -60.2 -249.7
20211031013354  -706.1 -60.2 -249.5
20211031013355  -705.8 -60.1 -249.5
20211031013356  -705.8 -60.1 -249.7
20211031013357  -705.8 -60.2 -249.5
20211031013358  -706.0 -60.5 -249.5
20211031013359  -705.8 -60.3 -249.6
20211031013400  -705.9 -60.6 -249.8
20211031013401  -705.9 -60.7 -249.6
20211031013402  -705.7 -60.7 -249.6
20211031013403  -705.7 -60.8 -249.6
20211031013404  -705.9 -60.6 -249.6
20211031013405  -705.8 -60.8 -249.5
20211031013406  -705.8 -60.9 -249.6
20211031013407  -706.1 -61.0 -249.5
20211031013408  -706.3 -60.9 -249.3
20211031013409  -706.1 -60.9 -249.5
20211031013410  -706.0 -61.1 -249.2
20211031013411  -706.0 -61.0 -249.4
20211031013412  -706.1 -61.1 -249.3
