20211031064828  -650.6 -76.3 -186.7
20211031064829  -650.6 -76.4 -186.7
20211031064830  -650.6 -76.6 -186.6
20211031064831  -650.8 -76.9 -186.1
20211031064832  -650.5 -77.0 -186.4
20211031064833  -650.2 -77.3 -186.6
20211031064834  -650.3 -77.6 -186.9
20211031064835  -650.0 -77.9 -186.5
20211031064836  -650.0 -78.5 -186.6
20211031064837  -649.7 -78.7 -187.2
20211031064838  -649.9 -78.9 -187.1
20211031064839  -650.2 -78.8 -187.2
20211031064840  -650.2 -79.3 -187.3
20211031064841  -650.5 -79.4 -187.4
20211031064842  -650.7 -79.9 -187.4
20211031064843  -650.8 -79.8 -187.3
20211031064844  -651.0 -80.1 -187.0
20211031064845  -651.2 -80.1 -187.4
20211031064846  -651.7 -80.2 -187.3
20211031064847  -651.7 -80.6 -187.5
20211031064848  -652.0 -80.6 -187.5
20211031064849  -652.0 -80.7 -187.7
20211031064850  -652.0 -81.0 -187.4
20211031064851  -651.8 -81.0 -187.2
20211031064852  -652.6 -80.8 -187.6
20211031064853  -652.9 -81.1 -187.8
20211031064854  -653.2 -81.2 -187.8
20211031064855  -653.0 -81.3 -187.8
20211031064856  -653.1 -80.9 -187.7
20211031064857  -653.5 -81.3 -187.9
20211031064858  -653.9 -81.3 -187.8
20211031064859  -654.3 -81.2 -187.9
20211031064900  -654.2 -81.3 -187.5
20211031064901  -654.5 -81.2 -187.8
20211031064902  -655.1 -81.0 -188.0
20211031064903  -655.4 -80.8 -187.9
20211031064904  -656.0 -80.6 -188.1
20211031064905  -656.4 -80.6 -188.2
20211031064906  -656.5 -80.4 -188.3
20211031064907  -656.6 -80.2 -188.4
20211031064908  -657.3 -80.1 -187.9
20211031064909  -657.5 -79.9 -187.9
20211031064910  -657.6 -80.1 -188.2
20211031064911  -657.9 -79.9 -188.4
20211031064912  -657.8 -79.7 -188.2
20211031064913  -658.3 -79.5 -188.3
20211031064914  -658.8 -79.0 -188.3
20211031064915  -658.7 -78.6 -188.1
20211031064916  -658.9 -78.6 -188.2
20211031064917  -658.9 -78.4 -188.5
20211031064918  -659.1 -78.1 -188.4
20211031064919  -659.0 -78.2 -188.3
20211031064920  -658.5 -77.6 -187.7
20211031064921  -658.4 -77.0 -187.4
20211031064922  -658.3 -76.8 -187.3
20211031064923  -659.1 -76.9 -187.6
20211031064924  -658.9 -76.8 -187.6
20211031064925  -659.0 -76.6 -187.8
20211031064926  -658.7 -76.6 -187.7
20211031064927  -658.9 -76.4 -187.7
20211031064928  -659.2 -76.3 -187.9
20211031064929  -659.3 -76.5 -188.1
20211031064930  -659.1 -76.1 -188.1
20211031064931  -658.9 -76.3 -187.9
20211031064932  -659.2 -76.1 -188.1
20211031064933  -659.0 -76.1 -188.0
20211031064934  -659.0 -76.2 -188.1
20211031064935  -659.2 -75.8 -188.3
20211031064936  -659.2 -75.8 -188.3
20211031064937  -659.1 -75.8 -188.3
20211031064938  -659.1 -75.6 -188.2
20211031064939  -659.1 -75.7 -188.0
20211031064940  -659.3 -75.7 -188.3
20211031064941  -659.0 -75.7 -188.4
20211031064942  -659.2 -75.7 -188.3
20211031064943  -659.2 -75.7 -188.6
20211031064944  -659.3 -75.8 -188.4
20211031064945  -659.0 -75.4 -188.4
20211031064946  -659.2 -75.7 -188.4
20211031064947  -659.1 -75.8 -188.5
20211031064948  -658.8 -75.5 -188.3
20211031064949  -658.9 -75.7 -188.7
20211031064950  -658.3 -76.0 -188.8
20211031064951  -657.6 -75.8 -188.2
20211031064952  -657.4 -75.8 -187.9
20211031064953  -658.0 -76.2 -188.8
20211031064954  -657.9 -76.2 -188.6
20211031064955  -657.9 -76.5 -188.8
20211031064956  -657.6 -76.6 -188.7
20211031064957  -657.6 -76.8 -188.8
20211031064958  -657.2 -77.0 -188.4
20211031064959  -657.1 -77.2 -188.8
20211031065000  -656.9 -77.6 -188.7
20211031065001  -656.8 -77.9 -188.8
20211031065002  -656.6 -78.2 -189.0
20211031065003  -656.2 -78.4 -188.5
20211031065004  -656.3 -78.6 -188.6
20211031065005  -656.3 -78.6 -189.0
20211031065006  -656.2 -78.7 -189.0
20211031065007  -655.9 -78.8 -188.9
20211031065008  -655.9 -79.0 -188.9
20211031065009  -655.8 -79.0 -188.9
20211031065010  -656.0 -79.3 -189.1
20211031065011  -655.9 -79.4 -188.9
20211031065012  -656.1 -79.9 -188.8
20211031065013  -656.2 -79.8 -188.9
20211031065014  -656.2 -79.6 -188.7
20211031065015  -656.3 -79.9 -189.2
20211031065016  -656.2 -79.7 -189.3
20211031065017  -656.0 -79.5 -189.3
20211031065018  -656.2 -79.7 -189.5
20211031065019  -656.4 -79.7 -189.2
20211031065020  -656.8 -79.7 -189.0
20211031065021  -656.0 -79.2 -188.6
20211031065022  -655.7 -79.2 -188.3
20211031065023  -656.7 -78.9 -188.8
20211031065024  -657.0 -78.7 -188.7
20211031065025  -656.9 -78.5 -188.7
20211031065026  -657.3 -78.5 -188.4
20211031065027  -657.1 -78.5 -188.5
20211031065028  -657.0 -78.3 -188.6
20211031065029  -657.2 -78.2 -188.5
20211031065030  -657.2 -78.2 -188.2
20211031065031  -657.3 -78.3 -188.0
20211031065032  -657.1 -77.9 -188.2
20211031065033  -656.8 -77.5 -188.2
20211031065034  -657.0 -77.7 -188.0
20211031065035  -656.9 -77.8 -188.0
20211031065036  -656.7 -77.7 -187.6
20211031065037  -657.0 -77.8 -187.6
20211031065038  -656.9 -77.5 -187.7
20211031065039  -656.8 -77.3 -187.6
20211031065040  -656.8 -77.1 -187.5
20211031065041  -656.7 -77.1 -187.6
20211031065042  -656.6 -76.9 -187.4
20211031065043  -656.9 -76.9 -187.7
20211031065044  -657.0 -76.7 -187.6
20211031065045  -656.9 -76.7 -187.5
20211031065046  -656.9 -76.5 -187.3
20211031065047  -657.0 -76.4 -187.2
20211031065048  -657.2 -76.4 -187.5
20211031065049  -657.6 -76.2 -187.5
20211031065050  -657.5 -76.1 -187.7
20211031065051  -657.2 -76.2 -187.4
20211031065052  -657.4 -76.3 -187.1
20211031065053  -658.1 -76.2 -187.2
20211031065054  -658.4 -76.0 -187.5
20211031065055  -658.2 -76.2 -187.7
20211031065056  -658.6 -76.2 -188.0
20211031065057  -658.8 -76.1 -187.6
20211031065058  -658.7 -76.4 -187.5
20211031065059  -659.2 -76.4 -187.7
20211031065100  -659.0 -76.2 -187.8
20211031065101  -659.0 -76.1 -187.7
20211031065102  -659.2 -76.2 -187.9
20211031065103  -659.1 -76.2 -187.7
20211031065104  -659.2 -76.1 -187.8
20211031065105  -659.1 -76.0 -188.0
20211031065106  -658.9 -76.0 -188.2
20211031065107  -658.7 -76.1 -188.2
20211031065108  -658.6 -75.7 -188.2
20211031065109  -659.0 -75.5 -188.5
20211031065110  -659.2 -75.3 -188.1
20211031065111  -659.2 -75.3 -188.4
20211031065112  -658.9 -75.1 -188.3
20211031065113  -659.0 -75.0 -188.4
20211031065114  -659.1 -75.1 -188.4
20211031065115  -659.3 -74.9 -188.4
20211031065116  -659.2 -74.7 -188.4
20211031065117  -659.2 -74.4 -188.1
20211031065118  -659.2 -74.2 -188.4
20211031065119  -659.0 -74.0 -188.2
20211031065120  -659.0 -73.8 -188.2
20211031065121  -658.4 -73.5 -187.7
20211031065122  -657.8 -73.5 -187.4
20211031065123  -657.6 -73.4 -187.6
20211031065124  -658.0 -73.7 -188.1
20211031065125  -657.9 -73.8 -187.9
20211031065126  -658.2 -73.5 -188.1
20211031065127  -657.7 -73.8 -188.2
20211031065128  -657.6 -73.6 -188.2
20211031065129  -657.7 -73.7 -188.2
20211031065130  -657.6 -74.0 -188.3
20211031065131  -657.7 -73.9 -188.6
20211031065132  -657.4 -73.9 -188.7
20211031065133  -657.4 -73.9 -188.7
20211031065134  -657.3 -74.2 -188.4
20211031065135  -657.2 -74.4 -188.5
20211031065136  -657.5 -74.5 -188.6
20211031065137  -657.2 -74.5 -188.8
20211031065138  -656.8 -74.5 -188.8
20211031065139  -657.0 -74.5 -188.7
20211031065140  -656.8 -74.5 -188.7
20211031065141  -656.8 -74.7 -188.8
20211031065142  -656.6 -74.9 -188.6
20211031065143  -656.4 -75.1 -188.4
20211031065144  -656.2 -75.0 -188.5
20211031065145  -656.4 -75.2 -188.4
20211031065146  -656.5 -75.1 -188.4
20211031065147  -656.0 -75.0 -188.4
20211031065148  -656.0 -75.0 -188.7
20211031065149  -655.6 -75.0 -188.6
20211031065150  -655.7 -74.9 -188.8
20211031065151  -655.1 -75.0 -188.7
20211031065152  -654.7 -74.9 -188.2
20211031065153  -654.7 -75.0 -188.0
20211031065154  -654.9 -75.6 -188.6
20211031065155  -654.5 -75.4 -188.6
20211031065156  -654.5 -75.8 -188.7
20211031065157  -654.1 -75.9 -188.6
20211031065158  -653.9 -76.0 -188.7
20211031065159  -653.4 -76.2 -188.5
20211031065200  -653.5 -76.7 -188.6
20211031065201  -653.4 -76.9 -188.4
20211031065202  -652.8 -77.1 -188.5
20211031065203  -652.8 -77.6 -188.2
20211031065204  -652.5 -77.8 -188.0
20211031065205  -652.9 -78.0 -188.4
20211031065206  -652.7 -78.2 -188.2
20211031065207  -652.5 -78.6 -188.0
20211031065208  -652.7 -78.7 -188.4
20211031065209  -652.3 -78.6 -188.4
20211031065210  -652.5 -78.7 -188.3
20211031065211  -652.7 -78.9 -188.3
20211031065212  -652.9 -79.0 -188.3
20211031065213  -653.0 -79.1 -188.1
20211031065214  -653.3 -79.1 -188.3
