-847.8 -21.3 -270.4
20211108225230  -847.6 -21.3 -270.6
20211108225231  -847.5 -21.2 -270.8
20211108225232  -847.5 -21.0 -271.2
20211108225233  -847.4 -20.7 -271.5
20211108225234  -847.6 -21.0 -272.2
20211108225235  -847.7 -21.1 -272.1
20211108225236  -847.9 -21.5 -272.0
20211108225237  -848.1 -21.6 -271.6
20211108225238  -848.0 -21.7 -271.6
20211108225239  -847.9 -22.3 -271.4
20211108225240  -847.8 -22.2 -271.2
20211108225241  -848.3 -22.2 -271.3
20211108225242  -848.2 -22.4 -271.4
20211108225243  -847.7 -22.3 -271.2
20211108225244  -847.4 -22.3 -270.9
20211108225245  -847.5 -22.0 -270.6
20211108225246  -847.5 -21.9 -270.6
20211108225247  -847.8 -21.6 -270.6
20211108225248  -848.1 -21.2 -270.9
20211108225249  -847.7 -21.1 -270.6
20211108225250  -848.4 -21.0 -271.0
20211108225251  -849.1 -20.8 -271.6
20211108225252  -849.4 -20.8 -271.7
20211108225253  -849.7 -20.4 -271.9
20211108225254  -849.8 -20.1 -272.1
20211108225255  -849.9 -19.5 -272.3
20211108225256  -850.5 -19.6 -273.0
20211108225257  -850.6 -19.5 -273.2
20211108225258  -851.2 -19.9 -273.3
20211108225259  -851.5 -20.2 -273.0
20211108225300  -851.7 -20.5 -273.4
20211108225301  -852.0 -21.1 -273.2
20211108225302  -852.4 -21.8 -273.4
20211108225303  -852.4 -22.4 -273.1
20211108225304  -852.3 -22.8 -273.7
20211108225305  -852.6 -23.3 -273.8
20211108225306  -852.8 -23.5 -273.8
20211108225307  -853.1 -23.9 -273.8
20211108225308  -853.1 -23.8 -273.3
20211108225309  -852.6 -23.9 -273.2
20211108225310  -852.2 -23.7 -272.7
20211108225311  -851.8 -23.4 -272.6
20211108225312  -851.3 -23.1 -272.4
20211108225313  -850.9 -22.8 -272.2
20211108225314  -850.9 -23.0 -272.0
20211108225315  -851.1 -23.4 -271.9
20211108225316  -850.6 -23.4 -271.5
20211108225317  -850.9 -23.4 -272.2
20211108225318  -851.2 -24.1 -272.4
20211108225319  -851.0 -24.5 -272.7
20211108225320  -850.9 -25.0 -272.8
20211108225321  -850.7 -25.5 -273.0
20211108225322  -850.6 -25.5 -273.1
20211108225323  -850.6 -25.5 -272.9
20211108225324  -850.5 -25.4 -273.3
20211108225325  -850.1 -25.5 -272.9
20211108225326  -850.0 -25.8 -273.3
20211108225327  -850.2 -25.9 -273.2
20211108225328  -850.5 -25.9 -273.4
20211108225329  -850.2 -26.0 -273.2
20211108225330  -850.2 -26.4 -272.7
20211108225331  -850.4 -26.3 -272.8
20211108225332  -850.1 -26.6 -272.5
20211108225333  -849.7 -26.2 -272.5
20211108225334  -849.0 -26.1 -272.2
20211108225335  -849.1 -26.7 -272.5
20211108225336  -848.0 -26.5 -272.0
20211108225337  -846.9 -26.8 -271.8
20211108225338  -846.3 -26.8 -271.7
20211108225339  -845.8 -26.9 -271.5
20211108225340  -845.7 -26.7 -271.3
20211108225341  -845.0 -26.3 -270.9
20211108225342  -844.3 -26.4 -270.4
20211108225343  -844.2 -26.3 -270.4
20211108225344  -844.5 -26.1 -270.9
20211108225345  -844.4 -26.4 -271.1
20211108225346  -844.2 -25.9 -271.0
20211108225347  -844.1 -25.8 -271.1
20211108225348  -843.8 -25.7 -270.9
20211108225349  -843.5 -25.5 -270.9
20211108225350  -843.2 -25.5 -271.0
20211108225351  -842.7 -25.5 -271.0
20211108225352  -842.6 -25.3 -270.6
20211108225353  -842.6 -25.2 -270.4
20211108225354  -842.1 -24.9 -270.2
20211108225355  -841.4 -24.9 -270.1
20211108225356  -841.3 -24.9 -270.1
20211108225357  -840.9 -25.3 -270.4
20211108225358  -840.6 -25.4 -270.8
20211108225359  -840.4 -25.5 -270.9
20211108225400  -840.5 -25.4 -270.8
20211108225401  -840.2 -25.5 -270.8
20211108225402  -840.0 -26.1 -270.9
20211108225403  -839.1 -26.2 -269.8
20211108225404  -838.6 -26.2 -269.7
20211108225405  -838.1 -25.9 -269.5
20211108225406  -837.7 -25.4 -269.6
20211108225407  -837.3 -24.8 -269.3
20211108225408  -837.0 -24.5 -269.3
20211108225409  -837.0 -23.9 -269.2
20211108225410  -836.5 -23.6 -269.3
20211108225411  -837.5 -24.3 -269.8
20211108225412  -837.6 -24.4 -270.0
20211108225413  -837.6 -24.5 -270.0
20211108225414  -837.8 -24.3 -269.9
20211108225415  -837.7 -24.5 -269.5
20211108225416  -837.4 -24.2 -269.6
20211108225417  -837.2 -24.1 -269.8
20211108225418  -836.8 -23.8 -269.9
20211108225419  -836.6 -23.5 -269.8
20211108225420  -836.5 -23.1 -270.0
20211108225421  -836.3 -22.9 -270.0
20211108225422  -836.1 -23.0 -269.9
20211108225423  -836.0 -23.1 -269.7
20211108225424  -835.8 -23.2 -269.7
20211108225425  -835.3 -23.3 -269.7
20211108225426  -835.3 -23.0 -269.8
20211108225427  -835.3 -22.8 -269.3
20211108225428  -834.9 -22.2 -269.6
20211108225429  -834.5 -21.5 -269.2
20211108225430  -833.7 -21.3 -268.6
20211108225431  -833.2 -20.7 -268.4
20211108225432  -833.1 -20.0 -268.0
20211108225433  -832.4 -20.0 -267.5
20211108225434  -832.1 -19.7 -267.4
20211108225435  -831.9 -19.5 -267.5
20211108225436  -831.5 -19.6 -267.2
20211108225437  -831.3 -19.3 -266.9
20211108225438  -832.2 -19.5 -267.6
20211108225439  -832.1 -19.2 -267.8
20211108225440  -832.2 -19.0 -268.1
20211108225441  -831.7 -18.3 -268.0
20211108225442  -831.4 -17.5 -268.1
20211108225443  -831.3 -17.4 -267.8
20211108225444  -831.2 -17.5 -267.5
20211108225445  -831.1 -17.3 -267.5
20211108225446  -830.7 -17.2 -267.5
20211108225447  -830.6 -17.1 -266.9
20211108225448  -829.9 -17.0 -266.5
20211108225449  -829.8 -16.8 -266.3
20211108225450  -829.5 -17.2 -266.3
20211108225451  -829.2 -17.4 -266.0
20211108225452  -828.9 -17.5 -266.3
20211108225453  -828.5 -17.6 -266.1
20211108225454  -828.4 -17.8 -266.3
20211108225455  -828.0 -17.6 -265.9
20211108225456  -827.2 -17.5 -264.9
20211108225457  -826.7 -17.3 -264.7
20211108225458  -826.0 -17.4 -264.4
20211108225459  -825.7 -17.3 -263.9
20211108225500  -825.6 -17.1 -263.8
20211108225501  -825.2 -17.0 -263.5
20211108225502  -824.9 -17.1 -263.3
20211108225503  -824.7 -17.0 -262.9
20211108225504  -824.3 -17.0 -262.5
20211108225505  -824.9 -17.2 -263.3
20211108225506  -824.5 -16.8 -263.5
20211108225507  -824.6 -16.4 -263.4
20211108225508  -824.3 -15.7 -263.4
20211108225509  -824.5 -15.6 -263.3
20211108225510  -824.2 -15.4 -263.1
20211108225511  -824.3 -15.5 -262.9
20211108225512  -823.9 -15.8 -263.0
20211108225513  -824.1 -16.0 -262.9
20211108225514  -824.0 -16.1 -262.9
20211108225515  -824.5 -16.2 -262.7
20211108225516  -824.7 -15.9 -262.4
20211108225517  -824.5 -15.8 -262.2
20211108225518  -824.5 -15.7 -262.2
20211108225519  -824.5 -15.9 -262.2
20211108225520  -824.2 -15.5 -262.3
20211108225521  -823.9 -15.3 -262.3
20211108225522  -823.8 -15.5 -262.3
20211108225523  -823.4 -15.0 -262.0
20211108225524  -823.3 -14.8 -261.7
20211108225525  -823.3 -14.8 -261.4
20211108225526  -823.6 -14.8 -261.2
20211108225527  -823.8 -14.8 -260.8
20211108225528  -823.7 -14.9 -260.3
20211108225529  -823.8 -15.3 -259.9
20211108225530  -823.3 -15.1 -259.6
20211108225531  -823.7 -15.0 -259.8
20211108225532  -824.3 -14.9 -260.3
20211108225533  -824.6 -15.0 -260.5
20211108225534  -825.1 -15.3 -260.4
20211108225535  -825.6 -15.6 -260.5
20211108225536  -825.9 -15.2 -260.4
20211108225537  -825.9 -15.2 -260.4
20211108225538  -826.2 -15.2 -260.5
20211108225539  -826.5 -15.0 -260.9
20211108225540  -826.9 -14.8 -260.7
20211108225541  -827.0 -14.7 -260.6
20211108225542  -827.4 -15.0 -260.7
20211108225543  -827.8 -15.1 -260.7
20211108225544  -827.9 -15.1 -260.9
20211108225545  -828.2 -14.7 -260.8
20211108225546  -828.7 -14.5 -261.1
20211108225547  -828.9 -13.9 -260.7
20211108225548  -829.2 -13.3 -260.8
20211108225549  -829.1 -13.1 -260.5
20211108225550  -829.4 -12.8 -260.3
20211108225551  -829.4 -12.5 -260.4
20211108225552  -829.2 -12.1 -260.3
20211108225553  -829.4 -11.9 -260.2
20211108225554  -829.2 -11.1 -260.1
20211108225555  -829.3 -10.5 -259.9
20211108225556  -829.2 -9.5 -259.8
20211108225557  -829.4 -9.0 -259.3
20211108225558  -830.4 -9.3 -259.8
20211108225559  -830.6 -9.5 -260.1
20211108225600  -830.6 -9.7 -260.3
20211108225601  -830.9 -9.0 -260.6
20211108225602  -831.0 -8.2 -260.5
20211108225603  -831.0 -7.6 -260.6
20211108225604  -831.2 -7.3 -261.0
20211108225605  -832.0 -6.9 -261.4
20211108225606  -832.0 -6.6 -261.4
20211108225607  -832.3 -7.0 -261.1
20211108225608  -832.6 -7.4 -261.1
20211108225609  -832.7 -7.5 -261.3
20211108225610  -833.1 -8.0 -261.2
20211108225611  -833.4 -8.0 -261.2
20211108225612  -833.7 -7.6 -261.4
20211108225613  -834.4 -7.5 -261.5
20211108225614  -834.4 -7.3 -261.4
20211108225615  -834.7 -7.5 -261.6
