41  -598.3 -94.2 -210.1
20211030204042  -597.7 -94.2 -210.2
20211030204043  -597.3 -94.1 -210.4
20211030204044  -596.9 -93.9 -210.2
20211030204045  -596.0 -93.5 -210.2
20211030204046  -595.7 -93.1 -210.4
20211030204047  -595.2 -92.8 -210.7
20211030204048  -595.0 -92.7 -210.9
20211030204049  -594.7 -92.5 -211.0
20211030204050  -594.3 -92.4 -211.4
20211030204051  -593.9 -92.8 -211.5
20211030204052  -593.8 -93.0 -211.8
20211030204053  -593.7 -93.2 -212.2
20211030204054  -593.3 -92.9 -212.7
20211030204055  -593.5 -92.9 -213.6
20211030204056  -593.4 -92.9 -213.6
20211030204057  -593.4 -92.8 -214.2
20211030204058  -593.7 -93.1 -214.7
20211030204059  -593.9 -93.1 -214.7
20211030204100  -593.8 -93.1 -215.0
20211030204101  -593.8 -92.9 -215.2
20211030204102  -593.6 -92.9 -215.6
20211030204103  -593.8 -92.8 -215.8
20211030204104  -593.5 -92.3 -215.9
20211030204105  -593.5 -92.2 -216.2
20211030204106  -593.9 -91.8 -216.8
20211030204107  -594.2 -91.3 -216.9
20211030204108  -594.0 -91.5 -217.1
20211030204109  -594.4 -91.6 -217.1
20211030204110  -594.5 -91.4 -217.3
20211030204111  -594.6 -91.4 -217.5
20211030204112  -594.6 -91.4 -218.0
20211030204113  -594.5 -91.5 -217.9
20211030204114  -594.6 -91.8 -218.2
20211030204115  -594.7 -91.7 -218.3
20211030204116  -594.8 -91.5 -218.2
20211030204117  -594.9 -91.4 -218.5
20211030204118  -595.2 -91.4 -218.6
20211030204119  -595.6 -91.2 -218.7
20211030204120  -595.4 -91.2 -218.7
20211030204121  -595.6 -91.3 -218.9
20211030204122  -595.9 -91.0 -219.2
20211030204123  -596.2 -91.1 -219.7
20211030204124  -596.5 -91.0 -219.8
20211030204125  -596.6 -90.8 -220.0
20211030204126  -596.7 -91.1 -220.1
20211030204127  -596.9 -91.1 -220.2
20211030204128  -597.3 -91.0 -220.3
20211030204129  -597.5 -90.9 -220.9
20211030204130  -598.0 -90.7 -220.8
20211030204131  -598.2 -90.4 -221.1
20211030204132  -598.6 -90.2 -221.1
20211030204133  -599.1 -90.1 -221.4
20211030204134  -599.1 -90.0 -221.4
20211030204135  -599.3 -90.1 -221.3
20211030204136  -599.4 -90.2 -221.5
20211030204137  -599.9 -90.2 -221.7
20211030204138  -599.9 -90.0 -221.9
20211030204139  -600.1 -90.1 -222.1
20211030204140  -600.8 -90.0 -222.3
20211030204141  -601.2 -90.3 -222.6
20211030204142  -601.5 -90.3 -222.7
20211030204143  -601.9 -90.5 -223.1
20211030204144  -602.2 -90.9 -223.0
20211030204145  -602.3 -91.1 -223.3
20211030204146  -602.4 -91.1 -223.5
20211030204147  -602.8 -91.0 -223.5
20211030204148  -603.3 -91.1 -223.5
20211030204149  -603.3 -91.0 -223.8
20211030204150  -603.2 -91.1 -223.9
20211030204151  -603.3 -91.3 -223.7
20211030204152  -603.5 -91.2 -223.7
20211030204153  -604.0 -91.3 -224.1
20211030204154  -604.4 -91.2 -224.4
20211030204155  -604.8 -91.2 -224.3
20211030204156  -604.6 -91.2 -224.5
20211030204157  -604.8 -91.6 -225.0
20211030204158  -604.9 -91.4 -224.7
20211030204159  -604.8 -91.3 -224.7
20211030204200  -605.0 -91.3 -224.8
20211030204201  -605.3 -91.2 -224.9
20211030204202  -605.1 -91.1 -224.9
20211030204203  -604.9 -91.1 -224.8
20211030204204  -604.9 -91.5 -225.0
20211030204205  -604.9 -91.1 -225.4
20211030204206  -604.7 -91.3 -225.7
20211030204207  -604.6 -91.3 -225.6
20211030204208  -605.0 -91.2 -225.9
20211030204209  -605.1 -91.2 -226.0
20211030204210  -604.9 -91.2 -226.2
20211030204211  -605.0 -91.3 -226.0
20211030204212  -604.7 -91.6 -226.2
20211030204213  -604.9 -91.6 -226.4
20211030204214  -604.5 -91.6 -226.5
20211030204215  -604.3 -91.7 -226.5
20211030204216  -604.2 -91.6 -226.9
20211030204217  -604.2 -91.5 -226.9
20211030204218  -604.2 -91.7 -226.8
20211030204219  -604.1 -91.7 -227.4
20211030204220  -603.9 -91.4 -227.4
20211030204221  -603.8 -91.4 -227.4
20211030204222  -603.4 -91.7 -227.5
20211030204223  -603.4 -91.6 -227.5
20211030204224  -603.1 -91.9 -227.6
20211030204225  -602.9 -92.2 -227.6
20211030204226  -602.6 -92.3 -227.5
20211030204227  -602.4 -92.2 -227.5
20211030204228  -602.2 -92.0 -227.6
20211030204229  -601.7 -92.2 -227.4
20211030204230  -601.4 -92.3 -227.6
20211030204231  -601.0 -92.6 -227.9
20211030204232  -600.6 -92.9 -227.8
20211030204233  -600.1 -93.4 -228.0
20211030204234  -599.6 -93.6 -228.2
20211030204235  -599.3 -93.6 -228.2
20211030204236  -598.9 -94.0 -228.7
20211030204237  -598.6 -94.5 -228.9
20211030204238  -597.5 -94.6 -228.5
20211030204239  -597.4 -94.4 -229.2
20211030204240  -597.3 -94.7 -228.9
20211030204241  -596.6 -95.2 -229.0
20211030204242  -596.3 -95.1 -229.1
20211030204243  -595.9 -95.5 -228.9
20211030204244  -595.4 -95.4 -228.9
20211030204245  -595.1 -95.7 -228.9
20211030204246  -594.6 -95.6 -229.4
20211030204247  -594.5 -95.7 -229.6
20211030204248  -594.2 -96.0 -229.8
20211030204249  -594.0 -95.9 -229.6
20211030204250  -593.6 -96.4 -230.0
20211030204251  -593.2 -96.7 -230.3
20211030204252  -593.4 -96.9 -230.7
20211030204253  -592.9 -97.1 -230.7
20211030204254  -592.9 -97.4 -231.1
20211030204255  -593.0 -97.7 -230.9
20211030204256  -592.7 -97.8 -231.2
20211030204257  -592.6 -97.9 -231.4
20211030204258  -592.1 -98.1 -231.6
20211030204259  -592.1 -98.1 -232.0
20211030204300  -592.3 -98.1 -232.5
20211030204301  -592.3 -98.3 -232.3
20211030204302  -592.0 -98.4 -232.8
20211030204303  -592.0 -98.6 -233.1
20211030204304  -591.8 -98.5 -233.0
20211030204305  -591.9 -98.6 -233.2
20211030204306  -591.8 -98.4 -233.4
20211030204307  -591.7 -98.4 -233.7
20211030204308  -591.6 -98.3 -234.0
20211030204309  -591.1 -98.0 -233.9
20211030204310  -591.2 -97.9 -234.2
20211030204311  -591.2 -98.1 -234.2
20211030204312  -591.2 -98.0 -234.8
20211030204313  -591.3 -98.1 -235.2
20211030204314  -591.8 -98.1 -235.3
20211030204315  -591.9 -98.0 -235.7
20211030204316  -592.2 -98.1 -236.0
20211030204317  -592.2 -97.8 -235.9
20211030204318  -591.9 -98.1 -236.4
20211030204319  -592.3 -97.8 -236.4
20211030204320  -592.6 -98.1 -236.5
20211030204321  -592.7 -98.2 -236.7
20211030204322  -592.8 -98.1 -236.9
20211030204323  -592.9 -97.9 -236.9
20211030204324  -592.9 -97.8 -236.6
20211030204325  -593.3 -97.7 -237.1
20211030204326  -593.8 -97.9 -237.2
20211030204327  -593.8 -98.1 -237.1
20211030204328  -594.3 -98.0 -237.3
20211030204329  -594.5 -97.7 -237.3
20211030204330  -594.5 -97.7 -237.3
20211030204331  -594.4 -97.4 -237.5
20211030204332  -594.5 -97.0 -237.7
20211030204333  -594.8 -96.7 -237.8
20211030204334  -594.8 -96.3 -237.4
20211030204335  -594.7 -95.9 -237.4
20211030204336  -594.7 -95.4 -237.4
20211030204337  -594.5 -95.2 -237.3
20211030204338  -594.8 -95.2 -237.6
20211030204339  -593.9 -94.7 -237.1
20211030204340  -594.3 -94.7 -237.6
20211030204341  -594.4 -94.5 -237.8
20211030204342  -594.3 -94.7 -238.0
20211030204343  -594.6 -94.5 -237.8
20211030204344  -594.7 -94.6 -238.1
20211030204345  -594.8 -94.8 -238.3
20211030204346  -594.7 -94.9 -238.7
20211030204347  -594.7 -94.8 -238.6
20211030204348  -594.8 -95.1 -238.7
20211030204349  -594.9 -95.0 -238.9
20211030204350  -595.0 -95.2 -239.2
20211030204351  -595.0 -95.3 -239.1
20211030204352  -594.9 -95.5 -239.2
20211030204353  -595.0 -95.8 -238.9
20211030204354  -595.3 -96.3 -239.1
20211030204355  -595.4 -96.1 -239.3
20211030204356  -595.4 -96.4 -239.3
20211030204357  -595.4 -96.1 -239.3
20211030204358  -595.1 -96.4 -239.0
20211030204359  -594.9 -96.2 -239.2
20211030204400  -594.9 -96.4 -239.1
20211030204401  -595.0 -96.4 -239.1
20211030204402  -594.7 -96.5 -239.3
20211030204403  -594.8 -96.5 -239.1
20211030204404  -595.1 -96.7 -239.2
20211030204405  -595.1 -96.8 -239.3
20211030204406  -595.1 -96.8 -239.4
20211030204407  -594.9 -97.0 -239.2
20211030204408  -594.9 -97.1 -238.8
20211030204409  -594.5 -97.4 -238.7
20211030204410  -594.6 -97.2 -238.6
20211030204411  -595.2 -97.7 -239.0
20211030204412  -595.1 -97.9 -238.6
20211030204413  -594.8 -98.2 -238.7
20211030204414  -594.7 -98.4 -239.0
20211030204415  -594.7 -98.6 -238.6
20211030204416  -594.7 -98.6 -238.5
20211030204417  -594.7 -98.9 -238.5
20211030204418  -594.4 -99.1 -238.5
20211030204419  -594.3 -99.3 -238.3
20211030204420  -594.0 -99.8 -238.0
20211030204421  -594.2 -100.1 -238.1
20211030204422  -593.8 -99.9 -238.4
20211030204423  -593.8 -100.1 -238.0
20211030204424  -593.4 -100.4 -237.9
20211030204425  -593.0 -100.8 -237.8
20211030204426  -592.7 -100.9 -237.9
20211030204427  -592.5 -101.0 -237.7
20211030204428  -592.1 -101.1 -237.6
20211030204429  -592.1 -101.2 -237.4
20211030204430  -592.0 -101.7 -237.1
20211030204431  -591.7 -101.8 -237.6
20211030204432  -591.4 -101.7 -237.2
20211030204433  -591.5 -101.7 -237.3
20211030204434  -591.3 -102.1 -237.3
20211030204435  -591.5 -102.1 -237.2
20211030204436  -591.4 -102.2 -237.0
20211030204437  -591.5 -102.0 -236.8
20211030204438  -591.8 -101.9 -236.4
20211030204439  -591.1 -102.2 -236.5
20211030204440  -591.2 -102.2 -236.0
20211030204441  -591.5 -102.6 -235.9
20211030204442  -591.3 -103.0 -236.0
20211030204443  -591.3 -103.2 -235.7
20211030204444  -591.2 -103.3 -235.8
20211030204445  -590.9 -103.3 -235.3
20211030204446  -591.2 -103.7 -235.4
20211030204447  -591.3 -103.5 -234.7
20211030204448  -590.8 -103.7 -234.6
20211030204449  -590.7 -103.7 -234.3
20211030204450  -590.5 -103.8 -234.1
20211030204451  -590.3 -103.6 -233.7
20211030204452  -590.2 -103.7 -233.4
20211030204453  -590.2 -103.5 -233.1
20211030204454  -589.8 -103.6 -232.9
20211030204455  -589.5 -103.6 -232.5
20211030204456  -589.3 -103.5 -232.1
20211030204457  -589.2 -103.3 -232.1
20211030204458  -589.0 -102.8 -231.6
20211030204459  -588.5 -102.2 -231.4
20211030204500  -588.2 -102.1 -231.0
20211030204501  -588.0 -101.8 -230.8
20211030204502  -587.8 -101.7 -230.8
20211030204503  -587.6 -101.5 -230.4
20211030204504  -587.4 -101.0 -230.1
20211030204505  -587.4 -101.0 -229.9
20211030204506  -586.9 -100.7 -229.8
20211030204507  -587.1 -100.5 -229.3
20211030204508  -587.1 -100.1 -229.2
20211030204509  -587.2 -99.8 -229.1
20211030204510  -586.7 -100.2 -228.2
20211030204511  -587.3 -99.8 -228.5
20211030204512  -587.3 -99.7 -228.3
20211030204513  -587.4 -99.3 -228.1
20211030204514  -587.3 -99.2 -228.2
20211030204515  -587.4 -99.3 -227.7
20211030204516  -587.5 -99.0 -227.3
20211030204517  -587.5 -99.1 -227.3
20211030204518  -587.6 -99.1 -226.6
20211030204519  -587.8 -98.7 -226.7
20211030204520  -587.8 -98.4 -226.3
20211030204521  -587.5 -98.4 -226.2
20211030204522  -587.6 -98.1 -226.2
20211030204523  -587.7 -97.8 -226.0
20211030204524  -587.3 -97.5 -225.6
20211030204525  -587.4 -97.6 -225.5
20211030204526  -587.3 -97.4 -225.5
20211030204527  -587.3 -97.3 -225.8
20211030204528  -587.1 -97.0 -225.4
20211030204529  -587.5 -97.0 -225.4
20211030204530  -587.6 -96.6 -225.1
20211030204531  -587.4 -96.2 -225.2
20211030204532  -587.5 -96.4 -225.2
20211030204533  -587.5 -96.0 -225.3
20211030204534  -587.5 -95.9 -225.4
20211030204535  -587.3 -95.7 -225.2
20211030204536  -587.2 -95.4 -224.8
20211030204537  -587.3 -95.2 -224.8
20211030204538  -587.0 -95.3 -224.9
20211030204539  -586.8 -95.0 -225.1
20211030204540  -586.5 -95.1 -225.0
20211030204541  -586.8 -94.8 -225.0
20211030204542  -586.9 -94.9 -225.3
20211030204543  -586.8 -94.6 -225.4
20211030204544  -587.2 -94.3 -225.5
20211030204545  -586.9 -94.4 -225.6
20211030204546  -586.8 -94.2 -226.0
20211030204547  -586.9 -94.5 -225.9
20211030204548  -586.8 -94.2 -226.1
20211030204549  -587.1 -93.9 -226.0
20211030204550  -587.1 -94.0 -226.3
20211030204551  -587.2 -93.7 -226.7
20211030204552  -587.0 -93.6 -226.8
20211030204553  -587.0 -93.5 -227.1
20211030204554  -587.4 -93.4 -227.0
20211030204555  -587.4 -93.4 -227.3
20211030204556  -587.5 -93.7 -227.7
20211030204557  -587.6 -93.4 -227.7
20211030204558  -587.7 -93.0 -227.5
20211030204559  -588.0 -92.7 -228.0
20211030204600  -588.2 -92.9 -228.5
20211030204601  -588.4 -93.1 -228.8
20211030204602  -588.8 -93.0 -228.7
20211030204603  -588.8 -92.8 -229.0
20211030204604  -589.1 -93.0 -229.4
20211030204605  -589.6 -93.1 -229.5
20211030204606  -589.7 -93.1 -229.2
20211030204607  -589.5 -92.7 -229.6
20211030204608  -589.9 -92.8 -229.5
20211030204609  -589.9 -92.5 -229.9
20211030204610  -590.3 -92.9 -229.9
20211030204611  -590.2 -92.5 -229.9
20211030204612  -590.6 -92.7 -230.4
20211030204613  -590.7 -92.6 -230.4
20211030204614  -590.7 -92.7 -230.6
20211030204615  -590.9 -92.8 -230.6
20211030204616  -591.1 -92.8 -231.1
20211030204617  -591.3 -92.5 -231.2
20211030204618  -591.3 -92.3 -231.3
20211030204619  -591.5 -92.5 -231.0
20211030204620  -591.3 -92.5 -230.9
20211030204621  -591.5 -92.7 -231.2
20211030204622  -591.7 -93.0 -231.0
20211030204623  -591.8 -93.2 -231.2
20211030204624  -591.7 -93.1 -231.4
