20211110152634  -670.6 -88.7 -180.7
20211110152635  -670.4 -88.4 -180.7
20211110152636  -670.5 -88.8 -180.7
20211110152637  -670.6 -89.0 -180.7
20211110152638  -670.5 -88.8 -180.9
20211110152639  -670.4 -88.7 -181.0
20211110152640  -670.5 -88.6 -181.0
20211110152641  -670.5 -88.7 -181.0
20211110152642  -670.7 -88.8 -181.1
20211110152643  -670.5 -88.7 -181.0
20211110152644  -670.9 -88.8 -180.8
20211110152645  -670.6 -88.6 -180.9
20211110152646  -670.4 -88.8 -180.7
20211110152647  -670.3 -88.7 -180.9
20211110152648  -670.3 -88.6 -180.9
20211110152649  -669.8 -89.1 -180.7
20211110152650  -669.6 -88.5 -180.7
20211110152651  -669.4 -88.4 -180.3
20211110152652  -670.0 -88.5 -180.4
20211110152653  -670.3 -88.5 -180.9
20211110152654  -670.3 -88.7 -180.8
20211110152655  -670.5 -88.7 -180.7
20211110152656  -670.4 -88.7 -180.7
20211110152657  -670.3 -88.7 -181.0
20211110152658  -670.1 -88.7 -181.2
20211110152659  -670.0 -88.6 -181.0
20211110152700  -669.8 -88.4 -180.9
20211110152701  -670.1 -88.3 -181.1
20211110152702  -670.1 -88.4 -181.2
20211110152703  -670.2 -88.6 -181.4
20211110152704  -670.3 -88.9 -181.2
20211110152705  -670.1 -88.8 -181.3
20211110152706  -670.2 -88.7 -181.2
20211110152707  -670.2 -88.7 -181.1
20211110152708  -670.4 -88.7 -181.1
20211110152709  -670.1 -88.7 -181.3
20211110152710  -670.3 -88.6 -180.9
20211110152711  -670.6 -88.5 -181.2
20211110152712  -670.4 -88.5 -181.1
20211110152713  -670.5 -88.6 -181.1
20211110152714  -670.4 -88.6 -181.1
20211110152715  -670.6 -88.6 -181.4
20211110152716  -670.6 -88.7 -181.4
20211110152717  -670.9 -88.6 -181.4
20211110152718  -670.8 -88.9 -181.4
20211110152719  -670.2 -88.9 -181.2
20211110152720  -669.5 -88.7 -180.9
20211110152721  -669.5 -88.4 -180.6
20211110152722  -670.0 -88.4 -180.9
20211110152723  -670.1 -88.6 -181.1
20211110152724  -670.0 -88.8 -181.2
20211110152725  -670.3 -88.6 -181.0
20211110152726  -670.3 -88.6 -181.0
20211110152727  -670.0 -88.4 -181.2
20211110152728  -670.0 -88.3 -181.4
20211110152729  -670.2 -88.3 -181.4
20211110152730  -670.3 -88.5 -181.3
20211110152731  -670.1 -88.4 -181.4
20211110152732  -670.2 -88.3 -181.4
20211110152733  -670.4 -88.6 -181.4
20211110152734  -670.5 -88.6 -181.3
20211110152735  -670.3 -88.4 -181.4
20211110152736  -670.3 -88.4 -181.6
20211110152737  -670.0 -88.6 -181.4
20211110152738  -670.1 -88.7 -181.4
20211110152739  -670.2 -88.7 -181.4
20211110152740  -670.1 -88.9 -181.3
20211110152741  -670.3 -88.8 -181.3
20211110152742  -670.1 -88.6 -181.6
20211110152743  -670.1 -88.6 -181.3
20211110152744  -670.2 -88.8 -181.3
20211110152745  -670.3 -88.7 -181.3
20211110152746  -670.4 -88.4 -181.7
20211110152747  -670.0 -88.7 -181.3
20211110152748  -670.0 -88.9 -181.6
20211110152749  -669.9 -88.9 -181.2
20211110152750  -669.3 -88.5 -180.5
20211110152751  -669.1 -88.6 -180.3
20211110152752  -670.0 -88.5 -180.7
20211110152753  -670.1 -88.4 -181.0
20211110152754  -669.8 -88.6 -181.0
20211110152755  -669.9 -88.5 -181.2
20211110152756  -669.8 -88.7 -181.2
20211110152757  -669.7 -88.8 -181.2
20211110152758  -670.1 -88.8 -181.2
20211110152759  -670.2 -88.9 -181.1
20211110152800  -670.1 -88.8 -181.2
20211110152801  -670.1 -88.8 -181.4
20211110152802  -670.2 -88.8 -181.2
20211110152803  -670.0 -88.8 -181.5
20211110152804  -670.4 -88.7 -181.7
20211110152805  -670.4 -88.5 -181.6
20211110152806  -670.3 -88.5 -181.3
20211110152807  -670.0 -88.5 -181.3
20211110152808  -670.4 -88.6 -181.5
20211110152809  -670.5 -88.6 -181.3
20211110152810  -670.4 -88.7 -181.5
20211110152811  -670.3 -89.0 -181.5
20211110152812  -670.5 -88.9 -181.4
20211110152813  -670.3 -88.9 -181.6
20211110152814  -670.3 -88.8 -181.8
20211110152815  -669.9 -88.8 -181.5
20211110152816  -670.2 -88.8 -181.7
20211110152817  -670.4 -88.7 -181.8
20211110152818  -670.3 -88.8 -181.5
20211110152819  -670.1 -88.9 -181.3
20211110152820  -669.4 -88.8 -180.8
20211110152821  -668.7 -88.6 -180.9
20211110152822  -669.6 -88.5 -181.1
20211110152823  -669.7 -88.4 -181.2
20211110152824  -669.7 -88.5 -181.1
20211110152825  -669.7 -88.2 -181.0
20211110152826  -669.4 -88.6 -181.4
20211110152827  -669.9 -88.4 -181.3
20211110152828  -669.6 -88.5 -181.2
20211110152829  -669.7 -88.7 -181.5
20211110152830  -669.5 -88.6 -181.6
20211110152831  -669.7 -88.4 -181.5
20211110152832  -669.6 -88.5 -181.5
20211110152833  -669.7 -88.6 -181.4
20211110152834  -669.5 -88.9 -181.5
20211110152835  -669.9 -88.5 -181.6
20211110152836  -669.9 -88.9 -181.6
20211110152837  -669.9 -89.2 -181.6
20211110152838  -669.8 -89.0 -181.7
20211110152839  -669.7 -89.0 -181.9
20211110152840  -670.0 -88.8 -181.9
20211110152841  -669.8 -88.7 -181.5
20211110152842  -669.9 -88.9 -181.7
20211110152843  -669.7 -88.9 -181.3
20211110152844  -669.7 -89.0 -181.2
20211110152845  -669.7 -88.7 -181.5
20211110152846  -669.6 -88.9 -181.4
20211110152847  -669.8 -88.8 -181.4
20211110152848  -669.8 -88.7 -181.5
20211110152849  -669.7 -88.9 -181.9
20211110152850  -668.9 -88.9 -180.8
20211110152851  -669.0 -88.5 -181.0
20211110152852  -669.6 -88.9 -181.6
20211110152853  -669.6 -88.5 -181.6
20211110152854  -669.4 -88.7 -181.8
20211110152855  -669.4 -88.6 -181.6
20211110152856  -669.6 -88.7 -181.6
20211110152857  -669.5 -88.5 -181.3
20211110152858  -669.7 -88.3 -181.2
20211110152859  -669.6 -88.4 -181.5
20211110152900  -669.8 -88.7 -181.2
20211110152901  -669.6 -88.6 -181.4
20211110152902  -669.8 -88.4 -181.9
20211110152903  -670.0 -88.3 -181.5
20211110152904  -669.9 -88.6 -181.5
20211110152905  -670.0 -88.4 -181.5
20211110152906  -669.9 -88.2 -181.6
20211110152907  -669.7 -88.4 -181.5
20211110152908  -670.1 -88.2 -181.8
20211110152909  -670.3 -88.5 -181.7
20211110152910  -670.2 -88.7 -181.8
20211110152911  -670.0 -88.8 -182.0
20211110152912  -670.5 -88.9 -181.9
20211110152913  -670.5 -88.8 -181.8
20211110152914  -670.6 -88.8 -181.6
20211110152915  -670.4 -88.9 -181.6
20211110152916  -670.2 -89.0 -182.0
20211110152917  -670.4 -88.9 -181.9
20211110152918  -670.5 -89.1 -181.7
20211110152919  -670.7 -88.8 -181.7
20211110152920  -670.2 -89.3 -181.4
20211110152921  -670.3 -89.0 -181.3
20211110152922  -670.8 -89.1 -181.6
20211110152923  -670.7 -89.1 -181.6
20211110152924  -670.5 -89.2 -181.8
20211110152925  -670.5 -89.1 -181.8
20211110152926  -670.8 -89.4 -181.8
20211110152927  -670.7 -89.5 -181.8
20211110152928  -670.8 -89.4 -182.0
20211110152929  -670.9 -89.8 -182.0
20211110152930  -671.0 -89.8 -182.0
20211110152931  -670.9 -89.5 -181.7
20211110152932  -670.8 -89.7 -181.9
20211110152933  -671.0 -89.9 -182.0
20211110152934  -670.7 -89.9 -181.9
20211110152935  -671.1 -89.8 -181.8
20211110152936  -670.8 -89.7 -181.8
20211110152937  -671.1 -89.7 -181.8
20211110152938  -671.2 -89.7 -181.9
20211110152939  -671.1 -89.7 -181.9
20211110152940  -670.9 -89.6 -181.8
20211110152941  -670.9 -89.8 -182.0
20211110152942  -671.2 -89.7 -181.9
20211110152943  -671.1 -89.7 -182.0
20211110152944  -671.5 -89.6 -182.3
20211110152945  -671.1 -89.7 -182.3
20211110152946  -671.3 -89.8 -182.2
20211110152947  -671.3 -89.8 -182.1
20211110152948  -671.0 -89.6 -182.1
20211110152949  -670.5 -89.5 -182.1
20211110152950  -670.2 -89.4 -181.8
20211110152951  -670.3 -89.1 -181.8
20211110152952  -670.8 -89.3 -182.0
20211110152953  -670.8 -89.3 -182.1
20211110152954  -670.9 -89.1 -182.0
20211110152955  -670.9 -89.1 -181.9
20211110152956  -671.1 -89.2 -181.9
20211110152957  -671.0 -89.2 -182.1
20211110152958  -671.1 -89.3 -182.2
20211110152959  -671.0 -89.5 -182.0
20211110153000  -671.4 -89.5 -181.8
20211110153001  -671.2 -89.3 -181.9
20211110153002  -671.1 -89.3 -181.9
20211110153003  -671.5 -89.3 -181.7
20211110153004  -671.1 -89.3 -181.8
20211110153005  -671.4 -89.6 -182.1
20211110153006  -671.4 -89.5 -182.1
20211110153007  -671.3 -89.5 -182.3
20211110153008  -671.4 -89.3 -181.9
20211110153009  -671.4 -89.4 -181.9
20211110153010  -671.5 -89.6 -182.0
20211110153011  -671.7 -89.4 -181.9
20211110153012  -671.5 -89.7 -182.3
20211110153013  -671.6 -89.7 -182.2
20211110153014  -671.5 -89.8 -182.0
20211110153015  -671.5 -90.0 -182.1
20211110153016  -671.5 -89.9 -182.3
20211110153017  -671.6 -89.8 -182.3
20211110153018  -671.4 -90.1 -182.2
20211110153019  -671.3 -90.2 -182.1
20211110153020  -670.5 -90.2 -181.5
20211110153021  -670.3 -89.7 -181.5
20211110153022  -671.2 -89.8 -181.9
20211110153023  -671.3 -90.0 -182.0
20211110153024  -671.2 -89.8 -182.4
20211110153025  -671.3 -90.1 -182.0
20211110153026  -671.6 -90.2 -182.0
20211110153027  -671.5 -90.0 -182.1
20211110153028  -671.3 -89.9 -182.3
20211110153029  -671.4 -89.7 -181.9
20211110153030  -671.3 -89.6 -182.0
20211110153031  -671.3 -89.7 -181.8
20211110153032  -671.3 -90.0 -181.8
20211110153033  -671.1 -90.1 -181.8
20211110153034  -671.1 -90.0 -181.8
20211110153035  -671.2 -90.2 -181.9
20211110153036  -671.1 -90.0 -182.0
20211110153037  -671.0 -89.9 -181.9
20211110153038  -671.1 -90.0 -182.1
20211110153039  -671.1 -90.0 -182.2
20211110153040  -671.0 -90.0 -182.0
20211110153041  -670.7 -89.8 -182.1
20211110153042  -670.9 -89.7 -182.3
20211110153043  -671.0 -89.8 -182.4
20211110153044  -671.0 -89.8 -182.4
20211110153045  -670.9 -89.7 -182.3
20211110153046  -671.0 -89.5 -182.3
20211110153047  -671.1 -89.6 -182.1
20211110153048  -671.2 -89.6 -182.2
20211110153049  -671.1 -89.3 -182.3
20211110153050  -670.6 -89.7 -181.8
20211110153051  -670.2 -89.3 -181.4
20211110153052  -670.9 -89.7 -182.1
20211110153053  -671.0 -89.6 -182.2
20211110153054  -671.1 -89.7 -182.2
20211110153055  -670.8 -89.6 -182.2
20211110153056  -670.9 -89.5 -182.1
20211110153057  -671.0 -89.8 -182.2
20211110153058  -671.1 -89.6 -182.1
20211110153059  -671.1 -89.6 -182.0
20211110153100  -671.0 -89.7 -182.0
20211110153101  -670.8 -89.6 -182.3
20211110153102  -670.9 -90.0 -182.3
20211110153103  -670.9 -89.7 -182.4
20211110153104  -671.1 -89.7 -182.3
20211110153105  -670.9 -90.0 -182.4
20211110153106  -670.9 -89.9 -182.6
20211110153107  -670.7 -90.0 -182.5
20211110153108  -670.7 -90.2 -182.6
20211110153109  -670.9 -89.9 -182.7
20211110153110  -670.8 -89.8 -182.6
20211110153111  -670.5 -89.9 -182.5
20211110153112  -670.8 -89.9 -182.2
20211110153113  -670.9 -89.8 -182.4
20211110153114  -671.0 -89.7 -182.4
20211110153115  -671.0 -89.7 -182.5
20211110153116  -671.0 -89.7 -182.3
20211110153117  -670.7 -89.9 -182.4
20211110153118  -670.7 -89.7 -182.7
20211110153119  -670.7 -89.9 -182.8
20211110153120  -670.1 -89.6 -181.9
20211110153121  -669.9 -89.5 -181.6
20211110153122  -670.5 -89.3 -181.7
20211110153123  -670.5 -89.4 -182.1
20211110153124  -670.9 -89.3 -182.1
20211110153125  -670.8 -89.5 -182.1
20211110153126  -670.8 -89.3 -182.1
20211110153127  -670.6 -89.1 -182.2
20211110153128  -670.7 -89.2 -182.3
20211110153129  -670.8 -89.5 -182.2
20211110153130  -670.7 -89.4 -182.4
20211110153131  -670.7 -89.4 -182.4
20211110153132  -670.6 -89.6 -182.2
20211110153133  -670.5 -89.5 -182.3
20211110153134  -670.8 -89.3 -182.2
20211110153135  -670.8 -89.5 -182.1
20211110153136  -670.6 -89.4 -182.2
20211110153137  -670.6 -89.5 -182.4
20211110153138  -670.3 -89.5 -182.3
20211110153139  -669.9 -89.2 -182.3
20211110153140  -670.0 -89.3 -182.3
20211110153141  -670.1 -89.5 -182.6
20211110153142  -670.4 -89.6 -182.8
20211110153143  -670.0 -89.5 -182.7
20211110153144  -670.3 -89.2 -182.5
20211110153145  -670.2 -89.0 -182.4
20211110153146  -670.3 -89.3 -182.7
20211110153147  -670.6 -89.3 -182.5
20211110153148  -670.3 -89.4 -182.3
20211110153149  -670.1 -89.4 -182.3
20211110153150  -669.8 -89.2 -181.9
20211110153151  -669.4 -89.1 -181.4
20211110153152  -669.9 -89.3 -181.6
20211110153153  -670.1 -89.1 -182.0
20211110153154  -670.3 -89.0 -181.9
20211110153155  -670.2 -88.9 -182.1
20211110153156  -670.4 -89.3 -182.3
20211110153157  -670.3 -89.3 -182.1
20211110153158  -670.6 -89.2 -182.2
20211110153159  -670.6 -89.5 -182.3
20211110153200  -670.2 -89.3 -182.1
20211110153201  -670.4 -89.1 -181.9
20211110153202  -670.6 -89.4 -181.9
20211110153203  -670.3 -89.4 -182.1
20211110153204  -670.3 -89.0 -182.2
20211110153205  -670.4 -89.1 -182.5
20211110153206  -670.2 -89.0 -182.4
20211110153207  -670.3 -89.0 -182.4
20211110153208  -670.3 -89.0 -182.4
20211110153209  -670.5 -88.9 -182.6
20211110153210  -670.5 -88.8 -182.7
20211110153211  -670.7 -88.9 -182.8
20211110153212  -670.4 -88.9 -182.5
20211110153213  -670.4 -89.5 -182.3
20211110153214  -670.7 -89.2 -182.5
20211110153215  -670.4 -89.0 -182.5
20211110153216  -670.6 -89.0 -182.2
20211110153217  -670.3 -89.0 -182.3
20211110153218  -670.3 -89.2 -182.9
20211110153219  -670.3 -89.2 -182.3
20211110153220  -670.0 -89.4 -182.2
