20211026210034  -659.4 -85.4 -192.0
20211026210035  -659.5 -85.4 -191.9
20211026210036  -659.5 -85.1 -192.0
20211026210037  -659.4 -85.1 -191.7
20211026210038  -659.5 -85.1 -191.8
20211026210039  -659.6 -85.2 -192.0
20211026210040  -659.4 -85.3 -192.2
20211026210041  -659.6 -85.1 -192.1
20211026210042  -659.7 -85.2 -191.8
20211026210043  -659.7 -85.3 -191.6
20211026210044  -659.9 -85.3 -191.7
20211026210045  -659.8 -85.4 -191.9
20211026210046  -659.9 -85.1 -192.0
20211026210047  -659.9 -85.3 -192.1
20211026210048  -659.8 -85.6 -191.8
20211026210049  -659.7 -85.5 -192.0
20211026210050  -659.8 -85.5 -192.1
20211026210051  -659.7 -85.3 -192.0
20211026210052  -660.0 -85.3 -191.9
20211026210053  -659.8 -85.2 -192.0
20211026210054  -659.7 -84.9 -192.2
20211026210055  -659.9 -85.0 -192.2
20211026210056  -659.8 -85.2 -192.0
20211026210057  -659.3 -85.4 -192.3
20211026210058  -659.3 -85.1 -191.8
20211026210059  -659.8 -85.4 -192.1
20211026210100  -660.1 -85.1 -192.3
20211026210101  -659.8 -85.2 -192.4
20211026210102  -659.9 -85.3 -192.4
20211026210103  -659.7 -85.4 -192.4
20211026210104  -660.0 -85.6 -192.1
20211026210105  -659.6 -85.3 -192.2
20211026210106  -660.0 -85.0 -192.1
20211026210107  -659.9 -85.4 -191.9
20211026210108  -659.9 -85.1 -191.9
20211026210109  -660.1 -84.8 -192.0
20211026210110  -660.1 -85.0 -192.1
20211026210111  -659.9 -84.9 -192.2
20211026210112  -660.0 -85.0 -192.4
20211026210113  -660.1 -85.2 -192.2
20211026210114  -660.2 -85.1 -192.0
20211026210115  -660.4 -85.3 -192.1
20211026210116  -660.0 -85.0 -192.3
20211026210117  -659.9 -85.1 -192.0
20211026210118  -660.0 -85.2 -191.9
20211026210119  -660.1 -85.2 -192.1
20211026210120  -660.0 -85.0 -191.9
20211026210121  -659.9 -85.3 -192.2
20211026210122  -659.8 -85.4 -192.0
20211026210123  -659.9 -85.4 -192.0
20211026210124  -660.2 -84.9 -192.0
20211026210125  -660.1 -85.1 -192.2
20211026210126  -660.1 -84.9 -192.3
20211026210127  -659.7 -85.2 -192.1
20211026210128  -659.6 -85.1 -191.5
20211026210129  -659.7 -85.6 -191.9
20211026210130  -659.9 -85.2 -192.0
20211026210131  -660.3 -85.2 -192.1
20211026210132  -660.1 -85.3 -192.1
20211026210133  -660.2 -85.2 -192.3
20211026210134  -660.3 -85.4 -192.1
20211026210135  -660.2 -85.4 -192.2
20211026210136  -660.3 -85.1 -192.0
20211026210137  -660.1 -85.4 -191.8
20211026210138  -660.2 -85.5 -192.2
20211026210139  -660.0 -85.3 -192.2
20211026210140  -660.1 -85.3 -192.0
20211026210141  -660.1 -85.4 -191.9
20211026210142  -660.1 -85.2 -192.2
20211026210143  -660.2 -85.3 -192.3
20211026210144  -660.2 -85.2 -191.9
20211026210145  -660.0 -85.3 -192.1
20211026210146  -660.1 -85.2 -192.0
20211026210147  -660.2 -85.4 -192.1
20211026210148  -660.0 -85.5 -192.2
20211026210149  -660.3 -85.2 -192.5
20211026210150  -660.1 -85.3 -192.2
20211026210151  -660.2 -85.2 -192.3
20211026210152  -660.3 -85.4 -192.5
20211026210153  -660.4 -85.3 -192.2
20211026210154  -660.3 -85.3 -192.4
20211026210155  -660.5 -85.4 -192.3
20211026210156  -660.4 -85.1 -192.1
20211026210157  -660.1 -85.4 -192.1
20211026210158  -660.3 -85.5 -192.1
20211026210159  -660.5 -85.3 -192.2
20211026210200  -660.2 -85.4 -192.2
20211026210201  -660.2 -85.5 -192.3
20211026210202  -660.4 -85.3 -192.2
20211026210203  -660.2 -85.3 -192.4
20211026210204  -660.2 -84.9 -192.4
20211026210205  -660.1 -85.2 -192.1
20211026210206  -660.1 -85.3 -192.3
20211026210207  -660.1 -85.5 -192.5
20211026210208  -660.4 -85.3 -192.6
20211026210209  -660.3 -85.3 -192.5
20211026210210  -660.4 -85.2 -192.6
20211026210211  -660.4 -85.3 -192.4
20211026210212  -660.7 -85.2 -192.4
20211026210213  -660.4 -85.2 -192.1
20211026210214  -660.5 -85.4 -192.0
20211026210215  -660.7 -85.5 -191.8
20211026210216  -660.4 -85.5 -192.1
20211026210217  -660.4 -85.3 -192.1
20211026210218  -660.4 -85.7 -191.8
20211026210219  -660.4 -85.5 -192.1
20211026210220  -660.4 -85.5 -191.9
20211026210221  -660.3 -85.7 -192.0
20211026210222  -660.4 -85.6 -192.2
20211026210223  -660.5 -85.6 -192.2
20211026210224  -660.6 -85.4 -192.2
20211026210225  -660.5 -85.4 -192.3
20211026210226  -660.5 -85.6 -192.1
20211026210227  -660.6 -85.5 -191.9
20211026210228  -660.4 -85.6 -192.2
20211026210229  -660.6 -85.6 -192.5
20211026210230  -660.7 -85.5 -192.5
20211026210231  -661.0 -85.9 -192.6
20211026210232  -661.2 -85.7 -192.5
20211026210233  -661.2 -85.7 -192.6
20211026210234  -661.3 -85.7 -192.4
20211026210235  -661.5 -85.7 -192.6
20211026210236  -661.3 -85.5 -192.6
20211026210237  -661.2 -85.7 -192.5
20211026210238  -661.0 -85.4 -192.8
20211026210239  -661.2 -85.4 -192.3
20211026210240  -661.2 -85.5 -192.3
20211026210241  -661.1 -85.4 -192.2
20211026210242  -661.4 -85.7 -192.5
20211026210243  -661.5 -85.9 -192.3
20211026210244  -661.4 -85.8 -192.3
20211026210245  -661.3 -85.8 -192.0
20211026210246  -661.3 -85.5 -192.2
20211026210247  -661.1 -85.6 -192.2
20211026210248  -661.6 -85.8 -192.3
20211026210249  -661.3 -85.7 -192.3
20211026210250  -661.5 -85.6 -192.5
20211026210251  -661.4 -85.7 -192.5
20211026210252  -661.4 -85.9 -192.6
20211026210253  -661.4 -85.7 -192.3
20211026210254  -661.5 -85.7 -192.2
20211026210255  -661.5 -85.8 -192.1
20211026210256  -661.5 -85.6 -192.0
20211026210257  -661.6 -85.6 -192.1
20211026210258  -661.5 -85.7 -191.5
20211026210259  -661.8 -85.7 -191.9
20211026210300  -661.5 -85.9 -192.4
20211026210301  -661.6 -85.7 -192.2
20211026210302  -661.6 -85.7 -192.6
20211026210303  -661.3 -85.8 -192.3
20211026210304  -661.6 -86.0 -192.3
20211026210305  -661.5 -85.9 -192.4
20211026210306  -661.5 -86.0 -192.5
20211026210307  -661.5 -86.0 -192.6
20211026210308  -661.7 -85.8 -192.5
20211026210309  -661.7 -85.9 -192.6
20211026210310  -661.5 -86.1 -192.2
20211026210311  -661.6 -85.8 -192.4
20211026210312  -661.1 -85.9 -192.4
20211026210313  -661.5 -86.0 -192.5
20211026210314  -661.8 -85.9 -192.5
20211026210315  -661.7 -85.8 -192.6
20211026210316  -661.7 -86.0 -192.7
20211026210317  -661.6 -85.7 -192.6
20211026210318  -661.6 -86.0 -192.6
20211026210319  -661.7 -85.4 -192.5
20211026210320  -661.7 -85.8 -192.8
20211026210321  -661.5 -86.1 -192.5
20211026210322  -661.7 -86.2 -192.7
20211026210323  -661.6 -85.8 -192.5
20211026210324  -661.4 -85.8 -192.5
20211026210325  -661.8 -85.9 -192.9
20211026210326  -661.4 -85.9 -192.8
20211026210327  -661.6 -86.0 -192.6
20211026210328  -661.5 -86.1 -192.3
20211026210329  -661.5 -85.9 -192.3
20211026210330  -661.8 -86.0 -192.4
20211026210331  -661.4 -85.9 -192.3
20211026210332  -661.8 -85.6 -192.4
20211026210333  -661.5 -85.6 -192.5
20211026210334  -661.7 -85.6 -192.5
20211026210335  -661.8 -85.7 -192.4
20211026210336  -661.9 -85.6 -192.4
20211026210337  -661.9 -85.8 -192.7
20211026210338  -661.6 -85.8 -192.9
20211026210339  -661.8 -85.8 -192.9
20211026210340  -662.0 -85.9 -192.5
20211026210341  -662.1 -85.7 -192.6
20211026210342  -662.2 -85.6 -192.5
20211026210343  -661.6 -85.6 -192.6
20211026210344  -661.6 -85.8 -192.3
20211026210345  -661.8 -85.6 -192.3
20211026210346  -661.7 -85.5 -192.6
20211026210347  -661.7 -85.7 -192.8
20211026210348  -662.0 -85.6 -192.5
20211026210349  -661.9 -85.5 -192.4
20211026210350  -662.1 -85.8 -192.6
20211026210351  -662.2 -85.7 -192.7
20211026210352  -662.1 -85.8 -193.2
20211026210353  -662.1 -86.0 -192.7
20211026210354  -661.9 -86.1 -193.1
20211026210355  -662.0 -86.0 -193.0
20211026210356  -661.7 -86.0 -193.1
20211026210357  -662.0 -86.1 -193.2
20211026210358  -661.8 -85.8 -193.2
20211026210359  -661.5 -86.0 -192.8
20211026210400  -661.6 -86.0 -192.9
20211026210401  -661.9 -86.2 -192.8
20211026210402  -661.9 -86.2 -192.8
20211026210403  -662.0 -86.1 -192.7
20211026210404  -661.8 -86.3 -192.7
20211026210405  -661.7 -86.3 -193.1
20211026210406  -661.7 -86.1 -193.1
20211026210407  -662.0 -86.3 -193.0
20211026210408  -661.9 -86.2 -192.8
20211026210409  -661.9 -86.2 -192.4
20211026210410  -661.9 -86.2 -192.7
20211026210411  -661.5 -86.0 -192.7
20211026210412  -661.5 -86.0 -193.0
20211026210413  -661.7 -85.8 -192.5
20211026210414  -661.9 -85.7 -192.6
20211026210415  -661.6 -85.7 -192.8
20211026210416  -661.4 -85.9 -192.5
20211026210417  -661.7 -85.9 -192.6
20211026210418  -661.7 -85.8 -192.6
20211026210419  -661.8 -86.0 -192.8
20211026210420  -661.9 -86.0 -192.6
20211026210421  -661.4 -85.8 -192.6
20211026210422  -661.5 -86.0 -192.9
20211026210423  -661.4 -85.9 -192.8
20211026210424  -661.6 -86.0 -192.6
20211026210425  -661.9 -86.1 -192.6
20211026210426  -661.9 -86.3 -192.8
20211026210427  -661.6 -86.0 -192.6
20211026210428  -661.5 -86.1 -192.5
20211026210429  -661.7 -85.8 -192.9
20211026210430  -661.5 -85.9 -192.4
20211026210431  -661.7 -86.0 -192.7
20211026210432  -661.7 -85.9 -192.6
20211026210433  -661.5 -86.1 -192.6
20211026210434  -661.5 -86.0 -192.4
20211026210435  -661.3 -86.3 -192.4
20211026210436  -661.4 -86.1 -192.3
20211026210437  -661.7 -86.0 -192.2
20211026210438  -662.0 -86.1 -192.4
20211026210439  -661.6 -86.0 -192.6
20211026210440  -661.8 -86.0 -192.6
20211026210441  -661.6 -85.7 -192.2
20211026210442  -661.7 -85.7 -192.6
20211026210443  -661.4 -86.3 -192.3
20211026210444  -661.2 -86.1 -192.4
20211026210445  -661.3 -86.0 -192.4
20211026210446  -661.3 -85.8 -192.4
20211026210447  -661.3 -86.0 -192.4
20211026210448  -661.1 -85.9 -192.2
20211026210449  -661.3 -85.8 -192.3
20211026210450  -661.4 -85.9 -192.4
20211026210451  -661.6 -85.6 -192.5
20211026210452  -661.8 -85.8 -192.5
20211026210453  -661.7 -85.8 -192.6
20211026210454  -661.5 -85.7 -192.4
20211026210455  -661.4 -85.8 -192.6
20211026210456  -661.2 -85.9 -192.5
20211026210457  -661.1 -85.9 -192.5
20211026210458  -661.5 -86.1 -192.3
20211026210459  -661.5 -85.8 -192.3
20211026210500  -660.9 -85.9 -192.5
20211026210501  -660.8 -85.9 -192.7
20211026210502  -661.0 -85.6 -192.6
20211026210503  -661.0 -85.5 -192.5
20211026210504  -661.1 -86.0 -192.5
20211026210505  -661.0 -86.2 -192.5
20211026210506  -661.2 -85.8 -192.2
20211026210507  -661.2 -85.8 -192.2
20211026210508  -660.9 -85.6 -192.1
20211026210509  -660.9 -85.9 -192.1
20211026210510  -661.1 -86.3 -192.1
20211026210511  -661.0 -85.9 -192.3
20211026210512  -661.1 -85.9 -192.6
20211026210513  -660.9 -85.7 -192.7
20211026210514  -661.0 -85.6 -192.6
20211026210515  -661.3 -85.6 -192.6
20211026210516  -661.2 -85.7 -192.4
20211026210517  -661.0 -85.6 -192.4
20211026210518  -661.1 -85.8 -192.6
20211026210519  -661.0 -85.6 -192.8
20211026210520  -660.9 -85.6 -192.7
20211026210521  -661.3 -85.6 -192.8
20211026210522  -661.0 -85.8 -192.7
20211026210523  -661.2 -85.8 -192.9
20211026210524  -661.0 -85.8 -192.7
20211026210525  -660.9 -85.9 -192.7
20211026210526  -661.0 -85.9 -193.0
20211026210527  -661.1 -86.1 -192.8
20211026210528  -661.0 -86.2 -192.8
20211026210529  -661.0 -85.7 -192.7
20211026210530  -661.0 -85.8 -192.8
20211026210531  -660.8 -85.5 -192.1
20211026210532  -660.7 -85.7 -192.2
20211026210533  -660.6 -86.0 -192.1
20211026210534  -660.7 -86.2 -192.2
20211026210535  -660.7 -86.1 -192.4
20211026210536  -660.8 -85.9 -192.6
20211026210537  -661.0 -86.3 -192.2
20211026210538  -660.6 -86.3 -192.1
20211026210539  -660.6 -86.3 -192.1
20211026210540  -660.4 -86.3 -192.1
20211026210541  -660.5 -86.3 -192.4
20211026210542  -660.5 -86.3 -192.3
20211026210543  -660.5 -86.4 -192.3
20211026210544  -660.6 -86.4 -192.1
20211026210545  -660.6 -86.2 -192.1
20211026210546  -660.7 -86.3 -192.1
20211026210547  -660.7 -86.1 -192.4
20211026210548  -660.4 -86.1 -192.2
20211026210549  -660.8 -86.5 -192.3
20211026210550  -660.5 -86.4 -192.2
20211026210551  -660.5 -86.4 -192.7
20211026210552  -660.5 -86.2 -192.7
20211026210553  -660.2 -86.4 -192.4
20211026210554  -660.4 -86.5 -192.6
20211026210555  -660.4 -86.4 -192.8
20211026210556  -660.5 -86.1 -192.3
20211026210557  -660.4 -85.9 -192.4
20211026210558  -660.5 -85.8 -192.3
20211026210559  -660.4 -85.8 -192.5
20211026210600  -660.3 -86.0 -192.3
20211026210601  -660.2 -86.0 -192.4
20211026210602  -660.1 -86.0 -192.3
20211026210603  -660.4 -85.8 -192.7
20211026210604  -660.4 -86.1 -192.7
20211026210605  -660.5 -86.3 -192.8
20211026210606  -660.8 -86.1 -192.7
20211026210607  -660.4 -85.8 -192.8
20211026210608  -660.5 -85.9 -192.7
20211026210609  -660.5 -86.3 -192.9
20211026210610  -660.4 -86.2 -192.9
20211026210611  -660.4 -86.2 -192.7
20211026210612  -660.2 -86.2 -192.8
20211026210613  -660.1 -86.4 -192.8
20211026210614  -660.4 -86.3 -192.8
20211026210615  -660.2 -86.3 -192.7
20211026210616  -660.2 -86.2 -192.6
20211026210617  -660.3 -86.4 -192.9
20211026210618  -660.4 -86.5 -192.8
20211026210619  -660.4 -86.2 -192.7
20211026210620  -660.3 -86.3 -192.5
20211026210621  -660.3 -86.4 -192.8
20211026210622  -660.1 -86.4 -192.9
20211026210623  -660.3 -86.6 -192.9
20211026210624  -660.2 -86.5 -192.9
20211026210625  -660.4 -86.4 -192.9
20211026210626  -660.4 -86.6 -192.8
20211026210627  -660.1 -86.5 -192.6
20211026210628  -660.1 -86.5 -192.6
20211026210629  -660.2 -86.7 -192.6
20211026210630  -660.3 -86.7 -192.6
20211026210631  -660.3 -86.8 -192.6
20211026210632  -660.5 -86.4 -192.8
20211026210633  -660.3 -86.8 -192.7
20211026210634  -660.1 -86.7 -192.8
20211026210635  -660.2 -86.5 -192.9
20211026210636  -660.3 -86.6 -192.8
20211026210637  -660.1 -86.5 -193.0
20211026210638  -660.0 -86.8 -193.0
20211026210639  -660.1 -86.6 -193.1
20211026210640  -660.3 -86.7 -193.2
20211026210641  -660.4 -86.7 -193.3
20211026210642  -660.2 -86.6 -193.2
20211026210643  -660.3 -86.9 -192.8
20211026210644  -660.1 -86.8 -192.9
20211026210645  -660.2 -86.8 -193.0
20211026210646  -660.2 -87.0 -192.9
20211026210647  -660.0 -86.7 -192.7
20211026210648  -660.0 -87.1 -192.8
20211026210649  -659.8 -87.0 -193.1
20211026210650  -659.9 -87.0 -192.9
20211026210651  -659.8 -87.4 -192.8
20211026210652  -660.1 -87.3 -192.8
20211026210653  -659.9 -87.2 -192.7
20211026210654  -659.7 -87.1 -192.6
20211026210655  -660.0 -87.1 -193.1
20211026210656  -660.0 -86.9 -192.9
20211026210657  -659.8 -86.9 -192.8
20211026210658  -660.0 -87.1 -192.9
20211026210659  -659.7 -87.0 -192.9
20211026210700  -659.6 -87.2 -193.0
20211026210701  -659.5 -86.9 -193.2
20211026210702  -659.5 -87.1 -193.2
20211026210703  -659.6 -86.9 -193.0
20211026210704  -659.6 -86.8 -193.4
20211026210705  -659.5 -87.1 -192.9
20211026210706  -659.5 -87.4 -192.8
20211026210707  -659.5 -87.3 -193.3
20211026210708  -659.7 -87.2 -193.2
20211026210709  -660.0 -87.3 -193.4
20211026210710  -659.7 -87.3 -193.4
20211026210711  -659.7 -87.4 -193.5
20211026210712  -659.5 -87.0 -193.5
20211026210713  -659.4 -87.2 -193.3
20211026210714  -659.7 -87.2 -193.1
20211026210715  -659.7 -87.1 -193.0
20211026210716  -660.0 -87.5 -193.2
20211026210717  -659.8 -87.5 -193.1
20211026210718  -659.9 -87.2 -193.4
20211026210719  -659.6 -87.2 -193.5
20211026210720  -659.7 -87.5 -193.3
20211026210721  -659.7 -87.6 -193.5
20211026210722  -659.4 -87.4 -193.6
20211026210723  -659.7 -87.1 -193.5
20211026210724  -659.9 -87.3 -193.3
20211026210725  -659.7 -87.3 -193.4
20211026210726  -659.6 -87.6 -193.4
20211026210727  -659.8 -87.2 -193.5
20211026210728  -659.8 -87.4 -193.5
20211026210729  -659.9 -87.6 -193.7
20211026210730  -659.9 -87.5 -193.3
20211026210731  -660.0 -87.5 -193.3
20211026210732  -659.8 -87.8 -193.5
20211026210733  -659.6 -87.6 -193.4
20211026210734  -659.7 -87.5 -193.6
20211026210735  -659.7 -87.3 -193.5
20211026210736  -659.5 -87.4 -193.7
20211026210737  -659.5 -87.6 -193.7
20211026210738  -659.6 -87.6 -193.5
20211026210739  -659.8 -87.7 -193.6
20211026210740  -659.7 -87.7 -193.5
20211026210741  -659.4 -87.8 -193.4
20211026210742  -659.6 -87.8 -193.5
20211026210743  -659.6 -87.7 -193.4
20211026210744  -659.6 -87.7 -193.7
20211026210745  -659.6 -87.7 -193.5
20211026210746  -659.6 -87.6 -193.5
20211026210747  -659.6 -87.7 -193.4
20211026210748  -659.5 -87.8 -193.5
20211026210749  -659.8 -88.0 -193.7
20211026210750  -659.6 -87.8 -193.8
20211026210751  -659.8 -88.1 -193.3
20211026210752  -659.9 -88.0 -193.5
20211026210753  -659.7 -88.1 -193.4
20211026210754  -659.7 -88.1 -193.6
20211026210755  -659.9 -88.1 -193.4
20211026210756  -659.7 -87.8 -193.5
20211026210757  -659.7 -87.7 -193.6
20211026210758  -659.7 -87.9 -193.7
20211026210759  -659.8 -87.8 -193.7
20211026210800  -659.7 -87.8 -193.6
20211026210801  -659.7 -88.0 -193.6
20211026210802  -659.7 -88.1 -193.7
20211026210803  -659.7 -88.0 -193.5
20211026210804  -659.6 -87.7 -194.0
20211026210805  -659.7 -88.0 -193.9
20211026210806  -659.6 -88.1 -194.0
20211026210807  -659.8 -88.1 -193.8
20211026210808  -659.7 -88.0 -193.5
20211026210809  -659.5 -87.9 -193.6
20211026210810  -659.8 -87.9 -193.6
20211026210811  -659.6 -87.9 -193.6
20211026210812  -659.7 -88.3 -193.5
20211026210813  -659.7 -88.5 -193.5
20211026210814  -659.7 -88.3 -193.7
20211026210815  -659.7 -88.3 -193.5
20211026210816  -659.8 -88.4 -194.1
20211026210817  -659.6 -88.6 -194.0
