20211110153034  -671.1 -90.0 -181.8
20211110153035  -671.2 -90.2 -181.9
20211110153036  -671.1 -90.0 -182.0
20211110153037  -671.0 -89.9 -181.9
20211110153038  -671.1 -90.0 -182.1
20211110153039  -671.1 -90.0 -182.2
20211110153040  -671.0 -90.0 -182.0
20211110153041  -670.7 -89.8 -182.1
20211110153042  -670.9 -89.7 -182.3
20211110153043  -671.0 -89.8 -182.4
20211110153044  -671.0 -89.8 -182.4
20211110153045  -670.9 -89.7 -182.3
20211110153046  -671.0 -89.5 -182.3
20211110153047  -671.1 -89.6 -182.1
20211110153048  -671.2 -89.6 -182.2
20211110153049  -671.1 -89.3 -182.3
20211110153050  -670.6 -89.7 -181.8
20211110153051  -670.2 -89.3 -181.4
20211110153052  -670.9 -89.7 -182.1
20211110153053  -671.0 -89.6 -182.2
20211110153054  -671.1 -89.7 -182.2
20211110153055  -670.8 -89.6 -182.2
20211110153056  -670.9 -89.5 -182.1
20211110153057  -671.0 -89.8 -182.2
20211110153058  -671.1 -89.6 -182.1
20211110153059  -671.1 -89.6 -182.0
20211110153100  -671.0 -89.7 -182.0
20211110153101  -670.8 -89.6 -182.3
20211110153102  -670.9 -90.0 -182.3
20211110153103  -670.9 -89.7 -182.4
20211110153104  -671.1 -89.7 -182.3
20211110153105  -670.9 -90.0 -182.4
20211110153106  -670.9 -89.9 -182.6
20211110153107  -670.7 -90.0 -182.5
20211110153108  -670.7 -90.2 -182.6
20211110153109  -670.9 -89.9 -182.7
20211110153110  -670.8 -89.8 -182.6
20211110153111  -670.5 -89.9 -182.5
20211110153112  -670.8 -89.9 -182.2
20211110153113  -670.9 -89.8 -182.4
20211110153114  -671.0 -89.7 -182.4
20211110153115  -671.0 -89.7 -182.5
20211110153116  -671.0 -89.7 -182.3
20211110153117  -670.7 -89.9 -182.4
20211110153118  -670.7 -89.7 -182.7
20211110153119  -670.7 -89.9 -182.8
20211110153120  -670.1 -89.6 -181.9
20211110153121  -669.9 -89.5 -181.6
20211110153122  -670.5 -89.3 -181.7
20211110153123  -670.5 -89.4 -182.1
20211110153124  -670.9 -89.3 -182.1
20211110153125  -670.8 -89.5 -182.1
20211110153126  -670.8 -89.3 -182.1
20211110153127  -670.6 -89.1 -182.2
20211110153128  -670.7 -89.2 -182.3
20211110153129  -670.8 -89.5 -182.2
20211110153130  -670.7 -89.4 -182.4
20211110153131  -670.7 -89.4 -182.4
20211110153132  -670.6 -89.6 -182.2
20211110153133  -670.5 -89.5 -182.3
20211110153134  -670.8 -89.3 -182.2
20211110153135  -670.8 -89.5 -182.1
20211110153136  -670.6 -89.4 -182.2
20211110153137  -670.6 -89.5 -182.4
20211110153138  -670.3 -89.5 -182.3
20211110153139  -669.9 -89.2 -182.3
20211110153140  -670.0 -89.3 -182.3
20211110153141  -670.1 -89.5 -182.6
20211110153142  -670.4 -89.6 -182.8
20211110153143  -670.0 -89.5 -182.7
20211110153144  -670.3 -89.2 -182.5
20211110153145  -670.2 -89.0 -182.4
20211110153146  -670.3 -89.3 -182.7
20211110153147  -670.6 -89.3 -182.5
20211110153148  -670.3 -89.4 -182.3
20211110153149  -670.1 -89.4 -182.3
20211110153150  -669.8 -89.2 -181.9
20211110153151  -669.4 -89.1 -181.4
20211110153152  -669.9 -89.3 -181.6
20211110153153  -670.1 -89.1 -182.0
20211110153154  -670.3 -89.0 -181.9
20211110153155  -670.2 -88.9 -182.1
20211110153156  -670.4 -89.3 -182.3
20211110153157  -670.3 -89.3 -182.1
20211110153158  -670.6 -89.2 -182.2
20211110153159  -670.6 -89.5 -182.3
20211110153200  -670.2 -89.3 -182.1
20211110153201  -670.4 -89.1 -181.9
20211110153202  -670.6 -89.4 -181.9
20211110153203  -670.3 -89.4 -182.1
20211110153204  -670.3 -89.0 -182.2
20211110153205  -670.4 -89.1 -182.5
20211110153206  -670.2 -89.0 -182.4
20211110153207  -670.3 -89.0 -182.4
20211110153208  -670.3 -89.0 -182.4
20211110153209  -670.5 -88.9 -182.6
20211110153210  -670.5 -88.8 -182.7
20211110153211  -670.7 -88.9 -182.8
20211110153212  -670.4 -88.9 -182.5
20211110153213  -670.4 -89.5 -182.3
20211110153214  -670.7 -89.2 -182.5
20211110153215  -670.4 -89.0 -182.5
20211110153216  -670.6 -89.0 -182.2
20211110153217  -670.3 -89.0 -182.3
20211110153218  -670.3 -89.2 -182.9
20211110153219  -670.3 -89.2 -182.3
20211110153220  -670.0 -89.4 -182.2
20211110153221  -669.6 -88.9 -181.9
20211110153222  -669.8 -89.0 -181.9
20211110153223  -670.1 -88.9 -182.3
20211110153224  -670.2 -89.0 -182.4
20211110153225  -670.0 -88.8 -182.5
20211110153226  -670.1 -88.7 -182.6
20211110153227  -670.2 -88.9 -182.5
20211110153228  -670.0 -89.0 -182.4
20211110153229  -670.0 -88.8 -182.4
20211110153230  -670.2 -89.1 -182.5
20211110153231  -670.0 -89.3 -182.6
20211110153232  -670.2 -89.2 -182.5
20211110153233  -670.6 -88.9 -182.5
20211110153234  -670.5 -89.1 -182.7
20211110153235  -670.8 -89.0 -182.3
20211110153236  -670.8 -88.8 -182.4
20211110153237  -670.7 -89.2 -182.7
20211110153238  -670.7 -89.2 -182.5
20211110153239  -671.0 -89.1 -182.6
20211110153240  -670.9 -89.1 -182.6
20211110153241  -670.9 -89.2 -182.5
20211110153242  -670.9 -89.4 -182.7
20211110153243  -671.1 -89.3 -182.7
20211110153244  -671.2 -89.5 -182.7
20211110153245  -671.2 -89.7 -182.5
20211110153246  -671.4 -89.5 -182.7
20211110153247  -671.2 -89.4 -182.6
20211110153248  -671.6 -89.6 -182.8
20211110153249  -671.6 -90.1 -182.7
20211110153250  -671.2 -89.8 -182.4
20211110153251  -670.7 -89.7 -182.1
20211110153252  -671.1 -89.4 -182.4
20211110153253  -671.3 -89.5 -182.5
20211110153254  -671.3 -89.6 -182.5
20211110153255  -671.2 -89.5 -182.7
20211110153256  -671.1 -89.1 -182.7
20211110153257  -671.1 -89.3 -182.6
20211110153258  -670.8 -89.3 -182.5
20211110153259  -670.9 -89.1 -182.4
20211110153300  -670.8 -89.2 -182.7
20211110153301  -670.9 -89.3 -182.7
20211110153302  -670.8 -89.4 -182.6
20211110153303  -670.6 -89.4 -182.8
20211110153304  -670.6 -89.3 -182.5
20211110153305  -670.8 -89.2 -182.5
20211110153306  -670.8 -89.3 -182.7
20211110153307  -670.7 -89.3 -182.7
20211110153308  -670.5 -89.4 -182.8
20211110153309  -670.4 -89.4 -182.9
20211110153310  -670.4 -89.4 -182.9
20211110153311  -670.6 -89.4 -182.9
20211110153312  -670.5 -89.5 -183.1
20211110153313  -670.7 -89.5 -183.1
20211110153314  -670.6 -89.5 -183.1
20211110153315  -670.7 -89.7 -183.0
20211110153316  -670.7 -89.5 -182.7
20211110153317  -670.7 -89.3 -182.8
20211110153318  -670.9 -89.5 -182.9
20211110153319  -670.9 -89.6 -182.9
20211110153320  -670.7 -89.4 -182.7
20211110153321  -670.0 -89.5 -182.4
20211110153322  -670.6 -89.4 -182.3
20211110153323  -670.7 -89.3 -182.5
20211110153324  -670.8 -89.4 -182.7
20211110153325  -671.2 -89.4 -182.5
20211110153326  -671.0 -89.5 -182.7
20211110153327  -671.1 -89.4 -182.8
20211110153328  -671.0 -89.2 -182.8
20211110153329  -670.8 -89.5 -182.7
20211110153330  -670.8 -89.5 -182.7
20211110153331  -670.9 -89.1 -182.8
20211110153332  -671.0 -89.3 -182.6
20211110153333  -670.9 -89.4 -182.8
20211110153334  -670.9 -89.7 -182.6
20211110153335  -671.0 -89.7 -182.5
20211110153336  -671.2 -89.5 -182.8
20211110153337  -671.0 -89.6 -182.8
20211110153338  -671.0 -89.8 -183.0
20211110153339  -671.0 -89.7 -183.1
20211110153340  -671.2 -89.5 -182.6
20211110153341  -670.8 -89.5 -182.8
20211110153342  -670.8 -89.3 -182.9
20211110153343  -670.8 -89.4 -183.0
20211110153344  -670.9 -89.1 -183.1
20211110153345  -670.8 -89.2 -183.2
20211110153346  -670.8 -89.3 -183.0
20211110153347  -671.0 -89.4 -183.2
20211110153348  -670.8 -89.6 -183.1
20211110153349  -670.8 -89.9 -183.1
20211110153350  -670.8 -89.9 -183.1
20211110153351  -669.9 -89.8 -182.5
20211110153352  -670.5 -90.0 -182.8
20211110153353  -670.7 -89.9 -182.9
20211110153354  -670.8 -89.9 -183.0
20211110153355  -670.6 -89.8 -183.1
20211110153356  -670.9 -89.7 -183.1
20211110153357  -670.6 -89.5 -183.3
20211110153358  -670.7 -89.7 -183.0
20211110153359  -670.5 -89.9 -183.1
20211110153400  -670.7 -89.5 -183.2
20211110153401  -670.4 -89.8 -183.0
20211110153402  -670.6 -90.0 -183.2
20211110153403  -670.5 -89.7 -183.2
20211110153404  -670.5 -89.4 -183.1
20211110153405  -670.5 -89.4 -183.0
20211110153406  -670.7 -89.5 -183.2
20211110153407  -670.6 -89.2 -183.1
20211110153408  -670.8 -89.5 -183.3
20211110153409  -670.6 -89.7 -183.3
20211110153410  -670.4 -89.4 -183.2
20211110153411  -670.3 -89.5 -183.2
20211110153412  -670.1 -89.5 -183.2
20211110153413  -670.2 -89.6 -183.3
20211110153414  -670.2 -89.6 -183.4
