20211101223450  -662.2 -87.0 -187.6
20211101223451  -662.4 -86.9 -187.5
20211101223452  -662.5 -87.0 -187.4
20211101223453  -662.8 -86.9 -187.7
20211101223454  -662.5 -86.7 -187.5
20211101223455  -662.9 -87.0 -187.7
20211101223456  -662.8 -86.9 -187.7
20211101223457  -662.7 -86.7 -187.7
20211101223458  -662.7 -86.8 -187.8
20211101223459  -662.8 -86.8 -187.6
20211101223500  -662.8 -86.7 -187.6
20211101223501  -662.8 -86.8 -187.7
20211101223502  -663.3 -86.7 -187.4
20211101223503  -663.1 -86.8 -187.5
20211101223504  -663.0 -87.0 -187.3
20211101223505  -662.3 -86.6 -186.6
20211101223506  -662.6 -86.7 -187.1
20211101223507  -662.6 -86.5 -186.9
20211101223508  -662.9 -86.9 -187.1
20211101223509  -662.9 -86.7 -187.1
20211101223510  -663.3 -86.7 -187.1
20211101223511  -663.3 -86.7 -187.0
20211101223512  -663.2 -86.5 -187.0
20211101223513  -663.3 -86.6 -187.5
20211101223514  -663.5 -86.5 -187.0
20211101223515  -663.2 -86.3 -187.2
20211101223516  -663.2 -86.4 -187.2
20211101223517  -663.4 -86.5 -187.3
20211101223518  -663.3 -86.3 -187.0
20211101223519  -663.2 -86.2 -187.1
20211101223520  -663.4 -86.2 -187.0
20211101223521  -663.2 -86.1 -186.8
20211101223522  -663.8 -86.3 -186.9
20211101223523  -663.8 -86.2 -187.0
20211101223524  -663.4 -86.1 -186.8
20211101223525  -663.4 -86.2 -186.8
20211101223526  -663.5 -86.3 -187.1
20211101223527  -663.8 -86.1 -186.9
20211101223528  -663.9 -86.1 -187.1
20211101223529  -663.8 -86.2 -187.0
20211101223530  -663.7 -86.3 -186.9
20211101223531  -663.8 -86.1 -186.7
20211101223532  -663.8 -86.2 -186.9
20211101223533  -664.0 -85.9 -187.1
20211101223534  -663.8 -85.9 -187.2
20211101223535  -662.9 -86.0 -186.5
20211101223536  -663.4 -85.9 -186.7
20211101223537  -663.5 -85.7 -187.3
20211101223538  -663.4 -85.8 -186.9
20211101223539  -663.5 -85.9 -186.8
20211101223540  -663.5 -85.8 -187.1
20211101223541  -663.4 -85.7 -187.0
20211101223542  -663.4 -85.6 -187.2
20211101223543  -663.6 -85.9 -187.2
20211101223544  -663.3 -85.9 -187.0
20211101223545  -663.5 -85.9 -187.3
20211101223546  -663.6 -86.0 -187.3
20211101223547  -663.8 -86.0 -187.0
20211101223548  -663.6 -85.6 -187.3
20211101223549  -663.6 -85.6 -187.2
20211101223550  -663.7 -85.6 -187.0
20211101223551  -663.9 -85.7 -187.4
20211101223552  -663.8 -85.9 -187.5
20211101223553  -663.7 -85.7 -187.6
20211101223554  -663.8 -85.7 -187.3
20211101223555  -663.7 -85.9 -187.5
20211101223556  -663.6 -85.7 -187.5
20211101223557  -663.8 -85.6 -187.6
20211101223558  -663.6 -85.3 -187.5
20211101223559  -663.8 -85.6 -187.5
20211101223600  -663.9 -85.4 -187.5
20211101223601  -664.1 -85.4 -187.6
20211101223602  -663.9 -85.4 -187.9
20211101223603  -664.0 -85.5 -187.9
20211101223604  -664.1 -85.7 -188.2
20211101223605  -664.0 -85.7 -187.8
20211101223606  -663.8 -85.6 -187.9
20211101223607  -664.0 -85.5 -188.2
20211101223608  -663.9 -85.6 -188.3
20211101223609  -663.9 -85.7 -188.4
20211101223610  -663.6 -85.6 -188.3
20211101223611  -663.7 -85.6 -188.1
20211101223612  -663.8 -85.5 -188.0
20211101223613  -663.9 -85.6 -188.4
20211101223614  -663.8 -85.6 -188.4
20211101223615  -664.2 -85.8 -188.1
20211101223616  -664.1 -85.7 -188.5
20211101223617  -664.2 -85.5 -188.4
20211101223618  -664.3 -85.5 -188.2
20211101223619  -664.2 -85.7 -188.2
20211101223620  -664.2 -85.6 -188.1
20211101223621  -663.9 -85.6 -188.4
20211101223622  -664.2 -85.7 -188.3
20211101223623  -664.2 -85.7 -188.5
20211101223624  -664.2 -85.7 -188.4
20211101223625  -664.3 -85.9 -188.5
20211101223626  -663.8 -85.5 -188.7
20211101223627  -664.1 -85.7 -188.8
20211101223628  -664.1 -85.5 -188.4
20211101223629  -664.2 -85.5 -188.5
20211101223630  -664.4 -85.4 -188.6
20211101223631  -664.2 -85.5 -188.6
20211101223632  -664.6 -85.5 -188.8
20211101223633  -664.3 -85.7 -188.7
20211101223634  -664.2 -85.5 -189.0
20211101223635  -664.0 -85.7 -188.7
20211101223636  -663.8 -85.2 -188.4
20211101223637  -664.2 -85.4 -189.0
20211101223638  -664.0 -85.3 -188.8
20211101223639  -664.3 -85.3 -188.5
20211101223640  -664.0 -85.4 -188.6
20211101223641  -663.7 -85.6 -188.6
20211101223642  -663.7 -85.7 -188.7
20211101223643  -664.0 -85.7 -188.8
20211101223644  -664.1 -85.5 -188.9
20211101223645  -664.1 -85.5 -188.7
20211101223646  -663.7 -85.3 -188.8
20211101223647  -663.8 -85.6 -189.0
20211101223648  -664.1 -85.6 -188.9
20211101223649  -663.9 -85.5 -188.9
20211101223650  -663.8 -85.7 -188.9
20211101223651  -663.8 -85.8 -189.3
20211101223652  -664.1 -85.5 -188.9
20211101223653  -663.9 -85.5 -189.0
20211101223654  -664.0 -85.5 -189.0
20211101223655  -664.2 -85.5 -189.0
20211101223656  -664.0 -85.3 -189.2
20211101223657  -663.9 -85.6 -189.0
20211101223658  -664.0 -85.1 -189.4
20211101223659  -664.3 -85.3 -189.3
20211101223700  -664.1 -85.2 -189.2
20211101223701  -664.1 -85.4 -189.4
20211101223702  -663.9 -85.5 -189.5
20211101223703  -663.8 -85.4 -189.8
20211101223704  -663.9 -85.4 -189.7
20211101223705  -663.7 -85.3 -189.8
20211101223706  -663.0 -85.1 -189.4
20211101223707  -663.8 -85.2 -189.9
20211101223708  -663.9 -85.4 -189.8
20211101223709  -663.7 -85.5 -189.7
20211101223710  -664.0 -85.6 -190.1
20211101223711  -663.9 -85.2 -190.0
20211101223712  -663.9 -85.3 -190.0
20211101223713  -663.9 -85.5 -190.1
20211101223714  -663.7 -85.5 -190.0
20211101223715  -663.6 -85.6 -190.2
20211101223716  -663.7 -85.6 -190.1
20211101223717  -663.1 -85.3 -189.6
20211101223718  -663.4 -85.4 -189.9
20211101223719  -663.2 -85.2 -189.9
20211101223720  -663.2 -85.5 -189.9
20211101223721  -663.3 -85.3 -190.1
20211101223722  -663.5 -85.3 -190.0
20211101223723  -663.4 -85.4 -190.1
20211101223724  -663.3 -85.4 -190.2
20211101223725  -663.3 -85.4 -190.4
20211101223726  -663.3 -85.5 -190.4
20211101223727  -663.1 -85.9 -190.6
20211101223728  -662.9 -85.7 -190.6
20211101223729  -663.0 -85.7 -190.9
20211101223730  -663.3 -85.5 -190.9
20211101223731  -663.0 -85.6 -190.7
20211101223732  -663.3 -85.4 -190.8
20211101223733  -663.4 -85.4 -190.9
20211101223734  -663.1 -85.4 -190.8
20211101223735  -663.1 -85.5 -190.9
20211101223736  -662.6 -85.5 -190.7
20211101223737  -663.0 -85.4 -190.8
20211101223738  -663.1 -85.6 -190.9
20211101223739  -663.2 -85.5 -191.1
20211101223740  -663.2 -85.7 -191.4
20211101223741  -663.0 -85.6 -191.3
20211101223742  -663.2 -85.6 -191.1
20211101223743  -663.1 -85.5 -191.4
20211101223744  -663.2 -85.3 -191.2
20211101223745  -663.0 -85.3 -191.3
20211101223746  -663.1 -85.4 -191.0
20211101223747  -663.1 -85.4 -191.3
20211101223748  -662.9 -85.8 -191.5
20211101223749  -663.0 -85.7 -191.7
20211101223750  -663.5 -85.8 -191.7
20211101223751  -663.1 -85.6 -191.6
20211101223752  -663.0 -85.8 -191.7
20211101223753  -663.0 -85.8 -191.8
20211101223754  -663.1 -85.7 -191.7
20211101223755  -663.2 -85.8 -192.0
20211101223756  -663.1 -85.6 -191.9
20211101223757  -663.5 -85.9 -191.8
20211101223758  -663.4 -86.0 -192.2
20211101223759  -663.7 -86.2 -192.1
20211101223800  -663.6 -86.3 -192.2
20211101223801  -663.6 -86.0 -192.4
20211101223802  -663.4 -85.9 -192.1
20211101223803  -663.2 -85.9 -192.4
20211101223804  -663.4 -85.7 -192.5
20211101223805  -663.2 -85.7 -192.7
20211101223806  -663.1 -85.9 -192.6
20211101223807  -663.3 -86.3 -192.9
20211101223808  -663.3 -86.2 -193.1
20211101223809  -663.5 -86.2 -193.0
20211101223810  -663.7 -86.2 -192.8
20211101223811  -663.5 -86.0 -193.2
20211101223812  -663.4 -86.1 -193.2
20211101223813  -663.3 -86.1 -193.4
20211101223814  -663.7 -86.3 -193.5
20211101223815  -663.8 -86.2 -193.5
20211101223816  -663.6 -86.3 -193.4
20211101223817  -663.4 -86.4 -193.5
20211101223818  -663.4 -86.5 -193.3
20211101223819  -663.5 -86.2 -193.4
20211101223820  -663.3 -86.2 -193.6
20211101223821  -662.9 -86.6 -193.6
20211101223822  -663.1 -86.3 -193.4
20211101223823  -663.2 -86.5 -193.6
20211101223824  -663.3 -86.4 -193.7
20211101223825  -663.4 -86.6 -193.5
20211101223826  -663.7 -86.8 -193.6
