20211104000000  -734.8 -37.3 -168.2
20211104000001  -734.7 -37.2 -167.7
20211104000002  -734.5 -37.6 -167.3
20211104000003  -734.1 -37.4 -166.8
20211104000004  -734.0 -37.6 -166.9
20211104000005  -733.4 -37.8 -166.5
20211104000006  -733.6 -38.1 -166.4
20211104000007  -733.7 -38.3 -166.1
20211104000008  -733.5 -38.0 -165.8
20211104000009  -733.3 -38.4 -165.5
20211104000010  -733.1 -38.4 -165.1
20211104000011  -733.3 -38.7 -164.8
20211104000012  -732.8 -38.2 -164.3
20211104000013  -733.0 -38.0 -163.9
20211104000014  -732.8 -37.9 -163.8
20211104000015  -733.1 -38.2 -163.8
20211104000016  -733.1 -38.3 -163.6
20211104000017  -733.3 -38.7 -163.3
20211104000018  -733.6 -39.0 -163.0
20211104000019  -733.4 -39.3 -163.1
20211104000020  -733.4 -39.7 -162.9
20211104000021  -733.0 -39.8 -162.6
20211104000022  -732.9 -39.9 -162.0
20211104000023  -732.8 -39.9 -161.5
20211104000024  -732.6 -40.2 -161.3
20211104000025  -732.2 -40.0 -161.0
20211104000026  -731.9 -40.3 -160.6
20211104000027  -731.7 -40.3 -160.0
20211104000028  -731.2 -40.5 -159.2
20211104000029  -731.0 -40.9 -158.9
20211104000030  -730.6 -41.0 -158.5
20211104000031  -730.6 -40.9 -158.5
20211104000032  -730.4 -41.2 -158.4
20211104000033  -730.4 -41.6 -158.5
20211104000034  -730.4 -41.9 -158.4
20211104000035  -730.0 -41.9 -158.3
20211104000036  -729.6 -42.0 -157.8
20211104000037  -729.0 -42.2 -157.5
20211104000038  -728.6 -42.6 -157.1
20211104000039  -728.2 -43.0 -157.0
20211104000040  -728.0 -43.6 -156.9
20211104000041  -727.5 -43.9 -156.4
20211104000042  -726.8 -43.8 -155.5
20211104000043  -726.1 -44.2 -154.9
20211104000044  -725.8 -44.0 -154.4
20211104000045  -725.0 -44.0 -154.4
20211104000046  -724.7 -43.9 -154.0
20211104000047  -724.4 -44.1 -154.4
20211104000048  -724.4 -44.3 -154.3
20211104000049  -724.0 -44.3 -154.1
20211104000050  -723.8 -44.2 -153.9
20211104000051  -723.9 -44.8 -153.9
20211104000052  -723.5 -44.6 -153.7
20211104000053  -723.4 -44.5 -153.7
20211104000054  -723.3 -44.5 -153.3
20211104000055  -723.0 -44.6 -153.0
20211104000056  -722.7 -44.8 -152.8
20211104000057  -722.6 -45.0 -152.5
20211104000058  -722.3 -45.2 -152.1
20211104000059  -722.0 -45.1 -151.8
20211104000100  -721.6 -45.1 -151.5
20211104000101  -721.1 -45.2 -151.1
20211104000102  -720.6 -45.4 -150.6
20211104000103  -720.7 -45.3 -150.2
20211104000104  -720.2 -45.2 -149.9
20211104000105  -720.0 -45.2 -149.7
20211104000106  -719.9 -45.3 -149.5
20211104000107  -719.7 -45.7 -149.4
20211104000108  -719.9 -45.9 -149.4
20211104000109  -719.6 -46.1 -149.3
20211104000110  -719.6 -46.2 -149.3
20211104000111  -719.5 -46.4 -149.2
20211104000112  -719.9 -47.0 -149.4
20211104000113  -719.6 -47.0 -149.1
20211104000114  -719.7 -47.6 -149.0
20211104000115  -719.2 -47.7 -148.9
20211104000116  -719.3 -48.0 -149.1
20211104000117  -719.2 -48.4 -148.4
20211104000118  -719.3 -48.3 -148.7
20211104000119  -719.3 -48.2 -148.1
20211104000120  -719.3 -48.5 -147.8
20211104000121  -719.7 -48.3 -147.7
20211104000122  -719.9 -48.1 -147.6
20211104000123  -720.0 -48.6 -147.6
20211104000124  -720.3 -48.5 -147.4
20211104000125  -720.4 -48.6 -147.2
20211104000126  -720.8 -48.8 -147.2
20211104000127  -721.1 -48.5 -147.1
20211104000128  -721.5 -48.5 -146.9
20211104000129  -721.7 -48.4 -146.7
20211104000130  -722.1 -48.3 -146.7
20211104000131  -722.6 -48.5 -146.6
20211104000132  -722.8 -48.7 -146.3
20211104000133  -722.9 -48.8 -146.3
20211104000134  -723.1 -49.0 -146.5
20211104000135  -723.5 -49.1 -146.4
20211104000136  -723.8 -49.2 -146.5
20211104000137  -723.9 -49.6 -146.3
20211104000138  -724.3 -49.6 -146.4
20211104000139  -724.5 -50.2 -146.0
20211104000140  -724.9 -50.4 -145.8
20211104000141  -725.3 -50.8 -145.8
20211104000142  -725.8 -50.9 -145.3
20211104000143  -726.2 -51.2 -145.0
20211104000144  -726.6 -51.4 -144.9
20211104000145  -726.9 -51.0 -144.5
20211104000146  -727.1 -51.2 -144.0
20211104000147  -727.5 -51.1 -143.3
20211104000148  -727.6 -51.1 -142.8
20211104000149  -728.2 -50.9 -142.3
20211104000150  -728.5 -50.7 -141.9
20211104000151  -729.1 -50.9 -142.0
20211104000152  -729.4 -50.4 -141.5
20211104000153  -729.9 -49.7 -141.0
20211104000154  -730.7 -49.1 -141.5
20211104000155  -731.2 -49.0 -141.7
20211104000156  -731.8 -49.1 -141.4
20211104000157  -732.2 -49.6 -141.4
20211104000158  -732.4 -49.7 -141.3
20211104000159  -732.8 -50.2 -140.9
20211104000200  -733.4 -50.8 -141.2
20211104000201  -733.8 -50.7 -141.1
20211104000202  -734.2 -50.9 -140.7
20211104000203  -734.6 -51.0 -140.5
20211104000204  -734.9 -51.2 -140.3
20211104000205  -735.3 -51.6 -140.3
20211104000206  -735.6 -51.9 -140.2
20211104000207  -736.1 -52.1 -139.8
20211104000208  -736.4 -52.1 -139.4
20211104000209  -736.9 -52.2 -139.1
20211104000210  -737.3 -52.7 -138.6
20211104000211  -737.2 -52.7 -138.5
20211104000212  -737.8 -52.8 -138.3
20211104000213  -738.1 -52.7 -138.0
20211104000214  -738.5 -52.7 -137.7
20211104000215  -738.5 -52.4 -137.3
20211104000216  -738.9 -52.1 -137.1
20211104000217  -738.3 -52.0 -136.4
20211104000218  -738.4 -51.6 -136.1
20211104000219  -738.6 -51.6 -136.0
20211104000220  -738.9 -51.5 -135.8
20211104000221  -739.2 -51.7 -135.9
20211104000222  -739.4 -52.0 -135.9
20211104000223  -739.2 -52.2 -135.5
20211104000224  -739.1 -52.2 -135.4
20211104000225  -739.0 -52.2 -135.1
20211104000226  -738.7 -52.2 -134.8
20211104000227  -738.3 -52.3 -134.8
20211104000228  -737.9 -52.4 -134.8
20211104000229  -737.8 -52.7 -134.8
20211104000230  -737.6 -52.7 -135.1
20211104000231  -737.6 -52.7 -135.3
20211104000232  -737.6 -53.1 -135.2
20211104000233  -737.4 -53.2 -135.2
20211104000234  -737.1 -53.3 -135.4
20211104000235  -737.1 -53.3 -135.1
20211104000236  -736.8 -53.1 -135.1
20211104000237  -736.8 -53.5 -135.4
20211104000238  -736.5 -53.6 -135.4
20211104000239  -736.5 -53.8 -135.6
20211104000240  -736.6 -53.9 -135.9
20211104000241  -736.6 -53.8 -135.5
20211104000242  -736.3 -53.5 -135.2
20211104000243  -736.1 -53.4 -135.0
20211104000244  -736.2 -53.2 -135.1
20211104000245  -736.1 -52.6 -135.2
20211104000246  -736.3 -52.4 -135.1
20211104000247  -736.2 -52.8 -135.4
20211104000248  -735.8 -52.5 -135.2
20211104000249  -736.2 -52.6 -135.6
20211104000250  -736.4 -52.6 -136.0
20211104000251  -736.2 -52.5 -135.9
20211104000252  -736.5 -52.9 -136.2
20211104000253  -736.8 -52.8 -136.9
20211104000254  -737.3 -52.6 -136.7
20211104000255  -737.7 -52.3 -137.1
20211104000256  -737.9 -52.0 -137.1
20211104000257  -738.5 -52.0 -137.2
20211104000258  -738.8 -51.9 -137.4
20211104000259  -738.7 -52.1 -137.5
20211104000300  -739.0 -52.1 -137.2
20211104000301  -739.0 -52.0 -136.7
20211104000302  -739.2 -51.9 -137.1
20211104000303  -739.3 -51.7 -137.2
20211104000304  -739.1 -51.7 -137.4
20211104000305  -738.8 -51.4 -137.4
20211104000306  -738.8 -51.5 -137.3
20211104000307  -738.4 -51.7 -137.5
20211104000308  -738.0 -51.6 -137.2
20211104000309  -738.1 -51.7 -137.4
20211104000310  -738.0 -51.7 -137.7
20211104000311  -737.7 -52.0 -137.7
20211104000312  -737.3 -51.9 -137.6
20211104000313  -737.0 -51.6 -137.5
20211104000314  -736.7 -52.0 -138.0
20211104000315  -736.6 -52.0 -138.1
20211104000316  -736.8 -52.0 -138.5
20211104000317  -736.8 -51.8 -138.7
20211104000318  -736.3 -51.8 -138.4
20211104000319  -736.5 -52.1 -138.7
20211104000320  -736.4 -52.0 -139.1
20211104000321  -736.1 -52.1 -139.2
20211104000322  -736.0 -52.0 -139.5
20211104000323  -736.1 -51.9 -139.6
20211104000324  -736.0 -51.4 -139.8
20211104000325  -736.1 -51.3 -139.9
20211104000326  -736.2 -51.2 -139.9
20211104000327  -736.4 -51.5 -140.2
20211104000328  -736.4 -51.0 -140.1
20211104000329  -736.4 -51.0 -140.5
20211104000330  -736.4 -50.7 -140.6
20211104000331  -736.7 -50.4 -140.7
20211104000332  -736.9 -50.2 -141.3
20211104000333  -737.2 -50.2 -141.4
20211104000334  -737.4 -50.5 -141.8
20211104000335  -737.5 -50.2 -141.7
20211104000336  -737.9 -50.2 -141.8
20211104000337  -738.0 -50.2 -141.9
20211104000338  -738.5 -49.9 -142.3
20211104000339  -738.7 -49.9 -142.6
20211104000340  -738.6 -49.8 -142.8
20211104000341  -739.1 -50.2 -143.1
20211104000342  -739.5 -50.2 -143.2
20211104000343  -740.2 -50.3 -143.3
20211104000344  -740.5 -49.9 -143.5
20211104000345  -740.7 -50.1 -143.7
20211104000346  -741.1 -50.3 -143.8
20211104000347  -741.3 -50.3 -143.9
20211104000348  -741.3 -50.5 -143.9
20211104000349  -741.7 -50.6 -144.4
20211104000350  -741.8 -50.7 -144.2
20211104000351  -742.0 -50.5 -144.6
20211104000352  -742.2 -50.3 -144.7
20211104000353  -742.7 -50.2 -144.8
20211104000354  -743.3 -49.9 -144.7
20211104000355  -743.2 -50.1 -144.9
20211104000356  -743.3 -50.0 -145.2
20211104000357  -743.6 -50.1 -145.0
20211104000358  -743.9 -50.0 -145.3
20211104000359  -744.3 -49.8 -145.5
20211104000400  -744.3 -50.1 -145.7
20211104000401  -744.6 -50.1 -146.1
20211104000402  -744.8 -50.1 -146.3
20211104000403  -745.0 -50.2 -146.4
20211104000404  -745.1 -50.3 -146.4
20211104000405  -745.4 -50.1 -146.6
20211104000406  -745.7 -50.4 -146.6
20211104000407  -745.9 -50.2 -146.5
20211104000408  -745.9 -50.2 -146.2
20211104000409  -746.0 -50.4 -146.7
20211104000410  -746.5 -50.3 -146.9
20211104000411  -746.8 -50.2 -147.3
20211104000412  -747.1 -50.0 -147.3
20211104000413  -747.3 -50.1 -147.7
20211104000414  -747.8 -49.7 -147.8
20211104000415  -748.2 -49.5 -148.1
20211104000416  -748.3 -49.3 -148.0
20211104000417  -749.1 -49.3 -148.5
20211104000418  -749.3 -49.0 -148.5
20211104000419  -748.7 -49.0 -148.0
