20211110155835  -673.0 -89.7 -183.1
20211110155836  -672.9 -89.9 -183.0
20211110155837  -673.0 -89.7 -183.1
20211110155838  -672.8 -89.6 -183.1
20211110155839  -672.8 -89.3 -183.2
20211110155840  -672.9 -89.5 -183.3
20211110155841  -672.7 -89.3 -183.4
20211110155842  -672.8 -89.4 -183.4
20211110155843  -672.8 -89.5 -183.4
20211110155844  -672.7 -89.3 -183.2
20211110155845  -672.5 -89.2 -183.3
20211110155846  -672.4 -89.3 -183.2
20211110155847  -672.5 -89.4 -183.0
20211110155848  -672.4 -89.3 -183.4
20211110155849  -672.7 -89.2 -183.2
20211110155850  -672.6 -89.5 -183.2
20211110155851  -672.5 -89.6 -183.1
20211110155852  -672.6 -89.5 -183.1
20211110155853  -672.6 -89.2 -183.0
20211110155854  -672.7 -89.3 -183.1
20211110155855  -673.0 -89.4 -183.0
20211110155856  -672.7 -89.6 -183.4
20211110155857  -672.7 -89.5 -183.3
20211110155858  -672.7 -89.5 -183.3
20211110155859  -672.5 -89.5 -183.3
20211110155900  -672.0 -89.6 -182.9
20211110155901  -671.6 -89.4 -182.4
20211110155902  -671.7 -89.2 -182.9
20211110155903  -672.1 -89.4 -183.2
20211110155904  -672.3 -89.5 -183.1
20211110155905  -672.5 -89.2 -182.9
20211110155906  -672.5 -89.0 -182.9
20211110155907  -672.5 -89.2 -183.0
20211110155908  -672.3 -89.3 -183.2
20211110155909  -672.1 -89.2 -182.8
20211110155910  -672.3 -89.2 -182.8
20211110155911  -672.4 -89.1 -182.9
20211110155912  -672.2 -89.1 -183.0
20211110155913  -672.3 -89.1 -182.6
20211110155914  -672.5 -89.2 -182.9
20211110155915  -672.6 -89.1 -183.0
20211110155916  -672.4 -89.0 -183.0
20211110155917  -672.4 -89.1 -182.9
20211110155918  -672.4 -89.2 -183.2
20211110155919  -672.4 -89.3 -182.9
20211110155920  -672.2 -89.3 -183.2
20211110155921  -672.1 -89.0 -183.2
20211110155922  -672.0 -88.9 -183.1
20211110155923  -671.8 -89.0 -183.0
20211110155924  -672.0 -89.1 -183.2
20211110155925  -672.1 -89.2 -183.0
20211110155926  -672.0 -88.9 -183.2
20211110155927  -672.0 -88.7 -183.1
20211110155928  -672.0 -88.9 -183.1
20211110155929  -672.1 -89.2 -183.0
20211110155930  -671.2 -89.3 -182.3
20211110155931  -671.0 -89.0 -182.2
20211110155932  -670.6 -89.0 -182.1
20211110155933  -671.2 -88.5 -183.0
20211110155934  -671.6 -88.8 -182.9
20211110155935  -671.9 -88.7 -182.9
20211110155936  -671.7 -88.9 -182.9
20211110155937  -671.7 -88.9 -183.1
20211110155938  -671.8 -89.3 -183.0
20211110155939  -672.1 -89.2 -183.3
20211110155940  -672.1 -89.3 -183.0
20211110155941  -672.1 -89.4 -183.3
20211110155942  -672.0 -89.4 -183.3
20211110155943  -672.0 -89.2 -183.1
20211110155944  -671.8 -89.3 -183.2
20211110155945  -671.9 -89.3 -183.1
20211110155946  -671.6 -89.3 -183.0
20211110155947  -672.0 -89.4 -183.0
20211110155948  -671.7 -89.2 -183.1
20211110155949  -671.6 -89.3 -183.2
20211110155950  -671.7 -89.2 -183.3
20211110155951  -671.5 -89.2 -183.2
20211110155952  -671.8 -89.1 -183.0
20211110155953  -671.6 -88.9 -183.5
20211110155954  -671.5 -88.9 -183.4
20211110155955  -671.5 -89.1 -183.5
20211110155956  -671.7 -89.3 -183.4
20211110155957  -671.7 -89.4 -183.3
20211110155958  -671.6 -89.1 -183.2
20211110155959  -671.5 -88.9 -183.5
20211110160000  -670.7 -89.0 -183.2
20211110160001  -670.4 -88.9 -182.5
20211110160002  -670.2 -88.7 -182.3
20211110160003  -671.1 -88.7 -182.9
20211110160004  -671.0 -88.8 -183.0
20211110160005  -671.2 -88.9 -183.0
20211110160006  -671.2 -89.1 -183.1
20211110160007  -671.5 -89.0 -183.1
20211110160008  -671.0 -88.7 -183.2
20211110160009  -671.3 -88.6 -183.2
20211110160010  -671.4 -88.8 -183.4
20211110160011  -671.1 -88.7 -183.1
20211110160012  -671.1 -88.4 -183.0
20211110160013  -671.1 -88.6 -183.2
20211110160014  -671.1 -88.5 -183.1
20211110160015  -671.1 -88.4 -183.2
20211110160016  -671.1 -88.1 -183.4
20211110160017  -671.2 -88.5 -183.2
20211110160018  -671.3 -88.4 -182.9
20211110160019  -671.1 -88.5 -183.0
20211110160020  -671.0 -88.3 -183.1
20211110160021  -671.0 -88.5 -183.3
20211110160022  -671.1 -88.7 -183.3
20211110160023  -670.9 -88.4 -183.2
20211110160024  -670.9 -88.2 -183.3
20211110160025  -670.7 -88.6 -183.4
20211110160026  -671.1 -88.6 -183.4
20211110160027  -671.0 -88.7 -183.4
20211110160028  -671.1 -88.8 -183.6
20211110160029  -670.9 -88.6 -183.2
20211110160030  -670.7 -88.6 -183.1
20211110160031  -669.9 -88.5 -182.7
20211110160032  -670.1 -88.4 -182.8
20211110160033  -670.7 -88.6 -183.4
20211110160034  -670.8 -88.8 -183.2
20211110160035  -670.8 -88.4 -183.4
20211110160036  -670.9 -88.6 -183.4
20211110160037  -670.9 -88.5 -183.2
20211110160038  -670.7 -88.5 -183.4
20211110160039  -670.7 -88.6 -183.4
20211110160040  -671.0 -88.4 -183.3
20211110160041  -671.0 -88.5 -183.3
20211110160042  -671.1 -88.5 -183.4
20211110160043  -671.1 -88.5 -183.8
20211110160044  -670.9 -88.5 -183.6
20211110160045  -671.3 -88.6 -183.5
20211110160046  -671.1 -88.8 -183.5
20211110160047  -671.2 -88.6 -183.3
20211110160048  -670.9 -88.5 -183.3
20211110160049  -671.1 -88.4 -183.3
20211110160050  -671.1 -88.5 -183.4
20211110160051  -671.1 -88.1 -183.6
20211110160052  -671.1 -88.3 -183.5
20211110160053  -671.1 -88.1 -183.4
20211110160054  -671.0 -88.4 -183.2
20211110160055  -670.7 -88.5 -183.3
20211110160056  -671.1 -88.5 -183.3
20211110160057  -671.0 -88.5 -183.4
20211110160058  -670.8 -88.4 -183.4
20211110160059  -670.6 -88.5 -183.2
20211110160100  -670.6 -88.6 -183.2
20211110160101  -670.2 -88.7 -182.7
20211110160102  -670.4 -88.6 -182.5
20211110160103  -670.6 -88.4 -183.0
20211110160104  -670.6 -88.4 -182.8
20211110160105  -670.6 -88.6 -183.1
20211110160106  -670.7 -88.6 -182.9
20211110160107  -670.7 -88.4 -182.8
20211110160108  -670.5 -88.6 -182.7
20211110160109  -671.3 -88.2 -182.9
20211110160110  -670.7 -88.6 -182.9
20211110160111  -670.4 -88.6 -182.7
20211110160112  -670.5 -88.3 -182.8
20211110160113  -670.2 -88.2 -182.9
20211110160114  -670.5 -88.5 -183.0
20211110160115  -670.6 -88.7 -183.1
20211110160116  -670.3 -88.7 -182.9
20211110160117  -670.4 -88.6 -182.8
20211110160118  -670.5 -88.6 -182.9
20211110160119  -670.3 -88.3 -183.0
20211110160120  -670.4 -88.3 -183.0
20211110160121  -670.3 -88.3 -183.0
20211110160122  -670.3 -88.4 -183.1
20211110160123  -670.1 -88.0 -183.0
20211110160124  -670.3 -88.1 -183.2
20211110160125  -670.3 -88.3 -183.0
20211110160126  -670.1 -88.2 -182.9
20211110160127  -670.2 -87.9 -183.2
20211110160128  -670.3 -88.1 -183.4
20211110160129  -670.0 -88.1 -183.3
20211110160130  -670.5 -88.2 -183.3
20211110160131  -669.8 -88.5 -182.9
20211110160132  -669.7 -88.1 -182.4
20211110160133  -670.1 -88.2 -183.2
20211110160134  -670.2 -88.1 -183.4
20211110160135  -669.9 -88.0 -183.2
20211110160136  -670.1 -87.8 -183.1
20211110160137  -670.1 -88.1 -183.2
20211110160138  -670.2 -87.8 -183.2
20211110160139  -670.2 -87.8 -183.2
20211110160140  -670.1 -87.6 -183.3
20211110160141  -670.2 -87.8 -183.0
20211110160142  -670.2 -88.0 -183.3
20211110160143  -670.0 -88.0 -183.3
20211110160144  -670.0 -87.6 -183.2
20211110160145  -670.3 -87.6 -183.0
20211110160146  -670.1 -87.7 -183.0
20211110160147  -670.3 -87.6 -183.0
20211110160148  -670.3 -87.5 -183.2
20211110160149  -670.3 -87.4 -183.3
20211110160150  -670.4 -87.6 -183.2
20211110160151  -670.4 -87.6 -183.1
20211110160152  -670.2 -87.5 -182.8
20211110160153  -670.4 -87.7 -183.2
20211110160154  -670.3 -87.7 -183.2
20211110160155  -670.3 -87.6 -183.0
20211110160156  -670.5 -87.7 -183.2
20211110160157  -670.2 -87.5 -183.1
20211110160158  -670.2 -87.5 -183.1
20211110160159  -670.3 -87.6 -183.2
20211110160200  -670.0 -87.8 -183.0
20211110160201  -669.7 -87.8 -183.0
20211110160202  -669.4 -87.7 -182.8
20211110160203  -669.9 -87.9 -183.0
20211110160204  -669.8 -87.8 -183.0
20211110160205  -670.0 -87.4 -183.1
20211110160206  -669.8 -87.6 -183.2
20211110160207  -669.7 -87.8 -183.3
20211110160208  -670.0 -87.6 -183.2
20211110160209  -669.9 -87.6 -183.2
20211110160210  -669.5 -87.4 -183.5
20211110160211  -669.3 -87.5 -183.3
20211110160212  -669.6 -87.6 -183.4
20211110160213  -669.6 -87.5 -183.3
20211110160214  -669.7 -87.8 -183.1
20211110160215  -669.6 -87.5 -183.4
20211110160216  -669.4 -87.3 -183.3
20211110160217  -669.4 -87.3 -183.1
20211110160218  -669.5 -87.3 -183.4
20211110160219  -669.5 -87.3 -183.6
20211110160220  -669.6 -87.4 -183.3
20211110160221  -669.7 -87.3 -183.3
20211110160222  -669.7 -87.3 -183.6
20211110160223  -669.8 -87.2 -183.5
20211110160224  -669.7 -86.9 -183.5
20211110160225  -669.8 -87.3 -183.6
20211110160226  -670.0 -86.9 -183.5
20211110160227  -669.7 -87.3 -183.5
20211110160228  -669.6 -87.1 -183.5
20211110160229  -669.6 -87.0 -183.7
20211110160230  -669.7 -87.0 -183.7
20211110160231  -669.6 -87.4 -183.7
20211110160232  -669.5 -87.2 -183.4
20211110160233  -669.6 -87.5 -183.4
20211110160234  -669.5 -87.7 -183.7
20211110160235  -669.8 -87.6 -183.5
20211110160236  -669.4 -87.5 -183.5
20211110160237  -669.6 -87.4 -183.4
20211110160238  -669.5 -87.4 -183.3
20211110160239  -669.5 -87.5 -183.6
20211110160240  -669.4 -87.5 -183.6
20211110160241  -669.7 -87.7 -183.6
20211110160242  -670.0 -87.4 -183.3
20211110160243  -669.8 -87.7 -183.5
20211110160244  -669.6 -88.0 -183.5
20211110160245  -669.5 -88.0 -183.6
20211110160246  -669.7 -87.7 -183.5
20211110160247  -669.9 -87.7 -183.6
20211110160248  -670.3 -87.7 -183.7
20211110160249  -670.2 -87.6 -183.7
20211110160250  -670.2 -87.6 -184.0
20211110160251  -670.1 -87.5 -183.9
20211110160252  -670.3 -87.4 -183.7
20211110160253  -670.3 -87.7 -183.5
20211110160254  -670.2 -87.8 -183.7
20211110160255  -670.1 -87.7 -183.9
20211110160256  -670.5 -87.9 -183.6
20211110160257  -670.1 -87.6 -183.7
20211110160258  -670.2 -87.7 -183.6
20211110160259  -670.3 -87.8 -183.9
20211110160300  -670.0 -87.7 -184.0
20211110160301  -670.3 -87.7 -184.0
20211110160302  -669.6 -87.8 -183.3
20211110160303  -670.1 -87.4 -183.3
20211110160304  -669.9 -87.4 -183.5
20211110160305  -670.1 -87.6 -183.4
20211110160306  -670.1 -87.6 -183.7
20211110160307  -670.1 -87.8 -183.7
20211110160308  -670.0 -87.8 -183.9
20211110160309  -670.0 -87.7 -183.6
20211110160310  -670.3 -87.7 -183.6
20211110160311  -670.3 -87.8 -183.7
20211110160312  -670.5 -87.6 -183.6
20211110160313  -670.3 -87.6 -183.4
20211110160314  -670.4 -87.5 -183.6
20211110160315  -670.3 -87.6 -183.7
20211110160316  -670.3 -87.4 -183.4
20211110160317  -670.1 -87.2 -183.4
20211110160318  -670.1 -87.1 -183.3
20211110160319  -669.8 -87.4 -183.3
20211110160320  -670.1 -87.5 -183.3
20211110160321  -670.3 -87.1 -183.5
20211110160322  -670.1 -87.2 -183.7
20211110160323  -670.2 -86.9 -183.6
20211110160324  -670.3 -87.1 -183.8
20211110160325  -670.3 -87.0 -183.6
20211110160326  -670.1 -87.0 -183.9
20211110160327  -670.3 -87.1 -183.9
20211110160328  -670.0 -87.1 -183.7
20211110160329  -670.5 -87.2 -183.6
20211110160330  -670.1 -87.1 -183.4
20211110160331  -670.3 -87.2 -183.3
20211110160332  -670.0 -87.2 -183.5
20211110160333  -669.5 -87.3 -182.9
20211110160334  -669.9 -87.3 -183.4
20211110160335  -670.1 -87.1 -183.4
20211110160336  -669.9 -87.1 -183.3
20211110160337  -670.0 -86.9 -183.3
20211110160338  -670.0 -86.8 -183.4
20211110160339  -669.8 -86.9 -183.1
20211110160340  -670.0 -87.2 -183.2
20211110160341  -669.8 -87.3 -182.8
20211110160342  -669.8 -87.2 -183.2
20211110160343  -669.8 -87.3 -183.4
20211110160344  -669.7 -87.3 -183.2
20211110160345  -669.5 -87.3 -183.1
20211110160346  -669.8 -87.2 -182.8
20211110160347  -669.6 -87.2 -183.0
20211110160348  -669.9 -87.2 -183.0
20211110160349  -670.0 -87.0 -183.1
20211110160350  -669.7 -87.2 -183.2
20211110160351  -669.8 -87.4 -183.0
20211110160352  -670.0 -87.2 -183.2
20211110160353  -669.8 -87.2 -183.4
20211110160354  -669.8 -87.4 -183.1
20211110160355  -670.1 -87.3 -183.1
20211110160356  -670.0 -87.4 -183.0
20211110160357  -670.1 -87.5 -183.3
20211110160358  -670.4 -87.6 -183.2
20211110160359  -670.4 -87.7 -183.4
20211110160400  -670.5 -87.6 -183.4
20211110160401  -670.6 -87.7 -183.4
20211110160402  -670.1 -87.7 -183.3
20211110160403  -669.4 -87.4 -182.5
20211110160404  -670.4 -87.4 -183.2
20211110160405  -670.1 -87.6 -183.3
20211110160406  -670.2 -87.6 -183.3
20211110160407  -670.4 -87.5 -183.1
20211110160408  -670.5 -87.5 -183.4
20211110160409  -670.3 -87.4 -183.1
20211110160410  -670.4 -87.5 -183.3
20211110160411  -670.4 -87.4 -183.6
20211110160412  -670.5 -87.4 -183.4
20211110160413  -670.4 -87.7 -183.2
20211110160414  -670.4 -87.4 -183.3
