20211116220037  -674.8 -79.2 -194.9
20211116220038  -675.0 -79.3 -195.2
20211116220039  -675.1 -79.3 -194.8
20211116220040  -675.2 -79.3 -195.0
20211116220041  -675.0 -79.6 -195.0
20211116220042  -674.3 -79.3 -194.3
20211116220043  -674.8 -79.5 -194.5
20211116220044  -675.6 -79.5 -194.5
20211116220045  -675.4 -79.3 -194.9
20211116220046  -675.4 -79.4 -195.3
20211116220047  -675.6 -79.5 -195.0
20211116220048  -675.8 -79.5 -194.7
20211116220049  -675.8 -79.6 -194.9
20211116220050  -675.9 -79.7 -194.9
20211116220051  -675.8 -79.5 -194.8
20211116220052  -676.0 -79.8 -195.0
20211116220053  -675.7 -79.5 -194.8
20211116220054  -675.8 -79.8 -194.9
20211116220055  -675.9 -79.8 -195.0
20211116220056  -675.7 -80.0 -195.1
20211116220057  -676.0 -79.8 -195.2
20211116220058  -676.1 -79.9 -195.4
20211116220059  -675.8 -80.2 -195.6
20211116220100  -676.3 -79.8 -195.3
20211116220101  -676.6 -80.0 -195.3
20211116220102  -676.3 -80.1 -195.4
20211116220103  -676.5 -80.1 -195.3
20211116220104  -676.8 -80.1 -195.5
20211116220105  -676.8 -80.0 -195.6
20211116220106  -676.7 -79.9 -195.5
20211116220107  -676.6 -79.8 -195.6
20211116220108  -675.9 -80.1 -195.0
20211116220109  -675.7 -80.0 -194.8
20211116220110  -675.3 -79.7 -194.7
20211116220111  -675.3 -79.9 -194.5
20211116220112  -675.2 -79.8 -194.5
20211116220113  -676.3 -79.7 -195.0
20211116220114  -676.3 -79.7 -195.3
20211116220115  -676.3 -79.8 -194.9
20211116220116  -676.2 -80.0 -195.1
20211116220117  -676.3 -80.0 -194.9
20211116220118  -676.1 -79.9 -194.8
20211116220119  -676.2 -80.1 -195.2
20211116220120  -676.5 -79.8 -195.4
20211116220121  -676.5 -79.7 -195.6
20211116220122  -676.5 -80.0 -195.8
20211116220123  -676.5 -79.6 -195.8
20211116220124  -676.7 -79.9 -195.7
20211116220125  -676.6 -79.7 -195.9
20211116220126  -676.6 -79.5 -195.6
20211116220127  -676.6 -79.8 -195.6
20211116220128  -676.7 -79.6 -195.6
20211116220129  -676.5 -79.5 -195.6
20211116220130  -676.4 -79.3 -195.5
20211116220131  -676.3 -79.5 -195.8
20211116220132  -676.3 -79.3 -195.8
20211116220133  -676.4 -79.3 -195.8
20211116220134  -676.7 -79.4 -196.0
20211116220135  -676.7 -79.5 -195.9
20211116220136  -676.6 -79.3 -195.8
20211116220137  -677.0 -79.0 -196.0
20211116220138  -676.5 -79.3 -195.9
20211116220139  -676.3 -79.3 -195.6
20211116220140  -675.8 -79.0 -195.2
20211116220141  -675.9 -78.7 -194.7
20211116220142  -675.9 -78.8 -194.9
20211116220143  -676.5 -78.9 -195.4
20211116220144  -676.4 -79.0 -195.3
20211116220145  -676.6 -79.1 -195.4
20211116220146  -676.5 -79.0 -195.2
20211116220147  -676.2 -78.8 -195.4
20211116220148  -676.2 -78.7 -195.3
20211116220149  -676.2 -78.7 -195.6
20211116220150  -676.1 -78.5 -195.5
20211116220151  -676.2 -78.6 -195.8
20211116220152  -676.2 -78.9 -195.7
20211116220153  -676.1 -78.6 -195.9
20211116220154  -676.0 -78.8 -195.5
20211116220155  -675.9 -79.0 -195.4
20211116220156  -676.1 -78.8 -195.4
20211116220157  -676.2 -79.1 -195.6
20211116220158  -675.9 -78.7 -195.5
20211116220159  -676.2 -78.8 -195.8
20211116220200  -676.1 -78.6 -195.7
20211116220201  -676.3 -78.7 -195.7
20211116220202  -676.1 -78.5 -195.7
20211116220203  -675.9 -78.5 -195.6
20211116220204  -676.0 -78.5 -195.5
20211116220205  -675.8 -78.4 -195.4
20211116220206  -675.7 -78.3 -195.6
20211116220207  -675.7 -78.3 -195.7
20211116220208  -675.3 -78.4 -195.9
20211116220209  -674.8 -78.3 -195.5
20211116220210  -674.7 -78.1 -194.7
20211116220211  -674.4 -78.1 -194.6
20211116220212  -674.4 -78.1 -194.6
20211116220213  -674.9 -78.0 -195.0
20211116220214  -675.1 -78.0 -195.2
20211116220215  -674.9 -78.1 -195.5
20211116220216  -674.8 -78.0 -195.3
20211116220217  -675.0 -78.1 -195.2
20211116220218  -674.9 -78.2 -195.3
20211116220219  -675.1 -78.6 -195.3
20211116220220  -675.1 -78.6 -195.3
20211116220221  -675.1 -78.4 -195.3
20211116220222  -675.1 -78.5 -195.7
20211116220223  -674.9 -78.3 -195.7
20211116220224  -674.9 -78.4 -195.6
20211116220225  -675.2 -78.4 -195.8
20211116220226  -675.4 -78.3 -195.9
20211116220227  -675.4 -78.3 -195.9
20211116220228  -675.4 -78.2 -196.1
20211116220229  -675.3 -78.2 -195.8
20211116220230  -675.3 -78.2 -195.6
20211116220231  -675.6 -78.4 -195.6
20211116220232  -675.7 -78.3 -195.6
20211116220233  -675.6 -78.4 -195.7
20211116220234  -675.4 -78.3 -195.5
20211116220235  -675.2 -78.4 -195.5
20211116220236  -675.4 -78.5 -195.7
20211116220237  -675.6 -78.3 -195.5
20211116220238  -675.5 -78.5 -195.5
20211116220239  -675.1 -78.7 -195.3
20211116220240  -674.6 -78.7 -195.2
20211116220241  -674.1 -78.6 -195.3
20211116220242  -674.2 -78.3 -195.2
20211116220243  -675.1 -78.5 -195.6
20211116220244  -674.8 -78.1 -195.4
20211116220245  -675.3 -78.2 -195.6
20211116220246  -675.1 -78.4 -195.3
20211116220247  -675.1 -78.5 -195.6
20211116220248  -675.1 -78.5 -195.4
20211116220249  -675.1 -78.7 -195.5
20211116220250  -674.8 -78.5 -195.4
20211116220251  -674.7 -78.6 -195.4
20211116220252  -674.7 -78.5 -195.4
20211116220253  -674.7 -78.4 -195.2
20211116220254  -674.9 -78.5 -195.2
20211116220255  -674.6 -78.5 -195.5
20211116220256  -674.7 -78.8 -195.1
20211116220257  -674.5 -78.6 -195.3
20211116220258  -674.5 -78.4 -195.5
20211116220259  -674.3 -78.4 -195.2
20211116220300  -674.1 -78.5 -195.3
20211116220301  -674.1 -78.2 -195.5
20211116220302  -674.2 -78.4 -195.6
20211116220303  -674.2 -78.4 -195.3
20211116220304  -674.0 -78.4 -195.3
20211116220305  -674.1 -78.5 -195.3
20211116220306  -673.9 -78.3 -195.4
20211116220307  -674.2 -78.2 -195.5
20211116220308  -674.3 -78.3 -195.2
20211116220309  -673.8 -78.7 -195.4
20211116220310  -673.1 -78.6 -195.0
20211116220311  -673.1 -78.6 -194.9
20211116220312  -673.3 -78.5 -194.8
20211116220313  -674.2 -78.5 -195.2
20211116220314  -673.9 -78.6 -195.2
20211116220315  -674.2 -78.6 -195.3
20211116220316  -674.0 -78.6 -195.2
20211116220317  -674.1 -78.5 -195.2
20211116220318  -674.2 -78.3 -195.2
20211116220319  -674.1 -78.4 -195.3
20211116220320  -674.0 -78.2 -195.4
20211116220321  -674.1 -78.4 -195.2
20211116220322  -674.0 -78.4 -195.3
20211116220323  -673.9 -78.3 -195.1
20211116220324  -673.9 -78.1 -195.4
20211116220325  -673.6 -78.2 -195.2
20211116220326  -673.8 -78.4 -195.3
20211116220327  -673.9 -78.4 -195.2
20211116220328  -674.1 -78.6 -195.1
20211116220329  -673.7 -78.5 -194.9
20211116220330  -673.5 -78.8 -195.1
20211116220331  -673.7 -78.7 -195.0
20211116220332  -673.3 -78.5 -195.0
20211116220333  -673.2 -78.3 -194.8
20211116220334  -672.9 -78.5 -194.7
20211116220335  -673.1 -78.4 -194.6
20211116220336  -673.2 -78.5 -194.7
20211116220337  -673.2 -78.3 -194.9
20211116220338  -672.9 -78.3 -195.2
20211116220339  -672.9 -78.4 -195.2
20211116220340  -672.4 -78.4 -194.5
20211116220341  -672.1 -78.4 -194.2
20211116220342  -672.0 -78.2 -194.2
20211116220343  -672.8 -78.5 -194.9
20211116220344  -673.0 -78.5 -195.2
20211116220345  -673.2 -78.6 -195.1
20211116220346  -673.2 -78.7 -195.1
20211116220347  -673.1 -78.3 -194.8
20211116220348  -673.1 -78.5 -194.9
20211116220349  -673.0 -78.3 -194.8
20211116220350  -673.0 -78.4 -194.5
20211116220351  -672.9 -78.5 -194.9
20211116220352  -673.1 -78.2 -194.7
20211116220353  -672.6 -78.2 -194.5
20211116220354  -672.8 -78.6 -194.7
20211116220355  -672.7 -78.3 -194.4
20211116220356  -672.7 -78.4 -194.6
20211116220357  -672.4 -78.4 -194.5
20211116220358  -672.6 -78.3 -194.8
20211116220359  -672.5 -78.3 -194.6
20211116220400  -672.5 -78.6 -195.0
20211116220401  -672.4 -78.5 -195.0
20211116220402  -672.6 -78.5 -195.2
20211116220403  -672.6 -78.5 -195.0
20211116220404  -672.6 -78.3 -194.8
20211116220405  -672.5 -78.4 -195.2
20211116220406  -672.7 -78.5 -195.1
20211116220407  -672.5 -78.7 -195.1
20211116220408  -672.7 -78.6 -194.9
20211116220409  -672.6 -78.7 -195.1
20211116220410  -671.9 -78.3 -194.4
20211116220411  -671.7 -78.1 -194.3
20211116220412  -671.5 -78.2 -194.0
20211116220413  -671.9 -78.2 -194.1
20211116220414  -672.3 -78.3 -194.6
20211116220415  -672.2 -78.3 -194.5
20211116220416  -672.2 -77.9 -194.5
20211116220417  -672.3 -78.0 -194.3
20211116220418  -672.1 -78.2 -194.2
20211116220419  -672.3 -78.3 -194.1
20211116220420  -672.0 -78.4 -193.9
20211116220421  -672.1 -78.7 -194.1
20211116220422  -672.1 -78.8 -194.1
20211116220423  -671.8 -78.6 -193.9
20211116220424  -671.8 -78.9 -194.1
20211116220425  -671.9 -78.6 -194.0
20211116220426  -672.1 -78.6 -194.5
20211116220427  -671.8 -78.7 -194.5
20211116220428  -672.0 -78.9 -194.7
20211116220429  -672.3 -78.5 -194.4
20211116220430  -672.2 -78.3 -194.0
20211116220431  -672.2 -78.6 -194.2
20211116220432  -672.1 -78.3 -194.0
20211116220433  -672.3 -78.5 -194.4
20211116220434  -672.0 -78.5 -194.0
20211116220435  -672.2 -78.6 -194.1
20211116220436  -672.0 -78.5 -194.2
20211116220437  -672.2 -78.5 -194.2
20211116220438  -672.2 -78.1 -193.9
20211116220439  -671.8 -77.8 -194.2
20211116220440  -671.4 -78.1 -193.7
20211116220441  -671.2 -77.8 -193.2
20211116220442  -671.0 -78.1 -193.0
20211116220443  -670.7 -78.0 -193.0
20211116220444  -671.7 -78.1 -193.7
20211116220445  -671.5 -78.0 -193.3
20211116220446  -671.6 -78.2 -193.4
20211116220447  -671.5 -78.2 -193.4
20211116220448  -671.9 -78.3 -193.6
20211116220449  -671.6 -78.1 -193.6
20211116220450  -671.3 -78.2 -193.6
20211116220451  -671.5 -78.5 -193.5
20211116220452  -671.6 -78.5 -193.4
20211116220453  -671.4 -78.1 -193.7
20211116220454  -671.6 -78.3 -193.7
20211116220455  -671.2 -78.6 -193.6
20211116220456  -671.5 -78.9 -193.4
20211116220457  -671.5 -78.8 -193.5
20211116220458  -671.5 -78.7 -193.6
20211116220459  -671.5 -78.8 -193.5
20211116220500  -671.3 -78.4 -193.3
20211116220501  -671.4 -78.6 -193.6
20211116220502  -671.5 -78.5 -193.4
20211116220503  -671.5 -78.5 -193.5
20211116220504  -671.3 -78.6 -193.8
20211116220505  -671.3 -78.6 -193.6
20211116220506  -671.2 -78.6 -193.6
20211116220507  -671.1 -78.2 -193.5
20211116220508  -671.2 -78.6 -193.2
20211116220509  -670.9 -78.7 -193.4
20211116220510  -670.5 -78.7 -193.2
20211116220511  -670.8 -78.6 -193.4
20211116220512  -671.4 -78.8 -193.6
20211116220513  -671.6 -78.8 -193.9
20211116220514  -671.3 -78.7 -193.7
20211116220515  -671.3 -78.7 -193.7
20211116220516  -671.6 -78.7 -193.9
20211116220517  -671.6 -79.0 -193.8
20211116220518  -671.4 -78.6 -193.6
20211116220519  -671.3 -78.7 -193.7
20211116220520  -671.2 -78.7 -193.8
20211116220521  -671.2 -78.4 -193.9
20211116220522  -671.2 -78.5 -193.6
20211116220523  -671.5 -78.9 -193.5
20211116220524  -671.7 -78.7 -193.6
20211116220525  -671.3 -78.8 -193.6
20211116220526  -671.6 -78.9 -193.6
20211116220527  -671.4 -78.6 -193.4
20211116220528  -671.4 -78.8 -193.4
20211116220529  -671.5 -79.1 -193.2
20211116220530  -671.7 -79.0 -193.3
20211116220531  -671.5 -78.8 -193.2
20211116220532  -671.5 -79.1 -193.2
20211116220533  -671.3 -78.9 -193.5
20211116220534  -671.4 -78.8 -193.4
20211116220535  -671.5 -79.0 -193.1
20211116220536  -671.2 -79.2 -193.1
20211116220537  -670.9 -79.0 -192.7
20211116220538  -671.7 -79.0 -193.2
20211116220539  -671.5 -79.4 -193.2
20211116220540  -671.8 -79.2 -193.5
20211116220541  -671.9 -79.3 -193.5
20211116220542  -671.9 -79.2 -193.3
20211116220543  -671.6 -79.1 -193.3
20211116220544  -671.6 -79.2 -193.1
20211116220545  -671.7 -79.3 -193.4
20211116220546  -671.4 -79.4 -193.5
20211116220547  -671.9 -79.4 -193.2
20211116220548  -671.9 -79.4 -193.1
20211116220549  -671.8 -79.7 -193.1
20211116220550  -671.9 -79.3 -193.1
20211116220551  -672.1 -79.2 -193.1
20211116220552  -671.7 -79.2 -193.1
20211116220553  -671.9 -79.2 -193.4
20211116220554  -671.9 -79.1 -193.6
20211116220555  -672.1 -79.2 -193.5
20211116220556  -672.1 -79.4 -193.5
20211116220557  -671.8 -79.3 -193.5
20211116220558  -671.9 -79.7 -193.5
20211116220559  -671.9 -79.6 -193.6
20211116220600  -671.7 -79.5 -193.5
20211116220601  -671.9 -79.5 -193.4
20211116220602  -671.4 -79.8 -193.2
20211116220603  -670.9 -79.6 -192.9
20211116220604  -671.6 -79.2 -193.4
20211116220605  -671.5 -79.3 -193.4
20211116220606  -671.8 -79.4 -193.1
20211116220607  -671.7 -79.4 -193.4
20211116220608  -671.6 -79.5 -193.3
20211116220609  -671.5 -79.7 -193.6
20211116220610  -671.4 -79.7 -193.5
20211116220611  -671.6 -79.5 -193.4
20211116220612  -671.3 -79.7 -193.4
20211116220613  -671.4 -79.7 -193.2
20211116220614  -671.2 -79.4 -193.2
20211116220615  -671.4 -79.0 -193.4
20211116220616  -671.4 -79.4 -193.3
20211116220617  -671.3 -79.2 -193.0
20211116220618  -671.1 -79.1 -193.4
20211116220619  -671.0 -78.9 -193.2
20211116220620  -670.9 -79.1 -193.4
20211116220621  -670.7 -79.3 -193.2
20211116220622  -670.8 -79.0 -193.4
20211116220623  -670.7 -79.3 -193.2
20211116220624  -670.7 -79.1 -193.2
20211116220625  -670.9 -79.0 -193.1
20211116220626  -670.7 -79.1 -193.2
20211116220627  -670.8 -79.1 -193.3
20211116220628  -670.3 -79.2 -193.1
20211116220629  -670.1 -78.8 -192.4
20211116220630  -670.4 -79.1 -192.9
20211116220631  -670.8 -79.2 -193.3
20211116220632  -670.9 -78.9 -193.4
20211116220633  -670.6 -79.0 -193.1
20211116220634  -670.9 -78.9 -193.0
20211116220635  -670.6 -78.7 -193.1
20211116220636  -670.8 -78.5 -193.2
20211116220637  -670.8 -79.0 -192.9
20211116220638  -671.1 -79.0 -193.0
20211116220639  -670.9 -79.1 -192.9
20211116220640  -670.9 -79.3 -193.1
20211116220641  -670.7 -79.1 -192.8
20211116220642  -670.7 -79.2 -193.0
20211116220643  -670.7 -79.2 -192.9
20211116220644  -670.4 -79.3 -192.8
20211116220645  -670.3 -79.2 -192.7
20211116220646  -670.5 -79.2 -193.0
20211116220647  -670.4 -79.3 -193.0
20211116220648  -670.5 -79.2 -193.0
20211116220649  -670.1 -79.1 -193.0
20211116220650  -670.0 -79.1 -192.9
20211116220651  -670.4 -79.1 -192.9
20211116220652  -670.0 -79.3 -192.6
20211116220653  -670.0 -79.1 -192.5
20211116220654  -669.9 -79.2 -192.1
20211116220655  -669.0 -79.2 -191.8
20211116220656  -670.0 -79.2 -192.1
20211116220657  -670.0 -79.2 -192.6
20211116220658  -670.1 -79.0 -192.5
20211116220659  -669.8 -79.1 -192.3
20211116220700  -670.1 -79.3 -192.3
20211116220701  -670.3 -79.2 -192.2
20211116220702  -670.0 -79.1 -192.5
20211116220703  -670.4 -79.0 -192.5
20211116220704  -670.3 -79.0 -192.3
20211116220705  -670.3 -79.1 -192.5
20211116220706  -670.3 -79.1 -192.3
20211116220707  -670.2 -79.0 -192.3
20211116220708  -670.4 -79.1 -192.3
20211116220709  -670.3 -79.3 -192.3
20211116220710  -670.3 -79.2 -192.4
20211116220711  -670.6 -78.8 -192.3
20211116220712  -670.5 -79.0 -192.4
20211116220713  -670.4 -78.9 -192.5
20211116220714  -670.8 -79.2 -192.7
20211116220715  -670.6 -79.1 -193.0
20211116220716  -670.4 -79.1 -192.9
20211116220717  -670.4 -79.0 -192.8
20211116220718  -670.2 -79.1 -192.6
20211116220719  -670.2 -79.1 -192.5
20211116220720  -670.0 -79.4 -192.5
20211116220721  -669.4 -78.9 -191.8
20211116220722  -669.1 -78.6 -191.6
20211116220723  -668.9 -78.6 -191.5
20211116220724  -668.5 -78.5 -191.2
20211116220725  -669.0 -78.6 -191.6
20211116220726  -669.7 -78.8 -192.2
20211116220727  -669.8 -79.1 -192.2
20211116220728  -669.8 -79.0 -192.0
20211116220729  -669.9 -79.1 -192.2
20211116220730  -670.1 -79.1 -192.3
20211116220731  -669.9 -79.0 -192.4
20211116220732  -670.1 -79.1 -192.2
20211116220733  -669.9 -79.0 -192.5
20211116220734  -670.0 -79.0 -192.5
20211116220735  -670.0 -79.1 -192.2
20211116220736  -669.9 -79.2 -192.2
20211116220737  -669.9 -79.3 -192.4
20211116220738  -669.8 -79.5 -192.0
20211116220739  -669.9 -79.3 -192.0
20211116220740  -669.9 -79.2 -192.3
20211116220741  -669.6 -79.3 -192.3
20211116220742  -669.8 -79.2 -192.6
20211116220743  -670.0 -79.0 -192.3
20211116220744  -670.0 -79.0 -192.3
20211116220745  -669.8 -79.2 -192.7
20211116220746  -669.5 -79.1 -192.5
20211116220747  -669.7 -79.3 -192.6
20211116220748  -669.9 -79.1 -192.7
20211116220749  -669.7 -79.4 -192.8
20211116220750  -669.7 -79.6 -193.0
20211116220751  -669.4 -79.6 -192.3
20211116220752  -669.6 -79.6 -192.3
20211116220753  -670.0 -79.5 -192.9
20211116220754  -670.0 -79.6 -193.1
20211116220755  -670.0 -79.8 -192.9
20211116220756  -670.0 -79.7 -193.1
20211116220757  -669.8 -79.8 -193.0
20211116220758  -669.9 -79.7 -192.8
20211116220759  -669.9 -80.0 -193.2
20211116220800  -669.8 -79.9 -193.2
20211116220801  -670.1 -79.9 -192.9
20211116220802  -670.2 -80.0 -192.9
20211116220803  -669.8 -79.7 -193.0
20211116220804  -669.9 -79.9 -192.9
20211116220805  -669.8 -80.0 -192.7
20211116220806  -670.0 -79.9 -192.9
20211116220807  -670.0 -79.9 -193.0
20211116220808  -670.1 -80.1 -192.9
20211116220809  -670.1 -80.2 -192.8
20211116220810  -670.2 -80.1 -192.9
20211116220811  -670.2 -80.3 -192.9
20211116220812  -670.1 -80.2 -192.8
20211116220813  -670.3 -80.3 -192.7
20211116220814  -670.2 -80.3 -192.8
20211116220815  -670.1 -80.3 -192.6
20211116220816  -669.7 -80.3 -192.7
