20  -662.9 -77.2 -203.9
20211030060021  -662.6 -77.0 -203.8
20211030060022  -662.3 -77.1 -203.6
20211030060023  -662.4 -77.2 -203.4
20211030060024  -662.5 -77.3 -203.4
20211030060025  -662.6 -77.0 -203.4
20211030060026  -662.5 -76.9 -203.5
20211030060027  -662.9 -76.7 -203.4
20211030060028  -662.7 -76.9 -203.2
20211030060029  -662.8 -77.2 -203.5
20211030060030  -662.8 -77.1 -203.4
20211030060031  -662.4 -77.2 -203.7
20211030060032  -662.0 -77.0 -203.0
20211030060033  -662.1 -76.9 -203.0
20211030060034  -663.1 -76.8 -203.4
20211030060035  -663.0 -76.8 -203.2
20211030060036  -663.1 -77.0 -203.3
20211030060037  -663.0 -77.2 -203.3
20211030060038  -662.8 -76.9 -203.3
20211030060039  -662.7 -77.2 -203.3
20211030060040  -662.5 -77.1 -203.4
20211030060041  -663.0 -77.1 -203.5
20211030060042  -662.9 -77.0 -203.7
20211030060043  -662.9 -77.0 -203.6
20211030060044  -662.9 -76.9 -203.3
20211030060045  -663.1 -76.7 -203.5
20211030060046  -663.0 -76.8 -203.4
20211030060047  -663.0 -76.8 -203.2
20211030060048  -663.0 -77.1 -203.3
20211030060049  -663.0 -77.3 -203.2
20211030060050  -662.9 -77.0 -203.2
20211030060051  -663.1 -77.0 -203.4
20211030060052  -663.0 -77.3 -203.4
20211030060053  -662.4 -77.2 -203.5
20211030060054  -662.8 -77.2 -203.4
20211030060055  -662.8 -77.2 -203.4
20211030060056  -662.5 -77.3 -203.5
20211030060057  -662.3 -77.3 -203.5
20211030060058  -661.8 -77.1 -202.9
20211030060059  -661.6 -77.1 -202.4
20211030060100  -662.4 -77.3 -203.0
20211030060101  -662.2 -77.3 -203.1
20211030060102  -662.4 -77.4 -203.1
20211030060103  -662.3 -77.4 -203.3
20211030060104  -662.5 -77.6 -203.2
20211030060105  -662.2 -77.7 -202.8
20211030060106  -662.5 -77.6 -202.8
20211030060107  -662.2 -77.6 -203.1
20211030060108  -662.4 -77.8 -203.3
20211030060109  -662.4 -77.7 -203.1
20211030060110  -662.5 -77.7 -203.2
20211030060111  -662.4 -77.8 -203.3
20211030060112  -662.7 -77.5 -203.2
20211030060113  -662.3 -77.7 -203.3
20211030060114  -662.2 -77.7 -203.4
20211030060115  -662.3 -78.0 -203.3
20211030060116  -662.3 -77.8 -203.4
20211030060117  -662.5 -78.0 -203.5
20211030060118  -662.5 -77.8 -203.6
20211030060119  -662.4 -78.1 -203.5
20211030060120  -662.2 -78.0 -203.7
20211030060121  -662.3 -78.2 -203.6
20211030060122  -662.2 -78.2 -203.3
20211030060123  -661.9 -78.3 -203.4
20211030060124  -661.3 -78.1 -203.2
20211030060125  -661.3 -78.0 -202.8
20211030060126  -661.7 -78.3 -203.0
20211030060127  -662.1 -78.6 -203.3
20211030060128  -662.0 -78.9 -203.2
20211030060129  -662.2 -78.6 -203.1
20211030060130  -662.4 -78.9 -203.4
20211030060131  -662.4 -78.8 -203.4
20211030060132  -662.2 -78.8 -203.6
20211030060133  -662.2 -79.1 -203.6
20211030060134  -662.5 -79.2 -203.8
20211030060135  -662.4 -79.1 -203.9
20211030060136  -662.7 -79.4 -204.0
20211030060137  -662.6 -79.2 -203.7
20211030060138  -662.5 -79.1 -203.5
20211030060139  -662.6 -79.1 -203.7
20211030060140  -662.7 -79.2 -203.9
20211030060141  -662.6 -79.3 -203.9
20211030060142  -662.4 -79.6 -203.8
20211030060143  -662.2 -79.7 -204.0
20211030060144  -662.1 -80.1 -204.1
20211030060145  -662.2 -79.8 -204.0
20211030060146  -662.3 -80.0 -204.3
20211030060147  -662.4 -79.8 -204.4
20211030060148  -662.2 -80.0 -204.2
20211030060149  -662.1 -80.1 -204.3
20211030060150  -661.3 -80.1 -204.0
20211030060151  -661.2 -80.4 -203.7
20211030060152  -661.3 -80.2 -203.8
20211030060153  -661.5 -80.5 -204.3
20211030060154  -661.5 -80.6 -204.3
20211030060155  -661.7 -80.5 -204.2
20211030060156  -661.5 -80.7 -204.3
20211030060157  -661.7 -80.8 -204.5
20211030060158  -661.9 -80.6 -203.9
20211030060159  -662.0 -80.5 -204.2
20211030060200  -661.9 -80.4 -204.4
20211030060201  -661.7 -80.4 -204.4
20211030060202  -661.8 -80.2 -204.3
20211030060203  -662.1 -80.2 -204.4
20211030060204  -661.9 -80.4 -204.2
20211030060205  -662.0 -80.2 -204.1
20211030060206  -662.2 -80.4 -204.3
20211030060207  -662.3 -80.5 -204.3
20211030060208  -662.4 -80.4 -204.1
20211030060209  -662.5 -80.3 -204.2
20211030060210  -662.2 -80.3 -204.2
20211030060211  -662.4 -80.4 -204.5
20211030060212  -662.3 -80.3 -204.2
20211030060213  -662.5 -80.4 -204.6
20211030060214  -662.4 -80.4 -204.4
20211030060215  -662.7 -80.4 -204.4
20211030060216  -662.3 -80.3 -203.7
20211030060217  -661.9 -80.2 -203.7
20211030060218  -662.1 -80.2 -203.7
20211030060219  -662.6 -80.2 -204.6
20211030060220  -662.6 -80.3 -204.7
20211030060221  -662.6 -80.4 -204.6
20211030060222  -663.0 -80.4 -204.5
20211030060223  -662.9 -80.4 -204.7
20211030060224  -662.8 -80.5 -204.8
20211030060225  -662.9 -80.6 -204.6
20211030060226  -662.8 -80.7 -204.7
20211030060227  -662.8 -81.0 -204.7
20211030060228  -662.8 -81.0 -204.9
20211030060229  -662.8 -80.9 -204.8
20211030060230  -662.9 -81.0 -204.7
20211030060231  -662.9 -80.8 -204.7
20211030060232  -662.7 -80.9 -204.7
20211030060233  -662.6 -81.0 -204.5
20211030060234  -662.7 -81.2 -204.6
20211030060235  -662.6 -81.4 -204.6
20211030060236  -663.1 -81.6 -204.6
20211030060237  -663.6 -81.5 -204.7
20211030060238  -663.2 -81.5 -204.7
20211030060239  -663.2 -81.4 -204.9
20211030060240  -663.2 -81.5 -204.9
20211030060241  -662.8 -81.5 -204.7
20211030060242  -662.0 -81.5 -204.2
20211030060243  -662.1 -81.7 -204.0
20211030060244  -662.4 -81.3 -204.2
20211030060245  -662.5 -81.4 -204.6
20211030060246  -662.8 -81.7 -204.6
20211030060247  -662.9 -81.5 -204.6
20211030060248  -662.8 -81.8 -204.5
20211030060249  -662.7 -81.9 -204.8
20211030060250  -662.6 -81.9 -204.7
20211030060251  -662.9 -81.9 -204.7
20211030060252  -662.8 -81.9 -204.8
20211030060253  -662.7 -82.1 -204.9
20211030060254  -663.0 -82.1 -205.0
20211030060255  -662.9 -82.1 -204.8
20211030060256  -662.7 -81.9 -205.0
20211030060257  -662.6 -81.6 -205.2
20211030060258  -663.0 -81.8 -205.1
20211030060259  -662.8 -81.9 -205.0
20211030060300  -662.9 -82.1 -205.0
20211030060301  -662.6 -82.2 -205.2
20211030060302  -662.8 -81.9 -205.3
20211030060303  -662.8 -81.9 -205.1
20211030060304  -662.7 -82.0 -205.0
20211030060305  -662.6 -82.0 -204.9
20211030060306  -662.5 -81.9 -205.1
20211030060307  -662.6 -82.1 -204.6
20211030060308  -662.0 -81.8 -204.4
20211030060309  -661.7 -81.6 -204.2
20211030060310  -662.5 -81.4 -204.6
20211030060311  -662.8 -81.4 -204.8
20211030060312  -662.7 -81.3 -204.8
20211030060313  -662.9 -81.3 -204.8
20211030060314  -663.0 -81.4 -205.0
20211030060315  -663.2 -81.4 -204.9
20211030060316  -662.8 -81.3 -205.0
20211030060317  -662.8 -81.4 -205.3
20211030060318  -663.0 -81.5 -205.5
20211030060319  -663.3 -81.3 -205.0
20211030060320  -663.2 -81.1 -205.2
20211030060321  -663.1 -81.1 -205.2
20211030060322  -663.1 -81.0 -205.4
20211030060323  -663.3 -80.8 -205.3
20211030060324  -663.3 -80.8 -205.5
20211030060325  -663.5 -80.6 -205.5
20211030060326  -663.3 -80.3 -205.3
20211030060327  -663.1 -80.5 -205.8
20211030060328  -663.4 -80.4 -205.9
20211030060329  -663.4 -80.3 -205.5
20211030060330  -663.4 -80.0 -206.0
20211030060331  -663.5 -79.8 -206.1
20211030060332  -663.8 -79.8 -205.7
20211030060333  -663.8 -80.0 -205.8
20211030060334  -663.0 -79.6 -205.5
20211030060335  -663.0 -79.5 -205.1
20211030060336  -663.8 -79.5 -205.8
20211030060337  -664.0 -79.6 -206.0
20211030060338  -664.0 -79.7 -206.0
20211030060339  -663.8 -79.5 -206.2
20211030060340  -663.9 -79.2 -206.1
20211030060341  -663.9 -79.5 -206.1
20211030060342  -664.2 -79.8 -206.0
20211030060343  -664.3 -79.6 -206.2
20211030060344  -664.2 -79.4 -206.5
20211030060345  -664.1 -79.6 -206.1
20211030060346  -664.3 -79.5 -206.3
20211030060347  -664.3 -79.5 -206.4
20211030060348  -664.5 -79.4 -206.1
20211030060349  -664.7 -79.5 -206.4
20211030060350  -664.3 -79.6 -206.1
20211030060351  -664.1 -79.7 -206.3
20211030060352  -664.2 -79.7 -206.1
20211030060353  -664.6 -79.5 -206.1
20211030060354  -664.5 -79.6 -206.2
20211030060355  -664.2 -79.5 -206.1
20211030060356  -664.2 -79.5 -206.0
20211030060357  -664.1 -79.6 -206.1
20211030060358  -664.2 -79.5 -206.6
20211030060359  -664.0 -80.0 -206.5
20211030060400  -663.2 -79.9 -206.1
20211030060401  -663.3 -79.7 -206.0
20211030060402  -664.1 -80.0 -206.5
20211030060403  -663.8 -80.1 -206.5
20211030060404  -664.0 -79.8 -206.2
202110300604