26  -658.4 -68.4 -188.8
20211110025027  -658.4 -68.5 -188.6
20211110025028  -658.5 -68.6 -188.5
20211110025029  -658.3 -68.7 -188.6
20211110025030  -658.5 -68.8 -188.3
20211110025031  -658.5 -68.8 -188.6
20211110025032  -658.5 -68.7 -188.4
20211110025033  -658.2 -68.8 -188.6
20211110025034  -658.1 -68.7 -188.6
20211110025035  -658.2 -68.6 -188.8
20211110025036  -658.2 -68.7 -188.8
20211110025037  -658.2 -68.7 -188.9
20211110025038  -657.9 -68.7 -189.0
20211110025039  -658.1 -68.9 -188.8
20211110025040  -657.9 -68.7 -188.4
20211110025041  -658.2 -68.7 -188.6
20211110025042  -658.1 -68.7 -188.4
20211110025043  -658.0 -68.5 -188.4
20211110025044  -657.8 -68.4 -188.2
20211110025045  -658.0 -68.5 -188.6
20211110025046  -658.3 -68.3 -188.3
20211110025047  -658.3 -68.3 -188.2
20211110025048  -657.7 -68.8 -188.0
20211110025049  -657.2 -68.3 -187.6
20211110025050  -657.0 -68.3 -187.5
20211110025051  -657.5 -68.5 -187.5
20211110025052  -658.2 -68.1 -187.7
20211110025053  -658.5 -68.2 -187.9
20211110025054  -658.3 -68.0 -188.1
20211110025055  -658.7 -68.2 -188.2
20211110025056  -658.8 -68.2 -188.1
20211110025057  -658.5 -68.5 -188.1
20211110025058  -658.8 -68.4 -188.0
20211110025059  -658.7 -68.4 -188.1
20211110025100  -658.2 -68.2 -188.1
20211110025101  -658.5 -68.3 -188.0
20211110025102  -658.7 -68.3 -188.2
20211110025103  -659.0 -68.0 -188.1
20211110025104  -658.7 -68.1 -188.2
20211110025105  -658.6 -68.1 -188.4
20211110025106  -658.9 -68.3 -188.4
20211110025107  -658.7 -68.3 -188.2
20211110025108  -658.5 -68.2 -188.2
20211110025109  -658.7 -68.2 -188.2
20211110025110  -658.7 -68.4 -188.1
20211110025111  -658.8 -68.5 -188.4
20211110025112  -658.5 -68.8 -188.4
20211110025113  -658.5 -68.9 -188.2
20211110025114  -658.4 -68.7 -188.2
20211110025115  -658.3 -68.6 -187.9
20211110025116  -658.5 -68.7 -188.2
20211110025117  -658.5 -68.9 -188.3
20211110025118  -658.1 -69.0 -187.9
20211110025119  -657.5 -68.6 -187.6
20211110025120  -657.8 -68.7 -187.6
20211110025121  -658.2 -68.6 -187.7
20211110025122  -658.6 -68.7 -188.2
20211110025123  -658.6 -68.8 -188.1
20211110025124  -659.1 -68.9 -187.9
20211110025125  -658.9 -69.0 -187.9
20211110025126  -659.0 -68.9 -188.2
20211110025127  -659.3 -68.9 -188.0
20211110025128  -659.5 -69.0 -187.7
20211110025129  -659.5 -68.9 -187.9
20211110025130  -659.5 -68.9 -187.9
20211110025131  -659.2 -69.1 -187.9
20211110025132  -659.5 -69.0 -187.8
20211110025133  -659.1 -69.1 -187.9
20211110025134  -659.2 -69.1 -188.2
20211110025135  -659.3 -69.1 -188.1
20211110025136  -659.2 -68.9 -188.0
20211110025137  -659.2 -69.1 -187.8
20211110025138  -659.4 -68.6 -188.1
20211110025139  -659.6 -68.9 -188.1
20211110025140  -659.8 -69.3 -188.4
20211110025141  -659.8 -69.3 -188.1
20211110025142  -659.9 -69.1 -188.2
20211110025143  -659.8 -69.3 -188.4
20211110025144  -659.9 -69.2 -188.2
20211110025145  -659.9 -69.2 -188.5
20211110025146  -659.9 -69.1 -188.4
20211110025147  -660.1 -69.2 -188.4
20211110025148  -659.8 -69.2 -188.2
20211110025149  -659.2 -69.0 -187.8
20211110025150  -658.9 -69.1 -187.6
20211110025151  -659.1 -69.2 -187.7
20211110025152  -659.5 -69.0 -187.9
20211110025153  -659.4 -69.1 -188.0
20211110025154  -659.4 -69.3 -188.0
20211110025155  -659.6 -69.4 -188.0
20211110025156  -659.6 -69.6 -188.2
20211110025157  -659.6 -69.2 -188.5
20211110025158  -659.6 -69.6 -188.5
20211110025159  -659.8 -69.5 -188.3
20211110025200  -659.8 -69.3 -188.3
20211110025201  -659.8 -69.4 -188.5
20211110025202  -659.9 -69.2 -188.6
20211110025203  -660.2 -69.6 -188.7
20211110025204  -660.1 -69.3 -188.5
20211110025205  -660.5 -69.8 -188.8
20211110025206  -660.1 -70.0 -188.6
20211110025207  -660.0 -69.9 -188.5
20211110025208  -660.0 -69.9 -188.6
20211110025209  -660.0 -69.7 -188.7
20211110025210  -660.0 -69.9 -188.6
20211110025211  -660.3 -69.7 -188.5
20211110025212  -660.1 -69.9 -188.4
20211110025213  -660.5 -69.8 -188.4
20211110025214  -660.4 -69.5 -188.5
20211110025215  -660.5 -69.6 -188.5
20211110025216  -660.6 -69.6 -188.6
20211110025217  -660.4 -69.6 -188.5
20211110025218  -660.6 -69.9 -188.8
20211110025219  -660.0 -69.6 -188.0
20211110025220  -660.1 -69.3 -188.2
20211110025221  -660.1 -69.2 -187.6
20211110025222  -660.8 -69.3 -188.1
20211110025223  -660.8 -69.5 -188.4
20211110025224  -660.8 -69.9 -188.3
20211110025225  -660.9 -69.8 -188.4
20211110025226  -660.7 -69.9 -188.3
20211110025227  -660.8 -69.9 -188.4
20211110025228  -661.0 -69.8 -188.4
20211110025229  -661.0 -69.8 -188.5
20211110025230  -661.0 -69.7 -188.7
20211110025231  -661.0 -70.0 -188.7
20211110025232  -660.8 -70.2 -188.6
20211110025233  -660.9 -70.2 -188.7
20211110025234  -661.0 -70.3 -189.0
20211110025235  -661.0 -70.5 -188.8
20211110025236  -660.9 -70.6 -188.8
20211110025237  -661.1 -70.9 -189.0
20211110025238  -661.2 -70.8 -189.1
20211110025239  -661.5 -70.8 -189.0
20211110025240  -661.1 -70.8 -189.1
20211110025241  -661.2 -70.8 -189.1
20211110025242  -661.5 -70.8 -189.0
20211110025243  -661.6 -70.9 -188.8
20211110025244  -661.7 -70.9 -189.0
20211110025245  -661.8 -70.6 -188.7
20211110025246  -661.6 -70.8 -188.8
20211110025247  -661.7 -71.1 -188.9
20211110025248  -661.7 -71.1 -188.8
20211110025249  -661.1 -71.1 -188.5
20211110025250  -660.6 -70.9 -188.1
20211110025251  -660.9 -70.4 -188.0
20211110025252  -661.1 -70.3 -188.3
20211110025253  -661.6 -70.5 -188.8
20211110025254  -661.4 -70.8 -188.6
20211110025255  -661.4 -70.5 -188.7
20211110025256  -661.7 -70.4 -188.7
20211110025257  -661.8 -70.7 -188.9
20211110025258  -662.1 -70.6 -188.7
20211110025259  -662.1 -70.4 -188.9
20211110025300  -662.1 -70.5 -188.9
20211110025301  -662.4 -70.5 -189.0
20211110025302  -662.8 -70.7 -189.0
20211110025303  -662.9 -70.5 -189.0
20211110025304  -662.8 -70.8 -189.0
20211110025305  -662.8 -71.0 -189.3
20211110025306  -662.8 -70.6 -189.2
20211110025307  -662.6 -70.5 -189.5
20211110025308  -663.1 -70.8 -189.1
20211110025309  -662.8 -70.4 -189.2
20211110025310  -663.0 -70.8 -189.4
20211110025311  -663.1 -70.7 -189.0
20211110025312  -663.1 -70.6 -189.2
20211110025313  -663.1 -70.5 -189.2
20211110025314  -663.2 -70.6 -189.1
20211110025315  -663.3 -71.1 -189.1
20211110025316  -663.4 -71.3 -189.0
20211110025317  -663.2 -71.1 -189.0
20211110025318  -663.2 -71.3 -189.2
20211110025319  -662.7 -71.2 -188.8
20211110025320  -663.2 -71.4 -188.9
20211110025321  -663.1 -71.1 -189.2
20211110025322  -663.4 -71.2 -188.9
20211110025323  -663.4 -70.9 -189.3
20211110025324  -663.4 -71.0 -189.2
20211110025325  -663.5 -70.8 -189.2
20211110025326  -663.4 -70.7 -189.2
20211110025327  -663.2 -70.5 -189.0
20211110025328  -663.3 -70.4 -189.0
20211110025329  -663.2 -70.4 -189.4
20211110025330  -663.2 -70.7 -189.3
20211110025331  -663.3 -70.7 -189.1
20211110025332  -663.1 -70.9 -188.6
20211110025333  -663.3 -70.5 -189.1
20211110025334  -663.5 -70.7 -189.1
20211110025335  -663.5 -70.7 -189.3
20211110025336  -663.2 -70.8 -189.5
20211110025337  -663.4 -70.9 -189.5
20211110025338  -663.5 -70.8 -189.5
20211110025339  -663.6 -70.7 -189.5
20211110025340  -663.2 -70.9 -189.4
20211110025341  -663.4 -70.9 -189.4
20211110025342  -663.4 -71.0 -189.4
20211110025343  -663.6 -71.0 -189.6
20211110025344  -663.2 -70.7 -189.7
20211110025345  -663.3 -70.8 -189.5
20211110025346  -662.8 -70.8 -189.0
20211110025347  -663.4 -71.2 -189.9
20211110025348  -663.5 -71.0 -189.9
20211110025349  -663.3 -70.9 -189.8
20211110025350  -663.7 -70.9 -189.8
20211110025351  -663.7 -71.1 -189.7
20211110025352  -663.8 -71.2 -189.7
20211110025353  -664.1 -71.0 -190.0
20211110025354  -664.1 -71.2 -189.8
20211110025355  -664.3 -71.3 -189.9
20211110025356  -664.2 -71.2 -189.8
20211110025357  -664.2 -71.2 -189.7
20211110025358  -664.1 -71.1 -189.6
20211110025359  -664.3 -70.9 -189.3
20211110025400  -664.6 -70.8 -189.6
20211110025401  -664.8 -70.6 -189.8
20211110025402  -664.4 -70.8 -189.9
20211110025403  -664.4 -70.8 -190.0
20211110025404  -664.5 -70.9 -189.9
20211110025405  -664.7 -70.8 -189.9
20211110025406  -665.1 -71.2 -189.7
20211110025407  -664.8 -70.8 -189.7
20211110025408  -664.9 -70.7 -189.3
20211110025409  -664.7 -70.8 -189.3
202111100254