20211202230034  -713.3 -78.8 -760.6
20211202230035  -713.4 -78.8 -760.3
20211202230036  -713.5 -78.8 -760.5
20211202230037  -713.4 -78.6 -760.3
20211202230038  -713.6 -79.0 -760.5
20211202230039  -713.2 -78.9 -760.6
20211202230040  -713.4 -79.0 -760.6
20211202230041  -712.8 -79.2 -759.8
20211202230042  -712.5 -78.8 -759.3
20211202230043  -712.8 -78.6 -760.1
20211202230044  -713.2 -78.7 -760.2
20211202230045  -713.2 -78.9 -760.3
20211202230046  -713.3 -78.8 -759.9
20211202230047  -713.5 -79.0 -759.9
20211202230048  -713.4 -78.8 -760.0
20211202230049  -713.2 -79.0 -760.1
20211202230050  -713.3 -79.1 -760.2
20211202230051  -713.2 -79.1 -760.2
20211202230052  -713.7 -79.3 -760.1
20211202230053  -713.9 -79.2 -760.3
20211202230054  -713.8 -79.2 -760.1
20211202230055  -713.7 -79.2 -759.9
20211202230056  -713.8 -78.9 -760.2
20211202230057  -713.6 -79.3 -760.0
20211202230058  -713.6 -79.5 -760.3
20211202230059  -713.8 -79.7 -760.2
20211202230100  -714.0 -79.6 -760.1
20211202230101  -714.1 -79.8 -760.3
20211202230102  -714.1 -79.9 -760.5
20211202230103  -714.2 -80.0 -760.6
20211202230104  -714.2 -80.4 -760.6
20211202230105  -714.5 -80.2 -760.7
20211202230106  -714.4 -80.2 -760.9
20211202230107  -713.4 -80.5 -760.1
20211202230108  -713.4 -80.4 -759.6
20211202230109  -713.3 -80.1 -759.7
20211202230110  -713.7 -80.3 -760.2
20211202230111  -713.7 -80.3 -760.2
20211202230112  -713.3 -80.5 -760.1
20211202230113  -713.4 -80.5 -759.9
20211202230114  -713.5 -80.7 -760.4
20211202230115  -713.6 -80.6 -760.3
20211202230116  -713.3 -80.7 -760.2
20211202230117  -713.4 -80.8 -760.1
20211202230118  -713.1 -80.7 -760.3
20211202230119  -712.7 -80.7 -760.0
20211202230120  -712.8 -80.6 -760.3
20211202230121  -712.8 -80.5 -760.2
20211202230122  -712.9 -80.6 -760.1
20211202230123  -712.8 -80.7 -760.2
20211202230124  -712.8 -80.7 -760.2
20211202230125  -712.8 -80.7 -760.1
20211202230126  -712.8 -80.5 -760.0
20211202230127  -712.8 -80.6 -760.0
20211202230128  -712.9 -80.4 -760.1
20211202230129  -712.9 -80.2 -760.0
20211202230130  -713.1 -80.5 -760.2
20211202230131  -712.7 -80.3 -760.1
20211202230132  -712.9 -80.4 -760.1
20211202230133  -712.5 -80.3 -759.7
20211202230134  -712.0 -80.2 -759.3
20211202230135  -712.0 -80.1 -759.1
20211202230136  -712.7 -80.3 -759.5
20211202230137  -712.7 -80.4 -759.8
20211202230138  -713.0 -80.5 -760.0
20211202230139  -712.9 -80.3 -759.6
20211202230140  -712.6 -80.2 -759.5
20211202230141  -712.8 -80.2 -759.5
20211202230142  -712.9 -80.3 -759.6
20211202230143  -713.1 -80.3 -759.6
20211202230144  -712.9 -80.3 -759.7
20211202230145  -713.3 -80.2 -759.6
20211202230146  -713.5 -80.5 -759.7
20211202230147  -713.5 -80.3 -759.7
20211202230148  -713.6 -80.3 -759.8
20211202230149  -713.6 -80.5 -759.8
20211202230150  -713.9 -80.7 -759.6
20211202230151  -713.9 -80.8 -759.7
20211202230152  -713.7 -80.7 -759.7
20211202230153  -713.9 -80.5 -759.8
20211202230154  -713.9 -80.8 -759.9
20211202230155  -714.0 -80.8 -759.9
20211202230156  -714.0 -80.6 -759.5
20211202230157  -713.9 -80.7 -759.4
20211202230158  -713.8 -80.6 -759.6
20211202230159  -713.8 -80.7 -759.5
20211202230200  -713.2 -80.5 -759.3
20211202230201  -713.2 -80.4 -759.1
20211202230202  -713.8 -80.4 -759.1
20211202230203  -714.0 -80.4 -759.7
20211202230204  -714.0 -80.5 -759.5
20211202230205  -714.4 -80.6 -759.4
20211202230206  -714.4 -80.9 -759.3
20211202230207  -714.4 -81.0 -759.3
20211202230208  -714.5 -81.1 -759.2
20211202230209  -714.6 -81.0 -759.4
20211202230210  -714.2 -81.1 -759.3
20211202230211  -713.9 -81.3 -759.2
20211202230212  -714.3 -81.2 -759.1
20211202230213  -714.2 -81.4 -758.9
20211202230214  -714.1 -81.2 -758.8
20211202230215  -714.2 -81.1 -758.7
20211202230216  -714.2 -81.1 -758.4
20211202230217  -714.0 -81.2 -758.4
20211202230218  -714.2 -81.1 -758.5
20211202230219  -714.0 -80.9 -758.7
20211202230220  -713.9 -81.1 -758.5
20211202230221  -713.6 -81.4 -758.9
20211202230222  -713.5 -81.1 -758.6
20211202230223  -713.3 -81.1 -758.4
20211202230224  -713.5 -81.2 -758.4
20211202230225  -713.2 -81.2 -758.5
20211202230226  -712.6 -81.0 -757.6
20211202230227  -712.2 -81.0 -757.3
20211202230228  -712.2 -81.1 -756.9
20211202230229  -713.0 -81.1 -757.8
20211202230230  -713.0 -81.4 -758.0
20211202230231  -712.7 -81.1 -757.8
20211202230232  -713.1 -81.1 -757.8
20211202230233  -712.9 -81.0 -757.6
20211202230234  -712.6 -80.9 -757.7
20211202230235  -712.8 -81.1 -757.2
20211202230236  -712.7 -81.2 -757.4
20211202230237  -712.7 -81.1 -757.4
20211202230238  -712.9 -81.2 -757.4
20211202230239  -712.8 -81.0 -757.5
20211202230240  -712.6 -81.1 -757.5
20211202230241  -712.8 -81.2 -757.7
20211202230242  -712.7 -81.0 -757.5
20211202230243  -712.6 -81.0 -757.7
20211202230244  -712.7 -81.1 -757.6
20211202230245  -712.5 -81.1 -757.8
20211202230246  -712.5 -81.2 -757.6
20211202230247  -712.7 -81.2 -757.6
20211202230248  -712.8 -81.1 -757.6
20211202230249  -712.7 -81.3 -757.5
20211202230250  -712.4 -80.9 -757.4
20211202230251  -712.4 -81.0 -757.1
20211202230252  -711.5 -80.6 -756.7
20211202230253  -711.2 -80.6 -756.4
20211202230254  -711.0 -80.4 -756.2
20211202230255  -711.4 -80.4 -756.7
20211202230256  -711.4 -80.4 -756.5
20211202230257  -711.1 -80.6 -756.5
20211202230258  -711.1 -80.5 -756.6
20211202230259  -711.1 -80.3 -756.5
20211202230300  -710.9 -80.1 -756.3
20211202230301  -710.7 -80.2 -756.1
20211202230302  -710.6 -80.2 -755.6
20211202230303  -710.8 -80.1 -756.2
20211202230304  -710.5 -80.2 -756.3
20211202230305  -710.5 -80.1 -756.4
20211202230306  -710.3 -80.1 -756.0
20211202230307  -710.3 -80.3 -756.3
20211202230308  -710.0 -80.2 -756.3
20211202230309  -710.1 -80.0 -756.1
20211202230310  -709.7 -80.1 -755.6
20211202230311  -709.5 -79.9 -755.8
20211202230312  -709.5 -80.3 -755.5
20211202230313  -709.3 -80.1 -755.3
20211202230314  -708.8 -80.0 -755.1
20211202230315  -709.1 -80.0 -755.1
20211202230316  -708.8 -80.1 -755.2
20211202230317  -708.6 -80.0 -755.5
20211202230318  -707.8 -80.1 -754.9
20211202230319  -707.6 -79.9 -754.8
20211202230320  -707.3 -79.8 -754.5
20211202230321  -707.9 -79.7 -754.8
20211202230322  -707.8 -79.8 -754.8
20211202230323  -707.7 -79.8 -754.9
20211202230324  -707.5 -79.6 -754.6
20211202230325  -707.4 -79.8 -754.8
20211202230326  -707.5 -79.6 -754.8
20211202230327  -707.3 -79.9 -755.0
20211202230328  -707.5 -80.0 -754.7
20211202230329  -707.3 -79.9 -754.7
20211202230330  -707.0 -80.1 -754.3
20211202230331  -707.0 -80.0 -754.6
20211202230332  -707.0 -79.8 -754.6
20211202230333  -706.7 -79.6 -754.7
20211202230334  -706.5 -79.8 -754.6
20211202230335  -706.2 -79.6 -754.6
20211202230336  -706.1 -79.6 -754.5
20211202230337  -706.2 -79.7 -754.4
20211202230338  -706.4 -79.9 -754.4
20211202230339  -706.0 -79.7 -754.4
20211202230340  -705.7 -79.7 -754.7
20211202230341  -705.7 -79.9 -754.5
20211202230342  -705.9 -80.1 -754.3
20211202230343  -705.9 -80.0 -754.2
20211202230344  -704.9 -80.1 -753.9
20211202230345  -704.2 -79.6 -753.3
20211202230346  -704.0 -79.7 -753.2
20211202230347  -704.2 -79.5 -753.1
20211202230348  -704.4 -79.7 -753.7
20211202230349  -704.6 -79.3 -754.0
20211202230350  -704.7 -79.6 -753.5
20211202230351  -704.5 -79.9 -753.5
20211202230352  -704.7 -79.8 -753.6
20211202230353  -704.8 -79.6 -753.9
20211202230354  -704.6 -79.9 -753.8
20211202230355  -704.5 -79.8 -753.6
20211202230356  -704.7 -80.0 -753.9
20211202230357  -704.5 -79.8 -753.7
20211202230358  -704.3 -79.8 -753.7
20211202230359  -704.1 -79.5 -753.7
20211202230400  -704.2 -79.7 -753.4
20211202230401  -704.4 -79.8 -753.9
20211202230402  -704.4 -79.8 -753.9
20211202230403  -704.2 -80.2 -753.8
20211202230404  -704.4 -80.3 -753.8
20211202230405  -704.4 -80.3 -753.7
20211202230406  -704.2 -80.2 -753.8
20211202230407  -704.4 -80.3 -754.0
20211202230408  -704.5 -80.6 -753.8
20211202230409  -704.4 -80.9 -753.9
20211202230410  -704.1 -80.8 -753.9
20211202230411  -703.8 -80.8 -753.3
20211202230412  -703.7 -80.9 -753.3
20211202230413  -704.3 -80.9 -753.5
20211202230414  -704.5 -81.0 -753.6
20211202230415  -704.8 -81.3 -753.6
20211202230416  -704.8 -81.2 -753.7
20211202230417  -704.8 -81.0 -753.8
20211202230418  -704.6 -81.0 -753.6
20211202230419  -704.8 -81.1 -753.6
20211202230420  -704.6 -81.0 -753.8
20211202230421  -704.8 -81.0 -753.4
20211202230422  -704.5 -81.4 -753.6
20211202230423  -704.7 -81.3 -753.7
20211202230424  -704.5 -81.7 -753.3
20211202230425  -704.3 -81.7 -753.2
20211202230426  -704.3 -81.7 -752.8
20211202230427  -704.3 -81.6 -753.2
20211202230428  -704.2 -81.6 -753.4
20211202230429  -704.2 -81.5 -753.1
20211202230430  -704.0 -81.6 -753.0
20211202230431  -704.1 -81.4 -752.8
20211202230432  -704.0 -81.6 -753.2
20211202230433  -704.1 -81.5 -753.0
20211202230434  -704.1 -81.6 -753.2
20211202230435  -703.8 -81.7 -753.2
20211202230436  -703.5 -81.8 -753.1
20211202230437  -703.2 -81.6 -752.5
20211202230438  -702.7 -81.9 -752.1
20211202230439  -703.0 -81.6 -752.6
20211202230440  -703.2 -82.0 -752.7
20211202230441  -703.1 -81.8 -752.6
20211202230442  -703.0 -81.9 -752.8
20211202230443  -703.0 -81.8 -752.4
20211202230444  -702.9 -82.0 -752.6
20211202230445  -702.8 -82.2 -752.6
20211202230446  -702.7 -82.3 -752.9
20211202230447  -702.7 -82.1 -752.6
20211202230448  -702.4 -82.4 -752.6
20211202230449  -702.1 -82.3 -752.9
20211202230450  -702.2 -82.3 -752.7
20211202230451  -702.0 -82.2 -752.8
20211202230452  -702.2 -82.3 -752.9
20211202230453  -702.2 -82.4 -752.5
20211202230454  -702.2 -82.6 -752.7
20211202230455  -701.9 -82.6 -752.7
20211202230456  -702.2 -82.7 -752.7
20211202230457  -701.9 -82.6 -752.8
20211202230458  -702.0 -82.7 -752.8
20211202230459  -701.9 -82.6 -752.9
20211202230500  -701.5 -82.5 -752.9
20211202230501  -701.4 -82.7 -752.8
20211202230502  -701.1 -82.8 -753.0
20211202230503  -700.6 -82.9 -752.6
20211202230504  -700.1 -82.6 -751.9
20211202230505  -701.1 -82.4 -752.5
20211202230506  -700.8 -82.3 -752.6
20211202230507  -700.9 -82.5 -752.7
20211202230508  -700.6 -82.7 -752.7
20211202230509  -700.7 -82.7 -752.8
20211202230510  -700.6 -82.7 -753.1
20211202230511  -700.6 -82.9 -752.9
20211202230512  -700.6 -83.0 -753.0
20211202230513  -700.5 -82.8 -752.9
20211202230514  -700.4 -82.7 -753.0
20211202230515  -700.1 -82.6 -752.8
20211202230516  -700.2 -82.6 -752.8
20211202230517  -700.0 -82.7 -752.9
20211202230518  -700.0 -82.9 -753.0
20211202230519  -700.0 -82.9 -753.1
20211202230520  -700.0 -83.0 -752.8
20211202230521  -700.0 -83.2 -752.7
20211202230522  -700.2 -83.1 -752.7
20211202230523  -700.0 -83.0 -752.7
20211202230524  -700.2 -82.9 -752.8
20211202230525  -700.1 -82.9 -752.9
20211202230526  -700.1 -83.0 -752.7
20211202230527  -700.1 -83.1 -752.8
20211202230528  -700.1 -83.1 -752.8
20211202230529  -699.6 -83.2 -752.7
20211202230530  -699.1 -82.9 -752.5
20211202230531  -699.9 -82.7 -752.8
20211202230532  -700.0 -82.8 -753.0
20211202230533  -700.0 -82.8 -752.9
20211202230534  -699.9 -82.5 -753.1
20211202230535  -700.3 -82.7 -753.2
20211202230536  -700.2 -83.0 -753.3
20211202230537  -699.9 -83.0 -753.2
20211202230538  -699.9 -83.0 -753.3
20211202230539  -700.0 -83.1 -753.5
20211202230540  -699.9 -82.7 -753.2
20211202230541  -700.2 -82.8 -753.3
20211202230542  -700.6 -82.7 -753.2
20211202230543  -700.5 -82.7 -753.3
20211202230544  -700.5 -82.9 -753.2
20211202230545  -700.4 -83.0 -753.5
20211202230546  -700.6 -82.9 -753.4
20211202230547  -700.4 -82.7 -753.5
20211202230548  -700.6 -82.8 -754.0
20211202230549  -700.9 -82.8 -753.9
20211202230550  -700.7 -82.9 -753.8
20211202230551  -700.9 -83.1 -753.7
20211202230552  -701.2 -83.0 -753.8
20211202230553  -701.1 -82.9 -754.0
20211202230554  -701.2 -83.0 -754.1
20211202230555  -700.9 -83.2 -753.6
20211202230556  -700.6 -83.0 -753.1
20211202230557  -701.4 -83.2 -753.8
20211202230558  -701.2 -83.5 -753.9
20211202230559  -701.3 -83.8 -754.1
20211202230600  -701.4 -83.9 -754.1
20211202230601  -701.5 -84.0 -754.1
20211202230602  -701.8 -84.0 -754.4
20211202230603  -701.8 -83.8 -754.2
20211202230604  -701.7 -83.8 -754.2
20211202230605  -702.2 -83.8 -754.0
20211202230606  -702.2 -84.1 -753.9
20211202230607  -702.2 -83.9 -753.9
20211202230608  -702.2 -83.7 -753.9
20211202230609  -702.2 -83.7 -754.1
20211202230610  -702.2 -83.8 -754.0
20211202230611  -702.5 -84.2 -754.0
20211202230612  -702.6 -84.1 -754.2
20211202230613  -702.9 -84.1 -754.0
20211202230614  -702.9 -83.8 -754.2
20211202230615  -702.7 -83.9 -754.3
20211202230616  -702.7 -83.6 -753.9
20211202230617  -702.9 -84.0 -754.0
20211202230618  -702.6 -84.1 -754.1
20211202230619  -702.9 -83.9 -754.3
20211202230620  -702.8 -83.9 -754.5
20211202230621  -702.7 -84.0 -754.3
20211202230622  -702.2 -83.7 -753.6
20211202230623  -702.8 -83.9 -753.8
20211202230624  -703.5 -83.9 -754.5
20211202230625  -703.2 -84.0 -754.3
20211202230626  -703.3 -83.9 -754.3
20211202230627  -703.3 -84.3 -754.5
20211202230628  -703.6 -84.0 -754.5
20211202230629  -703.7 -84.4 -754.6
20211202230630  -703.7 -84.2 -754.5
20211202230631  -703.9 -84.2 -754.5
20211202230632  -704.0 -84.4 -754.8
20211202230633  -704.1 -84.2 -754.9
20211202230634  -704.3 -84.5 -754.9
20211202230635  -704.3 -84.5 -755.1
20211202230636  -704.5 -84.6 -755.0
20211202230637  -704.8 -84.5 -755.2
20211202230638  -704.4 -84.5 -755.3
20211202230639  -704.5 -84.5 -755.5
20211202230640  -704.6 -84.5 -755.4
20211202230641  -704.7 -84.5 -755.1
20211202230642  -704.7 -84.5 -755.0
20211202230643  -704.7 -84.8 -755.0
20211202230644  -705.1 -84.9 -755.0
20211202230645  -704.9 -84.9 -755.2
20211202230646  -705.0 -84.7 -755.1
20211202230647  -704.5 -84.7 -755.1
20211202230648  -703.8 -84.8 -754.8
20211202230649  -703.8 -84.6 -754.5
20211202230650  -704.1 -85.1 -755.2
20211202230651  -704.4 -85.2 -755.1
20211202230652  -704.2 -85.2 -755.3
20211202230653  -704.2 -85.3 -755.2
20211202230654  -703.9 -85.1 -755.2
20211202230655  -703.9 -85.2 -754.9
20211202230656  -703.9 -85.0 -754.8
20211202230657  -704.0 -85.1 -755.1
20211202230658  -703.8 -85.2 -754.8
20211202230659  -703.7 -84.9 -754.9
20211202230700  -703.5 -84.9 -755.0
20211202230701  -703.7 -84.9 -755.1
20211202230702  -703.4 -85.1 -754.8
20211202230703  -703.5 -85.1 -754.9
20211202230704  -703.7 -85.1 -755.0
20211202230705  -703.6 -85.4 -755.0
20211202230706  -703.6 -85.1 -755.1
20211202230707  -703.7 -85.2 -754.7
20211202230708  -703.8 -85.2 -754.8
20211202230709  -703.6 -85.1 -755.2
20211202230710  -703.6 -85.0 -755.4
20211202230711  -703.7 -85.1 -755.5
20211202230712  -704.0 -85.6 -755.7
20211202230713  -703.4 -85.6 -755.6
20211202230714  -703.0 -85.3 -754.9
20211202230715  -702.8 -85.4 -754.7
20211202230716  -703.6 -85.1 -755.2
20211202230717  -703.7 -85.3 -755.6
20211202230718  -703.9 -85.5 -755.6
20211202230719  -704.1 -85.6 -755.9
20211202230720  -704.2 -85.4 -755.7
20211202230721  -704.2 -85.7 -755.9
20211202230722  -704.1 -85.8 -755.8
20211202230723  -704.2 -85.7 -755.7
20211202230724  -704.0 -85.9 -755.7
20211202230725  -704.5 -86.2 -755.8
20211202230726  -704.4 -86.1 -756.0
20211202230727  -704.7 -86.1 -756.2
20211202230728  -704.6 -86.1 -756.1
20211202230729  -704.8 -86.3 -756.1
20211202230730  -704.9 -86.4 -756.1
20211202230731  -704.9 -86.2 -755.9
20211202230732  -705.2 -86.3 -756.0
20211202230733  -705.1 -86.4 -755.9
20211202230734  -704.9 -86.3 -756.1
20211202230735  -705.1 -86.6 -756.1
20211202230736  -705.0 -86.7 -756.2
20211202230737  -704.8 -86.6 -756.2
20211202230738  -705.1 -86.7 -756.2
20211202230739  -704.9 -86.6 -756.0
20211202230740  -704.8 -86.6 -755.9
20211202230741  -704.3 -86.3 -755.7
20211202230742  -704.5 -86.3 -755.3
20211202230743  -705.4 -86.6 -755.8
20211202230744  -705.4 -86.7 -756.0
20211202230745  -705.4 -86.9 -756.2
20211202230746  -705.6 -86.9 -756.2
20211202230747  -705.7 -86.9 -756.3
20211202230748  -705.6 -86.9 -756.6
20211202230749  -705.8 -86.8 -756.5
20211202230750  -705.9 -86.9 -756.4
20211202230751  -705.9 -87.2 -756.3
20211202230752  -706.1 -86.9 -756.5
20211202230753  -705.9 -87.2 -756.9
20211202230754  -706.1 -87.4 -757.1
20211202230755  -706.6 -87.4 -757.1
20211202230756  -706.7 -87.4 -757.2
20211202230757  -707.1 -87.6 -757.3
20211202230758  -707.1 -87.5 -757.3
20211202230759  -707.2 -87.3 -757.4
20211202230800  -707.4 -87.7 -757.7
20211202230801  -707.6 -87.7 -758.0
20211202230802  -707.5 -87.7 -757.5
20211202230803  -707.9 -87.9 -757.7
20211202230804  -707.8 -87.9 -757.8
20211202230805  -708.0 -88.0 -758.0
20211202230806  -707.6 -88.0 -757.8
20211202230807  -707.4 -87.9 -757.4
20211202230808  -707.7 -87.9 -757.3
20211202230809  -708.2 -87.7 -757.7
20211202230810  -708.7 -88.0 -758.2
20211202230811  -708.8 -88.0 -758.3
20211202230812  -708.7 -88.0 -758.3
20211202230813  -709.0 -88.0 -758.2
