20211110185831  -664.9 -88.8 -184.4
20211110185832  -665.0 -88.8 -184.5
20211110185833  -665.2 -89.0 -184.7
20211110185834  -665.0 -88.9 -184.7
20211110185835  -665.2 -89.0 -184.6
20211110185836  -665.0 -88.9 -184.7
20211110185837  -664.8 -89.1 -184.9
20211110185838  -665.0 -89.0 -185.1
20211110185839  -664.8 -89.0 -184.9
20211110185840  -665.0 -88.7 -185.0
20211110185841  -664.6 -89.0 -184.5
20211110185842  -664.2 -88.9 -184.1
20211110185843  -665.1 -89.1 -184.5
20211110185844  -665.4 -89.3 -184.8
20211110185845  -665.1 -89.2 -184.7
20211110185846  -665.2 -89.2 -184.8
20211110185847  -665.1 -89.0 -184.5
20211110185848  -665.1 -89.2 -184.8
20211110185849  -664.9 -89.2 -184.9
20211110185850  -665.0 -89.0 -184.6
20211110185851  -664.9 -89.2 -185.1
20211110185852  -664.7 -89.1 -185.1
20211110185853  -664.9 -89.1 -185.1
20211110185854  -664.9 -89.2 -184.8
20211110185855  -665.1 -89.2 -184.6
20211110185856  -665.3 -89.0 -184.6
20211110185857  -665.3 -89.1 -184.8
20211110185858  -665.1 -89.0 -184.6
20211110185859  -665.1 -89.2 -184.7
20211110185900  -665.1 -89.0 -184.9
20211110185901  -665.2 -89.4 -184.8
20211110185902  -665.4 -89.0 -185.1
20211110185903  -665.1 -89.4 -184.8
20211110185904  -665.1 -89.0 -184.6
20211110185905  -665.0 -88.9 -184.8
20211110185906  -665.4 -88.9 -184.8
20211110185907  -665.7 -89.3 -184.6
20211110185908  -665.6 -88.9 -184.7
20211110185909  -665.6 -89.1 -184.7
20211110185910  -665.4 -89.3 -184.8
20211110185911  -665.2 -89.3 -184.7
20211110185912  -664.6 -89.3 -184.2
20211110185913  -664.9 -88.9 -184.2
20211110185914  -665.3 -89.2 -184.2
20211110185915  -665.2 -89.3 -184.4
20211110185916  -665.4 -89.1 -184.4
20211110185917  -665.5 -89.0 -184.6
20211110185918  -665.6 -89.2 -184.7
20211110185919  -665.3 -89.0 -184.6
20211110185920  -665.0 -89.3 -184.7
20211110185921  -665.2 -89.3 -184.6
20211110185922  -665.2 -89.4 -184.7
20211110185923  -665.4 -89.0 -184.6
20211110185924  -665.8 -89.1 -184.7
20211110185925  -665.7 -89.1 -184.7
20211110185926  -665.4 -88.8 -184.5
20211110185927  -665.3 -88.8 -184.6
20211110185928  -665.4 -88.6 -184.5
20211110185929  -665.6 -89.1 -184.2
20211110185930  -665.8 -89.2 -184.4
20211110185931  -665.8 -89.3 -184.5
20211110185932  -665.8 -89.2 -184.7
20211110185933  -665.7 -89.0 -184.9
20211110185934  -665.6 -88.9 -184.5
20211110185935  -665.5 -88.9 -184.4
20211110185936  -665.6 -89.0 -184.3
20211110185937  -665.7 -89.0 -184.3
20211110185938  -665.6 -88.9 -184.5
20211110185939  -665.7 -89.0 -184.7
20211110185940  -665.7 -89.1 -184.5
20211110185941  -665.3 -89.2 -184.1
20211110185942  -664.8 -88.9 -183.9
20211110185943  -664.9 -89.0 -183.8
20211110185944  -665.4 -88.8 -184.4
20211110185945  -665.6 -88.6 -184.4
20211110185946  -665.3 -88.9 -184.5
20211110185947  -665.5 -89.1 -184.4
20211110185948  -665.6 -88.9 -184.4
20211110185949  -665.7 -89.1 -184.6
20211110185950  -665.7 -89.0 -184.4
20211110185951  -666.2 -89.1 -184.8
20211110185952  -666.0 -89.2 -184.7
20211110185953  -665.8 -89.1 -184.6
20211110185954  -666.2 -89.0 -184.9
20211110185955  -666.2 -89.0 -184.7
20211110185956  -666.2 -88.8 -184.7
20211110185957  -666.1 -88.7 -184.7
20211110185958  -665.9 -89.0 -184.6
20211110185959  -665.9 -89.2 -184.6
20211110190000  -666.1 -89.2 -184.3
20211110190001  -665.9 -88.9 -184.2
20211110190002  -665.9 -88.9 -184.3
20211110190003  -666.0 -89.1 -184.6
20211110190004  -666.0 -89.2 -184.4
20211110190005  -666.1 -89.0 -184.7
20211110190006  -665.9 -88.9 -184.5
20211110190007  -666.3 -89.3 -184.2
20211110190008  -666.2 -89.0 -184.4
20211110190009  -666.4 -89.2 -184.5
20211110190010  -666.3 -89.2 -184.5
20211110190011  -665.8 -89.2 -184.7
20211110190012  -665.1 -88.9 -183.8
20211110190013  -665.2 -88.9 -184.0
20211110190014  -665.8 -89.0 -184.4
20211110190015  -665.9 -89.1 -184.4
20211110190016  -666.1 -89.1 -184.3
20211110190017  -666.2 -89.2 -184.7
20211110190018  -666.2 -89.3 -184.8
20211110190019  -665.9 -89.3 -184.5
20211110190020  -666.0 -89.0 -184.7
20211110190021  -665.9 -89.2 -184.7
20211110190022  -666.1 -89.1 -184.5
20211110190023  -665.9 -89.2 -184.7
20211110190024  -665.8 -89.3 -184.5
20211110190025  -666.0 -89.0 -184.5
20211110190026  -666.1 -89.1 -184.7
20211110190027  -666.0 -89.2 -184.7
20211110190028  -665.9 -89.2 -184.6
20211110190029  -666.1 -89.2 -184.4
20211110190030  -666.1 -89.0 -184.6
20211110190031  -665.9 -89.0 -184.6
20211110190032  -665.8 -89.2 -184.7
20211110190033  -665.8 -88.8 -184.8
20211110190034  -666.0 -88.7 -184.6
20211110190035  -666.1 -89.1 -184.5
20211110190036  -665.9 -89.0 -184.6
20211110190037  -666.2 -89.0 -184.5
20211110190038  -666.0 -89.2 -184.5
20211110190039  -666.0 -89.2 -184.8
20211110190040  -666.0 -88.9 -184.5
20211110190041  -666.0 -89.2 -184.3
20211110190042  -665.5 -89.1 -184.1
20211110190043  -665.1 -89.0 -183.9
20211110190044  -665.6 -88.5 -183.9
20211110190045  -666.0 -88.5 -184.3
20211110190046  -666.3 -88.6 -184.1
20211110190047  -666.1 -88.8 -184.4
20211110190048  -665.9 -88.9 -184.4
20211110190049  -665.9 -89.0 -184.5
20211110190050  -665.9 -89.0 -184.2
20211110190051  -665.7 -89.1 -184.3
20211110190052  -665.8 -89.2 -184.4
20211110190053  -665.9 -88.8 -184.0
20211110190054  -665.8 -89.1 -184.2
20211110190055  -665.8 -89.3 -184.2
20211110190056  -665.6 -88.9 -184.2
20211110190057  -665.7 -88.7 -184.2
20211110190058  -665.7 -88.6 -184.0
20211110190059  -665.6 -88.7 -184.2
20211110190100  -665.6 -88.4 -184.3
20211110190101  -665.9 -88.8 -184.3
20211110190102  -665.8 -88.6 -184.2
20211110190103  -665.7 -88.8 -184.2
20211110190104  -666.0 -88.7 -184.0
20211110190105  -665.4 -88.5 -184.4
20211110190106  -665.6 -88.6 -184.7
20211110190107  -665.7 -88.3 -184.2
20211110190108  -665.7 -88.8 -184.3
20211110190109  -665.9 -89.1 -184.3
20211110190110  -665.9 -88.9 -184.3
20211110190111  -665.6 -89.0 -184.0
20211110190112  -665.0 -88.7 -183.6
20211110190113  -665.0 -88.9 -183.5
20211110190114  -665.0 -88.6 -183.6
20211110190115  -665.9 -88.8 -184.1
20211110190116  -665.7 -88.6 -184.2
20211110190117  -665.8 -88.7 -184.5
20211110190118  -665.7 -88.4 -184.2
20211110190119  -665.6 -88.5 -184.3
20211110190120  -665.7 -88.7 -184.3
20211110190121  -665.8 -88.4 -184.6
20211110190122  -665.5 -88.6 -184.4
20211110190123  -665.7 -88.8 -184.7
20211110190124  -665.6 -88.7 -184.8
20211110190125  -665.9 -88.6 -184.5
20211110190126  -665.9 -88.6 -184.4
20211110190127  -666.0 -88.4 -184.6
20211110190128  -666.1 -88.6 -184.5
20211110190129  -666.0 -89.0 -184.5
20211110190130  -665.8 -88.7 -184.5
20211110190131  -665.9 -88.6 -184.5
20211110190132  -665.7 -88.6 -184.5
20211110190133  -666.0 -88.4 -184.6
20211110190134  -665.8 -88.4 -184.6
20211110190135  -666.0 -88.7 -184.8
20211110190136  -665.9 -88.9 -184.4
20211110190137  -665.9 -88.8 -184.5
20211110190138  -666.0 -88.8 -184.5
20211110190139  -665.8 -88.7 -184.2
20211110190140  -665.9 -88.4 -184.2
20211110190141  -665.6 -88.9 -184.0
20211110190142  -665.2 -88.5 -183.5
20211110190143  -664.9 -88.3 -183.2
20211110190144  -664.9 -88.3 -183.0
20211110190145  -665.7 -88.5 -183.8
20211110190146  -665.9 -88.5 -183.8
20211110190147  -666.0 -88.5 -183.9
20211110190148  -665.7 -88.5 -183.8
20211110190149  -666.1 -88.4 -184.1
20211110190150  -666.0 -88.3 -184.0
20211110190151  -666.1 -88.6 -184.2
20211110190152  -666.0 -88.4 -184.1
20211110190153  -666.2 -88.6 -183.9
20211110190154  -666.2 -88.7 -183.8
20211110190155  -666.2 -88.9 -183.8
20211110190156  -666.4 -88.8 -184.0
20211110190157  -666.3 -88.8 -184.0
20211110190158  -666.6 -88.5 -183.9
20211110190159  -666.7 -88.7 -184.1
20211110190200  -666.4 -88.6 -183.8
20211110190201  -666.5 -88.5 -183.9
20211110190202  -666.4 -88.6 -183.9
20211110190203  -666.3 -88.7 -183.7
20211110190204  -666.4 -88.5 -183.6
20211110190205  -666.3 -88.6 -183.8
20211110190206  -666.3 -88.6 -184.1
20211110190207  -666.5 -88.6 -184.1
20211110190208  -666.1 -88.5 -184.1
20211110190209  -666.2 -88.5 -184.3
20211110190210  -666.4 -88.5 -184.0
20211110190211  -666.2 -88.7 -184.2
20211110190212  -665.6 -88.7 -183.7
20211110190213  -665.3 -88.7 -183.4
20211110190214  -665.7 -88.6 -183.7
20211110190215  -666.4 -88.4 -184.1
