20211116211030  -671.8 -79.0 -180.5
20211116211031  -672.0 -79.0 -180.4
20211116211032  -671.5 -78.9 -180.3
20211116211033  -671.2 -78.6 -179.9
20211116211034  -670.9 -78.5 -179.5
20211116211035  -671.2 -78.2 -179.9
20211116211036  -671.6 -78.5 -180.8
20211116211037  -671.7 -78.4 -180.3
20211116211038  -671.6 -78.4 -180.3
20211116211039  -671.9 -78.5 -180.2
20211116211040  -672.0 -78.3 -180.4
20211116211041  -671.8 -78.5 -180.7
20211116211042  -671.9 -78.3 -180.4
20211116211043  -672.1 -78.2 -180.4
20211116211044  -672.5 -78.2 -180.5
20211116211045  -672.5 -78.2 -180.7
20211116211046  -672.5 -78.0 -180.7
20211116211047  -672.5 -77.9 -180.8
20211116211048  -672.8 -77.8 -181.1
20211116211049  -672.9 -78.0 -181.3
20211116211050  -673.0 -78.0 -181.5
20211116211051  -673.1 -78.0 -181.2
20211116211052  -673.2 -78.2 -181.2
20211116211053  -673.5 -78.1 -181.2
20211116211054  -673.3 -78.3 -181.1
20211116211055  -673.5 -78.2 -181.4
20211116211056  -673.7 -78.2 -181.3
20211116211057  -674.2 -78.2 -181.3
20211116211058  -674.0 -78.5 -181.0
20211116211059  -674.1 -78.7 -181.4
20211116211100  -674.1 -78.7 -181.5
20211116211101  -674.0 -78.8 -181.7
20211116211102  -674.3 -78.8 -181.6
20211116211103  -673.5 -78.7 -181.0
20211116211104  -673.4 -78.5 -181.1
20211116211105  -673.0 -78.4 -181.1
20211116211106  -673.2 -78.2 -181.6
20211116211107  -673.5 -78.1 -181.8
20211116211108  -673.4 -78.3 -181.6
20211116211109  -673.5 -78.7 -181.6
20211116211110  -673.6 -78.5 -181.4
20211116211111  -673.4 -78.3 -181.3
20211116211112  -673.1 -78.2 -181.5
20211116211113  -672.9 -78.1 -181.4
20211116211114  -673.0 -78.1 -181.4
20211116211115  -672.7 -78.3 -181.5
20211116211116  -672.0 -78.0 -181.7
20211116211117  -672.1 -78.2 -181.8
20211116211118  -671.7 -78.0 -181.8
20211116211119  -671.6 -77.7 -181.7
20211116211120  -671.5 -77.8 -181.9
20211116211121  -671.2 -77.8 -182.0
20211116211122  -671.0 -78.0 -182.1
20211116211123  -670.7 -77.9 -182.2
20211116211124  -670.3 -78.1 -182.0
20211116211125  -670.0 -77.8 -181.9
20211116211126  -669.8 -77.5 -182.2
20211116211127  -669.7 -77.7 -182.5
20211116211128  -669.5 -77.6 -182.5
20211116211129  -669.6 -77.8 -182.9
20211116211130  -669.6 -77.8 -182.8
20211116211131  -669.6 -77.6 -182.6
20211116211132  -669.5 -77.4 -182.8
20211116211133  -668.7 -77.3 -182.6
20211116211134  -668.3 -77.2 -182.0
20211116211135  -667.9 -76.7 -182.0
20211116211136  -667.7 -76.5 -181.9
20211116211137  -668.4 -76.9 -182.2
20211116211138  -668.6 -76.9 -182.5
20211116211139  -668.0 -76.8 -182.2
20211116211140  -668.0 -77.0 -182.5
20211116211141  -667.6 -77.0 -182.5
20211116211142  -667.2 -77.1 -182.7
20211116211143  -667.3 -77.0 -183.2
20211116211144  -667.0 -77.3 -182.8
20211116211145  -666.6 -77.0 -183.0
20211116211146  -666.3 -77.2 -183.2
20211116211147  -666.5 -77.4 -182.9
20211116211148  -665.9 -77.2 -183.1
20211116211149  -666.0 -77.1 -183.1
20211116211150  -665.7 -77.0 -183.4
20211116211151  -665.5 -77.0 -183.6
20211116211152  -665.7 -77.1 -183.6
20211116211153  -665.5 -77.4 -183.8
20211116211154  -665.5 -77.4 -184.0
20211116211155  -665.4 -77.4 -183.9
20211116211156  -665.2 -77.2 -183.9
20211116211157  -665.3 -77.3 -183.8
20211116211158  -665.4 -77.5 -183.9
20211116211159  -665.2 -77.5 -184.1
20211116211200  -665.3 -77.4 -183.7
20211116211201  -665.7 -77.6 -184.2
20211116211202  -665.6 -77.9 -184.2
20211116211203  -665.0 -78.0 -183.5
20211116211204  -664.9 -77.7 -183.2
20211116211205  -664.6 -77.8 -183.0
20211116211206  -664.6 -77.6 -183.2
20211116211207  -664.7 -77.4 -183.4
20211116211208  -665.7 -77.7 -183.8
20211116211209  -665.9 -77.7 -183.7
20211116211210  -665.9 -77.6 -183.7
20211116211211  -666.1 -77.3 -183.7
20211116211212  -666.0 -77.0 -183.9
20211116211213  -665.9 -77.3 -183.5
20211116211214  -666.1 -77.1 -183.4
20211116211215  -666.0 -77.0 -183.2
20211116211216  -666.3 -76.9 -183.2
20211116211217  -666.2 -77.0 -183.4
20211116211218  -666.0 -76.8 -183.5
20211116211219  -666.0 -76.8 -183.2
20211116211220  -665.9 -76.9 -183.2
20211116211221  -665.9 -76.7 -183.1
20211116211222  -665.8 -76.4 -183.1
20211116211223  -665.9 -75.9 -182.7
20211116211224  -666.0 -75.8 -182.8
20211116211225  -665.8 -75.7 -182.7
20211116211226  -665.9 -75.6 -182.7
20211116211227  -666.0 -75.4 -182.6
20211116211228  -666.5 -75.5 -183.0
20211116211229  -666.4 -75.0 -182.7
20211116211230  -666.3 -74.8 -182.9
20211116211231  -666.5 -74.7 -182.8
20211116211232  -666.4 -74.6 -183.0
20211116211233  -666.4 -74.6 -182.8
20211116211234  -665.8 -74.1 -182.1
20211116211235  -665.6 -74.0 -181.9
20211116211236  -665.4 -73.9 -181.8
20211116211237  -665.1 -73.4 -181.5
20211116211238  -665.7 -73.4 -182.0
20211116211239  -665.9 -73.3 -182.2
20211116211240  -665.7 -72.9 -182.1
20211116211241  -666.1 -73.0 -182.0
20211116211242  -665.8 -72.6 -181.7
20211116211243  -665.8 -72.3 -182.1
20211116211244  -665.9 -72.3 -182.0
20211116211245  -666.0 -72.4 -181.9
20211116211246  -665.7 -72.0 -182.3
20211116211247  -665.9 -72.0 -182.2
20211116211248  -665.6 -71.6 -181.9
20211116211249  -665.3 -71.3 -182.0
20211116211250  -665.4 -71.3 -182.2
20211116211251  -665.6 -71.3 -182.4
20211116211252  -665.7 -71.5 -182.0
20211116211253  -665.4 -71.0 -182.1
20211116211254  -665.5 -70.9 -181.7
20211116211255  -665.4 -70.8 -181.7
20211116211256  -665.3 -70.6 -181.7
20211116211257  -665.0 -70.4 -181.8
20211116211258  -665.1 -70.3 -181.8
20211116211259  -665.0 -70.0 -181.8
20211116211300  -665.0 -69.9 -181.6
20211116211301  -665.1 -70.0 -181.4
20211116211302  -665.3 -70.1 -181.2
20211116211303  -665.0 -69.8 -181.2
20211116211304  -664.6 -69.5 -180.7
20211116211305  -664.4 -69.2 -180.5
20211116211306  -663.8 -69.2 -180.1
20211116211307  -663.8 -68.8 -180.1
20211116211308  -664.6 -68.6 -180.6
20211116211309  -665.0 -68.8 -181.0
20211116211310  -665.0 -68.2 -181.3
20211116211311  -665.0 -68.4 -181.0
20211116211312  -665.0 -68.7 -181.1
20211116211313  -665.2 -68.6 -181.0
20211116211314  -665.2 -68.6 -181.0
20211116211315  -665.3 -68.7 -181.0
20211116211316  -665.4 -68.5 -181.0
20211116211317  -665.5 -68.3 -180.9
20211116211318  -665.8 -68.5 -181.0
20211116211319  -665.5 -68.6 -180.9
20211116211320  -665.7 -68.6 -181.1
20211116211321  -665.9 -68.8 -181.0
20211116211322  -665.8 -68.9 -181.1
20211116211323  -666.1 -69.2 -181.3
20211116211324  -666.2 -69.1 -181.2
20211116211325  -666.2 -69.4 -181.4
20211116211326  -665.9 -69.1 -180.8
20211116211327  -666.5 -69.4 -180.8
20211116211328  -666.7 -69.4 -181.2
20211116211329  -666.8 -69.7 -181.1
20211116211330  -666.9 -69.8 -181.2
20211116211331  -667.0 -69.7 -180.9
20211116211332  -666.9 -69.8 -181.0
20211116211333  -667.2 -69.9 -181.2
20211116211334  -666.8 -70.3 -180.7
20211116211335  -666.5 -70.1 -180.1
20211116211336  -666.2 -70.1 -180.1
20211116211337  -666.3 -70.2 -180.2
20211116211338  -666.9 -70.6 -180.7
20211116211339  -667.1 -70.7 -181.1
20211116211340  -667.2 -70.7 -181.0
20211116211341  -667.7 -70.9 -181.0
20211116211342  -667.9 -70.7 -180.8
20211116211343  -667.7 -70.7 -180.9
20211116211344  -668.2 -71.0 -180.9
20211116211345  -668.2 -71.1 -180.6
20211116211346  -668.6 -71.2 -180.9
20211116211347  -668.5 -71.2 -180.8
20211116211348  -668.8 -71.0 -180.8
20211116211349  -669.1 -70.8 -180.7
20211116211350  -669.4 -70.6 -180.9
20211116211351  -669.6 -70.6 -180.8
20211116211352  -670.0 -70.7 -180.9
20211116211353  -669.8 -70.6 -180.7
20211116211354  -670.3 -70.4 -181.2
20211116211355  -670.3 -70.6 -181.4
20211116211356  -670.3 -70.4 -181.3
20211116211357  -670.8 -70.5 -181.0
20211116211358  -670.6 -70.6 -181.1
20211116211359  -670.8 -70.3 -181.0
20211116211400  -670.8 -70.3 -180.8
20211116211401  -670.7 -70.0 -181.0
20211116211402  -670.7 -69.9 -181.1
20211116211403  -670.9 -70.3 -181.0
20211116211404  -670.6 -70.2 -181.1
20211116211405  -670.3 -69.7 -180.6
20211116211406  -670.2 -69.9 -180.3
20211116211407  -670.4 -69.9 -180.6
20211116211408  -670.9 -69.7 -181.1
20211116211409  -671.2 -69.6 -181.4
20211116211410  -671.1 -69.8 -181.4
20211116211411  -670.9 -69.8 -181.5
20211116211412  -670.9 -69.6 -181.5
20211116211413  -671.0 -69.8 -181.7
20211116211414  -671.1 -70.1 -181.8
20211116211415  -671.1 -70.2 -181.8
20211116211416  -671.3 -70.0 -182.0
20211116211417  -671.1 -70.1 -181.9
20211116211418  -671.2 -70.2 -181.8
20211116211419  -671.1 -69.9 -182.1
20211116211420  -671.2 -70.0 -182.2
20211116211421  -671.5 -70.3 -182.3
20211116211422  -671.4 -69.8 -182.4
20211116211423  -671.5 -70.1 -182.3
20211116211424  -671.7 -70.1 -182.1
20211116211425  -672.0 -70.4 -182.2
20211116211426  -672.0 -70.3 -182.5
20211116211427  -672.3 -70.2 -182.7
20211116211428  -672.1 -70.1 -182.7
20211116211429  -672.0 -70.1 -182.9
20211116211430  -671.7 -70.2 -182.8
20211116211431  -671.8 -70.2 -182.6
20211116211432  -672.0 -70.2 -182.9
20211116211433  -672.1 -70.6 -182.7
20211116211434  -671.9 -70.4 -182.8
20211116211435  -671.5 -70.3 -182.6
20211116211436  -671.2 -70.2 -182.2
20211116211437  -671.6 -70.2 -182.4
20211116211438  -672.0 -70.6 -182.8
20211116211439  -672.1 -70.7 -182.7
20211116211440  -672.1 -70.6 -182.9
20211116211441  -671.9 -70.9 -182.6
20211116211442  -672.0 -70.8 -182.7
20211116211443  -672.0 -70.8 -182.8
20211116211444  -671.6 -70.6 -182.7
20211116211445  -671.5 -70.9 -182.6
20211116211446  -671.5 -70.8 -182.7
20211116211447  -671.6 -71.1 -182.5
20211116211448  -671.4 -70.9 -182.3
20211116211449  -671.4 -71.1 -182.5
20211116211450  -671.3 -70.9 -182.5
20211116211451  -671.3 -70.9 -182.6
20211116211452  -671.3 -71.1 -182.5
20211116211453  -671.4 -71.1 -182.5
20211116211454  -671.1 -71.3 -182.3
20211116211455  -671.2 -71.1 -182.3
20211116211456  -671.2 -71.0 -182.5
20211116211457  -671.2 -71.2 -182.6
20211116211458  -670.9 -71.1 -182.6
20211116211459  -671.2 -71.3 -182.4
20211116211500  -670.8 -71.0 -182.7
20211116211501  -670.6 -71.1 -182.7
20211116211502  -670.6 -71.1 -182.6
20211116211503  -670.5 -71.1 -182.7
20211116211504  -670.6 -71.5 -183.0
20211116211505  -670.1 -71.2 -182.2
20211116211506  -669.5 -71.0 -181.6
20211116211507  -669.6 -70.8 -182.2
20211116211508  -670.2 -71.3 -182.6
20211116211509  -670.3 -71.1 -182.4
20211116211510  -670.1 -71.1 -182.8
20211116211511  -670.1 -71.2 -182.4
20211116211512  -670.0 -71.5 -182.7
20211116211513  -670.2 -71.5 -183.0
20211116211514  -670.2 -71.5 -183.1
20211116211515  -670.1 -71.4 -183.1
20211116211516  -669.8 -71.6 -182.6
20211116211517  -670.1 -71.7 -183.0
20211116211518  -670.4 -71.9 -183.5
20211116211519  -669.9 -71.7 -183.7
20211116211520  -670.2 -71.7 -183.6
20211116211521  -670.2 -71.8 -183.2
20211116211522  -670.0 -71.7 -183.3
20211116211523  -670.2 -72.1 -183.3
20211116211524  -670.0 -71.8 -183.2
20211116211525  -670.0 -72.2 -183.4
20211116211526  -670.1 -71.9 -183.3
20211116211527  -670.0 -71.9 -183.4
20211116211528  -669.8 -72.3 -183.4
20211116211529  -669.6 -72.2 -183.8
20211116211530  -669.6 -72.4 -183.9
20211116211531  -669.5 -72.5 -183.7
20211116211532  -669.5 -72.6 -183.8
20211116211533  -669.5 -72.6 -184.2
20211116211534  -669.4 -72.7 -184.2
20211116211535  -668.8 -72.8 -184.0
20211116211536  -668.4 -72.8 -183.6
20211116211537  -668.0 -72.6 -183.3
20211116211538  -668.9 -73.0 -184.1
20211116211539  -668.7 -73.0 -184.2
20211116211540  -668.9 -73.1 -184.1
20211116211541  -668.9 -73.4 -184.3
20211116211542  -669.1 -73.4 -184.7
20211116211543  -668.9 -73.4 -184.6
20211116211544  -668.8 -73.7 -184.4
20211116211545  -668.7 -73.5 -184.7
20211116211546  -668.9 -73.7 -184.6
20211116211547  -668.9 -73.6 -184.8
20211116211548  -668.9 -73.7 -184.9
20211116211549  -668.9 -73.6 -185.0
20211116211550  -668.9 -74.0 -185.0
20211116211551  -668.7 -74.0 -185.1
20211116211552  -668.9 -73.9 -185.1
20211116211553  -668.9 -73.8 -185.3
20211116211554  -669.1 -73.9 -185.2
20211116211555  -669.0 -74.1 -185.3
20211116211556  -668.9 -74.3 -185.4
20211116211557  -669.1 -74.2 -185.4
20211116211558  -669.0 -74.1 -185.4
20211116211559  -669.0 -74.4 -185.4
20211116211600  -668.8 -74.4 -185.5
20211116211601  -668.9 -74.4 -185.7
20211116211602  -669.0 -74.7 -185.8
20211116211603  -668.9 -74.6 -185.8
20211116211604  -669.1 -74.4 -185.7
20211116211605  -669.1 -74.5 -185.8
20211116211606  -668.7 -74.2 -185.4
20211116211607  -668.3 -74.2 -185.2
20211116211608  -668.9 -74.2 -185.4
20211116211609  -669.4 -74.3 -185.8
20211116211610  -669.3 -74.1 -185.9
20211116211611  -669.5 -74.1 -185.9
20211116211612  -669.5 -73.9 -185.9
20211116211613  -669.8 -74.0 -185.8
20211116211614  -669.8 -73.9 -186.2
20211116211615  -669.8 -74.2 -186.3
20211116211616  -670.1 -74.2 -186.3
20211116211617  -670.0 -74.3 -186.1
20211116211618  -670.0 -74.1 -186.3
20211116211619  -670.2 -74.2 -186.3
20211116211620  -670.4 -74.4 -186.4
20211116211621  -670.2 -74.6 -186.2
20211116211622  -670.0 -74.0 -186.3
20211116211623  -670.3 -74.2 -186.3
20211116211624  -670.2 -74.3 -186.5
20211116211625  -670.4 -74.2 -186.0
20211116211626  -670.2 -74.1 -186.2
20211116211627  -670.3 -74.3 -186.4
20211116211628  -670.5 -73.8 -186.4
20211116211629  -670.8 -74.0 -186.6
20211116211630  -670.6 -74.2 -186.7
20211116211631  -670.8 -74.2 -186.9
20211116211632  -670.7 -74.0 -187.0
20211116211633  -670.9 -73.9 -187.0
20211116211634  -671.2 -74.0 -186.7
20211116211635  -670.9 -74.2 -187.0
20211116211636  -670.6 -74.0 -186.7
20211116211637  -670.3 -73.8 -186.3
20211116211638  -670.2 -73.6 -186.4
20211116211639  -671.1 -74.0 -187.1
20211116211640  -671.1 -74.0 -187.0
20211116211641  -671.2 -73.7 -186.8
20211116211642  -671.2 -74.1 -187.2
20211116211643  -671.1 -74.1 -187.3
20211116211644  -671.2 -74.1 -187.2
20211116211645  -671.1 -74.2 -187.3
20211116211646  -670.9 -74.1 -187.4
20211116211647  -671.0 -73.9 -187.3
20211116211648  -671.0 -73.9 -187.4
20211116211649  -671.2 -73.9 -187.7
20211116211650  -671.2 -74.1 -187.8
20211116211651  -671.0 -74.0 -187.6
20211116211652  -670.7 -74.0 -187.8
20211116211653  -671.0 -74.2 -188.1
20211116211654  -670.9 -74.1 -187.7
20211116211655  -671.1 -74.1 -187.7
20211116211656  -671.0 -74.0 -187.7
20211116211657  -671.2 -74.2 -187.7
20211116211658  -671.0 -73.8 -188.0
20211116211659  -671.2 -74.3 -187.7
20211116211700  -671.2 -73.8 -188.0
20211116211701  -671.1 -74.1 -188.2
20211116211702  -671.2 -73.9 -188.1
20211116211703  -671.2 -73.6 -188.3
20211116211704  -671.5 -73.8 -188.4
20211116211705  -670.9 -74.0 -188.3
20211116211706  -669.9 -73.7 -187.6
20211116211707  -670.1 -73.5 -187.3
20211116211708  -669.9 -73.6 -187.1
20211116211709  -670.2 -73.4 -187.4
20211116211710  -670.5 -73.7 -187.9
20211116211711  -670.8 -73.8 -188.3
20211116211712  -670.8 -73.9 -188.2
20211116211713  -670.9 -73.8 -188.3
20211116211714  -670.9 -73.6 -188.3
20211116211715  -670.6 -73.9 -188.0
20211116211716  -670.9 -73.8 -188.3
20211116211717  -670.7 -73.9 -188.0
20211116211718  -670.6 -73.8 -188.2
20211116211719  -670.8 -73.9 -188.3
20211116211720  -671.0 -73.9 -188.5
20211116211721  -670.7 -73.8 -188.5
20211116211722  -670.6 -73.9 -188.5
20211116211723  -670.6 -73.9 -188.7
20211116211724  -670.6 -73.9 -188.6
20211116211725  -670.4 -73.8 -188.8
20211116211726  -670.6 -73.7 -188.7
20211116211727  -670.7 -73.5 -188.9
20211116211728  -670.3 -73.9 -188.7
20211116211729  -670.4 -73.8 -189.0
20211116211730  -670.6 -73.8 -188.9
20211116211731  -670.6 -73.7 -188.5
20211116211732  -670.4 -73.8 -188.5
20211116211733  -670.4 -73.5 -188.7
20211116211734  -670.4 -73.6 -188.5
20211116211735  -670.7 -73.8 -188.6
20211116211736  -669.9 -73.5 -188.1
20211116211737  -669.5 -73.5 -187.6
20211116211738  -669.6 -73.3 -187.8
20211116211739  -670.1 -73.4 -187.8
20211116211740  -670.4 -73.7 -188.2
20211116211741  -670.4 -73.4 -188.4
20211116211742  -670.5 -73.5 -188.7
20211116211743  -670.7 -73.6 -188.8
20211116211744  -670.7 -73.5 -188.8
20211116211745  -670.5 -73.7 -188.6
20211116211746  -670.5 -73.8 -188.6
20211116211747  -670.8 -73.8 -188.9
20211116211748  -670.8 -73.7 -189.0
20211116211749  -670.6 -73.6 -188.9
20211116211750  -670.7 -73.6 -189.3
20211116211751  -670.8 -73.6 -188.9
20211116211752  -670.8 -73.8 -188.8
20211116211753  -670.7 -73.8 -189.1
20211116211754  -670.6 -73.5 -188.8
20211116211755  -670.6 -73.5 -188.8
20211116211756  -670.7 -73.6 -189.0
20211116211757  -670.6 -73.6 -189.0
20211116211758  -670.6 -73.4 -188.8
20211116211759  -670.7 -73.2 -189.1
20211116211800  -670.5 -73.2 -189.0
20211116211801  -670.9 -73.2 -189.1
20211116211802  -670.7 -73.2 -189.0
20211116211803  -671.0 -73.0 -189.0
20211116211804  -670.6 -72.9 -188.8
20211116211805  -670.4 -73.1 -189.1
20211116211806  -670.0 -73.3 -188.8
20211116211807  -669.3 -73.1 -188.3
20211116211808  -669.2 -72.9 -188.1
20211116211809  -669.3 -72.7 -188.1
20211116211810  -669.8 -72.8 -188.9
20211116211811  -669.7 -72.8 -188.9
20211116211812  -669.8 -72.8 -188.9
20211116211813  -669.8 -72.6 -188.9
20211116211814  -669.8 -72.7 -189.0
