20211115000522  -670.8 -79.7 -192.9
20211115000523  -670.8 -79.5 -192.7
20211115000524  -670.9 -79.3 -192.8
20211115000525  -670.8 -79.4 -192.8
20211115000526  -671.2 -79.5 -192.9
20211115000527  -671.1 -78.9 -192.9
20211115000528  -671.2 -79.1 -193.0
20211115000529  -671.1 -79.3 -193.0
20211115000530  -671.3 -79.3 -193.0
20211115000531  -671.3 -79.2 -193.0
20211115000532  -671.2 -79.3 -193.0
20211115000533  -671.1 -79.2 -193.1
20211115000534  -671.1 -79.3 -193.0
20211115000535  -671.2 -79.3 -193.0
20211115000536  -671.1 -79.5 -192.8
20211115000537  -671.1 -79.3 -192.8
20211115000538  -671.3 -79.0 -193.1
20211115000539  -671.4 -79.3 -193.0
20211115000540  -671.4 -79.3 -193.1
20211115000541  -671.5 -79.5 -193.1
20211115000542  -671.5 -79.6 -193.2
20211115000543  -670.6 -79.3 -192.8
20211115000544  -670.6 -79.3 -192.6
20211115000545  -671.1 -79.4 -193.4
20211115000546  -671.4 -79.3 -192.9
20211115000547  -671.4 -79.6 -193.2
20211115000548  -671.2 -79.4 -193.2
20211115000549  -671.2 -79.5 -193.2
20211115000550  -671.6 -79.7 -193.2
20211115000551  -671.5 -79.8 -192.9
20211115000552  -671.5 -79.7 -193.1
20211115000553  -671.3 -79.5 -193.4
20211115000554  -671.4 -79.8 -193.1
20211115000555  -671.3 -79.8 -193.2
20211115000556  -671.4 -79.8 -193.3
20211115000557  -671.4 -79.8 -193.2
20211115000558  -671.2 -80.0 -193.5
20211115000559  -671.4 -80.1 -193.6
20211115000600  -671.4 -80.2 -193.7
20211115000601  -671.4 -80.3 -193.3
20211115000602  -671.5 -80.2 -193.6
20211115000603  -671.9 -80.2 -193.2
20211115000604  -671.6 -80.3 -193.3
20211115000605  -671.4 -80.3 -193.2
20211115000606  -671.7 -80.2 -193.1
20211115000607  -671.8 -80.2 -193.3
20211115000608  -671.5 -80.2 -193.4
20211115000609  -671.4 -80.1 -193.5
20211115000610  -671.5 -80.3 -193.4
20211115000611  -671.7 -80.3 -193.3
20211115000612  -671.4 -80.6 -193.5
20211115000613  -670.6 -80.2 -193.1
20211115000614  -670.7 -80.5 -192.7
20211115000615  -671.4 -80.3 -193.1
20211115000616  -671.3 -80.6 -193.0
20211115000617  -671.2 -80.5 -193.2
20211115000618  -671.3 -80.5 -193.4
20211115000619  -671.3 -80.5 -193.1
20211115000620  -671.2 -80.3 -193.5
20211115000621  -671.2 -80.4 -193.4
20211115000622  -671.2 -80.7 -193.3
20211115000623  -671.2 -80.7 -193.2
20211115000624  -671.1 -80.3 -193.5
20211115000625  -671.3 -80.4 -193.7
20211115000626  -671.1 -80.5 -193.5
20211115000627  -671.1 -80.6 -193.1
20211115000628  -671.4 -80.6 -193.5
20211115000629  -671.3 -80.5 -193.3
20211115000630  -671.2 -80.3 -193.3
20211115000631  -671.2 -80.2 -193.4
20211115000632  -671.2 -80.5 -193.2
20211115000633  -671.3 -80.5 -193.2
20211115000634  -671.1 -80.6 -193.5
20211115000635  -671.2 -80.4 -193.3
20211115000636  -671.2 -80.8 -193.0
20211115000637  -671.2 -80.8 -193.3
20211115000638  -671.3 -80.9 -193.3
20211115000639  -671.4 -80.7 -193.4
20211115000640  -671.5 -80.8 -193.2
20211115000641  -671.7 -81.0 -193.1
20211115000642  -671.2 -80.8 -193.0
20211115000643  -670.7 -80.7 -193.1
20211115000644  -671.2 -80.5 -192.7
20211115000645  -671.4 -80.6 -193.0
20211115000646  -671.5 -80.3 -193.1
20211115000647  -671.4 -80.4 -193.0
20211115000648  -671.2 -80.5 -193.5
20211115000649  -671.5 -80.6 -193.5
20211115000650  -671.3 -80.5 -193.2
20211115000651  -671.2 -80.6 -193.0
20211115000652  -671.7 -80.5 -193.0
20211115000653  -671.1 -80.4 -192.9
20211115000654  -671.5 -80.4 -192.9
20211115000655  -671.6 -80.5 -193.0
20211115000656  -671.6 -80.5 -193.4
20211115000657  -671.5 -80.5 -193.1
20211115000658  -671.4 -80.5 -193.5
20211115000659  -671.5 -80.7 -193.5
20211115000700  -671.7 -80.8 -193.4
20211115000701  -671.8 -80.8 -193.7
20211115000702  -671.8 -80.8 -193.6
20211115000703  -671.9 -80.7 -193.6
20211115000704  -671.9 -80.4 -193.4
20211115000705  -671.6 -80.5 -193.5
20211115000706  -671.4 -80.3 -193.5
20211115000707  -671.6 -80.7 -193.0
20211115000708  -671.9 -80.6 -193.0
20211115000709  -671.7 -80.6 -193.1
20211115000710  -671.6 -80.6 -193.4
20211115000711  -671.8 -80.4 -193.4
20211115000712  -671.5 -80.2 -193.3
20211115000713  -671.2 -80.7 -193.3
20211115000714  -671.7 -80.2 -193.1
20211115000715  -671.8 -80.3 -193.1
20211115000716  -672.0 -80.2 -193.0
20211115000717  -672.1 -80.2 -193.2
20211115000718  -671.8 -80.4 -193.6
20211115000719  -672.1 -80.4 -193.5
20211115000720  -671.8 -80.5 -193.5
20211115000721  -671.9 -80.6 -193.5
20211115000722  -671.9 -80.5 -193.3
20211115000723  -672.2 -80.5 -193.1
20211115000724  -671.8 -80.3 -193.2
20211115000725  -671.9 -80.2 -193.4
20211115000726  -671.7 -80.4 -193.5
20211115000727  -672.0 -81.0 -193.5
20211115000728  -672.1 -80.9 -193.4
20211115000729  -671.9 -80.7 -193.3
20211115000730  -671.9 -80.7 -193.6
20211115000731  -671.9 -80.9 -193.7
20211115000732  -671.8 -80.8 -193.6
20211115000733  -672.2 -80.9 -193.5
20211115000734  -672.1 -80.8 -193.5
20211115000735  -672.0 -80.9 -193.6
20211115000736  -672.2 -80.9 -193.6
20211115000737  -672.1 -80.9 -193.5
20211115000738  -672.1 -81.0 -193.6
20211115000739  -672.2 -81.0 -193.6
20211115000740  -672.0 -81.0 -193.6
20211115000741  -672.0 -81.1 -193.4
20211115000742  -671.9 -81.3 -193.4
20211115000743  -671.8 -81.1 -193.2
20211115000744  -671.5 -81.2 -193.2
20211115000745  -671.8 -81.4 -193.7
20211115000746  -672.1 -81.4 -193.6
20211115000747  -671.9 -81.4 -193.8
20211115000748  -672.1 -81.4 -193.5
20211115000749  -672.5 -81.3 -193.4
20211115000750  -672.5 -81.0 -193.5
20211115000751  -672.4 -81.1 -193.3
20211115000752  -672.3 -80.9 -193.2
20211115000753  -672.3 -81.2 -193.3
20211115000754  -672.2 -81.0 -193.2
20211115000755  -672.1 -80.6 -193.4
20211115000756  -672.3 -80.7 -193.4
20211115000757  -672.4 -80.6 -193.3
20211115000758  -672.2 -80.9 -193.2
20211115000759  -672.2 -81.0 -193.2
20211115000800  -672.3 -81.0 -193.1
20211115000801  -672.2 -80.9 -193.2
20211115000802  -672.4 -80.9 -193.4
20211115000803  -672.5 -80.7 -193.3
20211115000804  -672.2 -80.7 -193.3
20211115000805  -672.1 -80.6 -193.5
20211115000806  -672.1 -80.8 -193.1
20211115000807  -672.0 -80.7 -193.0
20211115000808  -672.4 -80.9 -193.6
20211115000809  -672.2 -80.9 -193.4
20211115000810  -671.8 -80.6 -193.2
20211115000811  -672.0 -80.6 -193.2
20211115000812  -672.0 -80.6 -193.3
20211115000813  -671.9 -80.5 -193.3
20211115000814  -671.5 -80.3 -192.8
20211115000815  -672.0 -80.6 -193.1
20211115000816  -672.1 -80.4 -193.1
20211115000817  -672.0 -80.4 -193.0
20211115000818  -672.1 -80.1 -192.9
20211115000819  -672.2 -80.2 -193.2
20211115000820  -672.1 -80.3 -193.2
20211115000821  -672.2 -80.5 -193.3
20211115000822  -672.2 -80.3 -193.5
20211115000823  -672.2 -80.2 -193.4
20211115000824  -672.2 -80.4 -193.1
20211115000825  -672.3 -80.5 -193.1
20211115000826  -672.2 -80.2 -193.3
20211115000827  -672.1 -80.2 -193.0
20211115000828  -672.3 -80.2 -193.1
20211115000829  -672.2 -80.2 -193.2
20211115000830  -672.5 -80.3 -193.2
20211115000831  -672.4 -80.4 -193.3
20211115000832  -672.3 -80.5 -192.9
20211115000833  -672.6 -80.4 -193.5
20211115000834  -672.7 -80.6 -193.3
20211115000835  -672.5 -80.7 -193.2
20211115000836  -672.1 -80.5 -193.3
20211115000837  -672.2 -80.5 -193.2
20211115000838  -672.5 -80.6 -193.0
20211115000839  -672.6 -80.8 -193.2
20211115000840  -672.3 -80.6 -193.2
20211115000841  -672.5 -80.9 -193.3
20211115000842  -672.5 -80.9 -193.4
20211115000843  -672.5 -80.6 -193.2
20211115000844  -671.8 -80.4 -192.7
20211115000845  -672.2 -80.5 -193.1
20211115000846  -672.3 -80.6 -193.2
20211115000847  -672.4 -80.7 -193.4
20211115000848  -672.4 -80.4 -193.4
20211115000849  -672.8 -80.6 -193.4
20211115000850  -672.6 -80.7 -193.4
20211115000851  -672.6 -80.5 -193.5
20211115000852  -672.3 -80.7 -193.7
20211115000853  -672.4 -80.5 -193.7
20211115000854  -672.6 -80.7 -193.6
20211115000855  -672.7 -80.8 -193.4
20211115000856  -672.6 -80.7 -193.7
20211115000857  -672.6 -80.7 -193.6
20211115000858  -672.4 -80.5 -193.6
20211115000859  -672.4 -80.8 -193.7
20211115000900  -672.4 -80.7 -193.7
20211115000901  -672.4 -80.5 -193.8
20211115000902  -672.5 -80.5 -193.6
20211115000903  -672.3 -80.6 -193.3
20211115000904  -672.3 -80.5 -193.3
20211115000905  -672.3 -80.8 -193.5
20211115000906  -672.3 -80.9 -193.5
20211115000907  -672.1 -80.8 -193.7
20211115000908  -672.3 -81.0 -193.5
20211115000909  -672.2 -80.7 -193.5
20211115000910  -672.5 -80.5 -193.3
20211115000911  -672.6 -80.2 -193.7
20211115000912  -672.7 -80.4 -193.8
20211115000913  -672.7 -80.8 -193.4
20211115000914  -671.8 -80.5 -193.0
20211115000915  -672.3 -80.6 -193.0
20211115000916  -672.7 -80.6 -193.4
20211115000917  -672.8 -80.9 -193.2
20211115000918  -672.6 -80.8 -193.4
20211115000919  -672.7 -80.8 -193.3
20211115000920  -672.9 -81.0 -193.5
20211115000921  -673.0 -80.9 -193.7
20211115000922  -672.8 -80.7 -193.6
20211115000923  -672.7 -80.9 -193.7
20211115000924  -672.7 -81.0 -193.4
20211115000925  -672.5 -80.7 -193.3
20211115000926  -672.2 -80.6 -193.5
20211115000927  -672.5 -80.3 -193.2
20211115000928  -672.5 -80.4 -193.4
20211115000929  -672.2 -80.3 -193.6
20211115000930  -672.6 -80.4 -193.7
20211115000931  -672.4 -80.5 -193.4
20211115000932  -672.4 -80.4 -193.4
20211115000933  -672.2 -80.1 -193.6
20211115000934  -672.3 -80.2 -193.5
20211115000935  -672.4 -80.3 -193.6
20211115000936  -672.5 -80.2 -193.7
20211115000937  -672.4 -80.9 -193.5
20211115000938  -672.6 -80.7 -193.5
20211115000939  -672.2 -80.7 -193.9
20211115000940  -672.4 -80.4 -193.8
20211115000941  -672.4 -80.8 -194.0
20211115000942  -672.5 -80.6 -193.7
20211115000943  -672.5 -80.2 -193.4
20211115000944  -671.9 -80.4 -193.6
20211115000945  -671.7 -80.4 -193.5
20211115000946  -672.0 -80.5 -193.9
20211115000947  -672.3 -80.5 -193.7
20211115000948  -672.4 -80.5 -193.8
20211115000949  -672.7 -80.8 -193.5
20211115000950  -672.7 -80.6 -193.7
20211115000951  -672.6 -80.4 -193.7
20211115000952  -672.5 -80.3 -193.9
20211115000953  -672.6 -80.4 -194.2
20211115000954  -672.5 -80.6 -194.2
20211115000955  -672.6 -80.7 -194.0
20211115000956  -672.7 -80.6 -194.1
20211115000957  -672.8 -80.7 -194.0
20211115000958  -672.6 -80.6 -193.9
20211115000959  -672.5 -80.3 -193.9
20211115001000  -672.9 -80.3 -194.0
20211115001001  -672.6 -80.8 -193.9
20211115001002  -672.4 -80.8 -194.2
20211115001003  -672.3 -80.8 -194.4
20211115001004  -672.7 -80.9 -194.3
20211115001005  -672.5 -80.9 -194.2
20211115001006  -672.7 -80.9 -194.3
20211115001007  -672.8 -81.0 -194.1
20211115001008  -672.7 -80.6 -194.6
20211115001009  -672.6 -80.6 -194.3
20211115001010  -672.8 -80.8 -194.6
20211115001011  -672.7 -80.7 -194.5
20211115001012  -672.8 -80.8 -194.4
20211115001013  -672.7 -81.1 -194.4
20211115001014  -672.1 -81.2 -194.2
20211115001015  -671.8 -80.9 -193.5
20211115001016  -672.3 -81.0 -194.1
20211115001017  -672.5 -80.9 -194.6
20211115001018  -672.4 -81.2 -194.5
20211115001019  -672.5 -81.3 -194.4
20211115001020  -672.3 -81.1 -194.2
20211115001021  -672.5 -81.3 -194.2
20211115001022  -672.8 -81.1 -194.4
20211115001023  -672.9 -80.9 -194.5
20211115001024  -672.5 -80.9 -194.2
20211115001025  -672.7 -81.2 -194.3
20211115001026  -672.9 -80.9 -194.2
20211115001027  -672.7 -80.7 -194.6
20211115001028  -672.8 -80.8 -194.4
20211115001029  -672.6 -81.0 -194.3
20211115001030  -672.5 -80.9 -194.3
20211115001031  -672.8 -80.7 -194.5
20211115001032  -672.7 -81.1 -194.4
20211115001033  -672.6 -81.2 -194.5
20211115001034  -672.9 -81.0 -194.4
20211115001035  -672.6 -80.9 -194.4
20211115001036  -672.8 -81.2 -194.6
20211115001037  -673.0 -80.9 -194.4
20211115001038  -672.7 -81.0 -194.7
20211115001039  -672.5 -81.1 -194.8
20211115001040  -672.4 -80.9 -194.6
20211115001041  -672.5 -81.2 -194.7
20211115001042  -672.7 -81.3 -194.5
20211115001043  -672.7 -81.4 -194.6
20211115001044  -672.4 -81.4 -194.4
20211115001045  -671.6 -81.3 -193.8
20211115001046  -671.7 -81.2 -193.7
20211115001047  -672.1 -81.2 -194.1
20211115001048  -672.3 -81.4 -194.0
20211115001049  -672.2 -81.3 -194.0
20211115001050  -672.3 -81.3 -194.1
20211115001051  -672.4 -81.3 -194.2
20211115001052  -672.1 -81.2 -194.5
20211115001053  -672.1 -81.5 -194.2
20211115001054  -672.1 -81.6 -194.3
20211115001055  -672.3 -81.6 -194.4
20211115001056  -672.3 -81.3 -194.5
20211115001057  -672.4 -81.4 -194.6
20211115001058  -672.2 -81.5 -194.6
20211115001059  -672.3 -81.6 -194.2
20211115001100  -672.4 -81.7 -194.4
20211115001101  -672.4 -81.4 -194.5
20211115001102  -672.2 -81.5 -194.3
20211115001103  -672.2 -81.7 -194.3
20211115001104  -672.4 -81.6 -194.0
20211115001105  -672.3 -81.5 -194.1
20211115001106  -672.2 -81.2 -194.0
20211115001107  -672.3 -81.3 -194.2
20211115001108  -672.4 -81.0 -194.5
20211115001109  -672.3 -81.4 -194.2
20211115001110  -672.2 -81.3 -194.4
20211115001111  -672.2 -81.4 -194.4
20211115001112  -672.1 -81.2 -194.4
20211115001113  -672.2 -81.1 -194.8
20211115001114  -672.1 -81.1 -194.5
20211115001115  -671.5 -81.3 -193.9
20211115001116  -671.2 -81.0 -193.9
20211115001117  -672.0 -81.1 -194.3
20211115001118  -672.0 -81.1 -194.3
20211115001119  -672.1 -81.2 -194.3
20211115001120  -672.2 -81.2 -194.3
20211115001121  -671.9 -80.9 -194.2
20211115001122  -672.0 -81.1 -194.6
20211115001123  -671.5 -81.0 -194.6
20211115001124  -671.7 -81.0 -194.3
20211115001125  -671.9 -80.9 -194.5
20211115001126  -672.0 -81.0 -194.7
20211115001127  -671.7 -81.1 -194.5
20211115001128  -672.0 -81.0 -194.0
20211115001129  -672.0 -81.1 -194.4
20211115001130  -672.1 -81.0 -194.3
20211115001131  -671.9 -81.1 -194.5
20211115001132  -671.8 -81.1 -194.6
20211115001133  -671.5 -81.3 -194.5
20211115001134  -671.5 -81.4 -194.4
20211115001135  -671.6 -81.2 -194.5
20211115001136  -671.8 -81.2 -194.5
20211115001137  -671.6 -81.2 -194.6
20211115001138  -671.6 -81.2 -194.5
20211115001139  -671.7 -81.3 -194.3
20211115001140  -671.7 -81.1 -194.5
20211115001141  -671.7 -81.2 -194.5
20211115001142  -671.6 -81.1 -194.7
20211115001143  -671.8 -81.2 -195.0
20211115001144  -671.6 -81.1 -194.7
20211115001145  -670.9 -81.5 -194.0
20211115001146  -670.9 -81.1 -193.9
20211115001147  -671.3 -81.2 -193.9
20211115001148  -671.6 -81.4 -194.4
20211115001149  -671.5 -81.5 -194.4
20211115001150  -671.7 -81.4 -194.3
20211115001151  -671.8 -81.4 -194.3
20211115001152  -672.0 -81.4 -194.1
20211115001153  -671.7 -81.1 -194.1
20211115001154  -671.7 -81.1 -194.3
20211115001155  -671.5 -81.4 -194.5
20211115001156  -671.7 -81.2 -194.1
20211115001157  -671.6 -81.4 -194.3
20211115001158  -671.6 -81.1 -194.2
20211115001159  -671.8 -81.0 -194.2
20211115001200  -671.8 -81.4 -194.2
20211115001201  -671.8 -81.3 -194.2
20211115001202  -671.9 -81.6 -194.2
20211115001203  -671.7 -81.3 -194.4
20211115001204  -671.9 -81.5 -194.3
20211115001205  -672.0 -81.4 -194.5
20211115001206  -672.0 -81.4 -194.3
20211115001207  -672.2 -81.4 -194.5
20211115001208  -671.9 -81.3 -194.5
20211115001209  -671.7 -80.8 -194.4
20211115001210  -671.8 -81.1 -194.4
20211115001211  -671.6 -80.9 -194.4
