20211031002614  -846.9 17.5 -246.0
20211031002615  -847.1 17.9 -245.8
20211031002616  -847.1 18.6 -245.6
20211031002617  -847.2 19.1 -245.8
20211031002618  -847.0 19.8 -246.4
20211031002619  -846.3 20.5 -246.2
20211031002620  -846.6 21.2 -246.4
20211031002621  -847.1 21.5 -246.2
20211031002622  -846.8 21.3 -246.0
20211031002623  -847.2 21.8 -246.1
20211031002624  -847.0 21.8 -246.2
20211031002625  -847.0 21.6 -246.3
20211031002626  -846.6 21.7 -246.7
20211031002627  -846.3 20.7 -246.5
20211031002628  -846.1 20.3 -246.6
20211031002629  -845.8 19.3 -246.3
20211031002630  -845.4 18.1 -245.8
20211031002631  -845.3 17.3 -245.5
20211031002632  -845.0 16.5 -245.0
20211031002633  -844.6 15.9 -244.8
20211031002634  -844.3 16.0 -244.9
20211031002635  -844.4 15.7 -245.4
20211031002636  -844.4 15.9 -245.1
20211031002637  -844.6 16.0 -245.3
20211031002638  -844.6 16.3 -244.9
20211031002639  -844.6 16.5 -244.0
20211031002640  -844.5 16.7 -243.1
20211031002641  -844.3 17.6 -242.3
20211031002642  -843.7 18.5 -242.6
20211031002643  -843.4 18.9 -243.2
20211031002644  -843.4 19.2 -243.6
20211031002645  -843.1 19.4 -243.7
20211031002646  -842.6 18.9 -244.1
20211031002647  -842.4 18.4 -244.0
20211031002648  -842.0 18.0 -244.3
20211031002649  -840.7 17.4 -244.3
20211031002650  -840.1 17.3 -244.0
20211031002651  -840.4 16.7 -245.1
20211031002652  -841.0 16.8 -245.6
20211031002653  -840.7 16.7 -245.4
20211031002654  -840.7 16.1 -245.3
20211031002655  -840.4 16.0 -245.1
20211031002656  -839.9 15.8 -245.0
20211031002657  -839.7 15.8 -244.8
20211031002658  -839.4 15.8 -244.8
20211031002659  -839.0 15.7 -244.5
20211031002700  -838.3 16.0 -244.1
20211031002701  -838.8 16.1 -244.1
20211031002702  -838.7 16.5 -244.3
20211031002703  -838.9 16.9 -244.2
20211031002704  -839.3 17.3 -244.5
20211031002705  -839.6 18.2 -244.9
20211031002706  -839.9 18.5 -245.0
20211031002707  -840.1 18.5 -245.9
20211031002708  -840.2 17.8 -246.6
20211031002709  -840.5 17.1 -247.1
20211031002710  -840.3 16.6 -247.4
20211031002711  -840.2 16.5 -247.7
20211031002712  -840.1 16.7 -248.0
20211031002713  -840.1 16.9 -247.9
20211031002714  -840.1 17.4 -248.3
20211031002715  -840.4 17.4 -249.0
20211031002716  -840.2 17.8 -249.4
20211031002717  -840.4 17.8 -249.1
20211031002718  -840.4 18.0 -248.8
20211031002719  -840.0 17.9 -248.8
20211031002720  -839.3 18.5 -247.8
20211031002721  -839.8 18.2 -247.8
20211031002722  -839.8 18.1 -247.6
20211031002723  -839.6 17.7 -247.6
20211031002724  -839.3 17.2 -247.1
20211031002725  -839.4 16.7 -246.7
20211031002726  -839.3 16.3 -246.1
20211031002727  -839.1 16.4 -245.9
20211031002728  -839.2 15.9 -246.3
20211031002729  -839.7 15.9 -246.4
20211031002730  -840.2 15.7 -246.1
20211031002731  -840.1 15.4 -245.8
20211031002732  -840.0 15.0 -245.3
20211031002733  -839.8 14.6 -245.5
20211031002734  -840.2 14.1 -245.8
20211031002735  -840.6 13.6 -245.7
20211031002736  -840.8 13.4 -245.7
20211031002737  -840.8 12.3 -246.0
20211031002738  -840.8 11.6 -246.9
20211031002739  -840.9 10.4 -247.7
20211031002740  -841.5 9.6 -248.3
20211031002741  -841.6 8.7 -248.0
20211031002742  -841.2 7.7 -248.1
20211031002743  -840.9 7.4 -247.7
20211031002744  -840.6 7.1 -246.9
20211031002745  -840.0 6.6 -246.6
20211031002746  -839.4 6.8 -246.0
20211031002747  -839.0 6.8 -245.7
20211031002748  -838.8 7.5 -245.5
20211031002749  -838.7 8.9 -244.9
20211031002750  -837.9 10.5 -243.6
20211031002751  -837.8 11.5 -243.4
20211031002752  -837.7 12.9 -243.0
20211031002753  -837.4 14.1 -242.4
20211031002754  -836.9 14.6 -242.3
20211031002755  -836.9 14.7 -242.7
20211031002756  -837.0 14.0 -243.5
20211031002757  -837.1 13.1 -243.5
20211031002758  -837.4 12.0 -243.5
20211031002759  -837.3 11.7 -243.4
20211031002800  -837.4 11.6 -243.2
20211031002801  -837.3 11.8 -243.3
20211031002802  -837.3 11.8 -243.3
20211031002803  -837.3 11.8 -243.4
20211031002804  -837.4 11.4 -243.7
20211031002805  -837.4 11.8 -243.2
20211031002806  -837.4 12.2 -243.0
20211031002807  -837.0 12.1 -242.9
20211031002808  -836.5 12.2 -242.4
20211031002809  -835.9 12.3 -242.7
20211031002810  -835.2 12.8 -242.7
20211031002811  -835.0 13.0 -242.1
20211031002812  -834.1 13.5 -241.6
20211031002813  -833.4 13.6 -241.0
20211031002814  -832.8 13.3 -240.4
20211031002815  -832.2 12.8 -240.4
20211031002816  -832.0 12.4 -240.3
20211031002817  -832.2 12.2 -240.8
20211031002818  -832.1 12.5 -241.8
20211031002819  -832.2 12.0 -242.4
20211031002820  -831.5 11.7 -242.9
20211031002821  -832.0 11.1 -243.2
20211031002822  -831.5 10.7 -243.0
20211031002823  -831.5 10.6 -242.7
20211031002824  -831.4 10.8 -242.0
20211031002825  -831.2 10.8 -242.0
20211031002826  -831.3 10.0 -242.0
20211031002827  -831.2 9.3 -241.8
20211031002828  -831.1 8.8 -241.5
20211031002829  -830.7 8.1 -241.2
20211031002830  -830.2 7.9 -241.0
20211031002831  -829.9 8.4 -240.9
20211031002832  -829.8 8.8 -240.1
20211031002833  -829.7 9.2 -239.5
20211031002834  -829.1 9.4 -239.3
20211031002835  -828.7 8.9 -239.2
20211031002836  -828.3 8.7 -239.0
20211031002837  -827.8 8.5 -238.9
20211031002838  -827.7 8.3 -238.7
20211031002839  -827.7 8.6 -239.3
20211031002840  -828.2 8.7 -240.2
20211031002841  -828.7 9.0 -241.2
20211031002842  -829.1 9.4 -242.3
20211031002843  -829.3 10.2 -242.7
20211031002844  -829.7 10.4 -243.7
20211031002845  -829.7 10.6 -244.4
20211031002846  -829.6 10.3 -244.2
20211031002847  -829.6 10.2 -243.9
20211031002848  -829.7 10.4 -243.3
20211031002849  -829.7 11.3 -242.9
20211031002850  -829.1 11.5 -242.5
20211031002851  -829.5 11.9 -242.6
20211031002852  -830.0 11.5 -242.6
20211031002853  -830.1 11.3 -242.0
20211031002854  -830.5 11.3 -241.5
20211031002855  -830.7 11.2 -241.0
20211031002856  -830.9 10.9 -240.7
20211031002857  -831.0 10.4 -240.9
20211031002858  -830.8 10.1 -240.8
20211031002859  -830.8 9.6 -240.8
20211031002900  -830.5 9.4 -240.7
20211031002901  -830.0 9.2 -240.5
20211031002902  -829.9 9.4 -240.6
20211031002903  -829.6 9.4 -240.8
20211031002904  -829.1 9.3 -240.8
20211031002905  -829.0 8.6 -241.0
20211031002906  -828.5 8.1 -241.9
20211031002907  -828.7 7.6 -242.1
20211031002908  -828.6 7.6 -242.3
20211031002909  -828.6 7.4 -242.3
20211031002910  -828.6 7.3 -242.1
20211031002911  -828.8 7.4 -241.5
20211031002912  -828.4 8.0 -241.0
20211031002913  -828.2 8.6 -240.3
20211031002914  -828.3 9.8 -239.4
20211031002915  -828.0 10.6 -239.2
20211031002916  -827.4 10.7 -239.6
20211031002917  -826.8 10.7 -240.4
20211031002918  -826.8 10.1 -241.9
20211031002919  -826.5 9.1 -242.6
20211031002920  -826.4 7.9 -243.4
20211031002921  -826.6 7.2 -243.3
20211031002922  -827.0 6.1 -243.9
20211031002923  -827.1 6.1 -243.7
20211031002924  -827.4 6.4 -243.4
20211031002925  -827.4 6.4 -243.3
20211031002926  -827.2 6.4 -243.1
20211031002927  -827.0 6.8 -242.8
20211031002928  -827.0 7.4 -242.4
20211031002929  -827.1 8.0 -242.3
20211031002930  -826.8 9.2 -241.7
20211031002931  -826.2 10.3 -241.2
20211031002932  -825.9 11.0 -241.4
20211031002933  -825.8 11.5 -242.0
20211031002934  -825.7 11.5 -242.7
20211031002935  -825.9 10.6 -243.8
20211031002936  -826.0 10.4 -244.5
20211031002937  -826.6 10.3 -245.1
20211031002938  -827.1 10.4 -245.4
20211031002939  -827.2 10.5 -245.2
20211031002940  -826.9 9.7 -244.7
20211031002941  -826.6 9.0 -244.0
20211031002942  -825.7 8.6 -243.5
20211031002943  -825.0 7.9 -243.1
20211031002944  -824.7 7.1 -243.3
20211031002945  -824.2 6.7 -243.1
20211031002946  -824.0 5.9 -243.0
20211031002947  -823.7 5.5 -243.1
20211031002948  -823.8 5.2 -242.9
20211031002949  -823.5 5.4 -242.4
20211031002950  -823.0 5.5 -241.6
20211031002951  -822.6 6.4 -241.0
20211031002952  -822.8 6.4 -241.7
20211031002953  -822.9 6.3 -242.4
20211031002954  -822.9 5.9 -243.0
20211031002955  -823.3 5.5 -243.5
20211031002956  -823.3 5.2 -244.0
20211031002957  -823.4 5.4 -243.8
20211031002958  -823.0 5.9 -243.2
20211031002959  -822.6 6.6 -242.9
20211031003000  -822.4 6.9 -243.5
20211031003001  -822.4 7.2 -244.0
20211031003002  -822.2 6.8 -244.3
20211031003003  -822.2 6.6 -244.6
20211031003004  -822.6 6.6 -244.8
20211031003005  -822.7 7.0 -245.3
20211031003006  -822.8 6.9 -245.5
20211031003007  -823.3 7.0 -245.9
20211031003008  -823.2 6.9 -245.6
20211031003009  -823.0 6.8 -245.3
20211031003010  -822.7 6.7 -245.3
20211031003011  -822.4 6.9 -245.6
