20211101214852  -657.3 -91.9 -186.7
20211101214853  -657.5 -91.7 -186.7
20211101214854  -657.5 -91.3 -186.8
20211101214855  -657.6 -91.5 -186.9
20211101214856  -657.5 -91.8 -186.8
20211101214857  -657.5 -91.6 -187.0
20211101214858  -657.2 -91.5 -186.9
20211101214859  -657.6 -91.4 -186.7
20211101214900  -657.6 -91.4 -186.8
20211101214901  -657.4 -91.4 -186.7
20211101214902  -657.6 -91.3 -186.8
20211101214903  -657.6 -91.4 -186.7
20211101214904  -657.7 -91.4 -186.7
20211101214905  -657.5 -91.4 -186.6
20211101214906  -657.8 -91.0 -186.9
20211101214907  -657.6 -91.2 -186.8
20211101214908  -657.4 -91.2 -186.9
20211101214909  -657.3 -90.9 -186.9
20211101214910  -657.5 -91.0 -187.1
20211101214911  -657.4 -91.1 -187.3
20211101214912  -657.7 -91.1 -187.2
20211101214913  -657.9 -90.8 -187.1
20211101214914  -657.8 -91.0 -187.0
20211101214915  -657.8 -90.8 -187.0
20211101214916  -657.7 -90.6 -186.7
20211101214917  -657.6 -90.8 -187.0
20211101214918  -657.5 -90.7 -186.8
20211101214919  -657.5 -90.5 -186.9
20211101214920  -657.0 -90.4 -186.4
20211101214921  -657.3 -90.2 -186.5
20211101214922  -657.3 -90.6 -186.8
20211101214923  -657.5 -90.4 -186.5
20211101214924  -657.5 -90.2 -186.6
20211101214925  -657.5 -90.3 -186.8
20211101214926  -657.5 -90.1 -186.6
20211101214927  -657.5 -90.2 -186.7
20211101214928  -657.4 -90.2 -186.6
20211101214929  -657.4 -90.3 -186.7
20211101214930  -657.4 -90.3 -187.0
20211101214931  -657.5 -90.2 -186.8
20211101214932  -657.8 -90.1 -186.9
20211101214933  -657.5 -90.4 -187.0
20211101214934  -657.8 -90.1 -187.0
20211101214935  -657.5 -90.2 -187.0
20211101214936  -657.6 -90.4 -186.9
20211101214937  -657.6 -90.2 -186.8
20211101214938  -657.9 -90.2 -186.8
20211101214939  -657.5 -89.9 -186.7
20211101214940  -657.7 -90.1 -186.8
20211101214941  -657.8 -90.0 -186.7
20211101214942  -658.0 -90.0 -186.6
20211101214943  -657.9 -90.0 -186.9
20211101214944  -657.8 -89.8 -186.7
20211101214945  -657.8 -89.7 -187.0
20211101214946  -657.6 -89.7 -186.9
20211101214947  -657.5 -89.7 -186.8
20211101214948  -657.6 -89.8 -186.7
20211101214949  -657.6 -89.7 -186.8
20211101214950  -657.7 -89.8 -187.0
20211101214951  -657.6 -89.9 -186.8
20211101214952  -657.4 -89.9 -186.6
20211101214953  -657.8 -90.0 -186.9
20211101214954  -657.8 -89.8 -186.9
20211101214955  -657.6 -89.5 -186.7
20211101214956  -657.6 -89.3 -186.9
20211101214957  -657.7 -89.5 -187.1
20211101214958  -658.1 -89.5 -187.0
20211101214959  -658.0 -89.6 -187.1
20211101215000  -658.0 -89.7 -187.1
20211101215001  -657.6 -89.6 -187.3
20211101215002  -657.7 -89.3 -186.8
20211101215003  -657.8 -89.2 -186.8
20211101215004  -657.7 -89.2 -187.1
20211101215005  -657.6 -89.2 -186.8
20211101215006  -657.8 -89.5 -186.9
20211101215007  -658.2 -89.2 -186.9
20211101215008  -658.1 -89.4 -186.8
20211101215009  -658.0 -89.3 -186.9
20211101215010  -657.8 -89.3 -186.7
20211101215011  -657.8 -89.3 -187.0
20211101215012  -657.9 -89.4 -187.1
20211101215013  -657.9 -89.4 -187.0
20211101215014  -657.9 -89.3 -187.1
20211101215015  -658.0 -89.2 -187.1
20211101215016  -658.0 -89.3 -186.8
20211101215017  -657.7 -89.2 -186.9
20211101215018  -657.8 -89.2 -186.9
20211101215019  -657.8 -89.1 -186.8
20211101215020  -657.7 -89.3 -186.6
20211101215021  -657.6 -89.3 -186.7
20211101215022  -657.6 -89.1 -187.0
20211101215023  -657.5 -88.8 -186.8
20211101215024  -657.8 -88.9 -186.8
20211101215025  -657.4 -88.8 -186.6
20211101215026  -657.7 -88.7 -186.8
20211101215027  -657.6 -88.8 -186.6
20211101215028  -657.7 -88.9 -186.6
20211101215029  -658.0 -88.5 -186.6
20211101215030  -657.8 -88.4 -186.7
20211101215031  -657.7 -88.3 -186.7
20211101215032  -657.6 -88.3 -186.7
20211101215033  -657.6 -88.3 -186.7
20211101215034  -657.8 -88.5 -186.7
20211101215035  -657.7 -88.5 -186.9
20211101215036  -657.6 -88.6 -187.1
20211101215037  -657.5 -88.5 -187.0
20211101215038  -657.5 -88.5 -187.1
20211101215039  -657.5 -88.6 -187.0
20211101215040  -657.4 -88.7 -186.9
20211101215041  -657.5 -88.6 -187.0
20211101215042  -657.4 -88.7 -186.9
20211101215043  -657.6 -88.5 -187.0
20211101215044  -657.8 -88.6 -186.8
20211101215045  -657.5 -88.5 -186.8
20211101215046  -657.4 -88.4 -186.9
20211101215047  -657.4 -88.6 -186.8
20211101215048  -657.3 -88.6 -186.8
20211101215049  -657.4 -88.4 -186.9
20211101215050  -657.5 -88.3 -186.8
20211101215051  -657.4 -88.7 -187.0
20211101215052  -657.4 -88.6 -187.0
20211101215053  -657.3 -88.3 -187.2
20211101215054  -656.9 -88.4 -187.0
20211101215055  -657.3 -88.4 -187.4
20211101215056  -657.3 -88.4 -187.3
20211101215057  -657.2 -88.6 -187.0
20211101215058  -657.2 -88.6 -187.1
20211101215059  -657.2 -88.3 -186.9
20211101215100  -657.4 -88.3 -187.1
20211101215101  -657.5 -88.5 -187.0
20211101215102  -657.5 -88.2 -187.2
20211101215103  -657.2 -88.3 -187.4
20211101215104  -657.2 -88.3 -187.3
20211101215105  -657.4 -88.2 -187.5
20211101215106  -657.4 -88.3 -187.4
20211101215107  -657.3 -88.3 -187.4
20211101215108  -657.1 -88.5 -187.3
20211101215109  -657.1 -88.4 -187.3
20211101215110  -657.1 -88.4 -187.4
20211101215111  -657.2 -88.2 -187.2
20211101215112  -657.2 -88.1 -187.0
20211101215113  -657.6 -88.2 -187.1
20211101215114  -657.4 -88.1 -187.5
20211101215115  -657.5 -88.3 -187.7
20211101215116  -657.5 -88.3 -187.7
20211101215117  -657.4 -88.4 -187.7
20211101215118  -657.4 -88.3 -187.8
20211101215119  -657.5 -88.0 -187.6
20211101215120  -657.1 -88.2 -187.7
20211101215121  -657.3 -88.2 -187.7
20211101215122  -657.3 -88.1 -187.8
20211101215123  -657.3 -88.2 -188.0
20211101215124  -657.3 -88.4 -187.8
20211101215125  -657.0 -88.1 -187.8
20211101215126  -657.6 -88.4 -187.8
20211101215127  -657.5 -88.2 -187.7
20211101215128  -657.5 -88.6 -188.0
20211101215129  -657.8 -88.7 -188.1
20211101215130  -657.8 -88.6 -188.1
20211101215131  -657.7 -88.4 -188.1
20211101215132  -657.7 -88.7 -188.2
20211101215133  -657.7 -88.5 -188.0
20211101215134  -658.0 -88.8 -188.0
20211101215135  -657.9 -88.6 -188.2
20211101215136  -657.9 -88.9 -188.2
20211101215137  -657.8 -88.6 -188.1
20211101215138  -658.2 -88.9 -188.3
20211101215139  -658.4 -88.6 -188.4
20211101215140  -658.3 -88.7 -188.4
20211101215141  -658.5 -88.6 -188.3
20211101215142  -658.3 -88.6 -188.3
20211101215143  -658.1 -89.0 -188.6
20211101215144  -658.1 -89.0 -188.7
20211101215145  -658.3 -89.1 -188.8
20211101215146  -658.4 -89.0 -188.7
20211101215147  -658.5 -89.1 -188.7
20211101215148  -658.3 -88.8 -188.4
20211101215149  -658.0 -89.3 -188.7
20211101215150  -658.3 -89.2 -189.0
20211101215151  -658.5 -89.4 -188.5
20211101215152  -658.2 -89.2 -188.5
20211101215153  -658.3 -89.1 -188.6
20211101215154  -658.3 -89.4 -188.7
20211101215155  -657.4 -89.2 -188.2
20211101215156  -658.1 -89.2 -188.8
20211101215157  -658.0 -89.2 -188.7
20211101215158  -658.2 -89.3 -188.8
20211101215159  -658.0 -89.3 -188.5
20211101215200  -658.5 -89.3 -188.9
20211101215201  -658.2 -89.5 -188.9
20211101215202  -658.2 -89.4 -189.0
20211101215203  -658.3 -89.6 -189.0
20211101215204  -658.1 -89.6 -189.4
20211101215205  -658.1 -89.4 -189.2
20211101215206  -658.1 -89.9 -189.0
20211101215207  -658.1 -89.7 -189.1
20211101215208  -657.9 -89.5 -189.3
20211101215209  -658.2 -89.6 -189.2
20211101215210  -657.9 -89.7 -189.2
20211101215211  -657.9 -89.5 -189.1
20211101215212  -657.6 -89.4 -189.0
20211101215213  -657.7 -89.7 -189.1
20211101215214  -657.9 -89.2 -188.9
20211101215215  -657.8 -89.2 -188.6
20211101215216  -657.9 -89.4 -189.1
20211101215217  -657.9 -89.3 -188.9
20211101215218  -657.7 -89.3 -189.2
20211101215219  -657.9 -89.3 -189.1
20211101215220  -657.6 -89.3 -189.1
20211101215221  -657.7 -89.7 -189.1
20211101215222  -657.8 -89.6 -189.4
20211101215223  -657.8 -89.4 -189.1
20211101215224  -657.7 -89.8 -189.1
20211101215225  -657.2 -89.4 -188.9
20211101215226  -657.0 -89.4 -189.3
20211101215227  -657.4 -89.7 -189.6
