.8 -82.1 -233.7
20211110015319  -679.8 -81.9 -233.5
20211110015320  -680.2 -82.1 -233.6
20211110015321  -680.5 -82.1 -233.6
20211110015322  -680.6 -82.1 -233.5
20211110015323  -680.7 -82.0 -233.7
20211110015324  -680.9 -81.9 -233.8
20211110015325  -681.2 -82.2 -233.8
20211110015326  -681.5 -82.1 -233.7
20211110015327  -681.4 -81.9 -233.5
20211110015328  -681.7 -82.1 -233.7
20211110015329  -682.1 -81.9 -233.4
20211110015330  -682.1 -82.4 -233.5
20211110015331  -682.1 -82.3 -233.5
20211110015332  -682.4 -82.4 -233.6
20211110015333  -682.3 -81.9 -233.4
20211110015334  -682.8 -81.9 -233.4
20211110015335  -682.8 -81.9 -233.6
20211110015336  -683.2 -82.0 -233.4
20211110015337  -683.1 -82.1 -233.7
20211110015338  -683.2 -82.0 -234.0
20211110015339  -683.5 -82.2 -234.2
20211110015340  -683.4 -82.0 -233.9
20211110015341  -683.0 -82.4 -233.5
20211110015342  -682.7 -82.1 -233.3
20211110015343  -682.9 -81.7 -233.1
20211110015344  -682.8 -81.7 -233.2
20211110015345  -683.2 -81.6 -233.3
20211110015346  -683.3 -81.4 -233.6
20211110015347  -683.2 -80.9 -233.7
20211110015348  -683.1 -81.0 -233.4
20211110015349  -683.6 -81.1 -233.7
20211110015350  -683.7 -81.2 -233.7
20211110015351  -683.6 -81.0 -233.4
20211110015352  -683.8 -81.1 -233.1
20211110015353  -683.8 -81.0 -233.0
20211110015354  -683.9 -81.3 -233.1
20211110015355  -684.0 -81.4 -233.0
20211110015356  -684.2 -81.4 -233.1
20211110015357  -684.4 -81.5 -233.5
20211110015358  -684.6 -81.6 -233.5
20211110015359  -684.8 -81.6 -233.6
20211110015400  -685.1 -81.9 -233.6
20211110015401  -684.9 -81.8 -233.3
20211110015402  -685.0 -81.7 -233.7
20211110015403  -685.3 -81.6 -233.6
20211110015404  -685.2 -81.7 -233.4
20211110015405  -685.1 -81.9 -233.8
20211110015406  -685.3 -81.8 -233.8
20211110015407  -685.5 -81.8 -234.2
20211110015408  -685.8 -82.0 -234.0
20211110015409  -685.8 -82.0 -234.2
20211110015410  -686.1 -82.4 -234.2
20211110015411  -685.4 -82.8 -234.0
20211110015412  -686.0 -83.2 -234.3
20211110015413  -686.5 -83.2 -234.4
20211110015414  -686.7 -83.2 -233.9
20211110015415  -686.4 -83.5 -234.1
20211110015416  -686.4 -83.5 -234.4
20211110015417  -686.6 -83.5 -234.5
20211110015418  -686.7 -83.3 -234.4
20211110015419  -686.7 -83.2 -234.3
20211110015420  -686.7 -83.5 -234.2
20211110015421  -686.4 -83.6 -234.3
20211110015422  -686.6 -83.5 -233.9
20211110015423  -686.8 -83.7 -234.3
20211110015424  -686.7 -83.4 -233.9
20211110015425  -686.7 -83.8 -233.8
20211110015426  -686.7 -83.7 -233.9
20211110015427  -686.6 -83.8 -233.6
20211110015428  -686.4 -83.7 -233.1
20211110015429  -686.2 -83.7 -233.3
20211110015430  -686.2 -84.0 -233.1
20211110015431  -685.7 -84.1 -233.4
20211110015432  -685.7 -83.7 -233.3
20211110015433  -685.5 -83.9 -233.4
20211110015434  -685.6 -84.1 -233.1
20211110015435  -685.6 -83.7 -233.3
20211110015436  -685.5 -83.2 -233.0
20211110015437  -685.2 -83.0 -233.1
20211110015438  -684.8 -82.7 -232.4
20211110015439  -685.0 -82.4 -232.7
20211110015440  -685.2 -82.2 -233.0
20211110015441  -685.1 -82.5 -233.2
20211110015442  -685.6 -82.6 -233.1
20211110015443  -685.5 -82.7 -233.4
20211110015444  -685.6 -82.9 -233.2
20211110015445  -685.5 -83.2 -233.1
20211110015446  -685.5 -82.9 -233.3
20211110015447  -685.5 -82.5 -232.9
20211110015448  -685.5 -82.4 -232.8
20211110015449  -685.5 -82.2 -232.9
20211110015450  -685.5 -82.2 -232.9
20211110015451  -685.2 -82.5 -232.9
20211110015452  -685.4 -82.3 -232.8
20211110015453  -685.7 -81.8 -232.7
20211110015454  -685.7 -82.0 -233.0
20211110015455  -685.9 -81.6 -232.8
20211110015456  -685.7 -81.8 -233.0
20211110015457  -686.2 -81.9 -233.3
20211110015458  -686.5 -81.6 -233.4
20211110015459  -686.9 -81.5 -233.6
20211110015500  -687.1 -81.2 -233.9
20211110015501  -687.1 -80.8 -233.7
20211110015502  -687.2 -80.8 -234.0
20211110015503  -687.5 -80.9 -234.2
20211110015504  -687.4 -80.9 -233.9
20211110015505  -687.4 -80.3 -233.1
20211110015506  -688.5 -80.4 -233.8
20211110015507  -688.3 -80.3 -233.6
20211110015508  -688.5 -80.4 -233.5
20211110015509  -688.9 -80.7 -233.7
20211110015510  -689.0 -80.8 -233.9
20211110015511  -689.3 -80.9 -233.9
20211110015512  -689.5 -81.0 -233.6
20211110015513  -689.7 -81.2 -233.5
20211110015514  -689.5 -81.3 -233.5
20211110015515  -689.9 -81.5 -233.4
20211110015516  -689.9 -81.5 -233.5
20211110015517  -689.7 -81.5 -233.3
20211110015518  -689.9 -81.9 -233.2
20211110015519  -689.9 -82.0 -233.1
20211110015520  -689.9 -82.1 -232.9
20211110015521  -690.1 -82.4 -233.1
20211110015522  -690.1 -82.0 -233.1
20211110015523  -690.2 -81.7 -232.8
20211110015524  -690.4 -81.7 -233.0
20211110015525  -690.5 -81.8 -232.9
20211110015526  -690.7 -81.4 -232.7
20211110015527  -690.4 -81.4 -232.8
20211110015528  -690.6 -80.7 -232.7
20211110015529  -690.7 -80.9 -232.7
20211110015530  -690.2 -81.2 -232.8
20211110015531  -690.0 -81.2 -232.2
20211110015532  -690.7 -81.2 -232.4
20211110015533  -690.9 -81.4 -232.1
20211110015534  -691.1 -81.5 -232.5
20211110015535  -691.2 -81.4 -232.7
20211110015536  -691.1 -81.5 -233.0
20211110015537  -690.9 -81.8 -233.0
20211110015538  -691.0 -81.9 -233.1
20211110015539  -691.1 -81.8 -232.9
20211110015540  -691.2 -81.9 -232.6
20211110015541  -691.2 -82.2 -232.8
20211110015542  -690.9 -82.2 -232.5
20211110015543  -690.8 -81.9 -232.6
20211110015544  -691.0 -82.0 -232.6
20211110015545  -691.0 -81.7 -232.6
20211110015546  -690.8 -81.7 -232.6
20211110015547  -691.2 -81.9 -232.5
20211110015548  -691.0 -82.1 -232.4
20211110015549  -690.9 -81.9 -232.6
20211110015550  -690.9 -81.5 -232.6
20211110015551  -691.0 -80.9 -232.5
20211110015552  -691.3 -80.8 -232.4
20211110015553  -691.4 -80.7 -232.7
20211110015554  -691.4 -80.2 -232.7
20211110015555  -691.4 -79.5 -232.8
20211110015556  -691.1 -80.0 -233.1
20211110015557  -690.8 -79.4 -232.7
20211110015558  -691.1 -79.3 -232.7
20211110015559  -691.2 -79.2 -232.8
20211110015600  -691.1 -79.4 -232.8
20211110015601  -691.3 -79.4 -233.0
20211110015602  -691.5 -79.4 -232.7
20211110015603  -691.4 -79.2 -232.8
20211110015604  -691.6 -79.5 -233.3
20211110015605  -691.6 -79.5 -233.0
20211110015606  -691.5 -79.4 -232.8
20211110015607  -691.7 -79.5 -233.0
20211110015608  -691.7 -79.7 -232.8
20211110015609  -691.7 -79.7 -232.6
20211110015610  -691.8 -79.4 -232.5
20211110015611  -692.0 -79.4 -232.7
20211110015612  -692.2 -79.1 -232.2
20211110015613  -691.8 -78.8 -232.3
20211110015614  -692.1 -78.9 -232.6
20211110015615  -691.9 -79.0 -232.9
20211110015616  -691.7 -79.1 -232.6
20211110015617  -692.0 -79.1 -232.6
20211110015618  -692.2 -79.0 -232.6
20211110015619  -692.1 -79.3 -232.5
20211110015620  -691.9 -79.5 -232.4
20211110015621  -691.9 -79.5 -232.5
20211110015622  -691.8 -79.8 -232.6
20211110015623  -691.1 -79.7 -231.9
20211110015624  -691.6 -79.7 -232.3
20211110015625  -691.9 -79.8 -232.4
20211110015626  -691.8 -79.4 -232.8
20211110015627  -691.7 -79.3 -232.8
20211110015628  -691.4 -79.1 -232.8
20211110015629  -691.6 -78.8 -232.7
20211110015630  -691.5 -78.8 -232.5
20211110015631  -691.5 -79.0 -233.0
20211110015632  -691.2 -78.5 -232.6
20211110015633  -691.2 -78.4 -232.8
20211110015634  -691.2 -78.5 -232.8
20211110015635  -691.2 -78.5 -232.9
20211110015636  -691.2 -78.4 -232.8
20211110015637  -691.2 -78.2 -232.8
20211110015638  -691.0 -77.7 -232.8
20211110015639  -690.7 -77.2 -232.5
20211110015640  -690.7 -77.2 -232.5
20211110015641  -690.6 -77.1 -232.5
20211110015642  -690.5 -76.6 -232.6
20211110015643  -690.6 -76.9 -232.7
20211110015644  -690.3 -76.1 -232.8
20211110015645  -690.4 -75.7 -233.2
20211110015646  -690.4 -75.4 -233.0
20211110015647  -690.5 -75.7 -233.3
20211110015648  -690.0 -75.7 -233.1
20211110015649  -689.5 -75.5 -232.5
20211110015650  -689.7 -74.9 -232.4
20211110015651  -690.2 -75.4 -232.9
20211110015652  -689.9 -75.9 -232.9
20211110015653  -690.1 -76.0 -233.1
20211110015654  -690.2 -75.9 -233.1
20211110015655  -690.3 -76.2 -233.3
20211110015656  -690.3 -76.0 -233.4
20211110015657  -690.2 -76.0 -233.6
20211110015658  -690.6 -76.1 -233.3
20211110015659  -690.7 -76.4 -233.2
20211110015700  -690.7 -76.4 -233.3
20211110015701  -690.9 -76.2 -233.5
20211110015702  -691.2 -76.4 -233.5
20211110015703  -691.0 -76.5 -233.3
20211110015704  -691.0 -76.8 -233.6
20211110015705  -691.2 -77.0 -233.5
20211110015706  -691.0 -76.6 -233.3
20211110015707  -691.0 -76.8 -233.4
20211110015708  -690.7 -76.6 -233.3
20211110015709  -690.6 -76.4 -233.3
20211110015710  -690.2 -75.5 -233.4
20211110015711  -690.0 -75.5 -233.4
20211110015712  -689.7 -75.2 -233.4
20211110015713  -689.7 -75.2 -233.5
20211110015714  -689.4 -74.9 -233.5
20211110015715  -688.4 -74.3 -232.9
20211110015716  -688.1 -73.9 -233.2
20211110015717  -688.7 -74.0 -234.0
20211110015718  -688.8 -74.1 -234.2
20211110015719  -689.4 -74.0 -235.1
20211110015720  -689.5 -74.0 -235.2
20211110015721  -690.1 -73.9 -235.4
20211110015722  -690.0 -74.1 -235.3
20211110015723  -690.3 -74.1 -235.4
20211110015724  -690.6 -74.1 -235.5
20211110015725  -690.6 -74.1 -235.1
20211110015726  -690.7 -73.9 -235.3
20211110015727  -691.2 -73.7 -235.3
20211110015728  -691.3 -74.0 -235.1
20211110015729  -691.5 -74.3 -235.1
20211110015730  -691.3 -74.3 -235.0
20211110015731  -691.2 -74.4 -235.0
20211110015732  -691.7 -74.3 -235.0
20211110015733  -691.9 -74.3 -234.8
20211110015734  -691.9 -74.1 -234.9
20211110015735  -692.2 -73.8 -234.9
20211110015736  -692.5 -74.2 -235.1
20211110015737  -692.1 -74.0 -235.1
20211110015738  -692.6 -73.7 -235.0
20211110015739  -692.8 -73.4 -234.7
20211110015740  -692.5 -73.7 -234.5
20211110015741  -692.0 -73.3 -234.2
20211110015742  -692.6 -73.5 -234.4
20211110015743  -692.9 -73.7 -234.9
20211110015744  -692.9 -73.8 -234.8
20211110015745  -692.8 -73.6 -235.0
20211110015746  -693.1 -73.7 -235.0
20211110015747  -693.2 -74.0 -235.3
20211110015748  -693.2 -73.9 -235.5
20211110015749  -693.2 -73.8 -235.4
20211110015750  -693.5 -74.0 -235.6
20211110015751  -693.3 -73.7 -235.5
20211110015752  -693.7 -73.5 -235.4
20211110015753  -693.7 -73.6 -235.5
20211110015754  -694.0 -73.4 -236.0
20211110015755  -694.3 -73.7 -236.5
20211110015756  -694.7 -73.9 -236.9
20211110015757  -694.8 -73.9 -236.7
20211110015758  -695.2 -73.9 -236.8
20211110015759  -695.5 -73.9 -237.1
20211110015800  -695.6 -73.8 -237.1
20211110015801  -695.6 -74.1 -237.2
20211110015802  -695.7 -74.1 -237.4
20211110015803  -696.0 -74.2 -237.1
20211110015804  -696.1 -74.0 -237.2
20211110015805  -696.4 -74.1 -237.0
20211110015806  -696.6 -74.0 -237.3
20211110015807  -696.2 -73.9 -236.8
20211110015808  -695.8 -74.3 -236.6
20211110015809  -695.7 -74.3 -236.5
20211110015810  -695.8 -74.0 -236.3
20211110015811  -696.5 -74.2 -236.6
20211110015812  -696.7 -74.3 -237.1
20211110015813  -697.0 -74.4 -237.1
20211110015814  -696.9 -74.1 -237.1
20211110015815  -697.0 -73.8 -236.9
20211110015816  -696.8 -73.6 -237.0
20211110015817  -696.7 -73.8 -237.0
20211110015818  -696.7 -73.9 -237.3
20211110015819  -696.7 -74.1 -237.3
20211110015820  -696.8 -74.3 -237.4
20211110015821  -696.6 -74.2 -237.5
20211110015822  -696.7 -74.1 -237.7
20211110015823  -696.8 -74.4 -237.6
20211110015824  -696.6 -74.4 -237.5
20211110015825  -696.7 -74.1 -237.2
20211110015826  -696.7 -74.4 -237.2
20211110015827  -696.6 -75.2 -237.3
20211110015828  -696.9 -75.0 -237.4
20211110015829  -697.4 -75.1 -237.5
20211110015830  -697.3 -74.8 -237.4
20211110015831  -697.5 -75.0 -237.7
20211110015832  -697.7 -75.1 -237.6
20211110015833  -698.3 -75.1 -237.5
20211110015834  -698.4 -75.4 -237.6
20211110015835  -698.8 -75.2 -237.8
20211110015836  -699.0 -75.1 -237.6
20211110015837  -698.8 -75.2 -237.4
20211110015838  -698.4 -74.8 -236.7
20211110015839  -698.2 -74.8 -236.3
20211110015840  -698.4 -74.7 -236.3
20211110015841  -698.8 -74.5 -236.8
20211110015842  -698.8 -74.7 -237.1
20211110015843  -699.0 -74.4 -236.9
20211110015844  -699.0 -74.5 -236.7
20211110015845  -699.4 -74.7 -237.0
20211110015846  -699.4 -74.7 -237.1
20211110015847  -699.4 -74.6 -237.0
20211110015848  -699.6 -74.8 -237.0
20211110015849  -699.7 -74.8 -236.9
20211110015850  -699.6 -74.6 -236.8
20211110015851  -699.7 -74.9 -237.0
20211110015852  -699.5 -74.9 -237.1
20211110015853  -699.7 -75.0 -237.3
20211110015854  -699.4 -75.2 -237.2
20211110015855  -699.4 -75.0 -237.3
20211110015856  -699.5 -75.1 -237.7
20211110015857  -699.4 -75.1 -237.5
20211110015858  -699.4 -74.9 -237.3
20211110015859  -699.4 -74.8 -237.4
20211110015900  -699.3 -74.8 -237.6
20211110015901  -699.5 -74.8 -238.1
20211110015902  -699.7 -74.8 -238.3
20211110015903  -699.7 -74.7 -238.4
20211110015904  -699.8 -74.9 -238.3
20211110015905  -699.8 -74.5 -238.1
20211110015906  -699.8 -74.1 -238.3
20211110015907  -699.5 -74.1 -238.2
20211110015908  -699.1 -73.6 -237.7
20211110015909  -699.2 -73.4 -237.5
20211110015910  -699.2 -72.7 -237.2
20211110015911  -699.9 -72.8 -237.8
20211110015912  -700.1 -72.6 -238.0
20211110015913  -699.9 -72.2 -238.0
20211110015914  -699.7 -72.1 -238.0
20211110015915  -699.7 -72.1 -238.2
20211110015916  -699.6 -72.1 -238.5
20211110015917  -699.7 -72.0 -238.5
20211110015918  -699.7 -72.3 -238.4
20211110015919  -699.7 -72.2 -237.6
20211110015920  -700.0 -72.1 -238.2
20211110015921  -699.9 -71.9 -238.2
20211110015922  -699.8 -71.9 -238.3
20211110015923  -699.6 -72.1 -238.6
20211110015924  -699.7 -72.0 -238.8
20211110015925  -699.7 -72.1 -239.2
20211110015926  -699.6 -71.3 -239.1
20211110015927  -699.7 -71.0 -238.8
20211110015928  -699.7 -70.6 -238.6
20211110015929  -699.8 -70.6 -238.6
20211110015930  -699.6 -70.5 -238.7
20211110015931  -699.5 -70.5 -238.7
20211110015932  -699.7 -70.5 -238.4
20211110015933  -699.6 -70.3 -238.0
20211110015934  -699.7 -70.4 -238.5
20211110015935  -699.8 -70.6 -238.6
20211110015936  -699.6 -70.6 -239.0
20211110015937  -699.7 -70.8 -238.6
20211110015938  -699.1 -70.6 -238.3
20211110015939  -699.3 -71.0 -238.1
20211110015940  -699.4 -70.7 -237.9
20211110015941  -700.0 -70.1 -238.3
20211110015942  -700.1 -70.0 -238.0
20211110015943  -700.1 -70.0 -237.9
20211110015944  -699.6 -69.9 -238.1
20211110015945  -699.5 -70.1 -237.9
20211110015946  -699.8 -70.4 -238.1
20211110015947  -699.7 -70.6 -238.6
20211110015948  -699.8 -70.6 -238.7
20211110015949  -700.0 -70.8 -238.8
20211110015950  -700.0 -71.0 -238.6
20211110015951  -700.2 -70.8 -238.1
20211110015952  -700.0 -71.0 -238.0
20211110015953  -699.9 -71.0 -238.2
20211110015954  -700.1 -70.9 -238.0
20211110015955  -700.3 -71.1 -237.9
20211110015956  -700.4 -71.2 -238.3
20211110015957  -700.2 -71.3 -238.2
20211110015958  -699.9 -71.5 -237.9
20211110015959  -699.9 -71.5 -238.0
20211110020000  -700.0 -71.8 -237.7
20211110020001  -699.8 -72.2 -237.8
20211110020002  -699.5 -72.2 -238.0
20211110020003  -699.6 -71.9 -237.9
20211110020004  -699.7 -72.2 -238.0
20211110020005  -699.6 -72.0 -238.3
20211110020006  -699.4 -72.1 -238.3
20211110020007  -699.4 -72.3 -238.4
20211110020008  -698.7 -72.2 -237.8
20211110020009  -698.7 -71.8 -237.8
20211110020010  -698.8 -72.0 -237.9
20211110020011  -699.2 -71.7 -238.1
20211110020012  -699.3 -72.2 -238.9
20211110020013  -699.4 -71.5 -239.0
20211110020014  -699.3 -71.9 -239.7
20211110020015  -699.4 -71.9 -239.6
20211110020016  -699.5 -72.0 -239.8
20211110020017  -699.6 -72.4 -240.0
20211110020018  -699.6 -72.5 -240.1
20211110020019  -699.5 -72.7 -240.4
20211110020020  -699.6 -72.8 -240.8
20211110020021  -700.1 -73.2 -240.9
20211110020022  -700.2 -73.0 -241.0
20211110020023  -700.0 -73.2 -240.8
20211110020024  -700.3 -73.3 -240.7
20211110020025  -700.3 -73.5 -240.9
20211110020026  -700.7 -73.5 -240.9
20211110020027  -701.0 -73.3 -241.1
20211110020028  -701.1 -73.2 -240.9
20211110020029  -701.3 -73.4 -240.8
20211110020030  -701.2 -73.4 -240.5
20211110020031  -701.5 -73.4 -240.4
20211110020032  -701.5 -73.2 -240.1
20211110020033  -701.7 -73.5 -240.3
20211110020034  -701.9 -73.5 -240.4
20211110020035  -702.0 -73.8 -240.4
20211110020036  -702.3 -73.9 -240.1
20211110020037  -702.2 -73.9 -240.2
20211110020038  -701.7 -74.2 -240.0
20211110020039  -701.4 -73.6 -239.4
20211110020040  -701.4 -73.0 -239.2
20211110020041  -701.2 -72.2 -239.4
20211110020042  -702.0 -72.2 -240.3
20211110020043  -702.3 -72.1 -240.4
20211110020044  -702.6 -71.9 -240.5
20211110020045  -702.9 -72.2 -240.7
20211110020046  -703.1 -72.2 -240.4
20211110020047  -703.6 -72.9 -240.5
20211110020048  -703.9 -73.0 -240.9
20211110020049  -703.9 -73.2 -241.3
20211110020050  -704.0 -73.4 -241.4
20211110020051  -704.4 -73.1 -241.0
20211110020052  -704.4 -72.7 -240.7
20211110020053  -704.5 -72.2 -240.8
20211110020054  -704.6 -72.4 -241.0
20211110020055  -704.8 -72.7 -240.9
20211110020056  -704.7 -72.3 -241.6
20211110020057  -705.0 -72.4 -241.8
20211110020058  -705.0 -72.4 -241.7
20211110020059  -705.0 -72.3 -241.8
20211110020100  -704.9 -72.2 -241.6
20211110020101  -705.0 -72.3 -241.6
20211110020102  -705.3 -72.0 -241.6
20211110020103  -705.0 -72.0 -241.7
20211110020104  -705