20211201204523  -850.1 -59.5 -752.4
20211201204524  -850.2 -59.1 -752.1
20211201204525  -850.1 -59.7 -752.1
20211201204526  -849.5 -59.3 -751.1
20211201204527  -849.3 -58.6 -751.0
20211201204528  -849.6 -58.5 -751.0
20211201204529  -849.8 -58.5 -750.9
20211201204530  -849.4 -58.1 -751.0
20211201204531  -849.4 -58.2 -750.9
20211201204532  -849.1 -57.9 -750.8
20211201204533  -849.4 -57.8 -750.4
20211201204534  -849.4 -58.1 -750.2
20211201204535  -849.2 -58.2 -750.0
20211201204536  -849.5 -57.8 -749.6
20211201204537  -849.4 -57.8 -749.8
20211201204538  -849.2 -57.3 -749.9
20211201204539  -849.4 -57.2 -749.8
20211201204540  -849.9 -57.2 -749.4
20211201204541  -849.7 -57.1 -749.1
20211201204542  -849.7 -57.1 -748.7
20211201204543  -849.7 -57.2 -748.8
20211201204544  -849.8 -57.0 -748.3
20211201204545  -849.5 -57.1 -748.1
20211201204546  -849.5 -57.0 -747.9
20211201204547  -849.4 -56.8 -747.3
20211201204548  -849.3 -56.7 -747.3
20211201204549  -849.1 -56.6 -746.9
20211201204550  -848.8 -56.5 -747.2
20211201204551  -848.8 -56.8 -747.2
20211201204552  -848.4 -57.0 -746.3
20211201204553  -848.1 -56.6 -745.8
20211201204554  -848.0 -56.5 -745.6
20211201204555  -848.0 -56.5 -745.2
20211201204556  -848.2 -56.6 -745.2
20211201204557  -848.5 -57.0 -745.5
20211201204558  -848.4 -57.1 -745.3
20211201204559  -848.3 -57.2 -745.3
20211201204600  -848.3 -57.2 -745.3
20211201204601  -848.2 -57.4 -745.2
20211201204602  -848.1 -57.5 -744.8
20211201204603  -848.1 -57.5 -744.9
20211201204604  -848.2 -57.5 -744.7
20211201204605  -848.0 -57.5 -745.0
20211201204606  -848.0 -57.5 -744.8
20211201204607  -847.8 -57.4 -744.8
20211201204608  -848.1 -57.4 -744.7
20211201204609  -848.1 -57.4 -744.7
20211201204610  -848.2 -57.3 -744.5
20211201204611  -848.2 -57.3 -744.7
20211201204612  -848.2 -57.3 -744.3
20211201204613  -848.2 -57.0 -744.5
20211201204614  -848.2 -57.0 -744.3
20211201204615  -848.2 -57.1 -744.0
20211201204616  -848.0 -56.8 -744.1
20211201204617  -848.3 -56.9 -743.9
20211201204618  -848.7 -56.8 -744.1
20211201204619  -848.7 -56.3 -744.2
20211201204620  -848.9 -56.5 -744.3
20211201204621  -848.8 -56.7 -744.6
20211201204622  -848.5 -56.5 -744.1
20211201204623  -848.1 -56.0 -743.7
20211201204624  -847.8 -55.8 -743.9
20211201204625  -847.6 -55.5 -743.3
20211201204626  -847.9 -55.4 -743.6
20211201204627  -848.3 -55.4 -743.8
20211201204628  -848.5 -55.3 -744.1
20211201204629  -848.7 -55.0 -744.5
20211201204630  -848.7 -55.5 -744.6
20211201204631  -848.8 -55.0 -744.9
20211201204632  -848.6 -55.0 -744.9
20211201204633  -848.9 -55.2 -744.9
20211201204634  -849.0 -55.4 -745.2
20211201204635  -849.1 -55.1 -745.0
20211201204636  -848.9 -55.0 -745.2
20211201204637  -848.9 -55.1 -745.2
20211201204638  -848.8 -55.4 -745.6
20211201204639  -848.9 -55.2 -745.6
20211201204640  -848.7 -55.7 -745.4
20211201204641  -848.7 -56.0 -745.8
20211201204642  -848.8 -56.3 -745.9
20211201204643  -848.6 -56.1 -746.0
20211201204644  -848.4 -56.3 -746.2
20211201204645  -848.6 -56.3 -746.4
20211201204646  -848.4 -56.0 -746.3
20211201204647  -848.4 -55.7 -745.9
20211201204648  -848.0 -55.4 -746.1
20211201204649  -847.7 -55.3 -746.1
20211201204650  -847.7 -55.0 -746.1
20211201204651  -847.8 -54.6 -746.2
20211201204652  -847.5 -54.4 -746.1
20211201204653  -847.1 -54.0 -745.8
20211201204654  -846.8 -53.8 -745.6
20211201204655  -846.6 -53.4 -745.2
20211201204656  -846.9 -53.3 -745.4
20211201204657  -847.1 -53.2 -745.9
20211201204658  -847.1 -53.0 -745.8
20211201204659  -846.9 -53.1 -745.8
20211201204700  -847.1 -52.9 -746.0
20211201204701  -847.2 -52.8 -745.9
20211201204702  -847.2 -52.6 -745.5
20211201204703  -847.3 -52.2 -745.4
20211201204704  -847.2 -52.1 -745.5
20211201204705  -847.6 -52.0 -745.1
20211201204706  -847.3 -52.1 -745.3
20211201204707  -847.1 -52.0 -745.1
20211201204708  -847.4 -51.5 -745.0
20211201204709  -847.2 -51.4 -744.8
20211201204710  -847.3 -51.3 -744.4
20211201204711  -847.2 -51.2 -744.7
20211201204712  -847.2 -51.5 -744.3
20211201204713  -847.1 -51.5 -744.1
20211201204714  -847.1 -51.6 -744.3
20211201204715  -846.8 -51.4 -743.7
20211201204716  -846.9 -51.6 -743.7
20211201204717  -846.8 -51.4 -743.6
20211201204718  -846.7 -51.3 -743.4
20211201204719  -846.5 -51.5 -743.4
20211201204720  -846.6 -51.5 -743.2
20211201204721  -846.1 -51.5 -742.5
20211201204722  -845.8 -51.7 -742.3
20211201204723  -845.5 -51.6 -741.5
20211201204724  -845.0 -51.3 -741.1
20211201204725  -844.8 -51.5 -741.0
20211201204726  -844.7 -51.6 -740.4
20211201204727  -845.2 -51.8 -740.9
20211201204728  -845.1 -52.0 -741.1
20211201204729  -845.1 -51.9 -740.6
20211201204730  -845.6 -52.1 -740.5
20211201204731  -845.4 -52.1 -740.6
20211201204732  -845.4 -52.2 -740.2
20211201204733  -845.6 -52.5 -740.0
20211201204734  -845.6 -52.3 -739.7
20211201204735  -845.8 -52.4 -739.1
20211201204736  -845.7 -52.5 -738.9
20211201204737  -845.6 -52.3 -738.3
20211201204738  -845.1 -52.4 -738.0
20211201204739  -845.2 -52.1 -737.9
20211201204740  -845.4 -52.3 -737.6
20211201204741  -845.2 -52.4 -737.2
20211201204742  -845.2 -52.4 -736.7
20211201204743  -845.0 -52.4 -736.5
20211201204744  -844.8 -52.4 -736.3
20211201204745  -844.7 -52.7 -736.3
20211201204746  -844.4 -52.6 -736.0
20211201204747  -844.4 -52.7 -735.6
20211201204748  -844.3 -52.9 -735.6
20211201204749  -844.2 -53.0 -735.6
20211201204750  -844.2 -52.9 -735.3
20211201204751  -844.0 -53.3 -734.7
20211201204752  -843.8 -53.3 -734.1
20211201204753  -843.6 -53.3 -734.2
20211201204754  -843.2 -53.6 -733.8
20211201204755  -842.8 -53.6 -733.2
20211201204756  -842.6 -53.3 -732.5
20211201204757  -843.5 -53.7 -732.8
20211201204758  -843.3 -53.9 -732.5
20211201204759  -843.6 -54.1 -732.6
20211201204800  -843.8 -54.2 -732.1
20211201204801  -843.5 -54.4 -731.9
20211201204802  -843.3 -54.3 -731.5
20211201204803  -843.2 -54.5 -731.1
20211201204804  -843.3 -54.5 -731.0
20211201204805  -843.0 -55.0 -730.7
20211201204806  -843.1 -55.6 -730.5
20211201204807  -842.8 -55.5 -730.2
20211201204808  -842.7 -55.8 -729.9
20211201204809  -842.5 -56.1 -729.6
20211201204810  -842.1 -56.4 -729.3
20211201204811  -841.7 -56.6 -729.2
20211201204812  -841.6 -56.6 -728.9
20211201204813  -841.4 -56.5 -728.7
20211201204814  -841.2 -56.7 -728.1
20211201204815  -841.2 -56.6 -728.0
20211201204816  -840.4 -56.2 -727.7
20211201204817  -840.1 -56.1 -727.1
20211201204818  -839.8 -55.9 -727.0
20211201204819  -839.5 -56.0 -726.8
20211201204820  -839.3 -56.0 -726.7
20211201204821  -838.9 -55.7 -726.7
20211201204822  -838.4 -55.9 -726.3
20211201204823  -838.0 -55.7 -726.3
20211201204824  -837.1 -55.5 -725.7
20211201204825  -836.5 -55.1 -725.7
20211201204826  -836.0 -55.3 -725.2
20211201204827  -835.7 -55.2 -724.9
20211201204828  -836.1 -55.4 -725.4
20211201204829  -835.7 -55.5 -725.3
20211201204830  -835.2 -55.6 -725.2
20211201204831  -834.7 -56.0 -725.3
20211201204832  -834.2 -56.5 -725.5
20211201204833  -833.7 -56.9 -725.3
20211201204834  -833.2 -57.3 -725.5
20211201204835  -832.9 -57.5 -725.2
20211201204836  -832.6 -57.9 -725.0
20211201204837  -831.9 -58.1 -725.1
20211201204838  -831.4 -58.7 -725.1
20211201204839  -830.8 -59.1 -724.6
20211201204840  -830.6 -59.4 -724.9
20211201204841  -830.0 -59.8 -724.8
20211201204842  -829.7 -60.1 -724.7
20211201204843  -829.7 -60.9 -724.7
20211201204844  -829.2 -61.3 -724.9
20211201204845  -828.6 -61.4 -724.6
20211201204846  -828.2 -61.9 -724.7
20211201204847  -828.1 -62.4 -724.7
20211201204848  -827.8 -63.0 -724.6
20211201204849  -827.3 -63.6 -724.5
20211201204850  -826.7 -64.5 -724.4
20211201204851  -826.7 -65.1 -724.4
20211201204852  -826.7 -65.7 -724.1
20211201204853  -826.0 -66.3 -724.0
20211201204854  -825.0 -67.0 -723.2
20211201204855  -824.7 -67.3 -722.6
20211201204856  -823.9 -67.6 -722.2
20211201204857  -823.4 -68.1 -722.0
20211201204858  -823.4 -68.7 -722.0
20211201204859  -823.3 -69.2 -722.4
20211201204900  -823.0 -69.7 -722.1
20211201204901  -822.7 -70.2 -722.3
20211201204902  -822.5 -70.5 -722.1
20211201204903  -822.0 -70.9 -722.1
20211201204904  -821.8 -71.7 -722.1
20211201204905  -821.4 -72.2 -722.0
20211201204906  -821.2 -72.7 -722.1
20211201204907  -821.2 -73.4 -721.9
20211201204908  -820.5 -73.8 -721.6
20211201204909  -820.2 -74.3 -721.4
20211201204910  -819.7 -75.0 -721.1
20211201204911  -819.2 -75.4 -720.8
20211201204912  -818.8 -75.8 -720.6
20211201204913  -818.3 -76.3 -720.4
20211201204914  -817.9 -77.1 -720.8
20211201204915  -817.5 -77.6 -720.7
20211201204916  -816.6 -78.1 -720.4
20211201204917  -816.2 -78.2 -720.4
20211201204918  -815.7 -79.1 -720.5
20211201204919  -815.5 -79.1 -719.9
20211201204920  -814.5 -79.8 -720.1
20211201204921  -814.2 -80.0 -720.0
20211201204922  -813.3 -80.3 -720.2
20211201204923  -812.7 -80.7 -720.1
20211201204924  -811.9 -81.2 -720.2
20211201204925  -810.8 -80.8 -719.8
20211201204926  -809.9 -81.0 -719.8
20211201204927  -809.3 -81.3 -719.5
20211201204928  -808.3 -81.4 -719.5
20211201204929  -808.4 -81.5 -720.0
20211201204930  -807.9 -81.9 -720.3
20211201204931  -807.1 -81.8 -720.8
20211201204932  -806.4 -81.9 -720.7
20211201204933  -805.6 -81.9 -720.9
20211201204934  -805.3 -81.8 -721.5
20211201204935  -804.6 -81.9 -721.5
20211201204936  -804.2 -82.0 -721.6
20211201204937  -803.5 -81.9 -722.2
20211201204938  -803.1 -81.8 -722.5
20211201204939  -802.7 -82.0 -722.9
20211201204940  -802.0 -82.2 -723.4
20211201204941  -801.4 -81.8 -723.7
20211201204942  -801.0 -81.6 -724.0
20211201204943  -800.8 -81.9 -724.2
20211201204944  -800.4 -81.8 -724.5
20211201204945  -800.1 -81.5 -724.6
20211201204946  -799.5 -81.6 -725.2
20211201204947  -799.3 -81.6 -725.5
20211201204948  -798.7 -81.4 -725.5
20211201204949  -798.4 -81.3 -725.9
20211201204950  -797.8 -81.2 -726.2
20211201204951  -797.3 -80.9 -726.5
20211201204952  -797.1 -80.5 -726.6
20211201204953  -796.5 -79.9 -727.1
20211201204954  -796.0 -80.0 -727.6
20211201204955  -794.9 -79.3 -727.4
20211201204956  -795.4 -79.4 -728.3
20211201204957  -795.2 -78.9 -728.5
20211201204958  -794.7 -78.8 -729.0
20211201204959  -794.3 -78.8 -729.1
20211201205000  -793.5 -78.1 -729.3
20211201205001  -792.8 -77.7 -729.7
20211201205002  -792.9 -77.3 -730.5
20211201205003  -792.3 -76.7 -730.9
20211201205004  -791.8 -76.3 -731.5
20211201205005  -791.5 -75.9 -731.7
20211201205006  -791.0 -75.3 -732.3
20211201205007  -790.5 -74.8 -732.4
20211201205008  -790.2 -74.5 -732.8
20211201205009  -789.9 -74.2 -733.4
20211201205010  -789.6 -73.7 -733.7
20211201205011  -789.2 -73.2 -734.2
20211201205012  -788.8 -72.7 -734.7
20211201205013  -788.6 -72.3 -734.9
20211201205014  -788.3 -71.8 -735.6
20211201205015  -788.0 -71.3 -736.3
20211201205016  -787.8 -71.1 -736.6
20211201205017  -787.7 -70.6 -736.5
20211201205018  -787.1 -70.4 -737.3
20211201205019  -787.2 -69.8 -737.9
20211201205020  -786.4 -69.7 -737.8
20211201205021  -785.9 -68.9 -737.7
20211201205022  -785.9 -68.4 -738.2
20211201205023  -786.1 -68.3 -739.0
20211201205024  -785.7 -67.9 -739.6
20211201205025  -785.7 -67.4 -740.3
20211201205026  -785.4 -67.2 -740.6
20211201205027  -785.1 -67.1 -741.0
20211201205028  -785.3 -66.9 -741.3
20211201205029  -785.1 -66.6 -741.7
20211201205030  -785.0 -66.3 -742.1
20211201205031  -785.2 -66.1 -742.8
20211201205032  -785.1 -65.6 -743.3
20211201205033  -785.0 -65.3 -743.5
20211201205034  -785.1 -65.2 -743.7
20211201205035  -785.1 -65.0 -744.0
20211201205036  -784.9 -65.1 -744.3
20211201205037  -785.1 -64.5 -744.8
20211201205038  -785.2 -64.6 -745.3
20211201205039  -785.2 -64.5 -745.7
20211201205040  -785.4 -64.5 -746.0
20211201205041  -785.3 -64.4 -746.3
20211201205042  -785.1 -64.3 -746.5
20211201205043  -784.9 -64.4 -746.8
20211201205044  -784.8 -64.2 -747.0
20211201205045  -785.0 -64.2 -747.3
20211201205046  -785.1 -64.6 -747.5
20211201205047  -784.7 -64.3 -747.2
20211201205048  -785.0 -64.0 -747.3
20211201205049  -785.5 -63.8 -748.2
20211201205050  -785.6 -63.8 -748.4
20211201205051  -785.4 -63.7 -748.6
20211201205052  -785.9 -63.6 -748.7
20211201205053  -786.1 -63.7 -748.9
20211201205054  -786.2 -63.3 -749.1
20211201205055  -786.3 -63.3 -749.4
20211201205056  -786.5 -63.2 -749.8
20211201205057  -786.9 -63.1 -749.9
20211201205058  -786.9 -63.3 -750.1
20211201205059  -787.2 -63.2 -750.6
20211201205100  -787.2 -63.3 -750.7
20211201205101  -787.4 -63.1 -750.8
20211201205102  -787.5 -63.1 -751.3
20211201205103  -788.0 -63.0 -751.3
20211201205104  -788.0 -62.9 -751.7
20211201205105  -788.6 -63.2 -752.2
20211201205106  -788.8 -63.2 -752.3
20211201205107  -788.9 -63.0 -752.2
20211201205108  -788.9 -63.2 -752.7
20211201205109  -789.5 -63.0 -752.8
20211201205110  -789.9 -63.3 -753.0
20211201205111  -789.7 -63.2 -752.9
20211201205112  -789.8 -63.7 -753.2
20211201205113  -789.7 -63.5 -753.0
20211201205114  -790.2 -63.8 -753.2
20211201205115  -790.8 -64.0 -753.7
20211201205116  -790.8 -64.2 -754.0
20211201205117  -791.0 -64.2 -754.1
20211201205118  -791.3 -64.3 -754.5
20211201205119  -791.5 -64.5 -754.3
20211201205120  -791.6 -64.6 -754.6
20211201205121  -791.8 -65.0 -754.7
20211201205122  -792.1 -65.0 -754.9
20211201205123  -792.5 -65.3 -755.1
20211201205124  -792.7 -65.4 -755.6
20211201205125  -792.8 -65.7 -755.5
20211201205126  -793.2 -65.8 -755.8
20211201205127  -793.4 -66.0 -756.2
20211201205128  -793.8 -65.8 -756.2
20211201205129  -794.1 -66.0 -756.4
20211201205130  -794.7 -66.1 -756.2
20211201205131  -794.8 -66.4 -756.5
20211201205132  -794.9 -66.6 -756.9
20211201205133  -795.0 -66.5 -757.0
20211201205134  -795.6 -66.7 -757.4
20211201205135  -796.0 -66.8 -757.8
20211201205136  -796.5 -66.9 -757.8
20211201205137  -796.9 -67.2 -757.7
20211201205138  -797.0 -67.7 -758.2
20211201205139  -796.5 -67.9 -757.9
20211201205140  -796.6 -67.8 -757.8
20211201205141  -796.5 -68.0 -757.8
20211201205142  -796.5 -68.0 -757.9
20211201205143  -797.1 -68.1 -758.4
20211201205144  -798.1 -68.5 -759.1
20211201205145  -798.2 -68.9 -759.1
20211201205146  -798.7 -68.9 -759.0
20211201205147  -798.8 -69.0 -759.0
20211201205148  -799.1 -69.1 -759.1
20211201205149  -799.2 -69.6 -759.4
20211201205150  -799.5 -70.0 -759.3
20211201205151  -799.7 -70.0 -759.3
20211201205152  -799.7 -69.7 -759.6
20211201205153  -800.0 -69.8 -759.5
20211201205154  -800.0 -69.9 -759.8
20211201205155  -800.4 -69.8 -760.0
20211201205156  -800.6 -69.9 -760.1
20211201205157  -801.0 -69.7 -760.1
20211201205158  -800.9 -69.7 -760.0
20211201205159  -801.6 -69.5 -759.8
20211201205200  -801.8 -69.9 -759.9
20211201205201  -802.1 -69.9 -759.9
20211201205202  -802.2 -69.7 -759.8
20211201205203  -802.5 -69.8 -760.1
20211201205204  -802.7 -69.9 -759.7
20211201205205  -803.2 -69.8 -759.9
20211201205206  -803.2 -69.7 -760.0
20211201205207  -803.2 -69.9 -760.1
20211201205208  -803.7 -70.2 -760.1
20211201205209  -803.5 -70.4 -760.1
20211201205210  -803.3 -70.1 -759.7
20211201205211  -803.1 -70.0 -759.3
