20211110140829  -674.5 -93.3 -175.7
20211110140830  -674.6 -93.7 -176.0
20211110140831  -674.6 -93.6 -175.7
20211110140832  -674.7 -93.7 -176.1
20211110140833  -674.8 -93.8 -176.3
20211110140834  -674.6 -93.4 -175.9
20211110140835  -674.3 -93.7 -175.8
20211110140836  -674.3 -93.7 -176.1
20211110140837  -674.5 -93.6 -176.1
20211110140838  -674.7 -93.7 -176.2
20211110140839  -674.5 -93.8 -175.9
20211110140840  -674.2 -93.4 -176.2
20211110140841  -673.9 -93.1 -175.8
20211110140842  -673.5 -93.0 -175.4
20211110140843  -673.5 -92.9 -175.3
20211110140844  -674.0 -93.3 -175.9
20211110140845  -674.4 -93.3 -176.0
20211110140846  -674.2 -93.6 -175.8
20211110140847  -674.2 -93.1 -176.3
20211110140848  -674.3 -93.4 -176.1
20211110140849  -674.1 -93.4 -176.1
20211110140850  -673.8 -93.5 -176.3
20211110140851  -674.1 -93.4 -176.3
20211110140852  -673.9 -93.8 -176.2
20211110140853  -673.8 -93.5 -176.2
20211110140854  -674.0 -93.6 -176.5
20211110140855  -674.4 -93.7 -176.2
20211110140856  -674.1 -93.7 -176.1
20211110140857  -674.0 -93.6 -176.4
20211110140858  -674.2 -93.8 -176.0
20211110140859  -673.9 -93.6 -176.1
20211110140900  -673.6 -93.4 -176.7
20211110140901  -673.6 -93.6 -176.4
20211110140902  -673.7 -93.7 -176.1
20211110140903  -673.8 -93.7 -176.3
20211110140904  -673.7 -93.4 -176.4
20211110140905  -673.6 -93.5 -176.2
20211110140906  -673.6 -93.4 -176.0
20211110140907  -672.9 -93.2 -175.9
20211110140908  -672.6 -93.0 -175.3
20211110140909  -673.0 -93.1 -175.5
20211110140910  -673.4 -93.4 -176.1
20211110140911  -673.4 -93.4 -175.9
20211110140912  -673.6 -93.4 -176.2
20211110140913  -673.3 -93.4 -176.2
20211110140914  -673.3 -93.1 -176.0
20211110140915  -673.0 -93.2 -176.3
20211110140916  -672.7 -93.1 -176.1
20211110140917  -672.6 -93.1 -176.1
20211110140918  -672.8 -93.1 -176.3
20211110140919  -672.5 -93.3 -176.3
20211110140920  -672.4 -93.4 -176.5
20211110140921  -672.6 -93.2 -176.3
20211110140922  -672.7 -92.9 -176.5
20211110140923  -672.4 -93.0 -176.3
20211110140924  -672.4 -93.2 -176.5
20211110140925  -672.3 -93.1 -176.7
20211110140926  -672.5 -93.1 -176.6
20211110140927  -672.9 -93.3 -176.5
20211110140928  -672.5 -93.1 -176.5
20211110140929  -672.3 -92.9 -176.2
20211110140930  -672.7 -93.1 -176.5
20211110140931  -672.6 -92.8 -176.6
20211110140932  -672.6 -93.3 -176.5
20211110140933  -672.2 -93.2 -176.1
20211110140934  -671.5 -92.7 -175.5
20211110140935  -672.1 -92.8 -175.9
20211110140936  -672.6 -92.6 -176.5
20211110140937  -672.5 -92.8 -176.3
20211110140938  -672.4 -92.6 -176.5
20211110140939  -672.5 -92.9 -176.5
20211110140940  -672.6 -92.7 -176.4
20211110140941  -672.8 -93.0 -176.3
20211110140942  -672.8 -93.0 -176.3
20211110140943  -672.8 -92.7 -176.5
20211110140944  -672.8 -92.9 -176.6
20211110140945  -672.6 -92.5 -176.4
20211110140946  -672.7 -92.8 -176.3
20211110140947  -672.7 -92.9 -176.5
20211110140948  -672.9 -92.8 -176.1
20211110140949  -673.0 -92.8 -176.2
20211110140950  -673.2 -92.7 -176.1
20211110140951  -673.1 -92.8 -176.3
20211110140952  -673.0 -92.9 -176.3
20211110140953  -672.9 -92.8 -176.2
20211110140954  -672.8 -92.8 -176.2
20211110140955  -672.9 -93.0 -176.5
20211110140956  -672.8 -92.7 -176.4
20211110140957  -672.6 -92.8 -176.6
20211110140958  -672.7 -92.6 -176.3
20211110140959  -672.3 -92.8 -176.2
20211110141000  -671.3 -92.5 -175.8
20211110141001  -672.6 -92.6 -175.9
20211110141002  -672.6 -92.7 -176.1
20211110141003  -672.4 -92.5 -176.2
20211110141004  -672.3 -92.4 -176.3
20211110141005  -672.0 -92.5 -176.0
20211110141006  -672.3 -92.6 -176.1
20211110141007  -672.4 -92.7 -176.2
20211110141008  -672.6 -92.7 -176.1
20211110141009  -672.3 -92.5 -176.1
20211110141010  -672.3 -92.2 -176.2
20211110141011  -672.5 -92.2 -176.2
20211110141012  -672.6 -92.1 -175.8
20211110141013  -672.9 -92.2 -176.2
20211110141014  -672.7 -92.5 -176.1
20211110141015  -672.6 -92.5 -176.4
20211110141016  -672.9 -92.3 -176.4
20211110141017  -672.9 -92.1 -176.3
20211110141018  -672.8 -92.1 -176.1
20211110141019  -672.8 -92.5 -175.8
20211110141020  -672.9 -92.6 -175.9
20211110141021  -672.9 -92.3 -176.3
20211110141022  -672.9 -92.4 -176.2
20211110141023  -673.0 -92.4 -176.1
20211110141024  -673.1 -92.6 -176.0
20211110141025  -672.8 -92.6 -176.0
20211110141026  -672.3 -92.0 -175.3
20211110141027  -671.8 -92.2 -174.8
20211110141028  -672.0 -92.0 -174.9
20211110141029  -671.9 -91.8 -174.8
20211110141030  -672.5 -91.6 -175.2
20211110141031  -672.7 -91.8 -175.3
20211110141032  -672.9 -92.0 -175.6
20211110141033  -672.8 -91.9 -175.5
20211110141034  -672.9 -91.8 -175.6
20211110141035  -672.8 -91.7 -175.7
20211110141036  -673.0 -91.8 -175.9
20211110141037  -672.9 -92.0 -175.7
20211110141038  -673.2 -92.1 -175.7
20211110141039  -673.0 -92.1 -175.8
20211110141040  -673.0 -92.1 -175.8
20211110141041  -673.0 -92.0 -175.5
20211110141042  -673.2 -92.0 -175.7
20211110141043  -672.9 -92.0 -176.1
20211110141044  -673.1 -92.0 -176.0
20211110141045  -673.0 -92.0 -175.9
20211110141046  -672.9 -91.9 -175.8
20211110141047  -672.9 -91.9 -176.0
20211110141048  -672.9 -92.0 -176.0
20211110141049  -673.0 -92.0 -175.8
20211110141050  -673.1 -92.2 -175.9
20211110141051  -673.1 -92.3 -175.8
20211110141052  -673.0 -92.1 -175.6
20211110141053  -673.3 -92.1 -175.5
20211110141054  -673.3 -92.1 -175.7
20211110141055  -673.0 -92.2 -175.8
20211110141056  -672.8 -92.2 -175.3
20211110141057  -673.7 -92.1 -175.8
20211110141058  -673.5 -92.3 -176.1
20211110141059  -673.7 -92.2 -176.3
20211110141100  -673.5 -92.4 -176.2
20211110141101  -673.4 -91.9 -175.8
20211110141102  -673.7 -92.0 -175.7
20211110141103  -673.4 -91.8 -176.0
20211110141104  -673.4 -92.1 -176.0
20211110141105  -673.2 -91.8 -176.1
20211110141106  -673.6 -92.1 -176.1
20211110141107  -673.7 -92.2 -176.0
20211110141108  -673.8 -92.4 -176.1
20211110141109  -673.8 -92.6 -176.1
20211110141110  -674.0 -92.4 -175.8
20211110141111  -673.9 -92.5 -176.2
20211110141112  -674.0 -92.5 -176.2
20211110141113  -673.9 -92.4 -176.1
20211110141114  -673.9 -92.5 -176.2
20211110141115  -674.1 -92.8 -175.8
20211110141116  -674.0 -92.4 -175.7
20211110141117  -673.9 -92.4 -175.8
20211110141118  -674.1 -92.7 -176.0
20211110141119  -674.1 -92.5 -175.9
20211110141120  -673.8 -92.5 -175.9
20211110141121  -674.0 -92.7 -176.2
20211110141122  -673.4 -92.7 -175.9
20211110141123  -673.4 -92.5 -175.9
20211110141124  -673.9 -92.7 -176.1
20211110141125  -673.7 -92.9 -176.1
20211110141126  -673.8 -93.0 -175.7
20211110141127  -673.5 -92.5 -176.1
20211110141128  -673.6 -92.7 -176.1
20211110141129  -673.5 -92.7 -175.6
20211110141130  -673.6 -92.7 -175.7
20211110141131  -673.6 -92.6 -175.7
20211110141132  -673.4 -92.4 -176.0
20211110141133  -673.6 -92.2 -176.0
20211110141134  -674.0 -92.2 -176.0
20211110141135  -673.7 -92.5 -176.3
20211110141136  -673.5 -92.5 -176.1
20211110141137  -673.4 -92.7 -176.1
20211110141138  -673.2 -93.1 -175.9
20211110141139  -673.3 -92.8 -176.3
20211110141140  -673.4 -93.2 -176.3
20211110141141  -673.4 -93.2 -176.2
20211110141142  -673.4 -92.8 -176.2
20211110141143  -673.3 -93.3 -176.3
20211110141144  -673.6 -93.2 -176.2
20211110141145  -673.7 -93.0 -176.3
20211110141146  -673.9 -92.8 -176.4
20211110141147  -673.8 -92.8 -176.4
20211110141148  -673.6 -93.1 -176.3
20211110141149  -672.7 -93.2 -175.8
20211110141150  -673.3 -92.7 -175.6
20211110141151  -674.0 -92.8 -176.2
20211110141152  -673.7 -93.0 -176.4
20211110141153  -673.7 -92.9 -176.6
20211110141154  -673.5 -92.8 -176.2
20211110141155  -673.7 -92.9 -176.4
20211110141156  -673.8 -92.7 -176.5
20211110141157  -673.6 -92.9 -176.2
20211110141158  -673.8 -92.9 -176.2
20211110141159  -673.7 -92.9 -176.3
20211110141200  -673.5 -92.9 -176.3
20211110141201  -673.7 -92.9 -176.2
20211110141202  -673.7 -92.8 -175.9
20211110141203  -673.8 -92.8 -176.2
20211110141204  -673.9 -92.6 -176.3
20211110141205  -673.8 -92.6 -176.2
20211110141206  -673.8 -92.6 -176.4
20211110141207  -673.6 -92.5 -176.3
20211110141208  -673.4 -92.8 -176.3
20211110141209  -673.7 -93.1 -176.5
20211110141210  -673.5 -93.0 -176.4
20211110141211  -673.5 -93.3 -176.3
20211110141212  -673.5 -93.0 -176.6
20211110141213  -673.6 -93.1 -176.6
20211110141214  -673.2 -93.4 -176.4
20211110141215  -672.9 -93.7 -176.1
20211110141216  -672.5 -93.1 -175.9
20211110141217  -673.0 -93.2 -176.7
20211110141218  -672.9 -93.2 -176.5
20211110141219  -672.9 -93.0 -176.4
20211110141220  -673.2 -93.1 -176.7
20211110141221  -672.9 -92.8 -176.2
20211110141222  -673.1 -92.8 -175.9
20211110141223  -673.2 -93.0 -176.1
20211110141224  -673.1 -93.0 -176.0
20211110141225  -673.1 -93.1 -176.2
20211110141226  -672.9 -92.9 -175.9
20211110141227  -673.0 -92.9 -176.3
20211110141228  -672.7 -92.8 -176.5
20211110141229  -672.8 -93.1 -176.2
20211110141230  -672.9 -93.2 -176.2
20211110141231  -673.1 -93.0 -175.9
20211110141232  -673.2 -92.8 -176.1
20211110141233  -673.1 -92.8 -176.3
20211110141234  -673.3 -92.8 -176.6
20211110141235  -673.3 -92.9 -176.6
20211110141236  -673.2 -92.8 -176.7
20211110141237  -673.1 -92.8 -176.4
20211110141238  -673.0 -93.0 -176.4
20211110141239  -673.0 -93.0 -176.7
20211110141240  -673.1 -92.8 -176.7
20211110141241  -672.6 -92.9 -176.1
20211110141242  -672.5 -92.5 -175.5
20211110141243  -673.1 -92.4 -176.1
20211110141244  -673.4 -92.4 -176.0
20211110141245  -673.6 -92.6 -176.3
20211110141246  -673.6 -92.6 -176.4
20211110141247  -673.5 -92.5 -176.4
20211110141248  -673.4 -92.7 -176.4
20211110141249  -673.5 -92.8 -176.4
20211110141250  -673.4 -93.1 -176.2
20211110141251  -673.2 -93.0 -176.1
20211110141252  -673.3 -93.1 -176.2
20211110141253  -673.4 -93.0 -176.0
20211110141254  -673.5 -92.5 -176.5
20211110141255  -673.7 -92.9 -176.5
20211110141256  -673.7 -93.2 -176.3
20211110141257  -673.3 -93.0 -176.2
20211110141258  -673.5 -93.2 -176.1
20211110141259  -673.6 -93.0 -176.3
20211110141300  -673.5 -92.9 -176.1
20211110141301  -673.5 -93.0 -176.0
20211110141302  -673.7 -93.2 -176.0
20211110141303  -673.7 -93.4 -175.9
20211110141304  -673.6 -93.1 -176.1
20211110141305  -673.4 -93.0 -176.1
20211110141306  -673.7 -93.1 -176.3
20211110141307  -673.2 -92.9 -175.7
20211110141308  -672.8 -92.9 -175.6
20211110141309  -673.8 -92.8 -176.2
20211110141310  -673.6 -92.9 -176.1
20211110141311  -673.8 -93.1 -176.3
20211110141312  -673.8 -93.2 -176.5
20211110141313  -673.7 -93.2 -176.3
20211110141314  -673.7 -93.2 -176.3
20211110141315  -673.8 -93.5 -176.1
20211110141316  -673.7 -93.6 -176.4
20211110141317  -673.8 -93.1 -176.7
20211110141318  -673.9 -93.1 -176.2
20211110141319  -674.1 -93.2 -176.3
20211110141320  -674.0 -93.0 -176.1
20211110141321  -673.7 -93.2 -176.0
20211110141322  -673.7 -93.2 -176.2
20211110141323  -673.8 -93.2 -176.3
20211110141324  -674.0 -93.4 -176.3
20211110141325  -673.8 -93.4 -176.7
20211110141326  -674.0 -93.3 -176.6
20211110141327  -674.1 -92.9 -176.4
20211110141328  -674.0 -93.3 -176.5
20211110141329  -674.3 -93.2 -176.5
20211110141330  -674.2 -93.4 -176.4
20211110141331  -674.3 -93.3 -176.5
20211110141332  -674.4 -93.2 -176.4
20211110141333  -673.6 -93.1 -175.9
20211110141334  -673.4 -93.1 -175.7
20211110141335  -674.1 -93.3 -176.2
20211110141336  -674.1 -93.3 -176.2
20211110141337  -674.0 -93.2 -176.3
20211110141338  -674.0 -93.0 -176.2
20211110141339  -674.0 -93.0 -176.1
20211110141340  -674.2 -93.2 -176.0
20211110141341  -673.8 -93.1 -176.0
20211110141342  -673.9 -93.0 -176.1
20211110141343  -674.1 -93.2 -176.3
20211110141344  -674.2 -93.4 -176.2
20211110141345  -674.0 -93.4 -176.2
20211110141346  -674.2 -93.5 -176.0
20211110141347  -673.8 -93.2 -176.0
20211110141348  -674.3 -93.5 -176.8
20211110141349  -674.0 -93.4 -176.5
20211110141350  -673.9 -93.1 -176.3
20211110141351  -674.2 -93.1 -176.7
20211110141352  -673.9 -93.4 -176.3
20211110141353  -673.7 -93.3 -176.0
20211110141354  -673.8 -93.4 -176.2
20211110141355  -674.0 -93.2 -176.2
20211110141356  -673.9 -93.3 -176.1
20211110141357  -673.8 -93.3 -176.3
20211110141358  -673.9 -93.2 -176.5
20211110141359  -673.0 -93.0 -176.1
20211110141400  -673.1 -92.9 -175.9
20211110141401  -673.5 -93.0 -176.6
20211110141402  -673.6 -93.2 -176.5
20211110141403  -673.6 -92.9 -176.5
20211110141404  -674.0 -93.1 -176.2
20211110141405  -673.5 -92.8 -176.2
20211110141406  -673.7 -92.9 -176.0
20211110141407  -673.8 -92.9 -176.1
20211110141408  -673.8 -92.7 -176.3
20211110141409  -673.8 -92.8 -176.1
20211110141410  -673.8 -92.6 -176.2
20211110141411  -673.8 -92.7 -176.2
20211110141412  -673.8 -92.8 -176.4
20211110141413  -673.9 -93.0 -176.0
