2
20211205232605  -975.5 -44.0 -684.2
20211205232606  -975.3 -43.9 -684.1
20211205232607  -975.4 -43.7 -684.2
20211205232608  -975.2 -43.3 -684.0
20211205232609  -975.2 -43.2 -683.7
20211205232610  -975.6 -43.5 -683.9
20211205232611  -974.5 -42.8 -682.5
20211205232612  -973.6 -42.1 -681.8
20211205232613  -973.0 -41.3 -681.0
20211205232614  -972.6 -40.6 -680.7
20211205232615  -972.1 -39.6 -680.2
20211205232616  -971.9 -38.6 -679.8
20211205232617  -971.9 -37.7 -679.6
20211205232618  -971.8 -37.1 -679.0
20211205232619  -971.9 -36.9 -678.2
20211205232620  -972.0 -36.3 -677.6
20211205232621  -972.0 -35.4 -676.8
20211205232622  -972.3 -34.5 -675.9
20211205232623  -972.5 -33.8 -675.1
20211205232624  -973.6 -33.8 -675.5
20211205232625  -974.3 -33.6 -675.3
20211205232626  -974.9 -33.0 -674.7
20211205232627  -975.7 -32.5 -673.9
20211205232628  -976.1 -31.9 -673.1
20211205232629  -976.4 -31.7 -672.0
20211205232630  -976.6 -31.7 -671.5
20211205232631  -977.1 -31.8 -671.1
20211205232632  -977.8 -32.1 -670.7
20211205232633  -978.8 -32.6 -670.3
20211205232634  -979.3 -33.1 -669.7
20211205232635  -979.9 -34.1 -668.6
20211205232636  -980.4 -34.7 -667.4
20211205232637  -980.9 -35.6 -666.9
20211205232638  -981.0 -35.9 -665.9
20211205232639  -980.8 -36.6 -664.8
20211205232640  -981.1 -37.0 -663.2
20211205232641  -980.9 -37.4 -662.0
20211205232642  -980.9 -38.0 -660.1
20211205232643  -980.7 -38.7 -658.9
20211205232644  -980.7 -39.2 -658.5
20211205232645  -981.1 -40.4 -657.6
20211205232646  -981.3 -41.1 -657.1
20211205232647  -981.7 -42.2 -656.0
20211205232648  -981.7 -43.2 -654.4
20211205232649  -981.6 -44.1 -653.7
20211205232650  -981.5 -44.8 -652.8
20211205232651  -982.3 -45.9 -652.3
20211205232652  -982.9 -46.9 -652.0
20211205232653  -983.1 -47.9 -651.4
20211205232654  -983.3 -48.9 -650.6
20211205232655  -983.2 -50.2 -649.8
20211205232656  -983.3 -51.6 -649.3
20211205232657  -983.7 -52.9 -649.0
20211205232658  -984.0 -53.7 -648.7
20211205232659  -984.6 -54.2 -647.7
20211205232700  -984.4 -55.5 -647.2
20211205232701  -984.7 -56.8 -646.8
20211205232702  -985.0 -57.9 -646.0
20211205232703  -985.2 -58.9 -645.4
20211205232704  -985.6 -59.6 -645.1
20211205232705  -986.3 -60.6 -645.6
20211205232706  -985.9 -60.7 -644.6
20211205232707  -985.6 -61.1 -643.9
20211205232708  -985.7 -61.7 -643.5
20211205232709  -985.5 -62.3 -643.1
20211205232710  -984.9 -63.2 -642.3
20211205232711  -984.7 -63.8 -641.9
20211205232712  -984.6 -64.8 -641.5
20211205232713  -984.6 -65.5 -641.5
20211205232714  -984.7 -66.1 -641.3
20211205232715  -984.9 -66.1 -641.1
20211205232716  -984.7 -66.1 -640.8
20211205232717  -984.8 -66.2 -640.4
20211205232718  -984.5 -66.4 -639.9
20211205232719  -986.0 -67.0 -640.8
20211205232720  -986.5 -67.5 -641.2
20211205232721  -987.0 -68.7 -641.4
20211205232722  -987.4 -69.3 -641.4
20211205232723  -988.1 -70.3 -641.4
20211205232724  -988.7 -70.3 -641.0
20211205232725  -989.2 -71.1 -641.0
20211205232726  -989.5 -71.6 -640.9
20211205232727  -989.9 -72.3 -640.8
20211205232728  -990.5 -73.1 -640.8
20211205232729  -991.2 -73.8 -641.1
20211205232730  -991.9 -74.1 -641.1
20211205232731  -992.6 -74.0 -641.4
20211205232732  -993.9 -74.5 -641.9
20211205232733  -993.9 -74.4 -640.8
20211205232734  -994.0 -74.4 -640.4
20211205232735  -994.0 -74.6 -640.0
20211205232736  -994.3 -75.0 -639.6
20211205232737  -994.7 -75.3 -639.3
20211205232738  -995.1 -75.9 -639.0
20211205232739  -995.4 -76.2 -638.4
20211205232740  -995.3 -76.6 -637.9
20211205232741  -995.0 -76.9 -637.5
20211205232742  -995.2 -77.3 -637.2
20211205232743  -995.2 -77.5 -637.0
20211205232744  -994.9 -77.0 -637.1
20211205232745  -995.0 -77.1 -637.5
20211205232746  -995.8 -77.5 -638.2
20211205232747  -997.2 -77.9 -639.3
20211205232748  -998.1 -78.0 -640.0
20211205232749  -998.2 -78.4 -640.0
20211205232750  -998.7 -79.1 -640.0
20211205232751  -999.2 -79.9 -639.7
20211205232752  -999.6 -80.4 -639.9
20211205232753  -999.8 -81.0 -640.3
20211205232754  -999.9 -81.9 -640.4
20211205232755  -1000.5 -82.6 -640.7
20211205232756  -1000.9 -83.5 -641.0
20211205232757  -1001.3 -84.0 -641.7
20211205232758  -1002.0 -84.6 -642.2
20211205232759  -1002.8 -85.6 -642.7
20211205232800  -1003.1 -86.6 -642.9
20211205232801  -1002.8 -86.9 -642.5
20211205232802  -1002.9 -86.9 -642.2
20211205232803  -1003.0 -86.9 -641.9
20211205232804  -1003.2 -86.8 -641.7
20211205232805  -1003.3 -86.7 -642.1
20211205232806  -1003.6 -87.1 -642.5
20211205232807  -1004.0 -87.3 -643.3
20211205232808  -1004.4 -87.0 -643.4
20211205232809  -1004.7 -86.7 -643.5
20211205232810  -1004.6 -86.9 -643.3
20211205232811  -1004.4 -87.1 -643.0
20211205232812  -1004.5 -87.6 -642.8
20211205232813  -1004.1 -87.5 -642.5
20211205232814  -1005.1 -87.9 -642.7
20211205232815  -1005.1 -88.3 -643.4
20211205232816  -1005.6 -88.6 -643.8
20211205232817  -1006.2 -88.8 -645.0
20211205232818  -1006.8 -89.8 -646.0
20211205232819  -1007.2 -90.7 -646.9
20211205232820  -1008.0 -91.0 -647.7
20211205232821  -1008.8 -91.7 -648.1
20211205232822  -1009.0 -91.5 -648.3
20211205232823  -1009.5 -91.9 -648.8
20211205232824  -1010.4 -91.7 -649.9
20211205232825  -1011.1 -91.6 -650.7
20211205232826  -1011.8 -91.3 -651.3
20211205232827  -1013.3 -92.1 -652.9
20211205232828  -1013.9 -92.1 -653.5
20211205232829  -1014.0 -91.8 -653.1
20211205232830  -1014.1 -91.8 -653.0
20211205232831  -1014.4 -91.9 -653.1
20211205232832  -1014.5 -91.5 -653.7
20211205232833  -1014.6 -91.5 -654.3
20211205232834  -1014.8 -91.8 -655.2
20211205232835  -1015.2 -92.5 -655.8
20211205232836  -1015.4 -93.0 -656.0
20211205232837  -1015.8 -92.6 -656.3
20211205232838  -1016.2 -91.6 -656.3
20211205232839  -1016.7 -90.0 -657.0
20211205232840  -1017.2 -88.0 -657.7
20211205232841  -1018.1 -86.9 -658.7
20211205232842  -1019.4 -86.2 -660.9
20211205232843  -1020.1 -85.8 -661.9
20211205232844  -1020.6 -85.5 -663.2
20211205232845  -1020.8 -85.4 -663.3
20211205232846  -1021.1 -84.9 -663.6
20211205232847  -1021.4 -84.4 -663.8
20211205232848  -1021.4 -83.4 -664.3
20211205232849  -1021.9 -82.4 -665.5
20211205232850  -1022.5 -81.9 -666.6
20211205232851  -1022.6 -81.4 -667.8
20211205232852  -1023.2 -81.1 -669.2
20211205232853  -1023.8 -80.6 -670.1
20211205232854  -1024.5 -80.4 -671.9
20211205232855  -1024.9 -80.2 -672.8
20211205232856  -1024.7 -79.0 -673.2
20211205232857  -1025.0 -78.2 -673.9
20211205232858  -1025.6 -77.0 -674.3
20211205232859  -1025.8 -76.3 -675.5
20211205232900  -1026.4 -75.8 -676.7
20211205232901  -1026.8 -75.0 -678.0
20211205232902  -1028.2 -74.6 -678.9
20211205232903  -1029.1 -73.9 -679.2
20211205232904  -1030.0 -73.4 -679.5
20211205232905  -1031.0 -72.5 -679.8
20211205232906  -1032.0 -71.4 -680.8
20211205232907  -1033.6 -70.3 -682.3
20211205232908  -1035.2 -69.2 -683.1
20211205232909  -1037.3 -69.4 -685.2
20211205232910  -1038.8 -69.6 -685.9
20211205232911  -1039.9 -70.1 -686.5
20211205232912  -1041.2 -69.8 -687.2
20211205232913  -1042.6 -69.6 -687.9
20211205232914  -1044.3 -69.3 -688.6
20211205232915  -1045.9 -69.2 -689.6
20211205232916  -1047.6 -69.2 -690.7
20211205232917  -1049.4 -69.0 -691.6
20211205232918  -1050.8 -68.4 -692.2
20211205232919  -1051.9 -68.1 -692.3
20211205232920  -1053.2 -67.2 -691.8
20211205232921  -1054.6 -65.7 -691.7
20211205232922  -1056.5 -65.4 -692.5
20211205232923  -1056.8 -64.1 -691.9
20211205232924  -1057.7 -63.1 -691.9
20211205232925  -1059.0 -62.1 -692.0
20211205232926  -1060.8 -60.8 -692.6
20211205232927  -1062.2 -59.9 -692.6
20211205232928  -1063.7 -59.3 -692.8
20211205232929  -1065.3 -58.8 -692.4
20211205232930  -1066.6 -58.3 -691.9
20211205232931  -1067.6 -58.2 -691.5
20211205232932  -1068.7 -58.2 -691.7
20211205232933  -1069.8 -57.6 -691.1
20211205232934  -1071.3 -57.2 -690.7
20211205232935  -1072.6 -57.1 -690.7
20211205232936  -1074.9 -57.1 -691.5
20211205232937  -1076.2 -57.6 -692.1
20211205232938  -1077.5 -57.7 -692.3
20211205232939  -1078.8 -57.5 -692.0
20211205232940  -1080.0 -56.9 -691.4
20211205232941  -1081.1 -56.3 -691.2
20211205232942  -1081.8 -56.3 -690.7
20211205232943  -1082.9 -56.7 -690.4
20211205232944  -1083.9 -56.7 -690.3
20211205232945  -1084.8 -56.5 -690.2
20211205232946  -1085.4 -56.4 -689.4
20211205232947  -1085.7 -56.1 -688.6
20211205232948  -1085.3 -55.9 -687.7
20211205232949  -1085.6 -56.1 -688.1
20211205232950  -1085.7 -56.1 -687.9
20211205232951  -1085.8 -55.9 -687.7
20211205232952  -1086.1 -56.1 -687.8
20211205232953  -1086.4 -56.0 -687.1
20211205232954  -1086.3 -56.0 -686.3
20211205232955  -1086.1 -56.7 -685.9
20211205232956  -1085.6 -57.9 -685.5
20211205232957  -1085.1 -59.0 -685.3
20211205232958  -1085.0 -60.1 -685.2
20211205232959  -1084.6 -61.0 -685.3
20211205233000  -1083.9 -61.3 -685.5
20211205233001  -1084.2 -61.3 -685.5
20211205233002  -1083.9 -61.3 -685.2
20211205233003  -1084.6 -61.6 -686.3
20211205233004  -1085.0 -61.9 -686.4
20211205233005  -1084.7 -62.3 -686.4
20211205233006  -1084.5 -62.9 -686.7
20211205233007  -1084.5 -63.2 -687.6
20211205233008  -1084.9 -64.2 -688.8
20211205233009  -1085.1 -64.7 -690.0
20211205233010  -1085.6 -64.7 -690.5
20211205233011  -1085.9 -64.7 -690.7
20211205233012  -1085.8 -64.7 -690.7
20211205233013  -1085.8 -64.6 -690.6
20211205233014  -1085.3 -64.4 -691.0
20211205233015  -1085.1 -64.2 -691.3
20211205233016  -1084.5 -63.8 -691.7
20211205233017  -1084.9 -63.8 -692.5
20211205233018  -1084.4 -62.8 -691.8
20211205233019  -1084.2 -62.0 -691.2
20211205233020  -1084.2 -61.3 -691.1
20211205233021  -1083.9 -60.9 -691.5
20211205233022  -1083.9 -60.9 -692.1
20211205233023  -1084.2 -61.3 -693.0
20211205233024  -1084.6 -61.2 -693.9
20211205233025  -1084.8 -61.6 -694.4
20211205233026  -1084.8 -61.6 -694.6
20211205233027  -1085.0 -61.2 -694.9
20211205233028  -1084.7 -60.1 -695.4
20211205233029  -1084.9 -58.9 -695.7
20211205233030  -1085.6 -57.9 -696.6
20211205233031  -1086.7 -57.4 -698.2
20211205233032  -1087.1 -56.1 -699.0
20211205233033  -1087.3 -55.3 -700.3
20211205233034  -1087.4 -54.7 -701.3
20211205233035  -1087.4 -54.1 -702.3
20211205233036  -1087.0 -53.4 -703.2
20211205233037  -1086.9 -52.9 -703.9
20211205233038  -1086.6 -52.0 -704.8
20211205233039  -1086.8 -52.1 -706.3
20211205233040  -1087.3 -52.6 -707.5
20211205233041  -1087.8 -52.7 -708.5
20211205233042  -1088.4 -52.8 -708.9
20211205233043  -1088.8 -52.6 -710.0
20211205233044  -1089.5 -52.3 -710.7
20211205233045  -1089.0 -51.1 -710.0
20211205233046  -1088.4 -50.1 -709.5
20211205233047  -1088.5 -48.9 -709.5
20211205233048  -1088.5 -47.9 -710.0
20211205233049  -1088.5 -46.7 -710.4
20211205233050  -1088.9 -45.6 -711.0
20211205233051  -1089.3 -44.6 -711.7
20211205233052  -1089.8 -43.8 -712.4
20211205233053  -1090.3 -43.5 -713.2
20211205233054  -1091.0 -42.5 -713.6
20211205233055  -1091.7 -41.6 -713.5
20211205233056  -1092.2 -40.6 -713.2
20211205233057  -1092.8 -39.3 -713.1
20211205233058  -1094.2 -38.8 -713.9
20211205233059  -1095.0 -38.7 -714.4
20211205233100  -1095.6 -39.0 -715.1
20211205233101  -1096.3 -38.8 -715.7
20211205233102  -1097.0 -38.7 -715.9
20211205233103  -1097.6 -38.1 -715.6
20211205233104  -1098.0 -37.8 -715.1
20211205233105  -1098.6 -37.5 -714.8
20211205233106  -1098.8 -37.3 -714.6
20211205233107  -1099.0 -37.2 -714.4
20211205233108  -1098.9 -37.3 -714.5
20211205233109  -1099.0 -37.3 -715.0
20211205233110  -1099.6 -36.9 -715.3
20211205233111  -1100.5 -36.5 -716.2
20211205233112  -1101.1 -35.2 -717.1
20211205233113  -1100.7 -32.8 -717.4
20211205233114  -1100.5 -31.1 -716.9
20211205233115  -1099.9 -29.2 -716.1
20211205233116  -1099.4 -28.4 -716.0
20211205233117  -1098.7 -27.6 -715.8
20211205233118  -1098.1 -27.6 -716.2
20211205233119  -1097.9 -27.9 -716.6
20211205233120  -1097.8 -27.4 -716.9
20211205233121  -1097.6 -27.0 -717.2
20211205233122  -1097.8 -27.0 -717.2
20211205233123  -1097.6 -27.0 -717.6
20211205233124  -1097.5 -26.8 -718.3
20211205233125  -1098.6 -26.8 -719.4
20211205233126  -1099.6 -27.0 -720.8
20211205233127  -1100.4 -27.0 -721.2
20211205233128  -1100.8 -26.7 -721.8
20211205233129  -1101.4 -26.7 -721.7
20211205233130  -1101.6 -26.7 -721.9
20211205233131  -1101.8 -26.5 -721.9
20211205233132  -1102.5 -25.9 -722.4
20211205233133  -1102.9 -25.9 -723.3
20211205233134  -1103.8 -26.0 -724.0
20211205233135  -1104.5 -25.8 -724.5
20211205233136  -1105.2 -25.9 -724.4
20211205233137  -1106.4 -25.9 -724.8
20211205233138  -1107.7 -25.2 -724.5
20211205233139  -1108.6 -25.2 -725.1
20211205233140  -1108.1 -24.6 -724.0
20211205233141  -1107.5 -24.8 -723.9
20211205233142  -1107.2 -25.6 -724.0
20211205233143  -1107.7 -26.1 -724.1
20211205233144  -1108.4 -26.3 -724.2
20211205233145  -1108.7 -25.9 -723.9
20211205233146  -1109.6 -25.9 -723.1
20211205233147  -1110.2 -26.0 -722.8
20211205233148  -1110.8 -26.0 -722.2
20211205233149  -1111.6 -26.6 -721.7
20211205233150  -1112.8 -27.3 -721.4
20211205233151  -1113.9 -27.6 -720.9
20211205233152  -1115.4 -28.4 -720.7
20211205233153  -1118.2 -29.4 -721.2
20211205233154  -1119.9 -29.9 -720.7
20211205233155  -1121.3 -30.8 -719.8
20211205233156  -1122.3 -31.3 -719.1
20211205233157  -1123.9 -31.8 -718.3
20211205233158  -1125.7 -32.6 -717.4
20211205233159  -1127.7 -32.9 -717.0
20211205233200  -1129.2 -33.5 -716.7
20211205233201  -1131.3 -34.3 -716.9
20211205233202  -1133.4 -35.2 -716.7
20211205233203  -1135.2 -36.2 -715.7
20211205233204  -1137.3 -37.3 -714.6
20211205233205  -1138.8 -38.9 -713.2
20211205233206  -1140.4 -41.1 -712.2
20211205233207  -1141.8 -42.7 -709.9
20211205233208  -1143.0 -44.0 -707.8
20211205233209  -1144.4 -44.8 -706.1
20211205233210  -1146.2 -45.6 -704.3
20211205233211  -1148.2 -46.3 -702.6
20211205233212  -1149.6 -46.8 -700.0
20211205233213  -1150.7 -46.9 -697.3
20211205233214  -1151.4 -47.5 -694.8
20211205233215  -1152.0 -48.2 -693.0
20211205233216  -1152.7 -49.0 -690.8
20211205233217  -1152.4 -50.5 -689.2
20211205233218  -1152.8 -51.5 -687.8
20211205233219  -1152.7 -52.3 -686.6
20211205233220  -1153.1 -53.8 -685.9
20211205233221  -1154.3 -55.5 -685.7
20211205233222  -1154.7 -57.0 -685.0
20211205233223  -1155.4 -58.7 -684.8
20211205233224  -1155.6 -60.2 -684.9
20211205233225  -1156.0 -61.0 -684.7
20211205233226  -1156.1 -62.2 -684.3
20211205233227  -1156.2 -62.6 -684.2
20211205233228  -1156.2 -62.7 -683.9
20211205233229  -1156.1 -63.3 -683.9
20211205233230  -1155.7 -63.9 -683.6
20211205233231  -1155.3 -64.6 -683.3
20211205233232  -1154.6 -65.0 -682.7
20211205233233  -1154.1 -65.6 -682.2
20211205233234  -1154.6 -66.9 -683.6
20211205233235  -1153.9 -67.3 -683.0
20211205233236  -1153.5 -68.4 -682.5
20211205233237  -1153.0 -69.6 -681.3
20211205233238  -1152.4 -70.5 -679.7
20211205233239  -1151.6 -71.7 -677.8
20211205233240  -1150.6 -73.0 -676.4
