2
20211031001226  -832.8 -11.3 -266.4
20211031001227  -833.0 -11.3 -266.6
20211031001228  -832.8 -11.6 -266.7
20211031001229  -832.8 -12.0 -266.7
20211031001230  -832.9 -12.5 -266.6
20211031001231  -832.5 -13.1 -266.3
20211031001232  -832.2 -13.0 -266.3
20211031001233  -832.1 -13.4 -265.6
20211031001234  -831.9 -13.6 -265.4
20211031001235  -831.5 -13.4 -264.8
20211031001236  -831.4 -13.1 -264.2
20211031001237  -831.3 -12.5 -263.8
20211031001238  -831.0 -12.0 -264.3
20211031001239  -831.1 -11.3 -264.6
20211031001240  -831.2 -10.8 -264.9
20211031001241  -831.2 -10.4 -265.4
20211031001242  -831.6 -10.6 -265.6
20211031001243  -830.6 -10.7 -265.3
20211031001244  -831.3 -10.5 -265.8
20211031001245  -831.4 -10.7 -266.0
20211031001246  -831.2 -10.8 -266.0
20211031001247  -831.2 -11.0 -266.0
20211031001248  -831.0 -11.1 -266.1
20211031001249  -830.9 -11.5 -266.2
20211031001250  -831.0 -11.5 -266.7
20211031001251  -830.7 -11.9 -266.4
20211031001252  -830.2 -12.6 -266.5
20211031001253  -830.2 -12.7 -266.4
20211031001254  -829.6 -12.9 -266.1
20211031001255  -829.2 -12.8 -266.4
20211031001256  -829.0 -12.3 -266.6
20211031001257  -828.8 -12.0 -266.4
20211031001258  -828.4 -11.0 -266.4
20211031001259  -828.5 -10.7 -266.4
20211031001300  -828.2 -10.3 -266.7
20211031001301  -828.2 -9.6 -267.1
20211031001302  -828.0 -9.4 -267.0
20211031001303  -827.9 -9.4 -267.4
20211031001304  -827.7 -8.9 -267.4
20211031001305  -827.7 -8.8 -267.6
20211031001306  -827.5 -8.9 -267.8
20211031001307  -827.5 -8.8 -267.8
20211031001308  -827.1 -9.2 -268.0
20211031001309  -826.6 -9.3 -267.6
20211031001310  -826.8 -9.4 -267.3
20211031001311  -826.7 -9.9 -267.1
20211031001312  -826.5 -10.1 -267.2
20211031001313  -826.4 -10.7 -267.4
20211031001314  -827.2 -11.0 -267.5
20211031001315  -827.2 -11.4 -267.7
20211031001316  -826.8 -12.1 -267.3
20211031001317  -826.4 -12.4 -267.5
20211031001318  -825.9 -12.1 -267.5
20211031001319  -825.3 -12.0 -268.2
20211031001320  -824.9 -11.3 -268.6
20211031001321  -824.6 -10.7 -269.1
20211031001322  -824.7 -10.2 -269.2
20211031001323  -824.7 -9.5 -269.5
20211031001324  -824.9 -9.6 -269.2
20211031001325  -824.8 -9.5 -269.0
20211031001326  -824.7 -9.4 -268.7
20211031001327  -824.3 -9.3 -268.6
20211031001328  -824.5 -8.7 -268.2
20211031001329  -824.0 -8.1 -268.2
20211031001330  -823.8 -7.7 -268.4
20211031001331  -823.9 -7.3 -268.6
20211031001332  -824.0 -7.3 -269.5
20211031001333  -823.6 -7.6 -270.1
20211031001334  -823.8 -8.4 -270.0
20211031001335  -824.1 -9.1 -270.2
20211031001336  -823.9 -9.4 -269.7
20211031001337  -823.5 -9.7 -269.7
20211031001338  -823.1 -10.2 -269.6
20211031001339  -823.0 -10.6 -268.9
20211031001340  -823.2 -10.9 -268.6
20211031001341  -823.0 -10.5 -268.6
20211031001342  -822.7 -10.5 -268.7
20211031001343  -822.4 -10.4 -268.8
20211031001344  -822.7 -10.5 -269.3
20211031001345  -822.9 -10.8 -269.8
20211031001346  -823.5 -10.9 -269.9
20211031001347  -823.7 -10.8 -269.9
20211031001348  -823.6 -10.4 -270.4
20211031001349  -823.5 -9.9 -270.6
20211031001350  -823.5 -9.4 -270.6
20211031001351  -823.8 -9.2 -270.9
20211031001352  -823.7 -9.2 -271.0
20211031001353  -823.8 -9.3 -270.8
20211031001354  -823.5 -9.5 -270.9
20211031001355  -823.4 -9.9 -270.8
20211031001356  -823.1 -10.1 -270.5
20211031001357  -822.7 -10.3 -270.7
20211031001358  -822.8 -10.6 -270.8
20211031001359  -822.2 -10.7 -271.0
20211031001400  -821.8 -10.6 -270.9
20211031001401  -821.8 -11.1 -271.2
20211031001402  -821.6 -11.4 -271.4
20211031001403  -821.8 -11.6 -271.7
20211031001404  -822.2 -11.9 -271.5
20211031001405  -822.1 -11.7 -270.9
20211031001406  -822.1 -11.7 -270.3
20211031001407  -822.2 -11.3 -269.8
20211031001408  -822.3 -11.2 -269.6
20211031001409  -822.0 -10.9 -270.0
20211031001410  -821.8 -10.5 -270.0
20211031001411  -821.5 -10.2 -270.6
20211031001412  -821.6 -10.0 -270.5
20211031001413  -821.0 -10.4 -270.6
20211031001414  -820.9 -10.1 -270.5
20211031001415  -821.0 -10.0 -271.0
20211031001416  -821.0 -10.0 -271.1
20211031001417  -821.0 -9.5 -271.3
20211031001418  -820.5 -8.8 -271.4
20211031001419  -820.4 -8.0 -271.8
20211031001420  -820.3 -7.4 -272.3
20211031001421  -820.4 -6.9 -272.5
20211031001422  -820.4 -6.1 -272.6
20211031001423  -820.5 -5.8 -272.8
20211031001424  -820.6 -5.7 -272.9
20211031001425  -821.0 -5.9 -273.2
20211031001426  -821.0 -6.2 -273.7
20211031001427  -821.2 -6.8 -274.1
20211031001428  -821.1 -7.2 -274.5
20211031001429  -820.9 -7.8 -274.7
20211031001430  -821.0 -8.0 -274.8
20211031001431  -821.2 -8.3 -274.6
20211031001432  -821.6 -7.9 -274.4
20211031001433  -822.3 -7.5 -274.0
20211031001434  -822.0 -7.4 -273.4
20211031001435  -822.2 -7.6 -273.2
20211031001436  -821.9 -8.0 -273.0
20211031001437  -821.9 -8.7 -273.2
20211031001438  -821.6 -8.9 -273.3
20211031001439  -821.7 -9.4 -273.3
20211031001440  -821.9 -9.9 -273.5
20211031001441  -821.9 -10.2 -273.4
20211031001442  -821.9 -10.6 -273.7
20211031001443  -821.9 -10.7 -273.4
20211031001444  -821.5 -10.6 -272.9
20211031001445  -822.0 -10.6 -273.0
20211031001446  -821.9 -10.4 -272.9
20211031001447  -822.0 -10.5 -273.4
20211031001448  -822.1 -10.3 -273.6
20211031001449  -822.2 -10.0 -273.8
20211031001450  -822.5 -9.3 -273.5
20211031001451  -822.5 -8.2 -273.3
20211031001452  -822.6 -7.2 -273.3
20211031001453  -822.6 -6.7 -273.4
20211031001454  -822.7 -6.2 -273.4
20211031001455  -822.3 -6.3 -273.3
20211031001456  -821.9 -6.5 -273.1
20211031001457  -822.2 -6.8 -273.4
20211031001458  -822.1 -7.2 -273.2
20211031001459  -822.3 -7.7 -273.3
20211031001500  -822.5 -8.0 -273.2
20211031001501  -822.7 -7.4 -273.7
20211031001502  -822.8 -6.8 -274.1
20211031001503  -822.9 -6.2 -274.8
20211031001504  -822.6 -5.4 -274.9
20211031001505  -822.6 -4.7 -275.7
20211031001506  -822.5 -4.7 -275.6
20211031001507  -822.6 -4.7 -275.7
20211031001508  -822.7 -5.1 -275.6
20211031001509  -822.9 -5.9 -275.6
20211031001510  -823.1 -6.5 -276.0
20211031001511  -823.7 -6.8 -276.4
20211031001512  -823.7 -7.2 -276.9
20211031001513  -823.5 -7.8 -277.1
20211031001514  -822.9 -7.8 -276.3
20211031001515  -823.4 -8.1 -276.5
20211031001516  -822.9 -8.4 -276.5
20211031001517  -822.7 -8.1 -276.3
20211031001518  -823.0 -8.0 -276.1
20211031001519  -822.8 -7.4 -275.9
20211031001520  -822.8 -7.2 -275.6
20211031001521  -822.7 -7.0 -275.5
20211031001522  -822.7 -7.1 -275.1
20211031001523  -822.8 -7.0 -274.8
20211031001524  -823.0 -7.0 -274.4
20211031001525  -823.0 -7.1 -274.1
20211031001526  -823.2 -7.1 -274.3
20211031001527  -823.1 -7.1 -274.0
20211031001528  -823.2 -6.9 -274.0
20211031001529  -823.2 -7.2 -274.1
20211031001530  -823.0 -7.3 -274.2
20211031001531  -822.8 -7.5 -274.5
20211031001532  -822.9 -7.3 -274.7
20211031001533  -822.9 -7.6 -274.8
20211031001534  -823.0 -7.9 -275.0
20211031001535  -823.0 -8.5 -275.2
20211031001536  -823.2 -9.0 -275.2
20211031001537  -823.6 -9.2 -274.6
20211031001538  -823.4 -9.1 -274.1
20211031001539  -823.1 -9.1 -274.0
20211031001540  -822.8 -8.4 -273.7
20211031001541  -822.5 -8.4 -273.4
20211031001542  -822.3 -8.1 -273.0
20211031001543  -821.8 -8.1 -273.0
20211031001544  -821.1 -7.7 -272.3
20211031001545  -821.6 -7.1 -272.7
20211031001546  -821.9 -7.0 -273.3
20211031001547  -821.5 -6.4 -274.0
20211031001548  -821.5 -5.2 -274.3
20211031001549  -821.4 -4.0 -274.8
20211031001550  -821.1 -3.5 -274.7
20211031001551  -821.0 -3.5 -274.8
20211031001552  -820.7 -3.5 -274.7
20211031001553  -820.7 -4.1 -274.5
20211031001554  -820.5 -4.5 -274.3
20211031001555  -820.5 -4.9 -274.0
20211031001556  -821.1 -5.4 -273.9
20211031001557  -821.1 -5.7 -274.0
20211031001558  -821.2 -5.9 -274.2
20211031001559  -821.3 -5.8 -274.3
20211031001600  -821.1 -5.9 -274.3
20211031001601  -820.9 -6.1 -274.5
20211031001602  -821.1 -5.9 -274.5
20211031001603  -821.0 -5.6 -274.3
20211031001604  -820.8 -5.4 -273.8
20211031001605  -820.6 -4.7 -273.8
20211031001606  -820.7 -4.4 -273.8
20211031001607  -820.4 -4.3 -273.8
20211031001608  -820.5 -4.5 -273.8
20211031001609  -820.5 -4.5 -273.4
20211031001610  -820.2 -4.6 -273.2
20211031001611  -819.9 -4.6 -272.6
20211031001612  -819.6 -4.4 -272.5
20211031001613  -819.7 -4.8 -273.1
20211031001614  -819.1 -5.1 -273.1
20211031001615  -819.5 -5.6 -273.4
20211031001616  -819.8 -5.9 -273.9
20211031001617  -820.2 -6.2 -274.3
20211031001618  -820.5 -6.5 -274.8
