20211203230028  -679.0 -78.9 -734.1
20211203230029  -679.0 -79.0 -734.3
20211203230030  -678.8 -78.9 -734.7
20211203230031  -679.0 -79.2 -734.5
20211203230032  -678.8 -79.0 -734.5
20211203230033  -678.6 -79.2 -734.7
20211203230034  -678.5 -78.9 -734.9
20211203230035  -678.4 -79.0 -734.6
20211203230036  -678.6 -79.1 -734.7
20211203230037  -679.0 -79.1 -734.6
20211203230038  -678.9 -78.9 -734.6
20211203230039  -679.1 -78.9 -734.7
20211203230040  -679.1 -78.9 -734.6
20211203230041  -679.2 -78.9 -734.6
20211203230042  -679.1 -79.0 -735.0
20211203230043  -678.8 -79.4 -734.9
20211203230044  -678.8 -79.2 -734.7
20211203230045  -678.6 -79.2 -734.4
20211203230046  -678.3 -78.9 -734.1
20211203230047  -678.1 -78.8 -734.1
20211203230048  -678.2 -79.2 -734.4
20211203230049  -677.8 -78.8 -734.0
20211203230050  -678.0 -78.7 -734.1
20211203230051  -678.6 -78.7 -734.1
20211203230052  -678.9 -79.0 -734.5
20211203230053  -678.9 -79.1 -734.4
20211203230054  -678.5 -78.8 -734.7
20211203230055  -678.9 -79.0 -734.9
20211203230056  -678.9 -78.9 -734.7
20211203230057  -678.8 -78.8 -734.9
20211203230058  -678.9 -78.8 -734.9
20211203230059  -678.6 -78.7 -734.6
20211203230100  -678.7 -78.9 -734.8
20211203230101  -678.6 -78.9 -734.6
20211203230102  -678.4 -79.1 -734.9
20211203230103  -678.4 -79.1 -734.9
20211203230104  -678.5 -79.1 -734.7
20211203230105  -678.3 -79.3 -735.1
20211203230106  -678.4 -79.0 -734.8
20211203230107  -678.5 -79.0 -734.9
20211203230108  -677.9 -79.0 -735.1
20211203230109  -678.2 -79.0 -734.9
20211203230110  -678.1 -78.9 -735.2
20211203230111  -677.8 -79.1 -734.7
20211203230112  -677.4 -78.8 -734.7
20211203230113  -677.4 -78.9 -734.6
20211203230114  -677.2 -78.9 -734.2
20211203230115  -676.8 -78.8 -734.0
20211203230116  -676.7 -78.9 -733.6
20211203230117  -676.3 -78.9 -733.3
20211203230118  -677.3 -78.8 -734.0
20211203230119  -677.7 -78.8 -734.5
20211203230120  -677.9 -78.8 -734.6
20211203230121  -677.9 -79.0 -734.7
20211203230122  -678.2 -79.1 -734.6
20211203230123  -678.1 -78.8 -734.7
20211203230124  -678.1 -78.9 -734.9
20211203230125  -678.2 -78.9 -734.9
20211203230126  -678.3 -78.7 -735.1
20211203230127  -678.1 -79.2 -735.1
20211203230128  -678.4 -79.1 -735.2
20211203230129  -678.3 -79.4 -735.2
20211203230130  -678.5 -79.4 -735.2
20211203230131  -678.4 -79.5 -735.4
20211203230132  -678.5 -79.1 -735.4
20211203230133  -678.3 -79.0 -735.3
20211203230134  -678.6 -79.2 -735.3
20211203230135  -678.3 -79.5 -735.4
20211203230136  -678.3 -79.2 -735.6
20211203230137  -678.1 -79.3 -735.3
20211203230138  -677.5 -78.9 -735.0
20211203230139  -677.3 -78.9 -734.7
20211203230140  -677.2 -78.6 -734.5
20211203230141  -676.8 -79.0 -734.6
20211203230142  -676.7 -78.9 -734.1
20211203230143  -676.7 -78.8 -733.8
20211203230144  -676.6 -78.5 -733.8
20211203230145  -677.4 -78.6 -734.8
20211203230146  -677.2 -78.7 -734.7
20211203230147  -677.2 -78.8 -734.7
20211203230148  -677.1 -79.0 -735.0
20211203230149  -677.3 -78.8 -735.1
20211203230150  -677.4 -78.7 -735.2
20211203230151  -677.5 -78.7 -734.9
20211203230152  -677.7 -79.1 -735.1
20211203230153  -677.4 -78.8 -735.0
20211203230154  -677.3 -78.9 -735.3
20211203230155  -677.6 -78.9 -735.1
20211203230156  -677.5 -79.1 -735.2
20211203230157  -677.5 -78.9 -735.2
20211203230158  -678.0 -79.0 -735.3
20211203230159  -677.7 -79.1 -735.2
20211203230200  -678.0 -78.9 -735.4
20211203230201  -678.4 -78.9 -735.1
20211203230202  -678.3 -79.0 -735.1
20211203230203  -678.3 -79.1 -735.5
20211203230204  -678.1 -78.9 -735.4
20211203230205  -677.6 -78.9 -735.3
20211203230206  -677.4 -78.6 -734.8
20211203230207  -677.5 -78.5 -734.6
20211203230208  -677.3 -78.8 -734.6
20211203230209  -677.3 -78.6 -734.2
20211203230210  -677.3 -78.5 -734.1
20211203230211  -678.0 -78.6 -734.9
20211203230212  -678.3 -78.7 -735.1
20211203230213  -678.4 -78.7 -735.2
20211203230214  -678.4 -78.8 -735.3
20211203230215  -678.5 -79.0 -735.3
20211203230216  -678.2 -78.8 -735.2
20211203230217  -678.6 -78.8 -735.4
20211203230218  -678.8 -78.9 -735.6
20211203230219  -678.6 -78.9 -735.4
20211203230220  -678.7 -79.1 -735.5
20211203230221  -678.7 -78.9 -735.6
20211203230222  -678.5 -78.8 -735.7
20211203230223  -678.3 -78.9 -735.6
20211203230224  -678.4 -78.9 -735.6
20211203230225  -678.9 -79.1 -735.7
20211203230226  -678.8 -78.8 -735.8
20211203230227  -678.8 -79.0 -735.6
20211203230228  -678.9 -78.9 -735.4
20211203230229  -678.9 -79.0 -735.3
20211203230230  -678.5 -79.1 -735.3
20211203230231  -678.2 -78.9 -734.9
20211203230232  -678.1 -78.8 -734.6
20211203230233  -677.6 -78.6 -734.4
20211203230234  -677.5 -78.6 -734.3
20211203230235  -677.2 -78.6 -734.2
20211203230236  -677.2 -78.4 -733.8
20211203230237  -678.1 -78.2 -734.6
20211203230238  -678.2 -78.7 -734.8
20211203230239  -678.5 -78.5 -735.0
20211203230240  -678.2 -78.5 -734.8
20211203230241  -678.2 -78.9 -734.7
20211203230242  -678.2 -78.6 -734.9
20211203230243  -678.2 -78.7 -735.2
20211203230244  -678.4 -78.8 -735.2
20211203230245  -678.5 -78.7 -735.3
20211203230246  -678.7 -78.7 -735.0
20211203230247  -678.9 -78.6 -734.9
20211203230248  -678.4 -78.8 -734.9
20211203230249  -678.7 -78.6 -735.4
20211203230250  -678.9 -78.7 -735.3
20211203230251  -678.7 -78.9 -735.4
20211203230252  -678.4 -78.7 -735.5
20211203230253  -678.3 -78.9 -735.4
20211203230254  -678.6 -78.7 -735.6
20211203230255  -678.5 -78.7 -735.6
20211203230256  -678.9 -78.9 -735.7
20211203230257  -678.4 -79.0 -735.7
20211203230258  -678.2 -78.9 -735.2
20211203230259  -677.9 -78.9 -734.9
20211203230300  -677.7 -78.9 -734.6
20211203230301  -677.5 -78.7 -734.8
20211203230302  -677.5 -78.6 -734.6
20211203230303  -677.8 -78.7 -735.0
20211203230304  -677.9 -78.9 -735.1
20211203230305  -677.8 -78.9 -735.0
20211203230306  -677.8 -79.0 -735.1
20211203230307  -677.9 -78.9 -735.2
20211203230308  -677.8 -78.7 -735.3
20211203230309  -677.8 -78.7 -735.4
20211203230310  -677.9 -78.7 -735.2
20211203230311  -677.9 -78.9 -735.3
20211203230312  -677.8 -78.6 -735.1
20211203230313  -677.8 -78.7 -735.3
20211203230314  -677.9 -78.8 -735.2
20211203230315  -677.9 -78.8 -735.3
20211203230316  -678.0 -78.8 -735.6
20211203230317  -677.7 -79.1 -735.4
20211203230318  -677.8 -79.2 -735.5
20211203230319  -678.0 -79.2 -735.8
20211203230320  -677.5 -78.9 -735.7
20211203230321  -677.7 -78.7 -735.5
20211203230322  -677.4 -78.8 -735.8
20211203230323  -677.3 -79.2 -736.3
20211203230324  -676.8 -79.0 -735.4
20211203230325  -676.5 -79.0 -735.0
20211203230326  -676.3 -78.8 -734.9
20211203230327  -676.4 -78.6 -734.9
20211203230328  -676.7 -78.3 -734.5
20211203230329  -677.1 -78.9 -735.2
20211203230330  -677.3 -78.7 -735.2
20211203230331  -677.3 -78.6 -735.4
20211203230332  -677.7 -79.0 -735.5
20211203230333  -677.5 -78.9 -735.4
20211203230334  -677.5 -78.7 -735.3
20211203230335  -677.5 -78.8 -735.4
20211203230336  -677.4 -79.1 -735.5
20211203230337  -677.4 -79.0 -735.6
20211203230338  -677.4 -79.1 -735.8
20211203230339  -677.5 -78.9 -735.8
20211203230340  -677.7 -79.0 -735.6
20211203230341  -677.7 -79.3 -735.5
20211203230342  -677.5 -79.0 -735.7
20211203230343  -677.6 -79.2 -735.8
20211203230344  -677.5 -78.8 -735.8
20211203230345  -677.4 -79.1 -735.9
20211203230346  -677.6 -79.3 -735.6
20211203230347  -677.4 -79.1 -735.9
20211203230348  -677.5 -79.1 -736.0
20211203230349  -677.3 -79.4 -736.0
20211203230350  -677.3 -79.1 -736.2
20211203230351  -677.2 -79.0 -735.8
20211203230352  -676.8 -79.0 -735.9
20211203230353  -676.5 -78.7 -735.4
20211203230354  -677.1 -78.9 -735.6
20211203230355  -678.1 -78.9 -735.9
20211203230356  -677.9 -79.2 -736.1
20211203230357  -678.1 -79.2 -736.2
20211203230358  -678.0 -79.5 -736.3
20211203230359  -678.0 -79.2 -736.1
20211203230400  -678.3 -79.6 -736.3
20211203230401  -678.2 -79.2 -736.3
20211203230402  -678.3 -79.3 -736.5
20211203230403  -678.4 -79.3 -736.3
20211203230404  -678.3 -79.7 -736.3
20211203230405  -678.0 -79.6 -736.4
20211203230406  -678.2 -79.7 -736.4
20211203230407  -678.5 -79.5 -736.6
20211203230408  -678.7 -79.5 -736.6
20211203230409  -678.4 -79.7 -736.5
20211203230410  -678.4 -79.7 -736.6
20211203230411  -678.5 -79.7 -736.4
20211203230412  -678.3 -79.7 -736.4
20211203230413  -678.2 -79.7 -736.5
20211203230414  -678.4 -79.8 -736.6
20211203230415  -678.4 -79.7 -736.7
20211203230416  -678.0 -79.8 -736.6
20211203230417  -677.9 -79.8 -736.6
20211203230418  -677.6 -79.7 -736.3
20211203230419  -677.5 -79.8 -736.4
20211203230420  -678.2 -79.4 -736.7
20211203230421  -678.2 -79.8 -736.6
20211203230422  -678.5 -80.2 -736.5
20211203230423  -678.8 -80.0 -736.8
20211203230424  -678.7 -79.8 -736.8
20211203230425  -679.0 -79.9 -736.7
20211203230426  -679.0 -79.8 -736.9
20211203230427  -679.4 -79.9 -737.1
20211203230428  -679.2 -80.0 -737.0
20211203230429  -679.3 -80.3 -736.9
20211203230430  -679.4 -79.9 -737.1
20211203230431  -679.3 -80.2 -737.1
20211203230432  -679.5 -79.9 -737.2
20211203230433  -679.4 -80.1 -737.1
20211203230434  -679.3 -80.1 -736.9
20211203230435  -679.2 -80.2 -737.1
20211203230436  -679.4 -80.3 -737.0
20211203230437  -679.6 -80.3 -737.1
20211203230438  -679.5 -80.2 -737.0
20211203230439  -679.3 -80.3 -737.4
20211203230440  -679.3 -80.6 -737.3
20211203230441  -679.5 -80.4 -737.4
20211203230442  -679.3 -80.7 -737.3
20211203230443  -678.9 -80.6 -736.8
20211203230444  -678.8 -80.3 -736.2
20211203230445  -678.7 -80.1 -736.1
20211203230446  -678.8 -80.3 -736.3
20211203230447  -679.1 -80.3 -736.8
20211203230448  -679.2 -80.5 -736.8
20211203230449  -679.3 -80.4 -736.7
20211203230450  -679.4 -80.6 -736.9
20211203230451  -679.5 -80.6 -736.9
20211203230452  -679.5 -80.7 -737.2
20211203230453  -679.3 -80.5 -737.2
20211203230454  -679.3 -80.3 -737.5
20211203230455  -679.4 -80.6 -737.3
20211203230456  -679.6 -80.4 -737.4
20211203230457  -679.6 -80.5 -737.3
20211203230458  -679.5 -80.6 -737.5
20211203230459  -679.7 -80.6 -737.5
20211203230500  -679.6 -80.9 -737.8
20211203230501  -679.5 -80.6 -737.9
20211203230502  -679.4 -80.7 -737.9
20211203230503  -679.7 -80.5 -737.9
20211203230504  -679.8 -81.0 -738.1
20211203230505  -679.5 -81.1 -737.9
20211203230506  -679.8 -81.0 -738.0
20211203230507  -679.7 -81.1 -738.0
20211203230508  -679.8 -81.6 -738.2
20211203230509  -679.4 -81.2 -737.7
20211203230510  -679.2 -81.4 -737.2
20211203230511  -678.8 -80.9 -737.2
20211203230512  -678.9 -80.6 -737.0
20211203230513  -679.7 -81.0 -737.3
20211203230514  -679.8 -80.7 -737.4
20211203230515  -679.9 -80.9 -737.4
20211203230516  -679.8 -81.0 -737.6
20211203230517  -679.7 -81.1 -737.6
20211203230518  -680.0 -81.0 -738.0
20211203230519  -679.9 -81.0 -737.9
20211203230520  -679.9 -80.9 -737.9
20211203230521  -680.0 -80.8 -737.8
20211203230522  -680.2 -81.2 -737.8
20211203230523  -680.1 -81.3 -737.9
20211203230524  -680.4 -81.4 -738.0
20211203230525  -680.5 -81.4 -738.4
20211203230526  -680.4 -81.3 -738.5
20211203230527  -680.4 -81.1 -738.4
20211203230528  -680.3 -81.3 -738.4
20211203230529  -680.5 -81.3 -738.5
20211203230530  -680.5 -81.5 -738.8
20211203230531  -680.7 -81.4 -738.7
20211203230532  -680.6 -81.4 -738.6
20211203230533  -680.7 -81.6 -738.6
20211203230534  -681.0 -81.5 -739.0
20211203230535  -680.4 -81.5 -738.3
20211203230536  -680.2 -81.4 -737.9
20211203230537  -680.1 -81.3 -737.9
20211203230538  -680.0 -81.0 -737.8
20211203230539  -680.3 -81.0 -738.2
20211203230540  -681.0 -81.2 -738.6
20211203230541  -680.8 -81.2 -738.6
20211203230542  -680.9 -81.2 -738.6
20211203230543  -681.1 -81.4 -738.4
20211203230544  -681.2 -81.2 -738.6
20211203230545  -681.1 -81.4 -738.9
20211203230546  -681.4 -81.3 -738.9
20211203230547  -681.3 -81.3 -739.0
20211203230548  -681.3 -81.3 -738.5
20211203230549  -681.6 -81.3 -738.7
20211203230550  -681.4 -81.5 -738.7
20211203230551  -681.5 -81.2 -738.9
20211203230552  -681.4 -81.4 -738.8
20211203230553  -681.5 -81.4 -739.1
20211203230554  -681.7 -81.4 -739.1
20211203230555  -681.6 -81.4 -738.7
20211203230556  -681.8 -81.4 -738.6
20211203230557  -681.9 -81.5 -739.0
20211203230558  -681.6 -81.5 -738.9
20211203230559  -681.8 -81.7 -738.9
20211203230600  -682.1 -81.5 -739.0
20211203230601  -681.3 -81.4 -738.6
20211203230602  -681.1 -81.3 -738.5
20211203230603  -680.9 -81.3 -738.3
20211203230604  -681.1 -81.0 -738.4
20211203230605  -680.8 -80.9 -738.2
20211203230606  -681.6 -81.0 -738.7
20211203230607  -681.7 -81.2 -738.7
20211203230608  -681.8 -81.0 -738.9
20211203230609  -681.5 -81.4 -738.8
20211203230610  -681.4 -81.3 -738.8
20211203230611  -681.6 -81.6 -738.8
20211203230612  -681.5 -81.5 -738.8
20211203230613  -681.5 -81.4 -738.9
20211203230614  -681.6 -81.7 -738.9
20211203230615  -681.5 -81.9 -739.2
20211203230616  -681.6 -81.8 -739.3
20211203230617  -681.8 -81.9 -739.2
20211203230618  -681.8 -81.4 -739.4
20211203230619  -681.8 -81.6 -739.1
20211203230620  -681.9 -81.7 -739.0
20211203230621  -682.0 -81.4 -739.2
20211203230622  -682.0 -81.6 -739.5
20211203230623  -681.8 -81.5 -739.5
20211203230624  -681.8 -81.5 -739.4
20211203230625  -681.9 -81.4 -739.2
20211203230626  -681.9 -81.7 -739.8
20211203230627  -681.9 -82.1 -739.8
20211203230628  -681.5 -81.7 -739.5
20211203230629  -681.4 -81.6 -739.4
20211203230630  -681.0 -81.7 -738.8
20211203230631  -681.0 -81.8 -738.7
20211203230632  -681.4 -81.6 -738.8
20211203230633  -681.9 -81.7 -739.1
20211203230634  -682.2 -81.9 -739.6
20211203230635  -682.3 -82.0 -739.4
20211203230636  -682.2 -82.2 -739.6
20211203230637  -682.3 -81.6 -739.6
20211203230638  -682.3 -81.9 -739.3
20211203230639  -682.6 -81.9 -739.5
20211203230640  -682.6 -81.9 -739.4
20211203230641  -682.6 -81.8 -739.8
20211203230642  -683.0 -82.0 -739.8
20211203230643  -683.2 -81.6 -739.7
20211203230644  -683.0 -81.8 -739.7
20211203230645  -682.8 -81.8 -739.7
20211203230646  -682.9 -81.7 -739.7
20211203230647  -682.9 -82.1 -739.9
20211203230648  -683.0 -82.2 -740.0
20211203230649  -683.0 -82.0 -739.9
20211203230650  -683.0 -81.8 -739.8
20211203230651  -682.9 -82.0 -740.1
20211203230652  -683.0 -82.0 -739.9
20211203230653  -682.6 -82.0 -739.7
20211203230654  -682.2 -81.8 -739.7
20211203230655  -682.2 -81.7 -739.6
20211203230656  -682.1 -81.5 -739.3
20211203230657  -681.7 -81.2 -739.0
20211203230658  -681.6 -81.5 -739.2
20211203230659  -682.6 -81.8 -739.6
20211203230700  -682.4 -82.0 -739.9
20211203230701  -682.8 -82.0 -739.9
20211203230702  -683.1 -81.8 -739.6
20211203230703  -683.2 -81.8 -739.8
20211203230704  -682.8 -81.7 -740.0
20211203230705  -683.2 -81.8 -740.3
20211203230706  -683.1 -81.6 -740.2
20211203230707  -683.1 -81.7 -740.1
20211203230708  -683.3 -81.6 -740.3
20211203230709  -683.4 -81.9 -740.0
20211203230710  -683.4 -81.8 -740.0
20211203230711  -683.3 -81.9 -740.0
20211203230712  -683.6 -82.1 -740.1
20211203230713  -683.3 -82.0 -740.1
20211203230714  -683.5 -82.1 -740.2
20211203230715  -683.6 -81.8 -740.3
20211203230716  -683.5 -81.8 -740.3
20211203230717  -683.7 -81.8 -740.5
20211203230718  -683.6 -81.6 -740.4
20211203230719  -683.5 -81.6 -740.5
20211203230720  -682.9 -81.5 -739.9
20211203230721  -682.5 -81.8 -739.8
20211203230722  -682.4 -81.7 -739.8
20211203230723  -682.1 -81.7 -739.2
20211203230724  -682.1 -81.3 -739.1
20211203230725  -682.0 -81.4 -739.6
20211203230726  -682.5 -81.8 -740.0
20211203230727  -682.6 -81.9 -739.6
20211203230728  -682.7 -81.8 -739.7
20211203230729  -682.8 -81.7 -739.5
20211203230730  -682.7 -82.0 -740.0
20211203230731  -682.8 -81.9 -739.9
20211203230732  -682.9 -81.5 -739.9
20211203230733  -682.9 -81.7 -740.1
20211203230734  -682.9 -81.7 -739.7
20211203230735  -682.8 -81.7 -739.7
20211203230736  -682.9 -81.9 -739.8
20211203230737  -682.9 -82.1 -740.0
20211203230738  -683.0 -81.9 -739.8
20211203230739  -682.9 -82.1 -739.7
20211203230740  -683.0 -81.9 -740.0
20211203230741  -683.1 -81.8 -739.9
20211203230742  -682.7 -81.6 -740.0
20211203230743  -682.9 -81.7 -740.1
20211203230744  -682.8 -81.6 -740.0
20211203230745  -682.7 -81.8 -740.0
20211203230746  -682.5 -81.9 -740.0
20211203230747  -682.2 -81.5 -739.5
20211203230748  -681.9 -81.6 -739.1
20211203230749  -681.6 -81.6 -738.8
20211203230750  -681.1 -81.4 -739.0
20211203230751  -681.1 -81.2 -738.9
20211203230752  -681.5 -81.0 -738.8
20211203230753  -681.4 -80.9 -739.0
20211203230754  -681.3 -81.0 -739.6
20211203230755  -681.1 -80.9 -739.5
20211203230756  -681.2 -81.0 -739.6
20211203230757  -681.1 -81.1 -739.6
20211203230758  -681.3 -81.2 -739.5
20211203230759  -681.4 -81.1 -739.4
20211203230800  -681.2 -81.1 -739.2
20211203230801  -681.3 -81.3 -739.5
20211203230802  -681.2 -81.2 -739.4
20211203230803  -681.0 -81.0 -739.3
20211203230804  -681.5 -80.9 -739.4
20211203230805  -681.3 -80.9 -739.3
20211203230806  -681.6 -81.0 -739.5
20211203230807  -681.3 -80.9 -739.4
20211203230808  -681.2 -80.6 -739.3
20211203230809  -680.9 -80.6 -739.2
20211203230810  -681.1 -80.5 -739.1
20211203230811  -681.1 -80.4 -739.2
20211203230812  -680.7 -80.7 -739.3
