6
20211029214538  -668.5 -100.4 -209.3
20211029214539  -668.8 -100.4 -209.1
20211029214540  -669.6 -100.2 -209.5
20211029214541  -670.2 -100.2 -210.1
20211029214542  -670.2 -100.2 -210.2
20211029214543  -670.5 -100.3 -210.3
20211029214544  -670.5 -100.4 -210.1
20211029214545  -670.6 -100.7 -210.3
20211029214546  -670.6 -100.8 -210.5
20211029214547  -670.8 -101.0 -210.5
20211029214548  -670.9 -101.3 -210.3
20211029214549  -671.3 -101.3 -210.3
20211029214550  -671.3 -101.3 -210.6
20211029214551  -671.4 -101.3 -210.8
20211029214552  -671.5 -101.2 -210.5
20211029214553  -671.8 -100.8 -210.7
20211029214554  -672.0 -101.1 -210.8
20211029214555  -672.2 -101.1 -210.5
20211029214556  -672.1 -101.1 -210.7
20211029214557  -672.5 -101.4 -210.8
20211029214558  -672.6 -101.5 -211.3
20211029214559  -672.6 -101.6 -211.2
20211029214600  -672.8 -101.7 -211.1
20211029214601  -672.8 -101.9 -211.1
20211029214602  -672.8 -101.5 -210.3
20211029214603  -672.3 -101.5 -210.3
20211029214604  -672.4 -101.4 -210.4
20211029214605  -672.4 -101.6 -210.3
20211029214606  -672.4 -101.4 -210.1
20211029214607  -673.3 -101.4 -210.7
20211029214608  -673.6 -101.6 -210.9
20211029214609  -673.6 -101.3 -211.1
20211029214610  -673.8 -101.4 -211.4
20211029214611  -673.7 -101.6 -211.1
20211029214612  -674.1 -101.5 -211.2
20211029214613  -674.1 -101.5 -210.9
20211029214614  -674.2 -101.5 -211.1
20211029214615  -674.8 -101.6 -211.3
20211029214616  -674.7 -101.8 -211.5
20211029214617  -674.9 -101.8 -211.8
20211029214618  -675.1 -101.9 -211.7
20211029214619  -675.1 -102.1 -211.6
20211029214620  -675.4 -101.9 -211.7
20211029214621  -675.4 -101.9 -211.6
20211029214622  -675.7 -101.9 -211.2
20211029214623  -676.1 -101.9 -211.4
20211029214624  -676.2 -101.9 -211.4
20211029214625  -676.2 -101.8 -211.4
20211029214626  -676.2 -102.0 -211.4
20211029214627  -676.1 -102.1 -211.8
20211029214628  -675.7 -102.0 -211.3
20211029214629  -675.4 -101.7 -211.0
20211029214630  -675.5 -101.4 -210.9
20211029214631  -675.3 -101.4 -210.6
20211029214632  -675.6 -101.4 -210.5
20211029214633  -675.7 -101.4 -210.8
20211029214634  -676.6 -101.4 -211.5
20211029214635  -676.9 -101.6 -211.6
20211029214636  -677.0 -101.4 -211.3
20211029214637  -677.1 -101.3 -211.5
20211029214638  -677.0 -101.4 -211.4
20211029214639  -677.4 -101.2 -211.3
20211029214640  -677.4 -101.1 -211.4
20211029214641  -677.4 -101.1 -211.4
20211029214642  -677.3 -101.4 -211.5
20211029214643  -677.8 -101.5 -211.0
20211029214644  -678.0 -101.5 -211.1
20211029214645  -677.9 -101.5 -211.1
20211029214646  -678.0 -101.6 -211.3
20211029214647  -678.1 -101.6 -211.3
20211029214648  -678.2 -101.5 -211.3
20211029214649  -678.5 -101.6 -211.4
20211029214650  -678.3 -101.6 -211.6
20211029214651  -678.5 -101.7 -211.6
20211029214652  -678.7 -101.7 -211.7
20211029214653  -678.6 -101.6 -211.8
20211029214654  -678.2 -101.6 -211.5
20211029214655  -678.0 -101.5 -210.9
20211029214656  -677.9 -101.4 -211.0
20211029214657  -677.8 -101.2 -210.6
20211029214658  -677.5 -101.0 -210.2
20211029214659  -677.7 -100.9 -210.4
20211029214700  -678.3 -101.2 -210.7
20211029214701  -678.8 -100.9 -211.1
20211029214702  -678.9 -100.9 -210.7
20211029214703  -678.9 -101.0 -210.8
20211029214704  -678.9 -101.1 -210.8
20211029214705  -679.0 -101.0 -210.8
20211029214706  -679.1 -100.9 -210.8
20211029214707  -679.6 -101.0 -210.9
20211029214708  -679.6 -100.7 -210.9
20211029214709  -679.9 -100.8 -210.9
20211029214710  -679.6 -100.5 -211.5
20211029214711  -679.7 -100.6 -211.4
20211029214712  -679.9 -100.5 -211.1
20211029214713  -679.8 -100.4 -211.1
20211029214714  -679.7 -100.4 -211.2
20211029214715  -679.9 -100.3 -211.1
20211029214716  -679.9 -100.4 -211.1
20211029214717  -679.8 -100.6 -211.2
20211029214718  -679.7 -100.5 -211.2
20211029214719  -679.8 -100.5 -211.2
20211029214720  -679.9 -100.6 -210.7
20211029214721  -679.7 -100.5 -210.2
20211029214722  -679.5 -100.0 -210.1
20211029214723  -679.3 -100.4 -210.1
20211029214724  -678.8 -99.5 -209.4
20211029214725  -678.7 -99.5 -209.2
20211029214726  -678.9 -99.6 -209.5
20211029214727  -679.5 -99.7 -210.1
20211029214728  -679.7 -99.6 -210.2
20211029214729  -679.7 -99.6 -210.0
20211029214730  -679.7 -99.6 -210.5
20211029214731  -679.7 -99.8 -210.6
20211029214732  -679.8 -99.8 -210.2
20211029214733  -680.0 -99.4 -210.5
20211029214734  -679.9 -99.7 -210.8
20211029214735  -679.9 -99.6 -211.0
20211029214736  -680.5 -99.6 -210.7
20211029214737  -680.5 -99.5 -210.5
20211029214738  -680.5 -99.5 -210.5
20211029214739  -680.6 -99.4 -210.5
20211029214740  -680.6 -99.3 -210.6
20211029214741  -680.4 -99.2 -210.6
20211029214742  -680.9 -99.4 -210.7
20211029214743  -680.8 -99.3 -210.9
20211029214744  -681.2 -99.1 -211.0
20211029214745  -681.1 -98.7 -210.6
20211029214746  -681.2 -99.0 -210.7
20211029214747  -680.7 -98.9 -210.3
20211029214748  -680.5 -98.8 -209.9
20211029214749  -680.2 -98.5 -209.8
20211029214750  -680.2 -98.5 -209.5
20211029214751  -679.8 -98.3 -209.5
20211029214752  -679.7 -98.1 -209.4
20211029214753  -680.8 -98.3 -209.9
20211029214754  -680.7 -98.3 -209.9
20211029214755  -681.1 -98.1 -210.1
20211029214756  -681.1 -98.2 -210.1
20211029214757  -681.4 -98.1 -210.1
20211029214758  -681.6 -97.9 -210.0
20211029214759  -681.7 -97.9 -209.8
20211029214800  -681.4 -98.1 -210.2
20211029214801  -681.3 -98.0 -210.4
20211029214802  -681.4 -98.1 -210.4
20211029214803  -681.7 -98.0 -210.6
20211029214804  -681.8 -97.8 -210.4
20211029214805  -681.9 -97.7 -210.4
20211029214806  -682.0 -97.6 -210.3
20211029214807  -681.9 -97.7 -210.2
20211029214808  -681.9 -97.7 -210.4
20211029214809  -682.1 -97.5 -210.4
20211029214810  -681.9 -97.1 -210.1
20211029214811  -682.0 -97.3 -210.2
20211029214812  -681.7 -97.2 -210.2
20211029214813  -681.5 -96.8 -209.8
20211029214814  -681.5 -96.7 -209.8
20211029214815  -681.1 -96.5 -209.2
20211029214816  -680.8 -96.0 -209.1
20211029214817  -680.8 -96.0 -208.8
20211029214818  -680.9 -96.1 -208.6
20211029214819  -681.6 -96.0 -209.5
20211029214820  -681.3 -95.9 -209.2
20211029214821  -681.6 -96.0 -209.4
20211029214822  -681.7 -96.1 -209.4
20211029214823  -681.7 -96.0 -209.3
20211029214824  -681.8 -96.0 -209.4
20211029214825  -682.2 -95.8 -209.5
20211029214826  -682.1 -95.9 -209.5
20211029214827  -682.0 -95.8 -209.4
20211029214828  -682.1 -95.3 -209.3
20211029214829  -682.0 -95.0 -209.3
20211029214830  -682.1 -95.4 -208.9
20211029214831  -682.2 -95.5 -209.3
20211029214832  -682.1 -95.3 -209.4
20211029214833  -682.1 -95.7 -209.8
20211029214834  -682.4 -95.6 -209.8
20211029214835  -682.3 -95.4 -209.8
20211029214836  -682.5 -95.3 -209.5
20211029214837  -682.3 -95.5 -209.5
20211029214838  -682.3 -95.3 -209.3
20211029214839  -681.9 -95.3 -209.4
20211029214840  -681.5 -95.1 -209.0
20211029214841  -681.5 -94.9 -208.8
20211029214842  -681.3 -94.7 -208.3
20211029214843  -681.2 -94.5 -208.3
20211029214844  -681.0 -94.3 -208.2
20211029214845  -681.9 -94.6 -208.8
20211029214846  -682.0 -94.9 -208.8
20211029214847  -682.0 -95.1 -208.9
20211029214848  -682.3 -94.8 -208.9
20211029214849  -682.4 -94.8 -209.0
20211029214850  -682.4 -94.6 -208.8
20211029214851  -682.4 -94.6 -209.0
20211029214852  -682.5 -94.4 -208.7
20211029214853  -682.4 -94.3 -208.4
20211029214854  -682.6 -94.2 -208.8
20211029214855  -682.5 -94.2 -208.9
20211029214856  -682.5 -94.2 -209.0
20211029214857  -682.3 -94.3 -209.0
20211029214858  -682.2 -94.3 -208.8
20211029214859  -682.3 -94.5 -208.7
20211029214900  -682.6 -94.4 -208.7
20211029214901  -682.8 -94.0 -208.8
20211029214902  -682.8 -94.1 -208.8
20211029214903  -682.8 -94.0 -208.7
20211029214904  -682.8 -94.1 -208.8
20211029214905  -682.9 -94.5 -209.1
20211029214906  -682.4 -94.3 -208.4
20211029214907  -682.4 -94.0 -208.0
20211029214908  -682.1 -93.7 -207.8
20211029214909  -682.0 -94.2 -207.9
20211029214910  -682.3 -93.7 -207.7
20211029214911  -682.5 -94.1 -208.4
20211029214912  -682.4 -94.0 -208.3
20211029214913  -682.3 -94.0 -208.1
20211029214914  -682.5 -93.8 -208.2
20211029214915  -682.4 -94.0 -208.5
20211029214916  -682.5 -94.0 -208.8
20211029214917  -682.7 -94.1 -208.8
20211029214918  -682.9 -94.1 -208.8
20211029214919  -682.8 -93.8 -208.5
20211029214920  -682.7 -93.8 -208.6
20211029214921  -682.3 -94.1 -208.5
20211029214922  -682.3 -93.9 -208.7
20211029214923  -682.7 -93.6 -208.5
20211029214924  -682.6 -93.7 -208.3
20211029214925  -682.6 -93.8 -208.4
20211029214926  -682.4 -93.8 -208.3
20211029214927  -682.4 -93.7 -208.3
20211029214928  -682.4 -93.8 -208.4
20211029214929  -682.3 -93.9 -208.3
20211029214930  -682.6 -93.9 -208.4
20211029214931  -682.4 -93.9 -208.2
20211029214932  -682.0 -93.8 -208.1
20211029214933  -681.5 -93.8 -207.7
20211029214934  -681.5 -93.4 -207.5
20211029214935  -681.2 -93.0 -207.2
20211029214936  -681.9 -92.8 -207.6
20211029214937  -682.1 -93.0 -207.8
20211029214938  -682.1 -93.2 -207.7
20211029214939  -682.4 -93.0 -208.1
20211029214940  -682.2 -93.0 -208.0
20211029214941  -681.9 -93.2 -208.0
20211029214942  -682.1 -93.1 -208.3
20211029214943  -681.9 -93.0 -208.3
20211029214944  -682.0 -93.2 -208.2
20211029214945  -681.9 -93.4 -208.0
20211029214946  -682.2 -93.4 -208.3
20211029214947  -682.2 -93.3 -208.2
20211029214948  -682.1 -93.0 -208.1
20211029214949  -682.2 -93.2 -208.0
20211029214950  -682.1 -93.2 -208.1
20211029214951  -682.1 -93.1 -208.5
20211029214952  -682.3 -93.1 -207.6
20211029214953  -682.3 -92.9 -208.4
20211029214954  -682.4 -92.8 -208.2
20211029214955  -682.3 -92.8 -208.3
20211029214956  -682.4 -92.9 -208.0
20211029214957  -682.3 -92.9 -208.0
20211029214958  -681.7 -93.0 -207.9
20211029214959  -681.4 -92.8 -207.7
20211029215000  -681.2 -92.6 -207.2
20211029215001  -681.0 -92.6 -207.1
20211029215002  -681.9 -92.9 -207.6
20211029215003  -682.2 -92.9 -207.9
20211029215004  -682.0 -92.9 -208.0
20211029215005  -682.1 -92.8 -208.0
20211029215006  -681.9 -92.6 -207.8
20211029215007  -681.8 -92.6 -207.6
20211029215008  -681.7 -93.0 -207.9
20211029215009  -682.0 -93.0 -207.8
20211029215010  -681.6 -92.9 -207.7
20211029215011  -681.3 -92.5 -207.8
20211029215012  -681.2 -92.5 -207.9
20211029215013  -681.0 -92.3 -207.5
20211029215014  -681.5 -92.3 -207.5
20211029215015  -681.5 -92.4 -207.6
20211029215016  -681.2 -92.5 -207.7
20211029215017  -681.2 -92.3 -207.8
20211029215018  -681.0 -92.5 -207.9
20211029215019  -681.2 -92.5 -207.9
20211029215020  -681.1 -92.4 -208.0
20211029215021  -681.1 -92.4 -208.2
20211029215022  -681.1 -92.4 -208.1
20211029215023  -681.3 -92.4 -208.1
20211029215024  -680.8 -92.8 -207.9
20211029215025  -680.4 -92.2 -207.3
20211029215026  -680.3 -92.1 -207.4
20211029215027  -680.0 -92.2 -207.5
20211029215028  -681.0 -92.0 -207.9
20211029215029  -681.1 -92.2 -208.1
20211029215030  -681.2 -92.3 -208.0
20211029215031  -681.6 -92.4 -207.9
20211029215032  -681.4 -91.9 -208.0
20211029215033  -681.3 -91.8 -207.9
20211029215034  -681.3 -92.1 -207.7
20211029215035  -681.4 -92.1 -207.7
20211029215036  -681.4 -92.2 -207.9
20211029215037  -681.6 -92.2 -207.9
20211029215038  -681.1 -92.3 -208.0
20211029215039  -681.3 -92.5 -208.2
20211029215040  -681.3 -92.2 -208.0
20211029215041  -681.4 -92.4 -207.8
20211029215042  -681.3 -92.2 -208.0
20211029215043  -681.6 -92.1 -208.1
20211029215044  -681.5 -92.2 -208.0
20211029215045  -681.4 -92.2 -207.8
20211029215046  -681.3 -92.2 -207.8
20211029215047  -681.3 -92.0 -207.9
20211029215048  -681.4 -91.9 -207.8
20211029215049  -681.5 -92.2 -208.1
20211029215050  -680.8 -92.4 -207.7
20211029215051  -680.1 -92.0 -207.4
20211029215052  -680.0 -91.9 -207.3
20211029215053  -679.8 -91.7 -207.1
20211029215054  -680.3 -91.8 -207.5
20211029215055  -680.7 -92.1 -207.6
20211029215056  -680.8 -92.0 -207.6
20211029215057  -681.0 -92.1 -207.5
20211029215058  -681.2 -92.0 -207.7
20211029215059  -681.3 -92.2 -207.9
20211029215100  -681.1 -92.2 -208.0
20211029215101  -681.1 -92.1 -207.9
20211029215102  -681.2 -91.9 -207.8
20211029215103  -681.1 -91.8 -207.8
20211029215104  -681.2 -91.8 -207.6
20211029215105  -681.2 -92.0 -207.6
20211029215106  -681.2 -91.9 -207.7
20211029215107  -681.4 -91.7 -207.6
20211029215108  -681.6 -91.6 -207.7
20211029215109  -681.3 -91.7 -207.9
20211029215110  -681.0 -91.6 -207.8
20211029215111  -681.0 -91.6 -207.5
20211029215112  -681.1 -91.6 -207.6
20211029215113  -681.3 -91.6 -207.6
20211029215114  -681.4 -91.4 -207.7
20211029215115  -681.1 -91.4 -207.8
20211029215116  -680.7 -91.5 -207.7
20211029215117  -680.0 -91.8 -207.2
20211029215118  -679.5 -91.9 -206.9
20211029215119  -679.4 -91.7 -206.5
20211029215120  -679.4 -91.3 -206.5
20211029215121  -679.6 -91.3 -207.0
20211029215122  -679.7 -91.7 -207.1
20211029215123  -679.5 -91.2 -206.8
20211029215124  -679.6 -91.1 -206.9
20211029215125  -680.0 -91.2 -206.8
20211029215126  -679.5 -91.1 -206.8
20211029215127  -679.5 -91.1 -206.6
20211029215128  -679.4 -91.3 -206.6
20211029215129  -679.3 -91.2 -206.7
20211029215130  -679.3 -91.3 -206.8
20211029215131  -679.4 -91.3 -206.6
20211029215132  -679.4 -91.0 -206.5
20211029215133  -679.0 -91.1 -206.5
20211029215134  -679.1 -91.0 -206.7
20211029215135  -679.0 -91.1 -206.8
20211029215136  -679.1 -90.8 -206.8
20211029215137  -679.1 -90.7 -206.7
20211029215138  -678.8 -91.0 -206.7
20211029215139  -678.8 -91.2 -206.7
20211029215140  -678.8 -91.2 -206.6
20211029215141  -678.5 -91.2 -206.5
20211029215142  -678.3 -91.5 -206.2
20211029215143  -677.6 -91.1 -205.8
20211029215144  -677.4 -91.2 -205.6
20211029215145  -677.2 -90.9 -205.5
20211029215146  -676.9 -90.9 -204.9
20211029215147  -677.8 -91.3 -205.8
20211029215148  -677.9 -91.3 -206.0
20211029215149  -678.0 -91.4 -206.1
20211029215150  -677.9 -91.5 -206.2
20211029215151  -678.0 -91.6 -206.4
20211029215152  -678.1 -91.4 -206.5
20211029215153  -678.0 -91.6 -206.4
20211029215154  -677.9 -91.2 -206.3
20211029215155  -677.9 -91.5 -206.5
20211029215156  -678.1 -91.9 -206.5
20211029215157  -678.1 -91.9 -206.7
20211029215158  -678.0 -92.1 -206.6
20211029215159  -678.4 -92.1 -206.5
20211029215200  -678.6 -92.1 -206.6
20211029215201  -678.6 -92.1 -206.9
20211029215202  -678.6 -92.0 -206.8
20211029215203  -678.6 -92.1 -207.0
20211029215204  -678.8 -92.1 -207.2
20211029215205  -679.2 -92.2 -207.2
20211029215206  -679.1 -92.0 -207.3
20211029215207  -679.2 -92.3 -207.5
20211029215208  -678.9 -92.4 -207.4
20211029215209  -678.6 -92.4 -206.7
20211029215210  -678.5 -92.3 -206.6
20211029215211  -678.2 -91.9 -206.5
20211029215212  -678.3 -92.0 -206.4
20211029215213  -678.9 -91.8 -206.6
20211029215214  -679.2 -92.0 -207.0
