20211031214842  -987.3 -86.1 -271.0
20211031214843  -987.4 -86.0 -271.5
20211031214844  -987.1 -85.0 -271.2
20211031214845  -987.3 -84.8 -271.3
20211031214846  -986.9 -84.2 -271.1
20211031214847  -986.6 -83.5 -270.6
20211031214848  -985.5 -83.1 -269.9
20211031214849  -984.3 -82.8 -270.1
20211031214850  -984.3 -82.8 -270.5
20211031214851  -983.9 -83.8 -271.4
20211031214852  -983.4 -84.7 -271.6
20211031214853  -983.2 -85.9 -271.5
20211031214854  -983.2 -86.8 -271.4
20211031214855  -983.2 -87.6 -271.4
20211031214856  -983.1 -88.4 -271.2
20211031214857  -982.7 -88.6 -270.8
20211031214858  -982.6 -88.7 -270.3
20211031214859  -982.4 -88.1 -270.2
20211031214900  -982.2 -87.0 -269.6
20211031214901  -981.4 -85.9 -268.6
20211031214902  -980.4 -85.2 -268.1
20211031214903  -979.0 -85.1 -267.4
20211031214904  -977.4 -84.5 -267.4
20211031214905  -976.4 -84.2 -267.4
20211031214906  -975.0 -84.3 -267.3
20211031214907  -974.1 -84.5 -267.3
20211031214908  -973.6 -84.2 -267.1
20211031214909  -973.0 -83.8 -266.6
20211031214910  -972.6 -83.2 -266.4
20211031214911  -972.1 -82.5 -266.2
20211031214912  -971.9 -81.7 -265.8
20211031214913  -971.5 -81.3 -265.6
20211031214914  -971.2 -80.5 -265.0
20211031214915  -971.0 -79.8 -264.6
20211031214916  -970.4 -79.2 -264.5
20211031214917  -970.2 -78.1 -264.9
20211031214918  -969.3 -77.4 -265.4
20211031214919  -969.1 -76.2 -265.7
20211031214920  -969.8 -75.3 -266.9
20211031214921  -970.4 -75.6 -267.5
20211031214922  -970.4 -75.9 -267.2
20211031214923  -970.1 -75.9 -266.6
20211031214924  -969.6 -76.0 -266.0
20211031214925  -968.9 -76.3 -265.6
20211031214926  -967.9 -76.8 -265.2
20211031214927  -966.5 -77.4 -264.8
20211031214928  -965.4 -77.3 -264.6
20211031214929  -964.4 -77.3 -264.5
20211031214930  -963.4 -77.5 -264.2
20211031214931  -962.2 -77.2 -264.1
20211031214932  -961.4 -76.8 -264.0
20211031214933  -960.9 -76.2 -264.2
20211031214934  -960.3 -76.2 -264.1
20211031214935  -959.7 -76.5 -264.2
20211031214936  -959.0 -76.8 -264.3
20211031214937  -958.6 -76.4 -264.1
20211031214938  -958.3 -76.0 -263.9
20211031214939  -958.3 -75.5 -264.1
20211031214940  -958.0 -75.2 -264.3
20211031214941  -958.0 -74.5 -264.6
20211031214942  -958.2 -73.9 -264.7
20211031214943  -958.6 -73.1 -265.4
20211031214944  -959.1 -72.3 -265.5
20211031214945  -959.3 -71.8 -266.0
20211031214946  -959.9 -70.9 -266.5
20211031214947  -959.8 -70.5 -266.7
20211031214948  -959.2 -70.0 -266.7
20211031214949  -958.3 -69.5 -266.6
20211031214950  -957.9 -69.1 -266.0
20211031214951  -957.7 -69.3 -265.8
20211031214952  -957.3 -68.8 -265.7
20211031214953  -956.9 -68.6 -265.5
20211031214954  -956.4 -67.9 -265.0
20211031214955  -956.4 -67.4 -264.7
20211031214956  -956.1 -66.8 -264.5
20211031214957  -956.1 -66.4 -264.5
20211031214958  -956.3 -66.2 -264.8
20211031214959  -956.2 -66.5 -264.6
20211031215000  -955.7 -66.3 -264.1
20211031215001  -955.9 -65.9 -264.4
20211031215002  -955.9 -65.5 -264.5
20211031215003  -956.2 -65.1 -264.4
20211031215004  -956.1 -65.0 -264.3
20211031215005  -956.2 -64.8 -264.5
20211031215006  -956.2 -64.7 -264.5
20211031215007  -955.9 -65.0 -264.5
20211031215008  -956.1 -65.2 -264.5
20211031215009  -956.2 -65.9 -264.5
20211031215010  -956.3 -66.2 -264.5
20211031215011  -956.7 -66.2 -264.4
20211031215012  -956.8 -65.7 -264.4
20211031215013  -957.6 -65.7 -264.6
20211031215014  -958.0 -65.3 -265.0
20211031215015  -958.5 -64.9 -265.4
20211031215016  -959.2 -64.7 -266.0
20211031215017  -959.7 -64.1 -266.2
20211031215018  -960.5 -63.6 -266.3
20211031215019  -960.3 -63.0 -266.5
20211031215020  -961.2 -62.6 -267.2
20211031215021  -961.8 -62.8 -268.0
20211031215022  -962.1 -62.7 -268.0
20211031215023  -962.1 -62.6 -267.3
20211031215024  -962.0 -62.7 -267.0
20211031215025  -961.9 -62.7 -266.4
20211031215026  -962.0 -62.9 -266.3
20211031215027  -962.2 -62.5 -266.3
20211031215028  -962.6 -62.1 -265.9
20211031215029  -962.6 -61.9 -265.3
20211031215030  -962.9 -61.5 -264.8
20211031215031  -962.7 -61.0 -264.3
20211031215032  -962.2 -60.9 -264.1
20211031215033  -961.8 -61.2 -263.9
20211031215034  -961.4 -61.9 -263.6
20211031215035  -960.9 -62.5 -263.9
20211031215036  -960.8 -63.4 -264.1
20211031215037  -960.8 -63.8 -264.6
20211031215038  -960.5 -64.1 -264.7
20211031215039  -960.8 -64.0 -264.4
20211031215040  -960.8 -63.6 -263.9
20211031215041  -960.9 -62.7 -263.6
20211031215042  -961.0 -62.2 -263.1
20211031215043  -961.0 -61.8 -263.5
20211031215044  -961.1 -62.1 -263.9
20211031215045  -961.6 -62.8 -264.3
20211031215046  -962.4 -63.5 -264.6
20211031215047  -962.7 -64.1 -264.9
20211031215048  -963.3 -64.1 -264.5
20211031215049  -962.9 -64.2 -264.0
20211031215050  -963.2 -63.9 -263.8
20211031215051  -963.6 -64.2 -263.7
20211031215052  -963.4 -64.2 -263.4
20211031215053  -963.4 -64.2 -263.3
20211031215054  -963.5 -64.3 -263.1
20211031215055  -963.3 -64.4 -263.4
20211031215056  -963.6 -63.9 -263.2
20211031215057  -963.4 -63.3 -263.3
20211031215058  -963.4 -62.8 -262.8
20211031215059  -964.0 -61.9 -262.2
20211031215100  -964.0 -61.3 -261.3
20211031215101  -964.1 -60.6 -260.6
20211031215102  -964.2 -60.7 -260.1
20211031215103  -964.1 -60.3 -259.8
20211031215104  -964.2 -60.2 -259.4
20211031215105  -964.5 -60.5 -259.4
20211031215106  -964.5 -60.2 -259.4
20211031215107  -964.5 -60.3 -259.2
20211031215108  -964.6 -60.5 -259.1
20211031215109  -964.7 -60.4 -258.9
20211031215110  -964.5 -60.1 -258.6
20211031215111  -965.0 -59.8 -258.1
20211031215112  -965.2 -59.3 -258.4
20211031215113  -965.7 -58.6 -258.7
20211031215114  -966.2 -58.3 -258.8
20211031215115  -966.7 -58.4 -258.6
20211031215116  -967.2 -58.1 -258.5
20211031215117  -967.5 -57.9 -258.0
20211031215118  -967.9 -57.6 -257.9
20211031215119  -967.8 -57.1 -257.8
20211031215120  -968.7 -56.7 -257.9
20211031215121  -969.2 -56.1 -257.9
20211031215122  -969.7 -56.0 -257.8
20211031215123  -969.9 -56.2 -258.0
20211031215124  -970.2 -56.5 -258.0
20211031215125  -970.5 -56.7 -257.7
20211031215126  -971.0 -57.2 -257.6
20211031215127  -971.7 -57.3 -257.7
20211031215128  -972.3 -57.2 -257.6
20211031215129  -973.3 -57.0 -257.2
20211031215130  -974.1 -56.8 -257.4
20211031215131  -975.0 -56.3 -257.1
20211031215132  -976.1 -55.6 -257.0
20211031215133  -976.2 -55.4 -256.3
20211031215134  -976.3 -55.1 -255.7
20211031215135  -976.7 -55.3 -255.8
20211031215136  -977.2 -55.6 -255.7
20211031215137  -977.7 -55.6 -255.6
20211031215138  -978.2 -56.0 -256.1
20211031215139  -978.6 -56.5 -256.0
20211031215140  -978.9 -56.4 -255.5
20211031215141  -979.2 -56.1 -255.4
20211031215142  -979.6 -56.0 -255.2
20211031215143  -979.1 -56.3 -254.8
20211031215144  -978.8 -56.4 -254.5
20211031215145  -978.2 -56.9 -254.1
20211031215146  -978.3 -57.1 -253.9
20211031215147  -977.7 -57.2 -253.3
20211031215148  -977.4 -57.4 -253.1
20211031215149  -977.1 -57.4 -252.5
20211031215150  -976.9 -57.4 -252.5
20211031215151  -976.7 -57.7 -252.3
20211031215152  -976.4 -58.0 -251.7
20211031215153  -976.0 -58.1 -251.2
20211031215154  -975.4 -57.8 -250.4
20211031215155  -975.2 -56.8 -250.1
20211031215156  -975.0 -55.4 -250.0
20211031215157  -975.2 -54.2 -249.7
20211031215158  -975.2 -53.6 -249.8
20211031215159  -975.0 -53.3 -249.8
20211031215200  -975.0 -53.0 -249.6
20211031215201  -974.9 -53.0 -249.7
20211031215202  -975.0 -52.6 -249.5
20211031215203  -975.1 -52.8 -249.4
20211031215204  -975.1 -52.3 -249.2
20211031215205  -975.4 -51.8 -249.3
20211031215206  -976.0 -51.2 -249.2
20211031215207  -976.8 -50.5 -249.5
20211031215208  -976.6 -51.1 -249.6
20211031215209  -976.7 -51.7 -249.8
20211031215210  -976.7 -52.3 -249.9
20211031215211  -976.8 -53.2 -250.2
20211031215212  -977.1 -53.6 -250.7
20211031215213  -977.1 -53.7 -250.3
20211031215214  -977.1 -54.0 -250.2
20211031215215  -976.9 -54.0 -250.1
20211031215216  -976.5 -54.0 -250.1
20211031215217  -976.6 -54.5 -249.8
20211031215218  -976.7 -54.0 -249.8
20211031215219  -976.8 -54.2 -250.1
