20211108232833  -802.1 -36.5 -264.8
20211108232834  -801.7 -36.5 -264.6
20211108232835  -801.5 -36.6 -265.0
20211108232836  -801.5 -36.7 -265.4
20211108232837  -801.6 -36.9 -265.3
20211108232838  -801.1 -36.7 -265.5
20211108232839  -800.9 -37.0 -265.6
20211108232840  -800.7 -37.0 -265.7
20211108232841  -800.6 -37.1 -265.6
20211108232842  -800.4 -37.1 -265.7
20211108232843  -800.5 -37.3 -266.0
20211108232844  -800.4 -37.4 -265.8
20211108232845  -800.0 -37.8 -265.9
20211108232846  -800.2 -37.6 -266.4
20211108232847  -800.1 -37.4 -266.5
20211108232848  -799.5 -37.8 -266.5
20211108232849  -799.1 -37.5 -266.1
20211108232850  -798.8 -37.4 -265.9
20211108232851  -798.6 -37.2 -265.7
20211108232852  -798.7 -36.9 -265.4
20211108232853  -799.6 -37.1 -266.4
20211108232854  -799.6 -37.2 -266.5
20211108232855  -799.4 -37.3 -266.6
20211108232856  -799.7 -37.4 -266.8
20211108232857  -799.5 -36.9 -266.5
20211108232858  -799.5 -37.1 -266.6
20211108232859  -799.4 -36.9 -266.4
20211108232900  -799.2 -36.8 -266.6
20211108232901  -799.5 -36.7 -266.4
20211108232902  -799.6 -36.4 -266.0
20211108232903  -799.3 -36.5 -266.3
20211108232904  -799.5 -36.5 -266.3
20211108232905  -799.7 -36.3 -266.3
20211108232906  -799.8 -36.2 -266.3
20211108232907  -800.0 -36.2 -266.2
20211108232908  -800.1 -36.4 -266.6
20211108232909  -800.4 -36.4 -266.6
20211108232910  -800.5 -36.3 -266.5
20211108232911  -800.8 -36.2 -266.4
20211108232912  -801.1 -36.2 -266.7
20211108232913  -801.3 -36.3 -266.3
20211108232914  -801.4 -36.6 -266.6
20211108232915  -800.9 -36.1 -266.2
20211108232916  -801.0 -35.7 -266.1
20211108232917  -801.4 -35.5 -266.1
20211108232918  -801.8 -35.5 -266.0
20211108232919  -802.4 -35.7 -266.8
20211108232920  -802.4 -35.5 -266.4
20211108232921  -802.8 -35.7 -266.6
20211108232922  -803.0 -35.9 -266.5
20211108232923  -802.8 -36.0 -266.6
20211108232924  -803.0 -36.1 -266.6
20211108232925  -802.9 -36.0 -266.8
20211108232926  -803.0 -36.2 -266.5
20211108232927  -803.0 -36.4 -266.7
20211108232928  -803.2 -36.4 -266.5
20211108232929  -803.2 -36.1 -266.7
20211108232930  -803.4 -36.3 -266.6
20211108232931  -803.2 -36.4 -266.8
20211108232932  -803.0 -36.3 -266.4
20211108232933  -803.0 -36.0 -266.6
20211108232934  -802.8 -35.9 -266.6
20211108232935  -803.1 -36.2 -266.6
20211108232936  -802.9 -36.0 -266.4
20211108232937  -803.1 -36.1 -266.3
20211108232938  -802.8 -36.4 -266.6
20211108232939  -802.9 -36.7 -266.6
20211108232940  -802.7 -36.6 -266.5
20211108232941  -801.9 -36.9 -266.1
20211108232942  -801.5 -36.9 -265.6
20211108232943  -801.3 -36.7 -265.3
20211108232944  -801.6 -36.5 -265.8
20211108232945  -801.9 -36.5 -266.0
20211108232946  -802.0 -36.6 -266.1
20211108232947  -801.9 -37.0 -266.2
20211108232948  -802.0 -37.2 -266.0
20211108232949  -802.0 -37.3 -266.1
20211108232950  -802.3 -37.6 -266.3
20211108232951  -802.1 -37.8 -266.3
20211108232952  -802.3 -37.9 -266.6
20211108232953  -802.4 -38.3 -266.4
20211108232954  -802.5 -38.3 -266.1
20211108232955  -802.5 -38.5 -266.3
20211108232956  -802.6 -38.3 -266.3
20211108232957  -802.5 -38.2 -266.3
20211108232958  -802.3 -38.2 -266.2
20211108232959  -802.3 -38.1 -266.2
20211108233000  -802.2 -37.7 -266.1
20211108233001  -802.2 -37.5 -266.2
20211108233002  -802.6 -37.4 -266.1
20211108233003  -802.6 -37.1 -266.2
20211108233004  -802.5 -36.6 -266.1
20211108233005  -802.6 -36.7 -266.3
20211108233006  -802.8 -36.6 -266.3
20211108233007  -802.7 -36.5 -266.1
20211108233008  -802.7 -36.3 -266.0
20211108233009  -802.8 -36.3 -265.8
20211108233010  -804.0 -36.5 -266.5
20211108233011  -804.5 -36.6 -267.3
20211108233012  -804.9 -36.7 -267.1
20211108233013  -805.2 -36.6 -267.4
20211108233014  -805.2 -36.7 -267.5
20211108233015  -805.8 -36.7 -267.4
20211108233016  -805.8 -36.7 -267.6
20211108233017  -806.5 -36.6 -267.8
20211108233018  -806.6 -37.0 -267.9
20211108233019  -807.1 -37.2 -268.3
20211108233020  -807.4 -37.6 -268.0
20211108233021  -808.0 -37.8 -268.5
20211108233022  -808.4 -38.0 -268.5
20211108233023  -808.5 -38.0 -268.6
20211108233024  -808.8 -37.9 -268.4
20211108233025  -809.0 -37.8 -268.1
20211108233026  -809.1 -38.1 -267.9
20211108233027  -809.8 -38.4 -268.2
20211108233028  -809.9 -38.0 -268.0
20211108233029  -809.7 -37.7 -268.2
20211108233030  -810.0 -37.8 -268.3
20211108233031  -810.3 -37.5 -268.3
20211108233032  -810.3 -37.8 -268.4
20211108233033  -809.8 -37.6 -267.7
20211108233034  -809.8 -37.6 -267.7
20211108233035  -809.3 -37.1 -267.5
20211108233036  -810.3 -36.9 -267.8
20211108233037  -811.1 -37.4 -268.4
20211108233038  -811.1 -37.1 -268.6
20211108233039  -811.2 -37.0 -268.1
20211108233040  -811.2 -36.9 -268.3
20211108233041  -811.3 -36.8 -268.2
20211108233042  -811.7 -36.8 -268.0
20211108233043  -811.6 -36.7 -267.9
20211108233044  -811.9 -36.7 -268.1
20211108233045  -811.9 -36.6 -268.3
20211108233046  -811.8 -36.4 -268.2
20211108233047  -811.8 -36.8 -268.3
20211108233048  -811.9 -36.6 -268.4
20211108233049  -812.3 -36.7 -268.2
20211108233050  -812.3 -37.0 -268.2
20211108233051  -812.3 -37.2 -268.1
20211108233052  -812.2 -37.1 -268.1
20211108233053  -812.3 -37.0 -268.0
20211108233054  -812.7 -37.2 -268.4
20211108233055  -812.6 -37.4 -268.6
20211108233056  -812.7 -37.5 -268.1
20211108233057  -812.5 -37.7 -268.3
20211108233058  -812.2 -37.8 -268.3
20211108233059  -812.2 -38.0 -267.9
20211108233100  -811.5 -37.9 -267.3
20211108233101  -811.4 -38.1 -267.6
20211108233102  -811.7 -38.2 -267.4
20211108233103  -812.5 -37.9 -267.9
20211108233104  -812.5 -38.1 -267.7
20211108233105  -812.4 -38.1 -267.7
20211108233106  -812.5 -37.9 -267.5
20211108233107  -812.5 -37.7 -267.5
20211108233108  -812.3 -37.7 -267.5
20211108233109  -812.5 -37.8 -267.6
20211108233110  -812.6 -37.4 -267.7
20211108233111  -812.9 -37.4 -267.8
20211108233112  -812.8 -37.8 -267.9
20211108233113  -812.8 -37.8 -267.7
20211108233114  -812.9 -37.6 -267.9
20211108233115  -812.9 -37.4 -267.8
20211108233116  -813.3 -37.3 -268.0
20211108233117  -813.8 -37.0 -268.1
20211108233118  -813.8 -36.6 -267.7
20211108233119  -813.9 -36.3 -267.6
20211108233120  -814.4 -35.9 -267.5
20211108233121  -814.6 -35.7 -267.6
20211108233122  -814.6 -35.5 -267.5
20211108233123  -814.7 -35.2 -267.5
20211108233124  -814.6 -35.1 -267.5
20211108233125  -814.2 -35.2 -267.2
20211108233126  -814.0 -34.9 -266.6
20211108233127  -813.8 -34.6 -266.2
20211108233128  -813.4 -34.3 -266.0
20211108233129  -814.4 -34.3 -267.0
20211108233130  -814.7 -34.5 -267.0
20211108233131  -814.8 -34.6 -267.1
20211108233132  -814.9 -34.6 -266.9
20211108233133  -814.9 -34.6 -267.1
20211108233134  -814.8 -34.8 -267.5
20211108233135  -814.8 -35.2 -267.6
20211108233136  -815.2 -35.2 -267.4
20211108233137  -815.2 -35.2 -267.2
20211108233138  -815.1 -35.5 -267.1
20211108233139  -815.1 -35.7 -267.6
20211108233140  -815.2 -36.0 -267.4
20211108233141  -814.8 -35.5 -267.1
20211108233142  -814.5 -35.5 -266.9
20211108233143  -814.4 -35.4 -266.9
20211108233144  -814.6 -35.4 -267.1
20211108233145  -814.4 -35.3 -267.3
20211108233146  -814.2 -35.4 -267.1
20211108233147  -814.0 -35.5 -267.0
20211108233148  -813.9 -35.7 -267.3
20211108233149  -813.7 -36.0 -267.2
20211108233150  -813.4 -36.0 -266.9
20211108233151  -812.6 -36.1 -266.6
20211108233152  -812.0 -36.1 -266.2
20211108233153  -811.5 -35.8 -266.0
20211108233154  -810.9 -35.6 -265.6
20211108233155  -810.6 -36.0 -265.7
20211108233156  -811.1 -36.5 -266.2
20211108233157  -811.0 -36.5 -266.1
20211108233158  -810.6 -36.9 -266.3
20211108233159  -810.5 -37.0 -266.2
20211108233200  -810.5 -36.9 -266.1
20211108233201  -810.4 -37.2 -266.4
20211108233202  -810.3 -37.1 -266.2
20211108233203  -810.0 -37.4 -266.1
20211108233204  -809.9 -37.7 -266.3
20211108233205  -809.6 -37.8 -266.4
20211108233206  -809.7 -37.7 -266.6
20211108233207  -809.4 -37.4 -266.1
20211108233208  -809.2 -37.3 -266.4
20211108233209  -809.1 -37.2 -266.2
20211108233210  -808.7 -37.5 -266.1
20211108233211  -808.7 -37.2 -266.2
20211108233212  -808.5 -36.8 -266.2
20211108233213  -808.2 -36.9 -266.4
20211108233214  -808.5 -36.8 -266.3
20211108233215  -808.3 -36.6 -266.0
20211108233216  -808.1 -36.2 -265.7
