20211026205735  -658.2 -86.3 -194.1
20211026205736  -658.1 -86.1 -194.3
20211026205737  -658.2 -86.1 -194.3
20211026205738  -658.0 -86.2 -194.4
20211026205739  -658.3 -86.1 -194.1
20211026205740  -658.1 -86.1 -193.8
20211026205741  -658.0 -86.2 -193.9
20211026205742  -658.1 -86.1 -194.2
20211026205743  -658.0 -86.1 -193.8
20211026205744  -658.2 -86.4 -193.8
20211026205745  -658.1 -86.3 -194.0
20211026205746  -658.1 -86.3 -193.7
20211026205747  -658.2 -86.2 -193.8
20211026205748  -658.4 -86.2 -193.8
20211026205749  -658.3 -86.2 -194.2
20211026205750  -658.5 -86.2 -194.0
20211026205751  -658.1 -86.2 -193.9
20211026205752  -658.2 -86.1 -194.0
20211026205753  -658.3 -86.5 -193.9
20211026205754  -658.5 -86.4 -193.9
20211026205755  -658.0 -86.4 -193.6
20211026205756  -657.6 -86.2 -193.2
20211026205757  -657.5 -86.3 -192.8
20211026205758  -657.4 -85.9 -192.6
20211026205759  -658.1 -85.9 -193.4
20211026205800  -658.3 -86.0 -193.4
20211026205801  -658.1 -85.9 -193.4
20211026205802  -658.0 -86.1 -193.5
20211026205803  -658.1 -85.9 -193.5
20211026205804  -658.1 -85.8 -193.5
20211026205805  -658.1 -85.8 -193.4
20211026205806  -658.3 -85.7 -193.5
20211026205807  -658.2 -85.9 -193.3
20211026205808  -658.2 -85.9 -193.5
20211026205809  -658.2 -85.5 -193.5
20211026205810  -658.0 -85.5 -193.3
20211026205811  -658.3 -85.7 -193.7
20211026205812  -658.3 -85.9 -193.7
20211026205813  -658.3 -85.9 -193.3
20211026205814  -658.0 -85.8 -193.3
20211026205815  -658.2 -85.7 -193.6
20211026205816  -658.3 -86.2 -193.5
20211026205817  -658.3 -86.2 -193.4
20211026205818  -658.4 -85.9 -193.6
20211026205819  -658.3 -86.1 -193.4
20211026205820  -658.7 -85.7 -193.5
20211026205821  -658.2 -86.0 -193.4
20211026205822  -658.5 -86.0 -193.4
20211026205823  -658.3 -86.0 -193.4
20211026205824  -658.6 -85.9 -193.3
20211026205825  -658.6 -86.0 -193.2
20211026205826  -657.7 -85.9 -192.8
20211026205827  -657.6 -85.7 -192.7
20211026205828  -657.1 -85.7 -192.6
20211026205829  -657.8 -85.7 -192.7
20211026205830  -658.2 -86.0 -192.8
20211026205831  -658.5 -85.9 -192.9
20211026205832  -658.5 -85.8 -193.4
20211026205833  -658.4 -85.9 -193.1
20211026205834  -658.2 -86.1 -193.3
20211026205835  -658.4 -86.1 -193.4
20211026205836  -658.4 -86.1 -193.5
20211026205837  -658.5 -86.0 -193.3
20211026205838  -658.6 -85.9 -193.5
20211026205839  -658.6 -86.0 -193.4
20211026205840  -658.7 -86.3 -193.4
20211026205841  -658.9 -86.2 -193.3
20211026205842  -658.8 -86.0 -193.5
20211026205843  -658.5 -86.1 -193.4
20211026205844  -658.6 -86.4 -193.4
20211026205845  -658.6 -86.0 -193.4
20211026205846  -658.5 -86.3 -193.5
20211026205847  -658.7 -86.2 -193.4
20211026205848  -658.6 -86.4 -193.1
20211026205849  -658.8 -86.2 -193.0
20211026205850  -658.7 -86.3 -193.2
20211026205851  -658.5 -86.0 -193.0
20211026205852  -658.9 -86.3 -193.2
20211026205853  -658.8 -86.1 -193.4
20211026205854  -658.6 -86.0 -193.4
20211026205855  -658.8 -86.1 -193.1
20211026205856  -658.2 -86.0 -192.9
20211026205857  -658.2 -85.9 -192.7
20211026205858  -657.7 -85.6 -192.4
20211026205859  -658.1 -85.7 -192.5
20211026205900  -658.4 -85.8 -192.8
20211026205901  -658.6 -85.8 -193.0
20211026205902  -658.7 -86.0 -192.9
20211026205903  -658.6 -86.0 -192.8
20211026205904  -658.6 -86.1 -192.8
20211026205905  -658.8 -85.9 -193.0
20211026205906  -658.6 -86.1 -192.7
20211026205907  -658.7 -86.0 -193.0
20211026205908  -658.9 -86.2 -192.8
20211026205909  -658.9 -86.1 -193.0
20211026205910  -659.0 -86.0 -193.0
20211026205911  -659.1 -85.9 -193.2
20211026205912  -659.0 -85.8 -193.2
20211026205913  -659.1 -85.9 -193.1
20211026205914  -658.7 -86.0 -193.3
20211026205915  -659.1 -85.8 -193.4
20211026205916  -658.9 -86.1 -193.2
20211026205917  -658.9 -85.8 -192.9
20211026205918  -659.0 -86.1 -193.2
20211026205919  -659.1 -85.8 -193.3
20211026205920  -659.0 -85.8 -193.1
20211026205921  -659.0 -85.9 -193.2
20211026205922  -659.3 -85.9 -193.2
20211026205923  -659.3 -85.8 -193.4
20211026205924  -659.5 -85.8 -193.2
20211026205925  -659.4 -86.1 -193.3
20211026205926  -658.5 -86.1 -192.8
20211026205927  -658.8 -85.9 -192.4
20211026205928  -658.4 -85.7 -192.3
20211026205929  -658.2 -85.7 -192.0
20211026205930  -659.0 -85.8 -192.4
20211026205931  -659.0 -85.7 -192.5
20211026205932  -658.8 -85.3 -192.6
20211026205933  -659.2 -85.6 -192.6
20211026205934  -659.3 -86.0 -192.6
20211026205935  -659.3 -85.8 -192.5
20211026205936  -659.0 -85.9 -192.7
20211026205937  -658.9 -85.8 -192.7
20211026205938  -659.1 -85.9 -193.0
20211026205939  -658.8 -86.0 -193.0
20211026205940  -659.0 -85.9 -192.7
20211026205941  -659.4 -85.8 -192.4
20211026205942  -659.4 -85.6 -192.4
20211026205943  -659.0 -85.7 -192.5
20211026205944  -659.0 -85.7 -192.4
20211026205945  -659.0 -85.9 -192.4
20211026205946  -659.1 -85.6 -192.4
20211026205947  -659.1 -85.7 -192.5
20211026205948  -659.1 -85.5 -192.9
20211026205949  -659.2 -85.6 -192.9
20211026205950  -659.3 -85.7 -192.7
20211026205951  -659.3 -85.5 -192.5
20211026205952  -659.0 -85.5 -192.5
20211026205953  -659.3 -85.8 -192.3
20211026205954  -659.4 -85.8 -193.0
20211026205955  -659.3 -85.6 -192.8
20211026205956  -658.6 -85.7 -192.5
20211026205957  -658.5 -85.4 -192.0
20211026205958  -658.1 -85.3 -191.8
20211026205959  -658.3 -85.3 -191.7
20211026210000  -658.5 -85.6 -192.3
20211026210001  -658.7 -85.3 -192.3
20211026210002  -658.9 -85.6 -192.4
20211026210003  -659.1 -85.4 -192.0
20211026210004  -659.1 -85.5 -192.2
20211026210005  -659.0 -85.5 -192.4
20211026210006  -659.0 -85.6 -192.7
20211026210007  -659.0 -85.2 -192.4
20211026210008  -659.1 -85.4 -192.2
20211026210009  -659.3 -85.3 -192.2
20211026210010  -659.2 -85.3 -192.3
20211026210011  -659.1 -85.4 -192.1
20211026210012  -659.2 -85.4 -192.4
20211026210013  -659.2 -85.5 -192.2
20211026210014  -659.2 -85.2 -192.0
20211026210015  -659.2 -85.2 -192.5
20211026210016  -659.0 -85.4 -192.5
20211026210017  -659.2 -85.7 -192.2
20211026210018  -659.2 -85.6 -192.0
20211026210019  -659.4 -85.6 -192.2
20211026210020  -659.3 -85.6 -192.2
20211026210021  -659.5 -85.5 -192.2
20211026210022  -659.3 -85.4 -192.3
20211026210023  -659.2 -85.7 -192.1
20211026210024  -659.2 -85.7 -192.2
20211026210025  -659.1 -85.6 -192.5
20211026210026  -659.0 -85.5 -192.1
20211026210027  -658.4 -85.2 -191.5
20211026210028  -658.2 -85.2 -191.6
20211026210029  -658.8 -85.3 -191.8
20211026210030  -659.0 -85.2 -191.8
20211026210031  -658.9 -85.4 -191.8
20211026210032  -659.0 -85.1 -191.8
20211026210033  -659.4 -85.5 -191.9
20211026210034  -659.4 -85.4 -192.0
20211026210035  -659.5 -85.4 -191.9
20211026210036  -659.5 -85.1 -192.0
20211026210037  -659.4 -85.1 -191.7
20211026210038  -659.5 -85.1 -191.8
20211026210039  -659.6 -85.2 -192.0
20211026210040  -659.4 -85.3 -192.2
20211026210041  -659.6 -85.1 -192.1
20211026210042  -659.7 -85.2 -191.8
20211026210043  -659.7 -85.3 -191.6
20211026210044  -659.9 -85.3 -191.7
20211026210045  -659.8 -85.4 -191.9
20211026210046  -659.9 -85.1 -192.0
20211026210047  -659.9 -85.3 -192.1
20211026210048  -659.8 -85.6 -191.8
20211026210049  -659.7 -85.5 -192.0
20211026210050  -659.8 -85.5 -192.1
20211026210051  -659.7 -85.3 -192.0
20211026210052  -660.0 -85.3 -191.9
20211026210053  -659.8 -85.2 -192.0
20211026210054  -659.7 -84.9 -192.2
20211026210055  -659.9 -85.0 -192.2
20211026210056  -659.8 -85.2 -192.0
20211026210057  -659.3 -85.4 -192.3
20211026210058  -659.3 -85.1 -191.8
20211026210059  -659.8 -85.4 -192.1
20211026210100  -660.1 -85.1 -192.3
20211026210101  -659.8 -85.2 -192.4
20211026210102  -659.9 -85.3 -192.4
20211026210103  -659.7 -85.4 -192.4
20211026210104  -660.0 -85.6 -192.1
20211026210105  -659.6 -85.3 -192.2
20211026210106  -660.0 -85.0 -192.1
20211026210107  -659.9 -85.4 -191.9
20211026210108  -659.9 -85.1 -191.9
20211026210109  -660.1 -84.8 -192.0
20211026210110  -660.1 -85.0 -192.1
20211026210111  -659.9 -84.9 -192.2
20211026210112  -660.0 -85.0 -192.4
20211026210113  -660.1 -85.2 -192.2
20211026210114  -660.2 -85.1 -192.0
20211026210115  -660.4 -85.3 -192.1
20211026210116  -660.0 -85.0 -192.3
20211026210117  -659.9 -85.1 -192.0
20211026210118  -660.0 -85.2 -191.9
20211026210119  -660.1 -85.2 -192.1
20211026210120  -660.0 -85.0 -191.9
20211026210121  -659.9 -85.3 -192.2
20211026210122  -659.8 -85.4 -192.0
20211026210123  -659.9 -85.4 -192.0
20211026210124  -660.2 -84.9 -192.0
20211026210125  -660.1 -85.1 -192.2
20211026210126  -660.1 -84.9 -192.3
20211026210127  -659.7 -85.2 -192.1
20211026210128  -659.6 -85.1 -191.5
20211026210129  -659.7 -85.6 -191.9
20211026210130  -659.9 -85.2 -192.0
20211026210131  -660.3 -85.2 -192.1
20211026210132  -660.1 -85.3 -192.1
20211026210133  -660.2 -85.2 -192.3
20211026210134  -660.3 -85.4 -192.1
20211026210135  -660.2 -85.4 -192.2
20211026210136  -660.3 -85.1 -192.0
20211026210137  -660.1 -85.4 -191.8
20211026210138  -660.2 -85.5 -192.2
20211026210139  -660.0 -85.3 -192.2
20211026210140  -660.1 -85.3 -192.0
20211026210141  -660.1 -85.4 -191.9
20211026210142  -660.1 -85.2 -192.2
20211026210143  -660.2 -85.3 -192.3
20211026210144  -660.2 -85.2 -191.9
20211026210145  -660.0 -85.3 -192.1
20211026210146  -660.1 -85.2 -192.0
20211026210147  -660.2 -85.4 -192.1
20211026210148  -660.0 -85.5 -192.2
20211026210149  -660.3 -85.2 -192.5
20211026210150  -660.1 -85.3 -192.2
20211026210151  -660.2 -85.2 -192.3
20211026210152  -660.3 -85.4 -192.5
20211026210153  -660.4 -85.3 -192.2
20211026210154  -660.3 -85.3 -192.4
20211026210155  -660.5 -85.4 -192.3
20211026210156  -660.4 -85.1 -192.1
20211026210157  -660.1 -85.4 -192.1
20211026210158  -660.3 -85.5 -192.1
20211026210159  -660.5 -85.3 -192.2
20211026210200  -660.2 -85.4 -192.2
20211026210201  -660.2 -85.5 -192.3
20211026210202  -660.4 -85.3 -192.2
20211026210203  -660.2 -85.3 -192.4
20211026210204  -660.2 -84.9 -192.4
20211026210205  -660.1 -85.2 -192.1
20211026210206  -660.1 -85.3 -192.3
20211026210207  -660.1 -85.5 -192.5
20211026210208  -660.4 -85.3 -192.6
20211026210209  -660.3 -85.3 -192.5
20211026210210  -660.4 -85.2 -192.6
20211026210211  -660.4 -85.3 -192.4
20211026210212  -660.7 -85.2 -192.4
20211026210213  -660.4 -85.2 -192.1
20211026210214  -660.5 -85.4 -192.0
20211026210215  -660.7 -85.5 -191.8
20211026210216  -660.4 -85.5 -192.1
20211026210217  -660.4 -85.3 -192.1
