20211110213236  -663.2 -78.7 -184.5
20211110213237  -663.0 -78.7 -184.2
20211110213238  -663.0 -78.8 -184.3
20211110213239  -663.3 -78.6 -183.9
20211110213240  -663.0 -78.5 -184.2
20211110213241  -663.5 -78.7 -184.3
20211110213242  -663.4 -78.5 -184.3
20211110213243  -663.5 -78.5 -184.0
20211110213244  -663.4 -78.3 -184.3
20211110213245  -663.3 -78.2 -184.2
20211110213246  -663.3 -78.6 -184.4
20211110213247  -663.3 -78.6 -184.1
20211110213248  -663.3 -78.3 -184.2
20211110213249  -663.4 -78.7 -184.1
20211110213250  -663.5 -78.6 -183.8
20211110213251  -663.5 -78.4 -184.0
20211110213252  -663.3 -78.4 -184.3
20211110213253  -663.4 -78.6 -184.1
20211110213254  -663.5 -78.5 -184.1
20211110213255  -663.7 -78.4 -183.8
20211110213256  -663.4 -78.4 -183.7
20211110213257  -663.7 -78.4 -183.7
20211110213258  -663.2 -78.6 -183.9
20211110213259  -663.4 -78.2 -184.0
20211110213300  -662.7 -78.5 -183.5
20211110213301  -662.4 -78.4 -183.1
20211110213302  -662.9 -78.0 -183.5
20211110213303  -663.4 -78.3 -183.8
20211110213304  -663.4 -78.1 -183.7
20211110213305  -663.2 -78.2 -183.9
20211110213306  -663.2 -78.3 -184.0
20211110213307  -663.2 -78.6 -183.6
20211110213308  -663.2 -78.4 -183.9
20211110213309  -663.2 -78.7 -184.0
20211110213310  -663.5 -78.8 -184.0
20211110213311  -663.4 -78.7 -183.8
20211110213312  -663.3 -78.8 -183.9
20211110213313  -663.4 -78.6 -183.8
20211110213314  -663.4 -78.5 -183.8
20211110213315  -663.5 -78.7 -184.0
20211110213316  -663.5 -78.3 -183.8
20211110213317  -663.7 -78.9 -183.5
20211110213318  -663.6 -78.7 -184.0
20211110213319  -663.5 -78.7 -183.9
20211110213320  -663.4 -78.6 -183.9
20211110213321  -663.1 -78.7 -183.9
20211110213322  -663.5 -78.6 -184.0
20211110213323  -663.9 -78.7 -184.1
20211110213324  -663.6 -78.8 -184.0
20211110213325  -663.5 -79.0 -184.2
20211110213326  -663.4 -79.1 -184.0
20211110213327  -663.5 -79.1 -184.2
20211110213328  -663.4 -78.9 -184.1
20211110213329  -663.6 -79.2 -183.9
20211110213330  -663.2 -78.8 -183.5
20211110213331  -663.0 -79.1 -183.1
20211110213332  -663.1 -79.1 -183.0
20211110213333  -663.3 -78.9 -183.3
20211110213334  -663.5 -79.0 -183.4
20211110213335  -663.6 -79.0 -183.3
20211110213336  -663.4 -79.0 -183.3
20211110213337  -663.8 -79.1 -183.8
20211110213338  -663.8 -79.1 -183.5
20211110213339  -664.0 -79.0 -183.7
20211110213340  -663.4 -78.9 -183.9
20211110213341  -663.8 -78.7 -183.8
20211110213342  -664.0 -78.6 -183.9
20211110213343  -663.7 -78.8 -184.0
20211110213344  -664.0 -78.6 -183.7
20211110213345  -664.1 -78.7 -183.8
20211110213346  -664.2 -78.9 -183.4
20211110213347  -664.0 -78.8 -183.6
20211110213348  -663.7 -79.0 -183.7
20211110213349  -663.7 -78.5 -183.6
20211110213350  -663.8 -78.8 -183.5
20211110213351  -663.8 -78.9 -183.4
20211110213352  -663.9 -78.9 -183.4
20211110213353  -664.1 -78.9 -183.6
20211110213354  -664.0 -79.1 -183.7
20211110213355  -664.3 -79.2 -183.6
20211110213356  -664.4 -79.2 -183.7
20211110213357  -664.2 -79.2 -183.8
20211110213358  -664.3 -79.1 -183.7
20211110213359  -664.3 -79.2 -183.7
20211110213400  -664.1 -79.2 -183.4
20211110213401  -663.6 -78.8 -183.0
20211110213402  -663.6 -79.2 -182.7
20211110213403  -664.2 -79.1 -183.0
20211110213404  -664.6 -79.4 -183.3
20211110213405  -664.8 -79.3 -183.3
20211110213406  -664.8 -79.5 -183.5
20211110213407  -664.5 -79.1 -183.4
20211110213408  -664.5 -79.2 -183.5
20211110213409  -664.7 -79.3 -183.4
20211110213410  -664.7 -79.3 -183.5
20211110213411  -664.9 -79.5 -183.6
20211110213412  -664.9 -79.4 -183.8
20211110213413  -665.2 -79.6 -183.5
20211110213414  -665.1 -79.4 -183.5
20211110213415  -665.1 -79.5 -183.0
20211110213416  -665.0 -79.6 -183.3
20211110213417  -665.2 -79.5 -183.4
20211110213418  -665.3 -79.6 -183.4
20211110213419  -665.3 -79.7 -183.6
20211110213420  -665.7 -79.3 -183.4
20211110213421  -665.3 -79.5 -183.4
20211110213422  -665.6 -79.7 -183.6
20211110213423  -665.6 -79.5 -183.8
20211110213424  -665.5 -79.7 -183.5
20211110213425  -665.9 -80.0 -183.6
20211110213426  -665.6 -79.9 -183.9
20211110213427  -665.6 -79.7 -183.9
20211110213428  -665.4 -79.7 -183.9
20211110213429  -665.6 -80.1 -184.0
20211110213430  -665.3 -80.0 -183.8
20211110213431  -664.6 -80.0 -183.2
20211110213432  -664.5 -79.9 -183.1
20211110213433  -665.1 -79.8 -183.2
20211110213434  -665.2 -80.0 -183.6
20211110213435  -665.3 -80.0 -183.6
20211110213436  -665.4 -79.8 -183.7
20211110213437  -665.3 -79.9 -183.7
20211110213438  -665.5 -80.0 -183.5
20211110213439  -665.6 -80.1 -183.7
20211110213440  -666.0 -79.9 -183.6
20211110213441  -665.5 -80.2 -183.5
20211110213442  -665.8 -79.9 -183.3
20211110213443  -665.7 -80.0 -183.4
20211110213444  -665.7 -80.1 -183.4
20211110213445  -665.8 -80.0 -183.2
20211110213446  -665.7 -80.1 -183.5
20211110213447  -665.9 -80.0 -183.6
20211110213448  -665.9 -80.2 -183.5
20211110213449  -665.8 -80.1 -184.1
20211110213450  -665.4 -80.3 -183.9
20211110213451  -665.7 -80.1 -183.8
20211110213452  -665.6 -80.2 -183.9
20211110213453  -665.6 -80.1 -183.5
20211110213454  -665.8 -80.1 -183.7
20211110213455  -665.8 -79.9 -183.7
20211110213456  -665.8 -80.1 -183.8
20211110213457  -665.9 -79.8 -183.9
20211110213458  -665.8 -79.8 -184.0
20211110213459  -665.6 -79.6 -184.0
20211110213500  -665.4 -80.1 -183.7
20211110213501  -664.6 -79.7 -183.5
20211110213502  -664.5 -80.0 -183.2
20211110213503  -664.5 -79.7 -182.7
20211110213504  -664.9 -79.9 -183.4
20211110213505  -664.9 -79.8 -183.4
20211110213506  -665.0 -79.8 -183.3
20211110213507  -664.9 -79.7 -183.2
20211110213508  -665.1 -79.6 -183.5
20211110213509  -665.0 -79.8 -183.8
20211110213510  -665.0 -79.7 -183.6
20211110213511  -665.2 -79.8 -183.6
20211110213512  -665.0 -79.8 -183.6
20211110213513  -665.0 -79.9 -183.7
20211110213514  -664.7 -79.9 -183.8
20211110213515  -664.5 -79.5 -183.5
20211110213516  -664.7 -79.4 -183.6
20211110213517  -664.7 -79.5 -183.7
20211110213518  -664.7 -79.4 -183.9
20211110213519  -664.4 -79.5 -183.6
20211110213520  -664.3 -79.4 -183.8
20211110213521  -664.6 -79.4 -183.9
20211110213522  -664.6 -79.0 -183.5
20211110213523  -664.6 -79.0 -183.6
20211110213524  -664.4 -79.2 -183.8
20211110213525  -664.5 -79.2 -183.6
20211110213526  -664.6 -79.2 -183.7
20211110213527  -664.4 -79.3 -183.6
20211110213528  -664.4 -79.4 -183.6
20211110213529  -664.3 -79.3 -183.9
20211110213530  -664.5 -79.2 -183.5
20211110213531  -664.1 -79.0 -182.8
20211110213532  -663.6 -78.6 -182.7
20211110213533  -663.5 -78.6 -182.7
20211110213534  -664.3 -78.7 -183.4
20211110213535  -664.5 -78.6 -183.1
20211110213536  -664.4 -78.6 -183.2
20211110213537  -664.4 -78.6 -183.2
20211110213538  -664.4 -78.7 -183.2
20211110213539  -664.6 -78.7 -183.4
20211110213540  -664.3 -78.7 -183.5
20211110213541  -664.3 -78.6 -183.4
20211110213542  -664.5 -78.6 -183.5
20211110213543  -664.3 -78.4 -183.1
20211110213544  -664.3 -78.6 -183.1
20211110213545  -664.4 -78.9 -183.0
20211110213546  -664.5 -78.8 -183.0
20211110213547  -664.0 -79.1 -182.9
20211110213548  -664.2 -78.8 -183.3
20211110213549  -664.4 -78.6 -182.9
20211110213550  -664.4 -78.6 -183.2
20211110213551  -664.3 -78.8 -183.2
20211110213552  -664.4 -78.7 -182.9
20211110213553  -664.3 -78.6 -182.9
20211110213554  -664.4 -78.5 -183.2
20211110213555  -664.4 -78.4 -183.0
20211110213556  -664.3 -78.3 -183.1
20211110213557  -664.6 -78.5 -182.9
20211110213558  -664.6 -78.5 -182.8
20211110213559  -664.4 -78.4 -182.9
20211110213600  -664.2 -78.5 -182.9
20211110213601  -663.8 -78.7 -182.8
20211110213602  -663.3 -78.3 -182.4
20211110213603  -663.4 -78.2 -182.1
20211110213604  -664.2 -78.1 -182.8
20211110213605  -664.2 -78.4 -183.2
20211110213606  -664.3 -78.1 -183.2
20211110213607  -664.5 -78.4 -183.2
20211110213608  -664.1 -78.3 -183.1
20211110213609  -664.2 -78.1 -183.1
20211110213610  -664.3 -78.3 -183.0
20211110213611  -664.3 -78.1 -182.7
20211110213612  -664.7 -78.0 -182.7
20211110213613  -664.2 -78.3 -182.4
20211110213614  -664.4 -78.1 -182.6
20211110213615  -664.1 -78.1 -182.7
20211110213616  -664.4 -78.2 -182.5
20211110213617  -664.2 -78.3 -182.3
20211110213618  -664.2 -78.0 -182.6
20211110213619  -664.4 -78.1 -183.1
20211110213620  -664.3 -77.7 -182.4
20211110213621  -664.6 -78.0 -182.6
20211110213622  -664.2 -78.0 -182.9
20211110213623  -664.3 -78.1 -182.7
20211110213624  -664.3 -78.0 -182.8
20211110213625  -664.2 -77.9 -182.5
20211110213626  -663.9 -78.1 -182.4
20211110213627  -664.1 -77.7 -182.5
20211110213628  -664.3 -77.6 -182.6
20211110213629  -664.5 -77.7 -182.5
20211110213630  -664.3 -77.9 -182.6
20211110213631  -664.0 -78.0 -182.3
20211110213632  -663.3 -77.6 -182.1
20211110213633  -663.4 -77.9 -181.6
20211110213634  -663.3 -78.0 -181.9
20211110213635  -664.0 -78.0 -182.6
20211110213636  -664.0 -78.0 -182.5
20211110213637  -663.9 -77.9 -182.5
20211110213638  -663.7 -77.8 -182.3
20211110213639  -663.5 -77.8 -182.4
20211110213640  -663.8 -77.9 -182.3
20211110213641  -664.0 -77.9 -182.5
20211110213642  -663.8 -78.2 -182.1
20211110213643  -663.8 -78.2 -182.1
20211110213644  -663.9 -77.7 -182.2
20211110213645  -664.2 -77.8 -182.4
20211110213646  -664.1 -77.9 -182.6
20211110213647  -664.1 -77.9 -182.7
20211110213648  -663.8 -78.0 -182.6
20211110213649  -664.1 -78.2 -182.7
20211110213650  -664.0 -78.1 -182.7
20211110213651  -663.9 -78.1 -182.6
20211110213652  -664.1 -78.1 -182.6
20211110213653  -664.1 -78.2 -182.7
20211110213654  -664.1 -78.0 -182.9
20211110213655  -664.0 -78.1 -182.7
20211110213656  -664.1 -77.8 -183.0
20211110213657  -663.9 -77.9 -182.7
20211110213658  -664.1 -78.2 -182.5
20211110213659  -664.1 -78.0 -182.6
20211110213700  -663.9 -78.3 -182.6
20211110213701  -663.9 -78.2 -182.6
20211110213702  -663.2 -77.9 -182.0
20211110213703  -662.7 -77.6 -181.8
20211110213704  -662.8 -77.7 -181.7
20211110213705  -663.5 -77.8 -182.2
20211110213706  -663.4 -78.0 -182.3
20211110213707  -663.7 -78.3 -182.0
20211110213708  -663.7 -78.2 -182.1
20211110213709  -663.9 -78.1 -182.1
20211110213710  -663.9 -78.1 -182.4
20211110213711  -663.6 -78.0 -182.2
20211110213712  -663.7 -78.3 -181.8
20211110213713  -663.7 -78.8 -182.2
20211110213714  -663.7 -78.5 -182.2
20211110213715  -663.7 -78.4 -182.1
20211110213716  -663.8 -78.6 -182.4
20211110213717  -663.9 -78.5 -182.6
20211110213718  -664.0 -78.7 -182.3
20211110213719  -663.7 -78.5 -182.3
20211110213720  -663.8 -78.6 -182.1
20211110213721  -663.8 -78.6 -182.4
20211110213722  -663.7 -78.7 -182.2
20211110213723  -663.7 -78.5 -181.9
20211110213724  -663.9 -78.5 -182.0
20211110213725  -663.5 -78.6 -181.8
20211110213726  -663.5 -78.5 -181.9
20211110213727  -663.7 -78.7 -182.0
20211110213728  -663.6 -78.7 -182.2
20211110213729  -663.7 -78.6 -182.4
20211110213730  -663.6 -78.6 -182.0
20211110213731  -663.2 -78.7 -182.5
20211110213732  -662.9 -78.8 -181.9
20211110213733  -662.7 -78.7 -181.4
20211110213734  -662.7 -78.5 -181.5
20211110213735  -662.6 -78.3 -181.9
20211110213736  -663.2 -78.3 -182.2
20211110213737  -663.2 -78.5 -181.9
20211110213738  -663.2 -78.3 -181.8
20211110213739  -663.2 -78.3 -182.0
20211110213740  -663.1 -78.0 -181.7
20211110213741  -663.2 -78.0 -181.7
20211110213742  -663.1 -78.2 -181.5
20211110213743  -663.2 -78.3 -181.7
20211110213744  -663.0 -78.2 -181.6
20211110213745  -663.1 -78.3 -181.6
20211110213746  -663.2 -78.1 -181.8
20211110213747  -663.1 -78.2 -182.0
20211110213748  -663.2 -78.1 -181.4
20211110213749  -663.3 -77.7 -181.4
20211110213750  -663.1 -77.8 -181.7
20211110213751  -663.1 -77.8 -181.4
20211110213752  -663.5 -77.8 -181.5
20211110213753  -663.3 -77.9 -181.4
20211110213754  -663.6 -77.8 -181.5
20211110213755  -663.6 -77.6 -181.6
20211110213756  -663.4 -77.6 -181.4
20211110213757  -663.5 -77.4 -181.5
20211110213758  -663.7 -77.5 -181.7
20211110213759  -663.7 -77.3 -181.8
20211110213800  -663.5 -77.4 -181.5
20211110213801  -663.2 -77.5 -181.5
20211110213802  -662.9 -77.5 -180.9
20211110213803  -663.1 -77.1 -180.4
20211110213804  -662.6 -76.8 -180.4
20211110213805  -662.5 -76.9 -180.2
20211110213806  -663.3 -76.9 -180.9
20211110213807  -663.7 -77.0 -181.0
20211110213808  -663.3 -77.2 -181.3
20211110213809  -663.4 -77.0 -181.1
20211110213810  -663.5 -77.3 -181.2
20211110213811  -663.6 -77.3 -181.4
20211110213812  -663.7 -77.2 -181.1
20211110213813  -663.5 -77.2 -181.1
20211110213814  -663.5 -77.4 -181.4
20211110213815  -663.7 -77.1 -181.3
20211110213816  -663.7 -77.1 -181.3
20211110213817  -663.7 -76.8 -181.3
20211110213818  -663.7 -76.8 -181.1
20211110213819  -663.5 -76.8 -181.2
20211110213820  -663.8 -77.1 -181.3
20211110213821  -663.7 -77.0 -181.4
20211110213822  -663.9 -77.0 -181.4
20211110213823  -663.6 -77.0 -181.1
20211110213824  -663.7 -77.3 -181.0
20211110213825  -663.8 -77.1 -181.0
20211110213826  -664.1 -77.3 -180.9
20211110213827  -664.3 -77.2 -181.0
20211110213828  -664.0 -76.9 -181.1
20211110213829  -663.9 -77.0 -181.2
20211110213830  -663.6 -77.1 -181.0
20211110213831  -663.4 -77.1 -181.1
20211110213832  -663.0 -76.7 -180.5
20211110213833  -662.8 -76.9 -180.4
20211110213834  -663.1 -76.8 -180.2
20211110213835  -663.2 -76.6 -180.1
20211110213836  -663.4 -76.8 -180.2
20211110213837  -664.0 -77.1 -180.5
20211110213838  -664.0 -76.9 -180.6
20211110213839  -664.2 -76.7 -180.5
20211110213840  -664.1 -76.8 -180.9
20211110213841  -664.1 -76.8 -180.7
20211110213842  -663.8 -76.7 -180.3
20211110213843  -663.8 -76.7 -180.6
20211110213844  -663.8 -77.1 -180.8
20211110213845  -664.1 -77.2 -180.8
20211110213846  -664.4 -77.1 -180.8
20211110213847  -664.3 -76.9 -180.6
20211110213848  -664.4 -76.8 -180.8
20211110213849  -664.4 -76.7 -180.8
20211110213850  -664.2 -76.7 -180.6
20211110213851  -664.4 -76.7 -180.5
20211110213852  -664.4 -76.6 -180.6
20211110213853  -664.4 -76.9 -180.6
20211110213854  -664.3 -76.6 -180.6
20211110213855  -664.6 -76.6 -180.5
20211110213856  -664.7 -76.9 -180.5
20211110213857  -664.6 -76.7 -180.8
20211110213858  -664.8 -76.7 -180.7
20211110213859  -664.5 -76.6 -180.8
20211110213900  -664.9 -76.8 -180.6
20211110213901  -664.8 -76.6 -180.9
20211110213902  -663.8 -77.0 -180.5
20211110213903  -663.6 -76.9 -180.1
20211110213904  -663.4 -76.5 -180.3
20211110213905  -663.4 -76.6 -179.8
20211110213906  -663.7 -76.8 -180.1
20211110213907  -664.3 -76.8 -180.6
20211110213908  -664.2 -76.9 -180.9
20211110213909  -664.2 -76.9 -180.9
20211110213910  -664.0 -76.9 -180.8
20211110213911  -663.8 -76.8 -180.8
20211110213912  -664.0 -76.8 -180.7
20211110213913  -663.6 -76.7 -180.7
20211110213914  -663.8 -76.6 -180.9
20211110213915  -663.9 -76.8 -180.7
20211110213916  -664.2 -76.8 -180.6
20211110213917  -664.0 -76.9 -180.6
20211110213918  -663.9 -76.6 -180.7
20211110213919  -664.0 -76.6 -180.7
20211110213920  -664.0 -76.8 -180.8
20211110213921  -663.9 -76.8 -180.8
20211110213922  -663.6 -76.9 -180.6
20211110213923  -663.5 -76.7 -180.6
20211110213924  -663.5 -76.7 -181.0
20211110213925  -663.6 -76.9 -180.9
20211110213926  -663.4 -76.6 -180.8
20211110213927  -663.4 -76.6 -180.7
20211110213928  -663.5 -76.8 -180.7
20211110213929  -663.4 -76.5 -181.2
20211110213930  -663.4 -76.8 -180.9
20211110213931  -663.4 -76.9 -180.8
20211110213932  -662.8 -76.9 -180.2
20211110213933  -663.0 -76.9 -180.3
20211110213934  -663.4 -76.9 -180.5
20211110213935  -663.6 -76.8 -180.7
20211110213936  -663.9 -76.8 -180.6
20211110213937  -663.8 -76.5 -180.7
20211110213938  -663.9 -76.5 -180.7
20211110213939  -663.9 -76.5 -181.0
20211110213940  -663.7 -76.4 -180.9
20211110213941  -664.0 -76.1 -180.9
20211110213942  -664.0 -76.3 -180.9
20211110213943  -663.8 -76.3 -180.9
20211110213944  -663.8 -76.3 -180.7
20211110213945  -663.8 -76.3 -180.6
20211110213946  -663.9 -76.5 -180.9
20211110213947  -663.8 -76.5 -180.8
20211110213948  -663.9 -76.5 -180.8
20211110213949  -664.1 -76.3 -180.9
20211110213950  -664.0 -76.5 -181.1
20211110213951  -663.8 -76.5 -180.7
20211110213952  -664.0 -76.5 -181.0
20211110213953  -663.9 -76.4 -181.1
20211110213954  -663.9 -76.2 -181.1
20211110213955  -664.1 -76.6 -181.0
20211110213956  -664.0 -76.3 -181.1
20211110213957  -664.1 -76.3 -181.5
20211110213958  -663.7 -76.2 -180.9
20211110213959  -663.2 -76.3 -180.3
20211110214000  -663.1 -76.3 -180.2
20211110214001  -662.9 -76.0 -179.8
20211110214002  -662.5 -75.8 -179.7
20211110214003  -663.2 -75.9 -180.3
20211110214004  -663.2 -75.8 -180.4
20211110214005  -663.4 -76.0 -180.6
20211110214006  -663.5 -76.2 -180.3
20211110214007  -663.6 -76.3 -180.4
20211110214008  -663.4 -76.1 -180.4
20211110214009  -663.4 -76.2 -180.5
20211110214010  -663.3 -76.2 -180.6
20211110214011  -663.4 -76.3 -180.7
20211110214012  -663.3 -76.4 -180.9
20211110214013  -663.4 -76.1 -181.1
20211110214014  -663.4 -76.5 -180.7
20211110214015  -663.6 -76.5 -180.5
20211110214016  -663.6 -76.3 -180.7
20211110214017  -663.3 -76.3 -180.7
20211110214018  -663.4 -76.4 -180.5
20211110214019  -663.7 -76.5 -180.9
20211110214020  -663.7 -76.0 -180.8
20211110214021  -663.7 -76.3 -180.6
20211110214022  -663.7 -76.3 -180.5
20211110214023  -663.6 -76.3 -180.7
20211110214024  -663.7 -76.2 -180.9
20211110214025  -663.8 -76.3 -180.8
20211110214026  -664.0 -76.6 -180.9
20211110214027  -663.6 -76.6 -180.9
20211110214028  -663.6 -76.2 -181.2
20211110214029  -663.2 -76.1 -180.8
20211110214030  -662.7 -76.1 -180.3
20211110214031  -662.9 -76.4 -180.3
20211110214032  -663.4 -76.0 -180.6
20211110214033  -663.9 -76.2 -181.0
20211110214034  -663.8 -76.2 -181.3
20211110214035  -663.9 -76.3 -181.1
20211110214036  -663.9 -76.3 -181.0
20211110214037  -663.7 -76.4 -181.2
20211110214038  -663.7 -76.5 -181.0
20211110214039  -663.6 -76.3 -181.0
20211110214040  -663.9 -76.3 -180.8
20211110214041  -663.9 -76.5 -180.8
20211110214042  -663.5 -76.2 -180.8
20211110214043  -663.7 -76.5 -180.7
20211110214044  -663.8 -76.4 -180.9
20211110214045  -664.0 -76.6 -180.9
20211110214046  -663.9 -76.3 -181.0
20211110214047  -664.1 -76.3 -181.1
20211110214048  -664.0 -76.6 -181.5
20211110214049  -663.8 -76.6 -181.3
20211110214050  -663.9 -76.4 -181.4
20211110214051  -663.9 -76.5 -181.4
20211110214052  -663.7 -76.4 -181.3
20211110214053  -663.9 -76.7 -181.4
20211110214054  -664.0 -76.8 -181.6
20211110214055  -663.7 -76.5 -181.5
20211110214056  -663.9 -76.6 -181.6
20211110214057  -664.1 -76.9 -181.6
20211110214058  -664.0 -76.7 -181.5
20211110214059  -663.5 -77.0 -181.6
20211110214100  -663.2 -76.8 -180.6
20211110214101  -663.2 -76.3 -180.8
20211110214102  -663.6 -76.4 -181.2
20211110214103  -663.8 -76.5 -180.9
20211110214104  -663.9 -76.6 -181.1
20211110214105  -664.1 -76.5 -181.1
20211110214106  -664.2 -76.8 -181.4
20211110214107  -664.0 -76.7 -181.4
20211110214108  -664.2 -76.7 -181.6
20211110214109  -663.9 -76.5 -181.2
20211110214110  -664.0 -76.4 -181.3
20211110214111  -664.2 -76.7 -181.2
20211110214112  -664.1 -76.7 -181.3
20211110214113  -663.8 -76.5 -181.3
20211110214114  -664.1 -76.4 -181.2
20211110214115  -664.1 -76.4 -181.4
20211110214116  -663.7 -76.5 -181.5
20211110214117  -664.0 -76.7 -181.5
20211110214118  -664.0 -76.8 -181.6
20211110214119  -664.1 -76.9 -181.5
20211110214120  -664.0 -76.7 -181.9
20211110214121  -664.1 -77.1 -181.7
20211110214122  -664.1 -77.0 -181.6
20211110214123  -664.2 -77.1 -181.5
20211110214124  -664.3 -77.0 -181.7
20211110214125  -664.2 -76.8 -181.8
20211110214126  -663.9 -76.9 -181.6
20211110214127  -664.3 -76.9 -181.6
20211110214128  -664.4 -76.8 -181.6
20211110214129  -664.0 -77.0 -181.7
20211110214130  -663.4 -76.6 -181.0
20211110214131  -663.7 -76.8 -181.3
20211110214132  -664.3 -76.8 -181.8
20211110214133  -664.3 -77.1 -182.1
20211110214134  -664.1 -77.0 -181.9
20211110214135  -664.3 -76.6 -182.0
20211110214136  -664.7 -77.1 -182.0
20211110214137  -664.5 -77.2 -181.7
20211110214138  -664.6 -77.2 -182.1
20211110214139  -664.5 -77.3 -181.8
20211110214140  -664.4 -77.0 -181.8
20211110214141  -664.4 -77.1 -182.2
20211110214142  -664.3 -77.1 -182.0
20211110214143  -664.7 -77.1 -182.0
20211110214144  -664.4 -77.0 -181.8
20211110214145  -664.6 -77.1 -182.0
20211110214146  -664.6 -77.2 -182.1
20211110214147  -664.6 -77.3 -182.3
20211110214148  -664.4 -77.1 -182.5
20211110214149  -664.8 -77.2 -182.4
20211110214150  -664.7 -77.0 -182.1
20211110214151  -664.6 -77.1 -182.2
20211110214152  -664.8 -76.9 -182.5
20211110214153  -664.8 -77.0 -182.4
20211110214154  -664.5 -77.0 -182.2
20211110214155  -664.8 -76.6 -182.1
20211110214156  -664.9 -76.9 -182.3
20211110214157  -665.1 -76.9 -182.3
20211110214158  -664.8 -77.0 -182.6
20211110214159  -664.5 -77.0 -182.4
20211110214200  -664.1 -76.9 -181.7
20211110214201  -664.2 -76.7 -181.7
20211110214202  -664.3 -76.9 -182.2
20211110214203  -664.5 -77.1 -182.5
20211110214204  -664.5 -76.9 -182.7
20211110214205  -664.6 -77.0 -182.7
20211110214206  -664.8 -76.9 -182.6
20211110214207  -664.4 -77.0 -182.2
20211110214208  -664.8 -76.9 -182.4
20211110214209  -664.6 -77.2 -182.1
20211110214210  -664.6 -77.0 -182.4
20211110214211  -664.7 -77.0 -182.2
20211110214212  -664.5 -76.9 -182.4
20211110214213  -664.6 -76.7 -182.7
20211110214214  -664.5 -76.6 -182.6
20211110214215  -664.4 -76.8 -182.7
20211110214216  -664.6 -77.0 -182.5
20211110214217  -664.7 -76.7 -182.5
20211110214218  -664.7 -76.9 -182.7
20211110214219  -664.5 -76.9 -182.5
20211110214220  -664.6 -76.9 -182.6
20211110214221  -664.7 -77.0 -182.8
