  -668.8 -71.6 -184.3
20211118192847  -668.6 -71.7 -184.5
20211118192848  -668.7 -71.8 -184.7
20211118192849  -668.5 -71.8 -184.7
20211118192850  -668.6 -71.7 -184.9
20211118192851  -668.0 -71.5 -185.0
20211118192852  -667.9 -71.7 -184.7
20211118192853  -667.1 -71.4 -184.1
20211118192854  -666.8 -71.2 -184.3
20211118192855  -667.1 -71.2 -184.3
20211118192856  -667.7 -71.7 -184.8
20211118192857  -667.7 -71.6 -184.8
20211118192858  -667.8 -71.5 -184.9
20211118192859  -667.9 -71.4 -184.8
20211118192900  -667.8 -71.5 -184.9
20211118192901  -668.0 -71.5 -184.7
20211118192902  -667.8 -71.4 -184.6
20211118192903  -667.7 -71.7 -184.7
20211118192904  -667.7 -71.5 -184.5
20211118192905  -667.7 -71.5 -184.8
20211118192906  -667.8 -71.5 -184.9
20211118192907  -667.6 -70.9 -184.6
20211118192908  -667.6 -71.1 -184.6
20211118192909  -667.7 -71.3 -185.0
20211118192910  -667.7 -71.3 -184.9
20211118192911  -667.6 -71.2 -185.0
20211118192912  -667.8 -71.2 -184.6
20211118192913  -668.2 -71.4 -184.9
20211118192914  -667.9 -71.5 -185.0
20211118192915  -667.4 -71.5 -185.1
20211118192916  -667.9 -71.7 -185.1
20211118192917  -668.0 -71.7 -185.1
20211118192918  -667.4 -71.9 -185.0
20211118192919  -667.1 -72.2 -184.7
20211118192920  -667.0 -72.1 -184.2
20211118192921  -666.8 -72.1 -184.1
20211118192922  -667.5 -72.5 -184.7
20211118192923  -667.7 -72.3 -185.0
20211118192924  -667.6 -72.2 -184.9
20211118192925  -667.7 -72.3 -185.0
20211118192926  -667.7 -72.4 -185.2
20211118192927  -668.0 -72.6 -185.2
20211118192928  -667.8 -72.7 -185.1
20211118192929  -667.9 -72.6 -184.8
20211118192930  -668.0 -72.5 -185.0
20211118192931  -667.9 -72.8 -185.1
20211118192932  -668.2 -72.8 -185.1
20211118192933  -668.1 -72.8 -184.9
20211118192934  -668.3 -72.8 -185.1
20211118192935  -667.7 -73.0 -185.3
20211118192936  -667.9 -73.0 -185.3
20211118192937  -668.2 -72.8 -185.2
20211118192938  -668.4 -72.7 -185.1
20211118192939  -668.2 -72.5 -185.0
20211118192940  -668.5 -73.0 -185.2
20211118192941  -668.3 -73.0 -185.2
20211118192942  -668.3 -73.2 -185.1
20211118192943  -668.3 -73.1 -185.0
20211118192944  -668.7 -73.0 -184.9
20211118192945  -668.0 -72.9 -184.4
20211118192946  -667.3 -72.6 -184.3
20211118192947  -667.5 -72.6 -184.4
20211118192948  -668.2 -72.9 -184.9
20211118192949  -668.3 -73.0 -184.6
20211118192950  -668.6 -72.7 -185.0
20211118192951  -668.7 -72.7 -184.8
20211118192952  -668.7 -72.9 -184.9
20211118192953  -668.9 -72.9 -185.2
20211118192954  -669.1 -73.0 -185.0
20211118192955  -669.1 -73.0 -184.8
20211118192956  -668.9 -72.9 -184.8
20211118192957  -668.8 -72.9 -184.6
20211118192958  -668.9 -72.9 -184.7
20211118192959  -668.9 -72.8 -184.8
20211118193000  -669.0 -72.8 -184.5
20211118193001  -669.0 -72.5 -184.9
20211118193002  -669.0 -72.7 -184.7
20211118193003  -669.1 -72.5 -184.8
20211118193004  -669.1 -72.6 -184.7
20211118193005  -669.0 -72.8 -184.8
20211118193006  -669.0 -72.4 -184.5
20211118193007  -668.8 -72.7 -184.5
20211118193008  -668.9 -72.6 -184.6
20211118193009  -669.1 -72.6 -184.5
20211118193010  -668.7 -72.6 -184.6
20211118193011  -668.2 -72.3 -184.4
20211118193012  -668.3 -72.4 -183.8
20211118193013  -668.3 -72.2 -183.6
20211118193014  -668.7 -72.2 -184.2
20211118193015  -668.9 -72.0 -184.4
20211118193016  -668.8 -72.2 -184.4
20211118193017  -668.9 -72.2 -184.3
20211118193018  -669.0 -72.3 -184.3
20211118193019  -668.7 -72.1 -184.2
20211118193020  -668.5 -72.0 -184.1
20211118193021  -668.6 -72.0 -184.0
20211118193022  -668.6 -72.0 -184.3
20211118193023  -668.6 -72.1 -184.3
20211118193024  -668.9 -71.8 -184.7
20211118193025  -668.6 -71.6 -184.2
20211118193026  -668.6 -72.0 -184.4
20211118193027  -668.8 -72.0 -184.6
20211118193028  -669.0 -72.1 -184.7
20211118193029  -668.8 -71.9 -184.8
20211118193030  -668.7 -72.1 -184.7
20211118193031  -668.6 -71.9 -184.5
20211118193032  -668.7 -72.0 -184.3
20211118193033  -668.7 -71.8 -184.5
20211118193034  -668.9 -71.8 -184.6
20211118193035  -668.7 -71.7 -184.6
20211118193036  -668.7 -71.7 -184.3
20211118193037  -668.1 -71.6 -184.1
20211118193038  -667.9 -71.2 -183.6
20211118193039  -668.0 -71.2 -183.9
20211118193040  -668.4 -71.2 -184.4
20211118193041  -668.6 -71.2 -184.5
20211118193042  -668.4 -71.1 -184.5
20211118193043  -668.6 -71.2 -184.5
20211118193044  -668.5 -71.3 -184.3
20211118193045  -668.3 -71.2 -184.1
20211118193046  -668.7 -71.1 -184.2
20211118193047  -668.7 -70.7 -184.1
20211118193048  -668.8 -70.7 -184.4
20211118193049  -668.6 -70.8 -184.4
20211118193050  -668.6 -70.9 -184.7
20211118193051  -668.4 -70.9 -184.5
20211118193052  -668.4 -70.9 -184.6
20211118193053  -668.7 -70.8 -184.5
20211118193054  -668.6 -70.8 -184.2
20211118193055  -668.6 -71.0 -184.5
20211118193056  -668.4 -70.8 -184.4
20211118193057  -668.3 -70.9 -184.6
20211118193058  -668.2 -71.1 -184.6
20211118193059  -668.1 -71.0 -185.0
20211118193100  -667.9 -70.9 -184.8
20211118193101  -668.3 -70.9 -184.9
20211118193102  -668.2 -70.6 -184.8
20211118193103  -667.7 -70.7 -184.3
20211118193104  -667.0 -70.4 -184.0
20211118193105  -666.9 -70.4 -184.1
20211118193106  -667.4 -70.7 -184.9
20211118193107  -667.6 -70.6 -184.6
20211118193108  -667.7 -70.7 -184.8
20211118193109  -667.7 -70.9 -184.7
20211118193110  -668.1 -70.7 -184.3
20211118193111  -667.8 -70.7 -184.6
20211118193112  -667.8 -70.9 -184.6
20211118193113  -667.6 -71.0 -184.5
20211118193114  -667.5 -70.9 -184.6
20211118193115  -667.7 -71.3 -184.6
20211118193116  -667.7 -71.3 -184.5
20211118193117  -667.7 -71.2 -184.8
20211118193118  -667.6 -71.1 -184.7
20211118193119  -667.8 -71.1 -184.6
20211118193120  -667.6 -71.2 -184.4
20211118193121  -667.3 -71.3 -184.7
20211118193122  -667.4 -71.1 -184.9
20211118193123  -667.6 -71.2 -185.0
20211118193124  -667.5 -71.0 -185.0
20211118193125  -667.6 -71.2 -184.8
20211118193126  -667.9 -70.9 -184.6
20211118193127  -667.9 -71.3 -184.8
20211118193128  -667.7 -71.2 -184.6
20211118193129  -667.7 -71.4 -184.6
20211118193130  -667.0 -71.0 -184.2
20211118193131  -667.5 -70.7 -184.6
20211118193132  -667.5 -70.6 -185.0
20211118193133  -667.6 -70.8 -184.9
20211118193134  -667.5 -71.1 -185.0
20211118193135  -667.6 -71.4 -184.8
20211118193136  -667.7 -71.5 -185.1
20211118193137  -667.2 -71.4 -184.9
20211118193138  -667.3 -71.3 -184.9
20211118193139  -667.3 -71.0 -185.2
20211118193140  -667.1 -71.0 -185.3
20211118193141  -667.3 -71.1 -185.2
20211118193142  -667.5 -71.2 -185.2
20211118193143  -667.4 -71.1 -185.0
20211118193144  -667.5 -71.1 -185.2
20211118193145  -667.4 -70.9 -184.8
20211118193146  -667.7 -70.9 -184.6
20211118193147  -667.2 -71.0 -185.1
20211118193148  -667.4 -71.1 -185.1
20211118193149  -667.4 -71.0 -185.2
20211118193150  -667.3 -71.0 -185.1
20211118193151  -667.2 -71.0 -185.0
20211118193152  -667.2 -70.9 -185.0
20211118193153  -666.9 -70.9 -185.2
20211118193154  -666.9 -70.6 -185.2
20211118193155  -666.8 -70.8 -185.1
20211118193156  -666.0 -70.5 -184.7
20211118193157  -666.1 -70.8 -184.4
20211118193158  -665.9 -70.7 -184.2
20211118193159  -665.7 -70.7 -184.0
20211118193200  -666.4 -70.6 -184.2
20211118193201  -666.5 -70.5 -184.7
20211118193202  -666.5 -70.6 -184.8
20211118193203  -666.5 -70.7 -185.1
20211118193204  -666.3 -70.7 -184.8
20211118193205  -666.4 -70.8 -185.0
20211118193206  -666.6 -70.9 -184.6
20211118193207  -666.5 -70.8 -184.6
20211118193208  -666.5 -70.8 -184.7
20211118193209  -666.5 -70.7 -184.6
20211118193210  -666.5 -70.7 -184.5
20211118193211  -666.3 -70.8 -184.4
20211118193212  -666.1 -70.7 -184.5
20211118193213  -666.1 -70.8 -184.5
20211118193214  -666.3 -70.9 -184.6
20211118193215  -666.3 -70.8 -184.4
20211118193216  -666.1 -70.9 -184.9
20211118193217  -666.3 -70.9 -184.7
20211118193218  -666.2 -71.1 -184.3
20211118193219  -666.3 -71.1 -184.6
20211118193220  -666.3 -71.2 -184.6
20211118193221  -666.2 -71.1 -184.2
20211118193222  -666.4 -71.1 -184.7
20211118193223  -666.1 -71.1 -184.6
20211118193224  -665.9 -71.0 -184.4
20211118193225  -666.2 -71.2 -184.8
20211118193226  -665.9 -71.5 -184.7
20211118193227  -665.3 -71.1 -183.9
20211118193228  -664.9 -70.8 -183.9
20211118193229  -664.8 -70.8 -183.9
20211118193230  -665.6 -70.8 -184.7
20211118193231  -665.6 -71.0 -184.7
20211118193232  -665.8 -71.2 -184.6
20211118193233  -665.7 -71.2 -184.9
20211118193234  -665.7 -71.1 -184.8
20211118193235  -665.5 -71.0 -184.9
20211118193236  -665.8 -70.9 -184.8
20211118193237  -665.7 -71.0 -184.7
20211118193238  -665.6 -71.1 -184.7
20211118193239  -665.7 -70.7 -185.1
20211118193240  -665.2 -71.1 -184.9
20211118193241  -665.5 -70.8 -185.3
20211118193242  -665.4 -71.0 -185.1
20211118193243  -665.4 -71.0 -185.1
20211118193244  -665.4 -71.0 -185.0
20211118193245  -665.6 -71.2 -184.8
20211118193246  -665.6 -71.1 -184.8
20211118193247  -665.7 -71.0 -185.0
20211118193248  -665.6 -70.9 -185.2
20211118193249  -665.4 -71.3 -184.9
20211118193250  -665.8 -71.4 -185.1
20211118193251  -665.7 -71.3 -184.8
20211118193252  -665.7 -71.0 -184.6
20211118193253  -665.5 -71.2 -184.7
20211118193254  -665.4 -71.0 -184.8
20211118193255  -665.4 -71.1 -184.6
20211118193256  -665.2 -71.1 -185.0
20211118193257  -664.4 -71.2 -184.5
20211118193258  -664.3 -71.1 -184.2
20211118193259  -663.9 -70.9 -184.2
20211118193300  -664.5 -70.8 -184.5
20211118193301  -664.7 -70.8 -184.8
20211118193302  -664.5 -70.7 -184.7
20211118193303  -664.7 -70.8 -184.8
20211118193304  -664.9 -70.8 -185.0
20211118193305  -664.9 -70.9 -184.9
20211118193306  -665.0 -71.0 -185.0
20211118193307  -665.0 -71.1 -185.0
20211118193308  -664.8 -71.6 -184.6
20211118193309  -664.7 -71.3 -185.0
20211118193310  -665.1 -71.5 -185.0
20211118193311  -665.0 -71.3 -185.3
20211118193312  -665.2 -71.3 -185.2
20211118193313  -665.0 -71.5 -185.3
20211118193314  -665.0 -71.3 -185.6
20211118193315  -665.1 -71.3 -185.4
20211118193316  -665.0 -71.4 -185.4
20211118193317  -665.1 -71.6 -185.1
20211118193318  -665.2 -71.5 -185.3
20211118193319  -665.1 -71.5 -185.3
20211118193320  -665.1 -71.6 -185.7
20211118193321  -665.5 -71.6 -185.4
20211118193322  -665.1 -71.8 -185.3
20211118193323  -665.0 -71.7 -185.6
20211118193324  -664.8 -71.9 -185.8
20211118193325  -665.2 -72.1 -185.6
20211118193326  -665.1 -72.0 -185.4
20211118193327  -664.7 -72.5 -185.4
20211118193328  -664.4 -72.2 -185.1
20211118193329  -664.5 -72.1 -184.8
20211118193330  -665.2 -71.7 -185.6
20211118193331  -665.4 -72.2 -185.5
20211118193332  -665.6 -72.1 -185.7
20211118193333  -665.5 -72.2 -185.7
20211118193334  -665.3 -72.2 -186.1
20211118193335  -665.6 -72.3 -185.6
20211118193336  -665.4 -72.3 -185.8
20211118193337  -665.7 -72.6 -185.7
20211118193338  -665.8 -72.5 -185.5
20211118193339  -666.0 -72.5 -185.3
20211118193340  -666.0 -72.6 -185.4
20211118193341  -666.2 -72.8 -185.6
20211118193342  -666.1 -72.9 -185.8
20211118193343  -666.2 -72.8 -185.8
20211118193344  -666.1 -72.6 -185.6
20211118193345  -666.1 -72.6 -185.8
20211118193346  -666.0 -73.1 -185.7
20211118193347  -666.0 -72.9 -185.6
20211118193348  -666.1 -72.8 -185.7
20211118193349  -666.1 -72.9 -185.7
20211118193350  -666.3 -72.6 -185.4
20211118193351  -666.6 -72.7 -185.8
20211118193352  -666.7 -72.8 -185.6
20211118193353  -666.8 -72.9 -185.9
20211118193354  -666.8 -72.9 -185.8
20211118193355  -666.4 -73.0 -185.9
20211118193356  -666.7 -72.9 -186.1
20211118193357  -666.1 -73.0 -185.7
20211118193358  -665.6 -72.6 -185.0
20211118193359  -665.6 -72.5 -185.0
20211118193400  -665.8 -72.6 -185.0
20211118193401  -666.5 -72.6 -185.5
20211118193402  -666.8 -72.9 -185.6
20211118193403  -666.8 -72.6 -185.8
20211118193404  -666.8 -72.6 -185.7
20211118193405  -667.0 -72.7 -185.7
20211118193406  -667.2 -72.6 -185.6
20211118193407  -667.1 -72.7 -185.7
20211118193408  -667.1 -72.9 -185.7
20211118193409  -667.3 -73.1 -185.7
20211118193410  -667.1 -73.2 -185.9
20211118193411  -667.4 -73.2 -185.7
20211118193412  -667.0 -72.9 -185.8
20211118193413  -667.1 -72.8 -185.9
20211118193414  -666.8 -72.8 -185.8
20211118193415  -667.0 -72.9 -185.9
20211118193416  -667.2 -72.8 -185.9
20211118193417  -667.4 -72.7 -186.0
20211118193418  -667.2 -72.7 -185.7
20211118193419  -667.4 -72.6 -185.5
20211118193420  -667.4 -72.4 -185.7
20211118193421  -667.2 -72.5 -186.0
20211118193422  -667.2 -72.6 -185.6
20211118193423  -667.5 -72.2 -186.0
20211118193424  -667.3 -72.5 -185.8
20211118193425  -667.5 -72.4 -185.6
20211118193426  -667.3 -72.4 -186.1
20211118193427  -667.1 -72.3 -185.9
20211118193428  -666.8 -72.4 -185.4
20211118193429  -666.5 -72.1 -184.9
20211118193430  -666.3 -72.0 -184.7
20211118193431  -666.9 -72.0 -185.2
20211118193432  -667.2 -72.1 -185.9
20211118193433  -667.0 -72.0 -185.7
20211118193434  -667.2 -71.8 -185.6
20211118193435  -667.1 -71.8 -185.7
20211118193436  -666.9 -71.4 -185.6
20211118193437  -666.9 -71.5 -185.8
20211118193438  -666.5 -71.6 -185.5
20211118193439  -666.6 -71.6 -185.6
20211118193440  -666.9 -71.5 -185.6
20211118193441  -666.9 -71.6 -185.8
20211118193442  -666.9 -71.3 -185.8
20211118193443  -666.9 -71.2 -185.5
20211118193444  -666.7 -71.4 -185.7
20211118193445  -666.5 -71.1 -186.0
20211118193446  -666.6 -71.1 -185.9
20211118193447  -666.4 -71.1 -185.8
20211118193448  -666.7 -70.8 -185.7
20211118193449  -666.6 -71.1 -185.8
20211118193450  -666.7 -71.2 -185.6
20211118193451  -666.4 -70.9 -185.7
20211118193452  -666.4 -71.1 -185.4
20211118193453  -666.4 -71.0 -185.7
20211118193454  -666.2 -71.1 -185.9
20211118193455  -666.3 -70.9 -186.0
20211118193456  -666.4 -71.1 -185.7
20211118193457  -665.9 -71.0 -185.7
20211118193458  -665.5 -71.0 -185.6
20211118193459  -665.1 -70.8 -185.1
20211118193500  -664.9 -70.9 -185.3
20211118193501  -665.2 -70.9 -185.3
20211118193502  -665.8 -71.0 -186.1
20211118193503  -665.8 -71.2 -186.0
20211118193504  -665.4 -71.1 -185.8
20211118193505  -665.7 -70.9 -186.2
20211118193506  -666.1 -71.0 -186.2
20211118193507  -665.8 -71.0 -186.0
20211118193508  -666.0 -71.2 -186.2
20211118193509  -665.7 -70.9 -186.0
20211118193510  -665.8 -71.1 -186.0
20211118193511  -665.9 -71.1 -186.1
20211118193512  -665.8 -71.3 -186.2
20211118193513  -665.6 -71.2 -186.1
20211118193514  -665.6 -71.0 -186.4
20211118193515  -665.7 -70.9 -186.3
20211118193516  -665.6 -71.0 -186.0
20211118193517  -666.0 -71.2 -185.9
20211118193518  -665.6 -71.4 -186.3
20211118193519  -665.9 -71.5 -186.4
20211118193520  -665.5 -71.5 -186.3
20211118193521  -665.5 -71.5 -186.4
20211118193522  -665.7 -71.7 -186.4
20211118193523  -665.8 -71.8 -186.5
20211118193524  -665.8 -71.8 -186.4
20211118193525  -665.8 -72.0 -186.4
20211118193526  -665.6 -71.8 -186.4
20211118193527  -665.9 -71.8 -186.4
20211118193528  -665.1 -72.1 -186.0
20211118193529  -664.9 -71.9 -185.8
20211118193530  -664.8 -71.9 -185.4
20211118193531  -664.6 -72.0 -185.3
20211118193532  -665.1 -72.2 -185.7
20211118193533  -665.2 -72.0 -186.2
20211118193534  -665.5 -72.2 -186.2
20211118193535  -665.3 -72.0 -186.4
20211118193536  -665.1 -72.0 -186.4
20211118193537  -665.4 -72.1 -186.4
20211118193538  -665.6 -71.9 -186.6
20211118193539  -665.5 -72.2 -186.7
20211118193540  -665.5 -72.3 -186.5
20211118193541  -665.7 -72.2 -186.4
20211118193542  -665.7 -72.2 -186.6
20211118193543  -665.8 -72.0 -186.7
20211118193544  -665.7 -72.2 -186.8
20211118193545  -665.8 -72.2 -186.8
20211118193546  -665.8 -72.5 -186.8
20211118193547  -665.8 -72.4 -186.8
20211118193548  -665.7 -72.3 -186.4
20211118193549  -665.9 -72.1 -186.6
20211118193550  -665.7 -72.0 -186.4
20211118193551  -665.8 -72.1 -186.4
20211118193552  -665.9 -72.2 -186.4
20211118193553  -666.0 -72.3 -186.5
20211118193554  -665.9 -72.4 -186.4
20211118193555  -665.9 -72.3 -186.5
20211118193556  -666.0 -72.0 -186.5
20211118193557  -666.1 -72.3 -186.5
20211118193558  -665.3 -72.0 -186.4
20211118193559  -664.9 -72.1 -185.9
20211118193600  -664.8 -71.6 -185.9
20211118193601  -664.9 -71.9 -185.8
20211118193602  -664.7 -71.8 -185.3
20211118193603  -665.8 -72.0 -186.4
20211118193604  -665.7 -72.1 -186.4
20211118193605  -665.5 -72.2 -186.6
20211118193606  -665.5 -72.0 -186.5
20211118193607  -665.6 -71.9 -186.5
20211118193608  -665.4 -72.0 -186.6
20211118193609  -665.3 -72.1 -186.4
20211118193610  -665.3 -72.2 -186.5
20211118193611  -665.2 -72.7 -186.6
20211118193612  -665.2 -72.7 -186.7
20211118193613  -665.5 -72.7 -186.5
20211118193614  -665.4 -72.6 -186.5
20211118193615  -665.4 -72.8 -186.8
20211118193616  -665.2 -72.7 -186.6
20211118193617  -665.5 -72.6 -186.8
20211118193618  -665.6 -72.4 -186.5
20211118193619  -665.5 -72.9 -186.8
20211118193620  -665.4 -73.1 -186.6
20211118193621  -665.4 -72.9 -186.6
20211118193622  -664.9 -72.7 -186.7
20211118193623  -665.4 -73.0 -186.6
20211118193624  -665.6 -73.0 -186.7
20211118193625  -665.4 -73.0 -186.8
20211118193626  -665.4 -72.9 -186.9
20211118193627  -665.5 -72.9 -186.9
20211118193628  -665.3 -73.2 -186.7
20211118193629  -664.9 -72.9 -186.1
20211118193630  -664.5 -72.9 -185.7
20211118193631  -664.1 -72.9 -185.7
20211118193632  -664.0 -72.9 -185.5
20211118193633  -664.9 -72.8 -186.1
20211118193634  -665.3 -72.9 -186.2
20211118193635  -665.1 -73.1 -186.3
20211118193636  -665.1 -72.8 -186.3
20211118193637  -665.2 -72.9 -186.3
20211118193638  -665.4 -72.6 -186.3
20211118193639  -665.2 -73.0 -186.3
20211118193640  -665.6 -72.9 -186.5
20211118193641  -665.6 -72.9 -186.5
20211118193642  -665.7 -72.6 -186.5
20211118193643  -665.5 -72.8 -186.4
20211118193644  -665.4 -72.8 -186.7
20211118193645  -665.5 -72.8 -186.6
20211118193646  -665.5 -72.7 -186.4
20211118193647  -665.6 -72.8 -186.5
20211118193648  -665.7 -72.8 -186.7
20211118193649  -665.5 -72.6 -186.6
20211118193650  -665.6 -72.7 -186.8
20211118193651  -665.7 -72.7 -186.5
20211118193652  -665.7 -72.9 -186.5
20211118193653  -665.6 -73.2 -186.8
20211118193654  -665.5 -72.9 -186.4
20211118193655  -665.5 -72.9 -186.7
20211118193656  -665.5 -72.6 -186.7
20211118193657  -665.7 -72.7 -186.5
20211118193658  -665.7 -72.5 -186.7
20211118193659  -665.1 -72.8 -186.7
20211118193700  -664.5 -72.5 -186.2
20211118193701  -664.5 -72.5 -186.1
20211118193702  -664.5 -72.7 -185.7
20211118193703  -665.0 -72.3 -186.1
20211118193704  -665.0 -72.4 -186.6
20211118193705  -665.1 -72.4 -186.5
20211118193706  -665.0 -72.7 -186.2
20211118193707  -664.9 -72.6 -186.5
20211118193708  -665.0 -72.5 -186.3
20211118193709  -665.2 -72.6 -186.8
20211118193710  -665.2 -72.6 -186.6
20211118193711  -665.1 -72.7 -186.7
20211118193712  -665.0 -72.5 -186.8
20211118193713  -665.2 -72.5 -186.7
20211118193714  -664.9 -72.5 -186.8
20211118193715  -665.0 -72.5 -186.8
20211118193716  -665.3 -72.6 -187.1
20211118193717  -665.3 -72.3 -187.3
20211118193718  -665.2 -72.7 -187.0
20211118193719  -665.2 -72.6 -186.8
20211118193720  -665.1 -72.4 -186.9
20211118193721  -664.9 -72.5 -186.7
20211118193722  -665.0 -72.4 -186.9
20211118193723  -664.8 -72.6 -187.1
20211118193724  -664.9 -72.8 -187.1
20211118193725  -664.7 -72.8 -186.9
20211118193726  -664.9 -72.5 -187.0
20211118193727  -664.8 -72.7 -187.2
20211118193728  -664.8 -72.5 -186.9
20211118193729  -664.3 -72.7 -186.9
20211118193730  -664.2 -72.9 -186.6
20211118193731  -663.3 -72.5 -186.3
20211118193732  -663.4 -72.8 -186.2
20211118193733  -663.9 -72.6 -187.0
20211118193734  -664.1 -72.5 -186.9
20211118193735  -664.3 -72.6 -187.0
20211118193736  -664.3 -72.5 -186.9
20211118193737  -664.2 -72.6 -187.0
20211118193738  -664.2 -72.6 -186.8
20211118193739  -663.8 -72.5 -187.1
20211118193740  -664.3 -72.6 -187.0
20211118193741  -663.9 -72.5 -187.3
20211118193742  -663.9 -72.5 -187.1
20211118193743  -663.9 -72.6 -187.3
20211118193744  -663.9 -72.9 -187.3
20211118193745  -663.9 -72.7 -187.4
20211118193746  -663.9 -72.9 -187.4
20211118193747  -663.8 -73.1 -187.3
20211118193748  -663.7 -72.9 -187.5
20211118193749  -663.8 -72.8 -187.4
20211118193750  -663.8 -72.9 -187.3
20211118193751  -663.8 -72.9 -187.5
20211118193752  -663.8 -73.1 -187.5
20211118193753  -663.7 -73.2 -187.6
20211118193754  -663.7 -73.3 -187.3
20211118193755  -663.6 -73.3 -187.7
20211118193756  -663.6 -73.3 -187.9
20211118193757  -663.8 -73.2 -187.9
20211118193758  -663.7 -73.5 -187.8
20211118193759  -663.7 -73.3 -187.7
20211118193800  -663.1 -73.4 -187.3
20211118193801  -662.6 -73.3 -186.8
20211118193802  -662.4 -73.3 -186.9
20211118193803  -663.2 -73.4 -187.5
20211118193804  -662.9 -73.7 -187.3
20211118193805  -663.3 -73.8 -187.5
20211118193806  -663.2 -73.7 -187.5
20211118193807  -663.4 -73.8 -187.5
20211118193808  -663.2 -73.8 -187.9
20211118193809  -663.1 -73.7 -187.8
20211118193810  -663.2 -73.8 -187.5
20211118193811  -663.4 -73.7 -187.8
20211118193812  -663.4 -73.8 -187.6
20211118193813  -663.7 -73.7 -187.6
20211118193814  -663.5 -73.9 -187.9
20211118193815  -663.6 -73.8 -187.9
20211118193816  -663.8 -73.9 -187.9
20211118193817  -663.9 -74.2 -187.6
20211118193818  -663.7 -74.2 -187.7
20211118193819  -663.7 -74.0 -187.5
20211118193820  -663.5 -73.8 -187.6
20211118193821  -663.7 -73.8 -187.7
20211118193822  -663.6 -74.0 -187.9
20211118193823  -663.6 -73.8 -187.8
20211118193824  -663.8 -73.9 -188.0
20211118193825  -663.8 -74.0 -188.0
20211118193826  -663.9 -74.1 -187.7
20211118193827  -663.6 -74.3 -187.8
20211118193828  -663.8 -74.3 -188.0
20211118193829  -664.0 -74.3 -187.9
20211118193830  -663.8 -74.3 -187.9
20211118193831  -663.4 -74.1 -187.7
20211118193832  -663.3 -74.1 -187.3
20211118193833  -663.4 -74.1 -187.4
20211118193834  -663.7 -74.4 -188.1
20211118193835  -663.7 -74.7 -187.6
20211118193836  -664.0 -74.4 -187.9
20211118193837  -664.0 -74.5 -188.2
20211118193838  -663.6 -74.1 -188.2
20211118193839  -663.8 -74.2 -188.2
20211118193840  -664.1 -74.5 -188.2
20211118193841  -664.1 -74.6 -188.3
20211118193842  -664.1 -74.6 -188.3
20211118193843  -664.1 -74.9 -188.2
20211118193844  -664.2 -74.7 -188.1
20211118193845  -664.3 -74.8 -188.1
20211118193846  -664.5 -74.8 -188.1
20211118193847  -664.3 -75.1 -188.4
20211118193848  -664.4 -74.9 -188.2
20211118193849  -664.4 -74.7 -187.9
20211118193850  -664.5 -74.9 -188.0
20211118193851  -664.6 -74.8 -188.2
20211118193852  -664.3 -74.9 -188.3
20211118193853  -664.3 -74.8 -187.8
20211118193854  -664.4 -75.0 -187.7
20211118193855  -664.5 -75.1 -187.9
20211118193856  -664.3 -75.3 -187.9
20211118193857  -664.3 -74.8 -187.6
20211118193858  -664.4 -74.8 -187.8
20211118193859  -664.2 -74.8 -187.7
20211118193900  -664.5 -75.2 -187.9
20211118193901  -664.4 -75.1 -188.0
20211118193902  -663.9 -75.2 -187.5
20211118193903  -664.4 -75.3 -187.8
20211118193904  -664.7 -75.4 -188.2
20211118193905  -664.9 -75.3 -188.3
20211118193906  -664.9 -75.2 -188.3
20211118193907  -664.7 -75.2 -188.3
20211118193908  -664.8 -75.3 -188.3
20211118193909  -664.8 -75.4 -188.4
20211118193910  -664.9 -75.4 -188.4
20211118193911  -665.0 -75.2 -188.7
20211118193912  -665.1 -75.1 -188.7
20211118193913  -665.0 -75.2 -188.7
20211118193914  -665.1 -75.3 -188.6
20211118193915  -665.0 -75.2 -188.6
20211118193916  -665.2 -75.4 -188.6
20211118193917  -665.2 -75.5 -188.6
20211118193918  -665.1 -75.2 -188.5
20211118193919  -665.1 -75.2 -188.6
20211118193920  -665.4 -75.1 -188.5
20211118193921  -665.1 -75.4 -188.6
20211118193922  -665.0 -75.5 -188.7
20211118193923  -665.1 -75.3 -188.4
20211118193924  -665.2 -75.3 -188.4
20211118193925  -665.1 -75.2 -188.6
20211118193926  -665.3 -75.2 -188.4
20211118193927  -665.2 -75.4 -188.4
20211118193928  -665.4 -75.4 -188.7
20211118193929  -665.3 -75.4 -188.5
20211118193930  -665.3 -75.7 -188.7
20211118193931  -665.0 -75.7 -188.5
20211118193932  -664.2 -75.4 -187.9
20211118193933  -664.3 -75.3 -187.9
20211118193934  -665.0 -75.5 -188.2
20211118193935  -665.0 -75.5 -188.6
20211118193936  -665.0 -75.4 -188.7
20211118193937  -665.2 -75.3 -188.5
20211118193938  -665.2 -75.3 -188.5
20211118193939  -665.0 -75.6 -188.3
20211118193940  -665.0 -75.7 -188.6
20211118193941  -665.0 -75.7 -188.7
20211118193942  -665.0 -75.8 -188.8
20211118193943  -665.2 -75.8 -188.5
20211118193944  -665.2 -75.8 -188.4
20211118193945  -665.1 -75.9 -188.5
20211118193946  -665.3 -75.9 -188.7
20211118193947  -665.4 -75.9 -188.7
20211118193948  -665.3 -76.0 -188.6
20211118193949  -665.3 -75.8 -188.8
20211118193950  -665.1 -76.0 -188.9
20211118193951  -665.3 -76.0 -188.8
20211118193952  -665.3 -75.9 -188.9
20211118193953  -665.2 -76.1 -188.8
20211118193954  -665.4 -75.8 -188.6
20211118193955  -665.5 -75.9 -188.9
20211118193956  -665.4 -76.0 -188.9
20211118193957  -665.2 -76.1 -188.9
20211118193958  -665.5 -76.2 -188.8
20211118193959  -665.4 -76.5 -189.1
20211118194000  -665.3 -76.6 -189.1
20211118194001  -665.3 -76.7 -188.8
20211118194002  -664.6 -76.5 -188.3
20211118194003  -664.7 -76.3 -187.8
20211118194004  -664.6 -76.2 -188.3
20211118194005  -665.4 -76.3 -188.5
20211118194006  -665.3 -76.3 -188.7
20211118194007  -665.2 -76.6 -188.4
20211118194008  -665.1 -76.6 -188.5
20211118194009  -665.2 -76.7 -188.7
20211118194010  -665.3 -76.4 -188.3
20211118194011  -665.4 -76.6 -188.5
20211118194012  -665.6 -76.4 -188.6
20211118194013  -665.5 -76.4 -188.5
20211118194014  -665.6 -76.6 -188.4
20211118194015  -665.4 -76.6 -188.3
20211118194016  -665.4 -76.5 -188.5
20211118194017  -665.6 -76.8 -188.9
20211118194018  -665.5 -76.4 -188.8
20211118194019  -665.2 -76.7 -188.7
20211118194020  -665.5 -76.8 -188.6
20211118194021  -665.6 -76.8 -188.8
20211118194022  -665.3 -76.4 -188.8
20211118194023  -665.6 -76.7 -188.6
20211118194024  -665.7 -76.7 -188.8
20211118194025  -665.5 -76.7 -188.6
20211118194026  -665.4 -76.7 -188.8
20211118194027  -665.5 -76.6 -188.9
20211118194028  -665.7 -76.8 -188.5
20211118194029  -665.7 -76.6 -188.6
20211118194030  -665.8 -76.8 -189.0
20211118194031  -665.7 -76.7 -188.9
20211118194032  -664.9 -76.6 -188.3
20211118194033  -664.8 -76.4 -188.3
20211118194034  -664.8 -76.5 -188.1
20211118194035  -665.4 -76.4 -188.5
20211118194036  -665.8 -76.7 -188.7
20211118194037  -665.5 -76.6 -188.6
20211118194038  -665.7 -76.6 -188.3
20211118194039  -665.5 -76.8 -188.7
20211118194040  -665.7 -76.7 -189.0
20211118194041  -665.5 -76.5 -188.6
20211118194042  -665.5 -76.9 -188.4
20211118194043  -665.4 -76.7 -188.5
20211118194044  -665.3 -76.7 -188.5
20211118194045  -665.4 -76.8 -188.5
20211118194046  -665.3 -76.8 -188.6
20211118194047  -665.6 -76.7 -188.8
20211118194048  -665.6 -76.7 -188.7
20211118194049  -665.5 -76.9 -188.7
20211118194050  -665.5 -76.9 -188.7
20211118194051  -665.5 -77.0 -189.1
20211118194052  -665.8 -76.8 -189.0
20211118194053  -665.5 -76.6 -189.0
20211118194054  -665.5 -76.9 -188.7
20211118194055  -665.5 -76.9 -188.8
20211118194056  -665.7 -76.8 -188.7
20211118194057  -665.8 -76.8 -189.0
20211118194058  -665.8 -76.7 -188.8
20211118194059  -665.3 -76.6 -189.1
20211118194100  -665.2 -76.5 -189.1
20211118194101  -665.3 -76.7 -189.1
20211118194102  -664.9 -76.8 -188.6
20211118194103  -664.4 -76.3 -188.3
20211118194104  -664.3 -76.7 -188.1
20211118194105  -664.7 -76.7 -188.2
20211118194106  -665.6 -76.7 -188.6
20211118194107  -665.6 -76.8 -188.8
20211118194108  -665.5 -76.9 -188.9
20211118194109  -665.4 -76.6 -188.9
20211118194110  -665.3 -76.8 -189.0
20211118194111  -665.4 -76.8 -189.3
20211118194112  -665.4 -76.9 -188.9
20211118194113  -665.3 -76.9 -189.3
20211118194114  -665.4 -76.9 -189.3
20211118194115  -665.2 -77.1 -189.1
20211118194116  -665.2 -77.2 -189.4
20211118194117  -665.3 -77.0 -189.2
20211118194118  -665.5 -77.1 -189.2
20211118194119  -665.3 -77.2 -189.2
20211118194120  -665.5 -77.2 -189.6
20211118194121  -665.8 -77.0 -189.5
20211118194122  -665.8 -77.1 -189.4
20211118194123  -665.6 -77.1 -189.2
20211118194124  -665.8 -77.0 -189.5
20211118194125  -665.8 -77.0 -189.2
20211118194126  -665.8 -76.8 -189.1
20211118194127  -665.3 -77.0 -189.2
20211118194128  -665.6 -77.2 -189.4
20211118194129  -665.7 -77.3 -189.3
20211118194130  -665.6 -77.1 -189.1
20211118194131  -665.6 -77.2 -189.0
20211118194132  -665.1 -77.0 -188.9
20211118194133  -664.5 -76.6 -188.4
20211118194134  -664.5 -76.7 -188.4
20211118194135  -664.4 -76.6 -188.2
20211118194136  -665.1 -76.7 -188.8
20211118194137  -665.4 -77.1 -188.9
20211118194138  -665.1 -77.2 -189.1
20211118194139  -665.2 -77.1 -189.1
20211118194140  -664.8 -77.0 -189.0
20211118194141  -665.0 -76.9 -189.0
20211118194142  -665.2 -77.2 -189.2
20211118194143  -665.3 -77.0 -189.1
20211118194144  -664.8 -77.0 -189.0
20211118194145  -665.0 -76.8 -189.2
20211118194146  -665.0 -76.9 -189.0
20211118194147  -665.1 -77.0 -189.2
20211118194148  -665.1 -77.1 -189.1
20211118194149  -664.9 -77.0 -189.3
20211118194150  -665.2 -77.3 -189.3
20211118194151  -665.3 -77.0 -189.4
20211118194152  -665.2 -77.2 -189.2
20211118194153  -665.4 -77.3 -189.3
20211118194154  -664.9 -76.9 -189.1
20211118194155  -664.8 -76.9 -189.2
20211118194156  -665.0 -77.0 -188.9
20211118194157  -664.9 -77.1 -189.3
20211118194158  -664.9 -77.1 -189.2
20211118194159  -665.1 -77.1 -189.1
20211118194200  -665.0 -77.0 -189.2
20211118194201  -665.0 -77.2 -189.2
20211118194202  -664.8 -77.3 -189.5
20211118194203  -664.0 -77.3 -188.7
20211118194204  -663.8 -76.7 -188.3
20211118194205  -663.6 -76.7 -188.2
20211118194206  -664.0 -76.4 -188.6
20211118194207  -664.4 -76.6 -188.7
20211118194208  -664.1 -76.7 -188.8
20211118194209  -664.4 -76.8 -188.8
20211118194210  -664.6 -77.1 -188.8
20211118194211  -664.3 -76.8 -188.8
20211118194212  -664.5 -76.8 -188.7
20211118194213  -664.8 -76.6 -188.7
20211118194214  -664.9 -76.8 -188.9
20211118194215  -665.2 -76.8 -189.1
20211118194216  -665.2 -76.8 -188.8
20211118194217  -665.2 -77.3 -189.3
20211118194218  -665.3 -77.1 -189.4
20211118194219  -665.2 -77.3 -189.2
20211118194220  -665.4 -76.9 -189.0
20211118194221  -665.5 -77.1 -189.3
20211118194222  -665.5 -77.1 -189.0
20211118194223  -665.3 -77.5 -189.2
20211118194224  -665.5 -77.2 -189.3
20211118194225  -665.4 -77.0 -189.1
20211118194226  -665.4 -77.1 -188.9
20211118194227  -665.6 -77.1 -189.1
20211118194228  -665.2 -77.3 -189.3
20211118194229  -665.3 -77.0 -189.2
20211118194230  -665.1 -77.0 -189.1
20211118194231  -665.1 -77.0 -188.8
20211118194232  -665.3 -77.2 -188.9
20211118194233  -665.2 -77.4 -189.0
20211118194234  -664.4 -77.1 -188.4
20211118194235  -664.0 -76.7 -188.0
20211118194236  -665.1 -77.1 -188.5
20211118194237  -665.3 -77.2 -188.6
20211118194238  -665.4 -77.1 -189.0
20211118194239  -665.2 -77.2 -189.1
20211118194240  -664.9 -77.3 -189.1
20211118194241  -665.1 -77.2 -188.8
20211118194242  -665.2 -77.1 -188.9
20211118194243  -665.1 -76.9 -188.9
20211118194244  -665.2 -76.9 -189.2
20211118194245  -665.0 -77.0 -188.9
20211118194246  -665.3 -77.2 -189.1
20211118194247  -665.4 -77.1 -189.1
20211118194248  -665.4 -77.2 -189.3
20211118194249  -665.4 -77.0 -189.2
20211118194250  -665.2 -77.3 -189.1
20211118194251  -665.3 -77.2 -189.3
20211118194252  -665.2 -77.3 -189.2
20211118194253  -665.2 -77.3 -189.3
20211118194254  -665.5 -77.0 -189.1
20211118194255  -665.4 -77.0 -189.0
20211118194256  -665.3 -77.0 -189.0
20211118194257  -665.2 -76.9 -188.9
20211118194258  -665.3 -76.9 -189.2
20211118194259  -665.2 -77.1 -189.3
20211118194300  -665.5 -77.4 -189.4
20211118194301  -665.5 -77.3 -189.3
20211118194302  -665.4 -77.0 -189.2
20211118194303  -665.7 -77.2 -189.6
20211118194304  -664.7 -77.2 -189.0
20211118194305  -664.4 -76.9 -188.4
20211118194306  -665.3 -77.2 -189.1
20211118194307  -665.4 -77.4 -189.2
20211118194308  -665.5 -77.3 -189.2
20211118194309  -665.3 -77.3 -189.4
20211118194310  -665.3 -77.3 -189.5
20211118194311  -665.4 -77.4 -189.5
20211118194312  -665.5 -77.6 -189.3
20211118194313  -665.5 -77.2 -189.2
20211118194314  -665.5 -76.9 -189.2
20211118194315  -665.4 -77.2 -189.0
20211118194316  -665.5 -77.0 -189.0
20211118194317  -665.4 -77.0 -189.2
20211118194318  -665.1 -77.2 -189.0
20211118194319  -664.9 -77.5 -189.2
20211118194320  -665.0 -77.4 -189.5
20211118194321  -665.1 -77.2 -189.1
20211118194322  -664.9 -77.2 -189.1
20211118194323  -665.1 -77.4 -189.1
20211118194324  -665.0 -77.4 -189.0
20211118194325  -664.8 -77.5 -188.9
20211118194326  -664.9 -77.6 -188.6
20211118194327  -664.9 -77.7 -188.9
20211118194328  -664.6 -77.6 -188.7
20211118194329  -664.8 -77.5 -189.0
20211118194330  -664.9 -77.3 -189.2
20211118194331  -664.5 -77.5 -189.2
20211118194332  -664.4 -77.8 -189.3
20211118194333  -664.3 -77.7 -189.4
20211118194334  -663.9 -77.6 -189.2
20211118194335  -663.7 -77.6 -188.7
20211118194336  -664.4 -77.5 -189.0
20211118194337  -664.6 -77.8 -189.2
20211118194338  -664.8 -77.5 -188.7
20211118194339  -664.8 -77.5 -189.2
20211118194340  -664.7 -77.6 -189.4
20211118194341  -664.6 -77.8 -189.5
20211118194342  -664.4 -77.6 -189.4
20211118194343  -664.7 -77.4 -189.2
20211118194344  -664.7 -77.6 -189.3
20211118194345  -664.8 -77.5 -189.3
20211118194346  -664.7 -77.6 -189.5
20211118194347  -665.0 -77.6 -189.8
20211118194348  -665.1 -77.8 -189.9
20211118194349  -665.1 -77.6 -190.0
20211118194350  -664.8 -77.6 -189.9
20211118194351  -665.2 -77.6 -189.9
20211118194352  -665.0 -77.6 -189.7
20211118194353  -665.2 -77.5 -189.6
20211118194354  -665.1 -77.4 -189.6
20211118194355  -665.3 -77.6 -189.6
20211118194356  -665.0 -77.8 -189.6
20211118194357  -665.1 -77.5 -189.7
20211118194358  -665.2 -77.6 -189.7
20211118194359  -665.3 -77.6 -189.8
20211118194400  -665.0 -77.3 -189.6
20211118194401  -665.0 -77.3 -189.6
20211118194402  -665.0 -77.2 -189.7
20211118194403  -665.3 -77.3 -189.7
20211118194404  -665.5 -77.4 -189.7
20211118194405  -665.2 -77.4 -189.4
20211118194406  -666.0 -77.5 -190.0
20211118194407  -665.9 -77.8 -190.1
20211118194408  -665.6 -77.7 -189.9
20211118194409  -665.5 -77.9 -189.8
20211118194410  -665.3 -77.9 -189.6
20211118194411  -665.6 -77.8 -189.5
20211118194412  -665.6 -77.9 -189.5
20211118194413  -665.5 -77.8 -189.6
20211118194414  -665.5 -77.8 -189.8
20211118194415  -665.6 -77.8 -190.0
20211118194416  -665.5 -77.9 -189.8
20211118194417  -665.6 -77.8 -189.9
20211118194418  -665.8 -77.8 -189.8
20211118194419  -665.9 -77.7 -189.9
20211118194420  -665.8 -77.8 -189.8
20211118194421  -665.6 -77.9 -189.6
20211118194422  -665.5 -77.9 -189.6
20211118194423  -665.5 -77.9 -189.6
20211118194424  -665.5 -78.0 -189.6
20211118194425  -665.6 -78.1 -189.5
20211118194426  -665.6 -78.3 -189.6
20211118194427  -665.6 -78.1 -189.7
20211118194428  -665.4 -77.7 -189.7
20211118194429  -665.3 -77.8 -189.3
20211118194430  -665.4 -77.9 -189.4
20211118194431  -665.4 -77.7 -189.4
20211118194432  -665.3 -77.5 -189.6
20211118194433  -665.6 -77.8 -189.6
20211118194434  -665.5 -77.8 -189.6
20211118194435  -664.8 -77.8 -189.1
20211118194436  -665.4 -77.7 -189.2
20211118194437  -665.7 -78.0 -189.5
20211118194438  -665.6 -77.7 -189.3
20211118194439  -665.9 -77.8 -189.4
20211118194440  -666.1 -78.0 -189.5
20211118194441  -665.9 -78.1 -189.6
20211118194442  -665.6 -77.8 -189.8
20211118194443  -665.9 -77.6 -189.5
20211118194444  -665.9 -77.4 -189.4
20211118194445  -665.9 -77.9 -189.8
20211118194446  -665.9 -77.8 -189.5
20211118194447  -666.0 -77.6 -189.3
20211118194448  -666.1 -77.6 -189.6
20211118194449  -666.1 -77.4 -189.5
20211118194450  -666.1 -77.4 -189.7
20211118194451  -666.2 -77.6 -189.2
20211118194452  -666.4 -77.4 -189.3
20211118194453  -666.3 -77.4 -189.7
20211118194454  -666.3 -77.2 -189.4
20211118194455  -666.3 -77.1 -189.6
20211118194456  -666.0 -77.0 -189.5
20211118194457  -666.4 -77.1 -189.7
20211118194458  -666.3 -77.3 -189.8
20211118194459  -666.0 -77.3 -189.7
20211118194500  -666.1 -77.7 -189.7
20211118194501  -666.3 -77.4 -189.4
20211118194502  -665.9 -77.4 -189.8
20211118194503  -666.1 -77.4 -189.7
20211118194504  -665.9 -77.4 -189.8
20211118194505  -665.3 -77.5 -189.8
20211118194506  -665.3 -77.4 -189.2
20211118194507  -666.1 -77.4 -189.7
20211118194508  -666.4 -77.4 -189.4
20211118194509  -666.2 -77.3 -189.2
20211118194510  -666.2 -77.4 -189.5
20211118194511  -666.1 -77.4 -189.7
20211118194512  -666.1 -77.3 -189.8
20211118194513  -666.1 -77.4 -189.4
20211118194514  -665.9 -77.5 -189.5
20211118194515  -665.8 -77.5 -189.5
20211118194516  -666.0 -77.5 -189.6
20211118194517  -665.7 -77.2 -189.7
20211118194518  -665.6 -77.2 -189.7
20211118194519  -665.3 -77.1 -189.3
20211118194520  -665.4 -76.9 -189.2
20211118194521  -665.4 -77.0 -189.5
20211118194522  -665.4 -76.9 -189.6
20211118194523  -665.3 -76.7 -189.5
20211118194524  -665.6 -76.6 -189.6
20211118194525  -665.5 -76.9 -189.6
20211118194526  -665.1 -76.8 -189.8
20211118194527  -665.2 -77.1 -189.2
20211118194528  -665.1 -77.0 -189.8
20211118194529  -665.4 -76.9 -189.9
20211118194530  -665.1 -76.9 -190.0
20211118194531  -665.1 -76.9 -189.8
20211118194532  -664.9 -77.0 -189.7
20211118194533  -665.0 -76.9 -189.8
20211118194534  -664.9 -76.8 -189.6
20211118194535  -664.9 -76.9 -189.4
20211118194536  -664.3 -76.7 -188.7
20211118194537  -664.5 -76.4 -189.2
20211118194538  -664.8 -76.6 -189.3
20211118194539  -664.9 -76.2 -189.6
20211118194540  -664.8 -76.3 -189.4
20211118194541  -664.7 -76.5 -189.4
20211118194542  -664.7 -76.3 -189.4
20211118194543  -665.0 -76.3 -189.5
20211118194544  -665.0 -76.4 -189.7
20211118194545  -665.0 -76.8 -189.7
20211118194546  -664.9 -76.5 -189.7
20211118194547  -665.0 -76.6 -189.2
20211118194548  -664.8 -76.5 -189.3
20211118194549  -664.6 -76.6 -189.4
20211118194550  -664.7 -76.4 -189.3
20211118194551  -664.8 -76.7 -189.5
20211118194552  -665.0 -76.2 -189.6
20211118194553  -665.0 -76.2 -189.6
20211118194554  -665.0 -76.5 -189.8
20211118194555  -664.8 -76.5 -189.8
20211118194556  -664.9 -76.5 -189.6
20211118194557  -665.1 -76.4 -189.8
20211118194558  -665.2 -76.2 -189.8
20211118194559  -665.3 -76.3 -189.8
20211118194600  -665.3 -76.3 -190.1
20211118194601  -665.1 -76.4 -190.0
20211118194602  -665.3 -76.1 -189.9
20211118194603  -665.5 -76.0 -189.9
20211118194604  -665.2 -76.1 -189.7
20211118194605  -665.4 -76.3 -190.1
20211118194606  -664.7 -76.1 -189.4
20211118194607  -664.5 -75.6 -189.4
20211118194608  -665.3 -76.0 -189.8
20211118194609  -665.2 -76.0 -190.1
20211118194610  -665.1 -76.0 -189.9
20211118194611  -665.3 -76.0 -189.9
20211118194612  -665.3 -76.1 -190.1
20211118194613  -665.0 -76.2 -190.0
20211118194614  -665.1 -76.4 -190.0
20211118194615  -665.1 -76.3 -189.6
20211118194616  -664.9 -76.3 -189.9
20211118194617  -665.1 -76.4 -190.0
20211118194618  -665.1 -76.3 -189.6
20211118194619  -665.1 -76.3 -189.8
20211118194620  -665.3 -76.6 -190.0
20211118194621  -665.3 -76.7 -189.9
20211118194622  -665.3 -76.7 -189.7
20211118194623  -665.3 -76.8 -190.0
20211118194624  -665.1 -76.9 -190.1
20211118194625  -665.2 -77.1 -189.9
20211118194626  -665.2 -77.1 -190.0
20211118194627  -665.1 -77.0 -190.0
20211118194628  -665.0 -77.2 -190.0
20211118194629  -665.1 -77.0 -189.9
20211118194630  -665.1 -76.9 -190.0
20211118194631  -664.9 -77.0 -190.0
20211118194632  -665.1 -77.1 -190.1
20211118194633  -665.4 -77.6 -190.1
20211118194634  -665.5 -77.3 -190.1
20211118194635  -665.2 -77.3 -190.0
20211118194636  -665.0 -77.5 -190.1
20211118194637  -664.5 -77.1 -189.4
20211118194638  -665.0 -77.3 -190.1
20211118194639  -665.2 -77.2 -190.4
20211118194640  -665.2 -77.4 -190.4
20211118194641  -665.4 -77.7 -190.1
20211118194642  -665.4 -77.5 -190.0
20211118194643  -665.5 -77.4 -190.4
20211118194644  -665.7 -77.6 -190.4
20211118194645  -665.8 -77.7 -190.2
20211118194646  -665.6 -78.0 -190.3
20211118194647  -665.6 -77.7 -190.2
20211118194648  -665.6 -78.0 -190.3
20211118194649  -665.9 -78.2 -190.3
20211118194650  -665.4 -78.1 -190.5
20211118194651  -665.3 -78.3 -190.2
20211118194652  -665.5 -78.3 -190.2
20211118194653  -665.8 -78.3 -190.2
20211118194654  -665.6 -78.2 -190.3
20211118194655  -665.7 -78.1 -190.4
20211118194656  -665.8 -78.4 -190.4
20211118194657  -666.0 -78.0 -190.7
20211118194658  -665.9 -78.3 -190.4
20211118194659  -666.1 -77.9 -190.6
20211118194700  -666.2 -78.2 -190.3
20211118194701  -666.1 -78.1 -190.2
20211118194702  -665.9 -78.0 -190.0
20211118194703  -665.8 -77.9 -190.3
20211118194704  -665.9 -78.0 -190.4
20211118194705  -665.9 -78.2 -190.6
20211118194706  -665.6 -78.0 -190.5
20211118194707  -665.0 -77.8 -189.5
20211118194708  -664.8 -77.5 -189.4
20211118194709  -665.9 -77.5 -190.1
20211118194710  -665.7 -77.6 -190.1
20211118194711  -665.7 -77.7 -190.0
20211118194712  -665.9 -77.5 -190.2
20211118194713  -665.8 -77.4 -190.4
20211118194714  -665.6 -77.2 -190.0
20211118194715  -665.5 -77.4 -190.1
20211118194716  -665.7 -77.5 -189.9
20211118194717  -665.5 -77.3 -189.9
20211118194718  -665.7 -77.2 -189.8
20211118194719  -665.5 -77.4 -189.9
20211118194720  -665.5 -77.3 -189.9
20211118194721  -665.4 -77.3 -189.9
20211118194722  -665.4 -76.9 -190.0
20211118194723  -665.4 -76.7 -190.1
20211118194724  -665.4 -76.6 -189.8
20211118194725  -665.3 -76.7 -189.8
20211118194726  -665.3 -76.5 -189.6
20211118194727  -665.3 -76.6 -189.4
20211118194728  -665.1 -76.5 -189.8
20211118194729  -665.1 -76.4 -189.9
20211118194730  -665.2 -76.4 -189.9
20211118194731  -664.9 -76.5 -189.8
20211118194732  -664.6 -76.3 -189.9
20211118194733  -664.9 -76.4 -189.9
20211118194734  -664.7 -76.4 -190.2
20211118194735  -664.7 -76.3 -189.9
20211118194736  -664.6 -76.6 -190.0
20211118194737  -663.7 -76.0 -189.3
20211118194738  -663.5 -75.7 -188.6
20211118194739  -664.3 -75.9 -189.3
20211118194740  -664.2 -75.6 -189.2
20211118194741  -663.9 -75.5 -189.4
20211118194742  -663.9 -75.6 -189.2
20211118194743  -663.7 -75.9 -189.2
20211118194744  -663.9 -76.0 -189.3
20211118194745  -663.9 -75.7 -189.2
20211118194746  -663.9 -75.9 -189.2
20211118194747  -663.8 -75.6 -189.5
20211118194748  -663.6 -75.5 -189.5
20211118194749  -663.5 -75.3 -189.8
20211118194750  -663.4 -75.4 -189.7
20211118194751  -663.2 -75.3 -189.5
20211118194752  -663.4 -75.0 -189.4
20211118194753  -663.5 -75.5 -189.7
20211118194754  -663.6 -75.4 -189.9
20211118194755  -663.6 -75.3 -189.7
20211118194756  -663.7 -75.2 -190.0
20211118194757  -663.5 -75.4 -190.2
20211118194758  -663.2 -75.5 -190.0
20211118194759  -663.1 -75.6 -190.2
20211118194800  -663.0 -75.6 -189.9
20211118194801  -662.9 -75.8 -190.2
20211118194802  -662.9 -75.9 -190.1
20211118194803  -662.8 -75.8 -190.3
20211118194804  -662.5 -75.9 -190.0
20211118194805  -663.0 -75.8 -190.3
20211118194806  -662.6 -75.9 -190.4
20211118194807  -662.0 -75.9 -189.8
20211118194808  -661.4 -75.8 -189.3
20211118194809  -662.3 -75.9 -190.3
20211118194810  -662.4 -75.8 -190.4
20211118194811  -662.3 -76.2 -190.4
20211118194812  -662.2 -76.3 -190.3
20211118194813  -662.2 -76.7 -190.3
20211118194814  -662.1 -76.7 -190.2
20211118194815  -662.0 -76.8 -190.4
20211118194816  -662.2 -77.0 -190.1
20211118194817  -662.1 -76.9 -190.0
20211118194818  -662.1 -77.2 -190.3
20211118194819  -662.0 -77.0 -190.0
20211118194820  -662.1 -76.9 -190.4
20211118194821  -662.0 -77.1 -190.5
20211118194822  -662.1 -77.0 -190.3
20211118194823  -662.2 -76.8 -190.4
20211118194824  -662.1 -76.7 -190.5
20211118194825  -662.2 -76.9 -190.7
20211118194826  -662.4 -77.2 -190.4
20211118194827  -662.6 -77.1 -190.4
20211118194828  -662.5 -77.4 -190.6
20211118194829  -662.4 -77.4 -190.3
20211118194830  -662.4 -77.5 -190.4
20211118194831  -662.4 -77.3 -190.6
20211118194832  -662.4 -77.2 -190.6
20211118194833  -662.4 -77.3 -190.4
20211118194834  -662.4 -77.1 -190.4
20211118194835  -662.6 -77.6 -190.6
20211118194836  -662.3 -77.8 -190.6
20211118194837  -662.2 -77.8 -190.5
20211118194838  -661.3 -77.6 -190.0
20211118194839  -662.1 -77.5 -190.3
20211118194840  -662.5 -77.3 -190.3
20211118194841  -662.5 -77.6 -190.6
20211118194842  -662.5 -77.4 -190.5
20211118194843  -662.3 -77.7 -190.6
20211118194844  -662.4 -77.8 -190.4
20211118194845  -662.5 -77.8 -190.9
20211118194846  -662.3 -77.7 -190.8
20211118194847  -662.6 -77.8 -190.6
20211118194848  -662.7 -78.0 -190.4
20211118194849  -662.8 -77.9 -190.6
20211118194850  -662.8 -77.7 -191.0
20211118194851  -663.1 -77.8 -190.8
20211118194852  -662.6 -77.9 -190.8
20211118194853  -662.6 -78.0 -190.6
20211118194854  -662.6 -77.9 -190.5
20211118194855  -662.8 -77.8 -190.6
20211118194856  -662.8 -77.9 -190.8
20211118194857  -662.6 -78.0 -191.1
20211118194858  -662.8 -78.0 -191.1
20211118194859  -662.9 -78.2 -191.0
20211118194900  -663.0 -78.2 -191.2
20211118194901  -663.1 -78.3 -190.7
20211118194902  -662.8 -78.1 -190.8
20211118194903  -663.0 -78.2 -190.8
20211118194904  -662.9 -78.2 -190.7
20211118194905  -663.1 -78.2 -191.0
20211118194906  -662.7 -78.1 -190.9
20211118194907  -662.8 -78.0 -190.9
20211118194908  -662.3 -78.2 -190.6
20211118194909  -662.8 -78.5 -190.7
20211118194910  -663.1 -78.2 -191.0
20211118194911  -663.1 -78.0 -191.1
20211118194912  -663.2 -78.2 -190.9
20211118194913  -663.1 -78.3 -190.8
20211118194914  -663.1 -78.3 -190.6
20211118194915  -663.3 -78.5 -190.8
20211118194916  -663.1 -78.5 -190.8
20211118194917  -663.3 -78.4 -191.0
20211118194918  -663.3 -78.4 -190.9
20211118194919  -663.2 -78.5 -190.8
20211118194920  -663.2 -78.6 -191.1
20211118194921  -663.2 -78.4 -190.9
20211118194922  -663.1 -78.6 -190.9
20211118194923  -663.3 -78.6 -190.8
20211118194924  -663.6 -78.6 -190.8
20211118194925  -663.6 -78.5 -190.7
20211118194926  -663.4 -78.6 -191.0
20211118194927  -663.4 -79.0 -190.9
20211118194928  -663.5 -79.0 -191.1
20211118194929  -663.5 -79.0 -190.9
20211118194930  -663.6 -79.0 -191.0
20211118194931  -663.7 -79.2 -190.9
20211118194932  -663.5 -79.3 -190.9
20211118194933  -663.6 -79.4 -191.2
20211118194934  -663.8 -79.4 -191.2
20211118194935  -663.5 -79.3 -191.1
20211118194936  -663.5 -79.6 -191.1
20211118194937  -663.4 -79.2 -191.3
20211118194938  -663.1 -79.6 -190.9
20211118194939  -663.5 -79.5 -190.9
20211118194940  -664.0 -79.9 -191.1
20211118194941  -663.6 -79.7 -191.3
20211118194942  -663.6 -80.0 -191.4
20211118194943  -663.8 -79.9 -191.5
20211118194944  -663.6 -80.2 -191.3
20211118194945  -663.7 -80.1 -191.3
20211118194946  -663.9 -80.1 -191.7
20211118194947  -663.9 -80.3 -191.6
20211118194948  -664.1 -79.9 -191.4
20211118194949  -664.2 -80.2 -191.5
20211118194950  -664.2 -80.4 -191.5
20211118194951  -664.0 -80.2 -191.5
20211118194952  -664.2 -80.1 -191.2
20211118194953  -664.4 -80.4 -191.3
20211118194954  -664.5 -80.3 -191.3
20211118194955  -664.6 -80.5 -191.5
20211118194956  -664.8 -80.5 -191.2
20211118194957  -664.8 -80.5 -191.2
20211118194958  -664.7 -80.4 -191.4
20211118194959  -664.6 -80.7 -191.6
20211118195000  -664.8 -80.3 -191.1
20211118195001  -664.9 -80.4 -191.2
20211118195002  -664.9 -80.5 -191.2
20211118195003  -664.9 -80.6 -191.4
20211118195004  -665.1 -80.6 -191.3
20211118195005  -665.0 -80.4 -191.4
20211118195006  -664.9 -80.6 -191.3
20211118195007  -665.1 -80.8 -191.6
20211118195008  -664.8 -80.7 -191.4
20211118195009  -664.1 -80.4 -190.5
20211118195010  -665.0 -80.7 -191.2
20211118195011  -665.1 -80.8 -191.3
20211118195012  -664.9 -80.6 -191.5
20211118195013  -664.9 -80.7 -191.6
20211118195014  -664.9 -80.7 -191.3
20211118195015  -664.9 -80.5 -191.4
20211118195016  -665.0 -80.6 -191.4
20211118195017  -664.8 -80.4 -191.6
20211118195018  -665.1 -80.4 -191.6
20211118195019  -664.6 -80.5 -191.6
20211118195020  -664.9 -80.1 -191.4
20211118195021  -664.9 -80.4 -191.6
20211118195022  -664.9 -80.1 -191.4
20211118195023  -664.8 -80.4 -191.5
20211118195024  -664.9 -80.3 -191.5
20211118195025  -664.8 -80.4 -191.4
20211118195026  -664.9 -80.8 -191.4
20211118195027  -665.1 -80.7 -191.3
20211118195028  -664.8 -80.8 -191.4
20211118195029  -665.0 -80.5 -191.4
20211118195030  -665.1 -80.8 -191.1
20211118195031  -664.6 -80.5 -191.3
20211118195032  -664.7 -80.5 -191.3
20211118195033  -664.8 -80.4 -191.5
20211118195034  -664.8 -80.6 -191.1
20211118195035  -665.1 -80.7 -191.3
20211118195036  -664.9 -80.6 -191.4
20211118195037  -665.0 -80.5 -191.3
20211118195038  -664.9 -80.7 -191.3
20211118195039  -664.1 -80.3 -190.6
20211118195040  -664.1 -80.4 -190.2
20211118195041  -664.6 -80.4 -191.2
20211118195042  -664.6 -80.3 -191.3
20211118195043  -664.5 -80.6 -191.4
20211118195044  -664.7 -80.4 -191.2
20211118195045  -664.4 -80.2 -191.4
20211118195046  -664.5 -80.5 -191.4
20211118195047  -664.7 -80.6 -191.3
20211118195048  -664.9 -80.6 -191.3
20211118195049  -664.6 -80.2 -191.0
20211118195050  -664.5 -80.5 -191.4
20211118195051  -664.3 -80.3 -191.1
20211118195052  -664.4 -80.6 -190.9
20211118195053  -664.5 -80.4 -191.1
20211118195054  -664.5 -80.6 -191.1
20211118195055  -664.4 -80.7 -191.3
20211118195056  -664.2 -80.6 -191.3
20211118195057  -664.3 -80.6 -191.4
20211118195058  -664.1 -80.9 -191.5
20211118195059  -664.3 -80.5 -191.6
20211118195100  -664.1 -80.7 -191.5
20211118195101  -664.1 -80.8 -191.7
20211118195102  -664.2 -80.6 -191.7
20211118195103  -664.5 -80.6 -191.5
20211118195104  -664.3 -80.6 -191.5
20211118195105  -664.3 -80.6 -191.6
20211118195106  -664.5 -80.6 -191.6
20211118195107  -664.6 -80.7 -191.5
20211118195108  -664.3 -80.7 -191.7
20211118195109  -663.6 -80.6 -191.3
20211118195110  -663.4 -80.7 -190.7
20211118195111  -663.8 -80.8 -190.9
20211118195112  -664.6 -80.7 -191.1
20211118195113  -664.3 -80.9 -191.2
20211118195114  -664.1 -80.5 -191.4
20211118195115  -664.3 -80.6 -191.3
20211118195116  -664.4 -80.8 -191.3
20211118195117  -664.2 -80.7 -191.6
20211118195118  -664.3 -80.7 -191.7
20211118195119  -664.5 -80.6 -191.6
20211118195120  -664.6 -80.4 -191.4
20211118195121  -664.4 -80.7 -191.5
20211118195122  -664.2 -80.4 -191.4
20211118195123  -664.6 -80.8 -191.6
20211118195124  -664.4 -81.1 -191.7
20211118195125  -664.7 -80.9 -191.4
20211118195126  -664.8 -80.9 -191.4
20211118195127  -665.0 -80.8 -191.7
20211118195128  -664.9 -80.8 -191.7
20211118195129  -664.8 -80.9 -191.8
20211118195130  -664.8 -80.9 -192.0
20211118195131  -665.1 -80.9 -192.0
20211118195132  -665.1 -80.6 -192.0
20211118195133  -664.9 -80.7 -192.0
20211118195134  -664.7 -80.8 -191.8
20211118195135  -664.8 -81.1 -191.7
20211118195136  -664.7 -81.1 -191.7
20211118195137  -664.5 -81.1 -191.9
20211118195138  -665.0 -81.1 -191.6
20211118195139  -664.1 -81.2 -191.2
20211118195140  -663.5 -81.1 -190.8
20211118195141  -663.3 -81.0 -190.7
20211118195142  -664.0 -81.0 -191.4
20211118195143  -664.4 -81.2 -191.3
20211118195144  -664.6 -81.1 -191.7
20211118195145  -664.6 -81.4 -191.7
20211118195146  -664.6 -81.5 -191.6
20211118195147  -664.5 -81.1 -191.7
20211118195148  -664.9 -81.4 -192.0
20211118195149  -664.6 -81.6 -192.1
20211118195150  -664.6 -81.2 -191.6
20211118195151  -664.3 -81.2 -191.9
20211118195152  -664.6 -81.5 -192.2
20211118195153  -664.6 -81.5 -191.9
20211118195154  -664.8 -81.5 -192.0
20211118195155  -664.8 -81.4 -191.7
20211118195156  -665.1 -81.4 -191.8
20211118195157  -664.9 -81.8 -191.5
20211118195158  -665.0 -81.9 -191.6
20211118195159  -664.6 -81.8 -191.5
20211118195200  -664.7 -81.6 -191.4
20211118195201  -664.5 -81.7 -191.5
20211118195202  -664.4 -81.7 -192.1
20211118195203  -664.2 -81.7 -192.0
20211118195204  -664.3 -81.6 -192.1
20211118195205  -664.6 -81.8 -191.8
20211118195206  -664.7 -81.8 -192.1
20211118195207  -664.8 -81.7 -192.0
20211118195208  -664.6 -81.7 -192.0
20211118195209  -664.0 -81.8 -191.7
20211118195210  -663.2 -81.5 -190.8
20211118195211  -663.2 -81.4 -190.7
20211118195212  -663.1 -81.4 -190.9
20211118195213  -663.8 -81.5 -191.6
20211118195214  -664.0 -81.8 -191.6
20211118195215  -664.4 -81.5 -191.6
20211118195216  -664.4 -81.9 -191.6
20211118195217  -664.3 -81.7 -191.5
20211118195218  -664.1 -81.6 -191.6
20211118195219  -664.4 -81.7 -191.5
20211118195220  -664.5 -81.9 -191.6
20211118195221  -664.6 -81.9 -191.7
20211118195222  -664.7 -81.9 -191.8
20211118195223  -664.5 -81.9 -191.8
20211118195224  -664.6 -82.1 -191.9
20211118195225  -664.6 -82.1 -191.9
20211118195226  -664.5 -82.3 -191.9
20211118195227  -664.7 -82.3 -192.1
20211118195228  -664.7 -82.2 -191.9
20211118195229  -664.7 -82.1 -191.6
20211118195230  -664.5 -82.3 -191.7
20211118195231  -664.6 -82.4 -192.1
20211118195232  -664.7 -82.3 -192.1
20211118195233  -664.6 -82.5 -192.1
20211118195234  -664.6 -82.4 -192.1
20211118195235  -664.4 -82.5 -192.0
20211118195236  -664.6 -82.5 -192.0
20211118195237  -664.6 -82.8 -192.0
20211118195238  -664.5 -82.6 -192.0
20211118195239  -664.6 -82.9 -191.8
20211118195240  -663.8 -82.9 -191.3
20211118195241  -663.7 -82.8 -191.1
20211118195242  -663.2 -82.6 -190.7
20211118195243  -663.7 -82.4 -190.8
20211118195244  -664.3 -82.6 -191.2
20211118195245  -664.4 -82.4 -191.3
20211118195246  -664.3 -82.6 -191.6
20211118195247  -664.1 -82.9 -191.3
20211118195248  -664.3 -82.8 -191.5
20211118195249  -664.3 -83.2 -191.8
20211118195250  -664.4 -83.0 -191.6
20211118195251  -664.4 -83.2 -191.7
20211118195252  -664.8 -83.2 -191.9
20211118195253  -664.5 -83.1 -192.1
20211118195254  -664.8 -83.1 -191.8
20211118195255  -665.1 -83.3 -191.8
20211118195256  -665.0 -83.2 -191.9
20211118195257  -664.7 -83.5 -191.9
20211118195258  -664.5 -83.1 -191.9
20211118195259  -664.8 -83.0 -192.2
20211118195300  -664.9 -83.3 -192.2
20211118195301  -665.0 -83.5 -192.3
20211118195302  -665.0 -83.6 -192.3
20211118195303  -664.9 -83.3 -192.1
20211118195304  -665.2 -83.3 -192.1
20211118195305  -665.2 -83.3 -192.1
20211118195306  -664.9 -83.2 -192.1
20211118195307  -665.0 -83.3 -192.1
20211118195308  -665.2 -83.2 -192.1
20211118195309  -665.4 -83.3 -192.3
20211118195310  -664.8 -83.3 -192.0
20211118195311  -664.3 -83.5 -191.8
20211118195312  -664.5 -83.3 -191.6
20211118195313  -665.1 -83.0 -191.6
20211118195314  -665.4 -83.2 -191.9
20211118195315  -665.4 -83.3 -191.8
20211118195316  -665.6 -83.1 -192.1
20211118195317  -666.0 -83.1 -191.9
20211118195318  -665.7 -83.3 -192.0
20211118195319  -666.0 -83.2 -192.1
20211118195320  -666.3 -83.0 -192.2
20211118195321  -666.4 -83.2 -192.1
20211118195322  -666.6 -83.2 -192.0
20211118195323  -666.5 -83.0 -191.7
20211118195324  -666.5 -83.1 -192.0
20211118195325  -666.6 -83.2 -192.2
20211118195326  -666.4 -83.2 -192.2
20211118195327  -666.4 -83.1 -192.0
20211118195328  -666.4 -83.2 -192.2
20211118195329  -666.5 -82.9 -192.1
20211118195330  -666.5 -83.2 -192.2
20211118195331  -666.4 -83.0 -192.1
20211118195332  -666.3 -83.1 -192.3
20211118195333  -666.4 -83.2 -192.2
20211118195334  -666.4 -83.1 -192.3
20211118195335  -666.3 -83.0 -192.1
20211118195336  -666.5 -83.2 -192.0
20211118195337  -666.2 -83.2 -191.8
20211118195338  -666.7 -83.1 -192.3
20211118195339  -666.5 -83.1 -192.2
20211118195340  -665.9 -83.2 -192.3
20211118195341  -665.4 -82.9 -191.6
20211118195342  -664.9 -83.0 -191.2
20211118195343  -665.6 -82.7 -191.4
20211118195344  -666.1 -82.8 -191.5
20211118195345  -665.8 -82.7 -191.4
20211118195346  -666.0 -82.5 -191.6
20211118195347  -666.2 -82.6 -191.7
20211118195348  -666.3 -82.5 -191.7
20211118195349  -666.6 -82.5 -191.7
20211118195350  -666.5 -82.8 -191.7
20211118195351  -666.4 -82.8 -191.7
20211118195352  -666.6 -82.7 -191.8
20211118195353  -666.6 -82.7 -191.7
20211118195354  -666.9 -82.6 -191.8
20211118195355  -666.9 -82.6 -191.8
20211118195356  -666.7 -82.9 -191.6
20211118195357  -666.4 -83.0 -191.7
20211118195358  -666.5 -82.9 -191.4
20211118195359  -666.9 -82.5 -191.3
20211118195400  -666.8 -82.6 -191.2
20211118195401  -666.6 -82.6 -191.4
20211118195402  -666.8 -82.6 -191.7
20211118195403  -666.8 -82.4 -191.9
20211118195404  -667.0 -82.4 -191.8
20211118195405  -666.8 -82.2 -191.6
20211118195406  -666.9 -82.4 -191.7
20211118195407  -666.7 -82.3 -191.8
20211118195408  -666.8 -82.3 -192.0
20211118195409  -666.9 -82.2 -191.9
20211118195410  -667.1 -82.4 -191.7
20211118195411  -666.3 -82.1 -191.2
20211118195412  -666.2 -82.1 -191.3
20211118195413  -666.3 -81.5 -190.9
20211118195414  -666.8 -81.9 -191.2
20211118195415  -666.7 -81.8 -191.4
20211118195416  -667.0 -81.6 -191.1
20211118195417  -666.8 -81.6 -191.3
20211118195418  -667.4 -81.6 -191.5
20211118195419  -667.2 -81.6 -191.2
20211118195420  -667.5 -81.4 -191.6
20211118195421  -667.7 -81.6 -191.5
20211118195422  -667.6 -81.6 -191.4
20211118195423  -667.6 -81.5 -191.3
20211118195424  -667.4 -81.4 -191.6
20211118195425  -667.5 -81.3 -191.8
20211118195426  -667.4 -81.3 -191.6
20211118195427  -667.2 -81.0 -191.5
20211118195428  -667.5 -81.1 -191.4
20211118195429  -667.5 -81.2 -191.6
20211118195430  -667.2 -80.9 -191.4
20211118195431  -667.5 -81.3 -191.4
20211118195432  -667.5 -81.4 -191.4
20211118195433  -667.4 -81.4 -191.0
20211118195434  -667.4 -81.4 -191.1
20211118195435  -667.1 -81.0 -191.0
20211118195436  -667.1 -81.1 -190.9
20211118195437  -667.1 -81.1 -190.6
20211118195438  -667.2 -80.9 -190.8
20211118195439  -667.3 -80.9 -190.8
20211118195440  -667.4 -80.6 -190.4
20211118195441  -666.8 -80.8 -190.5
20211118195442  -666.4 -80.7 -190.4
20211118195443  -666.5 -80.0 -190.2
20211118195444  -667.0 -80.2 -190.7
20211118195445  -666.9 -80.3 -190.5
20211118195446  -666.9 -80.3 -190.8
20211118195447  -667.2 -80.2 -190.9
20211118195448  -667.0 -80.1 -190.8
20211118195449  -667.2 -80.0 -190.8
20211118195450  -667.0 -79.9 -190.8
20211118195451  -667.1 -80.0 -190.6
20211118195452  -667.1 -80.0 -190.5
20211118195453  -667.2 -79.8 -190.6
20211118195454  -667.0 -79.8 -190.7
20211118195455  -667.0 -80.0 -190.6
20211118195456  -667.1 -79.9 -190.2
20211118195457  -667.2 -80.0 -190.2
20211118195458  -667.1 -80.0 -190.2
20211118195459  -667.3 -80.1 -190.5
20211118195500  -667.4 -80.0 -190.1
20211118195501  -667.9 -79.8 -190.5
20211118195502  -667.7 -79.8 -190.7
20211118195503  -667.3 -79.8 -190.5
20211118195504  -667.5 -79.9 -190.6
20211118195505  -667.5 -79.7 -190.9
20211118195506  -667.4 -79.4 -190.8
20211118195507  -667.5 -79.2 -190.7
20211118195508  -667.4 -79.3 -190.5
20211118195509  -667.4 -79.0 -190.6
20211118195510  -667.6 -79.5 -190.5
20211118195511  -667.3 -79.4 -190.6
20211118195512  -666.4 -79.2 -189.8
20211118195513  -666.3 -78.9 -189.4
20211118195514  -667.1 -79.0 -190.2
20211118195515  -667.3 -79.1 -190.2
20211118195516  -667.1 -79.2 -190.5
20211118195517  -667.3 -79.1 -190.4
20211118195518  -667.1 -79.5 -190.6
20211118195519  -667.1 -79.7 -190.3
20211118195520  -667.2 -79.6 -190.3
20211118195521  -667.0 -79.5 -190.3
20211118195522  -666.7 -79.6 -190.2
20211118195523  -667.1 -79.6 -190.2
20211118195524  -667.2 -79.8 -190.3
20211118195525  -667.3 -79.6 -190.6
20211118195526  -666.9 -79.6 -190.4
20211118195527  -666.9 -79.5 -190.3
20211118195528  -666.9 -79.6 -190.3
20211118195529  -667.1 -79.7 -190.5
20211118195530  -667.1 -79.7 -190.4
20211118195531  -667.0 -79.8 -190.3
20211118195532  -666.8 -79.8 -190.5
20211118195533  -667.1 -80.2 -190.6
20211118195534  -667.1 -80.2 -190.4
20211118195535  -666.9 -80.4 -190.3
20211118195536  -667.1 -80.2 -190.4
20211118195537  -667.4 -80.1 -190.2
20211118195538  -667.3 -80.2 -190.5
20211118195539  -667.3 -80.3 -190.5
20211118195540  -667.4 -80.6 -190.4
20211118195541  -667.3 -80.9 -190.4
20211118195542  -666.5 -80.6 -189.8
20211118195543  -666.6 -80.6 -189.7
20211118195544  -666.7 -80.2 -189.5
20211118195545  -667.5 -80.4 -190.3
20211118195546  -667.4 -80.5 -190.3
20211118195547  -667.5 -80.3 -190.4
20211118195548  -667.8 -80.7 -190.2
20211118195549  -667.9 -80.6 -190.1
20211118195550  -668.0 -81.0 -190.0
20211118195551  -667.9 -80.9 -190.3
20211118195552  -668.1 -80.7 -190.1
20211118195553  -668.0 -80.7 -190.1
20211118195554  -668.1 -80.8 -190.4
20211118195555  -668.3 -80.6 -190.2
20211118195556  -668.7 -80.6 -190.1
20211118195557  -668.5 -80.5 -190.1
20211118195558  -668.7 -80.7 -190.1
20211118195559  -668.6 -80.5 -190.0
20211118195600  -668.6 -80.6 -189.7
20211118195601  -668.8 -80.6 -190.1
20211118195602  -668.9 -80.9 -190.1
20211118195603  -668.7 -80.5 -190.0
20211118195604  -668.8 -80.6 -189.8
20211118195605  -668.7 -80.4 -189.8
20211118195606  -668.9 -80.5 -190.2
20211118195607  -668.9 -80.4 -190.1
20211118195608  -669.0 -80.4 -190.2
20211118195609  -669.1 -80.5 -190.1
20211118195610  -669.0 -80.3 -190.1
20211118195611  -669.2 -80.1 -189.8
20211118195612  -668.8 -80.3 -189.6
20211118195613  -668.1 -79.8 -189.2
20211118195614  -668.1 -79.8 -189.2
20211118195615  -668.4 -79.9 -189.1
20211118195616  -669.2 -79.8 -189.3
20211118195617  -669.2 -79.6 -189.6
20211118195618  -669.2 -79.8 -189.5
20211118195619  -669.2 -79.7 -189.5
20211118195620  -669.4 -79.5 -189.5
20211118195621  -669.4 -79.4 -189.3
20211118195622  -669.3 -79.2 -189.2
20211118195623  -669.5 -79.2 -189.3
20211118195624  -669.7 -79.2 -189.1
20211118195625  -669.6 -79.0 -189.1
20211118195626  -669.8 -78.9 -189.2
20211118195627  -669.9 -79.0 -188.8
20211118195628  -669.7 -78.9 -188.8
20211118195629  -669.7 -78.7 -188.9
20211118195630  -669.7 -78.5 -189.1
20211118195631  -669.6 -78.2 -189.0
20211118195632  -669.5 -78.3 -189.0
20211118195633  -669.6 -78.2 -188.7
20211118195634  -669.7 -78.1 -188.9
20211118195635  -669.8 -78.1 -189.0
20211118195636  -669.7 -78.0 -189.0
20211118195637  -669.4 -78.0 -189.0
20211118195638  -669.6 -78.2 -188.9
20211118195639  -669.6 -77.9 -188.8
20211118195640  -669.4 -77.9 -189.0
20211118195641  -669.3 -77.7 -189.0
20211118195642  -668.9 -77.5 -188.7
20211118195643  -668.7 -77.4 -188.2
20211118195644  -668.3 -77.3 -187.6
20211118195645  -668.1 -77.5 -187.7
20211118195646  -668.6 -77.1 -188.1
20211118195647  -668.7 -77.1 -188.1
20211118195648  -668.6 -77.0 -188.2
20211118195649  -668.6 -76.9 -188.1
20211118195650  -668.8 -77.1 -188.2
20211118195651  -668.7 -77.1 -188.5
20211118195652  -668.4 -77.1 -188.2
20211118195653  -668.3 -77.0 -188.4
20211118195654  -668.4 -76.6 -188.4
20211118195655  -668.3 -76.8 -188.4
20211118195656  -668.6 -77.0 -188.5
20211118195657  -668.3 -76.9 -188.5
20211118195658  -668.2 -76.7 -188.5
20211118195659  -668.1 -76.7 -188.2
20211118195700  -668.1 -76.8 -188.4
20211118195701  -667.9 -76.9 -188.6
20211118195702  -667.7 -76.9 -188.6
20211118195703  -667.7 -76.9 -188.7
20211118195704  -667.9 -77.0 -188.7
20211118195705  -668.0 -77.4 -188.7
20211118195706  -667.9 -77.2 -188.6
20211118195707  -667.7 -77.2 -188.4
20211118195708  -667.8 -77.4 -188.5
20211118195709  -667.6 -77.4 -188.4
20211118195710  -667.7 -77.5 -188.7
20211118195711  -667.8 -77.7 -188.7
20211118195712  -667.2 -77.8 -188.2
20211118195713  -667.0 -77.7 -187.7
20211118195714  -666.6 -77.6 -187.7
20211118195715  -666.4 -77.8 -187.7
20211118195716  -666.3 -77.8 -187.7
20211118195717  -667.0 -78.2 -188.3
20211118195718  -667.3 -78.1 -188.7
20211118195719  -667.0 -77.9 -188.6
20211118195720  -666.9 -78.0 -188.6
20211118195721  -666.9 -78.0 -188.5
20211118195722  -667.1 -78.1 -188.4
20211118195723  -666.8 -78.2 -188.8
20211118195724  -666.7 -78.0 -188.3
20211118195725  -667.1 -78.3 -188.8
20211118195726  -667.0 -78.3 -188.8
20211118195727  -666.9 -78.5 -189.0
20211118195728  -666.7 -78.4 -189.0
20211118195729  -666.7 -78.7 -188.8
20211118195730  -667.3 -78.7 -189.0
20211118195731  -666.9 -78.6 -189.0
20211118195732  -666.8 -78.8 -189.0
20211118195733  -666.5 -78.7 -189.0
20211118195734  -666.6 -78.6 -188.9
20211118195735  -666.5 -78.5 -188.7
20211118195736  -666.5 -78.4 -188.9
20211118195737  -666.7 -78.5 -188.6
20211118195738  -666.4 -78.8 -188.8
20211118195739  -666.7 -78.8 -189.0
20211118195740  -666.6 -78.4 -189.0
20211118195741  -666.8 -78.6 -189.2
20211118195742  -666.4 -78.5 -189.1
20211118195743  -666.0 -78.4 -188.3
20211118195744  -665.6 -78.2 -188.0
20211118195745  -665.5 -78.1 -187.9
20211118195746  -665.3 -77.8 -187.2
20211118195747  -666.0 -77.9 -188.0
20211118195748  -666.3 -77.8 -188.3
20211118195749  -666.2 -78.0 -188.1
20211118195750  -666.2 -78.0 -188.2
20211118195751  -666.2 -77.9 -188.2
20211118195752  -666.2 -78.3 -188.1
20211118195753  -666.4 -78.0 -188.4
20211118195754  -666.3 -78.2 -188.3
20211118195755  -666.4 -78.3 -188.2
20211118195756  -666.4 -78.3 -188.1
20211118195757  -666.4 -78.3 -188.2
20211118195758  -666.5 -78.5 -188.2
20211118195759  -666.6 -78.2 -188.0
20211118195800  -666.3 -78.0 -188.2
20211118195801  -666.7 -78.0 -188.2
20211118195802  -666.3 -78.3 -188.1
20211118195803  -666.3 -78.2 -188.0
20211118195804  -666.7 -78.2 -188.4
20211118195805  -666.7 -78.4 -188.4
20211118195806  -666.8 -78.3 -188.3
20211118195807  -666.7 -78.0 -188.3
20211118195808  -666.7 -77.8 -188.3
20211118195809  -666.8 -77.8 -188.5
20211118195810  -666.6 -77.7 -188.3
20211118195811  -666.8 -77.6 -188.4
20211118195812  -666.9 -77.8 -188.4
20211118195813  -666.5 -77.9 -188.2
20211118195814  -666.1 -77.5 -187.6
20211118195815  -665.9 -77.4 -187.6
20211118195816  -665.8 -77.6 -187.4
20211118195817  -666.1 -77.5 -187.2
20211118195818  -666.7 -77.6 -187.5
20211118195819  -667.1 -78.0 -187.9
20211118195820  -667.3 -77.7 -188.1
20211118195821  -666.9 -78.0 -187.9
20211118195822  -666.8 -77.8 -187.9
20211118195823  -667.1 -78.0 -187.9
20211118195824  -666.8 -77.9 -188.1
20211118195825  -666.5 -78.0 -188.2
20211118195826  -666.8 -77.9 -188.2
20211118195827  -666.8 -78.1 -188.2
20211118195828  -666.8 -77.9 -188.1
20211118195829  -667.1 -77.9 -188.0
20211118195830  -667.2 -78.1 -188.2
20211118195831  -667.2 -78.1 -188.1
20211118195832  -667.3 -78.0 -187.8
20211118195833  -667.4 -78.1 -187.9
20211118195834  -667.2 -77.9 -188.1
20211118195835  -667.0 -78.0 -187.9
20211118195836  -667.3 -77.8 -187.9
20211118195837  -667.2 -78.0 -188.1
20211118195838  -667.0 -77.8 -188.0
20211118195839  -667.1 -78.1 -188.2
20211118195840  -667.1 -78.0 -188.1
20211118195841  -666.9 -78.0 -188.1
20211118195842  -666.9 -77.7 -188.0
20211118195843  -666.7 -78.0 -187.8
20211118195844  -666.4 -77.6 -187.4
20211118195845  -666.0 -77.7 -187.0
20211118195846  -665.9 -77.6 -186.8
20211118195847  -666.0 -77.4 -187.2
20211118195848  -666.6 -77.6 -187.9
20211118195849  -666.8 -77.8 -187.7
20211118195850  -666.4 -77.3 -187.5
20211118195851  -666.5 -77.4 -187.7
20211118195852  -666.4 -77.5 -187.8
20211118195853  -666.4 -77.4 -187.9
20211118195854  -666.5 -77.5 -188.0
20211118195855  -666.7 -77.4 -187.7
20211118195856  -666.4 -77.7 -187.9
20211118195857  -666.1 -77.6 -187.9
20211118195858  -666.4 -77.5 -187.9
20211118195859  -666.4 -77.7 -187.6
20211118195900  -666.1 -77.6 -188.0
20211118195901  -666.0 -77.7 -187.8
20211118195902  -666.0 -77.7 -188.2
20211118195903  -666.1 -77.6 -188.1
20211118195904  -666.4 -77.6 -188.2
20211118195905  -666.4 -77.8 -188.2
20211118195906  -666.5 -77.9 -188.1
20211118195907  -666.2 -77.9 -188.1
20211118195908  -666.4 -78.1 -188.3
20211118195909  -666.7 -77.9 -188.4
20211118195910  -666.6 -78.2 -188.1
20211118195911  -666.4 -78.2 -188.0
20211118195912  -666.4 -78.2 -188.4
20211118195913  -666.0 -78.4 -188.3
20211118195914  -665.5 -78.0 -187.5
20211118195915  -665.3 -77.6 -186.8
20211118195916  -664.9 -77.6 -187.0
20211118195917  -665.3 -77.3 -187.0
20211118195918  -665.8 -77.8 -187.6
20211118195919  -666.0 -77.7 -187.6
20211118195920  -665.9 -77.7 -187.8
20211118195921  -665.7 -77.6 -187.8
20211118195922  -666.0 -77.8 -188.1
20211118195923  -665.7 -77.9 -188.2
20211118195924  -665.5 -78.0 -188.1
20211118195925  -665.7 -77.7 -187.8
20211118195926  -665.7 -77.8 -188.0
20211118195927  -665.8 -78.1 -188.1
20211118195928  -665.6 -78.0 -188.1
20211118195929  -665.8 -77.8 -188.1
20211118195930  -665.7 -77.7 -188.1
20211118195931  -665.5 -77.9 -188.1
20211118195932  -665.6 -77.8 -187.7
20211118195933  -665.6 -77.9 -187.9
20211118195934  -665.7 -77.9 -188.0
20211118195935  -666.1 -77.9 -188.3
20211118195936  -665.8 -77.8 -188.2
20211118195937  -666.0 -77.9 -188.1
20211118195938  -665.9 -77.6 -188.1
20211118195939  -666.1 -78.0 -188.1
20211118195940  -665.8 -77.8 -188.1
20211118195941  -665.8 -77.8 -188.4
20211118195942  -665.9 -77.8 -188.4
20211118195943  -665.9 -77.7 -188.1
20211118195944  -665.6 -77.8 -187.8
20211118195945  -665.2 -77.9 -187.4
20211118195946  -665.2 -77.8 -187.5
20211118195947  -665.1 -77.6 -187.6
20211118195948  -665.5 -77.8 -188.1
20211118195949  -665.8 -77.6 -188.3
20211118195950  -665.9 -77.7 -188.3
20211118195951  -665.9 -77.9 -188.2
20211118195952  -665.7 -77.7 -188.1
20211118195953  -665.9 -77.8 -188.1
20211118195954  -665.6 -77.9 -187.6
20211118195955  -665.8 -78.0 -188.1
20211118195956  -665.8 -78.0 -187.9
20211118195957  -666.0 -77.9 -187.9
20211118195958  -666.1 -78.0 -187.9
20211118195959  -666.3 -78.1 -187.8
20211118200000  -665.9 -78.1 -188.0
20211118200001  -665.9 -78.4 -188.5
20211118200002  -666.0 -78.3 -188.0
20211118200003  -666.1 -78.2 -188.0
20211118200004  -665.9 -78.1 -187.8
20211118200005  -666.0 -78.0 -187.9
20211118200006  -666.2 -77.9 -187.8
20211118200007  -666.3 -78.2 -188.3
20211118200008  -666.4 -78.1 -188.4
20211118200009  -666.6 -78.2 -188.2
20211118200010  -666.4 -78.2 -188.1
20211118200011  -666.5 -78.2 -188.1
20211118200012  -666.4 -78.3 -187.8
20211118200013  -666.6 -78.1 -188.3
20211118200014  -666.4 -78.7 -188.4
20211118200015  -666.0 -78.1 -188.0
20211118200016  -665.8 -78.1 -187.9
20211118200017  -665.6 -77.9 -187.7
20211118200018  -666.4 -77.9 -188.4
20211118200019  -666.4 -77.8 -188.6
20211118200020  -666.4 -78.0 -188.2
20211118200021  -666.5 -78.0 -188.3
20211118200022  -666.5 -78.2 -188.1
20211118200023  -666.3 -78.2 -188.0
20211118200024  -666.1 -78.0 -188.0
20211118200025  -666.2 -78.1 -188.2
20211118200026  -666.3 -78.1 -188.1
20211118200027  -666.6 -78.2 -188.2
20211118200028  -666.6 -78.2 -188.2
20211118200029  -666.6 -78.0 -188.4
20211118200030  -666.4 -78.3 -188.3
20211118200031  -666.5 -78.2 -188.1
20211118200032  -666.5 -78.1 -188.5
20211118200033  -666.6 -78.2 -188.4
20211118200034  -666.7 -78.2 -188.4
20211118200035  -666.8 -77.9 -188.4
20211118200036  -666.3 -78.2 -188.3
20211118200037  -666.5 -78.1 -188.1
20211118200038  -666.5 -78.2 -188.0
20211118200039  -666.6 -77.9 -188.2
20211118200040  -666.5 -77.9 -188.3
20211118200041  -666.8 -77.8 -188.3
20211118200042  -666.8 -77.7 -188.0
20211118200043  -666.8 -77.9 -188.2
20211118200044  -666.5 -77.9 -188.6
20211118200045  -665.8 -77.7 -188.1
20211118200046  -665.5 -77.7 -187.6
20211118200047  -665.6 -77.6 -187.4
20211118200048  -665.5 -77.2 -187.5
20211118200049  -666.3 -77.2 -188.0
20211118200050  -666.5 -77.5 -188.1
20211118200051  -666.4 -77.1 -188.2
20211118200052  -666.6 -76.8 -188.4
20211118200053  -666.7 -76.9 -188.1
20211118200054  -666.4 -77.2 -188.1
20211118200055  -666.8 -77.3 -188.0
20211118200056  -667.1 -77.1 -188.1
20211118200057  -666.7 -77.2 -187.9
20211118200058  -666.7 -77.2 -188.0
20211118200059  -666.9 -77.2 -188.1
20211118200100  -666.8 -77.1 -187.9
20211118200101  -667.1 -77.1 -187.9
20211118200102  -667.1 -77.0 -187.7
20211118200103  -667.2 -77.0 -187.7
20211118200104  -667.1 -77.0 -187.9
20211118200105  -667.2 -76.9 -187.9
20211118200106  -666.9 -76.7 -187.9
20211118200107  -667.2 -77.0 -188.1
20211118200108  -666.8 -77.1 -187.8
20211118200109  -667.0 -76.7 -187.5
20211118200110  -667.0 -77.0 -187.8
20211118200111  -667.1 -76.9 -187.8
20211118200112  -666.7 -76.8 -187.7
20211118200113  -666.7 -77.1 -187.9
20211118200114  -666.3 -77.3 -187.9
20211118200115  -665.7 -77.2 -187.5
20211118200116  -665.8 -77.1 -187.2
20211118200117  -665.5 -77.1 -187.3
20211118200118  -665.0 -76.9 -187.1
20211118200119  -666.1 -76.9 -187.4
20211118200120  -666.2 -76.9 -187.7
20211118200121  -665.9 -76.9 -187.6
20211118200122  -666.2 -77.1 -187.9
20211118200123  -666.0 -77.3 -188.0
20211118200124  -666.2 -77.3 -188.0
20211118200125  -666.1 -77.1 -188.1
20211118200126  -666.1 -77.5 -188.1
20211118200127  -666.0 -77.5 -188.0
20211118200128  -666.3 -77.6 -188.0
20211118200129  -666.1 -77.8 -188.0
20211118200130  -666.3 -77.6 -188.1
20211118200131  -666.2 -77.7 -188.0
20211118200132  -666.1 -77.6 -187.9
20211118200133  -666.0 -77.4 -188.2
20211118200134  -666.3 -77.7 -188.3
20211118200135  -666.3 -78.0 -188.3
20211118200136  -666.1 -77.9 -188.3
20211118200137  -666.3 -78.1 -188.0
20211118200138  -666.3 -78.0 -188.4
20211118200139  -666.0 -78.2 -188.1
20211118200140  -666.2 -78.1 -188.3
20211118200141  -666.5 -78.2 -188.4
20211118200142  -666.5 -77.9 -188.2
20211118200143  -666.7 -77.9 -188.3
20211118200144  -666.6 -78.2 -188.4
20211118200145  -665.8 -78.3 -187.8
20211118200146  -666.7 -78.4 -187.9
20211118200147  -666.8 -78.4 -188.4
20211118200148  -666.8 -78.7 -188.6
20211118200149  -666.9 -78.5 -188.7
20211118200150  -666.9 -78.8 -188.5
20211118200151  -666.8 -78.8 -188.7
20211118200152  -666.8 -78.8 -188.6
20211118200153  -667.0 -79.0 -188.9
20211118200154  -666.8 -79.1 -188.8
20211118200155  -666.6 -79.0 -189.0
20211118200156  -666.8 -79.2 -188.8
20211118200157  -666.9 -79.0 -189.0
20211118200158  -666.8 -79.3 -189.0
20211118200159  -666.8 -79.1 -189.0
20211118200200  -666.5 -79.3 -188.8
20211118200201  -667.0 -78.9 -189.0
20211118200202  -666.6 -79.1 -188.7
20211118200203  -666.7 -79.1 -188.8
20211118200204  -666.8 -79.2 -188.7
20211118200205  -666.8 -79.2 -188.6
20211118200206  -667.0 -79.0 -188.7
20211118200207  -666.8 -78.9 -188.6
20211118200208  -667.3 -79.0 -188.9
20211118200209  -667.4 -79.3 -188.8
20211118200210  -667.0 -79.2 -188.5
20211118200211  -666.6 -79.1 -188.2
20211118200212  -666.7 -78.7 -188.3
20211118200213  -667.2 -79.0 -188.8
20211118200214  -667.3 -79.0 -188.6
20211118200215  -667.3 -79.0 -188.4
20211118200216  -667.1 -78.9 -188.5
20211118200217  -667.0 -78.9 -188.3
20211118200218  -667.0 -79.0 -188.7
20211118200219  -667.4 -78.7 -188.6
20211118200220  -667.3 -78.9 -188.6
20211118200221  -667.3 -78.8 -188.9
20211118200222  -667.2 -78.7 -188.6
20211118200223  -667.5 -78.8 -188.4
20211118200224  -667.4 -78.9 -188.5
20211118200225  -667.4 -78.7 -188.3
20211118200226  -667.4 -78.5 -188.8
20211118200227  -667.6 -78.6 -188.5
20211118200228  -667.6 -78.6 -188.6
20211118200229  -667.4 -78.5 -188.5
20211118200230  -667.9 -78.6 -188.2
20211118200231  -667.8 -78.5 -188.3
20211118200232  -667.9 -78.7 -188.7
20211118200233  -668.0 -78.5 -188.3
20211118200234  -668.0 -78.4 -188.3
20211118200235  -667.8 -78.4 -188.2
20211118200236  -667.6 -78.6 -188.5
20211118200237  -666.9 -78.4 -188.0
20211118200238  -666.7 -78.2 -187.6
20211118200239  -667.4 -78.1 -188.3
20211118200240  -667.3 -78.2 -188.5
20211118200241  -667.4 -78.3 -188.5
20211118200242  -667.3 -78.1 -188.2
20211118200243  -667.3 -78.1 -188.2
20211118200244  -667.5 -77.9 -188.2
20211118200245  -667.3 -78.0 -187.9
20211118200246  -667.5 -78.0 -187.8
20211118200247  -667.3 -78.1 -187.7
20211118200248  -667.2 -78.0 -187.8
20211118200249  -667.1 -77.9 -188.3
20211118200250  -667.3 -78.1 -188.1
20211118200251  -666.8 -78.3 -188.4
20211118200252  -667.0 -78.3 -188.4
20211118200253  -667.3 -78.4 -188.6
20211118200254  -667.1 -78.2 -188.4
20211118200255  -667.2 -78.3 -188.5
20211118200256  -667.1 -78.4 -188.6
20211118200257  -667.2 -78.4 -188.4
20211118200258  -667.2 -78.6 -188.4
20211118200259  -666.8 -78.5 -188.4
20211118200300  -667.0 -78.6 -188.4
20211118200301  -666.9 -78.5 -188.5
20211118200302  -666.9 -78.7 -188.6
20211118200303  -666.6 -78.5 -188.0
20211118200304  -666.2 -78.6 -187.7
20211118200305  -666.8 -78.5 -188.5
20211118200306  -667.1 -78.4 -188.7
20211118200307  -667.2 -78.4 -189.0
20211118200308  -667.3 -78.5 -188.9
20211118200309  -667.2 -78.3 -188.6
20211118200310  -667.2 -78.5 -188.8
20211118200311  -667.5 -78.4 -188.8
20211118200312  -667.5 -78.3 -188.8
20211118200313  -667.4 -78.4 -188.8
20211118200314  -667.2 -78.4 -188.8
20211118200315  -667.2 -78.3 -188.8
20211118200316  -667.4 -78.1 -188.8
20211118200317  -667.3 -77.9 -188.9
20211118200318  -667.4 -77.8 -188.9
20211118200319  -667.3 -78.0 -188.6
20211118200320  -667.6 -78.2 -188.7
20211118200321  -667.4 -78.5 -188.7
20211118200322  -667.0 -78.2 -188.9
20211118200323  -667.2 -78.4 -188.7
20211118200324  -667.3 -78.4 -188.7
20211118200325  -667.3 -78.3 -188.6
20211118200326  -667.2 -78.3 -188.7
20211118200327  -667.2 -78.4 -188.7
20211118200328  -667.1 -78.4 -189.0
20211118200329  -666.7 -78.4 -188.5
20211118200330  -665.8 -78.2 -188.3
20211118200331  -666.7 -78.0 -188.5
20211118200332  -666.9 -78.4 -188.8
20211118200333  -667.1 -78.3 -188.7
20211118200334  -666.9 -78.1 -188.6
20211118200335  -667.0 -78.1 -188.7
20211118200336  -667.0 -77.9 -188.8
20211118200337  -667.1 -77.8 -188.6
20211118200338  -667.1 -78.0 -188.7
20211118200339  -667.3 -78.0 -188.8
20211118200340  -667.4 -78.2 -188.6
20211118200341  -667.4 -77.8 -188.5
20211118200342  -667.4 -77.6 -188.4
20211118200343  -667.6 -77.7 -188.5
20211118200344  -667.4 -78.0 -188.6
20211118200345  -667.4 -77.6 -188.5
20211118200346  -667.4 -77.9 -188.6
20211118200347  -667.8 -78.1 -188.3
20211118200348  -667.7 -78.1 -188.4
20211118200349  -667.6 -78.0 -188.5
20211118200350  -667.5 -77.7 -188.8
20211118200351  -667.2 -77.5 -188.5
20211118200352  -667.6 -77.7 -188.7
20211118200353  -667.7 -77.4 -188.4
20211118200354  -667.7 -77.3 -188.2
20211118200355  -667.0 -77.1 -187.8
20211118200356  -666.7 -76.8 -187.3
20211118200357  -667.3 -76.7 -187.8
20211118200358  -667.8 -76.7 -187.9
20211118200359  -667.8 -76.6 -188.0
20211118200400  -668.0 -76.5 -187.8
20211118200401  -668.2 -76.6 -187.8
20211118200402  -667.7 -76.2 -187.8
20211118200403  -667.9 -76.0 -187.7
20211118200404  -668.0 -76.2 -187.4
20211118200405  -667.8 -76.3 -187.6
20211118200406  -668.1 -75.8 -187.6
20211118200407  -667.8 -75.8 -187.7
20211118200408  -667.7 -75.8 -187.5
20211118200409  -667.5 -76.0 -187.4
20211118200410  -667.3 -75.8 -187.4
20211118200411  -667.5 -75.7 -187.8
20211118200412  -667.5 -75.7 -187.8
20211118200413  -667.4 -75.5 -187.5
20211118200414  -667.2 -75.4 -187.5
20211118200415  -667.3 -75.8 -187.5
20211118200416  -667.4 -75.8 -187.5
20211118200417  -667.3 -75.6 -187.9
20211118200418  -667.3 -75.6 -187.9
20211118200419  -667.3 -75.3 -188.0
20211118200420  -667.3 -75.2 -188.0
20211118200421  -666.7 -75.7 -187.5
20211118200422  -666.2 -75.4 -187.3
20211118200423  -666.9 -75.6 -187.2
20211118200424  -666.9 -75.4 -187.4
20211118200425  -667.0 -75.5 -187.6
20211118200426  -666.9 -75.6 -187.6
20211118200427  -667.0 -75.6 -187.8
20211118200428  -667.2 -75.5 -187.4
20211118200429  -667.2 -75.4 -187.4
20211118200430  -667.1 -75.5 -187.4
20211118200431  -667.2 -75.5 -187.5
20211118200432  -667.1 -75.6 -187.8
20211118200433  -666.9 -75.6 -187.6
20211118200434  -667.4 -75.5 -187.5
20211118200435  -667.1 -75.3 -187.6
20211118200436  -667.2 -75.5 -187.3
20211118200437  -667.3 -75.3 -187.6
20211118200438  -667.1 -75.3 -187.7
20211118200439  -667.4 -75.6 -187.7
20211118200440  -667.4 -75.0 -187.5
20211118200441  -667.3 -75.3 -187.3
20211118200442  -667.7 -75.4 -187.3
20211118200443  -667.6 -75.4 -187.4
20211118200444  -667.5 -75.1 -187.4
20211118200445  -667.2 -75.3 -187.5
20211118200446  -667.5 -75.2 -187.7
20211118200447  -666.9 -74.9 -187.5
20211118200448  -666.6 -74.9 -186.9
20211118200449  -667.2 -75.5 -187.6
20211118200450  -667.3 -75.6 -187.7
20211118200451  -667.2 -75.3 -187.8
20211118200452  -667.2 -75.1 -187.8
20211118200453  -667.2 -75.1 -187.7
20211118200454  -667.3 -75.4 -187.7
20211118200455  -667.3 -75.2 -187.5
20211118200456  -667.3 -75.4 -187.3
20211118200457  -667.2 -75.4 -187.2
20211118200458  -667.2 -75.1 -187.6
20211118200459  -667.3 -75.3 -187.3
20211118200500  -667.3 -75.3 -186.9
20211118200501  -667.2 -75.3 -187.2
20211118200502  -667.2 -75.3 -187.4
20211118200503  -667.2 -75.4 -187.2
20211118200504  -667.1 -75.4 -187.3
20211118200505  -666.9 -75.3 -187.4
20211118200506  -666.9 -75.4 -187.4
20211118200507  -666.9 -75.3 -187.6
20211118200508  -667.1 -75.5 -187.7
20211118200509  -667.2 -75.3 -187.5
20211118200510  -667.1 -75.4 -187.5
20211118200511  -667.1 -75.7 -187.9
20211118200512  -666.9 -75.6 -187.7
20211118200513  -666.4 -75.4 -187.2
20211118200514  -665.7 -75.4 -186.6
20211118200515  -666.0 -75.0 -186.6
20211118200516  -665.8 -75.1 -186.4
20211118200517  -665.6 -75.2 -186.2
20211118200518  -666.1 -75.2 -186.9
20211118200519  -666.4 -75.3 -187.1
20211118200520  -666.5 -75.3 -187.0
20211118200521  -666.4 -74.9 -187.0
20211118200522  -666.6 -75.3 -187.0
20211118200523  -666.7 -75.3 -187.0
20211118200524  -666.5 -75.3 -186.9
20211118200525  -666.6 -75.3 -187.1
20211118200526  -666.5 -75.4 -187.0
20211118200527  -666.8 -75.2 -187.3
20211118200528  -666.8 -75.1 -187.4
20211118200529  -667.1 -75.3 -187.3
20211118200530  -666.9 -75.2 -187.4
20211118200531  -666.6 -75.3 -187.4
20211118200532  -666.8 -75.4 -187.3
20211118200533  -666.8 -75.4 -187.3
20211118200534  -666.9 -75.4 -187.0
20211118200535  -667.1 -75.2 -187.1
20211118200536  -666.9 -75.2 -187.2
20211118200537  -667.3 -75.3 -187.3
20211118200538  -667.4 -75.2 -186.9
20211118200539  -667.2 -75.1 -187.3
20211118200540  -667.1 -75.2 -187.2
20211118200541  -667.6 -75.3 -187.0
20211118200542  -667.6 -75.3 -187.0
20211118200543  -667.3 -75.4 -187.0
20211118200544  -666.6 -75.4 -186.8
20211118200545  -667.6 -75.4 -187.2
20211118200546  -667.7 -75.4 -187.4
20211118200547  -667.6 -75.7 -187.6
20211118200548  -667.6 -75.5 -187.3
20211118200549  -667.6 -75.6 -187.5
20211118200550  -667.6 -75.4 -187.7
20211118200551  -667.7 -75.2 -187.8
20211118200552  -667.7 -75.2 -187.7
20211118200553  -667.7 -75.1 -187.6
20211118200554  -667.7 -75.1 -187.7
20211118200555  -667.5 -75.1 -187.6
20211118200556  -667.5 -75.3 -187.2
20211118200557  -667.8 -75.1 -187.3
20211118200558  -667.8 -75.2 -187.4
20211118200559  -667.6 -75.3 -187.3
20211118200600  -667.8 -75.3 -187.5
20211118200601  -668.0 -74.9 -187.5
20211118200602  -667.9 -74.7 -187.5
20211118200603  -667.8 -74.9 -187.6
20211118200604  -667.7 -74.8 -187.7
20211118200605  -667.4 -74.8 -187.4
20211118200606  -667.6 -74.8 -187.2
20211118200607  -668.0 -75.0 -187.2
20211118200608  -667.8 -74.7 -187.4
20211118200609  -668.0 -74.9 -187.2
20211118200610  -667.4 -74.8 -187.0
20211118200611  -667.1 -74.7 -186.7
20211118200612  -667.0 -74.3 -186.4
20211118200613  -666.7 -74.3 -186.3
20211118200614  -666.9 -73.9 -186.2
20211118200615  -667.8 -74.1 -186.7
20211118200616  -667.8 -74.0 -186.7
20211118200617  -667.7 -74.3 -186.8
20211118200618  -667.4 -74.0 -186.5
20211118200619  -667.5 -74.1 -186.8
20211118200620  -667.4 -74.2 -186.8
20211118200621  -667.4 -73.9 -187.0
20211118200622  -667.4 -74.2 -187.1
20211118200623  -667.4 -74.5 -186.8
20211118200624  -667.4 -74.2 -186.9
20211118200625  -667.6 -74.3 -186.8
20211118200626  -667.4 -74.1 -187.0
20211118200627  -667.1 -74.0 -187.1
20211118200628  -667.3 -74.1 -186.9
20211118200629  -667.1 -74.1 -186.8
20211118200630  -667.1 -73.8 -187.1
20211118200631  -667.1 -73.6 -186.9
20211118200632  -667.1 -73.8 -187.1
20211118200633  -667.2 -74.0 -187.1
20211118200634  -667.3 -74.0 -187.3
20211118200635  -667.2 -74.0 -187.3
20211118200636  -667.3 -74.2 -187.3
20211118200637  -666.8 -74.3 -187.1
20211118200638  -667.0 -74.0 -187.3
20211118200639  -666.8 -73.9 -187.3
20211118200640  -666.2 -74.0 -187.1
20211118200641  -665.8 -73.7 -186.7
20211118200642  -666.5 -74.0 -187.1
20211118200643  -666.5 -74.3 -187.3
20211118200644  -666.4 -74.3 -187.3
20211118200645  -666.5 -74.1 -187.4
20211118200646  -666.3 -73.9 -187.3
20211118200647  -666.3 -74.0 -187.6
20211118200648  -665.9 -74.0 -187.3
20211118200649  -666.1 -73.8 -187.1
20211118200650  -666.2 -73.9 -187.3
20211118200651  -666.0 -73.9 -187.2
20211118200652  -665.7 -74.0 -187.4
20211118200653  -665.7 -74.2 -187.3
20211118200654  -665.8 -74.3 -187.2
20211118200655  -665.7 -74.3 -187.1
20211118200656  -666.1 -74.4 -187.3
20211118200657  -666.0 -74.2 -187.3
20211118200658  -665.9 -74.4 -186.9
20211118200659  -665.8 -74.4 -187.1
20211118200700  -665.5 -74.3 -187.3
20211118200701  -665.6 -74.5 -187.5
20211118200702  -665.6 -74.5 -187.2
20211118200703  -665.6 -74.8 -187.4
20211118200704  -665.5 -74.7 -187.3
20211118200705  -665.3 -74.8 -187.3
20211118200706  -665.0 -74.8 -187.1
20211118200707  -664.6 -74.7 -186.4
20211118200708  -665.2 -74.9 -187.0
20211118200709  -665.4 -74.9 -187.4
20211118200710  -665.2 -74.7 -187.3
20211118200711  -665.2 -74.7 -187.2
20211118200712  -665.2 -74.9 -187.1
20211118200713  -665.2 -74.8 -187.2
20211118200714  -665.2 -75.0 -187.1
20211118200715  -665.3 -74.9 -187.6
20211118200716  -665.3 -75.0 -187.4
20211118200717  -665.0 -75.2 -187.7
20211118200718  -664.9 -75.2 -187.6
20211118200719  -665.2 -75.5 -187.6
20211118200720  -665.3 -75.4 -187.2
20211118200721  -665.4 -75.2 -187.3
20211118200722  -665.4 -75.4 -187.3
20211118200723  -665.4 -75.3 -187.4
20211118200724  -665.6 -75.1 -187.6
20211118200725  -665.5 -75.0 -187.4
20211118200726  -665.3 -75.4 -187.7
20211118200727  -665.3 -75.4 -187.5
20211118200728  -665.7 -75.5 -187.6
20211118200729  -665.8 -75.2 -187.4
20211118200730  -665.8 -75.4 -187.5
20211118200731  -665.8 -75.3 -187.5
20211118200732  -665.1 -75.5 -187.3
20211118200733  -664.8 -74.9 -186.9
20211118200734  -664.7 -75.2 -186.8
20211118200735  -665.4 -75.6 -187.5
20211118200736  -665.5 -75.3 -187.6
20211118200737  -665.6 -75.2 -187.7
20211118200738  -665.4 -75.2 -187.5
20211118200739  -665.9 -75.3 -187.3
20211118200740  -665.6 -75.4 -187.5
20211118200741  -665.6 -75.2 -187.4
20211118200742  -665.7 -75.3 -187.3
20211118200743  -665.8 -75.3 -187.3
20211118200744  -665.8 -75.4 -187.7
20211118200745  -666.1 -75.2 -187.6
20211118200746  -665.7 -75.4 -187.5
20211118200747  -665.8 -75.2 -187.7
20211118200748  -665.6 -75.2 -187.7
20211118200749  -665.6 -75.0 -187.8
20211118200750  -665.7 -75.1 -187.6
20211118200751  -665.6 -75.0 -187.5
20211118200752  -665.5 -74.9 -187.8
20211118200753  -665.7 -75.0 -187.7
20211118200754  -665.8 -75.2 -187.6
20211118200755  -666.2 -75.5 -187.6
20211118200756  -666.4 -75.3 -187.4
20211118200757  -666.2 -75.5 -187.5
20211118200758  -665.5 -75.5 -187.5
20211118200759  -664.9 -75.1 -186.5
20211118200800  -664.8 -75.0 -186.5
20211118200801  -666.0 -75.0 -186.9
20211118200802  -665.7 -75.1 -187.0
20211118200803  -665.8 -75.1 -186.9
20211118200804  -665.8 -75.3 -187.0
20211118200805  -665.9 -75.2 -187.2
20211118200806  -666.0 -75.1 -187.2
20211118200807  -665.8 -74.8 -187.3
20211118200808  -665.8 -74.9 -187.3
20211118200809  -666.0 -74.7 -187.4
20211118200810  -665.7 -74.3 -187.6
20211118200811  -665.6 -74.7 -187.4
20211118200812  -665.9 -74.5 -187.4
20211118200813  -665.8 -74.8 -187.4
20211118200814  -665.8 -74.6 -187.5
20211118200815  -665.4 -74.7 -187.6
20211118200816  -665.6 -74.7 -187.7
20211118200817  -665.6 -74.8 -187.4
20211118200818  -665.5 -74.9 -187.3
20211118200819  -665.5 -74.9 -187.5
20211118200820  -665.3 -74.5 -187.6
20211118200821  -665.1 -74.7 -187.5
20211118200822  -665.1 -74.7 -187.7
20211118200823  -665.0 -74.7 -187.5
20211118200824  -664.7 -74.8 -187.2
20211118200825  -664.3 -74.5 -186.9
20211118200826  -664.2 -74.3 -186.6
20211118200827  -664.7 -74.7 -187.0
20211118200828  -665.0 -74.9 -187.5
20211118200829  -665.0 -74.9 -187.4
20211118200830  -664.7 -74.8 -187.6
20211118200831  -665.1 -74.6 -187.6
20211118200832  -665.0 -74.6 -187.7
20211118200833  -665.1 -74.4 -187.7
20211118200834  -665.3 -74.2 -187.7
20211118200835  -665.1 -74.3 -187.6
20211118200836  -665.2 -74.5 -187.4
20211118200837  -665.2 -74.7 -187.5
20211118200838  -665.3 -74.4 -187.8
20211118200839  -665.1 -74.5 -187.7
20211118200840  -665.2 -74.1 -187.9
20211118200841  -665.3 -74.5 -187.7
20211118200842  -665.3 -74.3 -188.0
20211118200843  -665.3 -74.3 -187.6
20211118200844  -665.0 -74.2 -187.6
20211118200845  -665.2 -74.0 -187.8
20211118200846  -665.1 -74.5 -187.7
20211118200847  -665.2 -74.1 -187.7
20211118200848  -665.1 -74.3 -187.5
20211118200849  -664.9 -74.5 -187.6
20211118200850  -665.0 -74.4 -187.4
20211118200851  -664.3 -74.3 -187.0
20211118200852  -663.6 -74.1 -186.6
20211118200853  -664.0 -73.5 -187.0
20211118200854  -664.4 -73.9 -187.6
20211118200855  -664.2 -74.0 -187.5
20211118200856  -664.3 -74.2 -187.2
20211118200857  -664.6 -74.1 -187.7
20211118200858  -664.2 -73.7 -187.6
20211118200859  -664.1 -73.8 -187.4
20211118200900  -664.2 -73.5 -187.5
20211118200901  -664.2 -73.8 -187.4
20211118200902  -664.0 -74.1 -187.8
20211118200903  -664.1 -74.2 -187.6
20211118200904  -663.9 -73.9 -187.5
20211118200905  -663.7 -74.4 -187.6
20211118200906  -664.0 -74.0 -187.3
20211118200907  -663.7 -74.2 -187.6
20211118200908  -664.0 -74.2 -187.5
20211118200909  -663.7 -73.9 -187.3
20211118200910  -663.6 -73.9 -187.6
20211118200911  -663.7 -73.8 -187.2
20211118200912  -663.8 -74.0 -187.3
20211118200913  -663.4 -74.0 -187.4
20211118200914  -663.5 -74.2 -187.7
20211118200915  -663.7 -74.1 -187.9
20211118200916  -663.3 -74.1 -187.7
20211118200917  -662.5 -73.9 -186.9
20211118200918  -662.7 -73.6 -186.6
20211118200919  -662.9 -73.7 -186.9
20211118200920  -663.5 -74.0 -187.3
20211118200921  -663.7 -74.0 -187.8
20211118200922  -663.8 -74.1 -187.6
20211118200923  -663.8 -73.9 -187.7
20211118200924  -663.8 -73.7 -187.4
20211118200925  -663.8 -74.0 -187.5
20211118200926  -663.9 -74.1 -187.6
20211118200927  -663.9 -74.2 -187.6
20211118200928  -663.8 -74.1 -187.7
20211118200929  -663.9 -73.8 -187.3
20211118200930  -664.2 -73.6 -187.3
20211118200931  -664.2 -73.8 -187.4
20211118200932  -664.3 -73.6 -187.5
20211118200933  -664.5 -73.8 -187.3
20211118200934  -664.4 -73.6 -187.1
20211118200935  -664.6 -73.6 -187.3
20211118200936  -664.1 -73.5 -187.3
20211118200937  -664.6 -73.5 -187.2
20211118200938  -664.5 -73.5 -187.1
20211118200939  -664.6 -73.4 -187.2
20211118200940  -664.4 -73.2 -187.0
20211118200941  -664.4 -73.1 -187.2
20211118200942  -664.1 -73.3 -187.1
20211118200943  -663.7 -73.3 -186.6
20211118200944  -663.6 -73.0 -186.4
20211118200945  -663.8 -72.7 -186.6
20211118200946  -664.3 -72.9 -187.0
20211118200947  -664.3 -73.0 -187.1
20211118200948  -664.3 -73.1 -187.0
20211118200949  -664.5 -73.2 -187.1
20211118200950  -664.4 -73.2 -187.0
20211118200951  -664.3 -73.0 -187.0
20211118200952  -664.0 -73.0 -187.0
20211118200953  -664.2 -72.9 -187.1
20211118200954  -664.5 -73.0 -187.2
20211118200955  -664.3 -72.9 -187.1
20211118200956  -664.2 -73.0 -186.9
20211118200957  -664.1 -73.0 -187.2
20211118200958  -664.1 -73.0 -187.4
20211118200959  -663.9 -73.3 -187.3
20211118201000  -664.0 -73.1 -187.0
20211118201001  -664.0 -72.7 -187.0
20211118201002  -664.3 -72.8 -187.1
20211118201003  -663.9 -72.9 -187.1
20211118201004  -663.8 -72.8 -187.0
20211118201005  -664.1 -72.8 -186.9
20211118201006  -664.2 -72.9 -186.7
20211118201007  -664.1 -72.7 -187.0
20211118201008  -663.8 -72.7 -187.1
20211118201009  -663.2 -72.6 -186.2
20211118201010  -662.8 -72.2 -186.2
20211118201011  -663.3 -72.3 -186.2
20211118201012  -663.6 -72.3 -186.7
20211118201013  -663.6 -72.3 -187.0
20211118201014  -663.7 -72.2 -186.9
20211118201015  -663.5 -72.1 -186.9
20211118201016  -663.6 -72.6 -187.0
20211118201017  -663.5 -72.3 -186.9
20211118201018  -663.5 -72.6 -187.2
20211118201019  -663.4 -72.4 -186.9
20211118201020  -663.8 -72.4 -186.9
20211118201021  -663.4 -72.5 -187.0
20211118201022  -663.5 -72.5 -187.1
20211118201023  -663.3 -72.5 -186.9
20211118201024  -663.5 -72.3 -187.1
20211118201025  -663.4 -72.6 -187.3
20211118201026  -663.3 -72.3 -187.3
20211118201027  -663.2 -72.4 -187.3
20211118201028  -663.0 -72.5 -187.1
20211118201029  -663.2 -72.5 -187.1
20211118201030  -663.2 -72.6 -187.4
20211118201031  -662.9 -72.3 -187.5
20211118201032  -662.9 -72.6 -187.1
20211118201033  -662.8 -72.8 -187.1
20211118201034  -662.6 -72.8 -187.2
20211118201035  -662.1 -72.9 -186.9
20211118201036  -661.6 -72.6 -186.5
20211118201037  -662.6 -73.0 -187.1
20211118201038  -662.3 -72.8 -187.0
20211118201039  -662.0 -73.2 -187.0
20211118201040  -662.0 -73.4 -187.3
20211118201041  -662.1 -73.3 -187.4
20211118201042  -661.9 -73.6 -187.6
20211118201043  -661.8 -73.4 -187.7
20211118201044  -662.1 -73.5 -187.5
20211118201045  -662.1 -73.5 -188.0
20211118201046  -661.9 -73.7 -188.1
20211118201047  -662.0 -73.5 -188.0
20211118201048  -661.7 -73.4 -187.7
20211118201049  -661.9 -73.6 -187.8
20211118201050  -662.1 -73.8 -187.8
20211118201051  -662.0 -73.9 -187.9
20211118201052  -662.0 -73.9 -187.7
20211118201053  -662.0 -73.9 -187.7
20211118201054  -661.8 -73.9 -187.5
20211118201055  -662.0 -74.2 -187.5
20211118201056  -661.8 -74.3 -187.8
20211118201057  -662.0 -74.4 -187.8
20211118201058  -662.1 -74.2 -187.7
20211118201059  -662.2 -74.3 -187.9
20211118201100  -662.2 -74.4 -187.7
20211118201101  -661.6 -74.3 -187.5
20211118201102  -661.5 -74.0 -187.0
20211118201103  -662.1 -74.5 -187.8
20211118201104  -662.2 -74.6 -188.1
20211118201105  -662.3 -74.8 -187.9
20211118201106  -662.3 -74.7 -188.2
20211118201107  -662.3 -74.7 -188.1
20211118201108  -662.3 -74.8 -187.7
20211118201109  -662.2 -74.7 -187.9
20211118201110  -662.1 -74.8 -187.8
20211118201111  -662.0 -74.5 -187.8
20211118201112  -662.3 -74.7 -188.1
20211118201113  -662.4 -74.8 -187.9
20211118201114  -662.2 -74.8 -188.0
20211118201115  -662.7 -74.9 -188.2
20211118201116  -662.7 -75.0 -188.1
20211118201117  -662.5 -74.7 -188.1
20211118201118  -662.8 -74.5 -188.1
20211118201119  -662.8 -74.9 -188.3
20211118201120  -662.8 -74.8 -188.5
20211118201121  -662.7 -74.8 -188.3
20211118201122  -662.9 -74.8 -188.2
20211118201123  -663.2 -74.8 -188.0
20211118201124  -663.4 -74.9 -188.5
20211118201125  -663.1 -74.8 -188.5
20211118201126  -662.8 -74.6 -188.2
20211118201127  -662.3 -74.9 -187.9
20211118201128  -662.1 -74.9 -187.5
20211118201129  -663.1 -75.0 -188.5
20211118201130  -663.2 -74.8 -188.3
20211118201131  -663.1 -74.8 -188.6
20211118201132  -663.6 -75.0 -188.5
20211118201133  -663.3 -75.0 -188.8
20211118201134  -663.2 -75.0 -188.5
20211118201135  -663.2 -74.7 -188.3
20211118201136  -663.1 -74.8 -188.4
20211118201137  -663.2 -75.0 -188.4
20211118201138  -663.2 -75.3 -188.2
20211118201139  -663.2 -75.1 -188.5
20211118201140  -663.2 -75.1 -188.3
20211118201141  -663.3 -74.8 -188.3
20211118201142  -663.2 -75.2 -188.5
20211118201143  -663.3 -75.1 -187.9
20211118201144  -663.3 -75.2 -188.3
20211118201145  -663.3 -75.3 -188.2
20211118201146  -663.2 -75.4 -188.3
20211118201147  -663.5 -75.1 -188.4
20211118201148  -663.6 -74.8 -188.4
20211118201149  -663.4 -74.8 -188.4
20211118201150  -663.5 -74.9 -188.5
20211118201151  -663.3 -75.0 -188.4
20211118201152  -663.3 -75.0 -188.5
20211118201153  -662.8 -75.1 -188.3
20211118201154  -662.5 -74.7 -187.7
20211118201155  -663.4 -74.9 -188.5
20211118201156  -663.6 -74.6 -188.3
20211118201157  -663.6 -75.2 -188.4
20211118201158  -663.4 -75.2 -188.2
20211118201159  -663.4 -75.1 -188.4
20211118201200  -663.4 -75.2 -188.8
20211118201201  -663.5 -75.2 -188.5
20211118201202  -663.5 -75.2 -188.4
20211118201203  -663.3 -75.0 -188.6
20211118201204  -663.3 -75.3 -188.7
20211118201205  -663.6 -75.2 -188.6
20211118201206  -663.5 -75.2 -189.0
20211118201207  -663.6 -75.3 -189.0
20211118201208  -663.6 -75.1 -188.9
20211118201209  -663.5 -75.3 -188.8
20211118201210  -663.4 -75.1 -189.0
20211118201211  -663.1 -75.0 -188.7
20211118201212  -663.3 -75.2 -188.6
20211118201213  -663.1 -75.5 -188.8
20211118201214  -663.3 -75.1 -188.8
20211118201215  -663.4 -75.0 -188.9
20211118201216  -663.1 -75.3 -188.6
20211118201217  -663.4 -75.4 -188.9
20211118201218  -662.9 -75.3 -189.0
20211118201219  -662.2 -75.4 -188.6
20211118201220  -662.1 -75.6 -188.4
20211118201221  -662.6 -75.1 -189.0
20211118201222  -663.1 -75.3 -189.2
20211118201223  -662.8 -75.5 -189.1
20211118201224  -662.6 -75.4 -189.2
20211118201225  -662.6 -75.6 -189.0
20211118201226  -662.6 -75.7 -189.0
20211118201227  -662.5 -75.7 -188.9
20211118201228  -662.4 -75.7 -189.1
20211118201229  -662.3 -75.7 -189.3
20211118201230  -662.1 -75.8 -189.1
20211118201231  -662.4 -75.9 -189.0
20211118201232  -662.3 -76.0 -189.0
20211118201233  -662.5 -76.0 -189.1
20211118201234  -662.2 -75.8 -189.0
20211118201235  -662.3 -76.0 -189.2
20211118201236  -662.3 -75.9 -189.1
20211118201237  -662.1 -75.7 -189.1
20211118201238  -662.1 -76.0 -189.1
20211118201239  -662.1 -75.9 -189.2
20211118201240  -662.2 -76.0 -189.1
20211118201241  -662.4 -76.0 -189.3
20211118201242  -662.1 -75.9 -189.2
20211118201243  -662.4 -76.0 -189.3
20211118201244  -662.1 -76.1 -188.9
20211118201245  -661.7 -75.9 -188.6
20211118201246  -661.6 -75.8 -188.6
20211118201247  -661.4 -75.7 -188.6
20211118201248  -662.3 -75.8 -189.1
20211118201249  -662.2 -75.6 -188.9
20211118201250  -662.2 -75.7 -189.1
20211118201251  -662.5 -75.7 -189.1
20211118201252  -662.5 -75.9 -189.3
20211118201253  -662.2 -75.7 -189.4
20211118201254  -662.3 -76.0 -189.3
20211118201255  -662.4 -75.9 -189.1
20211118201256  -662.4 -76.0 -188.9
20211118201257  -662.3 -75.9 -189.1
20211118201258  -662.3 -76.2 -189.0
20211118201259  -662.3 -76.0 -188.9
20211118201300  -662.4 -75.7 -189.0
20211118201301  -662.2 -76.0 -189.3
20211118201302  -662.0 -75.9 -188.9
20211118201303  -662.0 -76.0 -188.8
20211118201304  -662.0 -76.1 -189.3
20211118201305  -662.3 -75.9 -189.0
20211118201306  -662.2 -76.1 -189.0
20211118201307  -662.3 -75.9 -189.0
20211118201308  -662.3 -75.8 -189.0
20211118201309  -662.1 -75.9 -188.9
20211118201310  -662.0 -76.0 -189.0
20211118201311  -661.3 -76.0 -188.6
20211118201312  -661.0 -75.9 -188.3
20211118201313  -661.0 -76.1 -188.0
20211118201314  -661.8 -75.6 -188.3
20211118201315  -662.0 -75.9 -189.0
20211118201316  -661.8 -76.0 -188.7
20211118201317  -662.0 -76.0 -188.8
20211118201318  -661.9 -76.0 -188.7
20211118201319  -661.8 -75.8 -188.7
20211118201320  -661.8 -76.0 -188.8
20211118201321  -661.7 -75.7 -189.2
20211118201322  -662.1 -75.9 -189.1
20211118201323  -662.2 -75.7 -189.2
20211118201324  -661.9 -75.8 -189.1
20211118201325  -661.7 -75.7 -188.9
20211118201326  -661.8 -76.0 -188.8
20211118201327  -662.0 -76.1 -188.6
20211118201328  -661.8 -76.1 -188.8
20211118201329  -661.8 -76.1 -188.8
20211118201330  -661.8 -75.9 -188.8
20211118201331  -662.0 -76.1 -188.8
20211118201332  -662.2 -75.7 -188.7
20211118201333  -662.0 -76.1 -188.8
20211118201334