20211203212523  -716.5 -70.0 -776.0
20211203212524  -716.5 -69.8 -776.0
20211203212525  -716.5 -70.2 -776.1
20211203212526  -716.3 -70.3 -776.2
20211203212527  -715.8 -70.4 -775.8
20211203212528  -715.6 -70.2 -775.2
20211203212529  -715.6 -69.9 -775.2
20211203212530  -715.8 -70.1 -775.2
20211203212531  -716.6 -70.3 -775.6
20211203212532  -716.8 -70.4 -776.1
20211203212533  -716.8 -70.3 -776.3
20211203212534  -717.1 -70.2 -776.2
20211203212535  -717.3 -70.2 -776.1
20211203212536  -717.4 -70.1 -776.2
20211203212537  -717.5 -69.9 -776.3
20211203212538  -717.8 -70.1 -776.2
20211203212539  -718.2 -70.0 -776.4
20211203212540  -718.3 -69.9 -776.6
20211203212541  -718.3 -70.2 -776.5
20211203212542  -718.4 -70.1 -776.5
20211203212543  -718.4 -70.2 -776.6
20211203212544  -718.5 -70.4 -776.4
20211203212545  -718.7 -70.4 -776.6
20211203212546  -718.7 -70.7 -776.7
20211203212547  -718.7 -70.9 -776.6
20211203212548  -718.9 -70.8 -776.7
20211203212549  -718.8 -70.9 -776.8
20211203212550  -719.0 -71.0 -777.3
20211203212551  -719.0 -71.0 -777.0
20211203212552  -718.8 -70.8 -777.0
20211203212553  -718.4 -70.5 -776.6
20211203212554  -718.5 -70.4 -776.7
20211203212555  -718.1 -70.1 -776.3
20211203212556  -718.4 -70.0 -776.2
20211203212557  -719.0 -70.1 -776.8
20211203212558  -719.1 -70.1 -777.1
20211203212559  -719.1 -70.5 -777.2
20211203212600  -719.1 -70.3 -777.3
20211203212601  -719.1 -70.2 -776.9
20211203212602  -719.5 -70.6 -777.3
20211203212603  -719.6 -70.6 -777.7
20211203212604  -719.3 -70.9 -777.7
20211203212605  -719.9 -70.7 -777.7
20211203212606  -719.7 -70.6 -777.9
20211203212607  -719.6 -70.6 -777.9
20211203212608  -719.5 -70.5 -777.6
20211203212609  -719.7 -70.4 -777.3
20211203212610  -720.0 -70.1 -777.5
20211203212611  -720.0 -69.9 -777.6
20211203212612  -720.3 -70.1 -777.8
20211203212613  -720.1 -70.4 -777.8
20211203212614  -720.1 -70.2 -778.1
20211203212615  -720.2 -70.2 -777.9
20211203212616  -720.1 -70.1 -777.9
20211203212617  -720.2 -70.2 -777.8
20211203212618  -720.1 -70.5 -777.8
20211203212619  -720.0 -70.9 -778.1
20211203212620  -719.8 -70.9 -777.7
20211203212621  -719.4 -70.7 -777.4
20211203212622  -719.8 -70.3 -777.6
20211203212623  -720.3 -70.5 -778.1
20211203212624  -720.4 -70.7 -778.1
20211203212625  -720.2 -70.6 -778.3
20211203212626  -720.2 -70.4 -778.2
20211203212627  -720.4 -70.4 -778.4
20211203212628  -720.7 -70.2 -778.4
20211203212629  -720.6 -70.4 -778.4
20211203212630  -720.8 -70.2 -778.7
20211203212631  -720.7 -70.3 -778.3
20211203212632  -720.7 -70.4 -778.6
20211203212633  -720.6 -70.2 -778.8
20211203212634  -720.8 -69.9 -778.9
20211203212635  -720.8 -70.2 -778.9
20211203212636  -720.6 -70.4 -778.6
20211203212637  -720.6 -70.5 -778.6
20211203212638  -720.8 -70.7 -778.6
20211203212639  -720.9 -70.3 -779.0
20211203212640  -720.6 -70.1 -779.2
20211203212641  -720.7 -70.1 -779.3
20211203212642  -720.9 -70.2 -779.3
20211203212643  -721.1 -70.2 -779.2
20211203212644  -721.0 -70.2 -779.4
20211203212645  -720.8 -70.5 -779.5
20211203212646  -720.5 -70.0 -779.0
20211203212647  -720.5 -69.9 -779.0
20211203212648  -720.7 -70.0 -778.9
20211203212649  -721.1 -70.0 -779.2
20211203212650  -720.9 -69.9 -779.1
20211203212651  -721.0 -70.1 -779.4
20211203212652  -720.9 -70.2 -779.0
20211203212653  -720.6 -70.2 -779.0
20211203212654  -720.2 -70.1 -778.9
20211203212655  -720.0 -70.4 -778.7
20211203212656  -720.1 -70.5 -778.9
20211203212657  -719.8 -70.3 -778.8
20211203212658  -719.5 -70.4 -778.7
20211203212659  -719.3 -70.6 -778.9
20211203212700  -719.1 -70.8 -779.0
20211203212701  -719.0 -70.6 -778.9
20211203212702  -718.9 -70.7 -778.7
20211203212703  -718.6 -70.9 -779.0
20211203212704  -718.3 -70.7 -779.1
20211203212705  -718.4 -70.7 -779.0
20211203212706  -718.3 -70.7 -779.1
20211203212707  -718.3 -70.9 -779.0
20211203212708  -718.4 -71.2 -779.3
20211203212709  -718.4 -71.1 -779.1
20211203212710  -718.0 -71.3 -778.9
20211203212711  -717.4 -71.6 -778.7
20211203212712  -716.8 -71.5 -778.7
20211203212713  -716.4 -71.1 -778.0
20211203212714  -716.3 -70.9 -778.1
20211203212715  -716.8 -70.9 -778.2
20211203212716  -716.9 -71.2 -778.2
20211203212717  -716.9 -70.9 -778.5
20211203212718  -717.1 -70.8 -778.4
20211203212719  -717.1 -70.9 -778.3
20211203212720  -717.3 -71.3 -778.6
20211203212721  -717.3 -71.0 -778.5
20211203212722  -717.3 -71.0 -778.4
20211203212723  -717.6 -71.1 -778.4
20211203212724  -717.6 -71.2 -778.4
20211203212725  -717.6 -71.6 -778.3
20211203212726  -717.7 -71.5 -778.1
20211203212727  -717.6 -71.6 -778.2
20211203212728  -717.9 -71.6 -778.2
20211203212729  -717.8 -71.6 -778.0
20211203212730  -717.9 -71.9 -778.0
20211203212731  -717.9 -71.5 -778.3
20211203212732  -717.7 -71.5 -778.3
20211203212733  -717.8 -71.6 -777.8
20211203212734  -717.4 -71.5 -777.8
20211203212735  -717.6 -71.1 -777.9
20211203212736  -717.2 -71.0 -778.0
20211203212737  -717.2 -71.3 -778.0
20211203212738  -716.4 -71.1 -777.7
20211203212739  -716.1 -70.9 -777.6
20211203212740  -716.3 -70.8 -777.5
20211203212741  -716.7 -70.8 -778.0
20211203212742  -716.7 -70.6 -778.4
20211203212743  -716.4 -71.1 -778.2
20211203212744  -716.5 -70.9 -777.9
20211203212745  -716.7 -71.0 -778.0
20211203212746  -716.3 -71.1 -777.7
20211203212747  -716.3 -71.0 -777.5
20211203212748  -716.2 -71.0 -777.5
20211203212749  -716.0 -70.9 -777.2
20211203212750  -716.0 -70.9 -777.2
20211203212751  -715.7 -70.8 -777.3
20211203212752  -715.7 -70.7 -777.2
20211203212753  -715.3 -70.7 -777.3
20211203212754  -715.0 -70.4 -777.2
20211203212755  -714.9 -70.3 -777.3
20211203212756  -714.5 -70.5 -777.1
20211203212757  -714.4 -70.3 -777.1
20211203212758  -714.0 -70.1 -777.0
20211203212759  -714.1 -70.2 -776.8
20211203212800  -713.8 -70.1 -777.0
20211203212801  -713.7 -70.3 -777.0
20211203212802  -713.4 -70.4 -777.0
20211203212803  -713.0 -70.3 -776.9
20211203212804  -712.8 -70.1 -776.8
20211203212805  -712.1 -69.7 -776.4
20211203212806  -711.9 -69.8 -776.5
20211203212807  -712.6 -70.0 -777.1
20211203212808  -713.1 -70.0 -777.4
20211203212809  -713.0 -69.9 -777.2
20211203212810  -712.9 -70.1 -777.1
20211203212811  -712.8 -69.9 -777.2
20211203212812  -712.7 -70.1 -776.9
20211203212813  -712.7 -70.2 -777.1
20211203212814  -712.5 -70.3 -777.1
20211203212815  -712.5 -70.0 -777.2
20211203212816  -712.2 -69.9 -777.1
20211203212817  -712.2 -69.8 -777.2
20211203212818  -712.5 -69.7 -777.6
20211203212819  -712.6 -69.8 -777.5
20211203212820  -712.3 -69.8 -777.4
20211203212821  -712.4 -69.7 -777.4
20211203212822  -712.2 -69.4 -777.4
20211203212823  -712.0 -69.5 -777.4
20211203212824  -712.0 -69.5 -777.2
20211203212825  -711.9 -69.5 -777.3
20211203212826  -711.9 -69.6 -777.1
20211203212827  -711.8 -69.5 -776.9
20211203212828  -711.6 -69.6 -776.9
20211203212829  -711.4 -69.5 -777.0
20211203212830  -710.9 -69.6 -776.5
20211203212831  -710.3 -69.3 -776.3
20211203212832  -710.1 -69.2 -775.9
20211203212833  -710.5 -69.3 -775.9
20211203212834  -710.5 -69.6 -776.4
20211203212835  -710.3 -69.5 -776.7
20211203212836  -710.3 -69.5 -776.4
20211203212837  -710.0 -69.6 -776.6
20211203212838  -710.1 -69.5 -776.6
20211203212839  -710.1 -69.6 -776.5
20211203212840  -710.0 -69.5 -776.2
20211203212841  -710.0 -69.6 -776.4
20211203212842  -710.0 -69.8 -776.6
20211203212843  -709.7 -69.4 -776.5
20211203212844  -709.5 -69.2 -776.5
20211203212845  -709.8 -69.5 -776.3
20211203212846  -709.7 -69.4 -776.4
20211203212847  -709.6 -69.1 -776.3
20211203212848  -709.6 -68.9 -776.3
20211203212849  -709.2 -69.0 -776.6
20211203212850  -709.2 -69.2 -776.7
20211203212851  -709.4 -69.0 -776.7
20211203212852  -709.5 -68.7 -776.7
20211203212853  -709.3 -68.5 -776.6
20211203212854  -709.5 -68.6 -776.5
20211203212855  -709.7 -68.5 -776.7
20211203212856  -709.1 -68.4 -776.6
20211203212857  -708.6 -68.1 -776.1
20211203212858  -708.5 -68.1 -775.9
20211203212859  -708.6 -67.8 -775.9
20211203212900  -709.0 -68.0 -776.1
20211203212901  -708.7 -68.1 -776.4
20211203212902  -708.5 -68.0 -776.6
20211203212903  -708.4 -68.0 -776.3
20211203212904  -708.4 -67.7 -776.2
20211203212905  -708.5 -67.8 -776.4
20211203212906  -708.4 -67.7 -776.1
20211203212907  -708.3 -67.5 -775.7
20211203212908  -708.6 -67.6 -775.7
20211203212909  -708.5 -67.5 -775.9
20211203212910  -708.6 -67.5 -776.1
20211203212911  -708.2 -67.6 -776.1
20211203212912  -708.2 -67.4 -775.9
20211203212913  -708.1 -67.1 -775.9
20211203212914  -708.0 -67.0 -775.7
20211203212915  -707.7 -67.0 -775.7
20211203212916  -707.7 -66.9 -775.7
20211203212917  -707.5 -67.1 -775.4
20211203212918  -707.3 -67.0 -775.4
20211203212919  -707.4 -66.8 -775.6
20211203212920  -707.0 -66.3 -775.6
20211203212921  -707.1 -66.8 -775.8
20211203212922  -706.5 -66.8 -775.6
20211203212923  -706.1 -66.8 -775.2
20211203212924  -706.0 -66.5 -774.8
20211203212925  -706.1 -66.1 -775.4
20211203212926  -706.7 -65.9 -775.9
20211203212927  -706.7 -66.1 -775.8
20211203212928  -706.9 -66.3 -775.8
20211203212929  -706.7 -66.0 -775.6
20211203212930  -706.5 -65.9 -775.4
20211203212931  -706.5 -65.8 -775.6
20211203212932  -706.3 -65.9 -775.8
20211203212933  -706.5 -66.2 -775.8
20211203212934  -706.6 -66.3 -776.0
20211203212935  -706.4 -66.1 -775.8
20211203212936  -706.5 -66.5 -775.7
20211203212937  -706.6 -66.6 -775.7
20211203212938  -706.5 -66.4 -775.8
20211203212939  -706.7 -66.3 -775.8
20211203212940  -707.0 -66.4 -776.0
20211203212941  -706.9 -66.5 -776.0
20211203212942  -707.1 -66.4 -776.1
20211203212943  -707.2 -66.5 -776.3
20211203212944  -707.3 -66.7 -776.1
20211203212945  -707.3 -66.3 -775.8
20211203212946  -707.2 -66.1 -775.7
20211203212947  -707.3 -66.1 -775.9
20211203212948  -706.9 -66.2 -775.8
20211203212949  -706.3 -66.2 -775.3
20211203212950  -706.1 -66.3 -775.1
20211203212951  -706.1 -66.0 -774.9
20211203212952  -706.7 -65.8 -775.4
20211203212953  -706.9 -65.6 -775.6
20211203212954  -706.8 -65.6 -775.8
20211203212955  -706.9 -65.7 -775.8
20211203212956  -707.0 -65.8 -775.7
20211203212957  -707.0 -65.9 -775.8
20211203212958  -707.0 -65.7 -776.0
20211203212959  -707.3 -66.1 -776.2
20211203213000  -707.2 -65.8 -776.2
20211203213001  -707.6 -65.7 -776.1
20211203213002  -707.5 -66.0 -775.8
20211203213003  -707.6 -65.7 -775.8
20211203213004  -707.6 -65.7 -776.0
20211203213005  -707.5 -66.2 -775.7
20211203213006  -707.4 -65.8 -776.1
20211203213007  -707.6 -65.8 -776.0
20211203213008  -707.6 -65.8 -776.3
20211203213009  -707.7 -66.0 -776.0
20211203213010  -707.7 -65.8 -776.1
20211203213011  -707.8 -65.9 -775.9
20211203213012  -707.7 -65.9 -776.0
20211203213013  -707.8 -65.7 -776.1
20211203213014  -707.7 -65.8 -776.4
20211203213015  -707.1 -65.7 -775.7
20211203213016  -706.8 -65.6 -775.3
20211203213017  -706.8 -65.9 -775.0
20211203213018  -707.3 -65.7 -775.7
20211203213019  -707.6 -66.1 -775.7
20211203213020  -707.5 -65.8 -776.0
20211203213021  -707.7 -65.9 -776.0
20211203213022  -707.9 -66.0 -775.9
20211203213023  -707.8 -65.8 -776.0
20211203213024  -708.2 -65.9 -776.1
20211203213025  -707.9 -65.9 -776.0
20211203213026  -708.0 -65.7 -776.1
20211203213027  -708.2 -65.9 -776.1
20211203213028  -708.1 -65.8 -776.2
20211203213029  -708.2 -65.9 -776.3
20211203213030  -707.9 -65.9 -776.3
20211203213031  -707.9 -65.9 -776.4
20211203213032  -707.8 -65.8 -776.8
20211203213033  -707.8 -65.8 -776.8
20211203213034  -708.0 -65.8 -776.4
20211203213035  -707.8 -65.8 -776.1
20211203213036  -707.7 -65.6 -776.6
20211203213037  -707.8 -65.6 -776.9
20211203213038  -707.9 -65.6 -776.5
20211203213039  -708.1 -65.8 -776.7
20211203213040  -708.0 -66.1 -776.6
20211203213041  -707.6 -66.0 -776.5
20211203213042  -707.1 -65.7 -776.0
20211203213043  -707.0 -65.5 -775.9
20211203213044  -707.7 -65.6 -776.7
20211203213045  -707.9 -65.8 -776.9
20211203213046  -708.3 -65.7 -777.0
20211203213047  -708.2 -65.9 -777.1
20211203213048  -708.0 -65.8 -777.1
20211203213049  -708.3 -65.6 -777.0
20211203213050  -708.2 -65.5 -777.0
20211203213051  -708.2 -65.9 -777.1
20211203213052  -708.2 -66.0 -777.1
20211203213053  -708.5 -65.8 -777.0
20211203213054  -708.3 -65.8 -777.0
20211203213055  -708.2 -65.6 -776.8
20211203213056  -708.2 -65.7 -776.9
20211203213057  -708.0 -65.6 -776.9
20211203213058  -708.5 -65.7 -777.2
20211203213059  -708.8 -65.6 -777.0
20211203213100  -708.6 -65.7 -777.4
20211203213101  -708.7 -65.7 -777.4
20211203213102  -708.5 -65.9 -777.3
20211203213103  -708.6 -66.1 -777.4
20211203213104  -708.5 -66.0 -777.3
20211203213105  -708.6 -66.1 -777.4
20211203213106  -708.8 -66.3 -777.6
20211203213107  -708.4 -66.2 -777.6
20211203213108  -708.0 -66.0 -777.2
20211203213109  -708.0 -65.8 -777.1
20211203213110  -708.9 -65.9 -777.7
20211203213111  -708.7 -65.9 -777.4
20211203213112  -708.6 -65.9 -777.4
20211203213113  -708.8 -66.0 -777.4
20211203213114  -708.5 -66.1 -777.5
20211203213115  -708.8 -66.3 -777.4
20211203213116  -708.8 -66.1 -777.5
20211203213117  -708.7 -66.3 -777.3
20211203213118  -708.7 -66.2 -777.7
20211203213119  -708.9 -66.1 -777.5
20211203213120  -708.7 -66.2 -777.7
20211203213121  -708.8 -66.1 -777.4
20211203213122  -708.8 -66.2 -777.8
20211203213123  -708.7 -66.2 -777.8
20211203213124  -708.8 -66.5 -778.1
20211203213125  -708.9 -66.5 -777.9
20211203213126  -709.0 -66.4 -778.1
20211203213127  -709.0 -66.3 -778.2
20211203213128  -708.8 -66.5 -778.4
20211203213129  -708.9 -66.4 -778.4
20211203213130  -709.0 -66.6 -778.3
20211203213131  -709.1 -66.4 -778.2
20211203213132  -709.1 -67.0 -778.4
20211203213133  -708.6 -67.0 -778.2
20211203213134  -708.1 -66.7 -777.6
20211203213135  -708.4 -67.0 -777.7
20211203213136  -708.5 -66.9 -778.3
20211203213137  -708.6 -66.5 -778.3
20211203213138  -708.8 -66.5 -778.0
20211203213139  -709.0 -66.6 -778.2
20211203213140  -709.3 -66.6 -778.1
20211203213141  -709.0 -66.4 -778.3
20211203213142  -709.2 -66.4 -778.5
20211203213143  -709.3 -66.3 -778.6
20211203213144  -709.4 -66.4 -778.7
20211203213145  -709.4 -66.4 -778.6
20211203213146  -709.7 -66.3 -778.6
20211203213147  -709.6 -66.1 -778.6
20211203213148  -709.6 -66.2 -778.6
20211203213149  -709.3 -66.4 -778.5
20211203213150  -709.3 -66.4 -778.6
20211203213151  -709.3 -66.6 -778.6
20211203213152  -709.4 -66.3 -778.4
20211203213153  -709.1 -66.2 -778.5
20211203213154  -709.3 -66.3 -778.4
20211203213155  -708.9 -66.4 -778.6
20211203213156  -708.9 -65.9 -778.5
20211203213157  -709.1 -66.0 -778.4
20211203213158  -709.1 -66.2 -778.6
20211203213159  -709.1 -66.3 -778.4
20211203213200  -708.3 -66.2 -777.9
20211203213201  -708.7 -65.7 -778.2
20211203213202  -709.2 -65.7 -778.6
20211203213203  -709.0 -65.9 -778.2
20211203213204  -709.2 -65.7 -778.3
20211203213205  -709.3 -65.8 -778.3
20211203213206  -709.3 -65.9 -778.1
20211203213207  -709.3 -65.8 -778.4
20211203213208  -709.4 -66.1 -778.6
20211203213209  -709.3 -65.9 -778.3
20211203213210  -709.3 -65.8 -778.6
20211203213211  -709.5 -65.8 -778.7
20211203213212  -709.6 -65.8 -778.6
