20211101231057  -669.0 -88.4 -197.5
20211101231058  -669.1 -88.4 -197.4
20211101231059  -669.1 -88.2 -197.5
20211101231100  -668.9 -88.1 -197.6
20211101231101  -669.0 -88.3 -197.9
20211101231102  -669.1 -88.2 -197.9
20211101231103  -669.2 -88.1 -197.6
20211101231104  -669.1 -88.2 -197.6
20211101231105  -669.1 -88.2 -197.7
20211101231106  -669.2 -88.3 -197.7
20211101231107  -668.8 -88.2 -197.6
20211101231108  -668.9 -88.6 -197.6
20211101231109  -669.0 -88.5 -197.8
20211101231110  -669.1 -88.3 -197.7
20211101231111  -669.0 -88.2 -197.4
20211101231112  -668.9 -88.3 -197.6
20211101231113  -668.9 -88.5 -197.4
20211101231114  -668.6 -88.4 -197.6
20211101231115  -668.6 -88.4 -197.7
20211101231116  -668.8 -88.6 -197.8
20211101231117  -668.8 -88.6 -197.6
20211101231118  -669.2 -88.6 -197.7
20211101231119  -669.0 -88.6 -197.8
20211101231120  -668.9 -88.7 -197.7
20211101231121  -669.0 -88.9 -197.7
20211101231122  -668.9 -88.8 -197.6
20211101231123  -668.6 -88.7 -197.6
20211101231124  -668.8 -88.8 -197.5
20211101231125  -668.6 -88.9 -197.6
20211101231126  -668.7 -88.8 -197.4
20211101231127  -668.5 -88.8 -197.5
20211101231128  -668.6 -88.8 -197.4
20211101231129  -668.4 -88.8 -197.4
20211101231130  -668.6 -88.9 -197.3
20211101231131  -668.4 -88.5 -197.2
20211101231132  -668.4 -88.8 -197.6
20211101231133  -668.2 -88.8 -197.5
20211101231134  -668.2 -88.8 -197.3
20211101231135  -668.3 -88.7 -197.3
20211101231136  -668.3 -89.0 -197.3
20211101231137  -668.3 -88.7 -197.4
20211101231138  -668.2 -88.6 -197.3
20211101231139  -668.4 -88.4 -197.3
20211101231140  -668.3 -88.8 -197.2
20211101231141  -668.7 -88.9 -197.3
20211101231142  -668.5 -88.7 -197.4
20211101231143  -668.5 -88.6 -197.3
20211101231144  -668.6 -88.5 -197.4
20211101231145  -668.5 -88.9 -197.2
20211101231146  -668.6 -88.9 -197.1
20211101231147  -669.0 -88.7 -197.4
20211101231148  -668.9 -88.7 -197.4
20211101231149  -668.5 -89.0 -197.4
20211101231150  -669.0 -89.1 -197.4
20211101231151  -668.9 -88.9 -197.4
20211101231152  -668.7 -88.8 -197.3
20211101231153  -668.9 -89.2 -197.4
20211101231154  -668.8 -89.0 -197.3
20211101231155  -669.0 -89.1 -197.6
20211101231156  -668.7 -89.1 -197.5
20211101231157  -669.1 -89.2 -197.4
20211101231158  -669.0 -89.1 -197.4
20211101231159  -669.0 -89.2 -197.4
20211101231200  -669.2 -89.1 -197.4
20211101231201  -669.3 -88.8 -197.6
20211101231202  -669.0 -89.0 -197.4
20211101231203  -669.2 -89.1 -197.7
20211101231204  -668.8 -89.0 -197.5
20211101231205  -668.8 -89.1 -197.2
20211101231206  -669.0 -89.0 -197.5
20211101231207  -668.8 -89.0 -197.7
20211101231208  -669.0 -89.0 -197.4
20211101231209  -669.1 -89.0 -197.5
20211101231210  -668.9 -89.1 -197.6
20211101231211  -668.9 -89.1 -197.5
20211101231212  -668.8 -89.1 -197.2
20211101231213  -669.0 -89.2 -197.5
20211101231214  -668.7 -89.4 -197.3
20211101231215  -668.8 -89.2 -197.4
20211101231216  -668.9 -89.1 -197.3
20211101231217  -669.2 -89.1 -197.7
20211101231218  -669.2 -89.6 -197.5
20211101231219  -669.3 -89.3 -197.4
20211101231220  -669.1 -89.2 -197.3
20211101231221  -669.3 -89.5 -197.4
20211101231222  -669.2 -89.4 -197.4
20211101231223  -669.2 -89.3 -197.1
20211101231224  -669.1 -89.3 -197.4
20211101231225  -669.0 -89.3 -197.6
20211101231226  -669.2 -89.4 -197.5
20211101231227  -669.2 -89.5 -197.9
20211101231228  -669.3 -89.5 -197.6
20211101231229  -669.0 -89.5 -197.7
20211101231230  -668.9 -89.4 -197.7
20211101231231  -668.9 -89.7 -197.8
20211101231232  -669.1 -89.6 -197.6
20211101231233  -668.8 -89.5 -197.4
20211101231234  -669.0 -89.7 -197.0
20211101231235  -669.0 -89.8 -197.1
20211101231236  -669.2 -89.6 -197.5
20211101231237  -669.0 -89.8 -197.3
20211101231238  -669.2 -89.5 -197.2
20211101231239  -669.4 -89.5 -197.6
20211101231240  -669.1 -89.1 -197.5
20211101231241  -668.8 -89.4 -197.8
20211101231242  -668.8 -89.3 -197.7
20211101231243  -669.0 -89.3 -197.8
20211101231244  -669.0 -89.3 -197.8
20211101231245  -669.1 -89.5 -197.5
20211101231246  -669.2 -89.3 -197.8
20211101231247  -669.2 -89.2 -197.7
20211101231248  -669.1 -89.2 -198.0
20211101231249  -669.0 -89.3 -198.0
20211101231250  -668.8 -89.0 -197.7
20211101231251  -668.9 -89.1 -197.7
20211101231252  -668.9 -89.3 -197.7
20211101231253  -668.7 -89.3 -197.5
20211101231254  -668.9 -89.2 -197.9
20211101231255  -668.7 -89.4 -197.7
20211101231256  -668.5 -89.4 -197.8
20211101231257  -668.6 -89.3 -197.9
20211101231258  -668.6 -89.1 -197.9
20211101231259  -668.7 -89.3 -198.0
20211101231300  -668.5 -89.2 -197.8
20211101231301  -668.7 -89.2 -198.2
20211101231302  -668.5 -89.5 -198.3
20211101231303  -668.7 -89.4 -198.1
20211101231304  -669.0 -89.2 -197.9
20211101231305  -669.3 -89.3 -198.3
20211101231306  -669.0 -89.2 -197.9
20211101231307  -668.7 -89.1 -198.5
20211101231308  -668.6 -89.2 -198.0
20211101231309  -668.8 -89.1 -198.2
20211101231310  -668.8 -89.2 -198.3
20211101231311  -668.5 -89.2 -198.1
20211101231312  -668.8 -89.1 -197.8
20211101231313  -668.5 -89.3 -197.8
20211101231314  -668.6 -89.3 -197.7
20211101231315  -668.7 -89.2 -197.9
20211101231316  -668.5 -89.2 -198.0
20211101231317  -668.6 -89.4 -197.9
20211101231318  -668.5 -89.4 -197.9
20211101231319  -668.6 -89.2 -198.1
20211101231320  -668.8 -89.1 -197.8
20211101231321  -668.6 -89.3 -197.5
20211101231322  -668.9 -89.5 -197.8
20211101231323  -668.7 -89.4 -197.8
20211101231324  -668.9 -89.2 -197.9
20211101231325  -668.7 -89.1 -197.8
20211101231326  -668.7 -89.0 -198.2
20211101231327  -668.7 -89.1 -198.1
20211101231328  -668.5 -89.0 -198.0
20211101231329  -668.8 -89.0 -198.0
20211101231330  -668.6 -89.0 -197.9
20211101231331  -668.8 -89.2 -198.1
20211101231332  -669.0 -89.1 -198.2
20211101231333  -669.1 -88.9 -198.3
20211101231334  -669.1 -89.0 -198.3
20211101231335  -669.1 -88.9 -198.0
20211101231336  -668.9 -88.8 -198.1
20211101231337  -669.0 -88.7 -198.1
20211101231338  -668.8 -88.9 -198.4
20211101231339  -669.2 -88.8 -198.5
20211101231340  -669.3 -89.1 -198.7
20211101231341  -669.5 -89.1 -198.3
20211101231342  -669.7 -89.1 -198.5
20211101231343  -670.0 -88.9 -198.2
20211101231344  -670.0 -88.8 -198.4
20211101231345  -669.9 -89.0 -198.6
20211101231346  -669.9 -89.0 -198.3
20211101231347  -670.3 -89.0 -198.4
20211101231348  -670.3 -89.0 -198.6
20211101231349  -670.2 -88.7 -198.8
20211101231350  -670.3 -89.0 -199.0
20211101231351  -669.4 -88.6 -198.3
20211101231352  -670.3 -88.9 -199.1
20211101231353  -670.5 -89.1 -198.8
20211101231354  -670.6 -89.1 -198.7
20211101231355  -670.7 -89.0 -198.9
20211101231356  -670.7 -88.9 -198.8
20211101231357  -670.6 -89.0 -198.9
20211101231358  -670.6 -88.9 -198.8
20211101231359  -671.1 -88.5 -199.0
20211101231400  -671.0 -88.7 -198.8
20211101231401  -670.9 -89.0 -199.1
20211101231402  -671.0 -89.0 -198.9
20211101231403  -670.9 -89.1 -199.2
20211101231404  -670.7 -89.1 -198.9
20211101231405  -671.2 -89.1 -198.9
20211101231406  -671.3 -89.3 -198.7
20211101231407  -671.4 -89.3 -198.7
20211101231408  -671.3 -89.0 -198.9
20211101231409  -671.6 -89.2 -199.0
20211101231410  -671.4 -89.2 -199.0
20211101231411  -670.9 -89.3 -198.9
20211101231412  -670.8 -89.1 -198.8
20211101231413  -671.0 -89.0 -199.0
20211101231414  -671.2 -89.1 -198.8
20211101231415  -671.1 -89.0 -198.9
20211101231416  -671.2 -89.1 -199.0
20211101231417  -671.3 -89.1 -198.9
20211101231418  -671.2 -89.3 -199.1
20211101231419  -671.6 -89.0 -199.0
20211101231420  -671.6 -88.8 -199.0
20211101231421  -671.1 -88.6 -198.8
20211101231422  -671.5 -88.5 -199.1
20211101231423  -671.4 -88.2 -199.4
20211101231424  -671.6 -88.1 -199.1
20211101231425  -671.7 -88.4 -199.2
20211101231426  -671.8 -88.4 -199.1
