20211101221849  -674.8 -91.1 -198.7
20211101221850  -674.7 -91.2 -198.8
20211101221851  -674.7 -90.8 -198.8
20211101221852  -674.7 -91.0 -198.7
20211101221853  -674.8 -91.1 -198.9
20211101221854  -674.9 -91.2 -199.2
20211101221855  -674.7 -91.2 -199.0
20211101221856  -675.0 -91.3 -198.8
20211101221857  -675.1 -91.2 -198.7
20211101221858  -674.6 -91.3 -198.8
20211101221859  -674.8 -91.2 -199.0
20211101221900  -674.9 -91.4 -198.6
20211101221901  -675.1 -91.0 -198.9
20211101221902  -675.0 -91.0 -199.0
20211101221903  -674.9 -90.9 -199.0
20211101221904  -674.7 -90.9 -198.9
20211101221905  -674.9 -90.6 -198.9
20211101221906  -674.8 -91.0 -199.0
20211101221907  -674.7 -91.2 -198.6
20211101221908  -674.5 -90.9 -198.5
20211101221909  -674.7 -90.9 -198.6
20211101221910  -674.7 -90.9 -198.8
20211101221911  -674.6 -91.0 -198.8
20211101221912  -674.6 -91.2 -199.3
20211101221913  -674.3 -90.9 -199.1
20211101221914  -674.3 -90.9 -198.9
20211101221915  -674.7 -91.3 -198.7
20211101221916  -674.6 -90.9 -198.9
20211101221917  -674.5 -91.0 -198.9
20211101221918  -674.4 -90.9 -198.7
20211101221919  -674.4 -90.9 -199.0
20211101221920  -674.3 -90.8 -198.9
20211101221921  -674.4 -90.6 -198.8
20211101221922  -674.7 -90.9 -199.0
20211101221923  -674.3 -90.6 -199.0
20211101221924  -674.4 -90.8 -199.0
20211101221925  -674.7 -91.0 -199.1
20211101221926  -674.5 -91.2 -198.8
20211101221927  -674.5 -90.9 -198.7
20211101221928  -674.2 -90.9 -198.4
20211101221929  -674.1 -90.6 -198.4
20211101221930  -674.2 -90.6 -198.6
20211101221931  -674.2 -90.7 -198.3
20211101221932  -674.2 -90.7 -198.5
20211101221933  -674.2 -90.7 -198.5
20211101221934  -674.1 -90.5 -198.4
20211101221935  -674.0 -90.6 -198.6
20211101221936  -673.9 -90.6 -198.8
20211101221937  -673.7 -90.5 -198.7
20211101221938  -673.8 -90.4 -198.7
20211101221939  -673.8 -90.5 -198.7
20211101221940  -674.1 -90.8 -198.8
20211101221941  -673.9 -90.8 -198.7
20211101221942  -674.0 -90.6 -198.2
20211101221943  -673.8 -90.6 -198.3
20211101221944  -673.9 -90.6 -198.4
20211101221945  -674.0 -90.6 -198.9
20211101221946  -673.6 -90.7 -198.9
20211101221947  -673.8 -90.7 -198.8
20211101221948  -673.8 -90.8 -198.8
20211101221949  -673.7 -90.7 -198.9
20211101221950  -673.8 -90.6 -198.7
20211101221951  -673.9 -90.8 -198.5
20211101221952  -673.8 -90.4 -198.7
20211101221953  -673.8 -90.5 -198.6
20211101221954  -673.7 -90.7 -198.7
20211101221955  -673.4 -90.7 -198.6
20211101221956  -673.5 -90.7 -198.4
20211101221957  -673.3 -90.9 -198.6
20211101221958  -673.0 -91.0 -198.6
20211101221959  -672.8 -90.7 -198.2
20211101222000  -673.4 -90.6 -198.6
20211101222001  -673.1 -90.5 -198.6
20211101222002  -673.0 -90.5 -198.6
20211101222003  -673.0 -90.5 -198.4
20211101222004  -673.1 -90.7 -198.4
20211101222005  -673.3 -90.9 -198.5
20211101222006  -673.1 -91.0 -198.4
20211101222007  -673.1 -90.8 -198.4
20211101222008  -673.0 -90.6 -198.2
20211101222009  -673.0 -90.7 -198.1
20211101222010  -673.0 -90.8 -198.3
20211101222011  -672.9 -90.7 -198.2
20211101222012  -672.8 -90.7 -198.3
20211101222013  -672.8 -90.6 -198.3
20211101222014  -672.6 -90.5 -198.2
20211101222015  -672.8 -90.4 -198.3
20211101222016  -672.9 -90.5 -198.2
20211101222017  -672.7 -90.3 -198.2
20211101222018  -673.0 -90.6 -198.3
20211101222019  -673.0 -90.5 -198.4
20211101222020  -672.9 -90.5 -198.2
20211101222021  -673.0 -90.5 -198.0
20211101222022  -673.1 -90.4 -197.8
20211101222023  -672.9 -90.7 -197.8
20211101222024  -672.9 -90.6 -198.0
20211101222025  -672.8 -90.4 -198.1
20211101222026  -672.4 -90.2 -197.9
20211101222027  -672.4 -90.3 -197.9
20211101222028  -672.7 -90.2 -197.4
20211101222029  -672.2 -90.3 -197.1
20211101222030  -672.4 -90.4 -197.6
20211101222031  -672.2 -90.2 -197.6
20211101222032  -672.4 -90.2 -197.5
20211101222033  -672.4 -90.2 -197.6
20211101222034  -672.2 -90.3 -197.7
20211101222035  -672.3 -90.4 -197.5
20211101222036  -672.2 -90.4 -197.4
20211101222037  -672.1 -90.1 -197.6
20211101222038  -672.1 -90.2 -197.4
20211101222039  -672.2 -89.8 -197.5
20211101222040  -671.9 -89.7 -197.5
20211101222041  -672.1 -89.9 -197.5
20211101222042  -672.2 -89.8 -197.3
20211101222043  -672.4 -89.9 -197.3
20211101222044  -672.1 -89.8 -197.1
20211101222045  -672.0 -90.3 -197.1
20211101222046  -672.0 -90.3 -197.6
20211101222047  -671.9 -90.2 -197.4
20211101222048  -672.1 -90.2 -197.3
20211101222049  -672.1 -89.9 -197.1
20211101222050  -672.2 -89.9 -197.2
20211101222051  -672.3 -89.8 -197.1
20211101222052  -672.2 -89.8 -197.3
20211101222053  -672.1 -89.8 -197.2
20211101222054  -672.1 -89.8 -197.1
20211101222055  -671.9 -89.5 -196.8
20211101222056  -672.0 -90.0 -196.8
20211101222057  -671.9 -89.8 -196.6
20211101222058  -671.9 -89.8 -196.6
20211101222059  -671.8 -90.0 -196.6
20211101222100  -671.9 -90.1 -196.8
20211101222101  -672.0 -90.0 -196.6
20211101222102  -671.8 -90.1 -196.8
20211101222103  -671.9 -89.9 -196.9
20211101222104  -671.9 -89.9 -197.0
20211101222105  -671.6 -89.9 -196.9
20211101222106  -671.5 -89.9 -196.6
20211101222107  -671.5 -89.9 -196.8
20211101222108  -671.6 -90.0 -196.9
20211101222109  -671.4 -90.2 -196.6
20211101222110  -671.3 -90.1 -196.6
20211101222111  -671.5 -90.1 -196.5
20211101222112  -671.4 -89.7 -196.3
20211101222113  -671.3 -90.0 -196.4
20211101222114  -671.5 -89.8 -196.2
20211101222115  -671.4 -89.7 -196.0
20211101222116  -671.3 -89.9 -196.2
20211101222117  -671.4 -90.0 -196.2
20211101222118  -671.2 -90.1 -195.8
20211101222119  -671.4 -90.0 -196.1
20211101222120  -671.4 -90.0 -196.3
20211101222121  -671.4 -89.9 -196.2
20211101222122  -671.3 -89.7 -195.8
20211101222123  -671.0 -89.7 -195.8
20211101222124  -671.1 -89.6 -195.7
20211101222125  -671.4 -89.7 -195.7
20211101222126  -671.0 -89.9 -195.5
20211101222127  -671.2 -89.6 -195.9
20211101222128  -671.0 -89.7 -196.0
20211101222129  -670.9 -89.4 -195.7
20211101222130  -671.2 -89.6 -195.8
20211101222131  -671.4 -89.9 -195.8
20211101222132  -671.3 -89.8 -195.8
20211101222133  -670.9 -89.8 -195.9
20211101222134  -671.2 -89.8 -195.7
20211101222135  -671.2 -89.8 -195.5
20211101222136  -671.2 -89.8 -195.6
20211101222137  -671.4 -89.9 -195.6
20211101222138  -671.5 -90.0 -195.2
20211101222139  -671.1 -89.8 -195.3
20211101222140  -671.0 -89.8 -195.5
20211101222141  -671.1 -90.0 -195.5
20211101222142  -671.0 -89.9 -195.5
20211101222143  -671.0 -89.8 -195.5
20211101222144  -671.2 -89.7 -195.3
20211101222145  -671.2 -89.6 -195.5
20211101222146  -671.1 -89.6 -195.3
20211101222147  -671.3 -89.3 -195.4
20211101222148  -671.2 -89.1 -195.1
20211101222149  -671.1 -89.2 -195.2
20211101222150  -671.2 -89.2 -195.1
20211101222151  -671.0 -89.3 -195.0
20211101222152  -671.1 -89.1 -195.2
20211101222153  -671.2 -89.3 -195.0
20211101222154  -671.1 -89.3 -195.0
20211101222155  -671.2 -89.6 -194.9
20211101222156  -671.2 -89.5 -195.0
20211101222157  -671.3 -89.6 -194.9
20211101222158  -671.2 -89.0 -194.8
20211101222159  -671.0 -89.3 -194.8
20211101222200  -671.0 -89.1 -194.4
20211101222201  -671.2 -89.4 -194.5
20211101222202  -671.4 -89.4 -194.7
20211101222203  -671.1 -89.4 -194.6
20211101222204  -671.1 -89.3 -194.6
20211101222205  -671.1 -89.2 -194.5
20211101222206  -671.1 -89.0 -194.5
20211101222207  -671.4 -89.1 -194.3
20211101222208  -671.1 -89.0 -194.2
20211101222209  -671.1 -89.0 -194.1
20211101222210  -671.1 -89.1 -194.2
20211101222211  -671.1 -89.3 -194.2
20211101222212  -671.0 -89.0 -194.1
20211101222213  -671.3 -89.0 -193.7
20211101222214  -671.3 -89.0 -193.9
20211101222215  -671.2 -88.9 -194.0
20211101222216  -671.0 -89.1 -194.3
20211101222217  -671.2 -89.2 -194.2
20211101222218  -671.1 -89.2 -194.4
20211101222219  -671.2 -89.2 -194.4
20211101222220  -671.4 -89.1 -194.2
20211101222221  -671.4 -89.2 -194.0
20211101222222  -671.2 -89.1 -194.0
20211101222223  -671.2 -89.1 -194.0
20211101222224  -670.9 -89.3 -194.0
20211101222225  -671.0 -89.4 -193.7
20211101222226  -671.1 -89.1 -193.8
20211101222227  -671.3 -89.2 -193.9
20211101222228  -671.0 -89.3 -193.7
20211101222229  -670.8 -89.1 -193.6
20211101222230  -670.6 -89.1 -193.4
20211101222231  -670.4 -89.3 -193.6
20211101222232  -670.8 -89.2 -193.9
20211101222233  -670.8 -88.9 -193.7
20211101222234  -670.6 -89.1 -194.0
20211101222235  -670.7 -88.9 -193.6
20211101222236  -670.4 -89.2 -193.6
20211101222237  -670.6 -89.1 -193.5
20211101222238  -670.6 -89.4 -193.8
20211101222239  -670.4 -89.1 -193.9
20211101222240  -670.6 -89.0 -193.9
20211101222241  -670.9 -89.2 -193.8
20211101222242  -670.4 -88.9 -193.7
20211101222243  -670.8 -88.8 -193.6
20211101222244  -670.8 -88.9 -193.4
20211101222245  -670.6 -89.1 -193.1
20211101222246  -670.6 -89.4 -193.2
20211101222247  -670.2 -89.4 -193.6
20211101222248  -670.5 -89.6 -193.5
20211101222249  -670.7 -89.3 -193.5
20211101222250  -670.4 -89.5 -193.5
20211101222251  -670.2 -89.4 -193.2
20211101222252  -670.4 -89.5 -193.4
20211101222253  -670.3 -89.4 -193.5
20211101222254  -670.0 -89.5 -193.3
20211101222255  -670.0 -89.4 -193.0
20211101222256  -669.9 -89.3 -193.2
20211101222257  -669.8 -89.2 -192.7
20211101222258  -669.7 -89.2 -193.1
20211101222259  -669.6 -89.1 -193.1
20211101222300  -669.4 -89.4 -193.2
20211101222301  -669.4 -89.4 -193.3
20211101222302  -669.8 -89.5 -193.5
20211101222303  -669.4 -89.3 -193.2
20211101222304  -669.5 -89.4 -193.2
20211101222305  -669.2 -89.1 -193.1
20211101222306  -669.3 -89.3 -192.7
20211101222307  -669.4 -89.2 -192.8
20211101222308  -669.5 -89.1 -192.9
20211101222309  -669.1 -89.1 -193.0
20211101222310  -669.0 -89.1 -192.9
20211101222311  -669.0 -89.3 -192.8
20211101222312  -668.7 -89.3 -192.8
20211101222313  -668.8 -89.0 -193.0
20211101222314  -668.8 -89.3 -192.7
20211101222315  -668.6 -89.3 -192.7
20211101222316  -668.8 -89.4 -192.4
20211101222317  -668.7 -89.4 -192.6
20211101222318  -668.9 -89.2 -192.6
20211101222319  -668.8 -89.3 -192.5
20211101222320  -669.1 -89.3 -192.7
20211101222321  -668.7 -89.2 -192.5
20211101222322  -668.6 -89.4 -192.5
20211101222323  -668.6 -89.5 -192.5
20211101222324  -668.7 -89.5 -192.5
20211101222325  -668.8 -89.2 -192.6
20211101222326  -668.9 -89.4 -192.7
20211101222327  -668.9 -89.3 -192.5
20211101222328  -668.9 -89.3 -192.4
20211101222329  -668.8 -89.3 -192.6
20211101222330  -668.3 -89.5 -192.6
20211101222331  -668.6 -89.1 -192.3
20211101222332  -668.7 -89.3 -192.6
20211101222333  -668.9 -89.1 -192.5
20211101222334  -669.0 -89.3 -192.4
20211101222335  -668.7 -89.4 -192.5
20211101222336  -669.0 -89.2 -192.5
20211101222337  -668.6 -89.1 -192.7
20211101222338  -668.9 -89.6 -192.7
20211101222339  -668.8 -89.7 -192.4
20211101222340  -669.1 -89.8 -192.8
20211101222341  -669.0 -89.7 -192.8
20211101222342  -669.1 -89.3 -192.5
20211101222343  -669.0 -89.4 -192.7
20211101222344  -669.1 -89.6 -192.4
20211101222345  -669.2 -89.7 -192.3
20211101222346  -669.5 -89.6 -192.3
20211101222347  -669.3 -89.8 -192.4
20211101222348  -669.5 -89.4 -192.0
20211101222349  -669.8 -89.8 -192.4
20211101222350  -669.6 -89.8 -192.6
20211101222351  -669.8 -89.9 -192.3
20211101222352  -669.7 -90.0 -192.4
20211101222353  -669.3 -89.7 -192.4
20211101222354  -669.6 -89.7 -192.3
20211101222355  -669.5 -89.5 -192.3
20211101222356  -669.4 -90.0 -192.4
20211101222357  -669.6 -89.5 -192.3
20211101222358  -669.6 -89.9 -192.6
20211101222359  -669.5 -90.2 -192.3
20211101222400  -669.4 -90.0 -192.4
20211101222401  -669.2 -89.9 -191.8
20211101222402  -669.0 -90.0 -192.2
20211101222403  -669.4 -90.0 -192.4
20211101222404  -669.2 -89.8 -192.5
20211101222405  -669.2 -89.8 -192.6
20211101222406  -669.2 -89.8 -192.5
20211101222407  -669.3 -90.2 -192.5
20211101222408  -669.4 -90.1 -192.6
20211101222409  -669.5 -89.9 -192.8
20211101222410  -669.6 -89.9 -192.7
20211101222411  -670.0 -89.8 -192.7
20211101222412  -669.7 -89.9 -192.7
20211101222413  -669.8 -90.0 -193.0
20211101222414  -670.0 -90.1 -192.7
20211101222415  -669.7 -90.3 -192.6
20211101222416  -670.0 -90.0 -192.8
20211101222417  -669.7 -90.3 -193.1
20211101222418  -669.8 -90.5 -193.1
20211101222419  -670.2 -90.6 -192.9
20211101222420  -670.3 -90.5 -192.8
20211101222421  -670.4 -90.4 -192.7
20211101222422  -670.4 -90.0 -192.8
