.7 -708.1
20211201200529  -830.0 -42.0 -707.7
20211201200530  -831.5 -41.8 -707.8
20211201200531  -833.0 -41.4 -708.0
20211201200532  -834.5 -40.9 -707.7
20211201200533  -835.6 -40.7 -707.9
20211201200534  -837.5 -40.4 -707.9
20211201200535  -839.1 -39.9 -707.7
20211201200536  -840.7 -39.6 -707.5
20211201200537  -842.2 -39.3 -707.5
20211201200538  -843.8 -39.3 -707.6
20211201200539  -845.3 -39.5 -707.3
20211201200540  -846.7 -39.4 -707.2
20211201200541  -848.1 -39.2 -707.0
20211201200542  -849.6 -39.5 -706.7
20211201200543  -850.9 -39.7 -706.5
20211201200544  -852.6 -40.2 -706.1
20211201200545  -853.7 -40.7 -705.6
20211201200546  -854.9 -41.0 -705.2
20211201200547  -856.1 -41.5 -704.4
20211201200548  -856.7 -42.1 -704.0
20211201200549  -857.5 -42.6 -703.2
20211201200550  -857.8 -43.3 -702.2
20211201200551  -857.1 -43.6 -700.8
20211201200552  -856.8 -44.1 -699.8
20211201200553  -857.4 -44.6 -699.3
20211201200554  -857.0 -45.1 -698.3
20211201200555  -856.4 -45.6 -697.9
20211201200556  -855.9 -45.7 -697.1
20211201200557  -855.4 -46.0 -696.5
20211201200558  -855.3 -46.2 -696.0
20211201200559  -854.8 -46.7 -695.4
20211201200600  -854.2 -47.1 -694.4
20211201200601  -853.6 -47.6 -693.6
20211201200602  -852.1 -48.4 -692.5
20211201200603  -850.6 -49.0 -691.6
20211201200604  -849.0 -49.9 -690.8
20211201200605  -847.2 -50.1 -690.4
20211201200606  -845.6 -50.3 -689.9
20211201200607  -844.0 -50.8 -689.2
20211201200608  -842.4 -51.2 -688.6
20211201200609  -841.1 -51.4 -687.6
20211201200610  -839.3 -51.7 -687.4
20211201200611  -837.7 -52.3 -687.2
20211201200612  -835.8 -53.1 -686.5
20211201200613  -834.3 -53.7 -686.5
20211201200614  -832.7 -54.2 -686.1
20211201200615  -831.3 -55.2 -685.2
20211201200616  -829.2 -55.8 -685.1
20211201200617  -827.2 -56.2 -683.8
20211201200618  -825.9 -56.3 -683.6
20211201200619  -824.8 -56.9 -683.8
20211201200620  -823.6 -56.9 -683.6
20211201200621  -822.4 -57.3 -683.4
20211201200622  -821.1 -57.3 -683.1
20211201200623  -820.2 -57.0 -683.0
20211201200624  -819.3 -56.7 -682.6
20211201200625  -818.3 -56.4 -682.8
20211201200626  -817.6 -56.3 -682.4
20211201200627  -816.9 -56.3 -682.1
20211201200628  -816.2 -56.6 -681.7
20211201200629  -815.1 -56.7 -681.5
20211201200630  -814.3 -57.0 -681.3
20211201200631  -814.0 -57.2 -680.9
20211201200632  -812.9 -57.3 -680.9
20211201200633  -812.6 -57.6 -680.7
20211201200634  -812.2 -57.5 -680.5
20211201200635  -811.8 -57.3 -680.1
20211201200636  -811.2 -57.4 -680.3
20211201200637  -810.6 -57.2 -680.0
20211201200638  -809.9 -57.5 -679.7
20211201200639  -809.6 -58.0 -679.5
20211201200640  -809.1 -58.3 -679.5
20211201200641  -808.3 -58.4 -679.2
20211201200642  -807.6 -58.5 -679.0
20211201200643  -806.6 -58.8 -678.2
20211201200644  -806.5 -59.3 -678.2
20211201200645  -805.9 -59.5 -677.8
20211201200646  -805.1 -60.3 -677.6
20211201200647  -804.2 -60.5 -677.5
20211201200648  -803.4 -61.3 -677.3
20211201200649  -802.3 -62.2 -677.1
20211201200650  -801.2 -63.3 -677.1
20211201200651  -800.3 -64.6 -677.2
20211201200652  -799.2 -65.5 -677.5
20211201200653  -797.8 -66.5 -677.5
20211201200654  -796.2 -67.3 -677.3
20211201200655  -794.8 -68.2 -677.5
20211201200656  -793.2 -69.2 -677.9
20211201200657  -791.8 -70.0 -677.9
20211201200658  -790.3 -71.0 -678.1
20211201200659  -788.5 -72.1 -678.5
20211201200700  -786.6 -73.5 -678.9
20211201200701  -785.3 -74.5 -679.2
20211201200702  -783.5 -75.4 -679.7
20211201200703  -782.1 -76.3 -680.0
20211201200704  -780.3 -76.7 -680.6
20211201200705  -778.9 -77.5 -681.2
20211201200706  -777.5 -78.5 -682.2
20211201200707  -776.1 -79.1 -682.9
20211201200708  -774.6 -79.8 -683.7
20211201200709  -772.6 -80.2 -684.1
20211201200710  -770.8 -80.5 -684.6
20211201200711  -769.4 -81.0 -685.6
20211201200712  -767.9 -81.5 -686.6
20211201200713  -767.3 -82.0 -687.8
20211201200714  -766.7 -82.9 -689.7
20211201200715  -766.0 -84.1 -690.9
20211201200716  -765.3 -84.9 -692.3
20211201200717  -764.4 -86.2 -693.9
20211201200718  -764.2 -87.9 -695.1
20211201200719  -763.5 -89.0 -696.2
20211201200720  -762.2 -90.6 -697.2
20211201200721  -761.2 -92.0 -698.4
20211201200722  -760.2 -93.5 -699.6
20211201200723  -759.1 -95.1 -700.6
20211201200724  -757.8 -96.5 -701.9
20211201200725  -756.5 -97.8 -703.3
20211201200726  -755.5 -99.6 -704.5
20211201200727  -754.3 -101.1 -705.7
20211201200728  -753.0 -102.6 -707.8
20211201200729  -751.9 -104.1 -709.0
20211201200730  -750.6 -105.8 -710.0
20211201200731  -749.3 -107.5 -711.0
20211201200732  -748.0 -108.6 -712.1
20211201200733  -746.2 -110.0 -713.7
20211201200734  -744.9 -111.5 -715.1
20211201200735  -743.3 -112.9 -716.3
20211201200736  -742.0 -114.1 -717.9
20211201200737  -741.2 -114.7 -719.3
20211201200738  -740.0 -115.7 -721.0
20211201200739  -739.2 -116.8 -723.5
20211201200740  -738.5 -117.3 -725.1
20211201200741  -738.3 -117.6 -726.6
20211201200742  -738.1 -118.1 -728.2
20211201200743  -739.3 -118.6 -730.6
20211201200744  -739.5 -119.0 -732.9
20211201200745  -739.6 -119.5 -734.5
20211201200746  -740.0 -120.0 -736.1
20211201200747  -740.1 -120.4 -737.6
20211201200748  -740.0 -120.6 -739.0
20211201200749  -740.2 -121.2 -740.6
20211201200750  -740.2 -121.7 -742.0
20211201200751  -739.5 -122.4 -743.2
20211201200752  -738.8 -122.8 -744.3
20211201200753  -738.2 -123.4 -745.3
20211201200754  -737.5 -123.9 -746.8
20211201200755  -736.9 -124.6 -747.7
20211201200756  -735.9 -125.1 -749.0
20211201200757  -735.0 -125.8 -750.3
20211201200758  -733.8 -126.1 -751.5
20211201200759  -733.1 -127.0 -752.6
20211201200800  -732.3 -128.4 -753.8
20211201200801  -731.6 -129.5 -755.0
20211201200802  -730.7 -130.5 -755.9
20211201200803  -729.9 -131.5 -757.0
20211201200804  -729.2 -132.2 -757.7
20211201200805  -728.5 -133.3 -758.9
20211201200806  -728.0 -134.1 -760.3
20211201200807  -727.6 -135.1 -761.1
20211201200808  -727.5 -135.9 -762.3
20211201200809  -727.0 -137.1 -763.5
20211201200810  -726.4 -138.0 -764.1
20211201200811  -726.2 -138.6 -765.1
20211201200812  -726.2 -139.4 -765.4
20211201200813  -726.7 -140.4 -766.3
20211201200814  -727.1 -141.2 -767.5
20211201200815  -727.2 -141.8 -768.1
20211201200816  -727.5 -142.8 -769.0
20211201200817  -727.6 -143.3 -769.4
20211201200818  -728.0 -143.3 -770.0
20211201200819  -728.0 -143.8 -770.6
20211201200820  -728.4 -144.3 -771.3
20211201200821  -728.6 -144.6 -771.6
20211201200822  -729.1 -145.1 -772.7
20211201200823  -729.8 -145.3 -773.2
20211201200824  -730.6 -145.5 -774.0
20211201200825  -731.5 -145.8 -775.1
20211201200826  -732.2 -145.9 -776.1
20211201200827  -733.1 -145.7 -777.0
20211201200828  -733.9 -145.8 -777.5
20211201200829  -735.2 -146.2 -778.2
20211201200830  -736.0 -146.1 -778.5
20211201200831  -736.9 -146.0 -779.1
20211201200832  -738.0 -145.5 -779.5
20211201200833  -739.2 -145.5 -780.2
20211201200834  -739.9 -145.0 -780.9
20211201200835  -740.8 -144.5 -781.1
20211201200836  -741.3 -144.1 -781.5
20211201200837  -741.8 -143.8 -782.0
20211201200838  -742.4 -143.2 -782.7
20211201200839  -742.6 -142.6 -783.2
20211201200840  -742.8 -142.1 -783.2
20211201200841  -743.7 -141.9 -784.4
20211201200842  -744.3 -141.5 -784.9
20211201200843  -744.7 -141.0 -785.5
20211201200844  -745.1 -141.0 -786.0
20211201200845  -745.6 -140.1 -786.6
20211201200846  -745.8 -139.8 -787.0
20211201200847  -745.8 -139.7 -787.2
20211201200848  -746.0 -139.4 -787.7
20211201200849  -745.9 -138.8 -788.3
20211201200850  -746.0 -138.9 -788.9
20211201200851  -745.8 -137.9 -789.6
20211201200852  -746.0 -137.5 -790.3
20211201200853  -746.5 -137.1 -790.9
20211201200854  -746.4 -136.5 -791.2
20211201200855  -746.4 -136.1 -792.0
20211201200856  -746.4 -135.5 -792.4
20211201200857  -746.2 -135.1 -793.2
20211201200858  -746.3 -134.8 -794.2
20211201200859  -746.7 -134.3 -795.4
20211201200900  -746.6 -134.1 -796.3
20211201200901  -746.7 -134.0 -797.2
20211201200902  -746.5 -134.1 -797.9
20211201200903  -746.2 -134.3 -799.2
20211201200904  -746.1 -134.6 -799.9
20211201200905  -745.8 -134.8 -800.9
20211201200906  -745.1 -134.5 -801.5
20211201200907  -745.6 -134.5 -803.1
20211201200908  -745.9 -134.6 -803.9
20211201200909  -745.6 -134.6 -805.0
20211201200910  -745.8 -134.5 -805.9
20211201200911  -745.9 -134.5 -806.8
20211201200912  -746.4 -134.6 -807.4
20211201200913  -746.5 -134.7 -808.4
20211201200914  -746.6 -134.9 -809.0
20211201200915  -746.9 -135.0 -809.5
20211201200916  -747.1 -134.7 -810.0
20211201200917  -747.7 -134.3 -810.4
20211201200918  -748.1 -133.6 -811.1
20211201200919  -748.8 -133.1 -811.2
20211201200920  -749.5 -132.9 -811.5
20211201200921  -749.7 -132.8 -812.2
20211201200922  -749.8 -132.8 -812.3
20211201200923  -751.0 -132.7 -812.5
20211201200924  -751.5 -132.4 -812.9
20211201200925  -751.8 -132.0 -812.6
20211201200926  -752.1 -131.5 -812.3
20211201200927  -752.1 -131.0 -812.4
20211201200928  -752.5 -130.5 -812.5
20211201200929  -752.5 -129.8 -812.7
20211201200930  -752.5 -129.2 -812.6
20211201200931  -753.0 -128.8 -812.7
20211201200932  -752.8 -128.0 -812.3
20211201200933  -753.5 -127.4 -812.8
20211201200934  -754.1 -126.9 -812.9
20211201200935  -754.6 -126.3 -812.9
20211201200936  -755.2 -125.5 -812.9
20211201200937  -755.7 -124.8 -813.0
20211201200938  -756.1 -124.4 -812.7
20211201200939  -756.2 -123.6 -812.3
20211201200940  -756.4 -123.1 -811.9
20211201200941  -756.9 -122.2 -811.9
20211201200942  -756.9 -121.4 -811.6
20211201200943  -757.1 -120.8 -811.3
20211201200944  -757.3 -120.0 -811.4
20211201200945  -757.3 -119.4 -811.0
20211201200946  -757.4 -118.5 -810.7
20211201200947  -757.4 -117.9 -810.6
20211201200948  -757.7 -116.8 -809.9
20211201200949  -757.7 -116.0 -809.7
20211201200950  -757.6 -114.9 -809.4
20211201200951  -757.5 -113.6 -809.0
20211201200952  -757.6 -112.4 -808.6
20211201200953  -757.1 -111.2 -808.0
20211201200954  -757.4 -110.1 -807.7
20211201200955  -757.6 -109.3 -808.0
20211201200956  -757.8 -109.0 -808.0
20211201200957  -757.7 -109.0 -807.6
20211201200958  -757.3 -108.5 -806.7
20211201200959  -757.6 -108.1 -806.6
20211201201000  -758.2 -108.5 -806.7
20211201201001  -758.5 -108.6 -806.4
20211201201002  -758.6 -108.5 -805.9
20211201201003  -758.2 -108.3 -806.1
20211201201004  -758.5 -108.3 -805.5
20211201201005  -758.2 -108.0 -805.4
20211201201006  -758.3 -107.8 -805.3
20211201201007  -758.6 -107.6 -805.2
20211201201008  -758.9 -107.5 -805.3
20211201201009  -759.5 -107.3 -805.5
20211201201010  -760.3 -107.3 -805.3
20211201201011  -761.0 -107.1 -805.4
20211201201012  -762.0 -106.8 -805.5
20211201201013  -762.8 -107.0 -805.6
20211201201014  -763.6 -107.3 -805.2
20211201201015  -764.3 -107.2 -804.6
20211201201016  -764.9 -108.0 -804.5
20211201201017  -765.0 -108.3 -804.0
20211201201018  -765.3 -108.3 -803.2
20211201201019  -765.5 -108.8 -802.7
20211201201020  -765.5 -108.9 -802.2
20211201201021  -765.4 -109.5 -801.6
20211201201022  -765.5 -109.7 -800.9
20211201201023  -765.3 -110.0 -800.5
20211201201024  -764.7 -109.4 -799.3
20211201201025  -764.4 -109.3 -798.3
20211201201026  -764.8 -109.1 -797.9
20211201201027  -764.7 -108.7 -797.3
20211201201028  -764.2 -108.5 -796.3
20211201201029  -764.2 -108.2 -795.5
20211201201030  -763.8 -107.4 -794.9
20211201201031  -763.4 -106.7 -793.7
20211201201032  -762.9 -106.1 -793.1
20211201201033  -763.2 -105.0 -792.4
20211201201034  -763.5 -104.1 -791.9
20211201201035  -763.9 -103.5 -791.4
20211201201036  -765.1 -103.1 -791.3
20211201201037  -766.2 -102.5 -791.1
20211201201038  -767.5 -101.7 -790.5
20211201201039  -768.8 -100.8 -790.0
20211201201040  -770.6 -100.4 -789.3
20211201201041  -772.3 -100.0 -788.7
20211201201042  -774.2 -99.9 -787.7
20211201201043  -775.8 -99.5 -786.7
20211201201044  -777.1 -99.6 -785.7
20211201201045  -778.4 -99.4 -784.6
20211201201046  -779.4 -99.1 -783.6
20211201201047  -780.4 -99.4 -781.9
20211201201048  -781.1 -99.5 -780.4
20211201201049  -781.3 -99.6 -778.8
20211201201050  -780.6 -99.8 -776.4
20211201201051  -779.9 -99.6 -774.4
20211201201052  -779.9 -100.0 -772.9
20211201201053  -779.5 -100.0 -771.3
20211201201054  -778.1 -100.3 -769.6
20211201201055  -776.4 -100.3 -767.7
20211201201056  -774.9 -100.2 -766.3
20211201201057  -772.8 -100.1 -764.6
20211201201058  -770.9 -100.2 -762.8
20211201201059  -768.6 -99.9 -761.1
20211201201100  -766.6 -99.8 -759.8
20211201201101  -764.4 -99.9 -758.6
20211201201102  -762.1 -99.7 -757.1
20211201201103  -760.0 -99.7 -755.7
20211201201104  -758.0 -100.1 -754.7
20211201201105  -756.1 -100.2 -753.3
20211201201106  -753.6 -100.4 -751.8
20211201201107  -751.6 -100.1 -750.5
20211201201108  -749.6 -99.8 -749.2
20211201201109  -747.3 -99.4 -747.8
20211201201110  -745.0 -99.2 -746.7
20211201201111  -742.6 -98.7 -745.3
20211201201112  -740.2 -98.1 -743.9
20211201201113  -737.5 -97.9 -743.1
20211201201114  -735.0 -96.9 -742.0
20211201201115  -732.3 -96.7 -741.1
20211201201116  -729.4 -95.9 -740.0
20211201201117  -726.5 -95.4 -738.9
20211201201118  -724.9 -94.6 -738.5
20211201201119  -722.8 -94.2 -738.5
20211201201120  -720.8 -93.4 -738.1
20211201201121  -718.8 -92.6 -737.3
20211201201122  -716.8 -91.8 -737.0
20211201201123  -715.1 -91.3 -736.9
20211201201124  -713.5 -90.8 -736.6
20211201201125  -712.1 -89.9 -736.6
20211201201126  -710.5 -89.8 -736.4
20211201201127  -709.2 -88.9 -736.5
20211201201128  -708.2 -88.8 -736.3
20211201201129  -707.3 -88.3 -736.5
20211201201130  -706.3 -88.0 -736.5
20211201201131  -705.6 -87.6 -736.4
20211201201132  -705.2 -87.4 -736.5
20211201201133  -704.6 -87.4 -736.6
20211201201134  -704.0 -87.0 -736.7
20211201201135  -704.0 -86.9 -737.1
20211201201136  -703.7 -86.7 -737.3
20211201201137  -704.1 -86.3 -737.5
20211201201138  -704.1 -86.4 -738.0
20211201201139  -704.1 -86.5 -738.2
20211201201140  -704.5 -86.5 -738.8
20211201201141  -704.9 -87.0 -739.1
20211201201142  -704.9 -87.3 -739.5
20211201201143  -705.5 -87.4 -739.5
20211201201144  -707.1 -88.0 -740.4
20211201201145  -708.0 -88.9 -741.1
20211201201146  -708.9 -90.0 -741.5
20211201201147  -710.3 -91.4 -741.8
20211201201148  -711.1 -92.1 -741.8
20211201201149  -712.2 -93.2 -741.8
20211201201150  -713.2 -94.3 -741.8
20211201201151  -713.5 -95.0 -741.5
20211201201152  -714.5 -95.7 -741.6
20211201201153  -715.3 -96.6 -741.4
20211201201154  -715.7 -97.1 -741.3
20211201201155  -716.3 -97.4 -740.9
20211201201156  -717.1 -97.9 -740.4
20211201201157  -717.8 -97.6 -740.2
20211201201158  -718.2 -97.3 -739.9
20211201201159  -718.7 -97.3 -739.3
20211201201200  -719.5 -96.9 -739.0
20211201201201  -720.2 -96.5 -739.0
20211201201202  -720.9 -96.1 -738.8
20211201201203  -721.3 -95.5 -738.8
20211201201204  -721.8 -94.8 -738.7
20211201201205  -722.3 -93.6 -738.6
20211201201206  -723.0 -92.6 -738.6
20211201201207  -723.8 -92.4 -738.2
20211201201208  -723.6 -91.6 -737.6
20211201201209  -724.0 -90.5 -737.0
20211201201210  -725.5 -89.7 -737.1
20211201201211  -726.2 -89.3 -737.3
