20211101230457  -669.3 -89.7 -202.3
20211101230458  -669.6 -89.7 -202.1
20211101230459  -669.5 -89.6 -202.3
20211101230500  -669.3 -89.5 -202.1
20211101230501  -669.4 -89.6 -202.0
20211101230502  -669.3 -89.6 -202.0
20211101230503  -669.4 -89.5 -202.1
20211101230504  -669.5 -89.5 -202.2
20211101230505  -669.5 -89.3 -202.4
20211101230506  -669.6 -89.4 -202.2
20211101230507  -669.6 -89.4 -202.2
20211101230508  -669.4 -89.4 -202.4
20211101230509  -669.5 -89.3 -202.1
20211101230510  -669.7 -89.4 -202.0
20211101230511  -669.9 -89.4 -202.3
20211101230512  -669.8 -89.6 -202.4
20211101230513  -669.6 -89.2 -202.3
20211101230514  -669.4 -89.4 -201.5
20211101230515  -669.7 -89.4 -202.0
20211101230516  -669.4 -89.6 -202.1
20211101230517  -669.6 -89.7 -202.7
20211101230518  -669.6 -89.6 -202.4
20211101230519  -669.5 -89.8 -202.2
20211101230520  -670.1 -89.9 -202.1
20211101230521  -670.1 -90.0 -202.0
20211101230522  -670.0 -89.6 -202.1
20211101230523  -669.9 -89.9 -202.3
20211101230524  -670.4 -89.9 -202.3
20211101230525  -670.4 -89.9 -202.5
20211101230526  -670.4 -90.0 -202.1
20211101230527  -670.2 -89.9 -202.3
20211101230528  -670.2 -89.6 -202.2
20211101230529  -670.1 -89.5 -202.0
20211101230530  -670.5 -89.4 -202.0
20211101230531  -670.7 -89.4 -202.3
20211101230532  -670.8 -89.6 -202.4
20211101230533  -670.8 -89.4 -202.6
20211101230534  -670.7 -89.8 -202.4
20211101230535  -671.1 -89.5 -202.2
20211101230536  -670.9 -89.4 -202.3
20211101230537  -671.2 -89.5 -202.4
20211101230538  -671.0 -89.7 -202.5
20211101230539  -671.1 -89.6 -202.5
20211101230540  -671.1 -89.7 -202.6
20211101230541  -671.2 -89.7 -202.5
20211101230542  -671.5 -89.6 -202.6
20211101230543  -671.4 -89.6 -202.7
20211101230544  -671.3 -89.4 -202.1
20211101230545  -671.5 -89.3 -202.4
20211101230546  -671.7 -89.7 -202.2
20211101230547  -671.8 -89.9 -202.0
20211101230548  -671.4 -89.8 -202.3
20211101230549  -671.8 -89.8 -202.1
20211101230550  -671.7 -89.7 -202.2
20211101230551  -671.7 -90.1 -202.1
20211101230552  -671.7 -89.9 -202.3
20211101230553  -671.7 -89.7 -202.2
20211101230554  -671.8 -89.8 -202.3
20211101230555  -671.8 -89.7 -202.1
20211101230556  -671.9 -89.6 -202.1
20211101230557  -672.2 -89.6 -202.2
20211101230558  -671.8 -89.6 -202.7
20211101230559  -671.9 -89.9 -202.9
20211101230600  -672.2 -90.1 -202.4
20211101230601  -672.4 -90.0 -202.5
20211101230602  -672.4 -89.9 -202.6
20211101230603  -672.4 -89.7 -202.8
20211101230604  -672.7 -89.9 -202.6
20211101230605  -673.0 -90.0 -202.3
20211101230606  -672.6 -89.8 -202.4
20211101230607  -672.8 -89.8 -202.4
20211101230608  -672.7 -89.9 -202.4
20211101230609  -672.9 -89.9 -202.4
20211101230610  -672.8 -90.1 -202.3
20211101230611  -672.5 -89.8 -202.3
20211101230612  -672.7 -89.8 -202.5
20211101230613  -672.7 -89.7 -202.4
20211101230614  -672.8 -90.0 -202.5
20211101230615  -672.7 -90.1 -202.5
20211101230616  -673.2 -90.1 -202.5
20211101230617  -673.0 -90.0 -202.7
20211101230618  -673.4 -90.0 -202.8
20211101230619  -673.3 -90.5 -202.6
20211101230620  -673.4 -90.4 -202.5
20211101230621  -673.5 -90.0 -202.3
20211101230622  -673.2 -90.2 -202.4
20211101230623  -673.6 -90.2 -202.6
20211101230624  -673.6 -89.9 -202.3
20211101230625  -673.8 -90.0 -202.2
20211101230626  -673.8 -90.2 -202.3
20211101230627  -673.6 -89.9 -202.3
20211101230628  -673.4 -90.0 -202.4
20211101230629  -673.6 -89.8 -202.4
20211101230630  -673.4 -90.2 -202.3
20211101230631  -673.4 -90.2 -202.4
20211101230632  -673.6 -90.0 -202.2
20211101230633  -673.4 -90.2 -201.7
20211101230634  -673.2 -90.1 -202.0
20211101230635  -673.5 -90.1 -202.0
20211101230636  -673.4 -90.2 -202.1
20211101230637  -673.5 -89.9 -202.1
20211101230638  -673.3 -89.9 -202.1
20211101230639  -673.4 -90.2 -202.4
20211101230640  -673.6 -90.3 -202.4
20211101230641  -673.5 -90.4 -202.4
20211101230642  -673.8 -90.3 -202.6
20211101230643  -674.0 -90.3 -202.6
20211101230644  -673.8 -90.2 -202.5
20211101230645  -673.8 -90.3 -202.5
20211101230646  -673.6 -90.3 -202.6
20211101230647  -673.7 -90.2 -202.7
20211101230648  -673.9 -90.3 -202.8
20211101230649  -674.3 -90.2 -202.7
20211101230650  -674.1 -90.0 -202.6
20211101230651  -674.1 -90.1 -202.6
20211101230652  -674.3 -90.3 -202.5
20211101230653  -674.2 -90.2 -202.6
20211101230654  -674.2 -90.3 -202.5
20211101230655  -674.4 -90.2 -202.8
20211101230656  -674.1 -90.2 -202.7
20211101230657  -674.2 -90.3 -202.5
20211101230658  -674.6 -90.4 -202.5
20211101230659  -674.4 -90.6 -202.4
20211101230700  -674.7 -90.3 -202.7
20211101230701  -674.6 -90.5 -202.6
20211101230702  -674.4 -90.5 -202.4
20211101230703  -674.6 -90.4 -202.3
20211101230704  -674.5 -90.5 -202.3
20211101230705  -674.5 -90.5 -202.3
20211101230706  -674.6 -90.3 -202.5
20211101230707  -674.7 -90.5 -202.4
20211101230708  -674.7 -90.5 -202.3
20211101230709  -674.5 -90.4 -202.3
20211101230710  -674.8 -90.3 -202.5
20211101230711  -674.8 -90.3 -202.4
20211101230712  -674.7 -90.3 -202.2
20211101230713  -674.6 -90.4 -202.2
20211101230714  -675.0 -90.5 -202.3
20211101230715  -674.7 -90.7 -202.1
20211101230716  -674.4 -90.4 -202.2
20211101230717  -674.1 -90.4 -202.0
20211101230718  -674.5 -90.0 -202.0
20211101230719  -674.4 -90.3 -202.1
20211101230720  -674.1 -90.5 -202.0
20211101230721  -674.3 -90.6 -202.1
20211101230722  -674.2 -90.5 -202.4
20211101230723  -674.2 -90.7 -202.3
20211101230724  -674.0 -90.6 -202.2
20211101230725  -673.8 -90.1 -202.1
20211101230726  -673.9 -90.1 -202.2
20211101230727  -673.5 -90.0 -202.2
20211101230728  -673.7 -89.9 -201.8
20211101230729  -674.1 -89.9 -202.0
20211101230730  -674.0 -89.6 -202.1
20211101230731  -674.2 -89.3 -202.0
20211101230732  -674.2 -89.4 -202.0
20211101230733  -674.6 -89.4 -201.9
20211101230734  -674.6 -89.5 -202.0
20211101230735  -674.8 -89.8 -202.1
20211101230736  -674.6 -89.9 -201.9
20211101230737  -674.6 -90.0 -201.9
20211101230738  -674.4 -90.3 -201.8
20211101230739  -674.2 -90.3 -202.1
20211101230740  -674.3 -90.3 -201.9
20211101230741  -674.1 -90.5 -201.8
20211101230742  -674.0 -90.4 -201.5
20211101230743  -674.0 -90.5 -201.6
20211101230744  -674.0 -90.7 -201.5
20211101230745  -673.8 -90.4 -201.7
20211101230746  -673.7 -90.3 -201.6
20211101230747  -673.6 -90.2 -201.2
20211101230748  -673.7 -90.2 -201.6
20211101230749  -673.5 -89.8 -201.3
20211101230750  -673.9 -90.1 -201.2
20211101230751  -673.7 -90.1 -201.1
20211101230752  -673.8 -90.1 -201.1
20211101230753  -673.7 -89.8 -201.2
20211101230754  -673.6 -89.9 -201.1
20211101230755  -673.6 -90.1 -201.3
20211101230756  -673.7 -90.2 -201.2
20211101230757  -673.6 -90.0 -201.2
20211101230758  -673.5 -90.1 -201.4
20211101230759  -673.3 -89.9 -201.2
20211101230800  -673.4 -90.0 -201.3
20211101230801  -673.5 -89.9 -200.9
20211101230802  -673.4 -89.9 -200.9
20211101230803  -673.2 -90.0 -200.9
20211101230804  -673.1 -90.0 -201.0
20211101230805  -673.0 -90.2 -200.9
20211101230806  -673.0 -90.3 -201.1
20211101230807  -673.0 -90.1 -201.0
20211101230808  -672.8 -90.0 -200.7
20211101230809  -672.8 -90.0 -200.4
20211101230810  -672.6 -90.0 -200.4
20211101230811  -672.6 -89.8 -200.6
20211101230812  -672.6 -89.8 -200.3
20211101230813  -672.8 -89.7 -200.6
20211101230814  -672.4 -89.7 -200.5
20211101230815  -672.4 -89.4 -200.5
20211101230816  -672.3 -89.6 -200.5
20211101230817  -671.7 -89.8 -200.2
20211101230818  -671.6 -89.4 -200.0
20211101230819  -671.9 -89.5 -200.3
20211101230820  -671.5 -89.2 -200.0
20211101230821  -671.6 -89.3 -199.9
20211101230822  -671.6 -89.7 -200.1
20211101230823  -671.5 -89.6 -200.2
20211101230824  -671.4 -89.5 -200.1
20211101230825  -671.4 -89.5 -200.0
20211101230826  -671.3 -89.3 -199.9
20211101230827  -671.3 -89.3 -199.9
20211101230828  -671.6 -89.5 -199.9
20211101230829  -671.5 -89.5 -200.0
20211101230830  -671.3 -89.6 -200.1
