40  -655.5 -77.5 -188.2
20211110035241  -655.7 -77.5 -188.2
20211110035242  -655.7 -77.4 -188.5
20211110035243  -655.6 -77.3 -188.3
20211110035244  -655.7 -77.4 -188.5
20211110035245  -655.8 -77.4 -188.8
20211110035246  -655.8 -77.6 -188.7
20211110035247  -655.7 -77.7 -188.9
20211110035248  -655.5 -77.6 -188.5
20211110035249  -655.8 -77.5 -188.2
20211110035250  -655.8 -77.6 -188.4
20211110035251  -655.9 -77.7 -188.6
20211110035252  -655.9 -77.7 -188.6
20211110035253  -656.0 -77.7 -188.3
20211110035254  -655.8 -77.9 -188.2
20211110035255  -656.1 -77.7 -188.3
20211110035256  -655.8 -77.5 -188.3
20211110035257  -655.9 -77.5 -188.2
20211110035258  -656.2 -77.5 -188.3
20211110035259  -656.2 -77.7 -188.4
20211110035300  -655.3 -77.7 -188.0
20211110035301  -655.2 -77.7 -187.6
20211110035302  -655.0 -77.5 -187.5
20211110035303  -654.8 -77.4 -187.7
20211110035304  -654.9 -77.6 -187.6
20211110035305  -655.8 -77.9 -187.7
20211110035306  -655.8 -77.7 -187.9
20211110035307  -655.9 -77.5 -188.3
20211110035308  -655.8 -77.6 -188.2
20211110035309  -656.0 -77.8 -187.9
20211110035310  -656.1 -77.9 -188.2
20211110035311  -656.1 -78.0 -188.4
20211110035312  -656.1 -78.3 -188.2
20211110035313  -656.1 -77.9 -188.1
20211110035314  -656.1 -78.2 -188.2
20211110035315  -656.3 -78.0 -188.3
20211110035316  -656.2 -78.1 -188.2
20211110035317  -655.9 -78.2 -188.3
20211110035318  -656.1 -78.4 -188.4
20211110035319  -656.3 -78.2 -188.6
20211110035320  -656.2 -78.5 -188.4
20211110035321  -656.2 -78.4 -188.3
20211110035322  -656.1 -78.1 -188.5
20211110035323  -656.3 -78.4 -188.6
20211110035324  -656.3 -78.5 -188.5
20211110035325  -656.0 -78.3 -188.5
20211110035326  -656.3 -78.4 -188.8
20211110035327  -656.4 -78.1 -188.6
20211110035328  -656.3 -78.6 -188.6
20211110035329  -656.7 -78.5 -188.6
20211110035330  -656.3 -78.5 -188.5
20211110035331  -655.9 -78.5 -188.2
20211110035332  -655.8 -78.3 -188.1
20211110035333  -655.6 -78.4 -188.0
20211110035334  -655.9 -78.3 -188.3
20211110035335  -656.6 -78.4 -188.8
20211110035336  -656.6 -78.4 -188.4
20211110035337  -656.4 -78.4 -188.4
20211110035338  -656.4 -78.6 -188.4
20211110035339  -656.4 -78.7 -188.3
20211110035340  -656.5 -79.1 -188.5
20211110035341  -656.6 -79.0 -188.6
20211110035342  -656.6 -78.9 -188.6
20211110035343  -656.7 -78.7 -188.6
20211110035344  -656.6 -78.8 -188.4
20211110035345  -656.6 -78.9 -188.5
20211110035346  -656.9 -78.6 -188.6
20211110035347  -656.8 -78.8 -188.6
20211110035348  -656.9 -78.9 -188.6
20211110035349  -656.9 -78.8 -188.4
20211110035350  -656.9 -78.8 -188.6
20211110035351  -657.0 -79.1 -188.5
20211110035352  -656.8 -78.9 -188.8
20211110035353  -656.7 -79.1 -188.4
20211110035354  -657.2 -79.3 -188.7
20211110035355  -657.1 -79.4 -188.8
20211110035356  -657.2 -79.1 -189.0
20211110035357  -657.1 -79.1 -188.8
20211110035358  -657.2 -78.8 -189.0
20211110035359  -657.4 -79.2 -188.9
20211110035400  -657.2 -79.5 -188.8
20211110035401  -656.7 -79.2 -188.1
20211110035402  -656.6 -79.1 -187.9
20211110035403  -656.4 -78.9 -187.5
20211110035404  -656.6 -78.9 -187.4
20211110035405  -657.2 -79.1 -188.2
20211110035406  -657.4 -79.1 -188.6
20211110035407  -657.6 -78.6 -188.7
20211110035408  -657.9 -79.0 -188.6
20211110035409  -657.7 -78.9 -188.7
20211110035410  -657.5 -79.1 -188.7
20211110035411  -657.7 -79.1 -188.9
20211110035412  -657.8 -79.2 -188.5
20211110035413  -657.9 -79.1 -188.5
20211110035414  -657.9 -79.3 -188.5
20211110035415  -658.1 -79.3 -188.6
20211110035416  -658.4 -79.0 -188.9
20211110035417  -658.1 -79.2 -188.6
20211110035418  -658.3 -79.3 -188.9
20211110035419  -658.4 -79.1 -188.8
20211110035420  -658.4 -79.4 -188.8
20211110035421  -658.4 -79.4 -188.7
20211110035422  -658.4 -79.4 -189.1
20211110035423  -658.7 -79.3 -188.7
20211110035424  -658.8 -79.5 -188.7
20211110035425  -658.7 -79.5 -188.7
20211110035426  -658.7 -79.6 -188.5
20211110035427  -658.7 -79.4 -188.7
20211110035428  -658.8 -79.5 -188.8
20211110035429  -659.1 -79.7 -188.6
20211110035430  -658.7 -79.7 -188.6
20211110035431  -658.5 -79.7 -188.2
20211110035432  -658.1 -79.5 -188.2
20211110035433  -658.2 -79.6 -187.8
20211110035434  -658.4 -79.2 -188.1
20211110035435  -659.1 -79.6 -188.4
20211110035436  -659.2 -79.6 -188.7
20211110035437  -659.4 -79.9 -188.6
20211110035438  -659.2 -79.8 -188.4
20211110035439  -659.2 -79.7 -188.7
20211110035440  -659.3 -79.5 -188.5
20211110035441  -659.2 -79.5 -188.5
20211110035442  -659.4 -79.5 -188.7
20211110035443  -659.4 -79.8 -188.6
20211110035444  -659.5 -79.9 -188.5
20211110035445  -659.3 -80.0 -188.7
20211110035446  -659.5 -79.9 -188.5
20211110035447  -659.3 -79.9 -188.7
20211110035448  -659.6 -80.0 -188.6
20211110035449  -659.5 -79.6 -188.9
20211110035450  -659.7 -79.9 -188.8
20211110035451  -659.6 -79.9 -188.6
20211110035452  -659.7 -79.8 -188.3
20211110035453  -659.8 -79.7 -188.5
20211110035454  -659.6 -79.5 -188.7
20211110035455  -659.8 -79.6 -188.5
20211110035456  -659.7 -79.8 -188.5
20211110035457  -659.7 -79.7 -188.3
20211110035458  -659.6 -79.7 -188.5
20211110035459  -659.6 -79.5 -188.4
20211110035500  -659.4 -79.6 -188.3
20211110035501  -658.7 -79.7 -187.8
20211110035502  -658.7 -79.2 -187.7
20211110035503  -658.2 -79.2 -187.6
20211110035504  -658.0 -79.2 -187.5
20211110035505  -659.0 -79.3 -188.1
20211110035506  -659.3 -79.1 -188.4
20211110035507  -659.3 -79.1 -188.3
20211110035508  -659.3 -79.0 -188.1
20211110035509  -659.4 -78.8 -187.9
20211110035510  -659.5 -78.8 -187.9
20211110035511  -659.3 -78.9 -187.8
20211110035512  -659.3 -78.9 -187.7
20211110035513  -659.3 -79.0 -187.7
20211110035514  -659.3 -79.0 -187.9
20211110035515  -659.2 -79.1 -188.0
20211110035516  -659.3 -79.0 -188.1
20211110035517  -659.5 -78.9 -188.0
20211110035518  -659.5 -79.2 -187.9
20211110035519  -659.4 -79.2 -188.2
20211110035520  -659.5 -79.1 -188.0
20211110035521  -659.5 -79.2 -187.8
20211110035522  -659.6 -79.1 -187.9
20211110035523  -659.5 -79.1 -187.9
20211110035524  -659.7 -79.2 -187.8
20211110035525  -659.3 -79.3 -187.7
20211110035526  -659.6 -79.1 -187.7
20211110035527  -659.5 -79.2 -187.7
20211110035528  -659.7 -79.2 -187.8
20211110035529  -659.7 -79.2 -187.7
20211110035530  -659.5 -79.0 -187.8
20211110035531  -658.9 -79.2 -187.4
20211110035532  -658.8 -78.8 -187.1
20211110035533  -658.5 -79.1 -187.0
20211110035534  -658.6 -79.0 -186.5
20211110035535  -659.0 -79.0 -186.8
20211110035536  -659.3 -78.9 -187.7
20211110035537  -659.6 -79.2 -187.7
20211110035538  -659.8 -79.0 -187.5
20211110035539  -659.3 -79.1 -187.4
20211110035540  -659.1 -79.1 -187.5
20211110035541  -659.3 -79.0 -187.2
20211110035542  -659.1 -79.2 -187.2
20211110035543  -659.1 -78.9 -187.2
20211110035544  -659.3 -79.2 -187.4
20211110035545  -659.3 -79.2 -187.3
20211110035546  -659.3 -78.8 -187.3
20211110035547  -659.5 -78.7 -187.3
20211110035548  -659.2 -78.7 -187.4
20211110035549  -659.2 -79.0 -187.4
20211110035550  -659.3 -79.0 -187.5
20211110035551  -659.2 -79.0 -187.2
20211110035552  -659.3 -78.9 -187.4
20211110035553  -659.1 -78.9 -187.4
20211110035554  -659.4 -78.9 -187.4
20211110035555  -659.4 -78.8 -187.5
20211110035556  -659.5 -78.8 -187.5
20211110035557  -659.6 -78.8 -187.5
20211110035558  -659.5 -78.7 -187.7
20211110035559  -659.5 -78.7 -187.5
20211110035600  -659.4 -78.8 -187.2
20211110035601  -658.8 -78.7 -187.2
20211110035602  -659.3 -78.7 -187.7
20211110035603  -659.8 -78.8 -187.7
20211110035604  -659.9 -78.8 -187.7
20211110035605  -659.8 -78.6 -187.8
20211110035606  -659.6 -78.8 -187.6
20211110035607  -659.9 -78.6 -187.9
20211110035608  -659.9 -78.6 -188.1
20211110035609  -659.8 -78.6 -187.8
20211110035610  -659.7 -78.7 -188.0
20211110035611  -660.1 -78.7 -187.9
20211110035612  -659.7 -78.5 -188.0
20211110035613  -659.7 -78.3 -188.3
20211110035614  -659.8 -78.5 -188.0
20211110035615  -659.8 -78.7 -188.0
20211110035616  -659.8 -78.5 -188.0
20211110035617  -660.0 -78.7 -187.8
20211110035618  -660.0 -78.7 -188.2
20211110035619  -660.2 -78.6 -188.1
20211110035620  -660.2 -78.7 -188.1
20211110035621  -660.3 -78.8 -188.0
20211110035622  -660.2 -79.0 -188.1
20211110035623  -660.0 -79.0 -188.1
20211110035624  -660.0 -78.8 -187.8
20211110035625  -660.2 -78.7 -188.1
20211110035626  -659.9 -78.7 -188.0
20211110035627  -659.2 -78.6 -187.5
20211110035628  -659.5 -78.6 -187.4
20211110035629  -659.9 -78.7 -188.1
20211110035630  -660.0 -78.7 -187.9
20211110035631  -659.8 -78.5 -187.8
20211110035632  -659.9 -78.3 -187.9
20211110035633  -660.0 -78.6 -187.9
20211110035634  -660.2 -78.7 -187.9
20211110035635  -660.2 -78.6 -188.0
20211110035636  -659.9 -78.9 -188.3
20211110035637  -659.8 -78.6 -188.3
20211110035638  -659.7 -78.6 -188.4
20211110035639  -659.9 -78.8 -188.5
20211110035640  -660.1 -78.6 -188.5
20211110035641  -660.0 -78.7 -188.3
20211110035642  -659.7 -78.8 -188.8
20211110035643  -660.1 -78.7 -188.4
20211110035644  -660.0 -78.4 -188.6
20211110035645  -659.8 -78.5 -188.3
20211110035646  -659.8 -78.7 -188.3
20211110035647  -659.8 -78.5 -188.4
20211110035648  -660.0 -78.6 -188.6
20211110035649  -659.9 -78.4 -188.6
20211110035650  -659.9 -78.6 -188.6
20211110035651  -659.6 -78.6 -188.6
20211110035652  -659.9 -78.7 -188.4
20211110035653  -659.1 -78.6 -187.8
20211110035654  -659.5 -78.4 -187.6
20211110035655  -659.7 -78.5 -188.3
20211110035656  -659.8 -78.5 -188.3
20211110035657  -659.9 -78.2 -188.2
20211110035658  -659.9 -78.1 -188.2
20211110035659  -659.7 -77.9 -188.3
20211110035700  -660.0 -77.9 -188.1
20211110035701  -659.9 -78.1 -188.0
20211110035702  -659.8 -78.5 -188.1
20211110035703  -660.1 -78.6 -188.1
20211110035704  -660.2 -78.0 -188.0
20211110035705  -660.1 -78.4 -188.1
20211110035706  -660.0 -78.4 -188.4
20211110035707  -660.1 -78.2 -188.3
20211110035708  -659.9 -78.0 -188.3
20211110035709  -660.1 -78.4 -188.4
20211110035710  -660.3 -78.1 -188.1
20211110035711  -660.1 -78.1 -188.2
20211110035712  -659.9 -78.2 -188.3
20211110035713  -659.9 -78.4 -188.2
20211110035714  -659.9 -78.2 -188.0
20211110035715  -659.7 -78.2 -188.2
20211110035716  -659.8 -78.2 -188.5
20211110035717  -659.6 -78.2 -188.4
20211110035718  -659.6 -78.1 -188.3
20211110035719  -658.5 -78.0 -187.8
20211110035720  -658.6 -77.7 -187.7
20211110035721  -659.1 -77.5 -188.0
20211110035722  -659.1 -77.9 -188.0
20211110035723  -659.2 -78.1 -188.0
20211110035724  -658.8 -77.8 -188.0
20211110035725  -658.9 -77.9 -188.2
20211110035726  -658.9 -78.0 -188.0
20211110035727  -658.9 -77.9 -188.1
20211110035728  -659.0 -77.9 -188.0
20211110035729  -658.9 -77.7 -188.1
20211110035730  -658.9 -77.4 -188.1
20211110035731  -658.7 -77.4 -188.1
20211110035732  -659.1 -77.7 -188.0
20211110035733  -659.3 -77.5 -188.3
20211110035734  -659.0 -77.5 -188.0
20211110035735  -659.0 -77.3 -187.9
20211110035736  -659.2 -77.4 -188.4
20211110035737  -659.2 -77.2 -188.1
20211110035738  -659.4 -77.1 -187.8
20211110035739  -659.4 -77.4 -187.7
20211110035740  -659.3 -77.4 -187.7
20211110035741  -659.2 -77.3 -187.9
20211110035742  -659.4 -77.1 -188.0
20211110035743  -659.0 -77.0 -187.6
20211110035744  -659.4 -77.1 -187.7
20211110035745  -658.6 -77.0 -187.1
20211110035746  -658.3 -76.9 -187.3
20211110035747  -659.1 -77.1 -187.8
20211110035748  -659.1 -77.2 -187.9
20211110035749  -659.2 -76.9 -188.0
20211110035750  -659.1 -76.9 -188.0
20211110035751  -658.8 -77.0 -187.9
20211110035752  -658.7 -77.1 -187.9
20211110035753  -658.6 -76.9 -187.9
20211110035754  -658.6 -77.2 -188.2
20211110035755  -658.5 -77.2 -188.2
20211110035756  -658.8 -77.4 -187.9
20211110035757  -658.7 -77.5 -188.2
20211110035758  -658.4 -77.4 -188.4
20211110035759  -658.7 -77.2 -188.5
20211110035800  -658.5 -77.4 -188.5
20211110035801  -658.7 -77.0 -188.3
20211110035802  -658.7 -77.1 -188.5
20211110035803  -659.0 -77.1 -188.2
20211110035804  -658.8 -77.1 -188.3
20211110035805  -659.1 -77.1 -188.3
20211110035806  -658.9 -77.0 -188.1
20211110035807  -659.1 -77.0 -188.1
20211110035808  -659.0 -77.0 -188.4
20211110035809  -659.1 -77.1 -188.3
20211110035810  -659.1 -77.2 -188.2
20211110035811  -658.7 -77.4 -187.6
20211110035812  -658.9 -77.1 -187.8
20211110035813  -659.3 -77.3 -188.1
20211110035814  -659.2 -77.3 -188.2
20211110035815  -659.5 -77.1 -187.8
20211110035816  -659.7 -77.0 -187.8
20211110035817  -659.3 -76.9 -187.8
20211110035818  -659.3 -77.2 -188.0
20211110035819  -659.1 -77.3 -188.0
20211110035820  -659.1 -77.3 -187.9
20211110035821  -659.0 -77.1 -187.9
20211110035822  -658.8 -77.4 -187.7
20211110035823  -658.5 -77.2 -187.7
20211110035824  -659.2 -77.5 -187.8
20211110035825  -659.2 -77.5 -188.0
20211110035826  -659.1 -77.2 -188.3
20211110035827  -659.0 -77.1 -187.9
20211110035828  -659.0 -77.0 -188.0
20211110035829  -659.0 -77.0 -188.0
20211110035830  -658.6 -77.0 -188.0
20211110035831  -658.8 -77.0 -188.1
20211110035832  -659.0 -77.4 -188.1
20211110035833  -659.0 -77.4 -188.0
20211110035834  -659.3 -77.4 -188.0
20211110035835  -659.6 -77.4 -188.3
20211110035836  -659.5 -77.3 -188.2
20211110035837  -659.0 -77.4 -188.0
20211110035838  -659.4 -77.2 -187.7
20211110035839  -659.7 -77.3 -188.1
20211110035840  -659.8 -77.5 -188.1
20211110035841  -659.8 -77.6 -188.0
20211110035842  -659.8 -77.4 -187.9
20211110035843  -660.0 -77.5 -188.0
20211110035844  -659.7 -77.4 -188.1
20211110035845  -659.7 -77.6 -188.3
20211110035846  -659.5 -77.8 -188.5
20211110035847  -659.5 -77.7 -188.3
20211110035848  -659.4 -77.8 -188.4
20211110035849  -659.5 -77.7 -188.5
20211110035850  -659.5 -77.6 -188.4
20211110035851  -659.6 -77.6 -188.6
20211110035852  -659.4 -77.9 -188.7
20211110035853  -659.6 -77.7 -188.2
20211110035854  -659.7 -77.7 -188.2
20211110035855  -659.9 -78.1 -188.5
20211110035856  -659.9 -77.9 -188.5
20211110035857  -660.0 -78.0 -188.2
20211110035858  -660.0 -78.0 -188.6
20211110035859  -659.7 -78.3 -188.8
20211110035900  -659.8 -78.2 -188.7
20211110035901  -659.6 -78.2 -188.6
20211110035902  -659.9 -78.1 -188.5
20211110035903  -659.1 -78.1 -187.8
20211110035904  -659.3 -77.8 -187.8
20211110035905  -659.7 -78.1 -188.0
20211110035906  -659.8 -78.0 -188.3
20211110035907  -659.9 -78.0 -188.7
20211110035908  -660.1 -78.1 -188.6
20211110035909  -660.3 -77.9 -188.5
20211110035910  -660.1 -77.9 -188.6
20211110035911  -660.1 -78.0 -188.4
20211110035912  -660.0 -78.0 -188.2
20211110035913  -659.9 -77.9 -188.2
20211110035914  -660.0 -78.1 -188.1
20211110035915  -660.2 -77.8 -188.0
20211110035916  -660.3 -78.1 -188.3
20211110035917  -660.0 -78.2 -188.8
20211110035918  -660.1 -77.9 -188.7
20211110035919  -660.0 -77.8 -188.5
20211110035920  -660.3 -77.8 -188.6
20211110035921  -660.1 -77.8 -188.6
20211110035922  -660.1 -78.0 -188.3
20211110035923  -659.9 -78.2 -188.3
20211110035924  -659.9 -78.5 -188.6
20211110035925  -659.6 -78.2 -188.6
20211110035926  -659.7 -78.3 -188.5
20211110035927  -660.0 -78.4 -188.6
20211110035928  -660.2 -78.3 -188.6
20211110035929  -659.8 -78.6 -188.1
20211110035930  -659.7 -78.1 -188.0
20211110035931  -659.9 -78.0 -188.5
20211110035932  -660.3 -78.0 -188.4
20211110035933  -660.1 -78.2 -188.3
20211110035934  -660.3 -78.5 -188.4
20211110035935  -660.4 -78.2 -188.2
20211110035936  -660.7 -78.0 -188.4
20211110035937  -660.6 -78.4 -188.4
20211110035938  -660.9 -78.0 -188.5
20211110035939  -660.9 -78.4 -188.6
20211110035940  -660.8 -78.4 -188.8
20211110035941  -660.7 -78.6 -188.8
20211110035942  -660.6 -78.4 -188.8
20211110035943  -660.9 -78.2 -188.8
20211110035944  -661.0 -78.1 -188.7
20211110035945  -660.7 -78.2 -188.6
20211110035946  -660.8 -78.1 -188.8
20211110035947  -660.8 -78.1 -188.6
20211110035948  -660.9 -78.0 -188.5
20211110035949  -660.9 -78.1 -189.0
20211110035950  -660.8 -78.3 -188.8
20211110035951  -660.7 -78.0 -188.7
20211110035952  -660.8 -78.3 -188.8
20211110035953  -660.8 -78.4 -188.6
20211110035954  -661.0 -78.4 -188.7
20211110035955  -660.7 -78.6 -188.7
20211110035956  -660.6 -78.3 -188.5
20211110035957  -661.1 -78.4 -188.7
20211110035958  -661.2 -78.2 -188.7
20211110035959  -661.2 -78.2 -188.8
20211110040000  -661.2 -78.1 -188.8
20211110040001  -661.4 -78.5 -188.9
20211110040002  -661.1 -78.4 -188.6
20211110040003  -661.4 -78.6 -188.8
20211110040004  -661.6 -78.6 -189.1
20211110040005  -661.4 -78.4 -189.0
20211110040006  -661.5 -78.1 -188.8
20211110040007  -661.7 -78.4 -188.7
20211110040008  -661.5 -78.2 -188.8
20211110040009  -661.3 -78.2 -188.6
20211110040010  -661.5 -78.5 -188.6
20211110040011  -661.8 -78.3 -188.6
20211110040012  -661.6 -78.2 -188.9
20211110040013  -661.5 -78.6 -188.5
20211110040014  -661.6 -78.5 -188.7
20211110040015  -661.3 -78.5 -188.5
20211110040016  -661.4 -78.3 -188.8
20211110040017  -661.6 -78.3 -188.7
20211110040018  -661.6 -78.3 -188.9
20211110040019  -661.7 -78.6 -188.8
20211110040020  -661.7 -78.5 -188.8
20211110040021  -661.1 -78.4 -188.4
20211110040022  -661.3 -78.1 -188.1
20211110040023  -661.9 -78.2 -188.7
20211110040024  -661.9 -78.1 -188.6
20211110040025  -661.9 -78.1 -188.5
20211110040026  -662.0 -78.2 -188.5
20211110040027  -662.1 -77.9 -188.5
20211110040028  -662.3 -77.8 -188.4
20211110040029  -662.5 -78.0 -188.2
20211110040030  -662.4 -77.9 -188.2
20211110040031  -662.4 -78.0 -188.4
20211110040032  -662.4 -78.0 -188.5
20211110040033  -662.2 -78.3 -188.6
20211110040034  -662.3 -78.2 -188.3
20211110040035  -662.5 -78.0 -188.3
20211110040036  -662.4 -77.9 -188.6
20211110040037  -662.4 -78.4 -188.4
20211110040038  -662.3 -78.2 -188.7
20211110040039  -662.2 -78.0 -188.4
20211110040040  -662.1 -78.3 -188.3
20211110040041  -662.1 -78.1 -188.4
20211110040042  -662.1 -78.2 -188.0
20211110040043  -662.4 -77.9 -188.0
20211110040044  -662.5 -77.9 -188.4
20211110040045  -662.3 -78.0 -188.2
20211110040046  -662.4 -78.0 -188.4
20211110040047  -661.8 -78.0 -187.8
20211110040048  -661.6 -77.9 -187.5
20211110040049  -662.4 -78.0 -188.0
20211110040050  -662.4 -78.1 -188.4
20211110040051  -662.0 -77.9 -188.3
20211110040052  -662.5 -77.7 -188.3
20211110040053  -662.6 -77.9 -188.5
20211110040054  -662.8 -78.1 -188.2
20211110040055  -662.8 -78.0 -188.0
20211110040056  -662.7 -78.1 -188.4
20211110040057  -662.8 -78.0 -188.4
20211110040058  -662.8 -78.0 -188.3
20211110040059  -662.6 -77.9 -188.5
20211110040100  -662.9 -77.8 -188.3
20211110040101  -662.8 -77.5 -187.9
20211110040102  -662.8 -77.5 -188.1
20211110040103  -662.9 -77.9 -188.0
20211110040104  -662.9 -77.5 -188.1
20211110040105  -662.8 -77.6 -188.0
20211110040106  -662.6 -77.6 -188.2
20211110040107  -662.7 -77.4 -188.3
20211110040108  -662.5 -77.1 -188.0
20211110040109  -662.6 -77.1 -187.9
20211110040110  -662.6 -77.4 -187.9
20211110040111  -662.6 -77.3 -188.1
20211110040112  -662.9 -77.4 -187.9
20211110040113  -662.1 -77.3 -187.3
20211110040114  -661.7 -77.1 -187.1
20211110040115  -662.5 -76.9 -187.5
20211110040116  -662.6 -76.9 -187.9
20211110040117  -662.8 -76.9 -187.9
20211110040118  -662.9 -77.0 -188.0
20211110040119  -662.8 -77.0 -187.9
20211110040120  -662.8 -76.8 -188.2
20211110040121  -662.8 -76.9 -188.0
20211110040122  -663.0 -76.7 -187.8
20211110040123  -662.8 -76.6 -187.9
20211110040124  -662.6 -76.4 -187.9
20211110040125  -662.9 -76.7 -188.0
20211110040126  -662.5 -76.5 -187.7
20211110040127  -662.3 -76.5 -187.7
20211110040128  -662.3 -76.5 -187.6
20211110040129  -662.3 -76.5 -187.8
20211110040130  -662.3 -76.5 -187.8
20211110040131  -662.3 -76.5 -187.9
20211110040132  -662.4 -76.5 -187.6
20211110040133  -662.3 -76.6 -187.8
20211110040134  -662.5 -76.8 -187.8
20211110040135  -662.5 -76.8 -187.7
20211110040136  -662.5 -76.6 -187.8
20211110040137  -662.6 -76.5 -187.8
20211110040138  -662.6 -76.5 -187.6
20211110040139  -661.6 -76.4 -187.2
20211110040140  -661.3 -76.2 -186.9
20211110040141  -661.6 -76.1 -186.9
20211110040142  -662.0 -76.4 -187.6
20211110040143  -662.3 -76.3 -187.9
20211110040144  -662.0 -76.1 -187.8
20211110040145  -662.0 -76.0 -187.5
20211110040146  -662.5 -76.2 -187.4
20211110040147  -662.4 -76.2 -187.4
20211110040148  -662.3 -76.0 -187.3
20211110040149  -662.2 -75.8 -187.0
20211110040150  -662.0 -75.7 -187.4
20211110040151  -662.0 -75.9 -187.5
20211110040152  -661.9 -75.7 -187.5
20211110040153  -661.9 -75.9 -187.3
20211110040154  -661.9 -75.5 -187.2
20211110040155  -662.0 -75.8 -187.5
20211110040156  -662.2 -75.9 -187.5
20211110040157  -661.8 -75.8 -187.5
20211110040158  -661.9 -75.5 -187.4
20211110040159  -662.0 -75.7 -187.3
20211110040200  -661.8 -75.7 -187.4
20211110040201  -662.0 -75.6 -187.4
20211110040202  -661.7 -75.7 -187.1
20211110040203  -661.7 -75.1 -187.3
20211110040204  -661.8 -75.4 -187.1
20211110040205  -661.0 -75.2 -186.6
20211110040206  -660.8 -75.1 -186.4
20211110040207  -660.8 -75.3 -186.2
20211110040208  -661.5 -75.3 -186.6
20211110040209  -661.7 -75.3 -186.8
20211110040210  -661.5 -75.2 -186.9
20211110040211  -661.5 -75.2 -186.9
20211110040212  -661.6 -75.0 -187.0
20211110040213  -661.6 -75.0 -187.1
20211110040214  -661.5 -74.7 -187.0
20211110040215  -661.7 -74.5 -187.0
20211110040216  -661.5 -74.6 -186.7
20211110040217  -661.4 -74.4 -187.1
20211110040218  -661.6 -74.4 -186.7
20211110040219  -661.7 -74.3 -186.6
20211110040220  -661.5 -74.5 -186.8
20211110040221  -661.6 -74.2 -186.9
20211110040222  -661.4 -74.5 -187.1
20211110040223  -661.5 -74.4 -187.0
20211110040224  -661.1 -74.5 -187.1
20211110040225  -661.3 -74.3 -187.0
202111100402