20211220234525  -758.2 -25.9 -235.2
20211220234526  -757.9 -25.8 -235.7
20211220234527  -757.3 -25.7 -235.9
20211220234528  -757.3 -25.8 -236.1
20211220234529  -757.1 -25.7 -236.3
20211220234530  -756.8 -25.6 -236.5
20211220234531  -756.9 -25.2 -236.5
20211220234532  -756.9 -25.5 -236.8
20211220234533  -756.7 -25.6 -237.0
20211220234534  -756.9 -25.8 -237.7
20211220234535  -757.1 -26.1 -238.1
20211220234536  -757.3 -26.3 -238.3
20211220234537  -757.8 -26.5 -238.5
20211220234538  -757.8 -26.9 -238.6
20211220234539  -758.1 -27.4 -238.9
20211220234540  -758.4 -27.9 -239.1
20211220234541  -758.7 -28.4 -239.0
20211220234542  -759.0 -28.4 -239.2
20211220234543  -758.8 -29.0 -239.4
20211220234544  -758.9 -28.8 -239.3
20211220234545  -759.0 -29.2 -239.4
20211220234546  -759.4 -29.4 -239.6
20211220234547  -759.9 -29.6 -239.6
20211220234548  -760.6 -30.0 -240.1
20211220234549  -761.8 -30.4 -240.4
20211220234550  -762.5 -30.9 -241.2
20211220234551  -762.9 -31.0 -241.0
20211220234552  -763.8 -31.7 -241.1
20211220234553  -764.0 -31.9 -241.3
20211220234554  -764.4 -32.1 -241.4
20211220234555  -764.5 -32.6 -241.5
20211220234556  -765.3 -32.5 -241.6
20211220234557  -765.7 -32.3 -242.2
20211220234558  -766.0 -32.4 -241.8
20211220234559  -766.5 -32.7 -242.1
20211220234600  -766.9 -32.6 -242.2
20211220234601  -767.1 -32.8 -242.3
20211220234602  -767.3 -32.7 -242.3
20211220234603  -767.7 -33.1 -242.4
20211220234604  -767.9 -33.4 -242.4
20211220234605  -768.2 -33.3 -242.6
20211220234606  -768.5 -33.7 -242.8
20211220234607  -768.6 -34.0 -242.9
20211220234608  -769.3 -34.1 -243.1
20211220234609  -769.5 -34.4 -243.5
20211220234610  -769.4 -34.6 -243.2
20211220234611  -770.0 -34.7 -242.6
20211220234612  -769.7 -35.1 -242.4
20211220234613  -769.8 -34.7 -242.4
20211220234614  -770.1 -34.8 -242.3
20211220234615  -770.1 -35.1 -242.5
20211220234616  -771.3 -35.3 -242.9
20211220234617  -771.5 -35.5 -243.4
20211220234618  -771.5 -35.6 -243.3
20211220234619  -772.1 -35.8 -243.4
20211220234620  -772.4 -35.7 -243.4
20211220234621  -772.1 -35.7 -243.5
20211220234622  -772.0 -35.7 -243.4
20211220234623  -771.9 -35.4 -243.7
20211220234624  -772.1 -35.2 -243.8
20211220234625  -771.9 -35.2 -244.1
20211220234626  -772.1 -35.2 -244.3
20211220234627  -771.8 -35.3 -244.4
20211220234628  -771.4 -34.9 -244.2
20211220234629  -771.1 -34.7 -244.3
20211220234630  -770.8 -34.7 -244.1
20211220234631  -770.5 -34.5 -243.9
20211220234632  -769.8 -34.3 -244.3
20211220234633  -769.6 -34.0 -244.3
20211220234634  -769.3 -34.0 -244.5
20211220234635  -768.7 -34.3 -244.8
20211220234636  -767.9 -34.3 -244.7
20211220234637  -767.4 -34.3 -244.8
20211220234638  -766.9 -34.2 -245.2
20211220234639  -766.6 -34.2 -245.3
20211220234640  -766.3 -34.4 -245.4
20211220234641  -765.8 -34.2 -245.3
20211220234642  -765.5 -34.7 -245.4
20211220234643  -766.0 -34.7 -246.2
20211220234644  -765.5 -34.9 -246.2
20211220234645  -765.6 -35.0 -246.3
20211220234646  -765.8 -35.6 -246.8
20211220234647  -765.5 -35.9 -247.2
20211220234648  -765.4 -36.0 -247.4
20211220234649  -765.2 -36.4 -247.4
20211220234650  -764.8 -36.9 -247.9
20211220234651  -764.8 -37.1 -248.0
20211220234652  -764.6 -37.1 -247.7
20211220234653  -764.3 -37.2 -248.6
20211220234654  -764.2 -37.6 -248.7
20211220234655  -763.9 -37.7 -248.9
20211220234656  -763.6 -38.1 -248.9
20211220234657  -763.5 -37.8 -249.2
20211220234658  -763.7 -38.1 -249.8
20211220234659  -763.2 -38.3 -250.0
20211220234700  -763.0 -38.5 -249.9
20211220234701  -763.1 -38.5 -250.2
20211220234702  -763.0 -38.8 -250.8
20211220234703  -762.4 -38.8 -250.3
20211220234704  -762.0 -39.1 -250.2
20211220234705  -761.9 -39.1 -250.0
20211220234706  -761.5 -39.3 -249.8
20211220234707  -761.7 -39.3 -249.8
20211220234708  -761.7 -39.3 -249.9
20211220234709  -762.3 -39.2 -250.2
20211220234710  -762.3 -39.5 -250.6
20211220234711  -763.0 -39.7 -251.0
20211220234712  -763.0 -39.7 -251.3
20211220234713  -763.3 -40.1 -251.8
20211220234714  -763.8 -40.4 -252.1
20211220234715  -764.1 -40.5 -252.3
20211220234716  -764.5 -40.7 -252.4
20211220234717  -764.8 -41.2 -252.5
20211220234718  -765.3 -41.4 -252.7
20211220234719  -765.9 -41.7 -252.6
20211220234720  -766.4 -42.1 -252.8
20211220234721  -766.9 -42.4 -253.1
20211220234722  -767.8 -42.6 -253.2
20211220234723  -768.2 -42.8 -253.3
20211220234724  -768.7 -43.1 -253.3
20211220234725  -769.2 -43.5 -253.2
20211220234726  -769.6 -43.7 -253.1
20211220234727  -770.5 -44.3 -253.0
20211220234728  -770.6 -44.5 -252.9
20211220234729  -770.9 -44.5 -252.6
20211220234730  -770.9 -44.4 -252.3
20211220234731  -771.0 -44.5 -251.8
20211220234732  -770.6 -44.5 -251.3
20211220234733  -770.7 -44.6 -251.3
20211220234734  -770.9 -45.1 -251.0
20211220234735  -771.1 -44.8 -250.6
20211220234736  -772.3 -45.0 -251.0
20211220234737  -772.7 -45.3 -250.9
20211220234738  -772.7 -45.4 -250.9
20211220234739  -772.5 -45.2 -250.5
20211220234740  -772.5 -45.4 -250.5
20211220234741  -772.2 -45.7 -250.0
20211220234742  -772.0 -45.9 -250.4
20211220234743  -771.9 -45.9 -250.3
20211220234744  -772.0 -46.1 -250.3
20211220234745  -771.9 -46.0 -250.0
20211220234746  -771.6 -45.8 -250.2
20211220234747  -771.3 -46.1 -250.2
20211220234748  -771.3 -46.0 -250.3
20211220234749  -771.2 -46.3 -250.3
20211220234750  -771.1 -46.4 -250.5
20211220234751  -770.7 -46.4 -250.5
20211220234752  -770.4 -46.6 -250.6
20211220234753  -770.3 -46.9 -250.7
20211220234754  -770.1 -46.9 -250.5
20211220234755  -769.5 -47.2 -250.5
20211220234756  -768.8 -47.0 -250.2
20211220234757  -768.6 -47.1 -250.1
20211220234758  -768.2 -46.8 -250.0
20211220234759  -767.8 -46.3 -249.9
20211220234800  -767.7 -46.1 -249.9
20211220234801  -767.1 -46.2 -249.6
20211220234802  -767.2 -46.2 -249.7
20211220234803  -767.5 -46.7 -250.2
20211220234804  -767.4 -46.9 -250.4
20211220234805  -766.8 -46.9 -250.3
20211220234806  -766.6 -47.0 -250.5
20211220234807  -766.7 -47.1 -250.5
20211220234808  -766.6 -46.9 -250.7
20211220234809  -766.4 -46.9 -251.0
20211220234810  -766.7 -46.8 -250.7
20211220234811  -766.8 -46.8 -250.5
20211220234812  -766.9 -47.1 -250.7
20211220234813  -766.8 -47.2 -250.8
20211220234814  -767.0 -47.2 -250.7
20211220234815  -767.4 -47.5 -250.6
20211220234816  -767.6 -47.5 -250.7
20211220234817  -767.9 -47.1 -250.6
20211220234818  -767.8 -47.3 -250.8
20211220234819  -768.0 -47.4 -250.4
20211220234820  -768.4 -47.2 -250.1
20211220234821  -768.6 -47.0 -250.1
20211220234822  -767.9 -46.9 -249.1
20211220234823  -767.5 -46.0 -248.7
20211220234824  -767.3 -45.6 -248.1
20211220234825  -767.2 -45.4 -247.9
20211220234826  -766.7 -45.1 -247.0
20211220234827  -766.4 -44.7 -246.8
20211220234828  -766.4 -44.5 -246.7
20211220234829  -766.5 -44.0 -247.3
20211220234830  -766.3 -43.8 -247.1
20211220234831  -766.1 -43.6 -246.7
20211220234832  -765.9 -43.1 -246.5
20211220234833  -766.0 -42.7 -246.1
20211220234834  -765.9 -42.5 -246.2
20211220234835  -765.9 -42.5 -246.4
20211220234836  -765.9 -41.9 -246.4
20211220234837  -765.8 -41.8 -246.3
20211220234838  -766.0 -41.5 -246.4
20211220234839  -766.3 -41.2 -246.3
20211220234840  -766.3 -40.9 -246.4
20211220234841  -766.3 -40.5 -246.6
20211220234842  -766.6 -40.4 -246.1
20211220234843  -766.8 -39.9 -246.4
20211220234844  -766.9 -39.5 -246.2
20211220234845  -767.0 -39.4 -246.1
20211220234846  -767.2 -38.9 -245.8
20211220234847  -767.4 -38.9 -245.9
20211220234848  -767.5 -38.8 -245.9
20211220234849  -767.9 -38.8 -245.6
20211220234850  -767.8 -38.6 -245.2
20211220234851  -767.6 -38.2 -244.9
20211220234852  -767.7 -38.1 -244.4
20211220234853  -767.8 -37.9 -244.3
20211220234854  -768.5 -37.6 -244.4
20211220234855  -769.2 -37.4 -244.7
20211220234856  -769.2 -37.6 -244.7
20211220234857  -769.4 -37.6 -244.9
20211220234858  -769.2 -37.4 -244.9
20211220234859  -769.2 -37.5 -244.8
20211220234900  -769.2 -37.6 -245.0
20211220234901  -768.7 -37.0 -244.6
20211220234902  -768.3 -36.7 -244.4
20211220234903  -768.0 -36.6 -243.9
20211220234904  -767.2 -36.3 -243.7
20211220234905  -766.8 -35.5 -243.4
20211220234906  -766.3 -35.1 -243.2
20211220234907  -765.5 -34.4 -242.9
20211220234908  -764.7 -33.8 -242.9
20211220234909  -764.1 -33.4 -242.7
20211220234910  -763.3 -32.8 -242.9
20211220234911  -762.7 -32.5 -242.8
20211220234912  -761.4 -32.1 -242.9
20211220234913  -760.6 -31.5 -242.7
20211220234914  -759.6 -31.1 -242.6
20211220234915  -758.0 -30.5 -242.2
20211220234916  -757.0 -29.8 -241.8
20211220234917  -755.9 -29.1 -241.6
20211220234918  -754.6 -28.5 -241.3
20211220234919  -753.5 -27.8 -241.4
20211220234920  -753.1 -27.6 -242.1
20211220234921  -752.6 -27.4 -242.6
20211220234922  -751.7 -27.1 -242.7
20211220234923  -751.1 -27.0 -243.1
20211220234924  -750.1 -26.5 -243.2
20211220234925  -749.6 -26.4 -243.3
20211220234926  -748.6 -26.1 -243.2
20211220234927  -748.2 -25.8 -243.4
20211220234928  -747.9 -25.5 -243.4
20211220234929  -747.6 -24.9 -243.4
20211220234930  -747.3 -24.6 -243.8
20211220234931  -747.2 -24.6 -244.0
20211220234932  -746.6 -24.2 -244.2
20211220234933  -746.4 -24.2 -244.5
20211220234934  -746.8 -24.2 -245.0
20211220234935  -747.0 -24.0 -245.2
20211220234936  -747.3 -23.8 -245.3
20211220234937  -748.1 -23.6 -245.6
20211220234938  -748.2 -23.6 -245.6
20211220234939  -748.9 -23.3 -245.9
20211220234940  -749.5 -22.9 -246.1
20211220234941  -749.5 -22.9 -245.7
20211220234942  -749.6 -22.3 -245.3
20211220234943  -749.7 -21.7 -244.6
20211220234944  -749.8 -20.9 -244.2
20211220234945  -749.7 -20.2 -243.9
20211220234946  -750.5 -19.7 -244.1
20211220234947  -750.7 -19.2 -244.8
20211220234948  -750.9 -18.7 -244.8
20211220234949  -751.3 -18.0 -244.7
20211220234950  -751.5 -17.4 -244.9
20211220234951  -751.9 -16.8 -244.8
20211220234952  -752.2 -16.1 -245.0
20211220234953  -752.3 -15.5 -245.2
20211220234954  -752.9 -14.9 -245.2
20211220234955  -753.5 -14.6 -245.5
20211220234956  -754.3 -14.3 -245.7
20211220234957  -754.9 -14.1 -246.3
20211220234958  -755.8 -14.0 -246.4
20211220234959  -756.9 -13.8 -246.8
20211220235000  -757.9 -13.7 -246.8
20211220235001  -759.0 -13.3 -247.2
20211220235002  -760.1 -13.3 -247.5
20211220235003  -761.3 -13.1 -247.4
20211220235004  -762.5 -13.0 -247.8
20211220235005  -763.9 -12.9 -247.9
20211220235006  -765.2 -13.1 -248.0
20211220235007  -766.1 -13.1 -248.2
20211220235008  -767.0 -13.4 -248.3
20211220235009  -767.6 -13.2 -247.9
20211220235010  -768.5 -13.2 -247.7
20211220235011  -769.6 -13.0 -247.6
20211220235012  -771.1 -13.3 -248.1
20211220235013  -772.3 -13.8 -248.4
20211220235014  -773.3 -13.5 -248.8
20211220235015  -774.0 -13.6 -248.6
20211220235016  -774.5 -13.8 -248.5
20211220235017  -775.1 -13.8 -248.5
20211220235018  -775.9 -14.1 -248.5
20211220235019  -776.2 -14.0 -248.1
20211220235020  -776.4 -14.0 -248.0
20211220235021  -776.6 -13.8 -247.7
20211220235022  -776.7 -13.8 -248.0
20211220235023  -776.9 -13.6 -247.8
20211220235024  -777.0 -13.6 -248.0
20211220235025  -776.9 -13.5 -248.0
20211220235026  -777.4 -13.1 -248.3
20211220235027  -778.0 -13.3 -248.2
20211220235028  -778.1 -13.1 -248.1
20211220235029  -778.0 -12.8 -248.1
20211220235030  -778.2 -12.6 -248.2
20211220235031  -778.3 -12.6 -248.3
20211220235032  -778.6 -12.3 -248.6
20211220235033  -778.6 -12.5 -248.5
20211220235034  -778.2 -12.0 -248.2
20211220235035  -777.9 -11.8 -247.7
20211220235036  -777.5 -11.8 -247.9
20211220235037  -777.3 -11.7 -247.4
20211220235038  -777.6 -11.7 -247.8
20211220235039  -777.9 -11.6 -248.3
20211220235040  -778.0 -11.9 -248.4
20211220235041  -777.8 -12.2 -248.1
20211220235042  -777.2 -12.2 -247.9
20211220235043  -777.2 -12.1 -248.0
20211220235044  -776.7 -11.9 -247.9
20211220235045  -777.0 -12.0 -247.7
20211220235046  -776.7 -11.7 -248.1
20211220235047  -776.5 -12.1 -248.3
20211220235048  -776.5 -11.9 -248.1
20211220235049  -776.4 -11.6 -248.1
20211220235050  -776.8 -11.6 -248.0
20211220235051  -776.8 -11.4 -247.9
20211220235052  -777.1 -11.0 -248.0
20211220235053  -777.1 -11.3 -247.9
20211220235054  -777.0 -11.3 -248.0
20211220235055  -777.1 -11.5 -248.2
20211220235056  -777.5 -11.6 -248.3
20211220235057  -777.6 -11.5 -248.4
20211220235058  -777.7 -11.8 -248.4
20211220235059  -777.6 -11.9 -248.1
20211220235100  -777.4 -12.0 -248.1
20211220235101  -777.3 -12.0 -247.7
20211220235102  -777.4 -11.8 -247.4
20211220235103  -777.6 -11.7 -246.9
20211220235104  -777.6 -12.2 -246.9
20211220235105  -778.9 -12.3 -247.7
20211220235106  -779.0 -12.5 -248.0
20211220235107  -779.5 -12.8 -248.3
20211220235108  -779.9 -13.0 -248.2
20211220235109  -780.1 -13.1 -248.0
20211220235110  -780.4 -13.2 -248.4
20211220235111  -780.8 -13.2 -248.7
20211220235112  -781.3 -13.2 -248.7
20211220235113  -782.0 -13.6 -248.7
20211220235114  -782.5 -13.8 -248.8
20211220235115  -783.1 -14.0 -249.1
20211220235116  -783.6 -13.6 -249.1
20211220235117  -784.3 -13.8 -249.2
20211220235118  -785.1 -14.0 -249.4
20211220235119  -786.1 -14.1 -249.5
20211220235120  -786.8 -14.1 -249.7
20211220235121  -787.5 -14.1 -249.7
20211220235122  -788.4 -14.3 -249.7
20211220235123  -789.5 -14.4 -249.7
20211220235124  -790.3 -14.8 -250.1
20211220235125  -791.3 -15.1 -250.1
20211220235126  -791.8 -15.4 -250.5
20211220235127  -792.5 -15.4 -250.1
20211220235128  -793.3 -15.5 -250.1
20211220235129  -794.0 -15.8 -249.9
20211220235130  -794.9 -16.1 -249.9
20211220235131  -796.5 -16.2 -250.3
20211220235132  -798.0 -16.7 -250.6
20211220235133  -799.2 -16.8 -250.4
20211220235134  -800.2 -16.9 -250.3
20211220235135  -801.8 -16.9 -250.0
20211220235136  -802.5 -17.2 -250.2
20211220235137  -803.8 -17.0 -250.0
20211220235138  -804.4 -17.3 -250.1
20211220235139  -805.3 -17.4 -250.0
20211220235140  -806.1 -17.4 -250.0
20211220235141  -806.9 -18.0 -250.1
20211220235142  -807.3 -18.1 -250.1
20211220235143  -808.2 -18.3 -249.8
20211220235144  -808.4 -18.3 -249.9
20211220235145  -808.6 -18.4 -249.8
20211220235146  -808.7 -18.7 -249.7
20211220235147  -808.7 -19.1 -250.0
20211220235148  -809.0 -19.4 -249.9
20211220235149  -809.3 -19.7 -250.1
20211220235150  -809.7 -20.2 -250.3
20211220235151  -810.4 -20.2 -250.0
20211220235152  -810.3 -20.5 -250.1
20211220235153  -810.2 -19.9 -249.5
20211220235154  -810.1 -20.0 -249.2
20211220235155  -810.1 -19.8 -249.3
20211220235156  -810.2 -19.6 -249.1
20211220235157  -810.6 -19.5 -248.6
20211220235158  -812.2 -19.6 -249.2
20211220235159  -812.7 -19.5 -248.8
20211220235200  -813.3 -19.4 -248.5
20211220235201  -813.9 -19.4 -248.3
20211220235202  -814.2 -19.5 -248.6
20211220235203  -814.7 -19.6 -248.9
20211220235204  -814.8 -20.1 -249.0
20211220235205  -815.0 -20.4 -249.0
20211220235206  -815.5 -20.5 -248.9
20211220235207  -815.8 -20.5 -248.9
20211220235208  -815.8 -20.7 -248.7
20211220235209  -816.0 -21.0 -248.4
20211220235210  -815.7 -21.3 -248.3
20211220235211  -815.9 -21.2 -248.4
20211220235212  -815.8 -21.3 -248.2
