20211207000016  -715.3 -85.6 -747.5
20211207000017  -715.3 -85.5 -747.3
20211207000018  -715.0 -85.5 -747.1
20211207000019  -716.2 -85.6 -748.1
20211207000020  -716.3 -85.8 -748.3
20211207000021  -716.7 -86.0 -748.6
20211207000022  -717.0 -85.8 -748.5
20211207000023  -717.1 -86.1 -748.5
20211207000024  -717.0 -86.3 -748.8
20211207000025  -717.2 -86.4 -748.5
20211207000026  -717.2 -86.3 -748.8
20211207000027  -717.6 -86.5 -749.0
20211207000028  -717.8 -86.5 -749.0
20211207000029  -717.6 -86.7 -749.0
20211207000030  -717.7 -86.5 -749.5
20211207000031  -717.6 -86.3 -749.2
20211207000032  -717.6 -86.5 -749.1
20211207000033  -717.8 -86.3 -749.2
20211207000034  -717.6 -86.4 -749.3
20211207000035  -717.7 -86.8 -749.5
20211207000036  -717.3 -86.6 -749.2
20211207000037  -716.7 -86.3 -749.0
20211207000038  -716.4 -86.2 -748.8
20211207000039  -716.1 -86.1 -748.9
20211207000040  -715.6 -85.9 -748.7
20211207000041  -715.6 -85.9 -748.3
20211207000042  -715.1 -85.8 -747.9
20211207000043  -714.9 -85.9 -747.6
20211207000044  -714.4 -85.9 -747.3
20211207000045  -714.3 -85.7 -747.3
20211207000046  -714.6 -85.7 -747.6
20211207000047  -715.3 -85.7 -748.1
20211207000048  -715.7 -86.0 -748.4
20211207000049  -716.0 -85.9 -748.6
20211207000050  -715.9 -86.0 -748.6
20211207000051  -716.2 -85.9 -748.8
20211207000052  -716.2 -85.9 -748.8
20211207000053  -716.1 -86.0 -748.9
20211207000054  -716.2 -86.3 -749.0
20211207000055  -716.1 -86.4 -749.1
20211207000056  -716.3 -86.5 -749.3
20211207000057  -716.1 -86.7 -749.0
20211207000058  -716.2 -86.5 -749.1
20211207000059  -715.9 -86.3 -749.1
20211207000100  -716.2 -86.5 -749.1
20211207000101  -716.0 -86.4 -749.0
20211207000102  -716.1 -87.0 -749.3
20211207000103  -715.9 -86.6 -748.8
20211207000104  -715.4 -86.4 -748.4
20211207000105  -715.2 -86.2 -748.2
20211207000106  -715.1 -86.3 -747.9
20211207000107  -714.9 -86.4 -748.0
20211207000108  -714.4 -86.3 -747.7
20211207000109  -713.9 -86.0 -747.4
20211207000110  -713.4 -85.6 -747.0
20211207000111  -713.8 -85.5 -746.7
20211207000112  -713.4 -85.5 -746.5
20211207000113  -713.5 -85.3 -746.4
20211207000114  -714.6 -85.7 -747.5
20211207000115  -715.0 -85.7 -748.0
20211207000116  -715.1 -86.1 -748.1
20211207000117  -715.5 -86.0 -748.2
20211207000118  -715.8 -86.2 -748.5
20211207000119  -715.7 -86.1 -748.4
20211207000120  -716.0 -86.2 -748.6
20211207000121  -716.2 -86.2 -748.4
20211207000122  -716.4 -86.4 -748.6
20211207000123  -716.6 -86.1 -748.7
20211207000124  -716.8 -86.2 -748.6
20211207000125  -716.7 -86.4 -748.9
20211207000126  -717.1 -86.6 -749.1
20211207000127  -717.0 -86.5 -748.9
20211207000128  -717.5 -86.6 -749.2
20211207000129  -717.6 -86.9 -750.1
20211207000130  -717.3 -86.6 -749.5
20211207000131  -716.9 -86.7 -749.5
20211207000132  -716.9 -86.3 -749.3
20211207000133  -716.7 -86.2 -749.1
20211207000134  -716.7 -86.1 -748.6
20211207000135  -716.7 -86.2 -748.4
20211207000136  -716.4 -86.3 -748.1
20211207000137  -715.9 -86.1 -747.9
20211207000138  -715.7 -85.8 -747.8
20211207000139  -715.3 -85.8 -747.4
20211207000140  -715.2 -85.5 -747.2
20211207000141  -715.4 -85.6 -747.1
20211207000142  -716.0 -85.7 -747.9
20211207000143  -716.1 -86.0 -748.2
20211207000144  -716.4 -86.1 -748.4
20211207000145  -716.0 -86.1 -748.7
20211207000146  -716.3 -86.2 -748.8
20211207000147  -716.4 -86.3 -748.9
20211207000148  -716.6 -86.6 -749.2
20211207000149  -716.7 -86.6 -749.3
20211207000150  -716.7 -86.4 -749.5
20211207000151  -716.5 -86.6 -749.5
20211207000152  -716.5 -86.5 -749.6
20211207000153  -716.5 -86.6 -749.8
20211207000154  -716.5 -86.5 -749.7
20211207000155  -716.5 -86.7 -749.8
20211207000156  -716.4 -87.3 -750.1
20211207000157  -716.0 -87.0 -749.6
20211207000158  -715.7 -86.7 -749.1
20211207000159  -715.6 -86.7 -748.9
20211207000200  -715.1 -86.5 -748.6
20211207000201  -714.7 -86.4 -748.4
20211207000202  -714.3 -86.5 -748.2
20211207000203  -714.2 -86.1 -748.4
20211207000204  -713.9 -86.3 -747.9
20211207000205  -713.8 -86.0 -747.7
20211207000206  -713.6 -85.8 -747.7
20211207000207  -713.2 -85.6 -747.3
20211207000208  -712.9 -85.7 -747.1
20211207000209  -713.8 -85.8 -747.7
20211207000210  -714.2 -86.0 -748.2
20211207000211  -714.7 -86.2 -748.6
20211207000212  -714.6 -86.3 -748.9
20211207000213  -714.6 -86.6 -749.0
20211207000214  -714.5 -86.7 -749.1
20211207000215  -714.9 -86.6 -749.2
20211207000216  -715.1 -86.6 -749.3
20211207000217  -715.3 -86.8 -749.5
20211207000218  -716.0 -87.0 -749.8
20211207000219  -716.0 -87.1 -749.7
20211207000220  -716.1 -87.0 -749.9
20211207000221  -715.9 -87.1 -749.9
20211207000222  -716.2 -87.4 -750.0
20211207000223  -716.7 -88.0 -750.2
20211207000224  -716.7 -88.1 -750.6
20211207000225  -716.0 -88.0 -749.8
20211207000226  -715.9 -88.0 -749.6
20211207000227  -715.8 -87.8 -749.3
20211207000228  -715.6 -87.8 -749.4
20211207000229  -715.5 -87.8 -749.0
20211207000230  -715.6 -87.5 -748.8
20211207000231  -715.6 -87.7 -748.8
20211207000232  -715.6 -87.6 -748.4
20211207000233  -715.2 -87.6 -748.2
20211207000234  -715.4 -87.6 -748.0
20211207000235  -715.4 -87.8 -747.8
20211207000236  -715.6 -87.4 -747.5
20211207000237  -717.0 -87.8 -748.3
20211207000238  -717.3 -87.8 -748.6
20211207000239  -717.3 -88.3 -748.9
20211207000240  -717.8 -88.2 -749.1
20211207000241  -718.0 -88.2 -749.1
20211207000242  -718.0 -88.6 -749.6
20211207000243  -718.6 -88.8 -749.9
20211207000244  -718.9 -88.9 -750.1
20211207000245  -718.9 -89.0 -750.2
20211207000246  -719.4 -89.1 -750.5
20211207000247  -719.8 -89.4 -750.9
20211207000248  -720.5 -89.4 -751.3
20211207000249  -720.5 -89.5 -751.5
20211207000250  -720.7 -89.9 -751.8
20211207000251  -720.8 -90.4 -752.1
20211207000252  -720.4 -90.1 -751.4
20211207000253  -720.5 -90.0 -751.4
20211207000254  -720.3 -89.8 -751.0
20211207000255  -720.3 -89.4 -751.0
20211207000256  -720.0 -89.4 -750.7
20211207000257  -719.7 -89.3 -750.3
20211207000258  -719.3 -89.3 -750.4
20211207000259  -719.1 -89.2 -750.2
20211207000300  -718.9 -89.1 -749.9
20211207000301  -718.5 -89.2 -750.1
20211207000302  -718.4 -89.1 -749.9
20211207000303  -718.4 -89.1 -750.1
20211207000304  -719.0 -89.2 -750.2
20211207000305  -719.7 -89.6 -750.6
20211207000306  -719.2 -89.6 -750.6
20211207000307  -719.3 -89.8 -750.6
20211207000308  -719.2 -89.8 -750.9
20211207000309  -719.1 -89.8 -751.3
20211207000310  -719.1 -90.3 -751.4
20211207000311  -719.4 -90.1 -751.7
20211207000312  -719.3 -90.0 -752.2
20211207000313  -719.5 -89.9 -752.2
20211207000314  -719.4 -90.1 -752.2
20211207000315  -719.5 -90.3 -752.8
20211207000316  -719.8 -90.4 -752.8
20211207000317  -719.3 -90.5 -752.6
20211207000318  -719.5 -91.0 -753.5
20211207000319  -718.8 -90.9 -752.7
20211207000320  -718.1 -90.6 -752.4
20211207000321  -717.8 -90.1 -752.5
20211207000322  -717.3 -90.0 -752.0
20211207000323  -716.8 -90.1 -751.6
20211207000324  -716.5 -89.9 -751.5
20211207000325  -716.3 -89.8 -751.1
20211207000326  -715.9 -89.5 -750.8
20211207000327  -715.6 -89.3 -750.6
20211207000328  -715.0 -89.3 -750.5
20211207000329  -714.8 -88.9 -750.2
20211207000330  -714.7 -88.8 -750.3
20211207000331  -714.5 -88.9 -750.2
20211207000332  -715.4 -89.1 -750.9
20211207000333  -715.6 -89.4 -751.4
20211207000334  -715.9 -89.5 -751.5
20211207000335  -715.9 -89.8 -751.7
20211207000336  -715.9 -89.9 -751.8
20211207000337  -715.9 -90.3 -752.1
20211207000338  -715.9 -90.3 -752.0
20211207000339  -716.0 -90.5 -752.4
20211207000340  -716.0 -90.5 -752.7
20211207000341  -716.2 -90.4 -752.8
20211207000342  -716.8 -90.7 -753.3
20211207000343  -716.8 -90.5 -753.1
20211207000344  -717.0 -90.5 -753.0
20211207000345  -717.5 -91.1 -753.9
20211207000346  -717.2 -91.2 -753.9
20211207000347  -716.9 -91.2 -753.2
20211207000348  -716.1 -91.2 -752.9
20211207000349  -715.7 -91.0 -752.5
20211207000350  -715.5 -91.1 -752.3
20211207000351  -715.3 -91.0 -751.9
20211207000352  -715.1 -91.0 -751.8
20211207000353  -715.0 -90.8 -751.6
20211207000354  -714.8 -90.7 -751.2
20211207000355  -714.9 -90.9 -751.2
20211207000356  -714.7 -90.6 -750.9
20211207000357  -714.8 -90.8 -750.6
20211207000358  -714.8 -90.8 -750.6
20211207000359  -714.9 -90.7 -750.7
20211207000400  -715.7 -90.8 -751.8
20211207000401  -715.9 -91.1 -752.1
20211207000402  -716.6 -91.0 -752.5
20211207000403  -717.2 -91.2 -752.8
20211207000404  -717.2 -90.9 -753.0
20211207000405  -717.5 -91.3 -753.3
20211207000406  -718.0 -91.6 -753.4
20211207000407  -718.5 -91.9 -753.4
20211207000408  -718.4 -92.2 -753.6
20211207000409  -718.6 -92.0 -754.0
20211207000410  -719.2 -91.8 -754.3
20211207000411  -719.3 -91.8 -754.1
20211207000412  -719.9 -91.9 -755.1
20211207000413  -719.9 -92.3 -755.4
20211207000414  -719.6 -91.8 -754.8
20211207000415  -719.7 -91.8 -754.4
20211207000416  -719.7 -91.7 -754.3
20211207000417  -719.2 -91.6 -753.9
20211207000418  -718.8 -91.4 -753.2
20211207000419  -718.5 -91.3 -752.8
20211207000420  -718.0 -91.3 -752.7
20211207000421  -717.3 -91.1 -752.8
20211207000422  -716.9 -90.9 -752.5
20211207000423  -716.4 -90.7 -752.3
20211207000424  -716.1 -90.4 -751.7
20211207000425  -715.7 -90.4 -751.8
20211207000426  -715.2 -90.2 -751.5
20211207000427  -715.5 -90.1 -751.9
20211207000428  -716.0 -90.5 -752.2
20211207000429  -716.0 -90.3 -752.4
20211207000430  -715.7 -90.8 -752.9
20211207000431  -715.4 -91.0 -752.9
20211207000432  -715.2 -91.0 -752.7
20211207000433  -715.0 -91.1 -753.1
20211207000434  -714.6 -91.2 -752.7
20211207000435  -714.6 -91.5 -753.1
20211207000436  -714.6 -91.6 -753.6
20211207000437  -714.7 -91.6 -753.7
20211207000438  -714.8 -91.6 -753.8
20211207000439  -715.1 -91.6 -754.0
20211207000440  -715.5 -92.4 -754.9
20211207000441  -715.2 -92.2 -754.5
20211207000442  -715.2 -92.0 -754.2
20211207000443  -714.9 -91.7 -753.9
20211207000444  -714.6 -91.8 -753.7
20211207000445  -714.3 -91.5 -753.6
20211207000446  -714.0 -91.4 -753.4
20211207000447  -714.2 -91.5 -753.1
20211207000448  -714.2 -91.6 -753.2
20211207000449  -714.2 -91.4 -753.3
20211207000450  -714.3 -91.4 -753.4
20211207000451  -714.7 -91.5 -753.5
20211207000452  -714.4 -91.7 -753.7
20211207000453  -715.0 -91.6 -753.8
20211207000454  -715.0 -91.4 -753.6
20211207000455  -716.2 -91.8 -754.2
20211207000456  -717.2 -92.1 -754.8
20211207000457  -717.3 -92.2 -755.2
20211207000458  -717.6 -92.2 -755.8
20211207000459  -718.1 -92.2 -756.0
20211207000500  -718.5 -92.2 -756.3
20211207000501  -719.1 -92.1 -756.5
20211207000502  -719.3 -92.2 -756.9
20211207000503  -720.0 -92.2 -756.9
20211207000504  -720.1 -92.5 -756.9
20211207000505  -720.2 -92.3 -757.1
20211207000506  -720.5 -92.7 -757.2
20211207000507  -721.3 -93.1 -757.6
20211207000508  -722.1 -93.4 -758.3
20211207000509  -721.5 -93.1 -757.8
20211207000510  -721.0 -93.0 -757.6
20211207000511  -721.1 -93.0 -757.3
20211207000512  -720.9 -92.8 -757.3
20211207000513  -720.8 -92.8 -757.3
20211207000514  -720.7 -92.8 -757.1
20211207000515  -720.8 -93.0 -756.9
20211207000516  -720.9 -93.0 -757.0
20211207000517  -720.9 -93.1 -757.0
20211207000518  -720.8 -93.0 -757.1
20211207000519  -720.5 -92.9 -757.2
20211207000520  -720.6 -93.0 -756.9
20211207000521  -720.9 -92.9 -756.7
20211207000522  -721.0 -92.8 -757.0
20211207000523  -722.1 -93.2 -758.4
20211207000524  -722.4 -93.4 -758.5
20211207000525  -723.0 -93.7 -759.0
20211207000526  -723.0 -93.6 -759.3
20211207000527  -723.5 -93.9 -759.4
20211207000528  -723.5 -94.3 -759.3
20211207000529  -723.6 -94.1 -759.7
20211207000530  -723.9 -94.5 -759.7
20211207000531  -724.1 -94.9 -759.9
20211207000532  -724.2 -95.0 -760.2
20211207000533  -724.5 -95.5 -760.7
20211207000534  -724.9 -95.7 -760.8
20211207000535  -725.5 -96.4 -761.9
20211207000536  -725.6 -96.3 -761.7
20211207000537  -725.4 -96.3 -761.9
20211207000538  -725.3 -95.8 -761.5
20211207000539  -725.4 -96.1 -761.5
20211207000540  -725.6 -95.9 -761.3
20211207000541  -725.4 -96.0 -761.1
20211207000542  -725.4 -96.2 -761.2
20211207000543  -725.5 -96.2 -761.4
20211207000544  -725.4 -96.2 -761.6
20211207000545  -725.5 -96.4 -761.8
20211207000546  -725.6 -96.6 -761.7
20211207000547  -725.8 -96.8 -761.9
20211207000548  -726.1 -96.8 -761.9
20211207000549  -726.0 -96.3 -762.1
20211207000550  -727.5 -96.6 -762.9
20211207000551  -728.4 -97.1 -763.8
20211207000552  -728.7 -96.8 -764.5
20211207000553  -729.4 -97.0 -764.7
20211207000554  -729.7 -96.8 -764.8
20211207000555  -730.0 -96.8 -764.9
20211207000556  -730.6 -96.8 -765.1
20211207000557  -730.7 -96.9 -765.6
20211207000558  -731.0 -96.6 -765.7
20211207000559  -731.3 -96.7 -765.6
20211207000600  -731.4 -96.7 -766.3
20211207000601  -731.6 -96.5 -766.5
20211207000602  -732.3 -96.5 -767.3
20211207000603  -732.4 -96.8 -767.4
20211207000604  -732.0 -96.4 -766.9
20211207000605  -731.8 -95.8 -766.8
20211207000606  -731.4 -95.4 -766.5
20211207000607  -731.4 -95.9 -766.4
20211207000608  -731.3 -95.3 -766.4
20211207000609  -731.0 -95.1 -766.2
20211207000610  -730.9 -95.1 -766.0
20211207000611  -730.7 -94.8 -765.7
20211207000612  -730.1 -94.6 -765.4
20211207000613  -730.1 -94.7 -765.6
20211207000614  -729.7 -94.6 -765.5
20211207000615  -729.4 -94.4 -765.5
20211207000616  -729.2 -94.4 -765.3
20211207000617  -729.2 -94.2 -765.5
20211207000618  -730.2 -94.4 -766.4
20211207000619  -730.4 -94.5 -766.8
20211207000620  -730.8 -94.2 -767.0
20211207000621  -730.8 -93.6 -767.0
20211207000622  -731.2 -93.5 -767.2
20211207000623  -731.5 -93.5 -767.3
20211207000624  -731.8 -93.9 -767.3
20211207000625  -731.9 -93.9 -767.3
20211207000626  -732.2 -94.4 -767.9
20211207000627  -732.7 -94.3 -767.8
20211207000628  -732.7 -94.5 -767.9
20211207000629  -732.9 -94.4 -768.3
20211207000630  -733.8 -95.3 -769.3
20211207000631  -733.6 -95.0 -769.2
20211207000632  -733.6 -94.5 -769.3
20211207000633  -733.4 -94.3 -769.1
20211207000634  -733.9 -93.8 -769.1
20211207000635  -734.2 -93.9 -769.1
20211207000636  -734.2 -93.4 -769.0
20211207000637  -734.3 -93.4 -768.8
20211207000638  -734.5 -93.7 -768.7
20211207000639  -734.6 -93.6 -768.4
20211207000640  -734.7 -93.6 -768.6
20211207000641  -734.8 -93.7 -768.6
20211207000642  -734.9 -93.7 -768.6
20211207000643  -735.2 -93.7 -768.7
20211207000644  -735.7 -93.7 -768.5
20211207000645  -736.8 -93.9 -769.4
20211207000646  -737.3 -94.0 -769.9
20211207000647  -737.8 -94.0 -770.1
20211207000648  -738.3 -94.3 -770.4
20211207000649  -738.3 -94.3 -770.4
20211207000650  -738.3 -94.7 -770.3
20211207000651  -738.5 -94.9 -770.3
20211207000652  -738.6 -95.4 -770.0
20211207000653  -738.3 -95.1 -770.3
20211207000654  -738.5 -95.5 -770.8
20211207000655  -738.3 -95.4 -771.0
20211207000656  -738.4 -95.3 -771.4
20211207000657  -738.5 -95.7 -772.0
20211207000658  -738.7 -95.8 -772.7
20211207000659  -738.3 -95.5 -772.8
20211207000700  -737.8 -95.4 -772.4
20211207000701  -737.8 -95.2 -772.1
20211207000702  -737.5 -95.1 -771.7
20211207000703  -736.7 -95.1 -771.3
20211207000704  -736.3 -95.2 -771.0
20211207000705  -735.7 -95.1 -770.8
20211207000706  -735.1 -95.1 -770.5
20211207000707  -734.6 -95.0 -770.5
20211207000708  -734.1 -94.4 -770.4
20211207000709  -733.7 -94.5 -770.5
20211207000710  -733.4 -94.7 -770.2
20211207000711  -733.1 -94.2 -770.1
20211207000712  -733.0 -94.3 -770.6
20211207000713  -733.8 -95.0 -771.3
20211207000714  -733.5 -95.2 -771.5
20211207000715  -733.3 -95.1 -771.8
20211207000716  -733.1 -94.8 -771.9
20211207000717  -733.1 -95.1 -772.0
20211207000718  -733.1 -95.2 -771.9
20211207000719  -732.9 -95.4 -772.0
20211207000720  -732.7 -95.5 -772.1
20211207000721  -732.2 -95.7 -772.2
20211207000722  -732.2 -95.8 -772.1
20211207000723  -732.3 -95.8 -772.2
20211207000724  -732.4 -95.5 -772.6
20211207000725  -732.4 -96.1 -773.1
20211207000726  -731.3 -95.7 -772.5
20211207000727  -730.9 -95.8 -772.1
20211207000728  -730.7 -95.4 -772.2
20211207000729  -730.6 -95.2 -772.2
20211207000730  -730.3 -95.1 -772.2
20211207000731  -730.0 -95.0 -772.4
20211207000732  -730.1 -94.8 -772.6
20211207000733  -730.4 -94.6 -772.4
20211207000734  -730.5 -94.5 -772.2
20211207000735  -730.9 -94.2 -772.1
20211207000736  -730.8 -94.2 -772.1
20211207000737  -731.0 -94.3 -771.8
20211207000738  -731.1 -94.3 -771.7
20211207000739  -731.6 -94.2 -771.9
20211207000740  -733.2 -95.0 -773.2
20211207000741  -733.6 -95.0 -773.7
20211207000742  -733.8 -94.9 -773.7
20211207000743  -734.1 -94.9 -773.4
20211207000744  -734.6 -94.8 -773.6
20211207000745  -734.8 -94.7 -773.7
20211207000746  -735.4 -94.7 -773.8
20211207000747  -735.8 -94.6 -773.9
20211207000748  -736.2 -94.8 -773.9
20211207000749  -736.5 -95.4 -774.2
20211207000750  -736.4 -95.8 -773.8
20211207000751  -736.4 -95.7 -774.2
20211207000752  -736.9 -95.9 -775.1
20211207000753  -737.0 -96.1 -775.4
20211207000754  -737.0 -95.8 -775.3
20211207000755  -737.1 -95.5 -775.5
20211207000756  -737.0 -95.1 -775.2
20211207000757  -737.2 -95.1 -775.2
20211207000758  -737.3 -95.0 -774.8
20211207000759  -737.7 -95.1 -774.5
20211207000800  -737.8 -94.9 -774.5
20211207000801  -737.8 -94.8 -774.0
20211207000802  -737.5 -94.7 -774.3
20211207000803  -737.4 -94.8 -774.2
20211207000804  -737.5 -94.9 -774.2
20211207000805  -737.3 -94.9 -774.2
20211207000806  -737.7 -95.0 -774.4
20211207000807  -738.9 -95.5 -775.1
20211207000808  -738.9 -95.4 -775.5
