20211031005232  -785.0 -24.5 -258.8
20211031005233  -784.8 -24.5 -259.0
20211031005234  -784.8 -24.4 -259.0
20211031005235  -784.5 -24.4 -258.9
20211031005236  -784.5 -24.6 -258.9
20211031005237  -784.7 -24.7 -259.0
20211031005238  -784.4 -24.6 -258.6
20211031005239  -784.1 -24.9 -258.3
20211031005240  -784.0 -25.3 -258.5
20211031005241  -783.4 -25.1 -258.2
20211031005242  -783.4 -25.1 -258.3
20211031005243  -782.7 -25.1 -258.1
20211031005244  -782.1 -25.0 -258.0
20211031005245  -781.6 -24.8 -257.8
20211031005246  -781.6 -24.6 -257.9
20211031005247  -782.1 -24.8 -257.9
20211031005248  -782.1 -24.7 -257.7
20211031005249  -782.2 -24.9 -257.3
20211031005250  -781.8 -24.8 -257.1
20211031005251  -782.0 -24.7 -256.8
20211031005252  -781.8 -24.3 -256.9
20211031005253  -782.1 -24.5 -257.1
20211031005254  -781.9 -24.4 -257.3
20211031005255  -781.6 -24.9 -257.9
20211031005256  -781.6 -25.3 -258.2
20211031005257  -781.7 -25.9 -258.2
20211031005258  -782.0 -26.0 -258.1
20211031005259  -782.2 -26.1 -258.1
20211031005300  -782.1 -26.1 -257.6
20211031005301  -782.2 -25.9 -257.2
20211031005302  -782.2 -25.8 -257.3
20211031005303  -781.9 -25.8 -257.0
20211031005304  -782.0 -25.9 -256.8
20211031005305  -781.9 -25.8 -256.5
20211031005306  -781.5 -25.9 -256.6
20211031005307  -781.7 -26.6 -256.6
20211031005308  -781.7 -26.6 -257.1
20211031005309  -781.6 -26.7 -257.3
20211031005310  -781.5 -26.5 -257.5
20211031005311  -781.4 -26.4 -257.7
20211031005312  -781.5 -25.6 -257.7
20211031005313  -780.9 -25.0 -257.3
20211031005314  -780.5 -24.5 -256.6
20211031005315  -780.3 -24.3 -257.0
20211031005316  -780.1 -24.4 -256.8
20211031005317  -780.7 -24.2 -257.6
20211031005318  -780.9 -25.0 -257.8
20211031005319  -781.3 -25.3 -258.1
20211031005320  -781.5 -25.5 -258.3
20211031005321  -781.9 -25.7 -257.9
20211031005322  -781.7 -26.2 -258.0
20211031005323  -781.4 -26.5 -257.7
20211031005324  -780.9 -26.7 -257.4
20211031005325  -781.1 -26.9 -257.3
20211031005326  -781.4 -27.0 -257.6
20211031005327  -781.1 -27.0 -257.7
20211031005328  -780.7 -27.0 -258.1
20211031005329  -780.5 -27.0 -258.0
20211031005330  -780.5 -27.2 -257.9
20211031005331  -780.4 -27.7 -258.1
20211031005332  -780.5 -27.8 -258.1
20211031005333  -780.6 -27.7 -258.1
20211031005334  -780.5 -27.2 -258.2
20211031005335  -781.1 -26.6 -258.4
20211031005336  -780.7 -26.2 -258.3
20211031005337  -780.5 -26.1 -258.3
20211031005338  -780.2 -25.5 -258.2
20211031005339  -780.1 -25.3 -258.0
20211031005340  -779.6 -25.2 -258.0
20211031005341  -779.6 -25.6 -258.1
20211031005342  -779.5 -26.2 -258.2
20211031005343  -779.2 -26.9 -258.4
20211031005344  -778.9 -27.3 -258.0
20211031005345  -779.4 -27.9 -258.7
20211031005346  -779.4 -27.7 -258.9
20211031005347  -779.5 -27.7 -258.6
20211031005348  -779.7 -27.5 -258.5
20211031005349  -779.5 -27.2 -258.2
20211031005350  -779.5 -27.0 -257.7
20211031005351  -779.2 -26.6 -257.1
20211031005352  -779.0 -26.9 -256.8
20211031005353  -778.5 -26.9 -256.6
20211031005354  -778.2 -26.9 -256.4
20211031005355  -778.1 -27.1 -257.1
20211031005356  -778.1 -27.0 -257.2
20211031005357  -778.0 -27.2 -257.2
20211031005358  -778.2 -27.7 -257.3
20211031005359  -778.3 -28.2 -257.4
20211031005400  -778.2 -28.2 -257.3
20211031005401  -778.1 -28.1 -257.1
20211031005402  -778.1 -28.4 -257.2
20211031005403  -778.3 -28.7 -257.4
20211031005404  -778.5 -28.9 -257.1
20211031005405  -778.5 -29.0 -257.2
20211031005406  -778.8 -28.8 -257.2
20211031005407  -779.0 -28.4 -257.3
20211031005408  -778.9 -28.1 -256.9
20211031005409  -779.0 -27.8 -256.8
20211031005410  -778.2 -27.8 -256.8
20211031005411  -778.2 -27.7 -256.8
20211031005412  -778.7 -27.7 -257.6
20211031005413  -778.8 -27.4 -257.1
20211031005414  -778.7 -27.2 -257.4
20211031005415  -778.7 -27.4 -257.3
20211031005416  -778.9 -27.5 -257.9
20211031005417  -778.8 -27.6 -258.3
20211031005418  -779.1 -28.2 -258.4
20211031005419  -779.0 -28.6 -258.7
20211031005420  -779.0 -29.3 -258.9
20211031005421  -778.8 -30.2 -258.8
20211031005422  -778.7 -30.5 -258.7
20211031005423  -778.9 -30.9 -258.7
20211031005424  -779.2 -30.9 -258.5
20211031005425  -779.0 -30.9 -258.1
20211031005426  -779.1 -30.6 -257.7
20211031005427  -779.2 -30.6 -257.7
20211031005428  -779.1 -30.3 -257.4
20211031005429  -779.3 -29.7 -257.4
20211031005430  -779.4 -29.2 -257.6
20211031005431  -779.8 -28.9 -257.7
20211031005432  -779.9 -28.6 -258.3
20211031005433  -779.8 -28.8 -258.5
20211031005434  -780.0 -29.0 -258.4
20211031005435  -779.8 -29.1 -258.2
20211031005436  -779.7 -29.1 -258.0
20211031005437  -778.8 -29.1 -256.9
20211031005438  -778.2 -29.5 -256.6
20211031005439  -778.1 -29.8 -256.6
20211031005440  -778.0 -30.2 -256.4
20211031005441  -778.2 -30.9 -256.1
20211031005442  -778.7 -30.9 -256.5
20211031005443  -778.9 -30.6 -256.5
20211031005444  -778.7 -30.9 -256.3
20211031005445  -778.7 -30.5 -256.5
20211031005446  -778.8 -30.6 -256.6
20211031005447  -778.8 -30.8 -257.0
20211031005448  -778.8 -30.9 -256.9
20211031005449  -779.0 -31.3 -256.7
20211031005450  -779.0 -31.7 -256.6
20211031005451  -778.8 -32.0 -256.7
20211031005452  -779.0 -32.2 -256.7
20211031005453  -778.6 -32.0 -256.6
20211031005454  -778.9 -31.7 -256.4
20211031005455  -778.5 -31.3 -256.4
20211031005456  -778.7 -31.1 -256.1
20211031005457  -778.3 -30.4 -255.9
20211031005458  -778.3 -29.9 -255.8
20211031005459  -778.3 -29.3 -256.0
20211031005500  -778.3 -29.0 -256.3
20211031005501  -778.5 -29.0 -256.3
20211031005502  -778.7 -28.8 -256.7
20211031005503  -778.7 -29.1 -256.9
20211031005504  -778.8 -29.2 -257.3
20211031005505  -779.1 -29.4 -257.2
20211031005506  -779.2 -29.0 -256.7
20211031005507  -778.3 -28.8 -255.7
20211031005508  -777.6 -28.6 -255.4
20211031005509  -777.1 -28.3 -255.1
20211031005510  -776.9 -27.9 -255.2
20211031005511  -776.7 -28.2 -255.1
20211031005512  -776.9 -28.3 -255.8
20211031005513  -776.9 -28.6 -256.2
20211031005514  -776.7 -28.7 -256.1
20211031005515  -777.0 -28.9 -255.9
20211031005516  -776.9 -29.1 -255.9
20211031005517  -776.9 -29.4 -255.9
20211031005518  -776.9 -29.5 -255.8
20211031005519  -776.7 -29.6 -255.8
20211031005520  -776.7 -29.2 -255.9
20211031005521  -776.7 -29.0 -256.2
20211031005522  -776.6 -28.8 -256.6
20211031005523  -776.6 -28.6 -257.2
20211031005524  -776.7 -28.6 -257.3
20211031005525  -776.8 -28.1 -257.7
20211031005526  -776.9 -27.9 -257.9
20211031005527  -776.5 -27.7 -258.1
20211031005528  -776.3 -27.3 -257.9
20211031005529  -776.0 -27.3 -257.7
20211031005530  -775.9 -27.5 -258.0
20211031005531  -775.5 -27.8 -257.9
20211031005532  -775.3 -28.0 -258.1
20211031005533  -774.9 -28.4 -258.6
20211031005534  -775.1 -28.6 -259.0
20211031005535  -775.0 -28.8 -259.1
20211031005536  -775.4 -28.8 -258.8
20211031005537  -775.0 -29.1 -259.2
20211031005538  -774.9 -29.0 -259.0
20211031005539  -775.3 -29.1 -259.0
20211031005540  -774.9 -28.7 -258.5
20211031005541  -774.5 -28.8 -258.2
20211031005542  -774.3 -28.5 -257.8
20211031005543  -773.6 -28.5 -257.8
20211031005544  -773.3 -28.6 -257.9
20211031005545  -773.0 -28.4 -257.9
20211031005546  -772.8 -28.3 -258.0
20211031005547  -772.2 -28.3 -258.1
20211031005548  -772.3 -28.2 -258.3
20211031005549  -771.8 -28.4 -258.2
20211031005550  -771.4 -27.7 -258.1
20211031005551  -771.3 -27.3 -258.3
20211031005552  -771.1 -26.5 -258.5
20211031005553  -770.8 -25.9 -258.7
20211031005554  -770.3 -25.6 -258.6
20211031005555  -770.2 -25.4 -258.8
20211031005556  -769.7 -25.5 -258.6
20211031005557  -769.4 -25.8 -258.5
20211031005558  -768.6 -26.0 -258.7
20211031005559  -767.9 -26.8 -258.5
20211031005600  -767.6 -27.5 -258.5
20211031005601  -767.2 -28.3 -258.7
20211031005602  -767.3 -28.9 -259.0
20211031005603  -767.2 -29.6 -259.2
20211031005604  -766.4 -30.1 -258.8
20211031005605  -766.6 -30.3 -259.0
20211031005606  -766.7 -30.0 -259.2
20211031005607  -766.9 -29.6 -259.3
20211031005608  -766.6 -29.0 -259.0
20211031005609  -766.3 -28.6 -259.3
20211031005610  -766.3 -28.2 -259.5
20211031005611  -766.1 -27.9 -259.8
20211031005612  -765.9 -27.7 -260.1
20211031005613  -765.9 -28.0 -260.2
20211031005614  -765.5 -28.1 -260.0
20211031005615  -765.3 -28.6 -260.2
20211031005616  -765.1 -29.0 -260.3
