20211203222028  -681.8 -84.3 -738.2
20211203222029  -682.7 -84.1 -738.7
20211203222030  -682.6 -84.6 -738.8
20211203222031  -682.6 -84.8 -738.7
20211203222032  -682.7 -84.3 -738.6
20211203222033  -682.5 -84.6 -738.5
20211203222034  -682.5 -84.4 -738.6
20211203222035  -682.8 -84.5 -738.9
20211203222036  -682.4 -84.3 -739.0
20211203222037  -682.5 -84.4 -738.8
20211203222038  -682.5 -84.3 -738.8
20211203222039  -682.7 -84.4 -738.4
20211203222040  -682.5 -84.2 -738.7
20211203222041  -682.5 -84.1 -738.7
20211203222042  -682.5 -84.3 -738.4
20211203222043  -682.5 -84.5 -738.6
20211203222044  -682.4 -84.4 -738.6
20211203222045  -682.4 -84.5 -738.4
20211203222046  -682.3 -84.4 -738.3
20211203222047  -682.6 -84.3 -738.4
20211203222048  -682.7 -84.6 -738.5
20211203222049  -682.4 -84.6 -738.6
20211203222050  -682.7 -84.5 -738.6
20211203222051  -682.6 -84.4 -738.5
20211203222052  -682.4 -84.7 -738.8
20211203222053  -682.1 -84.4 -738.2
20211203222054  -682.0 -83.8 -738.0
20211203222055  -682.3 -84.1 -738.5
20211203222056  -682.5 -84.1 -738.6
20211203222057  -683.0 -84.0 -738.6
20211203222058  -683.1 -84.2 -738.6
20211203222059  -683.2 -84.3 -738.5
20211203222100  -682.8 -84.0 -738.6
20211203222101  -682.9 -84.1 -738.8
20211203222102  -683.1 -84.0 -738.6
20211203222103  -683.3 -84.1 -738.6
20211203222104  -683.0 -84.2 -738.6
20211203222105  -683.2 -84.2 -738.8
20211203222106  -683.3 -84.2 -738.8
20211203222107  -683.3 -84.2 -738.6
20211203222108  -683.1 -84.1 -738.4
20211203222109  -683.0 -83.9 -738.5
20211203222110  -682.9 -84.2 -738.6
20211203222111  -683.0 -84.0 -738.1
20211203222112  -682.9 -84.2 -738.0
20211203222113  -682.9 -84.2 -738.3
20211203222114  -682.9 -83.9 -738.2
20211203222115  -682.6 -83.8 -738.3
20211203222116  -683.0 -84.1 -737.9
20211203222117  -682.9 -84.0 -738.1
20211203222118  -682.8 -84.0 -737.9
20211203222119  -682.5 -84.0 -737.7
20211203222120  -681.9 -84.0 -737.2
20211203222121  -681.9 -83.5 -737.1
20211203222122  -682.4 -84.0 -738.0
20211203222123  -682.6 -83.9 -737.9
20211203222124  -682.8 -84.0 -738.0
20211203222125  -682.7 -83.9 -738.0
20211203222126  -682.4 -84.3 -737.7
20211203222127  -682.6 -84.2 -737.7
20211203222128  -682.6 -84.1 -737.7
20211203222129  -682.3 -84.0 -737.7
20211203222130  -682.4 -84.1 -737.7
20211203222131  -682.4 -84.1 -737.7
20211203222132  -682.1 -84.2 -737.7
20211203222133  -682.0 -83.9 -737.6
20211203222134  -681.8 -83.7 -737.5
20211203222135  -681.7 -83.7 -737.7
20211203222136  -682.0 -83.8 -737.7
20211203222137  -682.0 -83.7 -737.8
20211203222138  -682.1 -83.7 -737.9
20211203222139  -682.4 -83.6 -738.0
20211203222140  -682.3 -83.7 -737.7
20211203222141  -682.2 -83.7 -737.6
20211203222142  -682.2 -83.6 -737.7
20211203222143  -681.9 -83.6 -737.7
20211203222144  -681.9 -83.6 -737.7
20211203222145  -681.1 -83.7 -737.3
20211203222146  -681.3 -83.6 -737.1
20211203222147  -680.9 -83.6 -736.8
20211203222148  -681.2 -83.4 -737.0
20211203222149  -681.6 -83.6 -737.3
20211203222150  -681.5 -83.6 -737.2
20211203222151  -681.6 -83.8 -737.1
20211203222152  -681.6 -83.6 -737.0
20211203222153  -681.5 -83.3 -737.1
20211203222154  -681.6 -83.3 -737.2
20211203222155  -681.4 -83.3 -737.0
20211203222156  -681.4 -83.5 -736.8
20211203222157  -681.2 -83.4 -737.1
20211203222158  -681.1 -83.1 -737.0
20211203222159  -681.4 -83.1 -736.7
20211203222200  -681.5 -83.5 -736.9
20211203222201  -681.7 -83.4 -737.0
20211203222202  -681.6 -83.2 -737.0
20211203222203  -681.6 -83.2 -737.1
20211203222204  -681.5 -83.1 -737.0
20211203222205  -681.6 -83.2 -736.8
20211203222206  -681.7 -83.0 -737.1
20211203222207  -681.6 -83.1 -737.0
20211203222208  -681.8 -83.1 -737.1
20211203222209  -681.8 -83.3 -737.2
20211203222210  -681.7 -83.3 -736.9
20211203222211  -681.4 -83.5 -737.0
20211203222212  -681.2 -83.2 -736.6
20211203222213  -681.0 -83.1 -736.3
20211203222214  -680.8 -82.6 -735.9
20211203222215  -681.6 -82.9 -736.4
20211203222216  -681.8 -83.1 -736.5
20211203222217  -681.6 -83.0 -736.2
20211203222218  -681.7 -83.1 -736.4
20211203222219  -681.6 -83.2 -736.4
20211203222220  -681.6 -82.8 -736.4
20211203222221  -681.5 -82.6 -736.1
20211203222222  -681.5 -82.9 -736.3
20211203222223  -681.3 -82.8 -736.5
20211203222224  -681.4 -82.8 -736.7
20211203222225  -681.5 -83.2 -736.4
20211203222226  -681.4 -83.1 -736.5
20211203222227  -681.2 -83.1 -736.4
20211203222228  -681.5 -83.1 -736.4
20211203222229  -681.3 -83.1 -736.5
20211203222230  -681.5 -83.1 -735.9
20211203222231  -681.5 -83.2 -736.2
20211203222232  -681.2 -83.3 -736.5
20211203222233  -681.3 -83.2 -736.1
20211203222234  -681.3 -83.3 -736.1
20211203222235  -681.4 -83.3 -736.2
20211203222236  -681.3 -83.5 -735.9
20211203222237  -680.7 -83.4 -735.8
20211203222238  -680.4 -83.1 -735.6
20211203222239  -680.1 -83.4 -735.4
20211203222240  -680.0 -82.8 -735.1
20211203222241  -680.2 -82.6 -735.6
20211203222242  -680.7 -82.9 -735.9
20211203222243  -680.4 -83.0 -735.5
20211203222244  -680.5 -83.2 -735.7
20211203222245  -680.7 -83.0 -735.8
20211203222246  -680.3 -83.0 -735.8
20211203222247  -680.1 -83.0 -735.9
20211203222248  -680.1 -83.0 -735.7
20211203222249  -680.1 -83.1 -735.7
20211203222250  -680.3 -83.1 -735.7
20211203222251  -680.5 -82.9 -735.6
20211203222252  -680.4 -82.8 -735.4
20211203222253  -680.3 -83.1 -735.3
20211203222254  -680.2 -83.1 -735.5
20211203222255  -680.0 -82.9 -735.7
20211203222256  -680.0 -82.9 -735.4
20211203222257  -679.8 -82.9 -735.5
20211203222258  -679.7 -82.9 -735.3
20211203222259  -679.7 -82.9 -735.4
20211203222300  -679.7 -83.5 -735.4
20211203222301  -679.6 -83.2 -735.3
20211203222302  -679.6 -83.2 -735.2
20211203222303  -679.6 -83.2 -735.2
20211203222304  -678.7 -82.9 -734.7
20211203222305  -678.5 -82.9 -734.3
20211203222306  -678.2 -82.4 -734.2
20211203222307  -678.4 -82.6 -734.1
20211203222308  -679.3 -82.9 -734.8
20211203222309  -679.0 -82.9 -734.6
20211203222310  -678.9 -83.0 -734.8
20211203222311  -679.0 -82.9 -734.8
20211203222312  -678.8 -83.1 -734.5
20211203222313  -678.8 -82.8 -734.5
20211203222314  -678.9 -82.8 -734.7
20211203222315  -678.7 -82.9 -734.4
20211203222316  -678.6 -82.7 -734.6
20211203222317  -678.6 -82.6 -734.8
20211203222318  -678.4 -82.8 -734.4
20211203222319  -678.7 -82.7 -734.6
20211203222320  -678.7 -82.5 -734.9
20211203222321  -678.6 -82.7 -734.4
20211203222322  -678.8 -82.5 -734.3
20211203222323  -679.0 -82.6 -734.3
20211203222324  -678.8 -82.9 -734.5
20211203222325  -678.9 -82.6 -734.5
20211203222326  -679.0 -82.6 -734.4
20211203222327  -678.9 -82.4 -734.5
20211203222328  -679.1 -82.7 -734.6
20211203222329  -679.0 -82.6 -734.4
20211203222330  -678.3 -82.8 -733.8
20211203222331  -677.9 -82.4 -733.4
20211203222332  -677.7 -82.1 -733.3
20211203222333  -677.6 -82.3 -733.5
20211203222334  -678.5 -82.1 -733.5
20211203222335  -678.2 -82.2 -733.5
20211203222336  -678.2 -82.0 -733.9
20211203222337  -678.4 -82.0 -733.9
20211203222338  -678.4 -81.9 -733.8
20211203222339  -678.3 -82.2 -734.1
20211203222340  -678.2 -82.2 -733.9
20211203222341  -678.4 -82.2 -734.0
20211203222342  -678.7 -82.4 -734.2
20211203222343  -678.3 -82.6 -734.4
20211203222344  -678.4 -82.2 -734.3
20211203222345  -678.3 -82.6 -734.5
20211203222346  -678.4 -82.3 -734.3
20211203222347  -678.4 -82.6 -734.4
20211203222348  -678.5 -82.7 -734.2
20211203222349  -678.4 -82.6 -734.4
20211203222350  -678.7 -82.5 -734.2
20211203222351  -678.7 -82.4 -734.1
20211203222352  -678.8 -82.5 -734.4
20211203222353  -678.9 -82.6 -734.3
20211203222354  -678.7 -82.5 -734.2
20211203222355  -678.3 -82.6 -734.0
20211203222356  -678.1 -82.9 -733.9
20211203222357  -677.5 -82.7 -733.5
20211203222358  -677.7 -82.3 -733.1
20211203222359  -677.5 -82.6 -732.9
20211203222400  -678.0 -82.2 -733.4
20211203222401  -678.5 -82.3 -733.8
20211203222402  -678.5 -82.2 -733.4
20211203222403  -678.7 -82.5 -733.6
20211203222404  -678.5 -82.6 -733.7
20211203222405  -678.4 -82.4 -733.9
20211203222406  -678.3 -82.4 -733.9
20211203222407  -678.3 -82.4 -733.8
20211203222408  -678.4 -82.3 -733.7
20211203222409  -678.5 -82.5 -733.5
20211203222410  -678.4 -82.5 -733.5
20211203222411  -678.3 -82.3 -733.7
20211203222412  -678.4 -82.3 -733.7
20211203222413  -678.5 -82.6 -734.0
20211203222414  -678.6 -82.6 -733.8
20211203222415  -678.2 -82.5 -733.8
20211203222416  -678.3 -82.5 -733.8
20211203222417  -678.1 -82.6 -734.0
20211203222418  -678.1 -82.5 -734.0
20211203222419  -678.2 -82.7 -734.0
20211203222420  -678.3 -82.7 -733.8
20211203222421  -678.3 -82.9 -733.7
20211203222422  -678.3 -82.7 -733.6
20211203222423  -677.6 -82.6 -733.2
20211203222424  -677.2 -82.3 -733.0
20211203222425  -676.9 -82.3 -732.9
20211203222426  -677.4 -82.1 -733.0
20211203222427  -677.9 -82.1 -733.2
20211203222428  -677.8 -82.4 -733.2
20211203222429  -677.9 -82.2 -733.2
20211203222430  -678.1 -82.0 -733.3
20211203222431  -678.0 -82.3 -733.4
20211203222432  -678.1 -82.5 -733.5
20211203222433  -678.1 -82.2 -733.4
20211203222434  -678.2 -82.1 -733.4
20211203222435  -678.2 -82.4 -733.6
20211203222436  -678.1 -82.4 -733.5
20211203222437  -678.1 -82.6 -733.7
20211203222438  -678.3 -82.5 -733.7
20211203222439  -677.9 -82.3 -733.5
20211203222440  -677.9 -82.6 -733.7
20211203222441  -678.2 -82.4 -733.6
20211203222442  -678.3 -82.5 -733.3
20211203222443  -678.2 -82.4 -733.7
20211203222444  -678.5 -82.4 -733.5
20211203222445  -678.7 -82.4 -733.8
20211203222446  -678.5 -82.3 -733.7
20211203222447  -678.4 -82.4 -733.8
20211203222448  -678.2 -82.6 -733.8
20211203222449  -678.0 -82.8 -733.7
20211203222450  -678.0 -82.5 -733.1
20211203222451  -677.7 -81.9 -732.9
20211203222452  -678.2 -82.3 -733.2
20211203222453  -678.3 -82.7 -733.5
20211203222454  -678.4 -82.7 -733.3
20211203222455  -678.6 -82.6 -733.4
20211203222456  -678.4 -82.7 -733.6
20211203222457  -678.1 -82.7 -733.5
20211203222458  -678.3 -82.7 -733.5
20211203222459  -678.3 -82.7 -733.4
20211203222500  -678.7 -82.8 -733.5
20211203222501  -678.8 -82.6 -733.5
20211203222502  -678.3 -82.6 -733.7
20211203222503  -678.4 -82.8 -733.8
20211203222504  -678.3 -82.7 -733.6
20211203222505  -678.2 -82.8 -733.9
20211203222506  -678.3 -82.6 -733.7
20211203222507  -678.4 -82.9 -733.8
20211203222508  -678.4 -83.0 -733.6
20211203222509  -678.1 -83.0 -733.7
20211203222510  -678.4 -82.9 -733.8
20211203222511  -678.3 -83.4 -733.6
20211203222512  -678.0 -83.2 -733.5
20211203222513  -677.8 -83.0 -733.7
20211203222514  -678.0 -83.2 -733.6
20211203222515  -677.5 -83.5 -733.2
20211203222516  -677.3 -83.2 -733.0
20211203222517  -677.2 -83.0 -732.7
20211203222518  -678.0 -83.3 -733.4
20211203222519  -677.9 -83.1 -733.3
20211203222520  -678.0 -83.0 -733.1
20211203222521  -678.2 -83.1 -733.6
20211203222522  -678.1 -83.1 -733.4
20211203222523  -677.9 -83.3 -733.3
20211203222524  -677.6 -83.4 -733.3
20211203222525  -677.7 -83.3 -733.4
20211203222526  -678.0 -83.6 -733.1
20211203222527  -678.0 -83.8 -733.2
20211203222528  -677.9 -83.3 -733.2
20211203222529  -677.6 -83.5 -733.2
20211203222530  -677.8 -83.4 -733.0
20211203222531  -677.8 -83.5 -733.2
20211203222532  -677.8 -83.2 -733.1
20211203222533  -677.7 -83.3 -733.0
20211203222534  -677.7 -83.5 -733.1
20211203222535  -677.5 -83.6 -733.2
20211203222536  -677.4 -83.4 -733.4
20211203222537  -677.5 -83.2 -733.2
20211203222538  -677.5 -83.5 -733.0
20211203222539  -677.4 -83.5 -732.9
20211203222540  -677.4 -83.5 -733.2
20211203222541  -677.2 -83.5 -733.4
20211203222542  -676.6 -83.5 -732.8
20211203222543  -676.3 -83.3 -732.7
20211203222544  -677.3 -83.2 -733.2
20211203222545  -677.4 -83.3 -733.4
20211203222546  -677.5 -83.5 -733.0
20211203222547  -677.5 -83.6 -733.2
20211203222548  -677.4 -83.6 -733.1
20211203222549  -677.4 -83.4 -733.2
20211203222550  -677.5 -83.3 -733.1
20211203222551  -677.3 -83.5 -733.0
20211203222552  -677.7 -83.5 -733.0
20211203222553  -677.7 -83.6 -733.0
20211203222554  -678.0 -83.7 -733.2
20211203222555  -677.8 -83.6 -733.0
20211203222556  -677.6 -83.6 -733.1
20211203222557  -677.8 -83.3 -733.0
20211203222558  -677.7 -83.5 -733.1
20211203222559  -678.0 -83.6 -733.1
20211203222600  -677.9 -83.3 -732.9
20211203222601  -678.2 -83.2 -733.1
20211203222602  -678.2 -83.1 -733.2
20211203222603  -678.3 -83.0 -733.3
20211203222604  -678.7 -83.3 -733.4
20211203222605  -678.9 -83.7 -733.3
20211203222606  -678.8 -83.4 -733.5
20211203222607  -678.9 -83.5 -733.7
20211203222608  -678.6 -83.7 -733.2
20211203222609  -678.5 -83.3 -732.7
20211203222610  -679.2 -83.5 -733.4
20211203222611  -679.3 -83.4 -733.4
20211203222612  -679.3 -83.2 -733.6
20211203222613  -679.6 -83.7 -733.6
20211203222614  -679.7 -83.5 -733.4
20211203222615  -679.9 -83.3 -733.2
20211203222616  -680.1 -83.5 -733.3
20211203222617  -680.0 -83.1 -733.1
20211203222618  -680.1 -83.3 -733.6
20211203222619  -680.1 -83.5 -733.3
20211203222620  -680.5 -83.5 -733.3
20211203222621  -680.5 -83.6 -733.2
20211203222622  -680.6 -83.5 -733.5
20211203222623  -680.8 -83.6 -733.4
20211203222624  -680.8 -83.6 -733.5
20211203222625  -681.0 -83.6 -733.6
20211203222626  -680.9 -83.9 -733.3
20211203222627  -681.2 -83.7 -733.1
20211203222628  -681.1 -83.8 -732.9
20211203222629  -681.4 -83.8 -732.9
20211203222630  -681.2 -83.8 -733.0
20211203222631  -681.2 -83.5 -733.1
20211203222632  -681.4 -83.8 -733.3
20211203222633  -681.1 -83.8 -733.2
20211203222634  -680.4 -83.4 -732.3
20211203222635  -680.2 -83.3 -732.3
20211203222636  -681.0 -83.1 -732.5
20211203222637  -681.1 -83.3 -732.9
20211203222638  -681.4 -83.4 -733.0
20211203222639  -681.5 -83.0 -732.7
20211203222640  -681.3 -83.3 -732.7
20211203222641  -681.4 -83.1 -732.8
20211203222642  -681.7 -83.5 -733.1
20211203222643  -681.6 -83.5 -732.9
20211203222644  -681.6 -83.4 -732.9
20211203222645  -681.8 -83.3 -733.1
20211203222646  -681.8 -83.5 -733.0
20211203222647  -681.8 -83.2 -732.9
20211203222648  -681.9 -83.3 -733.2
20211203222649  -682.0 -83.6 -732.9
20211203222650  -682.3 -83.4 -733.0
20211203222651  -681.9 -83.3 -732.9
20211203222652  -681.9 -83.1 -733.1
20211203222653  -681.9 -83.5 -732.9
20211203222654  -682.1 -83.0 -732.9
20211203222655  -682.0 -83.1 -733.1
20211203222656  -682.1 -83.0 -733.1
20211203222657  -682.2 -82.9 -733.1
20211203222658  -682.4 -83.2 -733.1
20211203222659  -682.2 -83.2 -733.4
20211203222700  -681.6 -83.0 -733.1
20211203222701  -681.5 -82.6 -732.4
20211203222702  -681.4 -83.0 -732.2
20211203222703  -682.0 -83.1 -732.9
20211203222704  -682.0 -83.0 -733.0
20211203222705  -682.1 -83.1 -732.7
20211203222706  -682.3 -83.2 -732.7
20211203222707  -681.9 -82.9 -732.5
20211203222708  -682.0 -82.9 -732.9
20211203222709  -682.1 -83.0 -733.0
20211203222710  -681.9 -83.3 -732.9
20211203222711  -682.4 -83.3 -733.0
20211203222712  -682.3 -83.0 -733.2
20211203222713  -682.1 -82.9 -733.3
20211203222714  -682.1 -82.9 -733.2
20211203222715  -682.0 -82.9 -733.3
20211203222716  -682.1 -83.0 -733.1
20211203222717  -682.2 -83.2 -732.7
20211203222718  -682.4 -83.0 -733.1
20211203222719  -682.5 -82.9 -733.2
20211203222720  -682.5 -82.8 -733.1
20211203222721  -682.6 -82.9 -732.9
20211203222722  -682.7 -82.9 -732.6
20211203222723  -682.5 -82.8 -732.8
20211203222724  -682.6 -82.9 -732.9
20211203222725  -682.4 -82.8 -732.7
20211203222726  -681.9 -82.8 -732.5
20211203222727  -681.6 -82.6 -732.0
20211203222728  -681.6 -82.4 -732.1
20211203222729  -682.2 -82.2 -732.1
20211203222730  -682.6 -82.2 -732.3
20211203222731  -682.4 -82.1 -732.5
20211203222732  -682.3 -82.4 -732.7
20211203222733  -682.2 -82.1 -732.7
20211203222734  -682.4 -82.2 -732.8
20211203222735  -682.4 -82.3 -732.6
20211203222736  -682.6 -82.5 -732.7
20211203222737  -682.8 -82.3 -732.7
20211203222738  -683.0 -82.2 -732.9
20211203222739  -682.8 -82.4 -732.9
20211203222740  -682.8 -82.4 -732.4
20211203222741  -682.4 -82.6 -732.7
20211203222742  -682.9 -82.4 -732.8
20211203222743  -682.9 -82.8 -732.8
20211203222744  -683.1 -82.6 -732.9
20211203222745  -683.2 -82.4 -732.8
20211203222746  -683.1 -82.3 -732.5
20211203222747  -683.0 -82.4 -732.5
20211203222748  -683.1 -82.5 -732.6
20211203222749  -683.0 -82.7 -732.6
20211203222750  -683.2 -82.6 -732.9
20211203222751  -683.2 -82.5 -732.6
20211203222752  -682.4 -82.4 -732.3
20211203222753  -682.1 -82.3 -732.2
20211203222754  -681.9 -82.4 -731.8
20211203222755  -682.0 -82.0 -731.8
20211203222756  -683.0 -82.5 -732.3
20211203222757  -683.1 -82.2 -732.4
20211203222758  -683.0 -82.2 -732.4
20211203222759  -683.4 -82.1 -732.4
20211203222800  -683.1 -82.1 -732.4
20211203222801  -683.1 -82.1 -732.6
20211203222802  -683.1 -82.0 -732.5
20211203222803  -683.2 -81.8 -732.4
20211203222804  -683.2 -81.9 -732.6
20211203222805  -683.2 -81.7 -732.6
20211203222806  -683.2 -81.8 -732.6
20211203222807  -682.9 -81.7 -732.2
20211203222808  -683.4 -81.7 -732.4
20211203222809  -683.4 -81.7 -732.2
20211203222810  -683.4 -81.6 -732.5
20211203222811  -683.3 -81.4 -732.5
