33  -975.8 -159.8 -2.0
20211030222834  -976.0 -157.6 -1.9
20211030222835  -976.4 -155.6 -1.4
20211030222836  -976.6 -153.9 -1.5
20211030222837  -976.5 -151.9 -0.9
20211030222838  -976.7 -150.0 -0.6
20211030222839  -977.7 -148.5 -1.3
20211030222840  -978.3 -147.2 -1.8
20211030222841  -978.9 -146.0 -1.5
20211030222842  -979.4 -144.9 -2.3
20211030222843  -979.7 -144.0 -2.2
20211030222844  -979.8 -143.3 -2.6
20211030222845  -980.7 -142.8 -3.0
20211030222846  -981.4 -142.0 -3.4
20211030222847  -982.1 -141.5 -3.6
20211030222848  -982.5 -141.1 -4.0
20211030222849  -983.1 -140.4 -4.4
20211030222850  -983.7 -139.9 -4.0
20211030222851  -984.1 -139.2 -4.2
20211030222852  -984.6 -138.4 -4.2
20211030222853  -985.1 -137.6 -4.2
20211030222854  -985.7 -136.9 -4.2
20211030222855  -985.7 -136.6 -4.4
20211030222856  -985.7 -135.8 -4.0
20211030222857  -986.1 -135.1 -4.0
20211030222858  -986.2 -134.5 -4.1
20211030222859  -986.5 -133.8 -3.6
20211030222900  -986.9 -133.2 -3.8
20211030222901  -986.8 -132.8 -3.5
20211030222902  -986.4 -132.5 -3.3
20211030222903  -986.6 -132.1 -3.1
20211030222904  -986.5 -132.1 -3.1
20211030222905  -986.7 -132.2 -3.4
20211030222906  -986.7 -132.8 -3.7
20211030222907  -986.3 -133.4 -3.4
20211030222908  -986.1 -133.6 -2.8
20211030222909  -986.9 -134.1 -2.9
20211030222910  -986.7 -134.2 -3.2
20211030222911  -986.7 -133.7 -2.9
20211030222912  -987.2 -133.0 -3.2
20211030222913  -987.7 -132.2 -3.4
20211030222914  -988.3 -131.3 -3.4
20211030222915  -988.9 -130.2 -3.5
20211030222916  -990.0 -129.0 -3.2
20211030222917  -990.7 -128.5 -3.4
20211030222918  -991.5 -127.5 -3.9
20211030222919  -992.6 -126.4 -4.1
20211030222920  -994.1 -125.3 -4.7
20211030222921  -995.7 -124.3 -4.5
20211030222922  -997.7 -123.2 -4.5
20211030222923  -999.0 -122.1 -4.5
20211030222924  -1000.3 -121.2 -4.2
20211030222925  -1001.5 -120.4 -4.3
20211030222926  -1003.0 -119.2 -4.0
20211030222927  -1004.4 -118.5 -3.9
20211030222928  -1005.5 -117.8 -4.2
20211030222929  -1006.6 -117.1 -4.4
20211030222930  -1007.8 -116.6 -4.6
20211030222931  -1008.9 -116.2 -4.5
20211030222932  -1009.8 -115.8 -4.9
20211030222933  -1011.0 -115.6 -5.1
20211030222934  -1012.5 -115.1 -6.0
20211030222935  -1013.8 -115.1 -6.5
20211030222936  -1015.3 -115.1 -6.7
20211030222937  -1016.2 -114.6 -6.6
20211030222938  -1017.4 -114.3 -6.4
20211030222939  -1019.4 -114.2 -6.5
20211030222940  -1021.1 -114.9 -7.3
20211030222941  -1023.1 -115.3 -7.4
20211030222942  -1024.8 -115.9 -7.3
20211030222943  -1026.2 -116.8 -7.3
20211030222944  -1027.9 -117.5 -7.2
20211030222945  -1029.2 -117.8 -7.2
20211030222946  -1031.1 -118.3 -7.3
20211030222947  -1032.8 -118.4 -7.6
20211030222948  -1034.6 -118.7 -7.3
20211030222949  -1036.8 -118.5 -7.4
20211030222950  -1039.0 -118.1 -7.7
20211030222951  -1041.4 -118.0 -7.5
20211030222952  -1043.9 -117.9 -7.5
20211030222953  -1046.3 -118.1 -7.5
20211030222954  -1048.0 -118.4 -7.3
20211030222955  -1050.0 -118.8 -7.4
20211030222956  -1052.5 -118.9 -7.6
20211030222957  -1055.0 -119.0 -7.8
20211030222958  -1057.3 -119.2 -7.6
20211030222959  -1059.1 -119.1 -7.2
20211030223000  -1060.8 -119.3 -6.8
20211030223001  -1062.2 -119.2 -6.5
20211030223002  -1063.3 -119.7 -5.9
20211030223003  -1064.5 -120.1 -6.0
20211030223004  -1065.6 -120.7 -6.0
20211030223005  -1067.2 -121.9 -5.8
20211030223006  -1068.4 -122.5 -5.3
20211030223007  -1069.3 -122.9 -4.3
20211030223008  -1070.1 -123.5 -2.9
20211030223009  -1071.3 -123.8 -2.2
20211030223010  -1072.7 -124.2 -1.8
20211030223011  -1073.7 -124.7 -0.6
20211030223012  -1074.4 -125.1 0.3
20211030223013  -1074.9 -125.6 1.2
20211030223014  -1075.8 -126.3 1.4
20211030223015  -1076.2 -126.4 2.2
20211030223016  -1076.6 -126.7 3.0
20211030223017  -1076.6 -126.9 3.6
20211030223018  -1076.8 -126.5 4.0
20211030223019  -1076.7 -126.5 3.9
20211030223020  -1076.9 -126.3 4.0
20211030223021  -1076.5 -126.6 4.0
20211030223022  -1076.3 -126.7 3.9
20211030223023  -1075.9 -127.1 3.2
20211030223024  -1076.1 -127.8 2.7
20211030223025  -1076.3 -128.8 2.3
20211030223026  -1075.7 -130.0 2.3
20211030223027  -1075.4 -130.8 1.7
20211030223028  -1075.7 -131.6 0.8
20211030223029  -1076.7 -131.9 -0.1
20211030223030  -1077.6 -131.7 -0.6
20211030223031  -1078.6 -131.9 -0.3
20211030223032  -1079.4 -132.5 -0.2
20211030223033  -1080.2 -132.8 0.4
20211030223034  -1080.3 -133.3 1.3
20211030223035  -1079.4 -134.1 3.0
20211030223036  -1077.4 -134.7 4.6
20211030223037  -1075.2 -135.2 5.7
20211030223038  -1072.6 -135.5 6.4
20211030223039  -1071.3 -135.2 6.2
20211030223040  -1069.9 -135.8 6.3
20211030223041  -1067.6 -135.5 7.6
20211030223042  -1065.7 -135.1 7.6
20211030223043  -1064.0 -134.7 8.0
20211030223044  -1063.3 -134.1 7.7
20211030223045  -1063.0 -133.1 8.8
20211030223046  -1062.2 -131.5 10.0
20211030223047  -1061.2 -130.4 11.0
20211030223048  -1060.4 -127.7 11.5
20211030223049  -1060.1 -125.5 11.7
20211030223050  -1059.1 -123.1 12.1
20211030223051  -1058.3 -120.4 12.1
20211030223052  -1057.2 -118.0 12.8
20211030223053  -1055.4 -115.6 13.5
20211030223054  -1053.9 -113.1 13.9
20211030223055  -1052.7 -110.7 13.8
20211030223056  -1052.0 -108.7 13.1
20211030223057  -1051.8 -106.1 12.3
20211030223058  -1051.8 -103.6 11.7
20211030223059  -1052.1 -101.2 11.8
20211030223100  -1052.1 -99.0 12.3
20211030223101  -1052.1 -98.1 12.2
20211030223102  -1051.7 -98.3 12.5
20211030223103  -1050.9 -98.6 13.7
20211030223104  -1049.4 -99.1 15.1
20211030223105  -1047.1 -99.4 16.5
20211030223106  -1044.8 -99.5 16.6
20211030223107  -1042.7 -100.3 16.7
20211030223108  -1039.5 -101.1 17.1
20211030223109  -1038.1 -102.2 15.7
20211030223110  -1036.6 -103.8 14.3
20211030223111  -1035.0 -104.9 12.9
20211030223112  -1034.5 -106.3 10.8
20211030223113  -1034.1 -106.8 9.3
20211030223114  -1034.0 -107.5 8.3
20211030223115  -1033.9 -108.1 7.4
20211030223116  -1034.0 -109.0 5.8
20211030223117  -1033.9 -110.4 4.8
20211030223118  -1033.6 -111.5 4.1
20211030223119  -1032.3 -112.7 3.7
20211030223120  -1031.3 -114.4 3.0
20211030223121  -1030.1 -115.3 2.9
20211030223122  -1028.3 -116.1 2.5
20211030223123  -1026.6 -116.8 1.4
20211030223124  -1025.6 -117.3 -0.0
20211030223125  -1024.6 -117.5 -1.3
20211030223126  -1023.7 -117.7 -2.5
20211030223127  -1022.9 -117.4 -3.0
20211030223128  -1022.0 -117.5 -3.5
20211030223129  -1020.8 -118.3 -4.0
20211030223130  -1019.7 -118.8 -4.3
20211030223131  -1019.1 -118.9 -4.6
20211030223132  -1018.1 -119.2 -5.3
20211030223133  -1017.2 -118.5 -5.1
20211030223134  -1016.1 -117.6 -5.8
20211030223135  -1015.5 -117.3 -6.3
20211030223136  -1014.8 -117.0 -6.7
20211030223137  -1014.5 -117.1 -7.4
20211030223138  -1014.2 -118.1 -7.5
20211030223139  -1014.8 -118.5 -7.6
20211030223140  -1014.9 -119.9 -7.2
20211030223141  -1014.7 -120.5 -5.9
20211030223142  -1013.7 -121.7 -3.9
20211030223143  -1012.1 -123.1 -2.3
20211030223144  -1010.7 -124.4 -1.6
20211030223145  -1008.8 -126.2 -0.8
20211030223146  -1006.7 -128.9 -0.1
20211030223147  -1004.0 -131.8 0.1
20211030223148  -1002.1 -135.1 -0.3
20211030223149  -1000.1 -137.6 -0.1
20211030223150  -997.6 -140.3 -0.1
20211030223151  -995.8 -142.5 -0.9
20211030223152  -994.3 -144.1 -2.0
20211030223153  -993.5 -145.1 -2.8
20211030223154  -992.5 -145.6 -3.2
20211030223155  -991.5 -145.9 -3.0
20211030223156  -990.3 -146.1 -3.3
20211030223157  -989.5 -146.1 -4.0
20211030223158  -988.9 -146.4 -4.5
20211030223159  -987.9 -146.9 -4.4
20211030223200  -986.9 -146.8 -4.4
20211030223201  -986.6 -147.1 -4.8
20211030223202  -985.9 -147.0 -4.7
20211030223203  -984.9 -146.7 -4.7
20211030223204  -984.7 -146.6 -4.8
20211030223205  -984.0 -146.4 -4.1
20211030223206  -983.5 -145.8 -3.8
20211030223207  -983.0 -145.1 -3.2
20211030223208  -982.7 -144.5 -2.6
20211030223209  -981.9 -144.3 -1.9
20211030223210  -981.9 -144.6 -2.4
20211030223211  -982.0 -144.6 -1.9
20211030223212  -981.7 -145.1 -1.6
20211030223213  -981.9 -145.5 -1.9
20211030223214  -981.9 -145.6 -1.4
20211030223215  -981.7 -146.2 -0.5
20211030223216  -981.7 -146.6 -0.3
20211030223217  -981.7 -147.5 -0.0
20211030223218  -981.6 -148.1 0.1
20211030223219  -982.0 -149.2 0.2
