20211110155234  -671.4 -90.2 -183.9
20211110155235  -671.7 -90.4 -184.0
20211110155236  -671.5 -90.6 -183.8
20211110155237  -671.3 -90.7 -184.0
20211110155238  -671.5 -90.8 -183.9
20211110155239  -671.4 -90.9 -184.2
20211110155240  -671.7 -90.7 -184.0
20211110155241  -671.2 -90.8 -184.0
20211110155242  -671.2 -90.6 -184.0
20211110155243  -671.3 -90.6 -183.9
20211110155244  -671.4 -90.6 -184.1
20211110155245  -670.7 -90.7 -183.7
20211110155246  -671.3 -90.6 -183.9
20211110155247  -671.2 -90.4 -184.2
20211110155248  -671.4 -90.3 -184.1
20211110155249  -671.3 -90.6 -184.2
20211110155250  -671.4 -90.6 -184.1
20211110155251  -671.4 -90.4 -184.2
20211110155252  -671.5 -90.5 -184.0
20211110155253  -671.7 -90.9 -184.3
20211110155254  -671.9 -90.8 -184.2
20211110155255  -671.8 -90.7 -184.2
20211110155256  -672.0 -90.3 -184.2
20211110155257  -671.7 -90.5 -184.2
20211110155258  -671.7 -90.6 -184.3
20211110155259  -671.7 -90.5 -184.1
20211110155300  -671.9 -90.7 -183.9
20211110155301  -672.0 -90.8 -183.9
20211110155302  -671.7 -90.6 -183.8
20211110155303  -671.9 -90.8 -184.1
20211110155304  -671.9 -90.8 -184.2
20211110155305  -672.1 -90.5 -183.8
20211110155306  -672.0 -90.7 -183.9
20211110155307  -671.8 -90.5 -184.0
20211110155308  -671.9 -90.7 -183.7
20211110155309  -671.5 -90.5 -183.7
20211110155310  -671.3 -90.5 -183.8
20211110155311  -671.1 -90.6 -183.5
20211110155312  -670.2 -90.2 -182.7
20211110155313  -671.1 -90.3 -183.1
20211110155314  -671.1 -90.6 -183.4
20211110155315  -671.0 -90.6 -183.6
20211110155316  -670.9 -90.3 -183.5
20211110155317  -671.3 -90.4 -183.8
20211110155318  -671.3 -90.4 -183.9
20211110155319  -671.5 -90.2 -184.1
20211110155320  -671.6 -90.2 -183.8
20211110155321  -671.7 -90.1 -183.8
20211110155322  -671.8 -90.4 -183.8
20211110155323  -671.8 -90.5 -183.7
20211110155324  -671.6 -90.2 -183.8
20211110155325  -671.5 -90.2 -184.0
20211110155326  -671.6 -90.5 -183.9
20211110155327  -671.7 -90.3 -183.7
20211110155328  -671.7 -90.1 -183.8
20211110155329  -671.6 -90.1 -184.0
20211110155330  -671.6 -90.1 -184.0
20211110155331  -671.6 -89.9 -184.0
20211110155332  -671.9 -90.0 -183.9
20211110155333  -671.9 -89.9 -183.5
20211110155334  -671.7 -89.9 -183.6
20211110155335  -671.9 -89.8 -183.6
20211110155336  -671.7 -90.3 -183.4
20211110155337  -671.8 -90.4 -183.7
20211110155338  -671.6 -90.3 -183.1
20211110155339  -671.2 -90.0 -182.8
20211110155340  -671.7 -90.1 -183.5
20211110155341  -672.0 -90.1 -183.9
20211110155342  -671.9 -90.0 -183.5
20211110155343  -671.9 -90.1 -183.4
20211110155344  -671.8 -90.3 -183.4
20211110155345  -671.8 -90.0 -183.6
20211110155346  -671.7 -90.2 -183.6
20211110155347  -671.7 -90.1 -183.5
20211110155348  -671.7 -90.1 -183.6
20211110155349  -671.7 -89.7 -183.6
20211110155350  -671.5 -89.7 -183.9
20211110155351  -671.6 -89.9 -183.7
20211110155352  -671.4 -89.8 -183.9
20211110155353  -671.3 -89.7 -184.0
20211110155354  -671.4 -90.0 -183.8
20211110155355  -671.1 -89.9 -183.8
20211110155356  -671.0 -89.7 -183.9
20211110155357  -671.0 -89.7 -183.8
20211110155358  -671.1 -89.7 -183.9
20211110155359  -671.1 -89.6 -183.7
20211110155400  -671.1 -89.8 -183.5
20211110155401  -671.2 -90.0 -183.5
20211110155402  -671.2 -90.0 -183.5
20211110155403  -671.4 -90.0 -183.8
20211110155404  -671.2 -90.0 -183.9
20211110155405  -670.8 -89.8 -183.2
20211110155406  -670.8 -89.7 -183.0
20211110155407  -671.5 -89.7 -183.4
20211110155408  -671.4 -89.7 -183.3
20211110155409  -671.2 -89.6 -183.4
20211110155410  -671.1 -89.6 -183.5
20211110155411  -671.5 -89.4 -183.8
20211110155412  -671.4 -89.8 -183.8
20211110155413  -671.3 -90.0 -183.6
20211110155414  -671.4 -89.7 -183.7
20211110155415  -671.5 -89.5 -183.6
20211110155416  -671.6 -89.7 -183.4
20211110155417  -671.3 -90.1 -183.7
20211110155418  -671.2 -90.0 -183.7
20211110155419  -671.2 -89.9 -183.7
20211110155420  -671.2 -90.2 -183.8
20211110155421  -671.4 -90.0 -183.3
20211110155422  -671.4 -90.1 -183.7
20211110155423  -671.3 -89.8 -183.8
20211110155424  -671.3 -89.9 -183.6
20211110155425  -671.2 -89.7 -183.8
20211110155426  -671.2 -89.7 -183.9
20211110155427  -671.3 -89.9 -183.7
20211110155428  -670.9 -90.0 -183.7
20211110155429  -671.0 -89.8 -183.7
20211110155430  -671.2 -89.9 -183.6
20211110155431  -670.7 -90.0 -183.6
20211110155432  -670.1 -89.7 -183.0
20211110155433  -670.8 -89.6 -183.4
20211110155434  -671.0 -89.7 -183.6
20211110155435  -671.4 -89.8 -183.4
20211110155436  -671.5 -89.9 -183.8
20211110155437  -671.1 -89.8 -183.7
20211110155438  -671.1 -89.9 -183.6
20211110155439  -671.0 -89.7 -183.6
20211110155440  -671.1 -89.8 -183.8
20211110155441  -671.5 -90.0 -183.9
20211110155442  -671.0 -90.0 -183.7
20211110155443  -671.1 -89.8 -183.8
20211110155444  -671.1 -89.7 -184.0
20211110155445  -671.2 -89.9 -183.7
20211110155446  -671.3 -89.7 -184.0
20211110155447  -671.2 -89.8 -183.9
20211110155448  -670.9 -89.9 -183.7
20211110155449  -671.2 -89.9 -183.8
20211110155450  -671.7 -89.9 -183.6
20211110155451  -671.5 -90.1 -183.7
20211110155452  -671.4 -90.1 -183.9
20211110155453  -671.6 -89.9 -184.0
20211110155454  -671.7 -90.0 -184.1
20211110155455  -671.5 -90.0 -184.3
20211110155456  -671.4 -90.2 -183.9
20211110155457  -671.6 -89.9 -184.0
20211110155458  -671.3 -89.8 -183.8
20211110155459  -670.6 -89.9 -183.4
20211110155500  -670.3 -89.9 -183.2
20211110155501  -670.4 -89.8 -183.1
20211110155502  -670.7 -89.6 -183.0
20211110155503  -671.1 -89.6 -183.6
20211110155504  -671.6 -89.7 -183.4
20211110155505  -671.6 -89.7 -183.6
20211110155506  -671.6 -89.7 -183.6
20211110155507  -671.6 -89.8 -183.1
20211110155508  -671.5 -89.8 -183.3
20211110155509  -671.4 -89.8 -183.4
20211110155510  -671.5 -90.0 -183.2
20211110155511  -671.7 -90.0 -183.7
20211110155512  -671.6 -90.0 -183.4
20211110155513  -671.5 -90.1 -183.1
20211110155514  -671.6 -90.2 -183.3
20211110155515  -671.5 -90.0 -183.3
20211110155516  -671.7 -90.1 -183.1
20211110155517  -671.5 -90.0 -183.1
20211110155518  -671.6 -90.3 -183.2
20211110155519  -671.6 -90.6 -183.4
20211110155520  -671.3 -90.3 -183.4
20211110155521  -671.5 -90.3 -183.6
20211110155522  -671.4 -90.4 -183.7
20211110155523  -671.4 -90.4 -183.4
20211110155524  -671.2 -90.2 -183.7
20211110155525  -671.1 -90.4 -183.6
20211110155526  -671.4 -90.1 -183.7
20211110155527  -671.6 -90.5 -183.6
20211110155528  -671.4 -90.5 -183.6
20211110155529  -670.9 -90.5 -182.9
20211110155530  -671.1 -90.1 -183.3
20211110155531  -670.7 -90.0 -182.8
20211110155532  -671.4 -90.1 -183.5
20211110155533  -671.5 -90.6 -183.9
20211110155534  -671.5 -90.3 -183.8
20211110155535  -671.8 -90.3 -183.8
20211110155536  -671.9 -90.2 -183.9
20211110155537  -672.0 -90.3 -183.7
20211110155538  -672.1 -90.3 -183.8
20211110155539  -672.0 -90.1 -183.6
20211110155540  -672.0 -90.1 -183.7
20211110155541  -672.3 -90.2 -183.6
20211110155542  -672.3 -90.3 -183.8
20211110155543  -672.0 -90.3 -183.9
20211110155544  -672.0 -90.1 -184.0
20211110155545  -671.9 -89.7 -184.1
20211110155546  -671.6 -89.9 -184.1
20211110155547  -671.6 -90.0 -184.0
20211110155548  -671.8 -90.1 -183.9
20211110155549  -671.7 -90.1 -184.0
20211110155550  -671.9 -90.0 -183.7
20211110155551  -671.6 -90.3 -183.9
20211110155552  -671.5 -90.2 -184.1
20211110155553  -671.7 -90.2 -184.3
20211110155554  -671.6 -90.4 -184.1
20211110155555  -671.6 -90.3 -184.1
20211110155556  -671.6 -89.9 -183.9
20211110155557  -671.5 -89.9 -184.2
20211110155558  -671.5 -89.9 -183.8
20211110155559  -671.1 -89.6 -183.6
20211110155600  -671.1 -89.6 -183.2
20211110155601  -671.1 -89.5 -182.9
20211110155602  -671.8 -89.4 -183.3
20211110155603  -671.7 -89.5 -183.7
20211110155604  -671.6 -89.5 -183.9
20211110155605  -671.7 -89.6 -183.7
20211110155606  -671.5 -89.3 -183.9
20211110155607  -671.7 -89.5 -183.6
20211110155608  -671.7 -89.3 -183.5
20211110155609  -671.8 -89.4 -184.0
20211110155610  -671.6 -89.6 -183.8
20211110155611  -671.7 -89.4 -183.8
20211110155612  -671.8 -89.6 -183.9
20211110155613  -671.8 -89.3 -184.0
20211110155614  -671.9 -89.2 -183.5
20211110155615  -672.0 -89.5 -183.9
20211110155616  -672.1 -89.6 -183.6
20211110155617  -672.0 -89.6 -183.7
20211110155618  -672.4 -89.5 -183.7
20211110155619  -672.3 -89.0 -183.6
