20211202225534  -704.3 -78.3 -754.8
20211202225535  -704.3 -78.4 -754.8
20211202225536  -704.4 -78.4 -754.7
20211202225537  -704.3 -78.2 -754.5
20211202225538  -704.3 -78.3 -754.6
20211202225539  -704.5 -78.3 -755.1
20211202225540  -704.5 -78.2 -755.1
20211202225541  -704.3 -78.2 -754.9
20211202225542  -704.4 -78.4 -755.0
20211202225543  -704.2 -78.2 -755.0
20211202225544  -704.1 -78.5 -754.9
20211202225545  -704.2 -78.2 -754.7
20211202225546  -704.2 -78.3 -754.7
20211202225547  -704.2 -78.2 -754.9
20211202225548  -704.5 -78.3 -755.0
20211202225549  -704.4 -78.2 -755.0
20211202225550  -704.5 -78.3 -755.2
20211202225551  -704.5 -78.3 -755.0
20211202225552  -704.2 -78.3 -755.0
20211202225553  -703.9 -78.4 -754.8
20211202225554  -703.6 -78.0 -754.4
20211202225555  -703.9 -77.9 -754.5
20211202225556  -704.0 -78.1 -755.2
20211202225557  -704.2 -78.0 -755.2
20211202225558  -704.1 -78.0 -754.9
20211202225559  -704.2 -78.0 -755.3
20211202225600  -704.1 -78.4 -755.2
20211202225601  -704.3 -78.0 -755.2
20211202225602  -704.1 -78.0 -755.0
20211202225603  -704.5 -78.0 -755.0
20211202225604  -704.7 -78.1 -755.3
20211202225605  -704.5 -78.0 -755.2
20211202225606  -704.7 -77.8 -755.3
20211202225607  -704.9 -77.8 -755.2
20211202225608  -705.0 -77.8 -755.3
20211202225609  -705.0 -78.3 -755.3
20211202225610  -705.3 -78.4 -755.6
20211202225611  -705.5 -78.2 -755.5
20211202225612  -705.6 -78.2 -755.7
20211202225613  -705.5 -78.3 -755.6
20211202225614  -705.6 -78.2 -755.8
20211202225615  -705.6 -78.3 -755.8
20211202225616  -705.5 -78.2 -755.6
20211202225617  -705.6 -78.4 -755.7
20211202225618  -705.8 -78.4 -755.6
20211202225619  -705.5 -78.4 -755.7
20211202225620  -705.0 -78.3 -755.0
20211202225621  -705.3 -77.9 -754.8
20211202225622  -706.0 -77.9 -755.4
20211202225623  -705.9 -78.0 -755.4
20211202225624  -706.4 -78.3 -755.5
20211202225625  -706.4 -78.0 -755.5
20211202225626  -706.4 -78.3 -755.8
20211202225627  -706.2 -78.3 -755.6
20211202225628  -706.3 -78.2 -755.3
20211202225629  -706.3 -78.1 -755.2
20211202225630  -706.2 -78.1 -755.5
20211202225631  -706.3 -78.4 -755.7
20211202225632  -706.5 -78.0 -755.5
20211202225633  -706.5 -78.4 -755.7
20211202225634  -706.3 -78.4 -755.8
20211202225635  -706.4 -78.2 -755.9
20211202225636  -706.5 -78.2 -756.0
20211202225637  -706.7 -78.3 -755.6
20211202225638  -706.6 -78.2 -755.5
20211202225639  -707.0 -78.1 -755.7
20211202225640  -707.1 -78.4 -755.9
20211202225641  -706.7 -78.1 -756.0
20211202225642  -706.7 -78.0 -755.8
20211202225643  -706.8 -78.0 -756.0
20211202225644  -707.0 -77.9 -755.9
20211202225645  -706.9 -78.1 -755.8
20211202225646  -706.3 -77.7 -755.3
20211202225647  -706.1 -77.8 -755.3
20211202225648  -706.5 -77.7 -755.6
20211202225649  -707.0 -77.8 -755.8
20211202225650  -706.8 -77.7 -755.8
20211202225651  -706.5 -77.8 -755.9
20211202225652  -706.8 -77.9 -756.0
20211202225653  -706.9 -77.6 -755.9
20211202225654  -707.2 -77.8 -755.8
20211202225655  -707.1 -77.6 -756.2
20211202225656  -707.2 -77.7 -756.1
20211202225657  -707.0 -77.7 -756.0
20211202225658  -707.3 -77.9 -756.4
20211202225659  -707.3 -77.9 -756.1
20211202225700  -707.5 -78.2 -756.3
20211202225701  -707.6 -78.0 -756.5
20211202225702  -707.9 -78.1 -756.7
20211202225703  -708.0 -77.9 -756.6
20211202225704  -707.8 -77.8 -756.6
20211202225705  -708.0 -78.1 -756.7
20211202225706  -708.0 -78.1 -756.7
20211202225707  -708.1 -77.9 -756.6
20211202225708  -708.1 -78.0 -756.7
20211202225709  -708.2 -78.1 -756.8
20211202225710  -708.2 -78.0 -756.5
20211202225711  -708.1 -78.1 -756.8
20211202225712  -707.7 -77.8 -756.5
20211202225713  -707.6 -78.0 -756.3
20211202225714  -707.7 -78.1 -756.2
20211202225715  -708.4 -77.8 -757.0
20211202225716  -708.8 -78.3 -757.1
20211202225717  -708.7 -78.2 -756.9
20211202225718  -708.7 -78.4 -756.9
20211202225719  -708.7 -78.3 -757.1
20211202225720  -708.8 -78.4 -757.0
20211202225721  -708.9 -78.5 -757.1
20211202225722  -709.2 -78.8 -757.4
20211202225723  -709.0 -78.6 -757.2
20211202225724  -709.0 -78.5 -757.1
20211202225725  -709.3 -78.3 -757.3
20211202225726  -709.0 -78.1 -757.1
20211202225727  -709.4 -78.3 -757.5
20211202225728  -709.4 -78.2 -757.5
20211202225729  -709.5 -78.3 -757.5
20211202225730  -709.3 -78.2 -757.4
20211202225731  -709.9 -78.2 -757.6
20211202225732  -709.8 -78.4 -757.7
20211202225733  -709.7 -78.4 -757.8
20211202225734  -709.6 -78.5 -757.6
20211202225735  -709.7 -78.4 -757.6
20211202225736  -709.7 -78.5 -757.5
20211202225737  -709.6 -78.7 -757.6
20211202225738  -709.2 -78.4 -757.2
20211202225739  -708.9 -78.2 -756.9
20211202225740  -708.9 -78.1 -756.8
20211202225741  -709.8 -78.1 -757.3
20211202225742  -709.9 -78.3 -757.4
20211202225743  -709.7 -78.6 -757.6
20211202225744  -709.8 -78.6 -757.8
20211202225745  -710.0 -78.6 -757.8
20211202225746  -710.0 -78.5 -757.7
20211202225747  -710.0 -78.1 -757.7
20211202225748  -709.7 -78.3 -757.9
20211202225749  -709.9 -78.5 -757.8
20211202225750  -709.9 -78.5 -757.6
20211202225751  -709.9 -78.5 -757.8
20211202225752  -710.1 -78.4 -757.8
20211202225753  -710.1 -78.0 -757.8
20211202225754  -710.0 -78.3 -757.8
20211202225755  -709.9 -78.3 -757.7
20211202225756  -710.0 -78.4 -758.1
20211202225757  -710.1 -78.2 -758.1
20211202225758  -710.1 -78.2 -758.2
20211202225759  -709.9 -78.3 -758.0
20211202225800  -710.3 -78.2 -758.2
20211202225801  -709.9 -78.2 -757.9
20211202225802  -710.2 -78.5 -758.2
20211202225803  -710.0 -78.3 -758.3
20211202225804  -709.2 -78.3 -757.6
20211202225805  -709.2 -77.9 -757.1
20211202225806  -708.9 -77.9 -757.2
20211202225807  -709.4 -78.0 -757.4
20211202225808  -709.8 -77.8 -758.1
20211202225809  -710.2 -78.3 -758.1
20211202225810  -710.0 -78.2 -758.2
20211202225811  -710.3 -78.1 -758.4
20211202225812  -710.4 -78.1 -758.3
20211202225813  -710.2 -78.0 -758.2
20211202225814  -710.2 -78.1 -758.4
20211202225815  -710.3 -77.9 -758.3
20211202225816  -710.3 -78.0 -758.3
20211202225817  -710.5 -78.0 -758.2
20211202225818  -710.8 -78.1 -758.5
20211202225819  -710.8 -78.1 -758.3
20211202225820  -710.7 -78.2 -758.5
20211202225821  -710.8 -78.1 -758.3
20211202225822  -710.8 -78.4 -758.2
20211202225823  -710.9 -78.2 -758.4
20211202225824  -710.7 -78.3 -758.4
20211202225825  -710.7 -78.0 -758.4
20211202225826  -711.3 -77.9 -758.4
20211202225827  -711.1 -77.8 -758.5
20211202225828  -711.2 -77.9 -758.6
20211202225829  -711.1 -78.0 -758.7
20211202225830  -711.1 -78.1 -758.5
20211202225831  -710.5 -78.0 -758.1
20211202225832  -710.4 -77.8 -758.0
20211202225833  -710.8 -77.8 -758.4
20211202225834  -711.3 -77.7 -758.9
20211202225835  -711.1 -77.9 -759.1
20211202225836  -711.2 -78.1 -759.1
20211202225837  -711.2 -77.8 -759.1
20211202225838  -711.4 -77.9 -758.9
20211202225839  -711.4 -77.8 -758.8
20211202225840  -711.4 -77.9 -758.9
20211202225841  -711.5 -78.1 -758.9
20211202225842  -711.4 -78.2 -758.9
20211202225843  -711.6 -78.2 -758.9
20211202225844  -711.6 -77.9 -759.1
20211202225845  -711.8 -77.9 -759.0
20211202225846  -711.8 -78.0 -759.2
20211202225847  -711.9 -78.0 -759.3
20211202225848  -711.9 -78.1 -759.1
20211202225849  -712.1 -78.0 -759.2
20211202225850  -712.1 -78.2 -759.2
20211202225851  -712.0 -78.2 -759.1
20211202225852  -712.1 -78.0 -759.3
20211202225853  -712.1 -78.0 -759.2
20211202225854  -712.0 -78.1 -759.3
20211202225855  -711.7 -78.4 -759.5
20211202225856  -711.6 -78.3 -759.2
20211202225857  -710.9 -78.1 -758.7
20211202225858  -711.0 -77.9 -758.3
20211202225859  -711.5 -78.0 -758.5
20211202225900  -711.5 -77.8 -758.7
20211202225901  -711.7 -78.0 -758.9
20211202225902  -711.7 -77.9 -758.8
20211202225903  -711.7 -78.1 -758.9
20211202225904  -711.6 -78.0 -759.0
20211202225905  -712.0 -78.1 -758.9
20211202225906  -712.1 -78.4 -759.4
20211202225907  -712.3 -78.3 -759.3
20211202225908  -712.2 -77.9 -759.2
20211202225909  -712.0 -78.1 -759.4
20211202225910  -712.0 -78.3 -759.5
20211202225911  -712.1 -78.2 -759.4
20211202225912  -712.2 -78.4 -759.2
20211202225913  -712.3 -78.5 -759.1
20211202225914  -712.1 -78.7 -759.6
20211202225915  -712.1 -78.3 -759.4
20211202225916  -712.0 -78.4 -759.3
20211202225917  -712.2 -78.1 -759.3
20211202225918  -712.1 -78.4 -759.5
20211202225919  -712.1 -78.4 -759.5
20211202225920  -712.2 -78.2 -759.5
20211202225921  -712.4 -78.4 -759.8
20211202225922  -712.4 -78.4 -759.9
20211202225923  -712.0 -78.4 -759.5
20211202225924  -711.8 -78.4 -759.4
20211202225925  -712.2 -78.3 -759.5
20211202225926  -712.6 -78.7 -759.9
20211202225927  -712.7 -78.7 -759.9
20211202225928  -712.8 -78.3 -760.0
20211202225929  -712.7 -78.5 -760.1
20211202225930  -712.8 -78.5 -760.0
20211202225931  -713.0 -78.7 -760.0
20211202225932  -713.2 -78.6 -759.8
20211202225933  -713.4 -78.8 -760.0
20211202225934  -713.0 -78.9 -760.1
20211202225935  -713.0 -79.0 -759.8
20211202225936  -713.5 -78.9 -759.8
20211202225937  -713.6 -78.9 -760.1
20211202225938  -713.4 -79.0 -760.2
20211202225939  -713.5 -78.7 -759.9
20211202225940  -713.7 -78.9 -760.2
20211202225941  -713.7 -78.9 -760.3
20211202225942  -713.9 -78.9 -760.3
20211202225943  -713.6 -78.7 -760.3
20211202225944  -713.8 -78.7 -760.2
20211202225945  -714.0 -78.8 -760.1
20211202225946  -713.9 -78.8 -760.4
20211202225947  -714.0 -78.9 -760.4
20211202225948  -714.1 -78.6 -760.7
20211202225949  -713.3 -78.6 -760.0
20211202225950  -712.9 -78.9 -759.6
20211202225951  -713.9 -78.7 -760.2
20211202225952  -714.0 -78.7 -760.2
20211202225953  -713.8 -78.7 -760.0
20211202225954  -713.6 -78.9 -760.1
20211202225955  -714.1 -78.9 -760.2
20211202225956  -713.8 -79.1 -760.0
20211202225957  -714.0 -79.0 -760.1
20211202225958  -713.9 -78.9 -760.0
20211202225959  -714.0 -78.7 -759.9
20211202230000  -713.6 -78.8 -760.1
20211202230001  -713.7 -78.7 -759.9
20211202230002  -713.6 -78.9 -760.0
20211202230003  -713.7 -78.9 -760.1
20211202230004  -713.5 -78.8 -760.1
20211202230005  -713.6 -78.9 -760.3
20211202230006  -713.3 -78.9 -760.1
20211202230007  -713.1 -78.7 -760.4
20211202230008  -713.4 -78.9 -760.3
20211202230009  -713.3 -78.9 -760.2
20211202230010  -713.3 -78.7 -760.2
20211202230011  -713.2 -78.8 -760.2
20211202230012  -713.1 -78.8 -760.3
20211202230013  -713.4 -78.9 -760.1
20211202230014  -713.6 -79.1 -760.0
20211202230015  -713.2 -79.1 -759.9
20211202230016  -712.8 -79.1 -759.7
20211202230017  -713.0 -79.4 -760.2
20211202230018  -713.3 -79.2 -760.4
20211202230019  -713.4 -79.0 -760.5
20211202230020  -713.4 -79.3 -760.3
20211202230021  -713.4 -79.1 -760.2
20211202230022  -713.0 -79.0 -760.3
20211202230023  -713.4 -78.9 -760.2
20211202230024  -713.5 -78.9 -760.1
20211202230025  -713.4 -78.9 -760.1
20211202230026  -713.4 -79.2 -759.8
20211202230027  -713.3 -79.0 -760.2
20211202230028  -713.6 -78.7 -760.1
20211202230029  -713.6 -78.8 -759.9
20211202230030  -713.8 -78.7 -759.9
20211202230031  -713.5 -78.7 -760.2
20211202230032  -713.4 -78.9 -760.0
20211202230033  -713.5 -78.9 -760.4
20211202230034  -713.3 -78.8 -760.6
20211202230035  -713.4 -78.8 -760.3
20211202230036  -713.5 -78.8 -760.5
20211202230037  -713.4 -78.6 -760.3
20211202230038  -713.6 -79.0 -760.5
20211202230039  -713.2 -78.9 -760.6
20211202230040  -713.4 -79.0 -760.6
20211202230041  -712.8 -79.2 -759.8
20211202230042  -712.5 -78.8 -759.3
20211202230043  -712.8 -78.6 -760.1
20211202230044  -713.2 -78.7 -760.2
20211202230045  -713.2 -78.9 -760.3
20211202230046  -713.3 -78.8 -759.9
20211202230047  -713.5 -79.0 -759.9
20211202230048  -713.4 -78.8 -760.0
20211202230049  -713.2 -79.0 -760.1
20211202230050  -713.3 -79.1 -760.2
20211202230051  -713.2 -79.1 -760.2
20211202230052  -713.7 -79.3 -760.1
20211202230053  -713.9 -79.2 -760.3
20211202230054  -713.8 -79.2 -760.1
20211202230055  -713.7 -79.2 -759.9
20211202230056  -713.8 -78.9 -760.2
20211202230057  -713.6 -79.3 -760.0
20211202230058  -713.6 -79.5 -760.3
20211202230059  -713.8 -79.7 -760.2
20211202230100  -714.0 -79.6 -760.1
20211202230101  -714.1 -79.8 -760.3
20211202230102  -714.1 -79.9 -760.5
20211202230103  -714.2 -80.0 -760.6
20211202230104  -714.2 -80.4 -760.6
20211202230105  -714.5 -80.2 -760.7
20211202230106  -714.4 -80.2 -760.9
20211202230107  -713.4 -80.5 -760.1
20211202230108  -713.4 -80.4 -759.6
20211202230109  -713.3 -80.1 -759.7
20211202230110  -713.7 -80.3 -760.2
20211202230111  -713.7 -80.3 -760.2
20211202230112  -713.3 -80.5 -760.1
20211202230113  -713.4 -80.5 -759.9
20211202230114  -713.5 -80.7 -760.4
20211202230115  -713.6 -80.6 -760.3
20211202230116  -713.3 -80.7 -760.2
20211202230117  -713.4 -80.8 -760.1
20211202230118  -713.1 -80.7 -760.3
20211202230119  -712.7 -80.7 -760.0
20211202230120  -712.8 -80.6 -760.3
20211202230121  -712.8 -80.5 -760.2
20211202230122  -712.9 -80.6 -760.1
20211202230123  -712.8 -80.7 -760.2
20211202230124  -712.8 -80.7 -760.2
20211202230125  -712.8 -80.7 -760.1
20211202230126  -712.8 -80.5 -760.0
20211202230127  -712.8 -80.6 -760.0
20211202230128  -712.9 -80.4 -760.1
20211202230129  -712.9 -80.2 -760.0
20211202230130  -713.1 -80.5 -760.2
20211202230131  -712.7 -80.3 -760.1
20211202230132  -712.9 -80.4 -760.1
20211202230133  -712.5 -80.3 -759.7
20211202230134  -712.0 -80.2 -759.3
20211202230135  -712.0 -80.1 -759.1
20211202230136  -712.7 -80.3 -759.5
20211202230137  -712.7 -80.4 -759.8
20211202230138  -713.0 -80.5 -760.0
20211202230139  -712.9 -80.3 -759.6
20211202230140  -712.6 -80.2 -759.5
20211202230141  -712.8 -80.2 -759.5
20211202230142  -712.9 -80.3 -759.6
20211202230143  -713.1 -80.3 -759.6
20211202230144  -712.9 -80.3 -759.7
20211202230145  -713.3 -80.2 -759.6
20211202230146  -713.5 -80.5 -759.7
20211202230147  -713.5 -80.3 -759.7
20211202230148  -713.6 -80.3 -759.8
20211202230149  -713.6 -80.5 -759.8
20211202230150  -713.9 -80.7 -759.6
20211202230151  -713.9 -80.8 -759.7
20211202230152  -713.7 -80.7 -759.7
20211202230153  -713.9 -80.5 -759.8
20211202230154  -713.9 -80.8 -759.9
20211202230155  -714.0 -80.8 -759.9
20211202230156  -714.0 -80.6 -759.5
20211202230157  -713.9 -80.7 -759.4
20211202230158  -713.8 -80.6 -759.6
20211202230159  -713.8 -80.7 -759.5
20211202230200  -713.2 -80.5 -759.3
20211202230201  -713.2 -80.4 -759.1
20211202230202  -713.8 -80.4 -759.1
20211202230203  -714.0 -80.4 -759.7
20211202230204  -714.0 -80.5 -759.5
20211202230205  -714.4 -80.6 -759.4
20211202230206  -714.4 -80.9 -759.3
20211202230207  -714.4 -81.0 -759.3
20211202230208  -714.5 -81.1 -759.2
20211202230209  -714.6 -81.0 -759.4
20211202230210  -714.2 -81.1 -759.3
20211202230211  -713.9 -81.3 -759.2
20211202230212  -714.3 -81.2 -759.1
20211202230213  -714.2 -81.4 -758.9
20211202230214  -714.1 -81.2 -758.8
20211202230215  -714.2 -81.1 -758.7
20211202230216  -714.2 -81.1 -758.4
20211202230217  -714.0 -81.2 -758.4
20211202230218  -714.2 -81.1 -758.5
20211202230219  -714.0 -80.9 -758.7
20211202230220  -713.9 -81.1 -758.5
20211202230221  -713.6 -81.4 -758.9
