20211115000000  -673.0 -78.3 -195.1
20211115000001  -672.7 -78.3 -195.1
20211115000002  -672.6 -78.3 -195.2
20211115000003  -672.9 -78.4 -195.1
20211115000004  -672.8 -78.3 -194.9
20211115000005  -672.9 -78.4 -194.8
20211115000006  -672.9 -78.5 -194.9
20211115000007  -672.7 -78.5 -194.7
20211115000008  -672.6 -78.4 -195.0
20211115000009  -672.6 -78.1 -194.8
20211115000010  -672.5 -78.6 -194.7
20211115000011  -672.2 -78.5 -194.2
20211115000012  -671.9 -78.4 -194.0
20211115000013  -671.8 -78.4 -193.9
20211115000014  -671.7 -78.2 -193.9
20211115000015  -672.5 -78.3 -194.4
20211115000016  -672.4 -78.3 -194.5
20211115000017  -672.3 -78.3 -194.6
20211115000018  -672.4 -78.3 -194.6
20211115000019  -672.4 -78.4 -194.7
20211115000020  -672.4 -78.4 -194.7
20211115000021  -672.3 -78.5 -195.0
20211115000022  -672.4 -78.9 -195.0
20211115000023  -672.4 -78.8 -195.0
20211115000024  -672.3 -78.8 -194.6
20211115000025  -672.4 -78.6 -194.8
20211115000026  -672.3 -78.3 -194.9
20211115000027  -672.3 -78.2 -194.9
20211115000028  -672.2 -78.2 -194.6
20211115000029  -672.3 -78.4 -194.4
20211115000030  -672.5 -78.6 -194.7
20211115000031  -672.4 -78.6 -194.7
20211115000032  -672.3 -78.6 -194.7
20211115000033  -672.5 -78.3 -194.5
20211115000034  -672.6 -78.6 -194.6
20211115000035  -672.6 -78.8 -194.5
20211115000036  -672.1 -78.9 -195.0
20211115000037  -672.4 -79.0 -194.9
20211115000038  -672.3 -78.8 -194.8
20211115000039  -672.3 -78.6 -194.5
20211115000040  -672.3 -78.9 -194.8
20211115000041  -671.6 -78.9 -194.1
20211115000042  -671.4 -78.8 -193.8
20211115000043  -671.3 -78.8 -193.6
20211115000044  -671.1 -78.6 -193.3
20211115000045  -672.0 -78.9 -193.9
20211115000046  -672.2 -79.1 -193.9
20211115000047  -672.1 -79.2 -193.9
20211115000048  -671.9 -79.1 -193.9
20211115000049  -671.9 -79.2 -193.8
20211115000050  -671.9 -79.1 -193.8
20211115000051  -672.0 -79.2 -194.2
20211115000052  -672.1 -79.2 -194.2
20211115000053  -672.1 -79.2 -193.9
20211115000054  -671.9 -79.2 -193.6
20211115000055  -672.0 -79.3 -194.1
20211115000056  -671.7 -79.2 -193.8
20211115000057  -671.7 -79.3 -193.6
20211115000058  -671.7 -79.0 -193.6
20211115000059  -671.5 -78.8 -193.8
20211115000100  -671.5 -78.9 -193.6
20211115000101  -671.7 -79.3 -193.8
20211115000102  -671.6 -79.2 -193.8
20211115000103  -671.5 -79.3 -193.6
20211115000104  -671.7 -78.9 -193.9
20211115000105  -671.7 -79.0 -193.8
20211115000106  -671.5 -78.9 -193.6
20211115000107  -671.6 -79.1 -193.3
20211115000108  -671.5 -79.1 -193.4
20211115000109  -671.7 -78.9 -193.5
20211115000110  -671.6 -79.2 -193.6
20211115000111  -671.4 -79.5 -193.5
20211115000112  -670.8 -79.2 -192.8
20211115000113  -670.8 -79.1 -192.7
20211115000114  -670.7 -78.8 -192.6
20211115000115  -671.6 -79.0 -193.3
20211115000116  -671.7 -78.8 -193.3
20211115000117  -671.6 -79.0 -193.4
20211115000118  -672.1 -79.2 -193.7
20211115000119  -671.8 -79.5 -193.5
20211115000120  -671.6 -79.4 -193.5
20211115000121  -671.6 -79.4 -193.7
20211115000122  -671.6 -79.4 -193.7
20211115000123  -671.6 -79.5 -193.7
20211115000124  -672.0 -79.3 -193.6
20211115000125  -672.1 -79.5 -194.0
20211115000126  -672.1 -79.4 -193.9
20211115000127  -672.0 -79.3 -193.7
20211115000128  -672.0 -79.3 -193.6
20211115000129  -671.9 -79.3 -193.9
20211115000130  -672.1 -79.6 -193.7
20211115000131  -671.8 -79.3 -193.6
20211115000132  -671.9 -79.3 -193.7
20211115000133  -671.7 -79.5 -193.6
20211115000134  -671.7 -79.5 -194.0
20211115000135  -671.7 -79.8 -194.0
20211115000136  -672.0 -79.8 -193.7
20211115000137  -671.8 -79.8 -194.2
20211115000138  -671.8 -79.8 -194.0
20211115000139  -671.7 -79.5 -193.7
20211115000140  -671.9 -79.4 -193.8
20211115000141  -671.3 -79.5 -193.7
20211115000142  -670.9 -79.4 -193.0
20211115000143  -670.9 -79.4 -193.0
20211115000144  -670.7 -79.1 -192.6
20211115000145  -671.4 -79.0 -193.0
20211115000146  -671.3 -79.5 -193.3
20211115000147  -671.7 -79.4 -193.4
20211115000148  -671.7 -79.3 -193.5
20211115000149  -671.8 -79.4 -193.5
20211115000150  -672.0 -79.5 -193.7
20211115000151  -672.0 -79.2 -193.8
20211115000152  -671.8 -79.3 -193.4
20211115000153  -671.7 -79.2 -193.7
20211115000154  -672.0 -79.3 -193.6
20211115000155  -672.1 -79.3 -193.4
20211115000156  -672.1 -79.4 -193.4
20211115000157  -672.0 -79.3 -193.6
20211115000158  -671.8 -79.6 -193.4
20211115000159  -671.8 -79.5 -193.2
20211115000200  -672.2 -79.5 -193.2
20211115000201  -671.9 -79.3 -193.3
20211115000202  -671.9 -79.3 -193.3
20211115000203  -672.0 -79.3 -193.3
20211115000204  -671.9 -79.6 -193.4
20211115000205  -671.9 -79.5 -193.4
20211115000206  -671.8 -79.7 -193.5
20211115000207  -671.7 -79.4 -193.3
20211115000208  -671.8 -79.8 -193.3
20211115000209  -671.9 -79.7 -193.2
20211115000210  -672.0 -79.6 -193.2
