20211114220841  -692.3 -58.3 -216.3
20211114220842  -692.2 -58.2 -216.4
20211114220843  -692.4 -58.1 -216.2
20211114220844  -692.4 -58.3 -215.7
20211114220845  -692.0 -57.9 -215.5
20211114220846  -691.8 -58.3 -215.6
20211114220847  -691.7 -58.3 -215.4
20211114220848  -691.6 -58.3 -215.6
20211114220849  -691.3 -58.4 -215.7
20211114220850  -691.0 -58.3 -215.6
20211114220851  -690.8 -58.4 -215.7
20211114220852  -690.7 -58.2 -215.5
20211114220853  -690.3 -58.1 -215.4
20211114220854  -689.6 -57.9 -214.6
20211114220855  -689.3 -57.9 -214.1
20211114220856  -689.4 -57.9 -214.7
20211114220857  -689.6 -57.9 -215.1
20211114220858  -689.5 -57.8 -214.7
20211114220859  -689.2 -57.6 -214.9
20211114220900  -689.0 -57.9 -214.9
20211114220901  -689.0 -57.8 -215.0
20211114220902  -689.1 -57.7 -215.5
20211114220903  -689.0 -57.7 -214.7
20211114220904  -688.8 -57.8 -214.9
20211114220905  -688.9 -57.8 -215.3
20211114220906  -688.8 -57.5 -215.2
20211114220907  -688.4 -57.5 -215.3
20211114220908  -688.5 -57.3 -215.4
20211114220909  -688.3 -57.3 -215.6
20211114220910  -688.5 -57.4 -215.3
20211114220911  -688.5 -57.5 -214.9
20211114220912  -688.4 -57.5 -215.1
20211114220913  -688.1 -57.5 -214.8
20211114220914  -687.7 -57.6 -215.0
20211114220915  -687.4 -57.7 -215.0
20211114220916  -687.3 -57.8 -214.9
20211114220917  -687.1 -58.2 -214.9
20211114220918  -686.7 -58.3 -214.8
20211114220919  -686.3 -58.7 -214.8
20211114220920  -685.0 -58.5 -214.1
20211114220921  -684.7 -58.1 -213.9
20211114220922  -684.6 -57.7 -213.8
20211114220923  -685.2 -57.9 -214.3
20211114220924  -685.0 -57.9 -214.3
20211114220925  -684.8 -58.1 -214.5
20211114220926  -684.7 -58.1 -214.6
20211114220927  -684.7 -58.4 -214.9
20211114220928  -684.6 -58.1 -214.8
20211114220929  -684.7 -57.9 -214.9
20211114220930  -684.6 -58.1 -214.6
20211114220931  -684.7 -57.9 -214.5
20211114220932  -684.6 -57.8 -214.4
20211114220933  -684.4 -58.0 -214.2
20211114220934  -684.5 -58.1 -214.5
20211114220935  -684.4 -58.1 -214.2
20211114220936  -684.1 -58.2 -214.2
20211114220937  -684.4 -58.5 -214.3
20211114220938  -684.6 -58.4 -214.1
20211114220939  -684.1 -58.3 -213.7
20211114220940  -684.2 -58.3 -213.8
20211114220941  -684.1 -58.6 -213.7
20211114220942  -683.8 -58.6 -213.7
20211114220943  -683.9 -58.6 -213.7
20211114220944  -683.2 -58.8 -213.6
20211114220945  -683.0 -58.9 -213.7
20211114220946  -682.7 -58.8 -213.3
20211114220947  -682.3 -59.1 -213.0
20211114220948  -682.6 -59.2 -213.5
20211114220949  -683.0 -59.6 -214.1
20211114220950  -683.0 -59.5 -214.1
20211114220951  -683.1 -59.4 -213.9
20211114220952  -683.1 -59.7 -214.0
20211114220953  -682.8 -59.4 -214.0
20211114220954  -682.8 -59.5 -214.6
20211114220955  -683.0 -59.8 -214.7
20211114220956  -683.2 -60.0 -214.6
20211114220957  -683.1 -60.1 -214.4
20211114220958  -683.0 -59.9 -214.5
20211114220959  -683.1 -60.1 -214.4
20211114221000  -683.3 -60.0 -214.3
20211114221001  -683.4 -60.1 -214.5
20211114221002  -683.4 -60.3 -214.3
20211114221003  -683.2 -60.3 -214.6
20211114221004  -682.9 -60.7 -214.4
20211114221005  -682.6 -60.9 -214.5
20211114221006  -682.8 -60.7 -214.7
20211114221007  -682.5 -61.0 -214.4
20211114221008  -682.0 -60.7 -214.3
20211114221009  -682.0 -60.8 -214.5
20211114221010  -681.8 -61.0 -214.5
20211114221011  -681.5 -61.0 -214.9
20211114221012  -680.9 -61.0 -214.6
20211114221013  -680.5 -60.6 -214.1
20211114221014  -681.0 -60.8 -214.3
20211114221015  -681.0 -60.7 -214.4
20211114221016  -680.7 -61.0 -214.4
20211114221017  -680.6 -60.9 -214.5
20211114221018  -680.4 -61.1 -214.2
20211114221019  -680.2 -61.1 -214.2
20211114221020  -680.1 -61.1 -214.2
20211114221021  -679.9 -61.1 -214.2
20211114221022  -679.5 -61.2 -213.9
20211114221023  -679.6 -61.1 -213.8
20211114221024  -679.6 -61.0 -214.0
20211114221025  -679.5 -61.0 -214.1
20211114221026  -679.4 -60.8 -214.1
20211114221027  -679.6 -60.5 -214.1
20211114221028  -679.6 -60.6 -214.3
20211114221029  -679.6 -60.5 -213.8
20211114221030  -679.9 -60.4 -213.8
20211114221031  -679.9 -60.3 -213.8
20211114221032  -680.0 -60.4 -213.7
20211114221033  -679.8 -60.7 -214.0
20211114221034  -680.3 -60.5 -213.9
20211114221035  -680.3 -60.3 -213.7
20211114221036  -680.5 -60.3 -213.9
20211114221037  -680.2 -60.2 -213.6
20211114221038  -680.1 -60.3 -213.8
20211114221039  -679.4 -60.0 -213.2
20211114221040  -680.2 -60.1 -214.0
20211114221041  -680.7 -60.0 -213.8
20211114221042  -680.9 -60.2 -213.7
20211114221043  -680.8 -60.1 -213.8
20211114221044  -681.0 -60.0 -213.8
20211114221045  -681.1 -60.1 -213.9
20211114221046  -681.2 -60.2 -213.8
20211114221047  -681.5 -60.1 -214.0
20211114221048  -682.2 -60.1 -214.1
20211114221049  -682.0 -60.0 -214.1
20211114221050  -682.0 -60.2 -214.3
20211114221051  -682.1 -60.2 -214.1
20211114221052  -682.2 -60.3 -214.0
20211114221053  -682.1 -60.2 -213.6
20211114221054  -681.9 -60.3 -213.5
20211114221055  -681.9 -60.4 -213.9
20211114221056  -681.7 -60.8 -213.8
20211114221057  -681.7 -61.1 -213.9
20211114221058  -681.8 -61.1 -213.9
20211114221059  -681.8 -61.1 -213.9
20211114221100  -681.5 -61.3 -213.8
20211114221101  -681.3 -61.3 -213.6
20211114221102  -681.2 -61.6 -214.0
20211114221103  -681.4 -61.8 -213.8
20211114221104  -681.3 -61.8 -213.8
20211114221105  -680.7 -61.8 -213.2
20211114221106  -680.5 -61.8 -213.1
20211114221107  -680.1 -61.7 -212.8
20211114221108  -680.0 -61.5 -213.0
20211114221109  -681.0 -61.7 -213.5
20211114221110  -681.0 -61.7 -213.5
20211114221111  -681.0 -62.0 -213.7
20211114221112  -681.0 -62.1 -213.5
20211114221113  -680.8 -62.6 -213.6
20211114221114  -680.5 -62.7 -213.6
20211114221115  -680.8 -62.8 -213.6
20211114221116  -680.6 -63.0 -213.9
20211114221117  -680.4 -63.2 -214.0
20211114221118  -680.5 -63.2 -213.9
20211114221119  -680.4 -63.3 -214.0
20211114221120  -680.4 -63.5 -214.1
20211114221121  -680.3 -63.6 -214.1
20211114221122  -680.3 -63.9 -214.4
20211114221123  -680.5 -63.8 -214.3
20211114221124  -680.2 -64.1 -214.5
20211114221125  -680.7 -64.0 -214.4
20211114221126  -680.7 -64.0 -214.6
20211114221127  -680.9 -63.8 -214.6
20211114221128  -681.4 -63.5 -214.9
20211114221129  -681.5 -63.7 -214.6
20211114221130  -682.1 -63.6 -214.6
20211114221131  -682.5 -63.6 -214.6
20211114221132  -682.4 -63.4 -214.8
20211114221133  -682.9 -63.3 -215.0
20211114221134  -683.0 -63.3 -215.0
20211114221135  -682.6 -63.2 -214.4
20211114221136  -682.6 -63.1 -214.2
20211114221137  -682.8 -63.1 -214.2
20211114221138  -682.9 -63.1 -214.2
20211114221139  -683.9 -63.4 -215.0
20211114221140  -684.0 -63.4 -215.0
20211114221141  -683.9 -63.6 -215.2
20211114221142  -684.0 -63.6 -215.0
20211114221143  -684.4 -63.6 -215.1
20211114221144  -684.6 -63.6 -215.3
20211114221145  -684.9 -63.7 -215.3
20211114221146  -684.6 -63.9 -215.0
20211114221147  -685.3 -63.7 -215.0
20211114221148  -685.3 -63.7 -215.2
20211114221149  -685.5 -63.4 -215.0
20211114221150  -685.8 -63.6 -215.2
20211114221151  -685.9 -63.6 -215.1
20211114221152  -685.9 -63.6 -215.3
20211114221153  -686.1 -63.7 -215.4
20211114221154  -686.1 -63.6 -215.4
20211114221155  -686.4 -63.7 -215.7
20211114221156  -686.7 -63.6 -215.8
20211114221157  -686.9 -63.4 -215.6
20211114221158  -687.1 -63.6 -215.8
20211114221159  -687.3 -63.3 -215.5
20211114221200  -687.4 -63.7 -215.9
20211114221201  -687.8 -63.5 -216.0
20211114221202  -688.0 -63.7 -215.9
20211114221203  -688.1 -64.0 -216.0
20211114221204  -688.2 -64.3 -216.2
20211114221205  -687.8 -64.4 -215.8
20211114221206  -687.9 -63.9 -215.4
20211114221207  -687.6 -63.9 -215.3
20211114221208  -688.0 -63.9 -215.4
20211114221209  -688.8 -64.0 -216.1
20211114221210  -688.9 -64.0 -216.2
20211114221211  -689.2 -64.2 -216.3
20211114221212  -689.7 -64.0 -216.3
20211114221213  -689.7 -64.1 -216.4
20211114221214  -689.9 -64.4 -216.3
20211114221215  -690.1 -64.4 -216.3
20211114221216  -689.9 -64.5 -216.4
20211114221217  -690.1 -64.7 -216.2
20211114221218  -690.1 -64.8 -215.9
20211114221219  -690.0 -64.7 -216.2
20211114221220  -690.3 -64.7 -216.4
20211114221221  -690.3 -65.2 -216.6
20211114221222  -690.2 -65.1 -216.6
20211114221223  -690.3 -65.2 -216.6
20211114221224  -690.3 -65.0 -216.9
20211114221225  -690.7 -64.9 -216.5
20211114221226  -690.5 -65.0 -216.6
20211114221227  -690.5 -64.9 -216.5
20211114221228  -690.7 -64.7 -216.6
20211114221229  -690.7 -64.8 -216.4
20211114221230  -690.8 -64.8 -216.4
20211114221231  -690.8 -64.7 -216.4
20211114221232  -690.9 -64.7 -216.4
20211114221233  -691.1 -64.7 -216.4
20211114221234  -691.1 -64.6 -216.1
20211114221235  -690.7 -64.8 -215.5
20211114221236  -690.2 -64.0 -215.1
20211114221237  -690.3 -63.7 -214.9
20211114221238  -690.1 -64.0 -214.9
20211114221239  -690.6 -63.9 -215.2
20211114221240  -690.7 -64.2 -215.6
20211114221241  -690.9 -63.9 -215.2
20211114221242  -690.9 -63.8 -215.0
20211114221243  -690.9 -63.4 -215.2
20211114221244  -690.9 -63.5 -215.0
20211114221245  -690.6 -63.2 -215.0
20211114221246  -690.7 -63.2 -214.9
20211114221247  -690.9 -63.3 -214.9
20211114221248  -690.8 -63.0 -214.7
20211114221249  -690.9 -63.1 -215.0
20211114221250  -691.2 -63.1 -214.9
20211114221251  -690.8 -63.1 -214.9
20211114221252  -690.8 -63.0 -215.3
20211114221253  -691.0 -62.8 -215.2
20211114221254  -690.7 -63.1 -215.2
20211114221255  -690.7 -62.8 -214.9
20211114221256  -691.0 -62.6 -215.1
20211114221257  -690.6 -62.8 -215.1
20211114221258  -690.7 -62.8 -215.1
20211114221259  -690.8 -62.7 -215.2
20211114221300  -690.5 -62.8 -215.6
20211114221301  -690.8 -62.6 -215.5
20211114221302  -690.8 -63.2 -215.8
20211114221303  -690.9 -63.1 -216.0
20211114221304  -691.0 -63.3 -216.1
20211114221305  -691.0 -63.5 -216.2
20211114221306  -690.6 -63.4 -215.6
20211114221307  -690.3 -63.5 -215.6
20211114221308  -689.9 -63.3 -215.4
20211114221309  -689.5 -63.4 -215.3
20211114221310  -690.6 -63.6 -216.0
20211114221311  -690.9 -64.0 -216.4
20211114221312  -690.6 -64.3 -216.5
20211114221313  -690.5 -64.6 -216.5
20211114221314  -690.3 -64.3 -216.7
20211114221315  -690.5 -65.0 -217.0
20211114221316  -690.5 -65.1 -216.9
20211114221317  -690.4 -65.4 -217.2
20211114221318  -690.4 -65.8 -217.2
20211114221319  -690.6 -65.8 -217.3
20211114221320  -690.8 -65.9 -217.1
20211114221321  -690.6 -66.2 -217.2
20211114221322  -690.4 -66.1 -217.0
20211114221323  -690.7 -66.3 -216.8
20211114221324  -690.5 -66.5 -216.7
20211114221325  -690.3 -66.6 -216.8
20211114221326  -690.1 -66.4 -216.7
20211114221327  -689.9 -66.5 -216.5
20211114221328  -689.4 -66.5 -216.5
20211114221329  -689.4 -66.3 -216.6
20211114221330  -689.1 -66.6 -216.7
20211114221331  -688.8 -66.6 -216.4
20211114221332  -688.8 -66.6 -216.1
20211114221333  -688.4 -66.5 -216.4
20211114221334  -688.6 -66.3 -216.2
20211114221335  -688.2 -66.3 -216.4
20211114221336  -687.7 -66.1 -215.5
20211114221337  -687.6 -66.0 -215.4
20211114221338  -687.7 -65.6 -215.1
20211114221339  -687.1 -65.4 -214.8
20211114221340  -687.7 -65.2 -215.2
20211114221341  -688.3 -65.4 -215.5
20211114221342  -688.5 -65.3 -215.2
20211114221343  -688.4 -65.4 -215.5
20211114221344  -688.8 -65.4 -215.2
20211114221345  -688.7 -65.1 -215.5
20211114221346  -688.8 -64.9 -215.4
20211114221347  -688.6 -64.9 -215.4
20211114221348  -688.7 -64.5 -215.0
20211114221349  -689.0 -64.4 -215.1
20211114221350  -689.1 -64.5 -215.4
20211114221351  -689.3 -64.6 -215.6
20211114221352  -689.4 -64.3 -215.5
20211114221353  -689.6 -64.1 -215.6
20211114221354  -690.2 -63.8 -215.9
20211114221355  -690.2 -64.2 -215.6
20211114221356  -690.5 -64.3 -216.1
20211114221357  -690.7 -64.0 -216.2
20211114221358  -690.7 -64.1 -216.2
20211114221359  -690.9 -64.0 -216.5
20211114221400  -691.2 -64.3 -216.3
20211114221401  -691.3 -64.5 -216.3
20211114221402  -690.8 -64.4 -216.4
20211114221403  -690.8 -64.6 -216.1
20211114221404  -690.5 -64.7 -216.1
20211114221405  -690.5 -64.8 -216.1
20211114221406  -689.8 -65.0 -215.7
20211114221407  -690.2 -64.9 -216.2
20211114221408  -690.3 -65.3 -216.3
20211114221409  -690.5 -65.0 -216.4
20211114221410  -690.4 -65.0 -216.9
20211114221411  -690.1 -65.3 -216.6
20211114221412  -690.0 -65.3 -216.7
20211114221413  -689.7 -65.5 -216.8
20211114221414  -689.7 -65.5 -217.2
20211114221415  -689.8 -65.8 -217.1
20211114221416  -689.7 -66.0 -217.0
20211114221417  -689.9 -66.0 -216.9
20211114221418  -689.8 -66.0 -216.9
20211114221419  -689.8 -66.1 -217.2
20211114221420  -689.6 -66.1 -217.3
20211114221421  -689.6 -66.3 -217.5
20211114221422  -689.7 -66.8 -217.7
20211114221423  -689.7 -66.5 -217.8
20211114221424  -689.8 -66.8 -217.4
20211114221425  -690.0 -67.1 -217.7
20211114221426  -689.9 -66.9 -217.7
20211114221427  -690.0 -66.8 -217.5
20211114221428  -689.9 -66.9 -217.6
20211114221429  -690.1 -66.9 -217.5
20211114221430  -689.9 -66.9 -217.3
20211114221431  -689.9 -67.3 -217.4
20211114221432  -689.5 -67.1 -216.9
20211114221433  -689.6 -66.6 -216.1
20211114221434  -690.3 -66.4 -216.6
20211114221435  -690.2 -66.3 -216.8
20211114221436  -690.6 -66.0 -216.7
20211114221437  -690.7 -66.2 -216.4
20211114221438  -690.8 -66.0 -216.1
20211114221439  -690.9 -66.1 -216.2
20211114221440  -691.1 -66.2 -216.4
20211114221441  -690.9 -66.0 -216.4
20211114221442  -691.1 -65.9 -216.3
20211114221443  -691.5 -65.5 -216.4
20211114221444  -691.5 -65.3 -216.3
20211114221445  -691.6 -65.2 -216.3
20211114221446  -691.7 -64.7 -216.2
20211114221447  -691.9 -64.7 -216.2
20211114221448  -692.0 -64.4 -216.2
20211114221449  -692.2 -64.2 -216.4
20211114221450  -692.1 -64.2 -216.6
20211114221451  -692.3 -64.0 -216.4
20211114221452  -692.2 -64.0 -216.7
20211114221453  -692.5 -64.0 -216.8
20211114221454  -692.8 -64.1 -216.7
20211114221455  -693.0 -64.1 -216.9
20211114221456  -693.4 -64.2 -217.2
20211114221457  -693.2 -64.2 -217.3
20211114221458  -692.6 -63.8 -216.9
20211114221459  -692.9 -63.6 -216.9
20211114221500  -693.8 -64.0 -217.6
20211114221501  -693.9 -64.2 -217.9
20211114221502  -693.8 -64.5 -217.9
20211114221503  -694.4 -64.7 -218.1
20211114221504  -694.4 -64.5 -218.3
20211114221505  -694.5 -65.1 -218.2
20211114221506  -694.7 -65.4 -218.7
20211114221507  -694.8 -65.5 -218.6
20211114221508  -694.9 -65.7 -219.0
20211114221509  -694.9 -66.0 -218.9
20211114221510  -695.0 -66.1 -218.8
20211114221511  -695.0 -66.3 -219.0
20211114221512  -695.1 -66.5 -218.9
20211114221513  -694.9 -66.6 -219.1
20211114221514  -694.8 -66.9 -219.0
20211114221515  -694.7 -67.0 -218.8
20211114221516  -694.4 -67.2 -218.6
20211114221517  -694.0 -67.4 -218.6
20211114221518  -693.8 -67.6 -218.6
20211114221519  -693.7 -67.4 -218.6
20211114221520  -693.6 -67.6 -218.7
20211114221521  -693.4 -67.5 -219.0
20211114221522  -693.2 -67.7 -219.0
20211114221523  -693.2 -67.7 -218.7
20211114221524  -692.6 -67.8 -218.3
20211114221525  -692.5 -67.6 -217.7
20211114221526  -693.0 -67.9 -218.1
20211114221527  -693.2 -67.6 -218.1
20211114221528  -693.0 -67.7 -218.3
20211114221529  -692.7 -67.6 -218.3
20211114221530  -692.5 -67.6 -218.1
20211114221531  -692.7 -67.1 -217.8
20211114221532  -692.6 -66.8 -217.6
20211114221533  -692.8 -66.7 -217.6
20211114221534  -692.6 -66.6 -217.4
20211114221535  -692.7 -66.2 -217.4
20211114221536  -692.6 -66.2 -217.2
20211114221537  -693.1 -65.8 -217.2
20211114221538  -693.1 -65.1 -216.7
20211114221539  -693.4 -64.9 -216.7
20211114221540  -693.4 -64.8 -216.6
20211114221541  -693.5 -64.4 -216.5
20211114221542  -693.9 -64.1 -216.5
20211114221543  -694.0 -63.9 -216.4
20211114221544  -694.3 -63.8 -216.6
20211114221545  -695.0 -63.3 -216.7
20211114221546  -695.3 -63.1 -216.6
20211114221547  -695.6 -63.2 -216.5
20211114221548  -695.9 -63.0 -216.6
20211114221549  -696.0 -63.0 -216.4
20211114221550  -695.8 -63.0 -215.9
20211114221551  -695.6 -62.5 -215.7
20211114221552  -695.7 -62.2 -215.5
20211114221553  -695.9 -62.2 -215.5
20211114221554  -696.1 -62.0 -216.1
20211114221555  -696.9 -61.9 -216.4
20211114221556  -697.4 -62.0 -217.1
20211114221557  -697.6 -61.8 -217.5
20211114221558  -697.8 -61.9 -217.4
20211114221559  -697.8 -61.9 -217.3
20211114221600  -698.1 -61.9 -217.6
20211114221601  -698.5 -62.2 -217.7
20211114221602  -698.5 -62.3 -217.8
20211114221603  -698.7 -62.5 -217.8
20211114221604  -698.8 -62.5 -217.8
20211114221605  -698.6 -62.6 -217.5
20211114221606  -698.8 -62.7 -218.3
20211114221607  -698.6 -63.0 -218.1
20211114221608  -698.3 -63.1 -218.3
20211114221609  -698.4 -63.0 -218.5
20211114221610  -698.4 -63.6 -218.5
20211114221611  -698.2 -63.7 -218.6
20211114221612  -698.3 -63.8 -218.9
20211114221613  -698.5 -64.2 -218.7
20211114221614  -698.5 -64.0 -218.8
20211114221615  -698.2 -64.6 -218.7
20211114221616  -698.2 -64.8 -218.8
20211114221617  -698.0 -64.8 -218.6
20211114221618  -697.7 -65.0 -219.0
20211114221619  -697.7 -65.0 -218.9
20211114221620  -697.2 -65.3 -218.8
20211114221621  -696.6 -65.0 -218.1
20211114221622  -697.0 -65.0 -218.6
20211114221623  -697.1 -65.1 -218.6
20211114221624  -697.1 -65.3 -218.7
20211114221625  -697.2 -65.1 -218.7
20211114221626  -697.4 -65.3 -218.4
20211114221627  -697.0 -65.5 -218.4
20211114221628  -697.2 -65.4 -218.1
20211114221629  -696.8 -65.3 -217.8
20211114221630  -696.9 -65.3 -217.9
20211114221631  -696.7 -65.3 -217.9
20211114221632  -697.2 -64.9 -218.0
20211114221633  -697.2 -64.7 -217.9
20211114221634  -697.6 -64.3 -217.7
20211114221635  -697.8 -64.0 -217.6
20211114221636  -698.0 -63.7 -217.6
20211114221637  -698.2 -63.3 -217.7
20211114221638  -698.2 -63.5 -217.3
20211114221639  -698.3 -62.6 -217.4
20211114221640  -698.3 -62.5 -217.5
20211114221641  -698.7 -62.5 -217.5
20211114221642  -698.9 -62.0 -217.6
20211114221643  -699.1 -61.6 -217.3
20211114221644  -699.3 -61.2 -217.2
20211114221645  -699.4 -61.2 -217.3
20211114221646  -699.5 -61.3 -217.0
20211114221647  -699.4 -60.9 -216.8
20211114221648  -699.1 -60.5 -216.4
20211114221649  -699.3 -60.3 -216.3
20211114221650  -699.4 -60.2 -215.7
20211114221651  -699.5 -60.2 -215.7
20211114221652  -700.2 -60.1 -216.5
20211114221653  -700.4 -60.0 -216.6
20211114221654  -700.6 -60.0 -216.3
20211114221655  -700.4 -60.2 -216.2
20211114221656  -700.5 -60.1 -216.3
20211114221657  -700.4 -60.1 -216.5
20211114221658  -700.2 -60.3 -216.6
20211114221659  -700.2 -60.3 -216.4
20211114221700  -699.8 -60.5 -216.5
20211114221701  -699.6 -60.2 -216.9
20211114221702  -699.5 -60.4 -217.4
20211114221703  -699.2 -60.2 -217.3
20211114221704  -699.0 -60.5 -217.5
20211114221705  -698.8 -60.7 -217.5
20211114221706  -698.6 -60.9 -217.5
20211114221707  -698.4 -60.9 -217.6
20211114221708  -698.0 -61.3 -217.5
20211114221709  -697.6 -61.5 -217.9
20211114221710  -697.3 -61.6 -217.9
20211114221711  -697.0 -61.9 -218.1
20211114221712  -696.6 -62.1 -217.9
20211114221713  -696.4 -62.1 -218.0
20211114221714  -695.8 -62.3 -217.8
20211114221715  -695.5 -62.6 -217.4
20211114221716  -695.0 -62.8 -217.6
20211114221717  -694.6 -63.1 -217.6
20211114221718  -693.9 -63.0 -217.1
20211114221719  -693.2 -62.9 -216.6
20211114221720  -693.0 -63.0 -216.7
20211114221721  -692.3 -63.2 -216.2
20211114221722  -692.8 -62.8 -216.3
20211114221723  -692.6 -63.3 -216.5
20211114221724  -692.1 -63.5 -216.4
20211114221725  -691.7 -62.9 -216.5
20211114221726  -691.9 -63.0 -216.6
20211114221727  -691.8 -63.0 -216.5
20211114221728  -691.8 -62.7 -216.2
20211114221729  -691.2 -62.7 -215.8
20211114221730  -691.3 -62.4 -215.8
20211114221731  -691.1 -62.5 -215.9
20211114221732  -691.4 -62.6 -215.8
20211114221733  -691.4 -62.2 -215.7
20211114221734  -691.3 -62.1 -215.6
20211114221735  -691.2 -61.6 -215.2
20211114221736  -691.6 -61.7 -215.2
20211114221737  -691.5 -61.4 -214.9
20211114221738  -691.7 -61.2 -214.9
20211114221739  -692.0 -61.2 -214.8
20211114221740  -691.7 -60.9 -214.6
20211114221741  -691.9 -60.5 -214.5
20211114221742  -691.9 -60.3 -214.6
20211114221743  -691.8 -60.0 -214.5
20211114221744  -692.3 -59.8 -214.5
20211114221745  -692.5 -59.8 -214.2
20211114221746  -692.5 -59.5 -214.2
20211114221747  -692.4 -59.2 -214.2
20211114221748  -692.3 -59.2 -214.3
20211114221749  -692.5 -59.2 -214.4
20211114221750  -692.9 -59.3 -214.5
20211114221751  -693.2 -59.1 -214.8
20211114221752  -693.1 -58.8 -214.7
20211114221753  -693.1 -58.7 -214.8
20211114221754  -693.2 -58.7 -214.9
20211114221755  -693.4 -58.7 -214.8
20211114221756  -693.2 -58.8 -215.0
20211114221757  -693.3 -58.7 -215.1
20211114221758  -693.2 -58.9 -215.1
20211114221759  -693.3 -58.9 -215.1
20211114221800  -693.4 -58.9 -215.3
20211114221801  -693.2 -59.0 -215.4
20211114221802  -692.8 -59.0 -215.5
20211114221803  -692.7 -59.2 -216.1
20211114221804  -692.5 -59.4 -215.8
20211114221805  -692.5 -60.0 -216.0
20211114221806  -691.9 -59.8 -216.2
20211114221807  -691.7 -60.4 -216.1
20211114221808  -691.5 -60.8 -215.8
20211114221809  -691.2 -60.9 -215.9
20211114221810  -691.0 -60.9 -216.2
20211114221811  -690.5 -61.5 -216.2
20211114221812  -690.2 -61.0 -216.1
20211114221813  -690.1 -61.6 -216.0
20211114221814  -689.3 -62.0 -215.7
20211114221815  -688.8 -61.6 -215.4
20211114221816  -689.2 -61.5 -215.4
20211114221817  -689.5 -61.8 -215.8
20211114221818  -689.7 -61.8 -215.9
20211114221819  -689.2 -61.9 -216.0
20211114221820  -689.1 -62.1 -215.9
20211114221821  -689.1 -62.3 -215.5
20211114221822  -688.8 -62.2 -216.0
20211114221823  -688.9 -62.4 -215.6
