20211031232850  -887.7 -47.7 -217.5
20211031232851  -887.9 -47.6 -217.9
20211031232852  -888.3 -47.8 -217.8
20211031232853  -888.4 -47.6 -217.7
20211031232854  -888.8 -47.7 -217.8
20211031232855  -889.0 -48.0 -218.0
20211031232856  -889.4 -47.8 -217.8
20211031232857  -889.5 -47.6 -217.7
20211031232858  -889.4 -47.7 -217.5
20211031232859  -889.8 -47.5 -217.7
20211031232900  -890.1 -47.4 -217.9
20211031232901  -890.2 -47.2 -218.1
20211031232902  -890.5 -47.1 -217.9
20211031232903  -890.8 -47.7 -217.8
20211031232904  -890.9 -47.3 -218.1
20211031232905  -891.0 -47.2 -218.1
20211031232906  -891.4 -47.7 -218.0
20211031232907  -891.5 -47.7 -217.6
20211031232908  -891.8 -47.8 -217.9
20211031232909  -891.9 -47.9 -218.0
20211031232910  -891.8 -48.2 -218.2
20211031232911  -892.2 -48.5 -217.8
20211031232912  -892.5 -48.5 -218.0
20211031232913  -892.5 -48.4 -218.0
20211031232914  -892.6 -48.7 -218.4
20211031232915  -892.6 -48.6 -218.3
20211031232916  -892.7 -48.9 -218.1
20211031232917  -893.0 -49.0 -218.1
20211031232918  -893.0 -49.4 -218.3
20211031232919  -893.3 -49.5 -218.5
20211031232920  -893.1 -49.4 -218.4
20211031232921  -893.4 -49.4 -218.3
20211031232922  -893.6 -49.5 -218.4
20211031232923  -893.8 -49.7 -218.2
20211031232924  -894.0 -49.9 -218.3
20211031232925  -894.1 -49.8 -218.3
20211031232926  -894.2 -50.1 -218.4
20211031232927  -894.6 -50.1 -218.5
20211031232928  -894.6 -50.1 -218.6
20211031232929  -895.0 -50.2 -218.5
20211031232930  -895.2 -50.3 -218.9
20211031232931  -895.4 -50.3 -218.9
20211031232932  -895.7 -50.5 -218.7
20211031232933  -895.7 -50.6 -218.6
20211031232934  -895.8 -51.0 -218.6
20211031232935  -895.9 -51.3 -218.8
20211031232936  -896.2 -51.3 -218.7
20211031232937  -896.2 -51.4 -218.7
20211031232938  -896.2 -51.4 -218.5
20211031232939  -896.3 -51.4 -218.6
20211031232940  -896.4 -51.6 -218.6
20211031232941  -896.9 -51.5 -218.3
20211031232942  -896.6 -51.4 -218.2
20211031232943  -897.2 -51.4 -218.0
20211031232944  -897.7 -51.4 -218.2
20211031232945  -897.8 -51.2 -218.2
20211031232946  -897.4 -51.6 -218.4
20211031232947  -897.7 -51.2 -218.2
20211031232948  -897.8 -51.1 -218.3
20211031232949  -897.9 -51.5 -218.3
20211031232950  -898.2 -51.1 -218.2
20211031232951  -898.3 -51.4 -218.2
20211031232952  -898.6 -51.3 -217.8
20211031232953  -898.5 -51.3 -217.8
20211031232954  -898.5 -51.4 -218.1
20211031232955  -898.8 -51.5 -218.4
20211031232956  -898.8 -51.2 -218.3
20211031232957  -898.8 -51.2 -218.0
20211031232958  -898.9 -51.3 -218.2
20211031232959  -898.7 -51.2 -218.0
20211031233000  -899.2 -51.2 -218.0
20211031233001  -899.4 -51.1 -218.1
20211031233002  -899.9 -50.9 -217.8
20211031233003  -899.8 -50.7 -217.9
20211031233004  -899.9 -50.8 -218.2
20211031233005  -900.1 -50.5 -218.0
20211031233006  -900.0 -50.0 -217.8
20211031233007  -900.5 -50.2 -217.9
20211031233008  -900.8 -50.2 -217.9
20211031233009  -900.6 -50.3 -218.0
20211031233010  -901.0 -49.8 -218.0
20211031233011  -901.4 -49.6 -218.2
20211031233012  -901.1 -49.5 -217.9
20211031233013  -901.3 -49.3 -217.9
20211031233014  -901.2 -49.3 -218.0
20211031233015  -901.2 -48.8 -217.7
20211031233016  -901.1 -48.7 -217.4
20211031233017  -901.1 -48.5 -217.9
20211031233018  -900.7 -48.5 -217.8
20211031233019  -900.8 -48.6 -217.8
20211031233020  -900.6 -48.5 -217.9
20211031233021  -900.5 -48.2 -218.3
20211031233022  -900.4 -48.4 -218.4
20211031233023  -900.2 -48.3 -218.1
20211031233024  -899.8 -48.4 -218.5
20211031233025  -899.8 -48.2 -218.4
20211031233026  -899.5 -48.2 -218.2
20211031233027  -899.3 -48.4 -218.0
20211031233028  -899.3 -48.0 -218.2
20211031233029  -899.4 -48.2 -218.3
20211031233030  -898.8 -48.0 -218.4
20211031233031  -898.4 -48.1 -218.4
20211031233032  -898.4 -47.8 -218.1
20211031233033  -897.9 -47.6 -218.5
20211031233034  -898.4 -47.4 -218.3
20211031233035  -898.1 -47.4 -218.5
20211031233036  -897.9 -47.5 -218.9
20211031233037  -897.7 -47.4 -219.0
20211031233038  -897.8 -47.2 -219.0
20211031233039  -897.9 -46.8 -219.1
20211031233040  -897.9 -46.7 -219.0
20211031233041  -897.7 -46.7 -219.4
20211031233042  -897.3 -46.7 -219.2
20211031233043  -896.7 -46.2 -218.5
20211031233044  -897.1 -46.3 -219.0
20211031233045  -896.9 -46.4 -218.9
20211031233046  -896.7 -46.6 -219.1
20211031233047  -896.2 -46.4 -219.3
20211031233048  -896.2 -46.3 -219.4
20211031233049  -895.9 -46.2 -219.3
20211031233050  -895.7 -46.3 -219.4
20211031233051  -895.5 -46.3 -219.6
20211031233052  -895.3 -46.3 -219.5
20211031233053  -894.9 -46.6 -219.4
20211031233054  -894.6 -46.6 -219.7
20211031233055  -894.3 -46.8 -219.5
20211031233056  -893.8 -46.7 -219.7
20211031233057  -893.5 -46.8 -219.7
20211031233058  -893.2 -46.7 -219.5
20211031233059  -893.0 -46.4 -218.9
20211031233100  -892.9 -46.3 -218.9
20211031233101  -892.2 -46.0 -219.0
20211031233102  -891.6 -45.9 -218.7
20211031233103  -891.1 -45.8 -218.6
20211031233104  -890.9 -45.7 -218.4
20211031233105  -890.4 -45.4 -218.5
20211031233106  -890.2 -45.7 -218.4
20211031233107  -889.8 -45.9 -218.5
20211031233108  -889.3 -46.1 -218.4
20211031233109  -888.7 -46.0 -218.3
20211031233110  -888.4 -46.1 -218.4
20211031233111  -888.2 -45.7 -218.4
20211031233112  -887.6 -45.8 -218.1
20211031233113  -886.7 -45.5 -217.4
20211031233114  -886.7 -45.6 -217.7
20211031233115  -886.4 -45.3 -217.9
20211031233116  -886.1 -45.5 -218.1
20211031233117  -885.7 -45.4 -218.2
20211031233118  -885.9 -45.2 -218.2
20211031233119  -885.6 -45.4 -218.4
20211031233120  -885.8 -45.6 -218.4
20211031233121  -885.9 -45.8 -218.4
20211031233122  -886.0 -45.8 -218.4
20211031233123  -886.1 -46.0 -218.2
20211031233124  -886.0 -46.1 -218.4
20211031233125  -885.9 -46.0 -218.1
20211031233126  -885.8 -45.8 -218.0
20211031233127  -885.5 -46.0 -217.9
20211031233128  -885.4 -46.0 -217.9
20211031233129  -885.3 -46.3 -217.9
20211031233130  -885.1 -46.5 -217.6
20211031233131  -885.1 -46.6 -217.5
20211031233132  -885.0 -46.1 -217.5
20211031233133  -885.1 -46.0 -217.5
20211031233134  -885.4 -45.8 -217.6
20211031233135  -885.2 -45.8 -217.1
20211031233136  -885.1 -45.6 -217.2
20211031233137  -884.8 -45.5 -217.1
20211031233138  -884.7 -45.7 -216.8
20211031233139  -884.6 -45.5 -216.8
20211031233140  -884.2 -45.5 -216.3
20211031233141  -884.0 -45.6 -216.3
20211031233142  -883.4 -45.5 -216.4
20211031233143  -882.8 -45.0 -215.3
20211031233144  -882.3 -44.7 -215.1
20211031233145  -882.5 -44.8 -215.7
20211031233146  -882.4 -44.8 -215.5
20211031233147  -882.1 -44.8 -215.5
20211031233148  -881.7 -44.9 -215.2
20211031233149  -881.4 -44.9 -215.1
20211031233150  -881.1 -45.1 -214.9
20211031233151  -881.0 -45.0 -214.9
20211031233152  -880.2 -44.7 -214.7
20211031233153  -880.1 -44.4 -214.6
20211031233154  -879.9 -44.8 -214.6
20211031233155  -879.4 -44.7 -214.5
20211031233156  -879.3 -44.9 -214.4
20211031233157  -878.8 -44.6 -214.6
20211031233158  -878.7 -44.7 -214.7
20211031233159  -878.5 -44.6 -214.7
20211031233200  -878.4 -44.6 -214.6
20211031233201  -878.2 -44.6 -214.3
20211031233202  -878.4 -44.7 -214.3
20211031233203  -878.2 -44.6 -214.6
20211031233204  -878.1 -44.4 -214.3
20211031233205  -878.2 -44.8 -214.5
20211031233206  -878.0 -44.8 -214.4
20211031233207  -878.0 -44.9 -214.1
20211031233208  -877.8 -45.0 -214.2
20211031233209  -877.9 -45.2 -214.1
20211031233210  -878.3 -45.0 -214.1
20211031233211  -878.3 -45.2 -213.7
20211031233212  -878.4 -44.9 -213.7
20211031233213  -877.6 -45.0 -213.0
20211031233214  -877.3 -44.9 -212.8
20211031233215  -877.9 -45.0 -212.9
20211031233216  -877.9 -45.6 -212.5
20211031233217  -877.6 -45.5 -212.9
20211031233218  -877.7 -45.5 -212.8
