20211221002516  -722.6 -16.5 -229.5
20211221002517  -722.4 -16.6 -229.7
20211221002518  -722.1 -16.6 -229.8
20211221002519  -721.8 -16.6 -229.8
20211221002520  -721.2 -16.8 -229.3
20211221002521  -720.7 -16.5 -228.7
20211221002522  -719.9 -16.4 -228.4
20211221002523  -719.2 -16.2 -228.1
20211221002524  -719.5 -16.2 -228.3
20211221002525  -719.5 -16.3 -228.6
20211221002526  -719.2 -16.1 -228.8
20211221002527  -718.9 -15.8 -228.9
20211221002528  -718.4 -15.9 -228.4
20211221002529  -718.2 -15.9 -228.5
20211221002530  -717.7 -15.9 -228.5
20211221002531  -717.4 -16.1 -228.4
20211221002532  -717.3 -16.2 -228.5
20211221002533  -717.0 -16.5 -228.3
20211221002534  -716.8 -16.3 -228.4
20211221002535  -716.5 -16.5 -228.6
20211221002536  -715.6 -16.8 -228.5
20211221002537  -715.3 -17.1 -228.6
20211221002538  -715.2 -17.1 -228.3
20211221002539  -714.9 -16.8 -228.5
20211221002540  -715.1 -17.0 -228.4
20211221002541  -715.0 -17.1 -228.6
20211221002542  -714.7 -17.2 -228.5
20211221002543  -714.5 -17.2 -228.7
20211221002544  -714.5 -17.1 -228.8
20211221002545  -714.2 -17.1 -229.0
20211221002546  -713.8 -17.5 -229.0
20211221002547  -713.2 -17.6 -228.8
20211221002548  -713.4 -17.6 -228.5
20211221002549  -713.4 -17.7 -228.4
20211221002550  -713.6 -17.9 -229.0
20211221002551  -713.8 -17.9 -229.5
20211221002552  -713.9 -18.2 -229.7
20211221002553  -714.2 -18.3 -230.0
20211221002554  -714.2 -18.4 -229.6
20211221002555  -714.3 -18.7 -229.5
20211221002556  -714.3 -18.6 -229.4
20211221002557  -713.9 -18.8 -229.2
20211221002558  -714.1 -19.1 -229.2
20211221002559  -714.0 -19.1 -229.1
20211221002600  -713.7 -19.5 -229.2
20211221002601  -713.5 -19.8 -229.1
20211221002602  -712.9 -19.8 -228.9
20211221002603  -712.4 -19.8 -228.7
20211221002604  -712.4 -19.9 -228.9
20211221002605  -711.9 -20.1 -228.7
20211221002606  -711.8 -20.4 -228.4
20211221002607  -711.5 -20.3 -228.4
20211221002608  -711.2 -20.6 -228.8
20211221002609  -711.1 -20.5 -228.4
20211221002610  -710.7 -20.9 -228.5
20211221002611  -710.1 -20.7 -228.3
20211221002612  -709.9 -21.2 -228.4
20211221002613  -708.9 -21.1 -227.9
20211221002614  -708.2 -20.9 -227.7
20211221002615  -707.6 -21.0 -227.7
20211221002616  -707.5 -21.1 -227.7
20211221002617  -707.3 -21.4 -228.0
20211221002618  -706.6 -21.5 -228.0
20211221002619  -706.6 -21.7 -228.1
20211221002620  -706.3 -21.6 -228.2
20211221002621  -705.9 -21.8 -228.3
20211221002622  -705.8 -22.1 -228.2
20211221002623  -705.5 -22.5 -228.6
20211221002624  -705.4 -22.6 -228.3
20211221002625  -705.5 -22.5 -228.3
20211221002626  -705.4 -22.6 -228.2
20211221002627  -705.1 -22.8 -228.2
20211221002628  -704.9 -23.0 -228.2
20211221002629  -704.6 -22.9 -228.3
20211221002630  -704.3 -23.0 -228.3
20211221002631  -704.0 -23.1 -228.4
20211221002632  -704.0 -23.0 -228.3
20211221002633  -703.9 -23.5 -228.3
20211221002634  -703.4 -23.8 -228.2
20211221002635  -703.4 -23.7 -228.0
20211221002636  -703.5 -24.0 -227.7
20211221002637  -703.2 -24.0 -227.6
20211221002638  -703.0 -24.2 -227.9
20211221002639  -702.3 -24.3 -227.4
20211221002640  -701.8 -23.9 -227.0
20211221002641  -701.6 -23.8 -226.5
20211221002642  -701.5 -23.6 -226.0
20211221002643  -701.6 -23.4 -226.5
20211221002644  -701.3 -23.4 -226.2
20211221002645  -700.9 -23.5 -226.1
20211221002646  -700.9 -23.3 -226.4
20211221002647  -700.6 -22.7 -226.3
20211221002648  -699.9 -22.8 -226.0
20211221002649  -699.9 -22.7 -225.8
20211221002650  -699.5 -22.5 -225.4
20211221002651  -699.2 -22.3 -225.7
20211221002652  -698.7 -22.5 -225.3
20211221002653  -698.4 -22.3 -225.2
20211221002654  -697.7 -22.4 -224.9
20211221002655  -697.3 -22.6 -224.9
20211221002656  -696.9 -22.2 -224.6
20211221002657  -696.7 -22.2 -224.7
20211221002658  -696.2 -22.1 -224.4
20211221002659  -696.2 -22.7 -224.5
20211221002700  -695.9 -22.6 -224.4
20211221002701  -695.6 -22.7 -224.2
20211221002702  -695.0 -22.5 -224.1
20211221002703  -694.8 -22.7 -224.4
20211221002704  -694.3 -22.9 -224.3
20211221002705  -693.6 -23.0 -223.7
20211221002706  -692.9 -23.0 -223.3
20211221002707  -692.3 -22.7 -223.1
20211221002708  -691.9 -22.7 -222.9
20211221002709  -692.4 -22.9 -223.3
20211221002710  -692.2 -23.2 -223.4
20211221002711  -692.0 -23.4 -223.5
20211221002712  -691.8 -23.2 -223.4
20211221002713  -691.4 -23.4 -223.5
20211221002714  -691.3 -23.3 -223.4
20211221002715  -691.1 -23.8 -223.4
20211221002716  -690.9 -23.8 -223.4
20211221002717  -690.3 -23.8 -223.4
20211221002718  -690.2 -23.9 -223.6
20211221002719  -689.3 -23.7 -223.7
20211221002720  -689.4 -23.7 -223.6
20211221002721  -689.0 -23.6 -223.5
20211221002722  -688.5 -23.8 -223.6
20211221002723  -688.5 -23.8 -223.6
20211221002724  -688.1 -23.7 -223.7
20211221002725  -687.9 -23.8 -223.3
20211221002726  -687.5 -24.0 -223.6
20211221002727  -687.2 -24.2 -223.7
20211221002728  -687.0 -24.5 -223.8
20211221002729  -687.1 -24.8 -223.5
20211221002730  -686.8 -24.8 -223.4
20211221002731  -686.4 -25.1 -223.5
20211221002732  -686.1 -25.1 -223.0
20211221002733  -686.0 -24.8 -222.8
20211221002734  -685.8 -25.1 -222.6
20211221002735  -685.9 -25.1 -222.6
20211221002736  -686.5 -25.4 -223.2
20211221002737  -686.5 -25.8 -223.2
20211221002738  -686.6 -25.8 -223.1
20211221002739  -686.5 -26.1 -222.9
20211221002740  -686.7 -26.1 -223.1
20211221002741  -686.4 -26.2 -223.0
20211221002742  -686.4 -26.2 -223.1
20211221002743  -686.0 -26.5 -223.2
20211221002744  -686.1 -26.9 -223.2
20211221002745  -685.8 -27.0 -223.1
20211221002746  -685.8 -27.5 -222.8
20211221002747  -685.8 -27.6 -222.8
20211221002748  -685.7 -27.8 -223.0
20211221002749  -685.8 -28.0 -222.7
20211221002750  -685.8 -28.1 -222.0
20211221002751  -685.7 -28.3 -222.3
20211221002752  -685.7 -28.2 -222.1
20211221002753  -685.7 -28.2 -221.7
20211221002754  -685.4 -28.4 -221.8
20211221002755  -684.9 -28.6 -222.2
20211221002756  -685.0 -28.4 -221.8
20211221002757  -684.8 -28.9 -221.7
20211221002758  -684.0 -29.0 -221.0
20211221002759  -683.8 -28.8 -220.8
20211221002800  -683.5 -29.0 -220.5
20211221002801  -682.8 -29.0 -219.8
20211221002802  -683.3 -29.0 -220.0
20211221002803  -683.4 -29.0 -220.5
20211221002804  -683.2 -29.1 -220.1
20211221002805  -682.9 -29.3 -220.0
20211221002806  -682.4 -29.3 -219.8
20211221002807  -682.5 -29.3 -220.0
20211221002808  -682.2 -29.6 -219.8
20211221002809  -681.8 -29.6 -219.6
20211221002810  -681.4 -30.0 -219.6
20211221002811  -681.0 -29.9 -219.3
20211221002812  -680.9 -30.1 -219.1
20211221002813  -680.2 -29.8 -219.1
20211221002814  -680.0 -29.6 -219.2
20211221002815  -679.6 -29.7 -218.6
20211221002816  -679.4 -29.8 -218.6
20211221002817  -679.2 -30.0 -218.6
20211221002818  -678.9 -29.8 -218.3
20211221002819  -678.5 -29.6 -218.1
20211221002820  -678.2 -29.6 -218.0
20211221002821  -678.1 -29.6 -217.9
20211221002822  -677.4 -29.7 -217.7
20211221002823  -677.1 -30.0 -217.5
20211221002824  -676.2 -29.7 -217.0
20211221002825  -675.6 -29.8 -216.8
20211221002826  -675.3 -29.4 -216.3
20211221002827  -674.7 -29.2 -216.3
20211221002828  -674.4 -29.3 -216.0
20211221002829  -675.0 -29.3 -216.6
20211221002830  -674.9 -29.6 -216.7
20211221002831  -674.8 -29.6 -216.8
20211221002832  -674.7 -29.2 -216.7
20211221002833  -674.5 -29.1 -216.5
20211221002834  -674.4 -29.0 -216.8
20211221002835  -674.1 -28.9 -217.2
20211221002836  -673.6 -28.7 -216.9
20211221002837  -673.7 -28.9 -217.1
20211221002838  -673.6 -28.5 -216.8
20211221002839  -673.8 -28.3 -216.9
20211221002840  -673.2 -28.5 -216.6
20211221002841  -673.5 -28.5 -216.6
20211221002842  -673.1 -28.6 -216.9
20211221002843  -673.3 -28.6 -217.1
20211221002844  -673.3 -28.7 -216.8
20211221002845  -673.2 -28.4 -216.7
20211221002846  -673.0 -28.7 -216.8
20211221002847  -672.7 -28.7 -216.4
20211221002848  -672.8 -28.6 -216.7
20211221002849  -672.4 -28.7 -216.3
20211221002850  -671.6 -28.8 -215.7
20211221002851  -671.2 -28.8 -215.7
20211221002852  -671.1 -28.4 -215.5
20211221002853  -670.8 -28.5 -214.8
20211221002854  -670.3 -28.4 -214.7
20211221002855  -670.1 -28.5 -214.6
20211221002856  -670.4 -28.1 -215.0
20211221002857  -670.0 -28.2 -214.9
20211221002858  -669.9 -27.9 -214.8
20211221002859  -669.6 -28.1 -215.0
20211221002900  -669.5 -28.1 -214.8
20211221002901  -669.2 -28.3 -214.8
20211221002902  -668.8 -28.4 -215.0
20211221002903  -668.5 -28.7 -215.1
20211221002904  -668.3 -28.6 -215.6
20211221002905  -668.2 -28.6 -215.6
20211221002906  -667.7 -29.1 -215.7
20211221002907  -667.6 -29.1 -215.5
20211221002908  -667.7 -28.7 -215.6
20211221002909  -667.4 -28.9 -215.7
20211221002910  -667.1 -29.1 -215.3
20211221002911  -667.2 -29.0 -215.5
20211221002912  -667.3 -29.2 -215.6
20211221002913  -667.3 -29.2 -215.6
20211221002914  -667.2 -29.6 -215.8
20211221002915  -667.1 -29.6 -215.7
20211221002916  -666.9 -29.8 -215.1
20211221002917  -666.7 -29.9 -214.5
20211221002918  -666.7 -30.1 -214.5
20211221002919  -666.1 -30.1 -214.1
20211221002920  -665.8 -30.0 -213.7
20211221002921  -665.9 -29.9 -213.8
20211221002922  -666.8 -30.0 -214.9
20211221002923  -667.2 -30.4 -215.0
20211221002924  -667.2 -30.5 -215.0
20211221002925  -667.3 -30.6 -214.9
20211221002926  -667.2 -30.7 -214.9
20211221002927  -667.5 -31.1 -214.9
20211221002928  -667.4 -31.6 -214.3
20211221002929  -667.6 -31.9 -214.2
20211221002930  -667.5 -32.0 -214.1
20211221002931  -667.6 -32.2 -214.0
20211221002932  -667.6 -32.6 -214.0
20211221002933  -667.4 -32.5 -213.8
20211221002934  -667.2 -32.6 -213.8
20211221002935  -667.3 -33.0 -214.0
20211221002936  -667.2 -33.4 -214.2
20211221002937  -667.3 -33.6 -214.3
20211221002938  -667.5 -33.5 -214.1
20211221002939  -667.5 -33.5 -213.6
20211221002940  -667.5 -33.2 -213.3
20211221002941  -667.6 -33.5 -213.2
20211221002942  -667.3 -33.7 -212.9
20211221002943  -666.8 -33.4 -212.3
20211221002944  -666.5 -33.2 -212.4
20211221002945  -666.1 -33.3 -212.4
20211221002946  -666.2 -33.1 -211.9
20211221002947  -666.2 -33.1 -211.8
20211221002948  -666.9 -33.2 -212.0
20211221002949  -667.8 -33.4 -212.3
20211221002950  -667.8 -33.2 -212.2
20211221002951  -668.0 -33.4 -212.0
20211221002952  -668.2 -33.4 -212.2
20211221002953  -668.5 -33.2 -212.2
20211221002954  -668.6 -33.5 -212.2
20211221002955  -668.9 -34.2 -212.1
20211221002956  -669.0 -34.2 -212.0
20211221002957  -669.3 -34.4 -211.8
20211221002958  -669.6 -34.8 -211.8
20211221002959  -669.7 -35.0 -211.5
20211221003000  -669.9 -35.2 -211.7
20211221003001  -670.0 -35.3 -211.3
20211221003002  -670.1 -35.3 -211.4
20211221003003  -670.2 -35.2 -211.4
20211221003004  -670.5 -35.3 -211.4
20211221003005  -670.8 -35.6 -211.4
20211221003006  -670.8 -35.9 -211.6
20211221003007  -671.3 -35.7 -211.5
20211221003008  -671.6 -35.7 -211.2
20211221003009  -671.4 -36.1 -210.9
20211221003010  -671.2 -35.8 -210.9
20211221003011  -671.4 -35.6 -210.4
20211221003012  -672.0 -36.0 -210.2
20211221003013  -671.9 -35.8 -209.9
20211221003014  -671.9 -36.0 -210.0
20211221003015  -672.8 -36.4 -210.4
20211221003016  -673.6 -36.6 -210.5
20211221003017  -673.9 -37.2 -210.4
20211221003018  -674.4 -37.5 -210.3
20211221003019  -675.0 -37.7 -210.2
20211221003020  -675.3 -37.7 -210.3
20211221003021  -675.8 -37.7 -210.5
20211221003022  -676.0 -38.1 -210.5
20211221003023  -676.1 -38.6 -210.4
20211221003024  -676.2 -38.6 -210.2
20211221003025  -676.6 -38.7 -209.9
20211221003026  -676.4 -38.8 -209.9
20211221003027  -676.6 -38.9 -209.9
20211221003028  -676.4 -39.2 -210.3
20211221003029  -676.3 -39.3 -210.0
20211221003030  -676.4 -39.5 -210.1
20211221003031  -676.6 -39.8 -210.1
20211221003032  -676.6 -40.1 -210.2
20211221003033  -676.9 -40.3 -210.2
20211221003034  -677.4 -40.1 -210.1
20211221003035  -677.3 -41.0 -210.2
20211221003036  -677.1 -40.8 -209.7
20211221003037  -677.1 -40.7 -209.1
20211221003038  -677.1 -40.9 -209.0
20211221003039  -677.0 -40.6 -208.3
20211221003040  -677.0 -40.3 -207.9
20211221003041  -677.4 -40.5 -207.7
20211221003042  -678.1 -40.8 -208.2
20211221003043  -678.2 -41.4 -208.4
20211221003044  -678.6 -41.4 -208.3
20211221003045  -678.7 -41.6 -209.1
20211221003046  -679.1 -42.0 -209.2
20211221003047  -679.3 -42.2 -209.0
20211221003048  -679.8 -42.4 -208.9
20211221003049  -679.9 -42.4 -209.2
20211221003050  -680.2 -42.7 -209.4
20211221003051  -680.5 -42.8 -209.2
20211221003052  -680.6 -43.3 -209.1
20211221003053  -680.8 -43.5 -209.0
20211221003054  -681.0 -43.7 -208.7
20211221003055  -680.9 -43.7 -208.8
20211221003056  -680.9 -43.8 -208.9
20211221003057  -681.2 -44.0 -209.0
20211221003058  -681.2 -44.4 -209.2
20211221003059  -681.3 -45.0 -208.9
20211221003100  -681.7 -45.5 -209.1
20211221003101  -682.0 -46.0 -209.4
20211221003102  -681.7 -46.4 -208.7
20211221003103  -681.3 -46.5 -208.1
20211221003104  -681.0 -46.3 -207.5
20211221003105  -680.6 -46.4 -207.2
20211221003106  -680.8 -46.2 -207.1
20211221003107  -680.7 -46.3 -206.6
20211221003108  -681.4 -46.7 -207.1
20211221003109  -681.7 -46.8 -207.0
20211221003110  -681.9 -47.2 -206.9
20211221003111  -681.9 -47.4 -207.0
20211221003112  -681.9 -47.5 -207.1
20211221003113  -682.2 -47.8 -206.9
20211221003114  -682.1 -47.3 -207.2
20211221003115  -682.3 -47.5 -207.2
20211221003116  -682.5 -47.3 -207.5
20211221003117  -682.3 -47.4 -207.2
20211221003118  -682.6 -47.9 -207.2
20211221003119  -682.5 -47.9 -207.0
20211221003120  -682.4 -47.9 -207.1
20211221003121  -682.2 -48.1 -207.2
20211221003122  -682.4 -48.2 -207.3
20211221003123  -682.3 -48.7 -207.4
20211221003124  -682.7 -49.2 -207.8
20211221003125  -682.6 -49.2 -207.4
20211221003126  -682.5 -49.3 -207.4
20211221003127  -682.5 -49.3 -207.1
20211221003128  -681.8 -49.5 -206.8
20211221003129  -680.8 -49.7 -206.0
20211221003130  -680.3 -49.8 -205.5
20211221003131  -680.0 -49.9 -205.4
20211221003132  -679.8 -49.6 -205.4
20211221003133  -679.5 -49.7 -205.2
20211221003134  -680.1 -49.5 -205.3
20211221003135  -679.8 -49.5 -205.6
20211221003136  -679.8 -49.6 -205.8
20211221003137  -679.6 -49.5 -205.8
20211221003138  -679.4 -49.3 -205.8
20211221003139  -678.8 -49.2 -206.2
20211221003140  -678.6 -49.5 -206.5
20211221003141  -678.3 -49.6 -206.4
20211221003142  -678.0 -49.6 -206.3
20211221003143  -677.8 -49.7 -206.5
20211221003144  -677.8 -49.7 -206.2
20211221003145  -677.9 -50.0 -206.4
20211221003146  -677.6 -50.0 -206.3
20211221003147  -677.9 -49.9 -206.0
20211221003148  -677.7 -50.1 -206.2
20211221003149  -677.2 -50.2 -205.8
20211221003150  -677.1 -50.3 -205.8
20211221003151  -676.9 -50.6 -205.9
20211221003152  -676.7 -50.8 -205.9
20211221003153  -676.5 -51.1 -205.7
20211221003154  -676.1 -51.2 -205.6
20211221003155  -675.4 -51.2 -205.4
20211221003156  -674.8 -51.2 -205.1
20211221003157  -674.5 -51.5 -205.1
20211221003158  -674.2 -51.4 -204.6
20211221003159  -673.3 -51.1 -204.4
20211221003200  -674.1 -51.2 -205.1
20211221003201  -673.9 -51.3 -205.1
20211221003202  -673.5 -51.0 -205.2
20211221003203  -673.1 -51.0 -204.9
20211221003204  -672.9 -50.7 -204.5
20211221003205  -672.5 -50.7 -204.7
20211221003206  -672.4 -50.7 -204.6
20211221003207  -672.0 -50.9 -205.0
20211221003208  -671.9 -51.1 -205.2
