20211205224030  -730.9 -54.1 -764.3
20211205224031  -731.2 -54.3 -764.5
20211205224032  -731.2 -54.5 -764.8
20211205224033  -731.3 -54.3 -764.7
20211205224034  -731.6 -54.6 -764.7
20211205224035  -732.2 -54.8 -765.4
20211205224036  -732.6 -54.8 -765.6
20211205224037  -732.2 -54.8 -765.1
20211205224038  -731.8 -54.4 -764.8
20211205224039  -731.5 -54.6 -764.4
20211205224040  -731.5 -54.2 -764.1
20211205224041  -731.3 -54.4 -764.0
20211205224042  -731.3 -54.1 -764.0
20211205224043  -731.3 -53.8 -763.6
20211205224044  -731.4 -53.6 -763.5
20211205224045  -731.3 -53.2 -763.4
20211205224046  -731.4 -53.2 -763.2
20211205224047  -731.4 -53.3 -763.0
20211205224048  -732.8 -53.6 -763.8
20211205224049  -733.0 -53.8 -764.1
20211205224050  -733.4 -54.0 -764.0
20211205224051  -733.8 -53.5 -763.7
20211205224052  -734.2 -53.7 -764.4
20211205224053  -734.8 -54.2 -764.5
20211205224054  -735.0 -54.0 -764.6
20211205224055  -735.3 -54.1 -765.0
20211205224056  -735.7 -54.2 -764.9
20211205224057  -736.3 -54.1 -765.0
20211205224058  -736.7 -54.6 -765.2
20211205224059  -737.1 -54.6 -765.5
20211205224100  -737.3 -54.6 -765.7
20211205224101  -737.7 -54.8 -765.6
20211205224102  -738.5 -55.1 -766.3
20211205224103  -738.6 -55.3 -766.4
20211205224104  -738.4 -55.3 -766.1
20211205224105  -737.8 -54.8 -765.3
20211205224106  -737.8 -54.5 -765.1
20211205224107  -737.6 -54.2 -764.8
20211205224108  -737.6 -54.3 -764.3
20211205224109  -737.4 -53.8 -764.0
20211205224110  -737.4 -53.6 -764.0
20211205224111  -737.2 -53.3 -763.9
20211205224112  -737.5 -53.4 -763.9
20211205224113  -737.3 -53.3 -763.5
20211205224114  -737.6 -53.6 -763.5
20211205224115  -738.3 -53.2 -763.5
20211205224116  -739.0 -53.8 -764.2
20211205224117  -739.1 -54.0 -764.4
20211205224118  -739.0 -54.3 -764.3
20211205224119  -739.0 -54.2 -764.2
20211205224120  -739.3 -54.8 -764.3
20211205224121  -739.3 -54.8 -764.2
20211205224122  -739.4 -54.7 -764.6
20211205224123  -739.3 -54.6 -764.5
20211205224124  -739.1 -54.7 -764.7
20211205224125  -739.1 -55.0 -764.7
20211205224126  -739.0 -55.2 -764.7
20211205224127  -738.6 -55.4 -764.7
20211205224128  -738.3 -55.4 -764.6
20211205224129  -738.1 -55.8 -764.5
20211205224130  -738.2 -56.3 -765.3
20211205224131  -737.6 -55.5 -764.7
20211205224132  -736.5 -55.3 -763.9
20211205224133  -735.8 -55.0 -763.6
20211205224134  -735.0 -54.7 -763.3
20211205224135  -734.5 -54.3 -762.8
20211205224136  -734.4 -54.1 -762.7
20211205224137  -734.1 -53.9 -762.4
20211205224138  -733.5 -53.7 -762.2
20211205224139  -733.2 -53.6 -761.9
20211205224140  -732.9 -53.6 -761.6
20211205224141  -732.5 -53.5 -761.5
20211205224142  -732.4 -53.2 -761.4
20211205224143  -733.4 -53.4 -762.1
20211205224144  -733.6 -53.8 -762.4
20211205224145  -733.6 -53.7 -762.6
20211205224146  -733.4 -53.7 -762.9
20211205224147  -733.3 -53.7 -762.6
20211205224148  -733.2 -53.9 -762.8
20211205224149  -733.4 -53.8 -762.9
20211205224150  -733.7 -54.2 -763.0
20211205224151  -733.8 -54.1 -763.0
20211205224152  -734.0 -54.1 -763.4
20211205224153  -734.3 -54.1 -763.8
20211205224154  -734.1 -54.3 -763.8
20211205224155  -734.9 -54.6 -763.9
20211205224156  -735.0 -54.5 -764.3
20211205224157  -736.1 -55.4 -765.7
20211205224158  -735.6 -55.0 -765.0
20211205224159  -735.4 -54.9 -764.9
20211205224200  -735.2 -54.3 -764.6
20211205224201  -735.3 -54.2 -764.3
20211205224202  -734.8 -53.8 -763.8
20211205224203  -735.0 -53.7 -763.7
20211205224204  -735.0 -53.6 -762.8
20211205224205  -735.0 -53.2 -762.9
20211205224206  -735.2 -53.1 -762.7
20211205224207  -735.1 -52.7 -762.5
20211205224208  -735.1 -52.5 -762.5
20211205224209  -734.8 -52.4 -762.3
20211205224210  -736.0 -52.6 -763.1
20211205224211  -736.7 -52.9 -763.5
20211205224212  -737.4 -53.2 -763.4
20211205224213  -738.0 -53.1 -763.6
20211205224214  -738.6 -53.1 -764.0
20211205224215  -739.0 -53.2 -764.3
20211205224216  -739.8 -53.4 -764.1
20211205224217  -740.3 -53.6 -764.3
20211205224218  -740.8 -53.4 -764.6
20211205224219  -741.2 -53.4 -764.7
20211205224220  -741.4 -53.5 -765.0
20211205224221  -742.1 -53.6 -764.9
20211205224222  -742.6 -53.9 -765.1
20211205224223  -742.8 -54.1 -765.6
20211205224224  -743.5 -54.7 -766.4
20211205224225  -743.3 -54.7 -765.5
20211205224226  -743.2 -54.4 -764.9
20211205224227  -742.9 -54.5 -764.8
20211205224228  -742.4 -54.1 -764.3
20211205224229  -742.7 -54.1 -764.0
20211205224230  -742.7 -53.9 -763.5
20211205224231  -742.1 -53.8 -763.2
20211205224232  -742.0 -54.1 -762.8
20211205224233  -741.7 -54.0 -762.6
20211205224234  -741.9 -54.0 -762.4
20211205224235  -741.6 -53.8 -762.2
20211205224236  -741.4 -53.6 -762.4
20211205224237  -742.0 -53.4 -762.8
20211205224238  -743.0 -53.7 -763.3
20211205224239  -743.1 -53.7 -763.4
20211205224240  -743.4 -54.0 -763.9
20211205224241  -743.6 -54.0 -763.9
20211205224242  -743.9 -54.1 -764.2
20211205224243  -744.8 -54.3 -764.3
20211205224244  -744.9 -54.5 -764.5
20211205224245  -745.3 -54.3 -764.6
20211205224246  -745.6 -54.5 -764.9
20211205224247  -745.8 -54.8 -765.0
20211205224248  -746.3 -55.0 -765.0
20211205224249  -746.6 -55.1 -765.2
20211205224250  -747.1 -55.3 -765.3
20211205224251  -747.7 -55.2 -765.9
20211205224252  -747.7 -55.3 -765.5
20211205224253  -747.1 -55.3 -765.0
20211205224254  -747.0 -55.2 -764.6
20211205224255  -746.7 -54.7 -764.3
20211205224256  -746.1 -54.7 -763.9
20211205224257  -745.9 -54.2 -763.3
20211205224258  -745.9 -54.1 -763.1
20211205224259  -745.3 -53.9 -763.0
20211205224300  -745.0 -53.7 -762.5
20211205224301  -745.1 -53.6 -762.6
20211205224302  -745.1 -53.5 -762.5
20211205224303  -744.7 -53.5 -762.2
20211205224304  -744.7 -53.2 -762.3
20211205224305  -745.2 -53.4 -762.7
20211205224306  -745.6 -53.5 -763.2
20211205224307  -745.9 -53.7 -763.3
20211205224308  -746.2 -53.6 -763.5
20211205224309  -746.7 -53.6 -763.5
20211205224310  -746.6 -53.5 -763.4
20211205224311  -746.7 -54.0 -763.5
20211205224312  -746.7 -53.9 -763.7
20211205224313  -746.7 -53.6 -763.5
20211205224314  -746.8 -53.9 -764.1
20211205224315  -747.1 -53.9 -763.9
20211205224316  -747.2 -53.8 -764.1
20211205224317  -747.4 -53.8 -764.2
20211205224318  -747.4 -54.4 -764.7
20211205224319  -748.0 -55.0 -765.3
20211205224320  -747.7 -54.7 -764.5
20211205224321  -747.4 -54.4 -764.2
20211205224322  -747.4 -54.1 -763.8
20211205224323  -747.0 -54.1 -763.2
20211205224324  -746.9 -54.1 -763.2
20211205224325  -746.5 -53.8 -762.8
20211205224326  -746.3 -53.6 -762.6
20211205224327  -746.4 -53.8 -762.3
20211205224328  -746.0 -53.6 -761.9
20211205224329  -746.0 -53.5 -761.5
20211205224330  -745.9 -53.8 -761.3
20211205224331  -745.4 -53.6 -761.2
20211205224332  -745.1 -53.4 -760.8
20211205224333  -746.2 -53.9 -761.8
20211205224334  -746.1 -54.2 -762.1
20211205224335  -745.9 -54.2 -762.2
20211205224336  -745.9 -54.3 -762.3
20211205224337  -745.8 -54.2 -762.4
20211205224338  -745.9 -54.6 -762.4
20211205224339  -745.9 -54.6 -762.5
20211205224340  -745.9 -54.5 -762.5
20211205224341  -746.1 -54.4 -762.6
20211205224342  -746.1 -54.8 -762.5
20211205224343  -746.1 -55.0 -762.7
20211205224344  -746.4 -55.0 -763.0
20211205224345  -746.5 -55.0 -763.1
20211205224346  -746.9 -55.4 -763.7
20211205224347  -746.3 -55.3 -763.4
20211205224348  -746.1 -55.1 -762.9
20211205224349  -745.8 -55.1 -762.4
20211205224350  -745.6 -54.9 -762.3
20211205224351  -745.5 -54.8 -762.4
20211205224352  -745.3 -54.8 -761.8
20211205224353  -745.4 -54.5 -761.6
20211205224354  -745.3 -54.5 -761.5
20211205224355  -745.5 -54.5 -761.5
20211205224356  -745.3 -54.5 -761.3
20211205224357  -745.2 -54.3 -761.2
20211205224358  -745.1 -54.4 -761.1
20211205224359  -745.0 -54.3 -761.0
20211205224400  -745.5 -54.5 -761.4
20211205224401  -746.3 -54.4 -761.7
20211205224402  -746.1 -54.5 -761.8
20211205224403  -745.8 -54.7 -761.9
20211205224404  -745.9 -54.9 -762.1
20211205224405  -746.0 -54.7 -761.7
20211205224406  -746.2 -54.8 -761.8
20211205224407  -746.1 -54.7 -762.0
20211205224408  -746.4 -54.8 -762.0
20211205224409  -746.1 -54.7 -762.2
20211205224410  -746.2 -54.8 -762.1
20211205224411  -746.3 -54.4 -762.3
20211205224412  -746.4 -54.7 -762.5
20211205224413  -746.9 -54.8 -763.0
20211205224414  -746.7 -54.5 -763.0
20211205224415  -746.3 -54.3 -762.4
20211205224416  -745.9 -54.2 -762.0
20211205224417  -745.5 -54.0 -762.1
20211205224418  -745.5 -53.8 -761.6
20211205224419  -745.4 -53.5 -761.2
20211205224420  -745.1 -53.3 -761.0
20211205224421  -745.0 -53.3 -760.7
20211205224422  -744.9 -52.9 -760.6
20211205224423  -744.8 -53.0 -760.5
20211205224424  -744.5 -52.4 -759.9
20211205224425  -744.3 -52.4 -759.7
20211205224426  -744.0 -52.5 -759.3
20211205224427  -743.8 -52.3 -759.1
20211205224428  -744.6 -52.6 -759.9
20211205224429  -744.6 -52.9 -760.4
20211205224430  -744.4 -52.7 -760.2
20211205224431  -744.0 -53.2 -760.4
20211205224432  -743.8 -52.7 -760.6
20211205224433  -743.6 -53.0 -760.3
20211205224434  -743.4 -53.0 -760.7
20211205224435  -743.4 -53.2 -760.6
20211205224436  -743.1 -53.0 -760.6
20211205224437  -742.8 -53.2 -760.6
20211205224438  -742.6 -53.3 -760.8
20211205224439  -742.5 -53.5 -761.0
20211205224440  -742.1 -53.3 -761.0
20211205224441  -742.9 -54.3 -762.3
20211205224442  -742.1 -54.1 -761.3
20211205224443  -741.5 -53.9 -761.2
20211205224444  -741.3 -53.8 -760.9
20211205224445  -740.9 -53.8 -760.5
20211205224446  -740.5 -53.4 -760.6
20211205224447  -740.5 -53.3 -760.6
20211205224448  -740.2 -53.2 -760.5
20211205224449  -739.9 -53.2 -760.3
20211205224450  -739.9 -53.1 -760.3
20211205224451  -739.7 -52.9 -760.2
20211205224452  -739.8 -52.5 -759.9
20211205224453  -739.4 -52.5 -759.6
20211205224454  -739.5 -52.4 -759.7
20211205224455  -740.4 -52.7 -760.3
20211205224456  -740.7 -53.3 -760.9
20211205224457  -740.7 -53.0 -761.2
20211205224458  -740.9 -53.2 -760.9
20211205224459  -741.0 -53.3 -760.9
20211205224500  -741.1 -53.2 -761.0
20211205224501  -741.1 -53.1 -761.1
20211205224502  -740.9 -53.2 -761.2
20211205224503  -741.1 -53.4 -761.2
20211205224504  -741.3 -53.5 -761.4
20211205224505  -741.2 -53.5 -761.4
20211205224506  -741.1 -53.5 -761.6
20211205224507  -741.1 -53.6 -761.8
20211205224508  -741.6 -54.1 -762.2
20211205224509  -741.2 -53.6 -762.1
20211205224510  -740.8 -53.4 -761.5
20211205224511  -740.4 -53.3 -761.1
20211205224512  -739.8 -53.0 -760.8
20211205224513  -739.4 -53.0 -760.6
20211205224514  -739.1 -52.8 -760.7
20211205224515  -738.8 -52.6 -760.3
20211205224516  -738.5 -52.8 -760.1
20211205224517  -738.5 -52.6 -760.2
20211205224518  -738.4 -52.7 -759.9
20211205224519  -738.4 -52.5 -760.1
20211205224520  -738.0 -52.4 -760.2
20211205224521  -737.6 -52.4 -759.6
20211205224522  -737.7 -52.2 -759.6
20211205224523  -738.3 -52.5 -760.0
20211205224524  -738.5 -52.6 -760.6
20211205224525  -738.7 -52.5 -760.5
20211205224526  -738.5 -52.2 -760.6
20211205224527  -738.2 -52.6 -760.7
20211205224528  -738.5 -52.6 -761.2
20211205224529  -738.3 -52.6 -761.5
20211205224530  -738.4 -52.8 -761.7
20211205224531  -738.3 -52.7 -761.6
20211205224532  -738.3 -52.8 -761.5
20211205224533  -738.8 -52.5 -761.6
20211205224534  -738.5 -52.7 -761.6
20211205224535  -739.0 -52.9 -761.8
20211205224536  -739.0 -53.2 -762.1
20211205224537  -738.3 -52.4 -761.6
20211205224538  -738.3 -52.3 -761.3
20211205224539  -737.9 -52.2 -761.0
20211205224540  -737.5 -51.8 -760.4
20211205224541  -737.4 -51.9 -760.4
20211205224542  -737.2 -51.5 -760.2
20211205224543  -736.9 -51.5 -759.8
20211205224544  -736.5 -51.2 -759.8
20211205224545  -736.4 -50.8 -759.4
20211205224546  -736.2 -50.9 -759.4
20211205224547  -736.3 -50.6 -759.1
20211205224548  -735.9 -50.4 -759.3
20211205224549  -735.6 -50.1 -758.9
20211205224550  -735.9 -50.2 -759.6
20211205224551  -736.9 -50.0 -760.3
20211205224552  -737.2 -50.4 -760.5
20211205224553  -737.3 -50.1 -760.4
20211205224554  -737.5 -49.9 -760.4
20211205224555  -737.6 -50.0 -760.6
20211205224556  -737.7 -49.8 -760.9
20211205224557  -737.9 -49.5 -761.0
20211205224558  -737.8 -49.6 -760.9
20211205224559  -737.9 -49.6 -761.1
20211205224600  -738.0 -49.3 -761.1
20211205224601  -738.6 -49.2 -760.9
20211205224602  -738.6 -49.2 -761.4
20211205224603  -739.3 -49.7 -762.2
20211205224604  -739.1 -49.5 -762.1
20211205224605  -739.0 -49.1 -761.8
20211205224606  -738.6 -48.9 -761.6
20211205224607  -738.3 -48.7 -761.4
20211205224608  -738.4 -48.2 -761.2
20211205224609  -738.2 -48.3 -760.7
20211205224610  -737.9 -48.1 -760.8
20211205224611  -738.0 -47.7 -760.7
20211205224612  -738.0 -47.3 -760.4
20211205224613  -738.0 -47.3 -760.5
20211205224614  -737.8 -46.8 -760.2
20211205224615  -737.5 -46.6 -760.0
20211205224616  -737.5 -46.2 -759.9
20211205224617  -737.7 -46.0 -760.2
20211205224618  -738.8 -46.4 -760.9
20211205224619  -739.1 -46.4 -761.1
20211205224620  -739.4 -46.2 -760.9
20211205224621  -739.7 -46.2 -761.2
20211205224622  -739.7 -46.2 -761.2
20211205224623  -739.7 -46.0 -761.3
20211205224624  -739.9 -46.1 -761.5
20211205224625  -739.8 -46.2 -761.8
20211205224626  -739.9 -46.1 -761.8
20211205224627  -740.1 -45.9 -761.8
20211205224628  -740.2 -45.9 -762.1
20211205224629  -740.3 -46.0 -761.9
20211205224630  -740.5 -46.3 -762.5
20211205224631  -740.7 -46.4 -762.4
20211205224632  -740.0 -46.2 -762.2
20211205224633  -739.8 -45.9 -761.3
20211205224634  -739.7 -45.6 -761.4
20211205224635  -739.5 -45.3 -761.1
20211205224636  -739.0 -45.1 -761.0
20211205224637  -738.9 -45.4 -761.1
20211205224638  -738.6 -45.2 -760.5
20211205224639  -738.5 -45.2 -760.5
20211205224640  -738.1 -45.2 -760.3
20211205224641  -737.8 -45.0 -760.0
20211205224642  -737.4 -45.2 -759.9
20211205224643  -737.0 -45.0 -759.7
20211205224644  -736.9 -45.0 -760.0
20211205224645  -737.6 -44.8 -760.0
20211205224646  -737.8 -45.2 -760.9
20211205224647  -737.9 -45.0 -761.1
20211205224648  -737.7 -45.2 -761.0
20211205224649  -737.5 -45.1 -761.1
20211205224650  -737.3 -45.3 -761.4
20211205224651  -737.3 -45.1 -761.4
20211205224652  -737.2 -44.9 -761.4
20211205224653  -736.9 -45.1 -761.5
20211205224654  -737.1 -44.8 -761.5
20211205224655  -737.1 -44.7 -761.2
20211205224656  -737.0 -44.8 -761.7
20211205224657  -737.0 -44.9 -761.7
20211205224658  -737.2 -45.4 -762.5
20211205224659  -736.8 -45.0 -761.8
20211205224700  -735.8 -44.6 -761.4
20211205224701  -735.6 -44.4 -761.4
20211205224702  -735.5 -44.1 -760.8
20211205224703  -735.2 -44.1 -760.7
20211205224704  -734.8 -44.0 -760.8
20211205224705  -734.5 -44.0 -760.4
20211205224706  -734.1 -44.0 -760.1
20211205224707  -734.2 -43.8 -760.1
20211205224708  -733.4 -43.6 -759.8
20211205224709  -733.0 -43.8 -759.7
20211205224710  -732.6 -43.7 -759.4
20211205224711  -732.4 -43.8 -759.3
20211205224712  -732.1 -43.4 -759.0
20211205224713  -732.6 -43.4 -759.8
20211205224714  -732.5 -43.5 -760.1
20211205224715  -732.5 -43.8 -760.6
20211205224716  -732.2 -44.1 -760.5
20211205224717  -732.0 -44.1 -760.4
20211205224718  -731.8 -44.3 -760.7
20211205224719  -731.8 -44.4 -760.6
20211205224720  -731.6 -44.3 -760.7
20211205224721  -731.6 -44.5 -761.2
20211205224722  -731.5 -44.4 -761.1
20211205224723  -731.3 -44.4 -761.1
20211205224724  -731.3 -44.6 -761.3
20211205224725  -731.7 -45.0 -762.2
20211205224726  -731.8 -44.9 -762.3
20211205224727  -731.4 -44.6 -761.7
20211205224728  -731.0 -44.6 -761.6
20211205224729  -730.4 -44.7 -761.4
20211205224730  -730.3 -44.3 -761.4
20211205224731  -729.7 -44.1 -761.0
20211205224732  -729.5 -44.3 -760.5
20211205224733  -728.9 -44.2 -760.2
20211205224734  -728.2 -44.3 -760.1
20211205224735  -728.2 -44.1 -759.9
20211205224736  -727.5 -44.3 -760.0
20211205224737  -727.1 -43.9 -759.8
20211205224738  -726.9 -44.0 -759.7
20211205224739  -726.9 -44.3 -759.7
20211205224740  -726.5 -44.1 -759.8
20211205224741  -727.1 -44.5 -760.6
20211205224742  -727.2 -45.1 -760.5
20211205224743  -727.4 -45.1 -760.6
20211205224744  -727.1 -45.1 -761.0
20211205224745  -727.2 -45.0 -761.1
20211205224746  -727.3 -45.0 -761.4
20211205224747  -727.1 -45.1 -761.4
20211205224748  -727.2 -45.3 -761.7
20211205224749  -726.9 -45.3 -761.5
20211205224750  -727.4 -45.3 -761.5
20211205224751  -727.4 -45.0 -761.9
20211205224752  -727.7 -44.9 -762.0
20211205224753  -728.5 -45.7 -762.8
20211205224754  -728.0 -45.5 -762.4
20211205224755  -727.7 -45.3 -762.1
20211205224756  -727.6 -45.0 -761.7
20211205224757  -727.6 -45.0 -761.6
20211205224758  -727.4 -44.8 -761.6
20211205224759  -727.4 -44.7 -761.2
20211205224800  -727.3 -44.5 -761.2
20211205224801  -726.8 -44.2 -761.1
20211205224802  -726.6 -44.6 -760.8
20211205224803  -726.7 -44.9 -760.3
20211205224804  -726.3 -44.7 -759.7
20211205224805  -725.4 -44.6 -759.9
20211205224806  -724.8 -44.9 -760.0
20211205224807  -724.5 -44.8 -759.7
20211205224808  -725.0 -45.2 -760.3
20211205224809  -725.3 -45.4 -760.7
20211205224810  -725.6 -45.4 -760.9
20211205224811  -725.4 -45.1 -761.1
20211205224812  -725.5 -45.4 -761.3
20211205224813  -725.8 -45.9 -761.2
