20211031004825  -775.7 -29.3 -264.4
20211031004826  -775.6 -29.0 -264.3
20211031004827  -775.6 -28.8 -264.7
20211031004828  -775.7 -28.8 -264.9
20211031004829  -775.6 -28.8 -265.0
20211031004830  -775.2 -28.6 -265.3
20211031004831  -775.2 -28.1 -265.4
20211031004832  -775.1 -28.3 -265.7
20211031004833  -775.2 -28.1 -265.7
20211031004834  -775.4 -28.3 -265.8
20211031004835  -775.0 -28.4 -266.0
20211031004836  -775.0 -29.0 -266.3
20211031004837  -774.5 -29.0 -265.5
20211031004838  -774.4 -28.8 -265.1
20211031004839  -774.3 -28.9 -265.0
20211031004840  -774.4 -28.3 -264.6
20211031004841  -774.1 -28.2 -264.6
20211031004842  -774.0 -27.9 -264.6
20211031004843  -774.5 -27.9 -264.6
20211031004844  -774.5 -27.7 -264.6
20211031004845  -774.6 -27.7 -264.9
20211031004846  -774.8 -27.7 -265.1
20211031004847  -774.6 -28.0 -264.9
20211031004848  -774.6 -28.0 -265.0
20211031004849  -774.8 -27.8 -264.9
20211031004850  -775.0 -27.8 -264.5
20211031004851  -774.5 -27.7 -264.5
20211031004852  -774.5 -28.2 -264.5
20211031004853  -774.5 -28.1 -264.4
20211031004854  -774.8 -28.4 -264.4
20211031004855  -774.7 -28.5 -264.3
20211031004856  -774.6 -28.3 -264.1
20211031004857  -774.6 -28.5 -263.9
20211031004858  -774.4 -28.0 -263.5
20211031004859  -774.0 -28.1 -263.0
20211031004900  -774.2 -27.8 -263.0
20211031004901  -774.0 -27.7 -263.0
20211031004902  -773.6 -27.6 -263.2
20211031004903  -773.8 -28.2 -263.7
20211031004904  -773.8 -28.6 -264.3
20211031004905  -773.8 -28.6 -264.2
20211031004906  -773.8 -28.7 -263.9
20211031004907  -773.5 -29.0 -264.0
20211031004908  -773.3 -28.9 -263.9
20211031004909  -772.9 -28.9 -263.6
20211031004910  -772.9 -28.7 -263.9
20211031004911  -772.7 -28.7 -263.9
20211031004912  -772.6 -28.2 -264.0
20211031004913  -772.5 -28.0 -264.0
20211031004914  -772.5 -28.0 -264.5
20211031004915  -772.4 -28.0 -264.6
20211031004916  -772.2 -28.2 -264.6
20211031004917  -772.2 -28.5 -264.8
20211031004918  -772.3 -28.5 -264.5
20211031004919  -772.2 -28.8 -264.8
20211031004920  -772.4 -29.1 -264.3
20211031004921  -772.1 -28.9 -264.3
20211031004922  -771.9 -29.3 -264.4
20211031004923  -771.8 -29.6 -264.2
20211031004924  -771.8 -29.9 -264.3
20211031004925  -771.5 -30.1 -264.4
20211031004926  -771.4 -29.9 -264.7
20211031004927  -770.9 -29.8 -264.7
20211031004928  -771.2 -29.7 -264.6
20211031004929  -771.0 -29.4 -264.9
20211031004930  -770.7 -29.4 -265.2
20211031004931  -770.5 -28.8 -265.0
20211031004932  -770.1 -28.1 -265.2
20211031004933  -769.9 -27.8 -265.0
20211031004934  -769.8 -27.4 -264.6
20211031004935  -769.5 -27.6 -264.3
20211031004936  -769.4 -27.5 -264.0
20211031004937  -769.3 -27.2 -263.8
20211031004938  -769.1 -27.6 -264.0
20211031004939  -768.9 -27.8 -264.1
20211031004940  -768.4 -28.0 -263.9
20211031004941  -768.5 -28.3 -264.5
20211031004942  -768.2 -28.2 -264.2
20211031004943  -768.1 -28.2 -264.7
20211031004944  -767.9 -28.4 -264.7
20211031004945  -767.7 -28.6 -265.0
20211031004946  -767.4 -29.2 -265.0
20211031004947  -767.1 -29.0 -264.8
20211031004948  -766.9 -29.0 -264.7
20211031004949  -767.3 -28.9 -264.8
20211031004950  -766.9 -29.1 -264.8
20211031004951  -766.9 -28.6 -265.3
20211031004952  -766.9 -28.6 -265.2
20211031004953  -767.1 -28.4 -265.3
20211031004954  -767.0 -28.3 -265.4
20211031004955  -766.9 -28.0 -265.6
20211031004956  -767.1 -28.3 -265.6
20211031004957  -766.9 -28.2 -265.4
20211031004958  -766.9 -28.1 -265.0
20211031004959  -766.3 -28.1 -264.7
20211031005000  -766.3 -28.1 -264.2
20211031005001  -766.1 -27.9 -263.9
20211031005002  -765.9 -27.6 -263.9
20211031005003  -766.0 -27.5 -264.2
20211031005004  -766.2 -27.3 -264.7
20211031005005  -766.4 -27.2 -265.1
20211031005006  -766.5 -27.6 -265.6
20211031005007  -766.7 -28.0 -265.9
20211031005008  -767.2 -28.4 -265.6
20211031005009  -767.4 -28.8 -265.5
20211031005010  -767.5 -28.6 -265.4
20211031005011  -767.4 -28.4 -265.0
20211031005012  -767.5 -28.2 -264.1
20211031005013  -767.5 -27.9 -264.0
20211031005014  -767.4 -27.6 -263.8
20211031005015  -767.6 -27.1 -263.7
20211031005016  -767.9 -27.0 -264.1
20211031005017  -768.1 -26.8 -264.1
20211031005018  -768.4 -26.8 -264.6
20211031005019  -768.5 -27.3 -265.0
20211031005020  -768.8 -27.3 -264.9
20211031005021  -769.2 -27.8 -265.1
20211031005022  -769.2 -28.2 -264.9
20211031005023  -769.3 -28.2 -264.7
20211031005024  -769.3 -28.4 -264.5
20211031005025  -769.5 -28.4 -264.4
20211031005026  -769.7 -28.7 -264.4
20211031005027  -769.5 -28.9 -264.5
20211031005028  -769.7 -28.8 -264.8
20211031005029  -770.0 -28.9 -264.7
20211031005030  -770.1 -28.6 -264.9
20211031005031  -770.4 -28.4 -265.0
20211031005032  -770.4 -28.1 -264.9
20211031005033  -770.8 -28.2 -265.1
20211031005034  -770.8 -28.2 -265.2
20211031005035  -770.7 -28.4 -265.5
20211031005036  -771.1 -28.6 -265.3
20211031005037  -771.2 -28.5 -265.3
20211031005038  -771.6 -28.4 -265.5
20211031005039  -771.8 -28.9 -265.6
20211031005040  -771.9 -28.8 -265.3
20211031005041  -772.2 -28.3 -265.4
20211031005042  -772.2 -28.3 -264.4
20211031005043  -771.8 -28.1 -264.1
20211031005044  -772.4 -28.2 -264.2
20211031005045  -772.5 -27.9 -263.9
20211031005046  -772.4 -27.9 -264.1
20211031005047  -772.5 -27.0 -264.0
20211031005048  -772.6 -26.6 -264.3
20211031005049  -772.6 -26.8 -264.7
20211031005050  -773.0 -26.8 -264.8
20211031005051  -773.3 -27.0 -264.8
20211031005052  -773.4 -27.4 -265.2
20211031005053  -773.8 -27.5 -265.2
20211031005054  -774.0 -28.1 -265.6
20211031005055  -774.0 -28.5 -265.5
20211031005056  -774.2 -28.8 -265.2
20211031005057  -774.3 -28.7 -265.3
20211031005058  -774.8 -28.6 -265.4
20211031005059  -774.7 -28.3 -265.2
20211031005100  -775.1 -27.6 -265.6
20211031005101  -775.1 -27.2 -265.2
20211031005102  -775.0 -26.8 -265.1
20211031005103  -774.9 -26.5 -265.0
20211031005104  -774.9 -26.5 -264.6
20211031005105  -775.2 -26.8 -264.8
20211031005106  -775.4 -26.9 -264.7
20211031005107  -775.4 -27.3 -265.0
20211031005108  -775.5 -27.3 -265.3
20211031005109  -775.5 -27.8 -265.3
20211031005110  -775.3 -27.6 -265.5
20211031005111  -775.3 -27.6 -265.1
20211031005112  -775.3 -27.5 -264.9
20211031005113  -775.0 -27.2 -264.5
20211031005114  -774.9 -26.8 -264.0
20211031005115  -775.2 -26.9 -264.0
20211031005116  -775.5 -26.7 -264.1
20211031005117  -775.5 -26.8 -264.5
20211031005118  -775.3 -26.9 -264.6
20211031005119  -775.2 -26.7 -264.6
20211031005120  -775.5 -27.1 -264.8
20211031005121  -775.5 -27.1 -264.4
20211031005122  -775.6 -27.4 -264.7
20211031005123  -775.5 -27.6 -264.8
20211031005124  -775.5 -27.3 -264.7
20211031005125  -775.8 -27.2 -264.8
20211031005126  -775.6 -27.1 -265.2
20211031005127  -775.6 -26.8 -265.5
20211031005128  -776.1 -26.5 -265.7
20211031005129  -776.5 -26.3 -265.6
20211031005130  -776.4 -26.1 -265.3
20211031005131  -776.6 -26.1 -264.9
20211031005132  -776.3 -26.1 -264.4
20211031005133  -776.3 -26.4 -263.9
20211031005134  -776.5 -26.4 -263.4
20211031005135  -776.4 -26.5 -262.9
20211031005136  -776.5 -26.4 -262.8
20211031005137  -776.8 -26.4 -263.2
20211031005138  -776.8 -26.2 -263.1
20211031005139  -776.8 -26.1 -262.5
20211031005140  -777.0 -26.0 -263.1
20211031005141  -777.4 -25.5 -262.8
20211031005142  -777.8 -25.6 -262.9
20211031005143  -777.4 -25.6 -262.3
20211031005144  -777.1 -25.2 -262.0
20211031005145  -777.8 -25.0 -262.6
20211031005146  -778.1 -25.4 -262.8
20211031005147  -778.4 -25.6 -262.8
20211031005148  -778.6 -25.9 -263.0
20211031005149  -779.0 -26.3 -262.5
20211031005150  -779.3 -26.3 -262.0
20211031005151  -779.5 -26.2 -262.0
20211031005152  -779.5 -26.1 -262.3
20211031005153  -779.9 -26.0 -262.4
20211031005154  -779.8 -25.8 -262.6
20211031005155  -780.1 -25.9 -262.9
20211031005156  -780.2 -26.0 -263.1
20211031005157  -780.3 -26.3 -263.1
20211031005158  -780.6 -25.8 -263.1
20211031005159  -780.9 -25.3 -263.4
20211031005200  -781.4 -25.2 -262.9
20211031005201  -781.5 -25.1 -262.4
20211031005202  -781.6 -24.7 -262.1
20211031005203  -781.7 -24.5 -261.3
20211031005204  -781.7 -24.5 -261.4
20211031005205  -781.9 -24.3 -260.8
20211031005206  -782.1 -24.4 -260.6
20211031005207  -782.3 -24.2 -260.3
20211031005208  -782.6 -24.4 -260.3
20211031005209  -782.9 -24.6 -260.0
20211031005210  -782.9 -24.4 -259.9
20211031005211  -783.2 -24.9 -259.5
20211031005212  -783.4 -24.6 -259.6
