20211220230524  -664.3 -83.2 -199.1
20211220230525  -665.3 -83.3 -199.5
20211220230526  -665.5 -83.5 -200.0
20211220230527  -666.0 -83.8 -200.3
20211220230528  -666.2 -83.8 -200.1
20211220230529  -666.6 -83.7 -200.1
20211220230530  -666.3 -83.7 -200.3
20211220230531  -666.5 -84.0 -200.4
20211220230532  -666.7 -84.2 -200.3
20211220230533  -666.4 -84.4 -200.3
20211220230534  -666.8 -84.4 -200.6
20211220230535  -667.0 -84.2 -200.4
20211220230536  -666.8 -84.4 -200.4
20211220230537  -666.9 -84.7 -200.4
20211220230538  -667.1 -84.6 -200.4
20211220230539  -667.4 -84.8 -200.6
20211220230540  -667.6 -84.8 -200.7
20211220230541  -667.5 -85.0 -200.4
20211220230542  -667.6 -84.7 -200.1
20211220230543  -667.7 -85.0 -200.2
20211220230544  -667.6 -85.0 -200.1
20211220230545  -667.7 -85.1 -200.5
20211220230546  -667.6 -85.4 -200.5
20211220230547  -667.4 -85.3 -200.3
20211220230548  -666.9 -85.3 -199.9
20211220230549  -666.6 -85.3 -199.8
20211220230550  -667.0 -85.4 -199.9
20211220230551  -667.2 -85.4 -199.7
20211220230552  -667.6 -85.6 -200.2
20211220230553  -667.7 -85.7 -200.2
20211220230554  -667.8 -85.7 -200.3
20211220230555  -668.0 -85.7 -200.5
20211220230556  -668.3 -85.8 -200.6
20211220230557  -668.5 -85.8 -200.3
20211220230558  -668.6 -86.2 -200.4
20211220230559  -668.5 -86.1 -200.6
20211220230600  -668.7 -86.3 -200.7
20211220230601  -669.0 -86.3 -200.9
20211220230602  -669.1 -86.5 -200.8
20211220230603  -669.3 -86.6 -200.8
20211220230604  -669.3 -86.6 -200.9
20211220230605  -669.3 -86.6 -200.7
20211220230606  -669.3 -86.6 -201.0
20211220230607  -669.2 -86.7 -201.0
20211220230608  -669.5 -86.9 -200.7
20211220230609  -669.7 -86.8 -200.8
20211220230610  -669.8 -86.8 -201.0
20211220230611  -669.6 -87.1 -201.4
20211220230612  -669.3 -86.8 -201.3
20211220230613  -668.9 -86.7 -201.2
20211220230614  -668.7 -86.8 -201.0
20211220230615  -668.6 -86.6 -200.7
20211220230616  -668.5 -86.6 -200.6
20211220230617  -668.1 -86.6 -200.9
20211220230618  -668.8 -86.7 -201.2
20211220230619  -669.4 -87.0 -201.1
20211220230620  -669.6 -87.2 -201.5
20211220230621  -669.6 -87.2 -201.2
20211220230622  -669.6 -86.9 -201.3
20211220230623  -669.8 -87.4 -201.4
20211220230624  -669.7 -87.1 -201.4
20211220230625  -669.9 -87.3 -201.8
20211220230626  -670.1 -87.1 -201.8
20211220230627  -670.0 -87.4 -202.0
20211220230628  -670.1 -87.5 -202.1
20211220230629  -669.8 -87.7 -201.7
20211220230630  -670.0 -87.7 -201.8
20211220230631  -670.0 -87.7 -202.1
20211220230632  -670.1 -87.5 -201.9
20211220230633  -670.1 -87.8 -201.9
20211220230634  -669.8 -87.5 -201.8
20211220230635  -669.9 -87.7 -202.0
20211220230636  -669.6 -87.6 -201.9
20211220230637  -670.0 -87.7 -201.8
20211220230638  -670.2 -87.8 -201.7
20211220230639  -669.6 -88.0 -201.6
20211220230640  -668.9 -87.8 -201.0
20211220230641  -668.7 -88.0 -201.1
20211220230642  -668.2 -88.0 -200.7
20211220230643  -668.2 -88.0 -200.7
20211220230644  -668.1 -88.1 -200.6
20211220230645  -669.0 -88.0 -201.2
20211220230646  -669.0 -88.1 -201.2
20211220230647  -669.0 -88.5 -201.1
20211220230648  -668.9 -88.2 -201.4
20211220230649  -668.7 -88.4 -201.4
20211220230650  -668.8 -88.4 -201.4
20211220230651  -668.8 -88.7 -201.3
20211220230652  -668.8 -88.3 -201.4
20211220230653  -668.7 -88.5 -201.7
20211220230654  -668.6 -88.5 -201.9
20211220230655  -668.8 -88.4 -201.9
20211220230656  -669.0 -88.3 -201.8
20211220230657  -669.0 -88.4 -201.6
20211220230658  -669.1 -88.3 -202.0
20211220230659  -669.1 -88.4 -201.7
20211220230700  -669.0 -88.8 -201.4
20211220230701  -668.8 -88.8 -201.7
20211220230702  -669.0 -88.7 -201.5
20211220230703  -668.7 -88.7 -201.4
20211220230704  -668.8 -88.5 -201.6
20211220230705  -668.5 -88.7 -201.6
20211220230706  -667.9 -88.7 -201.2
20211220230707  -667.5 -88.7 -201.2
20211220230708  -667.3 -88.4 -201.0
20211220230709  -667.4 -88.5 -200.8
20211220230710  -666.9 -88.3 -200.5
20211220230711  -667.3 -88.3 -200.4
20211220230712  -667.8 -88.8 -201.0
20211220230713  -667.9 -88.9 -201.2
20211220230714  -667.9 -88.7 -201.0
20211220230715  -668.0 -88.6 -201.2
20211220230716  -667.8 -88.9 -201.2
20211220230717  -667.7 -89.3 -201.4
20211220230718  -667.5 -89.1 -201.5
20211220230719  -667.5 -89.2 -201.4
20211220230720  -667.2 -89.4 -201.2
20211220230721  -667.3 -89.8 -201.5
20211220230722  -667.2 -89.7 -201.2
20211220230723  -667.5 -89.8 -201.2
20211220230724  -667.3 -90.1 -201.3
20211220230725  -667.4 -89.8 -201.3
20211220230726  -667.4 -90.0 -201.6
20211220230727  -667.1 -90.2 -201.7
20211220230728  -667.2 -90.6 -201.5
20211220230729  -667.1 -90.1 -201.6
20211220230730  -667.0 -90.7 -201.3
20211220230731  -666.7 -90.8 -201.4
20211220230732  -665.9 -90.8 -200.9
20211220230733  -665.5 -90.8 -200.6
20211220230734  -665.6 -90.9 -200.5
20211220230735  -665.3 -90.8 -200.1
20211220230736  -665.2 -90.7 -200.2
20211220230737  -665.1 -90.7 -199.6
20211220230738  -665.9 -90.8 -200.3
20211220230739  -665.9 -91.0 -200.3
20211220230740  -665.9 -91.1 -200.4
20211220230741  -665.8 -91.2 -200.4
20211220230742  -665.9 -91.3 -200.9
20211220230743  -666.0 -91.4 -200.9
20211220230744  -665.8 -91.4 -201.1
20211220230745  -665.9 -91.7 -201.0
20211220230746  -665.5 -91.9 -200.6
20211220230747  -665.2 -91.8 -200.2
20211220230748  -665.2 -91.7 -200.5
20211220230749  -665.0 -92.1 -200.6
20211220230750  -665.1 -92.2 -200.8
20211220230751  -665.0 -92.1 -200.9
20211220230752  -664.9 -92.2 -200.7
20211220230753  -664.8 -92.3 -200.6
20211220230754  -664.6 -92.5 -200.7
20211220230755  -664.3 -92.3 -200.6
20211220230756  -664.5 -92.4 -200.8
20211220230757  -664.5 -92.3 -201.1
20211220230758  -663.9 -92.8 -200.7
20211220230759  -663.6 -92.7 -200.1
20211220230800  -663.1 -92.7 -199.8
20211220230801  -662.6 -92.6 -199.6
20211220230802  -662.3 -92.4 -199.5
20211220230803  -661.7 -92.4 -199.2
20211220230804  -661.4 -92.0 -199.3
20211220230805  -662.1 -92.4 -199.7
20211220230806  -662.0 -92.6 -199.5
20211220230807  -661.7 -92.5 -199.7
20211220230808  -661.7 -92.5 -199.9
20211220230809  -661.5 -92.3 -199.6
20211220230810  -661.4 -92.6 -200.0
20211220230811  -661.1 -92.5 -200.2
20211220230812  -661.0 -92.5 -200.1
20211220230813  -661.3 -92.3 -200.1
20211220230814  -661.0 -92.7 -200.3
20211220230815  -660.9 -92.5 -200.4
20211220230816  -660.5 -92.8 -200.5
20211220230817  -660.8 -92.5 -200.3
20211220230818  -660.6 -92.4 -200.5
20211220230819  -660.7 -92.8 -200.8
20211220230820  -660.8 -92.5 -200.7
20211220230821  -660.8 -92.7 -201.0
20211220230822  -660.7 -92.8 -200.7
20211220230823  -660.8 -92.9 -200.8
20211220230824  -660.7 -92.8 -200.8
20211220230825  -660.4 -92.6 -200.6
20211220230826  -659.7 -92.7 -200.3
20211220230827  -659.9 -92.7 -199.6
20211220230828  -659.7 -92.5 -199.5
20211220230829  -659.2 -92.5 -199.4
20211220230830  -659.5 -92.6 -199.4
20211220230831  -659.9 -92.6 -200.1
20211220230832  -660.5 -92.9 -200.8
20211220230833  -660.4 -92.9 -200.7
20211220230834  -660.4 -92.7 -200.7
20211220230835  -660.5 -92.7 -200.6
20211220230836  -660.6 -92.7 -200.7
20211220230837  -660.5 -92.8 -200.5
20211220230838  -660.6 -92.8 -200.6
20211220230839  -660.8 -92.6 -200.8
20211220230840  -660.9 -92.7 -200.9
20211220230841  -661.0 -92.7 -200.8
20211220230842  -661.2 -92.9 -200.8
20211220230843  -661.1 -92.7 -200.7
20211220230844  -660.9 -92.9 -200.7
20211220230845  -660.8 -92.9 -200.6
20211220230846  -660.8 -92.7 -200.8
20211220230847  -660.8 -92.8 -200.7
20211220230848  -660.9 -92.8 -200.8
20211220230849  -661.1 -92.9 -200.9
20211220230850  -660.9 -92.9 -201.1
20211220230851  -660.5 -93.0 -200.7
20211220230852  -660.4 -92.4 -200.4
20211220230853  -660.1 -92.4 -199.9
20211220230854  -660.2 -92.3 -199.9
20211220230855  -659.9 -92.2 -199.8
20211220230856  -659.4 -92.3 -199.3
20211220230857  -659.1 -92.0 -199.0
20211220230858  -659.8 -91.8 -199.6
20211220230859  -659.6 -91.7 -199.8
20211220230900  -659.6 -91.7 -199.7
20211220230901  -659.7 -91.5 -200.0
20211220230902  -659.4 -91.6 -199.8
20211220230903  -659.6 -91.7 -200.0
20211220230904  -659.6 -91.6 -200.3
20211220230905  -659.4 -91.8 -200.4
20211220230906  -659.2 -91.9 -200.6
20211220230907  -659.5 -92.0 -200.5
20211220230908  -659.3 -91.9 -200.4
20211220230909  -659.5 -91.7 -200.5
20211220230910  -659.2 -91.7 -200.7
20211220230911  -659.5 -91.9 -200.6
20211220230912  -659.7 -92.0 -200.6
20211220230913  -659.4 -91.9 -200.8
20211220230914  -659.3 -91.9 -200.7
20211220230915  -659.6 -91.7 -201.1
20211220230916  -659.3 -91.9 -200.9
20211220230917  -659.4 -92.4 -201.2
20211220230918  -659.0 -92.3 -200.9
20211220230919  -659.0 -91.9 -200.7
20211220230920  -658.7 -91.8 -200.4
20211220230921  -658.9 -92.1 -200.5
20211220230922  -658.9 -92.3 -200.4
20211220230923  -658.8 -91.8 -200.2
20211220230924  -659.5 -91.4 -200.8
20211220230925  -660.0 -91.6 -201.4
20211220230926  -660.3 -91.7 -201.1
20211220230927  -660.8 -91.6 -201.1
20211220230928  -660.9 -91.9 -201.4
20211220230929  -661.2 -91.8 -201.3
20211220230930  -661.5 -91.7 -201.5
20211220230931  -661.7 -91.6 -201.4
20211220230932  -662.0 -91.8 -201.4
20211220230933  -662.2 -91.7 -201.5
20211220230934  -662.6 -91.7 -201.6
20211220230935  -662.5 -91.7 -201.7
20211220230936  -663.0 -91.7 -201.8
20211220230937  -662.8 -91.6 -201.8
20211220230938  -663.0 -92.2 -201.8
20211220230939  -663.4 -92.0 -201.7
20211220230940  -663.1 -91.8 -201.7
20211220230941  -663.7 -92.0 -201.7
20211220230942  -663.8 -92.0 -202.0
20211220230943  -663.8 -92.1 -201.9
20211220230944  -663.7 -92.3 -201.7
20211220230945  -663.5 -92.1 -201.4
20211220230946  -663.5 -92.0 -201.3
20211220230947  -663.4 -91.9 -200.8
20211220230948  -663.4 -91.6 -200.7
20211220230949  -663.0 -91.5 -200.5
20211220230950  -663.3 -91.3 -200.8
20211220230951  -663.9 -91.1 -201.0
20211220230952  -664.2 -91.2 -201.2
20211220230953  -664.3 -91.0 -201.1
20211220230954  -664.1 -91.0 -201.4
20211220230955  -664.2 -91.0 -201.3
20211220230956  -664.3 -91.0 -201.1
20211220230957  -664.2 -91.0 -200.9
20211220230958  -664.0 -91.1 -201.1
20211220230959  -663.8 -91.0 -201.2
20211220231000  -663.7 -90.8 -201.3
20211220231001  -664.0 -90.8 -201.1
20211220231002  -663.8 -90.6 -201.0
20211220231003  -664.1 -90.7 -201.1
20211220231004  -664.1 -90.6 -201.0
20211220231005  -664.1 -90.3 -200.9
20211220231006  -663.9 -90.2 -201.3
20211220231007  -664.0 -90.1 -201.1
20211220231008  -664.1 -90.1 -201.3
20211220231009  -664.2 -89.9 -201.3
20211220231010  -664.4 -90.1 -201.5
20211220231011  -664.2 -90.1 -201.1
20211220231012  -663.7 -89.8 -200.6
20211220231013  -664.0 -89.4 -200.2
20211220231014  -664.1 -89.4 -200.2
20211220231015  -664.0 -89.2 -199.9
20211220231016  -664.2 -89.0 -199.8
20211220231017  -664.8 -89.2 -200.4
20211220231018  -665.0 -89.2 -200.5
20211220231019  -664.9 -89.1 -200.5
20211220231020  -665.4 -89.3 -200.8
20211220231021  -665.3 -89.1 -200.5
20211220231022  -665.2 -89.2 -200.6
20211220231023  -665.2 -89.0 -200.3
20211220231024  -665.1 -89.2 -200.3
20211220231025  -665.0 -89.1 -200.0
20211220231026  -665.3 -89.0 -200.3
20211220231027  -664.9 -89.1 -200.5
20211220231028  -664.7 -89.0 -200.3
20211220231029  -664.3 -89.2 -200.2
20211220231030  -664.8 -88.8 -200.2
20211220231031  -664.3 -88.7 -199.8
20211220231032  -664.3 -88.4 -199.9
20211220231033  -664.0 -88.2 -200.1
20211220231034  -663.8 -88.1 -200.1
20211220231035  -663.8 -87.9 -200.3
20211220231036  -663.8 -88.0 -200.3
20211220231037  -663.4 -88.1 -200.5
20211220231038  -663.2 -87.7 -199.9
20211220231039  -662.8 -87.2 -199.6
20211220231040  -662.6 -87.0 -199.4
20211220231041  -662.3 -86.9 -198.8
20211220231042  -662.7 -87.0 -199.2
20211220231043  -662.6 -87.1 -199.7
20211220231044  -662.5 -87.0 -199.6
20211220231045  -662.4 -86.9 -199.6
20211220231046  -662.6 -87.1 -199.9
20211220231047  -662.4 -87.1 -200.1
20211220231048  -662.4 -86.7 -199.8
20211220231049  -662.1 -86.8 -199.7
20211220231050  -662.4 -86.9 -199.9
20211220231051  -662.1 -86.9 -199.7
20211220231052  -662.3 -87.0 -199.8
20211220231053  -662.2 -86.7 -199.7
20211220231054  -662.1 -86.7 -199.5
20211220231055  -662.1 -86.6 -199.5
20211220231056  -661.8 -86.6 -200.0
20211220231057  -661.8 -86.4 -199.8
20211220231058  -661.8 -86.3 -199.7
20211220231059  -661.6 -86.3 -199.7
20211220231100  -661.6 -86.4 -199.5
20211220231101  -661.7 -86.5 -199.4
20211220231102  -661.9 -86.2 -199.5
20211220231103  -661.6 -86.7 -199.4
20211220231104  -660.7 -86.6 -199.2
20211220231105  -660.3 -86.4 -198.4
20211220231106  -660.1 -86.1 -198.4
20211220231107  -659.7 -86.2 -198.2
20211220231108  -660.2 -85.6 -198.4
20211220231109  -660.6 -85.9 -198.6
20211220231110  -660.5 -86.1 -198.6
20211220231111  -660.3 -85.9 -198.8
20211220231112  -660.6 -86.0 -198.6
20211220231113  -660.2 -85.9 -199.0
20211220231114  -660.3 -86.1 -199.0
20211220231115  -660.2 -86.5 -199.0
20211220231116  -660.2 -86.4 -199.2
20211220231117  -660.2 -86.4 -198.6
20211220231118  -660.4 -86.4 -198.8
20211220231119  -660.6 -86.3 -199.2
20211220231120  -660.4 -86.4 -199.0
20211220231121  -660.9 -86.5 -198.9
20211220231122  -660.7 -86.7 -199.1
20211220231123  -660.7 -86.7 -199.2
20211220231124  -660.6 -86.7 -199.1
20211220231125  -660.9 -86.5 -199.1
20211220231126  -661.0 -86.4 -199.2
20211220231127  -661.3 -86.5 -199.5
20211220231128  -661.6 -86.7 -199.6
20211220231129  -661.6 -87.1 -199.6
20211220231130  -661.2 -86.9 -199.2
20211220231131  -661.0 -86.9 -198.5
20211220231132  -661.2 -87.0 -198.6
20211220231133  -661.0 -87.1 -198.0
20211220231134  -661.6 -87.3 -198.2
20211220231135  -661.9 -87.6 -198.6
20211220231136  -662.1 -87.6 -198.6
20211220231137  -662.1 -87.9 -198.7
20211220231138  -662.2 -88.0 -198.9
20211220231139  -662.7 -88.2 -198.9
20211220231140  -662.2 -88.1 -198.8
20211220231141  -662.3 -88.3 -198.7
20211220231142  -662.6 -88.4 -198.7
20211220231143  -662.8 -88.5 -198.7
20211220231144  -662.7 -88.5 -198.4
20211220231145  -662.5 -88.5 -198.6
20211220231146  -662.6 -88.9 -198.7
20211220231147  -662.8 -89.1 -198.7
20211220231148  -662.8 -89.3 -198.6
20211220231149  -662.4 -89.5 -198.8
20211220231150  -662.7 -89.4 -198.8
20211220231151  -662.8 -89.5 -199.1
20211220231152  -663.1 -89.8 -199.2
20211220231153  -663.3 -90.0 -198.9
20211220231154  -663.3 -90.3 -198.9
20211220231155  -663.3 -90.3 -199.0
20211220231156  -663.2 -90.7 -198.6
20211220231157  -663.0 -90.3 -198.5
20211220231158  -662.6 -90.5 -198.2
20211220231159  -662.6 -90.0 -198.0
20211220231200  -663.0 -90.3 -198.2
20211220231201  -663.4 -90.3 -198.5
20211220231202  -663.7 -90.5 -198.2
20211220231203  -663.5 -90.6 -198.3
20211220231204  -663.3 -90.9 -198.8
20211220231205  -663.3 -91.1 -198.6
20211220231206  -663.3 -91.0 -198.1
20211220231207  -663.5 -91.0 -198.2
20211220231208  -663.6 -91.5 -198.4
20211220231209  -663.7 -91.8 -198.4
20211220231210  -663.9 -91.4 -198.7
20211220231211  -663.9 -91.7 -198.7
20211220231212  -663.9 -91.9 -198.7
