20211031081838  -661.9 -77.2 -191.2
20211031081839  -661.9 -77.2 -191.2
20211031081840  -662.2 -77.5 -191.6
20211031081841  -662.0 -77.6 -191.4
20211031081842  -661.8 -77.6 -191.3
20211031081843  -661.8 -77.7 -191.5
20211031081844  -661.9 -77.7 -191.5
20211031081845  -661.8 -77.5 -191.6
20211031081846  -661.9 -77.8 -191.6
20211031081847  -662.0 -77.9 -191.4
20211031081848  -661.8 -77.9 -191.4
20211031081849  -661.7 -77.9 -191.2
20211031081850  -661.7 -77.9 -191.6
20211031081851  -661.7 -78.1 -191.6
20211031081852  -661.3 -77.9 -191.6
20211031081853  -661.0 -78.1 -192.0
20211031081854  -660.9 -78.3 -191.5
20211031081855  -661.4 -78.7 -192.1
20211031081856  -661.2 -78.4 -192.0
20211031081857  -661.2 -78.4 -192.2
20211031081858  -661.1 -78.6 -192.4
20211031081859  -661.0 -78.8 -192.2
20211031081900  -661.2 -78.8 -192.3
20211031081901  -661.1 -78.4 -192.5
20211031081902  -661.3 -78.6 -192.4
20211031081903  -661.1 -79.0 -192.6
20211031081904  -661.1 -78.8 -192.0
20211031081905  -661.2 -78.6 -192.4
20211031081906  -661.2 -78.6 -192.4
20211031081907  -661.3 -78.5 -192.7
20211031081908  -661.5 -78.5 -192.7
20211031081909  -661.1 -78.5 -192.5
20211031081910  -661.1 -78.7 -192.6
20211031081911  -661.1 -78.5 -192.8
20211031081912  -661.0 -78.6 -192.3
20211031081913  -660.9 -78.8 -192.5
20211031081914  -660.6 -78.9 -192.2
20211031081915  -660.8 -79.0 -192.6
20211031081916  -660.5 -79.2 -192.4
20211031081917  -660.4 -79.1 -192.4
20211031081918  -660.4 -79.2 -192.2
20211031081919  -660.2 -79.2 -192.0
20211031081920  -660.1 -79.5 -191.8
20211031081921  -658.8 -79.3 -191.2
20211031081922  -658.7 -79.0 -191.0
20211031081923  -658.3 -79.2 -190.8
20211031081924  -658.1 -78.9 -191.0
20211031081925  -658.8 -79.0 -191.4
20211031081926  -659.3 -79.2 -191.8
20211031081927  -658.7 -79.4 -191.8
20211031081928  -658.6 -79.3 -191.9
20211031081929  -658.8 -79.5 -191.5
20211031081930  -658.8 -79.3 -191.6
20211031081931  -658.8 -79.4 -191.7
20211031081932  -658.8 -79.2 -191.9
20211031081933  -659.1 -79.4 -191.9
20211031081934  -659.0 -79.8 -192.1
20211031081935  -658.3 -79.8 -192.1
20211031081936  -658.6 -80.1 -192.0
20211031081937  -658.5 -80.0 -192.2
20211031081938  -658.5 -80.0 -192.1
20211031081939  -658.6 -80.3 -192.1
20211031081940  -658.7 -80.2 -192.0
20211031081941  -658.8 -80.1 -191.9
20211031081942  -658.7 -80.0 -192.2
20211031081943  -658.8 -80.0 -192.1
20211031081944  -659.0 -79.9 -192.1
20211031081945  -658.9 -80.1 -192.3
20211031081946  -659.2 -79.9 -192.2
20211031081947  -659.2 -79.7 -192.8
20211031081948  -659.2 -79.7 -192.4
20211031081949  -659.3 -79.4 -192.2
20211031081950  -659.3 -79.5 -192.3
20211031081951  -658.9 -79.7 -191.6
20211031081952  -658.9 -79.6 -191.5
20211031081953  -658.7 -79.5 -191.3
20211031081954  -658.8 -79.2 -191.0
20211031081955  -658.9 -79.2 -191.5
20211031081956  -659.1 -79.3 -192.0
20211031081957  -659.0 -79.5 -192.4
20211031081958  -658.9 -79.6 -191.8
20211031081959  -658.9 -79.7 -192.0
20211031082000  -658.6 -79.8 -192.2
20211031082001  -658.6 -79.9 -192.1
20211031082002  -658.4 -80.1 -191.8
20211031082003  -658.6 -80.1 -191.8
20211031082004  -658.2 -80.1 -191.7
20211031082005  -658.4 -80.2 -191.6
20211031082006  -658.4 -80.0 -191.8
20211031082007  -658.5 -80.5 -191.8
20211031082008  -658.4 -80.5 -191.9
20211031082009  -658.5 -80.2 -192.0
20211031082010  -658.5 -80.5 -192.4
20211031082011  -658.7 -80.8 -192.1
20211031082012  -658.7 -80.7 -192.3
20211031082013  -658.7 -80.8 -192.5
20211031082014  -658.6 -80.7 -192.4
20211031082015  -659.0 -81.1 -192.7
20211031082016  -659.2 -81.4 -192.4
20211031082017  -659.4 -81.4 -192.5
20211031082018  -659.5 -81.5 -193.0
20211031082019  -659.7 -81.8 -192.6
20211031082020  -659.8 -81.8 -192.7
20211031082021  -659.8 -82.1 -192.4
20211031082022  -660.3 -82.1 -192.4
20211031082023  -660.6 -82.7 -192.8
20211031082024  -660.4 -82.8 -193.0
20211031082025  -660.5 -83.1 -192.8
20211031082026  -660.6 -83.4 -193.3
20211031082027  -660.8 -83.4 -193.3
20211031082028  -661.0 -83.6 -193.4
20211031082029  -660.6 -83.6 -193.3
20211031082030  -660.4 -83.8 -193.2
20211031082031  -660.8 -84.0 -193.4
20211031082032  -660.6 -84.2 -193.1
20211031082033  -660.4 -84.2 -193.1
20211031082034  -660.4 -84.4 -193.3
20211031082035  -660.2 -84.5 -193.2
20211031082036  -660.3 -84.7 -193.2
20211031082037  -660.3 -84.6 -193.5
20211031082038  -660.6 -85.1 -193.7
20211031082039  -660.7 -84.9 -193.8
20211031082040  -660.7 -84.9 -193.6
20211031082041  -660.7 -85.1 -193.7
20211031082042  -660.7 -85.1 -193.6
20211031082043  -660.7 -85.1 -193.7
20211031082044  -660.9 -85.3 -193.7
20211031082045  -661.2 -85.5 -193.7
20211031082046  -661.2 -85.6 -193.7
20211031082047  -660.8 -85.9 -193.8
20211031082048  -659.9 -85.9 -193.4
20211031082049  -659.5 -85.7 -193.1
20211031082050  -659.3 -85.5 -193.0
20211031082051  -659.6 -85.7 -192.9
20211031082052  -660.3 -85.9 -193.4
20211031082053  -660.4 -85.9 -193.2
20211031082054  -660.7 -85.9 -193.5
20211031082055  -660.5 -86.2 -193.7
20211031082056  -660.7 -86.0 -193.7
20211031082057  -660.7 -85.7 -193.7
20211031082058  -660.8 -85.8 -193.8
20211031082059  -661.0 -85.6 -193.5
20211031082100  -661.2 -85.5 -193.4
20211031082101  -661.1 -85.4 -193.4
20211031082102  -661.1 -85.4 -193.2
20211031082103  -661.3 -85.3 -193.6
20211031082104  -661.3 -85.3 -193.5
20211031082105  -661.3 -85.2 -193.5
20211031082106  -661.3 -85.5 -193.6
20211031082107  -661.1 -85.3 -193.6
20211031082108  -661.2 -85.3 -194.0
20211031082109  -661.3 -85.3 -193.9
20211031082110  -661.4 -85.4 -194.1
20211031082111  -661.2 -85.5 -193.8
20211031082112  -661.1 -85.5 -193.7
20211031082113  -660.8 -85.5 -193.7
20211031082114  -660.4 -85.7 -193.9
20211031082115  -660.4 -85.7 -194.0
20211031082116  -660.2 -85.9 -193.9
20211031082117  -660.3 -85.8 -194.0
20211031082118  -659.9 -85.8 -193.6
20211031082119  -659.4 -86.2 -193.4
20211031082120  -659.2 -86.3 -193.0
20211031082121  -659.0 -85.9 -193.1
20211031082122  -659.7 -86.1 -193.3
20211031082123  -659.9 -86.2 -193.7
20211031082124  -659.8 -86.1 -193.9
20211031082125  -660.0 -86.1 -194.1
20211031082126  -660.2 -86.5 -194.0
20211031082127  -660.4 -86.6 -193.9
20211031082128  -660.3 -86.5 -193.8
20211031082129  -660.1 -86.2 -193.8
20211031082130  -660.5 -86.4 -194.1
20211031082131  -660.6 -86.4 -194.1
20211031082132  -660.8 -86.4 -194.1
20211031082133  -661.0 -86.3 -193.9
20211031082134  -661.3 -86.5 -194.2
20211031082135  -661.3 -86.2 -194.1
20211031082136  -661.6 -86.3 -194.3
20211031082137  -661.4 -86.4 -194.0
20211031082138  -661.8 -86.4 -194.0
20211031082139  -661.7 -86.4 -194.0
20211031082140  -662.2 -86.3 -194.6
20211031082141  -662.0 -86.2 -194.5
20211031082142  -662.0 -86.3 -194.3
20211031082143  -662.0 -86.4 -194.6
20211031082144  -661.8 -86.1 -194.5
20211031082145  -662.1 -85.9 -194.1
20211031082146  -661.9 -86.1 -194.4
20211031082147  -661.8 -86.0 -194.1
20211031082148  -661.6 -86.2 -194.3
20211031082149  -661.5 -86.2 -193.6
20211031082150  -661.0 -85.9 -193.6
20211031082151  -660.9 -86.0 -193.6
20211031082152  -661.9 -86.2 -194.4
20211031082153  -661.7 -86.3 -194.6
20211031082154  -662.0 -86.3 -194.7
20211031082155  -662.0 -86.2 -194.2
20211031082156  -661.8 -86.2 -194.3
20211031082157  -661.8 -86.2 -194.6
20211031082158  -662.0 -86.3 -194.3
20211031082159  -662.2 -86.3 -194.5
20211031082200  -662.1 -86.5 -194.6
20211031082201  -661.9 -86.3 -194.5
20211031082202  -662.1 -86.3 -194.5
20211031082203  -661.9 -85.9 -194.7
20211031082204  -661.8 -86.1 -194.5
20211031082205  -661.5 -86.2 -194.8
20211031082206  -661.5 -86.0 -194.6
20211031082207  -661.6 -86.3 -194.3
20211031082208  -661.5 -86.5 -194.4
20211031082209  -661.6 -86.4 -194.6
20211031082210  -661.7 -86.6 -194.8
20211031082211  -661.9 -86.6 -195.1
20211031082212  -661.9 -86.9 -194.9
20211031082213  -662.1 -86.9 -195.1
20211031082214  -662.3 -86.7 -195.0
20211031082215  -662.5 -86.6 -194.6
20211031082216  -662.7 -86.6 -194.9
20211031082217  -662.9 -87.0 -194.9
20211031082218  -662.7 -86.9 -194.9
20211031082219  -662.4 -86.7 -194.4
