4 -109.1 -221.5
20211030205239  -591.3 -108.8 -221.3
20211030205240  -591.3 -108.7 -221.8
20211030205241  -591.4 -108.6 -221.9
20211030205242  -591.3 -108.4 -221.9
20211030205243  -591.4 -108.3 -222.3
20211030205244  -590.8 -108.0 -222.5
20211030205245  -591.2 -107.8 -222.2
20211030205246  -591.3 -107.6 -222.5
20211030205247  -591.7 -107.4 -222.7
20211030205248  -591.4 -107.3 -222.9
20211030205249  -591.3 -106.9 -223.2
20211030205250  -591.3 -106.9 -223.3
20211030205251  -591.4 -106.4 -223.3
20211030205252  -591.5 -106.1 -223.6
20211030205253  -591.5 -105.9 -223.2
20211030205254  -591.3 -105.8 -223.3
20211030205255  -591.0 -105.7 -223.4
20211030205256  -591.1 -105.3 -223.5
20211030205257  -590.6 -105.5 -223.4
20211030205258  -590.6 -105.4 -223.2
20211030205259  -590.6 -105.1 -223.1
20211030205300  -590.4 -105.2 -223.1
20211030205301  -590.1 -104.9 -223.1
20211030205302  -590.1 -104.3 -223.2
20211030205303  -589.6 -104.3 -222.8
20211030205304  -589.1 -104.1 -222.9
20211030205305  -588.6 -104.6 -222.9
20211030205306  -588.4 -104.4 -223.1
20211030205307  -588.2 -104.1 -223.3
20211030205308  -587.7 -103.9 -223.0
20211030205309  -587.7 -103.9 -223.0
20211030205310  -587.2 -104.1 -223.4
20211030205311  -587.2 -104.0 -223.3
20211030205312  -586.9 -103.8 -223.0
20211030205313  -587.1 -103.9 -223.3
20211030205314  -586.3 -104.0 -223.1
20211030205315  -586.1 -103.6 -222.8
20211030205316  -586.7 -103.2 -223.6
20211030205317  -586.6 -103.5 -223.7
20211030205318  -586.7 -103.7 -223.9
20211030205319  -586.7 -103.6 -223.8
20211030205320  -586.9 -103.7 -224.0
20211030205321  -586.8 -103.8 -224.1
20211030205322  -587.0 -103.5 -224.1
20211030205323  -586.9 -103.4 -224.3
20211030205324  -586.9 -103.4 -224.4
20211030205325  -587.0 -103.3 -224.6
20211030205326  -587.2 -103.0 -224.6
20211030205327  -587.0 -102.8 -224.6
20211030205328  -587.1 -103.0 -224.7
20211030205329  -587.4 -102.6 -224.5
20211030205330  -587.2 -102.5 -224.8
20211030205331  -587.4 -102.2 -225.1
20211030205332  -587.4 -102.1 -225.0
20211030205333  -587.4 -102.0 -224.5
20211030205334  -587.7 -102.1 -224.9
20211030205335  -587.6 -102.2 -225.0
20211030205336  -587.7 -102.3 -225.0
20211030205337  -587.7 -102.2 -225.2
20211030205338  -587.7 -102.2 -225.1
20211030205339  -587.8 -102.1 -225.0
20211030205340  -587.8 -102.0 -225.2
20211030205341  -588.2 -102.3 -225.2
20211030205342  -588.0 -102.1 -225.1
20211030205343  -588.1 -102.0 -225.5
20211030205344  -587.8 -102.3 -225.1
20211030205345  -587.3 -101.9 -224.8
20211030205346  -587.7 -101.6 -224.8
20211030205347  -588.0 -101.8 -225.2
20211030205348  -588.0 -102.2 -225.3
20211030205349  -588.4 -102.0 -225.2
20211030205350  -588.2 -101.9 -225.3
20211030205351  -588.2 -101.9 -225.3
20211030205352  -588.2 -101.8 -225.5
20211030205353  -588.0 -101.6 -225.6
20211030205354  -588.3 -101.7 -225.5
20211030205355  -588.3 -101.4 -225.3
20211030205356  -588.6 -101.7 -225.6
20211030205357  -588.7 -101.5 -225.7
20211030205358  -588.8 -101.3 -225.9
20211030205359  -588.6 -101.1 -226.0
20211030205400  -588.6 -101.0 -226.0
20211030205401  -589.1 -100.5 -225.7
20211030205402  -589.1 -100.6 -225.9
20211030205403  -589.1 -100.5 -226.0
20211030205404  -589.1 -100.4 -226.0
20211030205405  -589.3 -100.5 -225.9
20211030205406  -589.3 -100.4 -225.5
20211030205407  -589.5 -100.2 -225.7
20211030205408  -589.6 -100.1 -225.9
20211030205409  -589.9 -100.0 -225.8
20211030205410  -589.8 -100.0 -225.6
20211030205411  -589.7 -99.9 -225.7
20211030205412  -590.1 -99.8 -225.4
20211030205413  -590.3 -99.5 -225.5
20211030205414  -590.2 -99.6 -225.3
20211030205415  -589.7 -99.6 -224.6
20211030205416  -590.1 -99.3 -224.5
20211030205417  -590.8 -99.4 -225.0
20211030205418  -590.9 -99.4 -224.8
20211030205419  -591.1 -99.4 -224.5
20211030205420  -591.3 -98.9 -224.7
20211030205421  -591.7 -98.8 -224.5
20211030205422  -591.6 -99.0 -224.2
20211030205423  -591.8 -98.8 -224.1
20211030205424  -592.0 -98.6 -223.9
20211030205425  -591.9 -98.7 -223.7
20211030205426  -592.1 -98.8 -223.4
20211030205427  -592.1 -98.5 -223.3
20211030205428  -592.1 -98.2 -223.4
20211030205429  -592.6 -97.9 -222.9
20211030205430  -592.6 -98.1 -222.7
20211030205431  -592.4 -98.2 -222.8
20211030205432  -592.7 -97.9 -222.9
20211030205433  -592.7 -97.7 -222.5
20211030205434  -592.9 -97.6 -222.4
20211030205435  -593.0 -97.2 -222.0
20211030205436  -592.9 -97.3 -221.7
20211030205437  -593.2 -97.0 -221.6
20211030205438  -593.1 -96.9 -221.5
20211030205439  -593.5 -96.4 -221.3
20211030205440  -593.9 -96.3 -221.0
20211030205441  -593.7 -96.5 -221.0
20211030205442  -593.7 -96.2 -221.0
20211030205443  -593.6 -95.8 -220.3
20211030205444  -593.7 -95.7 -220.1
20211030205445  -592.9 -94.9 -218.9
20211030205446  -592.7 -94.8 -218.9
20211030205447  -593.6 -95.0 -219.4
20211030205448  -593.8 -94.9 -219.2
20211030205449  -593.7 -94.4 -219.0
20211030205450  -593.6 -94.5 -218.9
20211030205451  -593.5 -94.3 -218.7
20211030205452  -594.1 -94.4 -218.5
20211030205453  -593.9 -93.9 -218.5
20211030205454  -593.9 -93.9 -218.4
20211030205455  -593.8 -93.6 -217.8
20211030205456  -594.0 -93.9 -217.9
20211030205457  -594.3 -93.6 -217.6
20211030205458  -594.4 -93.8 -217.8
20211030205459  -594.6 -93.6 -217.6
20211030205500  -594.7 -93.5 -217.7
20211030205501  -594.7 -93.7 -217.4
20211030205502  -595.0 -93.2 -217.5
20211030205503  -594.7 -93.2 -217.4
20211030205504  -594.9 -93.1 -217.5
20211030205505  -595.3 -93.3 -217.1
20211030205506  -595.4 -93.2 -216.9
20211030205507  -595.3 -93.0 -216.9
20211030205508  -595.1 -93.2 -216.9
20211030205509  -595.7 -93.2 -216.7
20211030205510  -595.9 -92.8 -216.4
20211030205511  -596.2 -92.8 -216.3
20211030205512  -595.8 -93.0 -216.3
20211030205513  -596.0 -92.9 -216.2
20211030205514  -595.9 -93.0 -216.3
20211030205515  -595.7 -93.3 -216.0
20211030205516  -595.5 -92.9 -215.4
20211030205517  -596.2 -93.1 -215.9
20211030205518  -596.0 -92.8 -215.5
20211030205519  -596.0 -93.0 -215.3
20211030205520  -596.0 -92.9 -215.2
20211030205521  -595.8 -93.3 -215.2
20211030205522  -596.0 -93.5 -215.2
20211030205523  -596.0 -93.3 -215.2
20211030205524  -596.3 -93.3 -215.4
20211030205525  -596.4 -93.1 -215.4
20211030205526  -596.5 -93.0 -215.1
20211030205527  -596.2 -93.2 -214.9
20211030205528  -596.0 -93.2 -215.0
20211030205529  -596.3 -93.2 -214.7
20211030205530  -596.6 -93.0 -214.6
20211030205531  -596.5 -93.1 -214.7
20211030205532  -596.7 -93.1 -214.5
20211030205533  -596.8 -93.0 -214.7
20211030205534  -597.2 -93.3 -214.7
20211030205535  -597.6 -93.3 -214.6
20211030205536  -597.1 -93.3 -214.8
20211030205537  -597.0 -93.2 -214.7
20211030205538  -597.3 -93.1 -215.1
20211030205539  -597.7 -93.1 -215.2
20211030205540  -597.9 -93.5 -215.1
20211030205541  -598.2 -93.3 -215.0
20211030205542  -598.7 -93.4 -214.8
20211030205543  -598.4 -93.0 -214.9
20211030205544  -598.4 -93.1 -214.9
20211030205545  -598.4 -93.4 -214.9
20211030205546  -598.7 -92.9 -214.7
20211030205547  -599.5 -93.0 -214.9
20211030205548  -599.7 -92.9 -214.9
20211030205549  -599.9 -93.1 -214.6
20211030205550  -599.9 -93.2 -214.7
20211030205551  -600.3 -93.2 -215.2
20211030205552  -600.6 -93.3 -215.5
20211030205553  -600.5 -93.2 -215.3
20211030205554  -600.5 -93.4 -215.4
20211030205555  -601.0 -93.5 -215.6
20211030205556  -601.1 -93.2 -215.7
20211030205557  -601.5 -93.1 -215.6
20211030205558  -601.7 -93.1 -215.5
20211030205559  -601.8 -93.2 -215.5
20211030205600  -601.9 -92.8 -215.5
20211030205601  -602.3 -92.6 -215.7
20211030205602  -602.3 -92.8 -215.6
20211030205603  -602.1 -92.8 -215.6
20211030205604  -601.8 -92.6 -215.6
20211030205605  -602.0 -92.6 -215.4
20211030205606  -602.2 -92.3 -215.4
20211030205607  -601.8 -92.1 -215.2
20211030205608  -601.7 -91.8 -215.2
20211030205609  -601.8 -91.6 -214.9
20211030205610  -601.3 -91.2 -214.8
20211030205611  -601.3 -91.3 -214.6
20211030205612  -601.0 -90.8 -214.7
20211030205613  -600.8 -90.6 -214.6
20211030205614  -600.5 -90.4 -214.7
20211030205615  -600.0 -90.5 -214.9
20211030205616  -599.8 -90.1 -214.4
20211030205617  -599.8 -89.9 -214.8
20211030205618  -599.7 -89.7 -214.8
