20211029234544  -665.6 -82.9 -207.9
20211029234545  -665.2 -82.7 -207.6
20211029234546  -664.8 -82.8 -207.4
20211029234547  -665.3 -82.9 -207.5
20211029234548  -665.5 -82.8 -207.8
20211029234549  -665.5 -82.8 -208.1
20211029234550  -665.6 -82.8 -207.8
20211029234551  -665.4 -83.0 -208.0
20211029234552  -665.5 -83.1 -207.8
20211029234553  -665.4 -83.0 -207.8
20211029234554  -665.4 -82.9 -207.9
20211029234555  -665.3 -82.8 -207.5
20211029234556  -665.3 -83.0 -207.8
20211029234557  -665.4 -82.9 -207.7
20211029234558  -665.7 -82.9 -207.9
20211029234559  -665.7 -83.0 -207.6
20211029234600  -665.6 -83.0 -207.5
20211029234601  -665.5 -83.0 -207.7
20211029234602  -665.4 -83.1 -207.7
20211029234603  -665.3 -83.0 -207.8
20211029234604  -665.4 -83.3 -207.8
20211029234605  -665.2 -83.2 -207.9
20211029234606  -665.6 -83.2 -207.4
20211029234607  -665.3 -83.4 -207.7
20211029234608  -665.3 -83.4 -207.7
20211029234609  -665.6 -83.5 -207.4
20211029234610  -665.6 -83.3 -207.9
20211029234611  -665.5 -83.3 -208.0
20211029234612  -664.5 -83.4 -207.2
20211029234613  -665.2 -83.2 -207.4
20211029234614  -665.3 -83.3 -207.8
20211029234615  -665.5 -83.7 -207.7
20211029234616  -665.5 -83.4 -207.7
20211029234617  -665.4 -83.6 -207.7
20211029234618  -665.7 -83.7 -207.7
20211029234619  -665.5 -83.3 -207.6
20211029234620  -665.5 -83.3 -207.6
20211029234621  -665.4 -83.4 -207.7
20211029234622  -665.7 -83.2 -207.7
20211029234623  -665.5 -83.2 -207.8
20211029234624  -665.4 -83.5 -207.8
20211029234625  -665.4 -83.5 -207.8
20211029234626  -665.1 -83.5 -208.1
20211029234627  -665.4 -83.3 -208.0
20211029234628  -665.3 -83.1 -207.9
20211029234629  -665.4 -83.1 -208.0
20211029234630  -665.0 -82.9 -208.3
20211029234631  -665.2 -83.1 -208.3
20211029234632  -665.3 -83.1 -208.2
20211029234633  -665.3 -83.1 -208.4
20211029234634  -665.0 -83.0 -208.3
20211029234635  -665.1 -83.0 -208.2
20211029234636  -665.2 -83.0 -208.1
20211029234637  -664.9 -83.0 -208.0
20211029234638  -664.4 -82.9 -207.7
20211029234639  -664.8 -82.6 -207.8
20211029234640  -665.1 -82.9 -208.1
20211029234641  -665.1 -82.8 -208.0
20211029234642  -665.1 -82.8 -208.2
20211029234643  -665.2 -82.6 -208.2
20211029234644  -665.3 -82.9 -208.0
20211029234645  -665.3 -82.6 -208.3
20211029234646  -665.3 -82.6 -208.2
20211029234647  -665.2 -82.7 -208.0
20211029234648  -665.3 -82.6 -208.2
20211029234649  -665.3 -82.9 -208.0
20211029234650  -665.1 -82.9 -208.0
20211029234651  -665.5 -82.7 -208.3
20211029234652  -665.3 -82.6 -208.4
20211029234653  -665.6 -82.7 -208.3
20211029234654  -665.7 -82.9 -208.5
20211029234655  -665.4 -82.6 -208.3
20211029234656  -665.5 -83.1 -208.4
20211029234657  -665.5 -82.8 -208.2
20211029234658  -665.6 -82.3 -208.5
20211029234659  -665.9 -82.7 -208.1
20211029234700  -665.9 -83.0 -208.4
20211029234701  -666.1 -82.7 -208.1
20211029234702  -666.1 -82.9 -208.2
20211029234703  -665.9 -83.0 -208.5
20211029234704  -665.2 -82.6 -207.8
20211029234705  -665.0 -82.4 -207.3
20211029234706  -665.0 -82.4 -207.1
20211029234707  -664.7 -82.2 -207.2
20211029234708  -664.4 -82.0 -206.8
20211029234709  -665.2 -82.1 -207.7
20211029234710  -665.4 -82.2 -207.8
20211029234711  -665.3 -82.1 -208.0
20211029234712  -665.7 -82.0 -207.7
20211029234713  -665.5 -82.2 -207.8
20211029234714  -665.3 -82.0 -207.9
20211029234715  -665.5 -82.1 -208.0
20211029234716  -665.4 -82.1 -208.0
20211029234717  -665.6 -82.1 -208.0
20211029234718  -665.7 -81.9 -207.9
20211029234719  -665.6 -81.9 -207.9
20211029234720  -665.7 -81.9 -207.7
20211029234721  -665.6 -82.0 -208.0
20211029234722  -665.3 -81.9 -207.9
20211029234723  -665.6 -82.3 -207.9
20211029234724  -665.7 -82.1 -208.1
20211029234725  -665.7 -82.3 -208.2
20211029234726  -665.7 -82.2 -207.9
20211029234727  -665.8 -82.6 -208.1
20211029234728  -665.9 -82.6 -208.2
20211029234729  -665.6 -82.3 -208.2
20211029234730  -665.5 -82.5 -208.1
20211029234731  -665.7 -82.5 -208.1
20211029234732  -665.9 -82.1 -208.3
20211029234733  -665.9 -82.3 -208.1
20211029234734  -665.6 -82.3 -208.2
20211029234735  -665.2 -82.0 -207.7
20211029234736  -664.8 -81.7 -207.0
20211029234737  -664.6 -81.8 -206.9
20211029234738  -664.6 -81.7 -207.0
20211029234739  -665.1 -81.9 -207.4
20211029234740  -665.4 -81.9 -207.7
20211029234741  -665.3 -82.2 -207.7
20211029234742  -665.5 -82.2 -207.7
20211029234743  -665.5 -81.9 -207.9
20211029234744  -665.4 -81.6 -207.9
20211029234745  -665.3 -81.7 -207.4
20211029234746  -664.9 -81.6 -207.4
20211029234747  -665.0 -81.7 -207.4
20211029234748  -665.0 -81.9 -207.4
20211029234749  -665.2 -81.8 -207.6
20211029234750  -665.4 -82.0 -207.9
20211029234751  -665.3 -81.8 -207.9
20211029234752  -665.3 -81.8 -208.0
20211029234753  -665.4 -81.9 -208.1
20211029234754  -665.2 -81.8 -207.7
20211029234755  -665.2 -81.8 -207.8
20211029234756  -665.0 -81.7 -207.9
20211029234757  -665.0 -81.9 -207.5
20211029234758  -665.2 -82.0 -207.5
20211029234759  -665.2 -81.9 -207.8
20211029234800  -665.1 -82.0 -207.4
20211029234801  -665.1 -81.8 -207.7
20211029234802  -665.2 -81.6 -207.2
20211029234803  -665.2 -81.7 -207.3
20211029234804  -665.3 -81.6 -207.2
20211029234805  -664.5 -81.7 -206.8
20211029234806  -664.5 -81.5 -206.7
20211029234807  -664.0 -81.6 -206.6
20211029234808  -663.9 -81.3 -206.5
20211029234809  -664.4 -81.4 -206.9
20211029234810  -664.6 -81.6 -207.1
20211029234811  -664.7 -81.5 -207.1
20211029234812  -664.7 -81.4 -207.3
20211029234813  -664.7 -81.3 -207.1
20211029234814  -664.7 -81.2 -207.2
20211029234815  -664.8 -81.5 -207.4
20211029234816  -664.9 -81.6 -207.2
20211029234817  -665.2 -81.3 -207.5
20211029234818  -665.0 -81.5 -207.5
20211029234819  -665.1 -81.4 -207.6
20211029234820  -664.9 -81.3 -207.2
20211029234821  -664.7 -81.4 -207.2
20211029234822  -664.9 -81.2 -207.3
20211029234823  -664.7 -81.5 -207.2
20211029234824  -665.1 -81.3 -207.1
20211029234825  -665.0 -81.4 -207.3
20211029234826  -664.7 -81.6 -207.2
20211029234827  -664.9 -81.5 -207.2
20211029234828  -664.8 -81.4 -207.1
20211029234829  -664.6 -81.6 -207.3
20211029234830  -664.8 -81.2 -207.8
20211029234831  -664.7 -81.4 -207.5
20211029234832  -665.0 -81.1 -207.6
20211029234833  -664.7 -81.3 -207.3
20211029234834  -664.6 -81.4 -207.5
20211029234835  -664.6 -81.5 -207.6
20211029234836  -664.0 -81.6 -207.0
20211029234837  -664.3 -81.4 -206.7
20211029234838  -664.1 -81.1 -206.5
20211029234839  -664.7 -81.1 -206.9
20211029234840  -664.6 -81.5 -206.9
20211029234841  -664.5 -81.7 -207.2
20211029234842  -664.7 -81.5 -207.0
20211029234843  -664.7 -81.7 -207.0
20211029234844  -664.8 -81.6 -207.3
20211029234845  -665.0 -81.6 -207.1
20211029234846  -664.7 -81.5 -207.3
20211029234847  -664.6 -81.8 -207.3
20211029234848  -664.8 -81.5 -207.5
20211029234849  -664.7 -81.7 -207.4
20211029234850  -664.9 -81.6 -207.5
20211029234851  -664.9 -82.0 -207.5
20211029234852  -665.3 -81.8 -207.5
20211029234853  -665.2 -81.8 -207.6
20211029234854  -664.9 -82.0 -207.1
20211029234855  -664.7 -82.0 -206.9
20211029234856  -665.0 -82.1 -207.2
20211029234857  -665.1 -81.8 -206.8
20211029234858  -664.8 -81.5 -207.1
20211029234859  -664.9 -81.8 -207.1
20211029234900  -664.9 -81.9 -207.2
20211029234901  -665.2 -81.7 -207.2
20211029234902  -665.1 -82.0 -207.2
20211029234903  -665.1 -81.9 -207.5
20211029234904  -664.9 -81.9 -207.3
20211029234905  -665.0 -82.0 -207.1
20211029234906  -664.4 -82.0 -206.7
20211029234907  -664.2 -81.9 -206.6
20211029234908  -663.9 -81.6 -206.5
20211029234909  -664.4 -81.5 -206.6
20211029234910  -664.9 -81.7 -207.0
20211029234911  -664.9 -81.8 -207.0
20211029234912  -665.0 -81.9 -207.0
20211029234913  -664.9 -81.8 -206.9
20211029234914  -665.0 -81.9 -206.8
20211029234915  -665.1 -82.0 -206.9
20211029234916  -665.2 -82.1 -207.1
20211029234917  -665.2 -82.1 -207.1
20211029234918  -665.0 -82.2 -207.3
20211029234919  -665.1 -82.4 -207.0
20211029234920  -664.9 -82.4 -206.9
20211029234921  -665.0 -82.1 -206.6
20211029234922  -664.9 -82.2 -206.7
20211029234923  -665.0 -82.4 -206.8
20211029234924  -664.9 -82.0 -206.9
20211029234925  -664.8 -82.3 -206.9
20211029234926  -664.9 -82.1 -206.9
20211029234927  -665.1 -82.0 -206.8
20211029234928  -665.3 -82.1 -206.7
20211029234929  -665.1 -82.0 -206.8
20211029234930  -664.9 -81.9 -206.9
20211029234931  -664.7 -82.0 -206.9
20211029234932  -664.7 -82.3 -207.1
20211029234933  -665.1 -82.3 -207.1
20211029234934  -664.7 -82.1 -207.0
20211029234935  -664.6 -82.2 -206.6
20211029234936  -664.1 -82.2 -206.5
20211029234937  -663.7 -82.1 -206.1
20211029234938  -663.8 -82.1 -206.0
20211029234939  -663.6 -82.0 -205.9
20211029234940  -664.2 -81.9 -206.4
20211029234941  -664.4 -81.9 -206.4
20211029234942  -664.5 -82.2 -206.5
20211029234943  -664.5 -82.2 -206.5
20211029234944  -664.4 -82.3 -206.4
20211029234945  -664.1 -82.2 -206.4
20211029234946  -664.4 -82.4 -206.2
20211029234947  -664.4 -82.6 -206.2
20211029234948  -664.4 -82.6 -206.4
20211029234949  -664.3 -82.5 -206.5
20211029234950  -664.3 -82.4 -206.6
20211029234951  -664.1 -82.0 -206.4
20211029234952  -664.1 -81.9 -206.5
20211029234953  -664.2 -82.1 -206.4
20211029234954  -664.3 -82.3 -206.4
20211029234955  -664.3 -82.1 -206.3
20211029234956  -664.3 -82.0 -206.2
20211029234957  -664.1 -82.1 -206.4
20211029234958  -664.3 -82.3 -206.4
20211029234959  -664.2 -82.2 -206.5
20211029235000  -664.3 -82.2 -206.3
20211029235001  -664.4 -82.2 -206.3
20211029235002  -664.1 -82.2 -206.2
20211029235003  -664.2 -82.2 -206.1
20211029235004  -664.2 -82.2 -206.3
20211029235005  -663.9 -81.9 -206.4
20211029235006  -663.9 -82.0 -206.3
20211029235007  -663.4 -81.6 -206.0
20211029235008  -663.2 -81.7 -205.7
20211029235009  -663.4 -81.4 -205.3
20211029235010  -663.3 -81.7 -205.6
20211029235011  -663.8 -81.8 -206.3
20211029235012  -663.8 -81.7 -206.3
20211029235013  -663.8 -81.9 -206.2
20211029235014  -663.7 -82.0 -206.1
20211029235015  -663.8 -82.1 -206.6
20211029235016  -663.8 -81.9 -206.4
20211029235017  -663.9 -82.0 -206.5
20211029235018  -663.6 -82.0 -206.4
20211029235019  -663.8 -82.0 -206.3
20211029235020  -663.8 -81.8 -206.3
20211029235021  -663.7 -81.9 -206.8
20211029235022  -663.9 -81.8 -206.5
20211029235023  -663.7 -82.1 -206.7
20211029235024  -663.7 -82.3 -206.5
20211029235025  -663.5 -82.1 -206.6
20211029235026  -663.5 -82.0 -206.5
20211029235027  -663.7 -81.9 -207.0
20211029235028  -664.0 -81.9 -206.7
20211029235029  -664.0 -81.7 -206.7
20211029235030  -663.9 -82.1 -206.8
20211029235031  -663.8 -82.1 -207.0
20211029235032  -663.9 -82.0 -206.7
20211029235033  -663.9 -81.9 -206.7
20211029235034  -664.2 -82.0 -206.7
20211029235035  -664.1 -82.0 -206.7
20211029235036  -663.7 -82.3 -206.4
20211029235037  -663.2 -81.7 -206.1
20211029235038  -663.9 -81.8 -206.5
20211029235039  -664.1 -82.3 -206.6
20211029235040  -663.9 -82.1 -206.9
20211029235041  -664.2 -82.3 -206.8
20211029235042  -664.3 -82.2 -206.7
20211029235043  -664.3 -82.4 -206.7
20211029235044  -664.4 -82.0 -207.0
20211029235045  -664.4 -82.0 -207.2
20211029235046  -664.5 -82.3 -206.8
20211029235047  -664.3 -82.0 -207.0
20211029235048  -664.2 -82.2 -207.0
20211029235049  -664.3 -82.3 -206.7
20211029235050  -664.1 -82.5 -206.6
20211029235051  -664.0 -82.6 -206.5
20211029235052  -664.1 -82.4 -206.3
20211029235053  -664.0 -82.2 -206.6
20211029235054  -664.1 -82.6 -206.7
20211029235055  -664.1 -82.2 -206.7
20211029235056  -664.0 -82.3 -206.6
20211029235057  -664.2 -81.9 -206.6
20211029235058  -664.1 -82.0 -206.8
20211029235059  -664.1 -81.9 -207.0
20211029235100  -663.9 -82.0 -207.0
20211029235101  -664.1 -82.2 -206.9
20211029235102  -663.3 -82.2 -206.4
20211029235103  -663.2 -82.1 -205.7
20211029235104  -663.5 -81.7 -205.8
20211029235105  -664.0 -81.8 -206.7
20211029235106  -664.0 -82.2 -206.6
20211029235107  -663.8 -82.1 -206.3
20211029235108  -663.6 -82.1 -206.5
20211029235109  -663.6 -82.0 -206.5
20211029235110  -663.7 -81.8 -206.5
20211029235111  -663.7 -81.9 -206.7
20211029235112  -663.6 -81.9 -206.8
20211029235113  -664.0 -82.2 -206.7
20211029235114  -664.1 -82.2 -206.7
20211029235115  -663.9 -82.0 -206.6
20211029235116  -664.0 -82.0 -206.5
20211029235117  -664.0 -81.9 -206.3
20211029235118  -664.0 -82.1 -206.4
20211029235119  -663.9 -82.0 -206.3
20211029235120  -663.9 -82.2 -206.3
20211029235121  -663.8 -82.2 -206.2
20211029235122  -664.0 -81.9 -206.3
20211029235123  -664.1 -81.8 -206.7
20211029235124  -664.1 -82.1 -206.7
20211029235125  -664.1 -82.2 -206.7
20211029235126  -664.2 -82.3 -206.8
20211029235127  -664.5 -82.5 -206.8
20211029235128  -664.1 -82.3 -206.5
20211029235129  -663.4 -82.2 -206.0
20211029235130  -663.1 -82.1 -205.8
20211029235131  -663.4 -81.9 -206.4
20211029235132  -664.3 -82.1 -206.6
20211029235133  -663.8 -82.0 -206.5
20211029235134  -664.0 -82.2 -206.7
20211029235135  -664.2 -82.2 -206.7
20211029235136  -664.0 -82.2 -207.0
20211029235137  -664.1 -82.2 -206.9
20211029235138  -664.2 -82.2 -206.8
20211029235139  -664.2 -82.1 -207.1
20211029235140  -664.2 -82.1 -207.0
20211029235141  -664.2 -82.3 -206.7
20211029235142  -664.2 -82.5 -206.7
20211029235143  -664.4 -82.7 -206.7
20211029235144  -664.8 -82.6 -206.6
20211029235145  -664.5 -82.7 -206.7
20211029235146  -664.4 -82.8 -206.6
20211029235147  -664.4 -83.0 -206.8
20211029235148  -664.4 -83.2 -206.6
20211029235149  -664.3 -82.9 -206.6
20211029235150  -664.2 -82.8 -206.6
20211029235151  -664.3 -82.7 -207.2
20211029235152  -664.1 -82.7 -207.0
20211029235153  -664.1 -82.8 -207.3
20211029235154  -663.7 -82.8 -206.9
20211029235155  -663.4 -82.6 -206.4
20211029235156  -663.0 -82.6 -206.3
20211029235157  -663.4 -82.6 -206.2
20211029235158  -664.5 -82.6 -206.8
20211029235159  -664.2 -83.0 -207.0
20211029235200  -664.2 -82.9 -206.5
20211029235201  -664.3 -83.1 -206.6
20211029235202  -664.6 -82.9 -206.9
20211029235203  -664.3 -83.2 -207.0
20211029235204  -664.6 -83.1 -206.8
20211029235205  -664.6 -83.3 -207.2
20211029235206  -664.5 -83.1 -207.0
20211029235207  -664.6 -82.6 -207.5
20211029235208  -664.8 -82.7 -207.5
20211029235209  -665.1 -82.8 -207.4
20211029235210  -665.2 -83.0 -207.3
20211029235211  -664.9 -83.2 -207.5
20211029235212  -665.0 -83.3 -207.3
20211029235213  -664.9 -83.4 -207.3
20211029235214  -665.1 -82.9 -207.5
20211029235215  -665.0 -82.7 -207.2
20211029235216  -665.3 -82.6 -207.4
20211029235217  -665.2 -82.9 -207.3
20211029235218  -665.5 -82.5 -207.3
20211029235219  -665.5 -82.8 -207.4
