20211110204433  -669.5 -80.2 -205.6
20211110204434  -669.6 -80.2 -205.7
20211110204435  -669.6 -80.3 -205.6
20211110204436  -669.6 -80.2 -205.6
20211110204437  -669.2 -80.4 -205.8
20211110204438  -669.1 -80.3 -205.4
20211110204439  -669.2 -80.4 -205.7
20211110204440  -669.2 -80.3 -205.9
20211110204441  -668.9 -80.2 -205.9
20211110204442  -668.7 -80.2 -205.6
20211110204443  -669.0 -79.9 -205.6
20211110204444  -669.1 -79.7 -205.7
20211110204445  -669.1 -79.8 -205.5
20211110204446  -669.2 -79.8 -205.6
20211110204447  -669.1 -80.0 -205.8
20211110204448  -668.8 -79.7 -205.7
20211110204449  -668.8 -79.3 -205.2
20211110204450  -669.8 -79.4 -205.7
20211110204451  -669.9 -79.0 -205.4
20211110204452  -670.0 -79.3 -205.3
20211110204453  -669.9 -79.2 -205.4
20211110204454  -670.3 -79.2 -205.3
20211110204455  -670.3 -79.2 -205.4
20211110204456  -670.3 -79.2 -205.2
20211110204457  -670.5 -79.0 -204.9
20211110204458  -670.3 -78.8 -205.1
20211110204459  -670.4 -78.6 -205.4
20211110204500  -670.4 -78.6 -205.3
20211110204501  -670.1 -78.6 -205.3
20211110204502  -670.4 -79.0 -205.2
20211110204503  -670.3 -78.9 -205.1
20211110204504  -670.5 -78.8 -204.9
20211110204505  -670.3 -79.0 -204.6
20211110204506  -670.5 -79.0 -204.6
20211110204507  -670.7 -78.8 -204.5
20211110204508  -670.6 -79.1 -204.8
20211110204509  -670.3 -79.1 -204.4
20211110204510  -670.1 -78.9 -204.6
20211110204511  -669.9 -79.0 -204.7
20211110204512  -670.0 -78.9 -204.6
20211110204513  -669.9 -79.0 -204.5
20211110204514  -669.7 -78.9 -204.4
20211110204515  -669.6 -79.0 -203.9
20211110204516  -669.6 -79.0 -204.0
20211110204517  -669.7 -79.2 -204.2
20211110204518  -669.1 -79.3 -204.0
20211110204519  -668.6 -78.9 -203.0
20211110204520  -669.1 -79.1 -203.4
20211110204521  -669.4 -79.4 -203.4
20211110204522  -669.1 -79.3 -203.4
20211110204523  -669.3 -78.9 -203.6
20211110204524  -669.1 -78.8 -203.4
20211110204525  -668.8 -78.8 -203.1
20211110204526  -668.6 -78.7 -203.3
20211110204527  -668.5 -79.0 -203.3
20211110204528  -668.5 -78.9 -203.0
20211110204529  -668.7 -78.7 -202.7
20211110204530  -668.6 -78.7 -203.0
20211110204531  -668.5 -78.4 -202.6
20211110204532  -668.3 -78.4 -202.9
20211110204533  -668.3 -78.1 -202.7
20211110204534  -668.6 -78.2 -202.4
20211110204535  -668.4 -78.3 -202.1
20211110204536  -668.1 -78.1 -202.4
20211110204537  -668.2 -78.2 -202.3
20211110204538  -668.1 -78.0 -201.8
20211110204539  -668.3 -78.1 -201.9
20211110204540  -667.9 -77.7 -202.0
20211110204541  -667.9 -77.7 -202.0
20211110204542  -667.9 -77.6 -201.8
20211110204543  -667.7 -77.4 -201.7
20211110204544  -667.6 -77.4 -202.0
20211110204545  -667.7 -77.5 -201.7
20211110204546  -667.3 -77.3 -201.6
20211110204547  -667.2 -77.1 -201.6
20211110204548  -667.2 -77.0 -201.3
20211110204549  -666.5 -76.9 -201.0
20211110204550  -666.4 -76.6 -200.7
20211110204551  -666.6 -76.4 -201.0
20211110204552  -666.9 -76.2 -201.1
20211110204553  -666.8 -76.1 -201.0
20211110204554  -666.8 -75.9 -201.2
20211110204555  -667.1 -75.8 -200.9
20211110204556  -667.2 -75.3 -201.1
20211110204557  -667.0 -75.2 -201.4
20211110204558  -667.3 -75.2 -201.2
20211110204559  -667.3 -75.0 -200.9
20211110204600  -667.3 -74.5 -201.0
20211110204601  -667.4 -74.2 -200.9
20211110204602  -667.6 -74.4 -200.9
20211110204603  -667.5 -74.2 -201.1
20211110204604  -667.5 -74.0 -201.1
20211110204605  -667.6 -74.1 -201.0
20211110204606  -667.9 -73.9 -200.7
20211110204607  -667.9 -73.8 -201.0
20211110204608  -667.8 -73.9 -201.1
20211110204609  -667.7 -73.7 -201.0
20211110204610  -667.9 -73.7 -200.9
20211110204611  -668.0 -73.5 -200.5
20211110204612  -667.9 -73.2 -200.8
20211110204613  -667.7 -73.1 -200.7
20211110204614  -668.0 -73.2 -200.5
20211110204615  -668.2 -73.2 -200.4
20211110204616  -668.0 -73.0 -200.4
20211110204617  -668.1 -73.2 -200.5
20211110204618  -668.1 -73.0 -200.2
20211110204619  -667.7 -73.2 -200.2
20211110204620  -667.8 -73.0 -200.1
20211110204621  -668.0 -73.0 -200.1
20211110204622  -668.1 -73.0 -200.1
20211110204623  -667.9 -73.1 -199.8
20211110204624  -667.9 -73.0 -199.7
20211110204625  -667.5 -73.2 -199.8
20211110204626  -667.3 -73.4 -199.9
20211110204627  -667.1 -73.3 -199.9
20211110204628  -667.1 -73.7 -199.7
20211110204629  -667.0 -73.6 -199.6
20211110204630  -666.6 -73.6 -199.6
20211110204631  -666.5 -73.6 -199.6
20211110204632  -666.6 -73.9 -199.7
20211110204633  -666.6 -73.7 -199.6
20211110204634  -666.3 -73.8 -199.5
20211110204635  -666.1 -73.7 -199.2
20211110204636  -666.0 -73.6 -199.2
20211110204637  -665.8 -73.4 -199.2
20211110204638  -665.8 -73.4 -199.2
20211110204639  -665.6 -73.5 -199.3
20211110204640  -665.3 -73.3 -199.2
20211110204641  -665.1 -73.2 -199.0
20211110204642  -664.9 -72.7 -199.1
20211110204643  -665.1 -72.8 -199.3
20211110204644  -665.3 -73.0 -199.6
20211110204645  -665.5 -73.2 -199.3
20211110204646  -665.3 -72.9 -199.1
20211110204647  -665.2 -72.7 -199.1
20211110204648  -665.1 -72.6 -199.2
20211110204649  -665.6 -72.5 -198.9
20211110204650  -665.0 -72.1 -198.2
20211110204651  -665.2 -72.1 -198.5
20211110204652  -665.1 -72.2 -198.5
20211110204653  -665.5 -72.1 -198.7
20211110204654  -665.9 -71.7 -198.7
20211110204655  -665.9 -71.6 -198.3
20211110204656  -665.9 -71.5 -198.3
20211110204657  -666.1 -71.5 -198.5
20211110204658  -666.6 -71.3 -198.7
20211110204659  -666.5 -71.1 -198.7
20211110204700  -666.7 -70.7 -198.4
20211110204701  -666.8 -70.6 -198.2
20211110204702  -667.1 -70.5 -198.5
20211110204703  -667.4 -70.7 -198.3
20211110204704  -667.2 -70.9 -198.0
20211110204705  -667.4 -70.6 -198.1
20211110204706  -667.5 -70.6 -197.7
20211110204707  -667.5 -70.4 -198.1
20211110204708  -667.5 -70.4 -198.1
20211110204709  -667.4 -70.4 -198.1
20211110204710  -667.7 -70.3 -198.0
20211110204711  -667.7 -70.5 -198.1
20211110204712  -667.7 -70.4 -198.2
20211110204713  -667.6 -70.5 -197.9
20211110204714  -668.1 -70.7 -197.9
20211110204715  -667.8 -70.4 -197.7
20211110204716  -668.0 -70.5 -197.9
20211110204717  -668.1 -70.7 -198.2
20211110204718  -668.4 -70.5 -198.1
20211110204719  -668.3 -70.5 -198.2
20211110204720  -668.2 -70.6 -197.8
20211110204721  -668.6 -70.9 -197.8
20211110204722  -668.9 -71.2 -198.0
20211110204723  -668.9 -71.1 -197.7
20211110204724  -668.9 -71.5 -197.5
20211110204725  -668.6 -71.6 -197.5
20211110204726  -668.7 -71.4 -197.4
20211110204727  -668.9 -71.7 -197.5
20211110204728  -668.9 -71.8 -197.2
20211110204729  -668.9 -72.0 -197.3
20211110204730  -668.5 -71.9 -197.3
20211110204731  -668.5 -72.1 -196.9
20211110204732  -668.3 -72.4 -196.9
20211110204733  -668.1 -72.7 -196.6
20211110204734  -667.9 -73.0 -196.7
20211110204735  -667.8 -72.9 -196.9
20211110204736  -667.6 -73.1 -196.7
20211110204737  -667.5 -73.2 -196.6
20211110204738  -667.5 -73.2 -196.4
20211110204739  -667.3 -73.6 -196.4
20211110204740  -667.0 -73.9 -196.4
20211110204741  -666.8 -73.8 -196.6
20211110204742  -666.9 -73.7 -196.6
20211110204743  -666.7 -73.6 -196.4
20211110204744  -666.3 -74.0 -196.3
20211110204745  -666.3 -74.0 -196.2
20211110204746  -666.0 -73.7 -196.2
20211110204747  -666.0 -74.1 -196.0
20211110204748  -665.8 -74.2 -195.9
20211110204749  -665.9 -74.3 -196.1
20211110204750  -665.8 -74.4 -196.0
20211110204751  -665.8 -74.3 -196.1
20211110204752  -665.9 -74.3 -196.4
20211110204753  -665.7 -74.2 -196.4
20211110204754  -666.0 -73.8 -196.0
20211110204755  -665.9 -73.5 -196.0
20211110204756  -666.0 -73.6 -195.9
20211110204757  -666.1 -73.7 -195.8
20211110204758  -666.3 -73.4 -196.0
20211110204759  -666.7 -73.3 -196.0
20211110204800  -666.5 -73.3 -195.9
20211110204801  -666.8 -73.0 -195.8
20211110204802  -666.9 -72.8 -195.6
20211110204803  -667.5 -72.7 -195.8
20211110204804  -667.5 -72.5 -195.7
20211110204805  -667.7 -72.1 -196.0
20211110204806  -667.8 -72.4 -195.8
20211110204807  -667.9 -72.3 -196.0
20211110204808  -668.0 -72.0 -195.9
20211110204809  -668.2 -72.0 -195.8
20211110204810  -668.4 -72.1 -195.6
20211110204811  -668.3 -71.9 -196.0
20211110204812  -668.4 -72.0 -195.8
20211110204813  -668.5 -71.7 -195.8
20211110204814  -668.7 -71.8 -195.7
20211110204815  -668.7 -71.7 -195.5
20211110204816  -668.7 -71.4 -195.4
20211110204817  -668.9 -71.3 -195.7
20211110204818  -668.8 -70.8 -195.7
