20211114232632  -678.0 -75.5 -208.8
20211114232633  -678.0 -75.6 -208.7
20211114232634  -678.0 -75.6 -208.8
20211114232635  -677.7 -75.7 -209.0
20211114232636  -677.7 -75.9 -208.7
20211114232637  -677.7 -76.0 -208.6
20211114232638  -677.5 -76.0 -208.8
20211114232639  -677.5 -76.1 -208.7
20211114232640  -677.4 -76.1 -208.6
20211114232641  -677.2 -76.0 -208.3
20211114232642  -677.3 -76.0 -208.4
20211114232643  -677.3 -76.2 -208.4
20211114232644  -677.2 -76.3 -208.5
20211114232645  -677.2 -76.5 -208.3
20211114232646  -677.0 -76.5 -208.4
20211114232647  -676.9 -76.5 -208.5
20211114232648  -676.8 -76.4 -208.4
20211114232649  -676.6 -76.9 -208.3
20211114232650  -676.6 -77.2 -208.3
20211114232651  -676.5 -77.3 -208.5
20211114232652  -676.2 -77.3 -208.3
20211114232653  -676.0 -77.4 -208.0
20211114232654  -676.1 -77.5 -208.0
20211114232655  -676.3 -77.4 -208.2
20211114232656  -675.9 -77.3 -208.0
20211114232657  -675.9 -77.7 -208.3
20211114232658  -675.7 -77.6 -208.2
20211114232659  -675.3 -77.6 -207.8
20211114232700  -674.6 -77.4 -206.9
20211114232701  -674.3 -77.3 -207.0
20211114232702  -674.8 -77.4 -207.5
20211114232703  -674.5 -77.6 -207.3
20211114232704  -674.7 -77.9 -207.5
20211114232705  -674.6 -77.8 -207.6
20211114232706  -674.2 -77.8 -207.5
20211114232707  -674.2 -77.8 -207.2
20211114232708  -674.2 -77.9 -207.3
20211114232709  -674.1 -77.8 -207.1
20211114232710  -674.1 -77.8 -207.1
20211114232711  -674.1 -77.6 -206.9
20211114232712  -673.9 -77.6 -206.8
20211114232713  -673.9 -77.8 -206.7
20211114232714  -673.8 -77.6 -206.8
20211114232715  -673.9 -77.8 -206.6
20211114232716  -673.8 -77.7 -206.8
20211114232717  -673.8 -77.7 -206.7
20211114232718  -673.7 -77.6 -206.5
20211114232719  -673.4 -77.3 -206.6
20211114232720  -673.6 -77.5 -206.6
20211114232721  -673.2 -77.4 -206.6
20211114232722  -673.3 -77.5 -206.6
20211114232723  -673.4 -77.0 -206.4
20211114232724  -673.4 -77.1 -206.6
20211114232725  -673.4 -77.1 -206.2
20211114232726  -673.4 -77.3 -206.3
20211114232727  -673.4 -77.4 -206.4
20211114232728  -673.6 -77.1 -206.5
20211114232729  -673.2 -77.2 -206.4
20211114232730  -672.8 -77.0 -205.9
20211114232731  -672.5 -76.8 -205.7
20211114232732  -673.0 -76.9 -205.6
20211114232733  -673.4 -76.8 -206.1
20211114232734  -673.5 -76.8 -206.3
20211114232735  -673.6 -76.6 -206.2
20211114232736  -673.7 -76.9 -206.2
20211114232737  -673.5 -76.8 -206.3
20211114232738  -673.7 -76.5 -206.3
20211114232739  -673.6 -76.3 -206.3
20211114232740  -673.9 -76.7 -206.1
20211114232741  -673.8 -76.7 -206.3
20211114232742  -674.0 -76.8 -206.4
20211114232743  -674.3 -76.6 -206.5
20211114232744  -674.3 -76.5 -206.5
20211114232745  -674.4 -76.9 -206.4
20211114232746  -674.3 -76.7 -206.4
20211114232747  -674.3 -76.5 -206.5
20211114232748  -674.3 -76.4 -206.5
20211114232749  -674.4 -76.7 -206.5
20211114232750  -674.6 -76.7 -206.6
20211114232751  -674.6 -76.6 -206.4
20211114232752  -674.1 -76.6 -206.3
20211114232753  -674.6 -77.0 -206.4
20211114232754  -674.1 -76.9 -206.6
20211114232755  -674.3 -76.7 -206.3
20211114232756  -674.5 -76.9 -206.2
20211114232757  -674.2 -77.2 -206.3
20211114232758  -674.1 -76.8 -206.2
20211114232759  -673.9 -77.1 -206.4
20211114232800  -673.5 -76.8 -205.9
20211114232801  -673.3 -76.8 -205.8
20211114232802  -673.5 -76.7 -205.7
20211114232803  -674.2 -76.8 -206.4
20211114232804  -674.2 -77.0 -206.0
20211114232805  -674.1 -77.0 -206.1
20211114232806  -673.9 -76.9 -206.2
20211114232807  -673.9 -76.9 -206.0
20211114232808  -673.9 -77.0 -206.1
20211114232809  -673.8 -77.0 -206.0
20211114232810  -674.2 -77.0 -206.2
20211114232811  -674.1 -76.6 -206.3
20211114232812  -674.0 -76.5 -206.2
20211114232813  -674.2 -77.1 -206.2
20211114232814  -674.1 -76.9 -206.1
20211114232815  -673.8 -76.9 -206.1
20211114232816  -673.8 -77.0 -206.3
20211114232817  -673.9 -77.3 -206.1
20211114232818  -673.9 -77.2 -206.0
20211114232819  -673.9 -77.3 -206.1
20211114232820  -674.0 -77.4 -206.1
20211114232821  -673.9 -77.2 -206.1
20211114232822  -673.9 -77.1 -206.0
20211114232823  -674.0 -77.2 -205.8
20211114232824  -674.1 -77.5 -205.6
20211114232825  -674.2 -77.6 -205.7
20211114232826  -673.9 -77.4 -205.5
20211114232827  -674.0 -77.4 -205.6
20211114232828  -674.1 -77.4 -205.8
20211114232829  -673.8 -77.4 -205.5
20211114232830  -673.1 -77.0 -204.5
20211114232831  -673.2 -77.0 -204.4
20211114232832  -672.8 -76.9 -204.1
20211114232833  -673.0 -76.7 -204.2
20211114232834  -673.5 -76.8 -204.8
20211114232835  -673.4 -76.9 -204.7
20211114232836  -673.5 -76.8 -204.5
20211114232837  -673.6 -77.2 -204.8
20211114232838  -673.4 -77.2 -204.5
20211114232839  -673.6 -77.4 -205.1
20211114232840  -673.3 -77.2 -204.9
20211114232841  -673.3 -77.1 -204.9
20211114232842  -673.5 -77.2 -204.8
20211114232843  -673.4 -77.1 -204.8
20211114232844  -673.4 -77.3 -205.0
20211114232845  -673.3 -77.0 -205.0
20211114232846  -673.5 -77.0 -204.9
20211114232847  -673.6 -77.0 -204.7
20211114232848  -673.8 -77.0 -204.6
20211114232849  -673.9 -77.1 -204.7
20211114232850  -673.8 -77.3 -204.6
20211114232851  -673.8 -77.3 -204.8
20211114232852  -673.9 -77.1 -205.0
20211114232853  -673.6 -77.1 -205.1
20211114232854  -673.8 -77.1 -205.1
20211114232855  -673.8 -76.8 -205.1
20211114232856  -674.0 -77.0 -204.9
20211114232857  -673.8 -76.7 -205.4
20211114232858  -673.7 -77.1 -205.1
20211114232859  -674.1 -77.2 -204.9
20211114232900  -673.6 -76.9 -204.6
20211114232901  -673.3 -76.8 -204.3
20211114232902  -673.1 -76.6 -204.4
20211114232903  -673.4 -76.5 -204.2
20211114232904  -673.9 -76.4 -204.5
20211114232905  -674.1 -76.4 -204.9
20211114232906  -674.3 -76.1 -205.3
20211114232907  -674.2 -76.1 -205.0
20211114232908  -674.0 -76.6 -205.1
20211114232909  -673.9 -76.2 -204.7
20211114232910  -674.1 -76.0 -205.2
20211114232911  -674.3 -76.0 -205.1
20211114232912  -674.3 -76.2 -205.1
20211114232913  -674.3 -76.1 -205.0
20211114232914  -674.2 -76.2 -205.1
20211114232915  -674.0 -76.1 -205.2
20211114232916  -674.1 -76.2 -205.1
20211114232917  -674.0 -76.4 -205.0
20211114232918  -674.0 -76.4 -204.8
20211114232919  -673.9 -76.3 -204.9
20211114232920  -673.6 -76.4 -204.6
20211114232921  -674.0 -76.4 -204.8
20211114232922  -674.0 -76.5 -204.9
20211114232923  -673.8 -76.1 -205.0
20211114232924  -674.0 -76.1 -205.0
20211114232925  -674.0 -76.8 -204.7
20211114232926  -674.0 -76.4 -204.9
20211114232927  -673.9 -76.3 -204.7
20211114232928  -673.9 -76.3 -204.6
20211114232929  -673.9 -76.6 -204.9
20211114232930  -673.1 -76.3 -204.4
20211114232931  -673.0 -76.1 -204.3
20211114232932  -672.9 -76.2 -204.0
20211114232933  -672.6 -76.1 -203.9
20211114232934  -673.5 -76.1 -204.4
20211114232935  -673.7 -76.1 -204.3
20211114232936  -673.5 -76.0 -204.3
20211114232937  -673.6 -75.9 -204.2
20211114232938  -673.6 -76.0 -204.4
20211114232939  -673.7 -76.1 -204.2
20211114232940  -673.6 -76.0 -204.0
20211114232941  -673.6 -75.9 -204.1
20211114232942  -673.7 -75.8 -204.3
20211114232943  -674.0 -75.8 -204.0
20211114232944  -673.9 -75.8 -204.3
20211114232945  -673.8 -76.1 -204.0
20211114232946  -673.9 -75.7 -204.1
20211114232947  -673.6 -75.9 -203.9
20211114232948  -673.7 -75.7 -204.0
20211114232949  -673.6 -75.9 -204.0
20211114232950  -673.5 -75.8 -204.1
20211114232951  -673.7 -75.6 -203.9
20211114232952  -674.1 -75.7 -203.7
20211114232953  -673.9 -75.6 -203.8
20211114232954  -673.8 -75.6 -203.6
20211114232955  -673.7 -75.4 -203.7
20211114232956  -673.9 -75.3 -203.8
20211114232957  -673.8 -75.3 -203.8
20211114232958  -673.6 -75.4 -203.6
20211114232959  -673.7 -75.3 -203.5
20211114233000  -672.8 -75.5 -203.0
20211114233001  -672.4 -75.1 -202.8
20211114233002  -672.5 -74.9 -202.7
20211114233003  -672.0 -74.9 -202.1
20211114233004  -672.8 -74.8 -202.8
20211114233005  -672.8 -74.7 -203.0
20211114233006  -672.7 -74.5 -203.2
20211114233007  -673.1 -74.8 -203.0
20211114233008  -672.7 -74.7 -203.0
20211114233009  -672.9 -74.6 -202.9
20211114233010  -673.0 -74.9 -202.6
20211114233011  -672.9 -74.7 -202.9
20211114233012  -672.6 -74.5 -203.1
20211114233013  -672.8 -74.5 -202.9
20211114233014  -672.7 -74.5 -202.9
20211114233015  -672.7 -74.6 -202.9
20211114233016  -672.7 -74.4 -203.2
20211114233017  -672.4 -74.3 -202.9
20211114233018  -672.5 -74.2 -203.1
20211114233019  -672.4 -74.2 -203.0
20211114233020  -672.3 -74.4 -203.0
20211114233021  -672.1 -74.2 -203.0
20211114233022  -672.0 -74.2 -202.9
20211114233023  -671.9 -74.1 -202.8
20211114233024  -671.9 -74.1 -202.8
20211114233025  -671.5 -74.1 -202.7
20211114233026  -671.3 -74.2 -202.8
20211114233027  -671.1 -74.0 -202.7
20211114233028  -671.2 -73.9 -202.8
20211114233029  -671.1 -74.1 -202.8
20211114233030  -670.4 -74.1 -202.6
20211114233031  -669.7 -73.7 -202.0
20211114233032  -669.3 -73.7 -201.9
20211114233033  -669.0 -73.3 -201.6
20211114233034  -669.9 -73.8 -202.2
20211114233035  -669.5 -74.1 -202.2
20211114233036  -669.5 -73.9 -202.0
20211114233037  -669.3 -73.9 -201.7
20211114233038  -669.1 -74.1 -201.6
20211114233039  -668.8 -74.1 -201.8
20211114233040  -669.0 -73.9 -201.9
20211114233041  -668.8 -74.1 -201.7
20211114233042  -668.4 -74.2 -201.5
20211114233043  -668.3 -73.9 -201.9
20211114233044  -668.3 -73.8 -201.7
20211114233045  -668.2 -73.8 -201.7
20211114233046  -668.0 -74.0 -201.8
20211114233047  -667.8 -73.8 -201.9
20211114233048  -667.9 -74.0 -201.8
20211114233049  -667.9 -74.2 -201.8
20211114233050  -667.9 -74.0 -201.5
20211114233051  -667.7 -74.3 -201.3
20211114233052  -667.8 -74.2 -201.6
20211114233053  -667.8 -74.3 -201.5
20211114233054  -667.7 -73.9 -201.8
20211114233055  -667.3 -74.1 -202.0
20211114233056  -667.5 -74.2 -201.7
20211114233057  -667.6 -74.3 -201.6
20211114233058  -667.4 -74.2 -201.7
20211114233059  -667.8 -74.0 -201.7
20211114233100  -667.4 -74.1 -201.8
20211114233101  -666.8 -74.0 -201.0
20211114233102  -666.8 -73.9 -201.0
20211114233103  -666.8 -73.9 -201.0
20211114233104  -667.3 -73.9 -201.4
20211114233105  -667.3 -73.9 -201.2
20211114233106  -667.2 -74.1 -201.2
20211114233107  -667.2 -74.2 -201.2
20211114233108  -667.2 -74.1 -201.5
20211114233109  -667.1 -74.1 -201.7
20211114233110  -667.1 -74.1 -201.6
20211114233111  -667.6 -74.3 -201.6
20211114233112  -667.5 -74.1 -201.6
20211114233113  -667.0 -74.0 -201.5
20211114233114  -667.2 -74.1 -201.3
20211114233115  -667.4 -74.2 -201.4
20211114233116  -667.2 -74.0 -201.7
20211114233117  -667.0 -74.1 -201.5
20211114233118  -667.2 -74.3 -201.6
20211114233119  -667.2 -74.6 -201.4
20211114233120  -667.4 -74.3 -201.5
20211114233121  -667.3 -74.2 -201.3
20211114233122  -667.2 -74.4 -201.5
20211114233123  -667.2 -74.3 -201.4
20211114233124  -667.3 -74.6 -201.2
20211114233125  -667.2 -74.2 -201.2
20211114233126  -667.3 -74.1 -201.4
20211114233127  -667.1 -74.2 -201.5
20211114233128  -667.2 -74.1 -201.4
20211114233129  -667.2 -74.0 -201.3
20211114233130  -667.3 -74.2 -201.6
20211114233131  -666.7 -74.0 -201.0
20211114233132  -666.5 -74.1 -200.7
20211114233133  -666.7 -74.0 -200.6
20211114233134  -667.0 -73.9 -201.1
20211114233135  -667.4 -74.2 -201.4
20211114233136  -667.3 -74.5 -201.5
20211114233137  -667.3 -74.5 -201.4
20211114233138  -667.5 -74.6 -201.4
20211114233139  -667.2 -74.6 -201.3
20211114233140  -667.2 -74.4 -201.4
20211114233141  -667.2 -74.5 -201.6
20211114233142  -667.4 -74.6 -201.7
20211114233143  -667.4 -75.1 -201.6
20211114233144  -667.3 -74.8 -201.6
20211114233145  -667.4 -75.0 -201.8
20211114233146  -667.1 -74.7 -201.7
20211114233147  -667.1 -74.6 -201.8
20211114233148  -667.0 -74.5 -201.9
20211114233149  -667.0 -74.5 -201.7
20211114233150  -667.1 -74.5 -201.9
20211114233151  -667.4 -74.4 -202.0
20211114233152  -667.4 -74.6 -202.0
20211114233153  -667.4 -74.6 -202.1
20211114233154  -667.0 -74.6 -202.1
20211114233155  -667.2 -74.7 -202.1
20211114233156  -667.2 -74.8 -201.8
20211114233157  -667.1 -74.6 -201.7
20211114233158  -667.2 -74.7 -201.6
20211114233159  -666.9 -74.7 -201.8
20211114233200  -667.0 -74.8 -201.8
20211114233201  -666.7 -75.3 -201.3
20211114233202  -666.4 -75.0 -200.7
20211114233203  -666.6 -75.0 -201.1
20211114233204  -667.2 -75.1 -201.5
20211114233205  -667.1 -75.0 -201.8
20211114233206  -667.1 -75.0 -202.0
20211114233207  -667.5 -75.2 -202.0
20211114233208  -667.3 -74.9 -202.1
20211114233209  -667.3 -74.9 -202.2
20211114233210  -667.2 -75.0 -202.1
20211114233211  -667.3 -75.1 -202.3
20211114233212  -667.3 -74.9 -202.3
20211114233213  -667.1 -75.1 -202.5
20211114233214  -667.1 -75.1 -202.4
20211114233215  -667.2 -75.1 -202.0
20211114233216  -667.2 -75.3 -202.3
20211114233217  -667.5 -75.6 -202.4
20211114233218  -667.8 -75.4 -202.3
20211114233219  -667.8 -75.4 -202.4
20211114233220  -667.7 -75.2 -202.3
20211114233221  -667.6 -75.3 -202.7
20211114233222  -667.4 -75.5 -202.5
20211114233223  -667.8 -75.6 -202.7
20211114233224  -667.6 -75.5 -202.3
20211114233225  -667.4 -75.4 -202.3
20211114233226  -667.4 -75.7 -202.5
20211114233227  -667.7 -75.8 -202.5
20211114233228  -667.5 -75.4 -202.6
20211114233229  -667.5 -75.5 -202.6
20211114233230  -667.6 -75.5 -202.2
20211114233231  -667.0 -75.7 -202.1
20211114233232  -666.5 -75.5 -201.7
20211114233233  -666.8 -75.3 -201.8
20211114233234  -667.6 -75.8 -202.3
20211114233235  -667.4 -75.5 -202.1
20211114233236  -667.4 -75.5 -202.2
20211114233237  -667.5 -75.7 -202.3
20211114233238  -667.7 -76.0 -202.4
20211114233239  -667.7 -76.0 -202.4
20211114233240  -667.4 -76.1 -202.4
20211114233241  -667.7 -75.8 -202.4
20211114233242  -667.5 -75.6 -202.4
20211114233243  -667.8 -75.9 -202.4
20211114233244  -667.9 -75.9 -202.7
20211114233245  -667.8 -75.6 -202.4
20211114233246  -667.7 -75.6 -202.4
20211114233247  -667.7 -75.8 -202.5
20211114233248  -667.8 -76.1 -202.3
20211114233249  -667.6 -75.9 -202.4
20211114233250  -667.9 -76.0 -202.6
20211114233251  -667.7 -75.9 -202.7
20211114233252  -668.1 -75.7 -202.6
20211114233253  -667.9 -76.0 -202.6
20211114233254  -668.0 -75.8 -202.4
20211114233255  -667.9 -75.8 -202.3
20211114233256  -667.9 -76.0 -202.3
20211114233257  -668.1 -76.1 -202.4
20211114233258  -667.9 -76.3 -202.2
20211114233259  -667.9 -76.3 -202.1
20211114233300  -668.1 -76.1 -202.6
20211114233301  -667.3 -76.4 -202.2
20211114233302  -667.0 -76.3 -202.0
20211114233303  -666.8 -75.8 -202.0
20211114233304  -667.6 -75.9 -202.4
20211114233305  -667.6 -76.1 -202.8
20211114233306  -667.7 -76.1 -202.5
20211114233307  -667.7 -75.9 -202.4
20211114233308  -667.7 -76.0 -202.6
20211114233309  -667.5 -75.9 -202.7
20211114233310  -667.6 -76.1 -202.6
20211114233311  -667.6 -76.0 -202.5
20211114233312  -667.7 -76.2 -202.8
20211114233313  -667.9 -76.1 -202.9
20211114233314  -667.7 -76.0 -202.8
20211114233315  -667.8 -76.1 -202.8
