20211026221039  -712.8 -67.5 -220.5
20211026221040  -713.1 -67.6 -220.6
20211026221041  -713.0 -67.6 -220.6
20211026221042  -713.2 -67.6 -220.3
20211026221043  -712.9 -67.3 -220.2
20211026221044  -712.6 -67.2 -219.9
20211026221045  -712.4 -67.1 -219.8
20211026221046  -712.1 -66.7 -219.7
20211026221047  -712.3 -66.5 -219.6
20211026221048  -712.1 -66.7 -219.6
20211026221049  -711.8 -66.5 -219.5
20211026221050  -711.3 -66.5 -219.0
20211026221051  -710.9 -66.6 -218.6
20211026221052  -711.1 -66.4 -218.8
20211026221053  -711.2 -66.5 -219.1
20211026221054  -711.1 -66.5 -218.5
20211026221055  -711.4 -66.5 -218.5
20211026221056  -711.1 -66.7 -218.3
20211026221057  -711.1 -66.8 -218.5
20211026221058  -710.9 -66.6 -218.4
20211026221059  -710.8 -66.5 -218.4
20211026221100  -711.1 -66.4 -218.4
20211026221101  -710.8 -66.6 -218.3
20211026221102  -710.7 -66.7 -217.9
20211026221103  -710.5 -66.4 -217.8
20211026221104  -710.4 -66.5 -218.0
20211026221105  -710.6 -66.6 -217.7
20211026221106  -710.1 -66.4 -217.8
20211026221107  -709.8 -66.4 -217.8
20211026221108  -710.2 -66.4 -217.9
20211026221109  -710.1 -66.6 -217.6
20211026221110  -709.9 -66.3 -217.7
20211026221111  -709.8 -66.2 -217.5
20211026221112  -710.0 -66.3 -217.7
20211026221113  -709.9 -66.3 -217.3
20211026221114  -709.9 -66.3 -217.5
20211026221115  -710.0 -66.3 -217.0
20211026221116  -709.9 -65.8 -217.3
20211026221117  -710.2 -65.8 -217.4
20211026221118  -710.0 -65.7 -216.8
20211026221119  -710.1 -66.1 -216.8
20211026221120  -709.6 -65.9 -217.0
20211026221121  -709.3 -66.0 -216.4
20211026221122  -709.2 -65.4 -216.1
20211026221123  -709.4 -65.6 -216.4
20211026221124  -709.9 -65.5 -216.4
20211026221125  -709.9 -65.2 -216.1
20211026221126  -710.0 -65.1 -216.2
20211026221127  -710.2 -64.9 -216.0
20211026221128  -710.0 -65.2 -215.9
20211026221129  -709.6 -65.2 -215.7
20211026221130  -709.9 -64.9 -215.8
20211026221131  -710.2 -64.8 -215.9
20211026221132  -710.2 -64.9 -215.6
20211026221133  -710.1 -65.2 -215.8
20211026221134  -710.1 -65.4 -215.9
20211026221135  -710.3 -65.4 -215.9
20211026221136  -710.7 -65.2 -215.9
20211026221137  -710.9 -65.1 -215.8
20211026221138  -711.0 -65.4 -215.6
20211026221139  -711.1 -65.3 -215.7
20211026221140  -711.3 -65.4 -215.6
20211026221141  -711.4 -65.6 -215.8
20211026221142  -711.2 -65.5 -215.7
20211026221143  -711.5 -66.0 -215.9
20211026221144  -711.5 -65.8 -215.5
20211026221145  -711.5 -66.0 -215.4
20211026221146  -711.7 -65.5 -215.3
20211026221147  -711.6 -65.7 -215.4
20211026221148  -711.8 -66.0 -215.0
20211026221149  -711.7 -66.0 -214.7
20211026221150  -711.7 -66.0 -214.5
20211026221151  -711.4 -66.3 -214.8
20211026221152  -711.4 -66.1 -214.2
20211026221153  -711.7 -66.2 -214.6
20211026221154  -711.9 -66.1 -214.3
20211026221155  -711.8 -66.5 -214.8
20211026221156  -711.7 -66.5 -214.7
20211026221157  -711.9 -66.8 -214.5
20211026221158  -711.8 -66.8 -214.7
20211026221159  -712.0 -66.8 -214.5
20211026221200  -711.9 -66.8 -214.5
20211026221201  -711.7 -66.7 -214.5
20211026221202  -711.9 -67.3 -214.4
20211026221203  -711.8 -66.9 -214.5
20211026221204  -711.4 -67.3 -214.4
20211026221205  -711.1 -66.9 -214.3
20211026221206  -711.0 -66.8 -214.3
20211026221207  -711.1 -67.1 -214.0
20211026221208  -710.9 -66.7 -214.2
20211026221209  -710.9 -67.0 -214.4
20211026221210  -710.9 -66.9 -214.5
20211026221211  -711.0 -66.9 -214.3
20211026221212  -711.2 -66.6 -214.4
20211026221213  -711.1 -66.7 -214.3
20211026221214  -711.2 -66.8 -214.3
20211026221215  -711.2 -66.8 -214.5
20211026221216  -711.9 -66.5 -214.5
20211026221217  -711.9 -66.5 -214.3
20211026221218  -712.0 -66.6 -214.2
20211026221219  -712.1 -66.9 -214.2
20211026221220  -712.2 -66.9 -214.0
20211026221221  -711.8 -66.6 -213.9
20211026221222  -711.3 -66.6 -213.5
20211026221223  -711.8 -66.6 -213.7
20211026221224  -711.8 -66.6 -213.8
20211026221225  -712.1 -66.5 -213.6
20211026221226  -712.0 -66.6 -213.7
20211026221227  -712.2 -66.8 -213.8
20211026221228  -712.1 -66.6 -213.4
20211026221229  -711.9 -66.6 -213.8
20211026221230  -711.7 -66.1 -213.4
20211026221231  -711.8 -66.2 -213.5
20211026221232  -711.6 -66.3 -213.6
20211026221233  -711.9 -66.2 -213.4
20211026221234  -711.8 -66.0 -213.2
20211026221235  -711.3 -66.1 -213.2
20211026221236  -711.2 -66.3 -213.3
20211026221237  -711.3 -66.1 -212.8
20211026221238  -710.8 -65.9 -212.8
20211026221239  -710.7 -65.9 -212.9
20211026221240  -710.5 -65.9 -212.8
20211026221241  -710.4 -66.0 -212.7
20211026221242  -710.1 -65.7 -212.6
20211026221243  -710.3 -66.1 -212.7
20211026221244  -710.0 -65.8 -212.6
20211026221245  -710.1 -65.7 -212.8
20211026221246  -709.8 -65.6 -212.5
20211026221247  -709.5 -65.7 -212.7
20211026221248  -709.7 -65.7 -212.8
20211026221249  -709.7 -65.7 -212.6
20211026221250  -709.7 -65.6 -212.7
20211026221251  -709.2 -65.9 -212.2
20211026221252  -708.6 -65.3 -212.0
20211026221253  -708.3 -65.1 -211.6
20211026221254  -708.8 -65.2 -212.2
20211026221255  -708.8 -65.2 -212.4
20211026221256  -708.9 -65.2 -212.2
20211026221257  -709.0 -65.5 -211.9
20211026221258  -709.1 -65.3 -212.2
20211026221259  -709.1 -65.0 -212.2
20211026221300  -709.1 -65.0 -211.7
20211026221301  -708.9 -64.8 -211.6
20211026221302  -708.7 -64.8 -211.7
20211026221303  -708.6 -64.6 -211.9
20211026221304  -708.7 -64.4 -212.0
20211026221305  -708.6 -64.5 -211.8
20211026221306  -708.5 -64.8 -212.0
20211026221307  -708.4 -64.7 -212.1
20211026221308  -708.4 -64.6 -211.9
20211026221309  -708.2 -64.4 -211.6
20211026221310  -708.6 -64.3 -211.5
20211026221311  -708.3 -64.5 -211.6
20211026221312  -708.0 -64.2 -211.9
20211026221313  -708.2 -64.4 -211.6
20211026221314  -708.4 -64.6 -211.3
20211026221315  -708.4 -64.6 -211.6
20211026221316  -708.4 -64.6 -211.6
20211026221317  -708.3 -64.3 -211.3
20211026221318  -708.1 -64.0 -211.1
20211026221319  -708.2 -64.1 -211.2
20211026221320  -708.2 -64.1 -211.5
20211026221321  -708.1 -64.3 -211.4
20211026221322  -707.7 -64.0 -210.9
20211026221323  -707.4 -64.1 -210.7
20211026221324  -707.6 -63.8 -210.8
20211026221325  -708.2 -63.9 -211.0
20211026221326  -708.5 -63.8 -211.2
20211026221327  -708.5 -63.7 -211.2
20211026221328  -708.8 -63.8 -211.2
20211026221329  -708.6 -63.9 -211.2
20211026221330  -708.9 -64.0 -211.3
20211026221331  -708.9 -63.9 -211.3
20211026221332  -708.9 -63.9 -211.1
20211026221333  -709.0 -63.5 -211.1
20211026221334  -708.8 -63.6 -211.0
20211026221335  -708.9 -63.6 -211.0
20211026221336  -708.9 -63.5 -210.5
20211026221337  -708.8 -63.6 -210.8
20211026221338  -709.1 -63.7 -210.7
20211026221339  -708.9 -63.7 -210.7
20211026221340  -708.9 -63.6 -210.8
20211026221341  -708.9 -63.2 -210.6
20211026221342  -708.8 -63.4 -210.5
20211026221343  -708.6 -63.3 -210.6
20211026221344  -708.6 -63.5 -210.4
20211026221345  -708.4 -63.2 -210.2
20211026221346  -708.5 -63.3 -209.9
20211026221347  -708.5 -63.1 -210.0
20211026221348  -708.3 -63.1 -210.1
20211026221349  -708.1 -63.0 -209.8
20211026221350  -708.1 -63.1 -209.7
20211026221351  -707.9 -63.1 -209.4
20211026221352  -707.0 -63.1 -208.8
20211026221353  -706.8 -62.8 -208.2
20211026221354  -706.6 -62.5 -208.2
20211026221355  -707.2 -62.4 -208.6
20211026221356  -707.0 -62.5 -208.4
20211026221357  -706.8 -62.5 -208.6
20211026221358  -707.0 -62.2 -208.7
20211026221359  -706.9 -62.5 -208.6
20211026221400  -706.6 -62.4 -208.5
20211026221401  -706.4 -62.7 -208.3
20211026221402  -706.4 -62.9 -208.4
20211026221403  -705.9 -62.7 -208.3
20211026221404  -706.3 -62.6 -208.2
20211026221405  -705.8 -62.6 -208.5
20211026221406  -705.8 -62.4 -208.5
20211026221407  -705.7 -62.5 -208.3
20211026221408  -705.7 -62.5 -207.8
20211026221409  -705.6 -62.4 -208.2
20211026221410  -705.4 -62.5 -208.2
20211026221411  -705.4 -62.4 -208.4
20211026221412  -705.6 -62.4 -208.3
20211026221413  -705.3 -62.8 -208.2
20211026221414  -705.1 -62.7 -208.1
20211026221415  -705.2 -62.6 -207.9
20211026221416  -705.2 -62.5 -207.8
20211026221417  -705.3 -62.6 -207.8
20211026221418  -705.0 -63.0 -208.0
20211026221419  -704.7 -62.6 -207.8
20211026221420  -704.7 -63.0 -207.8
20211026221421  -704.7 -62.7 -207.8
20211026221422  -704.1 -62.9 -207.2
20211026221423  -703.8 -62.6 -206.6
20211026221424  -703.2 -62.8 -206.5
20211026221425  -703.2 -62.5 -206.3
20211026221426  -703.7 -62.8 -206.8
20211026221427  -703.9 -62.8 -206.7
20211026221428  -703.5 -62.9 -206.9
20211026221429  -703.4 -63.2 -206.9
20211026221430  -703.4 -63.2 -206.7
20211026221431  -703.3 -63.3 -206.9
20211026221432  -703.1 -63.0 -206.7
20211026221433  -703.0 -63.2 -206.5
20211026221434  -703.0 -63.6 -206.3
20211026221435  -703.0 -63.6 -206.6
20211026221436  -702.5 -63.7 -206.4
20211026221437  -702.3 -63.6 -206.3
20211026221438  -702.1 -63.5 -206.2
20211026221439  -702.0 -63.8 -206.2
20211026221440  -702.0 -63.7 -206.3
20211026221441  -701.5 -63.8 -206.4
20211026221442  -701.8 -64.0 -206.3
20211026221443  -701.5 -63.8 -206.5
20211026221444  -701.2 -63.7 -206.5
20211026221445  -701.3 -63.9 -206.6
20211026221446  -701.3 -63.8 -206.4
20211026221447  -701.2 -63.9 -206.2
20211026221448  -701.1 -63.7 -206.3
20211026221449  -700.9 -63.9 -206.2
20211026221450  -700.8 -63.9 -206.4
20211026221451  -700.9 -64.1 -206.2
20211026221452  -700.5 -64.1 -205.9
20211026221453  -700.4 -64.0 -205.4
20211026221454  -699.8 -64.3 -205.6
20211026221455  -699.8 -63.9 -205.1
20211026221456  -700.5 -63.8 -205.7
20211026221457  -700.4 -63.9 -205.9
20211026221458  -700.7 -64.1 -205.6
20211026221459  -700.5 -64.3 -205.7
20211026221500  -700.5 -64.2 -205.7
20211026221501  -700.2 -64.1 -205.9
20211026221502  -700.4 -64.4 -205.8
20211026221503  -700.5 -64.4 -206.0
20211026221504  -700.3 -64.5 -205.9
20211026221505  -700.2 -64.7 -205.9
20211026221506  -700.1 -64.7 -206.1
20211026221507  -700.4 -65.2 -206.1
20211026221508  -700.4 -65.1 -206.2
20211026221509  -700.5 -64.9 -206.2
20211026221510  -700.7 -65.0 -206.0
20211026221511  -700.2 -65.3 -206.0
20211026221512  -700.4 -65.2 -205.9
20211026221513  -700.5 -65.1 -205.9
20211026221514  -700.5 -65.1 -206.1
20211026221515  -700.8 -65.3 -206.1
20211026221516  -700.9 -65.3 -205.9
20211026221517  -700.8 -65.3 -206.0
20211026221518  -700.8 -65.8 -206.0
20211026221519  -700.7 -65.9 -206.1
20211026221520  -700.9 -65.9 -206.1
20211026221521  -701.2 -65.9 -206.0
20211026221522  -701.0 -66.1 -205.9
20211026221523  -700.5 -66.2 -205.6
20211026221524  -700.2 -66.2 -205.4
20211026221525  -700.3 -66.0 -205.4
20211026221526  -700.8 -66.1 -206.0
20211026221527  -700.8 -66.1 -206.1
20211026221528  -701.0 -66.3 -205.8
20211026221529  -700.8 -66.5 -206.0
20211026221530  -700.9 -66.7 -205.8
20211026221531  -700.7 -66.7 -205.6
20211026221532  -700.8 -66.5 -205.8
20211026221533  -700.8 -66.5 -205.7
20211026221534  -700.7 -66.5 -206.0
20211026221535  -701.0 -66.4 -205.8
20211026221536  -700.8 -66.4 -205.8
20211026221537  -700.8 -66.6 -206.1
20211026221538  -700.7 -66.7 -205.7
20211026221539  -700.9 -66.7 -205.9
20211026221540  -701.0 -66.7 -205.9
20211026221541  -700.8 -66.7 -205.9
20211026221542  -700.6 -66.8 -205.6
20211026221543  -700.6 -66.7 -205.6
20211026221544  -700.6 -66.9 -205.8
20211026221545  -700.6 -66.6 -205.7
20211026221546  -700.9 -66.6 -205.6
20211026221547  -700.7 -66.7 -205.5
20211026221548  -700.8 -66.7 -205.5
20211026221549  -700.5 -66.5 -205.6
20211026221550  -700.3 -66.4 -205.4
20211026221551  -700.4 -66.2 -205.7
20211026221552  -700.5 -66.3 -205.6
20211026221553  -699.7 -66.3 -205.4
20211026221554  -699.2 -66.2 -204.9
20211026221555  -698.9 -65.8 -204.6
20211026221556  -699.6 -65.8 -205.1
20211026221557  -699.6 -65.6 -205.1
20211026221558  -699.4 -65.4 -205.4
20211026221559  -699.4 -65.1 -205.6
20211026221600  -699.9 -65.3 -205.6
20211026221601  -699.6 -65.4 -205.7
20211026221602  -700.0 -65.3 -206.0
20211026221603  -699.8 -65.3 -205.8
20211026221604  -700.0 -65.2 -205.5
20211026221605  -700.2 -65.3 -205.9
20211026221606  -700.3 -65.3 -206.0
20211026221607  -700.6 -65.3 -206.1
20211026221608  -700.7 -65.3 -205.8
20211026221609  -700.9 -65.4 -205.7
20211026221610  -700.8 -65.8 -205.6
20211026221611  -700.6 -65.6 -205.7
20211026221612  -700.6 -65.6 -205.7
20211026221613  -700.4 -65.6 -205.3
20211026221614  -700.4 -65.6 -205.5
20211026221615  -700.3 -65.8 -205.4
20211026221616  -700.6 -65.6 -205.1
20211026221617  -700.5 -65.8 -205.2
20211026221618  -700.7 -65.4 -205.3
20211026221619  -700.5 -65.3 -205.1
20211026221620  -700.6 -65.5 -205.2
20211026221621  -700.5 -65.9 -205.1
20211026221622  -701.0 -65.8 -205.2
20211026221623  -700.7 -66.0 -205.2
20211026221624  -699.9 -65.9 -204.7
20211026221625  -699.9 -65.6 -204.4
20211026221626  -700.3 -65.9 -204.8
20211026221627  -700.2 -66.0 -204.8
20211026221628  -700.4 -66.2 -204.8
20211026221629  -700.4 -66.1 -204.9
20211026221630  -700.2 -66.0 -205.0
20211026221631  -700.3 -65.9 -205.0
20211026221632  -699.9 -66.0 -205.0
20211026221633  -699.8 -66.3 -204.6
20211026221634  -699.5 -66.6 -204.7
20211026221635  -699.3 -66.5 -204.8
20211026221636  -699.3 -66.7 -204.9
20211026221637  -699.4 -67.1 -204.8
20211026221638  -699.1 -66.7 -204.8
20211026221639  -699.4 -66.7 -204.8
20211026221640  -699.5 -66.8 -204.9
20211026221641  -699.2 -67.2 -204.9
20211026221642  -699.3 -67.0 -205.1
20211026221643  -699.1 -66.8 -204.8
20211026221644  -699.2 -66.6 -204.7
20211026221645  -699.1 -66.6 -204.6
20211026221646  -699.1 -66.6 -204.9
20211026221647  -699.0 -66.6 -204.7
20211026221648  -698.9 -66.8 -204.6
20211026221649  -699.0 -66.7 -204.8
20211026221650  -698.9 -66.7 -204.8
20211026221651  -698.9 -66.9 -204.5
20211026221652  -699.2 -66.7 -204.7
20211026221653  -698.9 -66.7 -204.5
20211026221654  -698.5 -66.6 -204.3
20211026221655  -698.2 -66.5 -203.9
20211026221656  -698.9 -66.5 -204.1
20211026221657  -699.2 -66.5 -204.3
20211026221658  -698.9 -66.7 -204.7
20211026221659  -698.9 -66.5 -204.6
20211026221700  -699.3 -66.5 -204.4
20211026221701  -699.0 -66.6 -204.4
20211026221702  -698.9 -66.3 -204.5
20211026221703  -698.7 -66.2 -204.4
20211026221704  -698.8 -66.3 -204.3
20211026221705  -699.2 -66.7 -204.1
20211026221706  -699.0 -66.3 -204.1
20211026221707  -699.0 -66.2 -204.2
20211026221708  -699.1 -66.2 -204.4
20211026221709  -699.0 -66.4 -204.1
20211026221710  -699.1 -66.4 -204.5
20211026221711  -699.3 -66.4 -204.6
20211026221712  -699.5 -66.4 -204.8
20211026221713  -699.3 -66.3 -204.4
20211026221714  -699.5 -66.7 -204.6
20211026221715  -699.6 -66.6 -204.6
20211026221716  -699.8 -66.4 -204.5
20211026221717  -699.7 -66.2 -204.3
20211026221718  -699.8 -66.5 -204.3
20211026221719  -700.2 -66.6 -204.3
20211026221720  -700.1 -66.7 -204.4
20211026221721  -700.0 -66.6 -204.6
20211026221722  -700.2 -66.5 -204.2
20211026221723  -700.3 -66.6 -204.5
20211026221724  -700.0 -66.8 -204.3
20211026221725  -699.8 -66.5 -203.8
20211026221726  -700.6 -66.6 -204.2
20211026221727  -700.9 -66.8 -204.4
20211026221728  -700.7 -67.0 -204.4
20211026221729  -700.7 -66.6 -204.7
20211026221730  -700.8 -66.6 -204.5
20211026221731  -701.1 -67.1 -204.5
20211026221732  -701.2 -67.2 -204.3
20211026221733  -701.2 -67.1 -204.4
20211026221734  -701.5 -67.4 -204.2
20211026221735  -701.4 -67.0 -204.3
20211026221736  -701.4 -67.0 -204.3
20211026221737  -701.5 -67.1 -204.3
20211026221738  -701.8 -67.3 -204.4
20211026221739  -702.0 -67.3 -204.5
20211026221740  -701.9 -67.6 -204.6
20211026221741  -702.2 -67.5 -204.4
20211026221742  -702.3 -67.5 -204.3
20211026221743  -702.4 -67.1 -204.6
20211026221744  -702.5 -67.4 -204.5
20211026221745  -702.3 -67.5 -204.4
20211026221746  -702.1 -67.4 -204.8
20211026221747  -702.3 -67.3 -204.7
20211026221748  -702.6 -67.0 -204.4
20211026221749  -702.7 -67.3 -204.4
20211026221750  -702.7 -67.5 -204.6
20211026221751  -702.7 -67.6 -204.5
20211026221752  -702.6 -67.7 -204.5
20211026221753  -702.5 -67.9 -204.7
20211026221754  -702.2 -67.8 -204.4
20211026221755  -702.0 -67.5 -203.6
20211026221756  -702.3 -67.5 -203.6
20211026221757  -702.9 -67.5 -204.1
20211026221758  -702.7 -67.2 -204.4
20211026221759  -702.8 -67.3 -204.6
20211026221800  -703.0 -67.2 -204.4
20211026221801  -703.2 -67.2 -204.7
20211026221802  -703.4 -67.2 -204.8
20211026221803  -703.5 -66.9 -204.7
20211026221804  -703.7 -67.2 -204.8
20211026221805  -703.9 -67.1 -204.6
20211026221806  -703.8 -67.2 -204.6
20211026221807  -703.9 -66.7 -204.7
20211026221808  -704.1 -66.6 -204.8
20211026221809  -704.2 -66.7 -204.9
20211026221810  -704.4 -66.7 -205.2
20211026221811  -704.8 -66.7 -205.1
20211026221812  -704.7 -66.6 -204.8
20211026221813  -704.8 -66.4 -204.6
20211026221814  -705.2 -66.5 -204.5
20211026221815  -705.4 -66.4 -204.5
20211026221816  -705.4 -66.3 -204.1
20211026221817  -705.7 -66.6 -204.2
20211026221818  -705.2 -66.7 -204.0
20211026221819  -705.3 -66.8 -204.0
