20211031012425  -722.9 -41.5 -259.5
20211031012426  -723.2 -41.7 -259.3
20211031012427  -723.1 -41.8 -259.3
20211031012428  -723.3 -41.9 -259.2
20211031012429  -723.2 -41.9 -259.0
20211031012430  -723.1 -42.5 -259.1
20211031012431  -723.0 -42.3 -259.0
20211031012432  -723.5 -42.4 -258.8
20211031012433  -723.4 -42.3 -258.8
20211031012434  -723.0 -42.1 -258.9
20211031012435  -723.3 -41.9 -259.0
20211031012436  -723.1 -42.1 -258.8
20211031012437  -723.1 -42.2 -259.0
20211031012438  -723.1 -42.4 -258.9
20211031012439  -723.1 -42.5 -258.8
20211031012440  -723.3 -42.9 -258.9
20211031012441  -722.9 -42.9 -258.9
20211031012442  -722.9 -42.8 -258.7
20211031012443  -723.2 -42.6 -258.7
20211031012444  -723.0 -42.3 -259.0
20211031012445  -723.2 -42.4 -258.8
20211031012446  -722.4 -42.3 -258.3
20211031012447  -721.9 -42.2 -258.1
20211031012448  -722.0 -42.3 -257.8
20211031012449  -722.0 -42.3 -257.8
20211031012450  -722.5 -42.5 -258.6
20211031012451  -722.7 -43.1 -258.8
20211031012452  -722.6 -42.8 -259.0
20211031012453  -722.9 -42.9 -258.9
20211031012454  -723.0 -42.6 -259.2
20211031012455  -723.1 -42.4 -259.0
20211031012456  -723.1 -42.3 -258.9
20211031012457  -723.0 -42.6 -258.7
20211031012458  -723.0 -42.8 -258.7
20211031012459  -723.1 -42.9 -258.5
20211031012500  -723.2 -43.2 -258.9
20211031012501  -723.0 -43.4 -259.2
20211031012502  -722.9 -43.5 -259.5
20211031012503  -722.9 -43.4 -259.8
20211031012504  -723.0 -43.5 -260.2
20211031012505  -723.0 -43.7 -260.1
20211031012506  -723.4 -43.5 -260.3
20211031012507  -723.5 -43.7 -260.1
20211031012508  -723.4 -43.7 -260.1
20211031012509  -723.6 -43.9 -260.2
20211031012510  -724.0 -43.9 -260.1
20211031012511  -724.1 -44.0 -260.0
20211031012512  -723.7 -43.8 -260.0
20211031012513  -724.3 -43.8 -260.1
20211031012514  -724.1 -44.0 -260.5
20211031012515  -724.0 -44.1 -260.7
20211031012516  -723.3 -43.9 -260.0
20211031012517  -723.3 -44.1 -259.8
20211031012518  -722.9 -43.9 -259.5
20211031012519  -723.0 -43.7 -259.4
20211031012520  -723.9 -43.8 -260.0
20211031012521  -724.3 -43.8 -260.1
20211031012522  -724.4 -43.9 -259.7
20211031012523  -724.7 -44.0 -259.8
20211031012524  -724.6 -43.5 -259.3
20211031012525  -724.6 -43.5 -259.4
20211031012526  -724.5 -43.4 -259.3
20211031012527  -724.2 -43.4 -259.3
20211031012528  -724.3 -43.4 -259.4
20211031012529  -724.3 -43.6 -259.1
20211031012530  -724.2 -43.4 -259.0
20211031012531  -723.8 -43.6 -259.2
20211031012532  -724.0 -44.1 -259.4
20211031012533  -724.1 -43.9 -259.2
20211031012534  -724.1 -44.1 -259.3
20211031012535  -724.3 -44.4 -259.0
20211031012536  -724.7 -44.2 -258.9
20211031012537  -724.5 -43.9 -258.8
20211031012538  -724.5 -43.7 -258.8
20211031012539  -724.4 -43.5 -259.2
20211031012540  -724.6 -43.4 -259.7
20211031012541  -724.1 -43.5 -259.8
20211031012542  -724.1 -43.2 -259.9
20211031012543  -724.1 -43.0 -259.9
20211031012544  -723.9 -42.9 -260.3
20211031012545  -724.3 -43.3 -260.2
20211031012546  -724.0 -43.5 -259.8
20211031012547  -723.8 -43.4 -259.5
20211031012548  -723.7 -43.3 -259.1
20211031012549  -724.1 -43.4 -259.2
20211031012550  -724.8 -43.4 -259.8
20211031012551  -724.7 -43.5 -259.8
20211031012552  -724.5 -43.4 -259.7
20211031012553  -724.4 -43.6 -259.8
20211031012554  -724.5 -43.5 -259.7
20211031012555  -724.5 -43.5 -259.9
20211031012556  -724.7 -43.3 -260.1
20211031012557  -724.8 -43.4 -260.1
20211031012558  -724.6 -43.3 -260.2
20211031012559  -724.6 -43.1 -260.4
20211031012600  -724.3 -43.2 -260.5
20211031012601  -724.6 -43.4 -260.5
20211031012602  -724.6 -43.2 -260.7
20211031012603  -724.6 -43.3 -260.8
20211031012604  -724.2 -43.6 -261.1
20211031012605  -724.6 -43.6 -261.4
20211031012606  -724.8 -44.2 -261.0
20211031012607  -724.6 -43.9 -260.9
20211031012608  -724.7 -43.8 -261.1
20211031012609  -724.7 -43.8 -260.7
20211031012610  -724.9 -43.8 -260.6
20211031012611  -725.0 -43.9 -260.6
20211031012612  -724.9 -44.2 -260.6
20211031012613  -724.9 -44.6 -260.3
20211031012614  -724.7 -44.7 -260.4
20211031012615  -724.7 -45.2 -260.7
20211031012616  -724.0 -45.7 -260.3
20211031012617  -723.7 -45.3 -259.8
20211031012618  -723.5 -45.0 -259.7
20211031012619  -724.2 -44.5 -259.9
20211031012620  -724.4 -44.1 -260.1
20211031012621  -724.3 -44.0 -260.0
20211031012622  -724.3 -44.2 -259.9
20211031012623  -724.7 -44.1 -260.0
20211031012624  -724.7 -44.3 -260.1
20211031012625  -724.5 -44.3 -259.9
20211031012626  -724.4 -44.3 -260.0
20211031012627  -724.4 -44.2 -259.9
20211031012628  -724.1 -44.1 -259.8
20211031012629  -723.8 -44.0 -260.3
20211031012630  -723.9 -44.0 -260.4
20211031012631  -723.7 -44.2 -260.5
20211031012632  -723.9 -43.9 -260.6
20211031012633  -723.9 -43.9 -260.3
20211031012634  -723.6 -43.9 -260.1
20211031012635  -723.8 -44.0 -260.4
20211031012636  -723.8 -44.1 -260.0
20211031012637  -724.1 -44.3 -260.0
20211031012638  -724.0 -44.1 -260.1
20211031012639  -723.9 -44.5 -260.1
20211031012640  -723.9 -44.7 -260.3
20211031012641  -724.3 -44.9 -260.4
20211031012642  -724.2 -45.1 -260.5
20211031012643  -724.4 -45.2 -260.5
20211031012644  -724.3 -45.1 -260.4
20211031012645  -724.1 -45.3 -260.5
20211031012646  -723.7 -45.6 -260.4
20211031012647  -723.0 -45.6 -260.1
20211031012648  -722.8 -45.5 -259.8
20211031012649  -723.4 -46.0 -260.5
20211031012650  -723.7 -46.2 -260.2
20211031012651  -723.6 -46.6 -260.2
20211031012652  -723.5 -46.6 -260.2
20211031012653  -723.7 -46.5 -259.7
20211031012654  -723.6 -46.5 -259.8
20211031012655  -723.7 -46.6 -260.0
20211031012656  -723.7 -46.4 -260.1
20211031012657  -724.0 -46.1 -260.4
20211031012658  -723.7 -45.9 -260.5
20211031012659  -723.6 -46.0 -260.5
20211031012700  -723.6 -46.1 -260.7
20211031012701  -723.8 -46.0 -261.1
20211031012702  -723.8 -46.5 -261.3
20211031012703  -724.1 -46.3 -261.5
20211031012704  -724.3 -46.0 -261.2
20211031012705  -724.9 -46.2 -261.3
20211031012706  -724.6 -46.2 -260.9
20211031012707  -725.2 -46.3 -260.5
20211031012708  -724.9 -45.9 -260.2
20211031012709  -725.1 -45.9 -260.2
20211031012710  -725.1 -45.9 -259.9
20211031012711  -725.4 -45.5 -259.6
20211031012712  -725.3 -45.6 -259.7
20211031012713  -725.2 -45.4 -259.2
20211031012714  -725.8 -45.8 -259.1
20211031012715  -725.7 -45.5 -258.9
20211031012716  -725.5 -45.4 -258.7
20211031012717  -724.9 -45.0 -258.5
20211031012718  -725.3 -44.8 -258.7
20211031012719  -725.8 -45.0 -259.3
20211031012720  -725.6 -44.8 -259.2
20211031012721  -725.8 -45.2 -259.4
20211031012722  -726.0 -45.3 -259.6
20211031012723  -725.9 -45.4 -259.8
20211031012724  -726.1 -45.4 -259.9
20211031012725  -726.2 -45.3 -260.1
20211031012726  -726.7 -45.6 -260.1
20211031012727  -726.6 -45.9 -259.6
20211031012728  -727.1 -46.0 -259.8
20211031012729  -727.1 -46.1 -259.7
20211031012730  -727.1 -46.2 -259.7
20211031012731  -727.4 -46.1 -259.4
20211031012732  -727.5 -45.9 -259.8
20211031012733  -727.5 -46.1 -260.0
20211031012734  -727.5 -46.7 -259.7
20211031012735  -727.8 -46.6 -259.9
20211031012736  -727.8 -46.7 -259.9
20211031012737  -728.1 -47.4 -259.6
20211031012738  -728.3 -47.9 -259.8
20211031012739  -728.4 -48.1 -259.8
20211031012740  -728.2 -48.4 -259.8
20211031012741  -728.5 -48.8 -259.8
20211031012742  -728.7 -49.1 -260.0
20211031012743  -728.7 -49.1 -259.9
20211031012744  -728.5 -49.0 -260.1
20211031012745  -728.5 -49.1 -260.0
20211031012746  -728.5 -49.0 -260.0
20211031012747  -727.6 -48.9 -259.5
20211031012748  -728.5 -49.3 -260.0
20211031012749  -728.6 -49.0 -260.0
20211031012750  -728.4 -49.1 -260.0
20211031012751  -728.3 -49.2 -259.6
20211031012752  -728.2 -49.0 -259.8
20211031012753  -728.2 -48.8 -259.8
20211031012754  -728.1 -48.6 -259.8
20211031012755  -728.1 -48.4 -260.0
20211031012756  -728.4 -48.3 -260.0
20211031012757  -728.7 -48.2 -260.0
20211031012758  -729.1 -48.3 -260.1
20211031012759  -729.5 -48.5 -260.0
20211031012800  -729.9 -49.1 -259.9
20211031012801  -730.0 -48.9 -259.5
20211031012802  -730.1 -49.4 -259.2
20211031012803  -730.4 -49.1 -259.4
20211031012804  -730.7 -49.3 -259.1
20211031012805  -730.7 -49.4 -259.1
20211031012806  -730.5 -49.4 -259.4
20211031012807  -730.4 -49.0 -259.0
20211031012808  -730.4 -48.5 -259.1
20211031012809  -730.5 -48.3 -259.4
20211031012810  -730.3 -47.8 -259.2
20211031012811  -730.3 -47.6 -259.3
20211031012812  -730.4 -47.4 -259.1
20211031012813  -730.5 -47.0 -259.3
