.3 -686.4
20211205233006  -1084.5 -62.9 -686.7
20211205233007  -1084.5 -63.2 -687.6
20211205233008  -1084.9 -64.2 -688.8
20211205233009  -1085.1 -64.7 -690.0
20211205233010  -1085.6 -64.7 -690.5
20211205233011  -1085.9 -64.7 -690.7
20211205233012  -1085.8 -64.7 -690.7
20211205233013  -1085.8 -64.6 -690.6
20211205233014  -1085.3 -64.4 -691.0
20211205233015  -1085.1 -64.2 -691.3
20211205233016  -1084.5 -63.8 -691.7
20211205233017  -1084.9 -63.8 -692.5
20211205233018  -1084.4 -62.8 -691.8
20211205233019  -1084.2 -62.0 -691.2
20211205233020  -1084.2 -61.3 -691.1
20211205233021  -1083.9 -60.9 -691.5
20211205233022  -1083.9 -60.9 -692.1
20211205233023  -1084.2 -61.3 -693.0
20211205233024  -1084.6 -61.2 -693.9
20211205233025  -1084.8 -61.6 -694.4
20211205233026  -1084.8 -61.6 -694.6
20211205233027  -1085.0 -61.2 -694.9
20211205233028  -1084.7 -60.1 -695.4
20211205233029  -1084.9 -58.9 -695.7
20211205233030  -1085.6 -57.9 -696.6
20211205233031  -1086.7 -57.4 -698.2
20211205233032  -1087.1 -56.1 -699.0
20211205233033  -1087.3 -55.3 -700.3
20211205233034  -1087.4 -54.7 -701.3
20211205233035  -1087.4 -54.1 -702.3
20211205233036  -1087.0 -53.4 -703.2
20211205233037  -1086.9 -52.9 -703.9
20211205233038  -1086.6 -52.0 -704.8
20211205233039  -1086.8 -52.1 -706.3
20211205233040  -1087.3 -52.6 -707.5
20211205233041  -1087.8 -52.7 -708.5
20211205233042  -1088.4 -52.8 -708.9
20211205233043  -1088.8 -52.6 -710.0
20211205233044  -1089.5 -52.3 -710.7
20211205233045  -1089.0 -51.1 -710.0
20211205233046  -1088.4 -50.1 -709.5
20211205233047  -1088.5 -48.9 -709.5
20211205233048  -1088.5 -47.9 -710.0
20211205233049  -1088.5 -46.7 -710.4
20211205233050  -1088.9 -45.6 -711.0
20211205233051  -1089.3 -44.6 -711.7
20211205233052  -1089.8 -43.8 -712.4
20211205233053  -1090.3 -43.5 -713.2
20211205233054  -1091.0 -42.5 -713.6
20211205233055  -1091.7 -41.6 -713.5
20211205233056  -1092.2 -40.6 -713.2
20211205233057  -1092.8 -39.3 -713.1
20211205233058  -1094.2 -38.8 -713.9
20211205233059  -1095.0 -38.7 -714.4
20211205233100  -1095.6 -39.0 -715.1
20211205233101  -1096.3 -38.8 -715.7
20211205233102  -1097.0 -38.7 -715.9
20211205233103  -1097.6 -38.1 -715.6
20211205233104  -1098.0 -37.8 -715.1
20211205233105  -1098.6 -37.5 -714.8
20211205233106  -1098.8 -37.3 -714.6
20211205233107  -1099.0 -37.2 -714.4
20211205233108  -1098.9 -37.3 -714.5
20211205233109  -1099.0 -37.3 -715.0
20211205233110  -1099.6 -36.9 -715.3
20211205233111  -1100.5 -36.5 -716.2
20211205233112  -1101.1 -35.2 -717.1
20211205233113  -1100.7 -32.8 -717.4
20211205233114  -1100.5 -31.1 -716.9
20211205233115  -1099.9 -29.2 -716.1
20211205233116  -1099.4 -28.4 -716.0
20211205233117  -1098.7 -27.6 -715.8
20211205233118  -1098.1 -27.6 -716.2
20211205233119  -1097.9 -27.9 -716.6
20211205233120  -1097.8 -27.4 -716.9
20211205233121  -1097.6 -27.0 -717.2
20211205233122  -1097.8 -27.0 -717.2
20211205233123  -1097.6 -27.0 -717.6
20211205233124  -1097.5 -26.8 -718.3
20211205233125  -1098.6 -26.8 -719.4
20211205233126  -1099.6 -27.0 -720.8
20211205233127  -1100.4 -27.0 -721.2
20211205233128  -1100.8 -26.7 -721.8
20211205233129  -1101.4 -26.7 -721.7
20211205233130  -1101.6 -26.7 -721.9
20211205233131  -1101.8 -26.5 -721.9
20211205233132  -1102.5 -25.9 -722.4
20211205233133  -1102.9 -25.9 -723.3
20211205233134  -1103.8 -26.0 -724.0
20211205233135  -1104.5 -25.8 -724.5
20211205233136  -1105.2 -25.9 -724.4
20211205233137  -1106.4 -25.9 -724.8
20211205233138  -1107.7 -25.2 -724.5
20211205233139  -1108.6 -25.2 -725.1
20211205233140  -1108.1 -24.6 -724.0
20211205233141  -1107.5 -24.8 -723.9
20211205233142  -1107.2 -25.6 -724.0
20211205233143  -1107.7 -26.1 -724.1
20211205233144  -1108.4 -26.3 -724.2
20211205233145  -1108.7 -25.9 -723.9
20211205233146  -1109.6 -25.9 -723.1
20211205233147  -1110.2 -26.0 -722.8
20211205233148  -1110.8 -26.0 -722.2
20211205233149  -1111.6 -26.6 -721.7
20211205233150  -1112.8 -27.3 -721.4
20211205233151  -1113.9 -27.6 -720.9
20211205233152  -1115.4 -28.4 -720.7
20211205233153  -1118.2 -29.4 -721.2
20211205233154  -1119.9 -29.9 -720.7
20211205233155  -1121.3 -30.8 -719.8
20211205233156  -1122.3 -31.3 -719.1
20211205233157  -1123.9 -31.8 -718.3
20211205233158  -1125.7 -32.6 -717.4
20211205233159  -1127.7 -32.9 -717.0
20211205233200  -1129.2 -33.5 -716.7
20211205233201  -1131.3 -34.3 -716.9
20211205233202  -1133.4 -35.2 -716.7
20211205233203  -1135.2 -36.2 -715.7
20211205233204  -1137.3 -37.3 -714.6
20211205233205  -1138.8 -38.9 -713.2
20211205233206  -1140.4 -41.1 -712.2
20211205233207  -1141.8 -42.7 -709.9
20211205233208  -1143.0 -44.0 -707.8
20211205233209  -1144.4 -44.8 -706.1
20211205233210  -1146.2 -45.6 -704.3
20211205233211  -1148.2 -46.3 -702.6
20211205233212  -1149.6 -46.8 -700.0
20211205233213  -1150.7 -46.9 -697.3
20211205233214  -1151.4 -47.5 -694.8
20211205233215  -1152.0 -48.2 -693.0
20211205233216  -1152.7 -49.0 -690.8
20211205233217  -1152.4 -50.5 -689.2
20211205233218  -1152.8 -51.5 -687.8
20211205233219  -1152.7 -52.3 -686.6
20211205233220  -1153.1 -53.8 -685.9
20211205233221  -1154.3 -55.5 -685.7
20211205233222  -1154.7 -57.0 -685.0
20211205233223  -1155.4 -58.7 -684.8
20211205233224  -1155.6 -60.2 -684.9
20211205233225  -1156.0 -61.0 -684.7
20211205233226  -1156.1 -62.2 -684.3
20211205233227  -1156.2 -62.6 -684.2
20211205233228  -1156.2 -62.7 -683.9
20211205233229  -1156.1 -63.3 -683.9
20211205233230  -1155.7 -63.9 -683.6
20211205233231  -1155.3 -64.6 -683.3
20211205233232  -1154.6 -65.0 -682.7
20211205233233  -1154.1 -65.6 -682.2
20211205233234  -1154.6 -66.9 -683.6
20211205233235  -1153.9 -67.3 -683.0
20211205233236  -1153.5 -68.4 -682.5
20211205233237  -1153.0 -69.6 -681.3
20211205233238  -1152.4 -70.5 -679.7
20211205233239  -1151.6 -71.7 -677.8
20211205233240  -1150.6 -73.0 -676.4
20211205233241  -1149.8 -74.4 -675.3
20211205233242  -1149.0 -76.0 -674.4
20211205233243  -1148.4 -77.5 -674.1
20211205233244  -1148.1 -79.2 -673.7
20211205233245  -1147.3 -80.7 -672.9
20211205233246  -1145.7 -82.1 -671.5
20211205233247  -1144.2 -83.8 -670.5
20211205233248  -1143.8 -85.5 -671.2
20211205233249  -1143.3 -87.5 -672.0
20211205233250  -1142.4 -89.4 -672.5
20211205233251  -1142.2 -90.6 -673.0
20211205233252  -1141.4 -91.6 -673.1
20211205233253  -1140.7 -92.7 -673.1
20211205233254  -1139.7 -94.3 -672.9
20211205233255  -1139.0 -95.8 -672.9
20211205233256  -1138.0 -97.0 -672.7
20211205233257  -1138.1 -98.5 -673.3
20211205233258  -1138.2 -100.0 -674.2
20211205233259  -1138.2 -101.2 -675.5
20211205233300  -1137.4 -102.1 -676.2
20211205233301  -1137.7 -103.6 -677.9
20211205233302  -1137.0 -104.4 -678.1
20211205233303  -1136.2 -105.3 -677.8
20211205233304  -1135.4 -105.9 -677.4
20211205233305  -1134.6 -106.8 -677.1
20211205233306  -1134.0 -108.0 -677.4
20211205233307  -1133.3 -109.3 -677.0
20211205233308  -1132.7 -111.0 -677.5
20211205233309  -1132.0 -112.1 -677.6
20211205233310  -1131.1 -113.3 -677.3
20211205233311  -1130.7 -114.5 -677.2
20211205233312  -1129.4 -116.0 -677.3
20211205233313  -1128.7 -117.2 -677.8
20211205233314  -1127.3 -118.6 -678.1
20211205233315  -1126.9 -119.6 -678.7
20211205233316  -1127.2 -120.8 -679.3
20211205233317  -1125.9 -121.6 -679.6
20211205233318  -1125.0 -122.0 -680.1
20211205233319  -1123.6 -122.1 -680.4
20211205233320  -1122.2 -122.7 -681.1
20211205233321  -1120.2 -123.4 -681.4
20211205233322  -1118.5 -124.0 -682.3
20211205233323  -1116.4 -124.4 -682.9
20211205233324  -1114.7 -125.4 -683.6
20211205233325  -1112.5 -126.4 -684.5
20211205233326  -1110.4 -126.7 -685.0
20211205233327  -1108.7 -126.6 -685.2
20211205233328  -1106.5 -126.3 -685.7
20211205233329  -1104.3 -125.4 -686.9
20211205233330  -1101.0 -123.8 -687.6
20211205233331  -1098.2 -122.5 -688.2
20211205233332  -1095.5 -121.6 -688.6
20211205233333  -1092.4 -120.8 -689.5
20211205233334  -1090.1 -120.2 -689.7
20211205233335  -1087.1 -119.3 -689.7
20211205233336  -1084.2 -117.8 -690.1
20211205233337  -1081.0 -116.3 -690.7
20211205233338  -1078.3 -114.4 -691.7
20211205233339  -1075.8 -112.4 -693.2
20211205233340  -1073.7 -110.2 -694.7
20211205233341  -1071.3 -108.3 -696.0
20211205233342  -1069.1 -106.2 -698.0
20211205233343  -1067.8 -105.2 -700.9
20211205233344  -1065.6 -103.9 -703.2
20211205233345  -1063.1 -102.7 -705.7
20211205233346  -1061.2 -101.8 -707.6
20211205233347  -1058.8 -101.5 -708.7
20211205233348  -1056.0 -101.1 -710.0
20211205233349  -1053.2 -100.6 -711.4
20211205233350  -1050.3 -99.6 -712.4
20211205233351  -1048.3 -98.6 -714.2
20211205233352  -1045.7 -97.5 -715.4
20211205233353  -1043.7 -96.7 -716.7
20211205233354  -1041.4 -96.1 -717.9
20211205233355  -1039.9 -95.2 -718.7
20211205233356  -1038.9 -95.2 -720.7
20211205233357  -1037.0 -94.3 -721.3
20211205233358  -1035.3 -93.4 -721.3
20211205233359  -1033.9 -92.7 -722.3
20211205233400  -1032.9 -91.8 -723.5
20211205233401  -1032.6 -90.8 -724.4
20211205233402  -1032.4 -89.4 -724.7
20211205233403  -1032.3 -87.8 -723.8
20211205233404  -1032.3 -86.0 -723.2
20211205233405  -1031.6 -84.6 -722.8
20211205233406  -1030.7 -83.2 -722.9
20211205233407  -1029.6 -82.3 -723.5
20211205233408  -1029.1 -81.1 -724.1
20211205233409  -1028.6 -80.2 -725.4
20211205233410  -1029.4 -79.2 -727.0
20211205233411  -1030.3 -77.9 -728.3
20211205233412  -1031.0 -77.2 -729.2
20211205233413  -1031.6 -76.6 -729.8
20211205233414  -1032.2 -76.4 -730.5
20211205233415  -1033.1 -76.4 -731.2
20211205233416  -1033.5 -76.4 -731.7
20211205233417  -1034.5 -76.3 -732.0
20211205233418  -1035.1 -76.0 -732.4
20211205233419  -1035.3 -75.4 -732.0
20211205233420  -1035.8 -74.8 -732.2
20211205233421  -1036.0 -74.3 -732.9
20211205233422  -1036.0 -74.3 -733.5
20211205233423  -1036.5 -74.5 -734.5
20211205233424  -1036.8 -74.3 -735.0
20211205233425  -1035.9 -73.3 -734.3
20211205233426  -1035.3 -72.1 -734.6
20211205233427  -1034.7 -71.8 -735.0
20211205233428  -1034.2 -71.0 -735.9
20211205233429  -1033.9 -70.3 -736.6
20211205233430  -1034.1 -69.6 -736.6
20211205233431  -1033.8 -68.8 -736.0
20211205233432  -1033.2 -68.5 -735.3
20211205233433  -1032.8 -68.0 -735.0
20211205233434  -1031.9 -67.7 -735.0
20211205233435  -1031.8 -68.1 -734.9
20211205233436  -1031.9 -67.6 -735.2
20211205233437  -1031.6 -67.4 -734.8
20211205233438  -1032.1 -67.7 -735.6
20211205233439  -1031.5 -67.5 -735.6
20211205233440  -1030.6 -67.3 -735.8
20211205233441  -1030.1 -67.2 -735.8
20211205233442  -1029.4 -67.5 -735.8
20211205233443  -1029.2 -67.3 -735.6
20211205233444  -1029.5 -66.8 -735.3
20211205233445  -1029.7 -66.2 -735.6
20211205233446  -1030.2 -64.9 -735.3
20211205233447  -1030.8 -64.1 -734.9
20211205233448  -1031.0 -63.7 -734.1
20211205233449  -1031.2 -63.1 -733.4
20211205233450  -1031.1 -63.3 -732.9
20211205233451  -1031.7 -63.3 -733.4
20211205233452  -1031.3 -62.9 -732.2
20211205233453  -1030.7 -62.6 -731.2
20211205233454  -1030.6 -62.8 -730.1
20211205233455  -1030.7 -63.6 -728.9
20211205233456  -1030.9 -63.5 -728.3
20211205233457  -1030.7 -63.5 -727.8
20211205233458  -1030.7 -63.3 -728.0
20211205233459  -1030.5 -63.1 -728.1
20211205233500  -1030.7 -63.3 -727.8
20211205233501  -1031.5 -62.4 -727.3
20211205233502  -1032.1 -61.2 -726.0
20211205233503  -1032.6 -60.4 -725.3
20211205233504  -1033.7 -59.6 -725.2
20211205233505  -1035.5 -59.3 -726.0
20211205233506  -1036.1 -59.6 -726.3
20211205233507  -1037.0 -59.6 -725.7
20211205233508  -1037.9 -59.3 -725.4
20211205233509  -1038.4 -58.4 -724.9
20211205233510  -1038.8 -57.6 -724.7
20211205233511  -1039.2 -57.3 -724.6
20211205233512  -1039.5 -57.2 -724.5
20211205233513  -1040.2 -56.9 -724.4
20211205233514  -1040.6 -57.3 -724.6
20211205233515  -1040.5 -58.1 -725.2
20211205233516  -1041.4 -59.4 -726.2
20211205233517  -1041.7 -60.5 -726.7
20211205233518  -1042.7 -62.4 -727.4
20211205233519  -1043.4 -63.0 -727.1
20211205233520  -1043.4 -62.8 -726.4
20211205233521  -1043.7 -62.9 -725.6
20211205233522  -1043.7 -63.5 -724.9
20211205233523  -1043.4 -64.0 -724.1
20211205233524  -1043.1 -64.1 -723.4
20211205233525  -1042.9 -64.8 -722.8
20211205233526  -1042.6 -65.0 -721.9
20211205233527  -1043.0 -65.3 -721.6
20211205233528  -1043.7 -65.5 -721.2
20211205233529  -1043.7 -66.2 -720.5
20211205233530  -1043.5 -65.9 -719.9
20211205233531  -1043.1 -65.8 -719.7
20211205233532  -1044.3 -66.2 -720.8
20211205233533  -1044.5 -66.2 -721.0
20211205233534  -1044.7 -65.6 -721.5
20211205233535  -1045.1 -65.4 -721.9
20211205233536  -1046.0 -65.3 -721.9
20211205233537  -1046.0 -65.2 -721.6
20211205233538  -1046.0 -65.4 -721.6
20211205233539  -1046.1 -65.3 -721.7
20211205233540  -1045.9 -65.3 -721.7
20211205233541  -1045.8 -65.6 -721.7
20211205233542  -1045.6 -66.0 -721.7
20211205233543  -1045.7 -66.3 -721.7
20211205233544  -1045.6 -66.3 -721.7
20211205233545  -1045.9 -66.2 -722.0
20211205233546  -1046.1 -66.6 -722.4
20211205233547  -1044.9 -66.0 -722.1
20211205233548  -1044.2 -66.2 -722.9
20211205233549  -1043.6 -66.3 -723.8
20211205233550  -1043.2 -66.5 -724.1
20211205233551  -1042.6 -66.7 -724.0
20211205233552  -1041.9 -66.6 -724.3
20211205233553  -1041.6 -65.9 -724.5
20211205233554  -1040.8 -65.6 -724.6
20211205233555  -1040.1 -66.2 -725.2
20211205233556  -1038.9 -67.6 -726.1
20211205233557  -1037.7 -69.4 -726.4
20211205233558  -1036.7 -70.8 -727.0
20211205233559  -1036.4 -72.0 -727.9
20211205233600  -1036.0 -72.4 -729.0
20211205233601  -1035.3 -72.5 -729.6
20211205233602  -1035.0 -72.5 -731.2
20211205233603  -1034.7 -72.9 -732.9
20211205233604  -1034.6 -73.2 -734.2
20211205233605  -1034.6 -73.7 -734.4
20211205233606  -1034.4 -74.3 -734.4
20211205233607  -1033.9 -74.6 -734.8
20211205233608  -1034.1 -74.7 -735.8
20211205233609  -1033.7 -75.2 -736.2
20211205233610  -1033.7 -75.0 -736.1
20211205233611  -1033.4 -74.5 -736.4
20211205233612  -1033.0 -74.0 -736.6
20211205233613  -1033.2 -74.0 -737.9
20211205233614  -1032.4 -73.0 -737.6
20211205233615  -1031.6 -72.2 -737.1
20211205233616  -1030.8 -71.7 -736.7
20211205233617  -1029.7 -71.1 -736.1
20211205233618  -1029.0 -70.5 -736.3
20211205233619  -1028.6 -69.7 -736.3
20211205233620  -1027.7 -68.5 -736.8
20211205233621  -1026.9 -67.8 -736.4
20211205233622  -1026.5 -66.9 -736.5
20211205233623  -1026.0 -66.2 -736.9
20211205233624  -1025.2 -66.0 -737.2
20211205233625  -1025.0 -65.9 -736.8
20211205233626  -1024.7 -65.7 -736.0
20211205233627  -1025.1 -65.9 -736.6
20211205233628  -1024.6 -65.5 -736.9
20211205233629  -1024.2 -65.0 -737.1
20211205233630  -1023.8 -64.3 -737.3
20211205233631  -1023.7 -63.8 -737.7
20211205233632  -1023.4 -63.4 -738.2
20211205233633  -1023.2 -63.6 -738.9
20211205233634  -1022.7 -64.4 -739.3
20211205233635  -1022.7 -65.3 -740.2
20211205233636  -1022.8 -65.8 -739.7
20211205233637  -1023.3 -65.8 -740.4
20211205233638  -1023.4 -65.4 -740.2
20211205233639  -1023.4 -64.5 -740.2
20211205233640  -1023.8 -63.9 -741.1
20211205233641  -1023.8 -63.2 -741.7
20211205233642  -1023.1 -62.4 -741.3
20211205233643  -1023.1 -62.5 -741.2
20211205233644  -1022.6 -62.6 -740.7
20211205233645  -1022.1 -62.8 -740.4
20211205233646  -1021.6 -62.8 -740.4
20211205233647  -1021.6 -62.1 -740.6
20211205233648  -1021.5 -60.9 -741.0
20211205233649  -1020.9 -60.0 -740.9
20211205233650  -1020.8 -59.5 -740.8
20211205233651  -1020.5 -59.2 -740.5
20211205233652  -1020.4 -59.6 -740.6
20211205233653  -1019.8 -58.9 -740.4
20211205233654  -1020.0 -59.2 -740.9
20211205233655  -1020.8 -59.2 -741.4
20211205233656  -1020.4 -59.1 -741.5
20211205233657  -1020.0 -59.3 -742.1
20211205233658  -1019.6 -59.6 -742.7
20211205233659  -1018.9 -60.1 -743.0
20211205233700  -1018.3 -61.1 -742.7
20211205233701  -1017.9 -61.4 -742.5
20211205233702  -1017.2 -61.6 -742.4
20211205233703  -1017.2 -61.7 -742.7
20211205233704  -1016.8 -61.1 -742.5
20211205233705  -1016.1 -60.4 -742.9
20211205233706  -1015.7 -59.8 -743.6
20211205233707  -1014.7 -60.1 -744.4
20211205233708  -1014.5 -60.7 -745.4
20211205233709  -1013.3 -61.2 -745.6
20211205233710  -1012.5 -61.7 -746.0
20211205233711  -1012.1 -61.9 -746.7
20211205233712  -1011.2 -61.2 -746.9
20211205233713  -1009.7 -60.6 -747.2
20211205233714  -1008.3 -60.1 -748.2
20211205233715  -1006.7 -59.9 -749.1
20211205233716  -1005.4 -59.7 -750.1
20211205233717  -1004.5 -60.2 -750.7
20211205233718  -1003.9 -59.6 -751.4
20211205233719  -1003.4 -59.3 -751.8
20211205233720  -1003.0 -59.1 -751.9
20211205233721  -1002.7 -58.7 -751.7
20211205233722  -1003.1 -58.5 -752.3
20211205233723  -1003.5 -58.2 -752.7
20211205233724  -1003.1 -58.3 -752.8
20211205233725  -1002.2 -58.5 -753.4
20211205233726  -1001.5 -58.7 -753.9
20211205233727  -1000.6 -58.7 -754.1
20211205233728  -999.6 -59.1 -755.1
20211205233729  -999.0 -60.2 -756.0
20211205233730  -998.7 -60.9 -757.1
20211205233731  -998.5 -61.9 -757.5
20211205233732  -997.8 -62.6 -757.8
20211205233733  -996.8 -63.5 -758.3
20211205233734  -995.7 -63.8 -758.9
20211205233735  -995.2 -64.8 -760.0
20211205233736  -994.0 -64.5 -760.1
20211205233737  -992.4 -64.4 -760.2
20211205233738  -991.4 -64.8 -760.4
20211205233739  -991.1 -64.9 -760.5
20211205233740  -990.1 -64.9 -760.2
20211205233741  -989.4 -64.7 -760.9
20211205233742  -988.7 -64.4 -761.2
20211205233743  -988.0 -64.1 -761.5
20211205233744  -986.8 -63.7 -762.1
20211205233745  -985.6 -63.8 -762.7
20211205233746  -984.1 -64.4 -763.5
20211205233747  -983.3 -65.7 -764.7
20211205233748  -982.5 -67.3 -766.0
20211205233749  -981.9 -67.8 -766.4
20211205233750  -983.4 -67.6 -767.1
20211205233751  -983.9 -67.0 -766.7
20211205233752  -983.8 -66.1 -765.9
20211205233753  -983.3 -64.9 -765.4
20211205233754  -983.0 -63.8 -764.7
20211205233755  -982.2 -63.3 -764.6
20211205233756  -981.3 -63.2 -764.8
20211205233757  -980.8 -63.7 -765.6
20211205233758  -980.2 -64.7 -766.2
20211205233759  -979.6 -66.0 -767.1
20211205233800  -978.9 -66.6 -768.1
20211205233801  -978.4 -67.8 -769.0
20211205233802  -977.9 -69.1 -770.0
20211205233803  -978.3 -70.9 -771.5
20211205233804  -977.6 -71.8 -770.9
20211205233805  -977.3 -71.6 -770.9
20211205233806  -976.9 -71.0 -770.1
20211205233807  -976.6 -69.8 -769.5
20211205233808  -976.7 -68.8 -769.5
20211205233809  -976.6 -67.4 -769.0
20211205233810  -975.8 -66.8 -768.8
20211205233811  -975.1 -65.5 -768.5
20211205233812  -974.3 -64.9 -768.9
20211205233813  -973.6 -65.3 -769.2
20211205233814  -972.6 -65.9 -769.6
20211205233815  -972.2 -66.5 -769.5
20211205233816  -971.9 -66.5 -768.9
20211205233817  -971.8 -66.1 -768.8
20211205233818  -972.1 -65.8 -769.4
20211205233819  -972.0 -65.5 -769.6
20211205233820  -971.6 -65.2 -769.7
20211205233821  -970.9 -65.5 -770.1
20211205233822  -970.5 -66.1 -770.6
20211205233823  -970.4 -67.1 -770.7
20211205233824  -970.5 -67.6 -770.3
20211205233825  -970.8 -67.2 -769.8
20211205233826  -971.2 -66.4 -769.5
20211205233827  -971.2 -65.1 -768.6
20211205233828  -970.6 -63.9 -768.3
20211205233829  -970.4 -63.9 -768.7
20211205233830  -970.5 -64.9 -770.0
20211205233831  -969.3 -65.3 -770.3
20211205233832  -968.2 -65.9 -770.6
20211205233833  -967.6 -65.8 -770.8
20211205233834  -967.5 -65.4 -770.7
20211205233835  -967.5 -64.4 -770.8
20211205233836  -967.7 -62.8 -770.4
20211205233837  -967.9 -61.7 -769.9
20211205233838  -967.7 -60.6 -769.8
20211205233839  -967.5 -60.3 -770.3
20211205233840  -966.7 -60.5 -770.0
20211205233841  -965.5 -61.1 -769.9
20211205233842  -965.0 -61.5 -769.8
20211205233843  -964.2 -61.4 -769.5
20211205233844  -963.5 -61.1 -769.4
20211205233845  -963.6 -61.3 -770.2
20211205233846  -962.9 -61.6 -771.0
20211205233847  -962.4 -62.5 -772.1
20211205233848  -962.2 -63.1 -773.0
20211205233849  -961.7 -63.4 -773.0
20211205233850  -961.8 -63.5 -772.3
20211205233851  -961.2 -63.5 -772.3
20211205233852  -961.1 -63.8 -772.1
20211205233853  -961.4 -64.6 -772.2
20211205233854  -961.5 -65.1 -772.2
20211205233855  -961.8 -65.4 -772.6
20211205233856  -961.8 -65.8 -772.7
20211205233857  -961.6 -66.2 -772.7
20211205233858  -961.3 -66.1 -772.8
20211205233859  -959.4 -65.2 -772.7
20211205233900  -958.0 -65.1 -773.2
20211205233901  -957.0 -65.5 -774.3
20211205233902  -956.2 -65.7 -775.3
20211205233903  -955.6 -65.8 -776.7
20211205233904  -955.1 -65.9 -777.8
20211205233905  -955.0 -65.9 -778.3
20211205233906  -955.0 -66.0 -778.4
20211205233907  -954.8 -66.4 -778.1
20211205233908  -954.2 -66.9 -777.7
20211205233909  -953.6 -66.9 -777.4
20211205233910  -953.4 -67.1 -777.8
20211205233911  -953.3 -66.5 -778.0
20211205233912  -953.9 -65.3 -778.1
20211205233913  -954.8 -64.7 -778.9
20211205233914  -954.5 -63.9 -779.0
20211205233915  -954.2 -64.3 -779.3
20211205233916  -953.8 -64.8 -779.8
20211205233917  -953.2 -65.9 -780.2
20211205233918  -952.5 -67.0 -780.6
20211205233919  -952.4 -67.6 -781.1
20211205233920  -952.5 -68.1 -780.8
20211205233921  -952.9 -67.8 -780.4
20211205233922  -953.4 -67.4 -780.1
20211205233923  -953.7 -66.4 -780.0
20211205233924  -953.9 -65.9 -780.3
20211205233925  -954.5 -65.8 -781.2
20211205233926  -953.8 -65.5 -781.1
20211205233927  -952.8 -65.6 -780.5
20211205233928  -952.1 -64.7 -780.0
20211205233929  -951.7 -64.1 -779.3
20211205233930  -950.8 -62.4 -778.5
20211205233931  -949.7 -61.6 -778.1
20211205233932  -948.6 -61.0 -778.4
20211205233933  -947.6 -60.7 -778.3
20211205233934  -946.5 -60.2 -778.1
20211205233935  -945.8 -59.1 -778.0
20211205233936  -944.7 -57.3 -777.6
20211205233937  -943.3 -55.4 -777.1
20211205233938  -942.1 -54.2 -777.5
20211205233939  -940.3 -53.8 -777.9
20211205233940  -939.5 -54.0 -779.1
20211205233941  -939.2 -54.7 -780.3
20211205233942  -938.2 -55.0 -781.5
20211205233943  -938.2 -54.6 -782.5
20211205233944  -937.9 -54.4 -783.3
20211205233945  -938.5 -54.9 -783.9
20211205233946  -938.1 -54.5 -783.9
20211205233947  -937.8 -54.3 -783.5
20211205233948  -937.6 -54.7 -783.3
20211205233949  -937.1 -55.2 -783.0
20211205233950  -936.8 -55.8 -782.8
20211205233951  -936.3 -56.2 -783.2
20211205233952  -936.0 -56.6 -783.2
20211205233953  -936.5 -57.3 -783.6
20211205233954  -935.9 -56.6 -782.7
20211205233955  -935.8 -55.8 -781.6
20211205233956  -935.2 -54.6 -780.7
20211205233957  -934.9 -54.2 -780.0
20211205233958  -933.9 -53.9 -779.6
20211205233959  -932.9 -54.5 -779.8
20211205234000  -931.3 -55.3 -779.6
20211205234001  -929.8 -56.2 -779.6
20211205234002  -928.2 -57.2 -780.7
20211205234003  -927.1 -57.9 -781.5
20211205234004  -926.2 -58.4 -781.6
20211205234005  -925.4 -58.7 -782.0
20211205234006  -924.5 -59.1 -782.4
20211205234007  -924.8 -59.7 -782.5
20211205234008  -925.2 -60.5 -783.3
20211205234009  -925.2 -61.0 -783.4
20211205234010  -925.0 -61.3 -783.3
20211205234011  -924.6 -61.9 -783.2
20211205234012  -923.8 -62.4 -782.5
20211205234013  -923.2 -62.6 -782.3
20211205234014  -922.4 -61.9 -782.9
20211205234015  -921.2 -61.5 -783.9
20211205234016  -920.7 -60.6 -784.9
20211205234017  -920.5 -59.8 -785.2
20211205234018  -919.3 -58.9 -785.6
20211205234019  -918.4 -58.6 -785.9
20211205234020  -917.7 -58.6 -786.7
20211205234021  -917.1 -58.7 -787.5
20211205234022  -916.5 -58.8 -787.7
20211205234023  -916.6 -59.2 -788.0
20211205234024  -916.3 -59.7 -787.6
20211205234025  -915.5 -59.7 -787.3
20211205234026  -914.8 -59.8 -787.0
20211205234027  -914.4 -59.7 -787.0
20211205234028  -913.5 -60.1 -787.0
20211205234029  -913.1 -59.9 -786.7
20211205234030  -912.2 -60.1 -786.4
20211205234031  -911.3 -60.1 -786.5
20211205234032  -911.1 -59.2 -786.6
20211205234033  -910.9 -58.2 -786.9
20211205234034  -910.3 -57.6 -787.1
20211205234035  -910.7 -57.1 -787.8
20211205234036  -910.1 -57.1 -788.4
20211205234037  -909.4 -57.6 -789.3
20211205234038  -908.9 -58.0 -790.1
20211205234039  -908.6 -57.8 -790.3
20211205234040  -908.6 -57.6 -790.3
20211205234041  -908.5 -57.8 -790.9
20211205234042  -908.1 -57.7 -790.6
20211205234043  -907.7 -57.3 -790.7
20211205234044  -907.4 -57.0 -791.5
20211205234045  -906.7 -56.5 -792.3
20211205234046  -906.4 -56.3 -793.0
20211205234047  -906.3 -56.4 -793.7
20211205234048  -906.8 -57.3 -795.3
20211205234049  -906.1 -57.4 -794.9
20211205234050  -905.7 -57.1 -795.0
20211205234051  -905.8 -56.4 -794.5
20211205234052  -905.5 -55.4 -793.0
20211205234053  -905.0 -54.6 -792.8
20211205234054  -904.4 -53.7 -792.6
20211205234055  -904.2 -53.1 -793.0
20211205234056  -903.9 -52.5 -793.3
20211205234057  -903.8 -52.7 -793.9
20211205234058  -903.3 -52.7 -794.2
20211205234059  -902.7 -53.5 -794.3
20211205234100  -902.1 -53.1 -794.4
20211205234101  -901.5 -53.1 -794.4
20211205234102  -901.8 -53.0 -794.4
20211205234103  -901.5 -52.8 -795.1
20211205234104  -901.1 -52.9 -795.3
20211205234105  -900.7 -53.1 -795.6
20211205234106  -900.2 -53.7 -796.6
20211205234107  -900.5 -53.8 -797.0
20211205234108  -900.5 -54.0 -797.4
20211205234109  -900.2 -53.7 -797.5
20211205234110  -899.9 -53.1 -797.5
20211205234111  -899.5 -52.5 -797.8
20211205234112  -898.9 -52.4 -797.9
20211205234113  -898.9 -53.2 -798.3
20211205234114  -898.8 -53.6 -798.7
20211205234115  -899.3 -54.4 -799.7
20211205234116  -898.9 -54.4 -799.6
20211205234117  -898.6 -53.1 -798.8
20211205234118  -897.9 -52.0 -797.9
20211205234119  -897.0 -51.3 -797.4
20211205234120  -896.1 -51.3 -797.8
20211205234121  -895.3 -51.7 -798.0
20211205234122  -894.8 -52.7 -798.2
20211205234123  -894.1 -53.7 -798.4
20211205234124  -893.2 -54.7 -798.4
20211205234125  -892.6 -55.5 -798.7
20211205234126  -892.1 -56.3 -799.2
20211205234127  -891.7 -56.2 -799.4
20211205234128  -891.6 -55.3 -799.0
20211205234129  -891.9 -53.8 -798.9
20211205234130  -892.6 -53.0 -800.0
20211205234131  -892.4 -52.5 -800.7
20211205234132  -892.0 -52.0 -801.4
20211205234133  -891.7 -52.3 -802.3
20211205234134  -891.6 -53.3 -803.0
20211205234135  -891.6 -54.0 -803.9
20211205234136  -892.6 -53.9 -804.6
20211205234137  -893.5 -52.8 -803.7
20211205234138  -894.2 -51.4 -803.2
20211205234139  -894.6 -50.1 -802.7
20211205234140  -894.6 -48.5 -802.1
20211205234141  -893.9 -47.7 -802.7
20211205234142  -893.4 -47.7 -803.8
20211205234143  -893.6 -49.0 -805.5
20211205234144  -893.1 -49.8 -805.2
20211205234145  -892.8 -50.5 -805.3
20211205234146  -893.0 -51.2 -805.5
20211205234147  -892.8 -51.1 -805.8
20211205234148  -892.8 -50.6 -805.4
20211205234149  -892.5 -50.2 -805.9
20211205234150  -892.0 -50.3 -805.8
20211205234151  -891.4 -50.2 -805.8
20211205234152  -891.0 -50.6 -805.9
20211205234153  -890.6 -50.3 -806.2
20211205234154  -890.4 -50.1 -806.4
20211205234155  -890.5 -49.7 -806.4
20211205234156  -890.1 -49.9 -806.8
20211205234157  -891.0 -50.0 -807.1
20211205234158  -891.8 -50.4 -807.6
20211205234159  -891.8 -50.1 -807.1
20211205234200  -892.0 -49.8 -806.9
20211205234201  -891.8 -49.3 -806.7
20211205234202  -892.0 -49.3 -806.8
20211205234203  -892.2 -49.4 -807.0
20211205234204  -892.1 -49.7 -807.8
20211205234205  -892.3 -50.4 -808.2
20211205234206  -892.4 -50.4 -808.5
20211205234207  -892.5 -50.0 -809.1
20211205234208  -892.1 -49.9 -809.4
20211205234209  -892.2 -49.3 -809.9
20211205234210  -893.0 -49.3 -810.5
20211205234211  -892.7 -48.2 -810.2
20211205234212  -892.1 -47.6 -809.4
