.1 -113.0 -333.4
20211108220441  -955.4 -112.4 -333.0
20211108220442  -954.6 -111.7 -333.3
20211108220443  -954.4 -111.2 -333.3
20211108220444  -954.1 -110.9 -333.5
20211108220445  -953.8 -110.8 -333.9
20211108220446  -953.3 -110.3 -334.1
20211108220447  -953.3 -109.8 -334.3
20211108220448  -952.9 -109.7 -334.8
20211108220449  -952.9 -109.5 -335.0
20211108220450  -952.8 -109.1 -335.0
20211108220451  -952.8 -108.4 -334.8
20211108220452  -952.9 -108.0 -335.1
20211108220453  -952.9 -107.6 -335.3
20211108220454  -952.2 -107.3 -334.7
20211108220455  -951.7 -106.6 -333.8
20211108220456  -951.1 -106.2 -333.6
20211108220457  -950.7 -105.4 -333.6
20211108220458  -950.6 -104.8 -333.6
20211108220459  -950.5 -104.6 -334.0
20211108220500  -950.6 -104.2 -334.1
20211108220501  -951.2 -104.2 -334.1
20211108220502  -951.8 -104.3 -334.9
20211108220503  -951.9 -104.8 -334.8
20211108220504  -951.9 -104.8 -335.0
20211108220505  -952.0 -104.8 -335.5
20211108220506  -952.2 -104.9 -335.7
20211108220507  -952.2 -105.0 -335.8
20211108220508  -952.4 -105.1 -335.5
20211108220509  -952.9 -105.0 -335.7
20211108220510  -952.8 -105.0 -335.4
20211108220511  -952.8 -105.3 -335.4
20211108220512  -952.8 -105.1 -335.3
20211108220513  -952.5 -105.0 -334.8
20211108220514  -952.3 -104.8 -334.9
20211108220515  -951.5 -104.5 -334.8
20211108220516  -951.4 -104.9 -335.0
20211108220517  -950.8 -104.7 -335.2
20211108220518  -949.9 -105.0 -335.2
20211108220519  -949.3 -105.4 -335.7
20211108220520  -948.7 -105.2 -336.3
20211108220521  -947.9 -104.8 -335.9
20211108220522  -947.4 -104.3 -335.8
20211108220523  -947.0 -104.1 -336.1
20211108220524  -946.5 -104.0 -336.3
20211108220525  -946.2 -103.7 -336.4
20211108220526  -946.2 -103.7 -336.5
20211108220527  -946.6 -103.3 -336.8
20211108220528  -947.4 -103.4 -336.9
20211108220529  -947.3 -102.7 -337.0
20211108220530  -947.2 -102.3 -336.9
20211108220531  -946.7 -101.9 -336.6
20211108220532  -946.0 -102.1 -336.5
20211108220533  -946.0 -101.7 -336.2
20211108220534  -944.9 -101.5 -336.3
20211108220535  -944.7 -101.1 -336.7
20211108220536  -944.6 -100.7 -337.1
20211108220537  -944.7 -100.5 -337.4
20211108220538  -944.8 -100.7 -337.8
20211108220539  -945.1 -99.9 -338.2
20211108220540  -945.2 -100.0 -338.4
20211108220541  -945.1 -100.1 -338.5
20211108220542  -945.4 -100.0 -338.7
20211108220543  -944.9 -99.8 -338.9
20211108220544  -945.3 -99.6 -339.3
20211108220545  -945.2 -99.5 -339.5
20211108220546  -945.3 -99.3 -339.5
20211108220547  -945.0 -99.1 -339.3
20211108220548  -944.6 -98.5 -339.2
20211108220549  -944.5 -97.7 -338.8
20211108220550  -944.1 -97.3 -338.5
20211108220551  -943.9 -97.2 -338.4
20211108220552  -943.8 -97.0 -338.7
20211108220553  -943.8 -96.5 -338.7
20211108220554  -944.8 -96.4 -339.5
20211108220555  -944.8 -96.0 -339.8
20211108220556  -944.6 -95.9 -339.8
20211108220557  -944.5 -95.9 -339.7
20211108220558  -944.8 -95.4 -340.1
20211108220559  -944.6 -95.3 -340.3
20211108220600  -944.5 -95.3 -340.5
20211108220601  -944.4 -95.7 -340.6
20211108220602  -944.2 -95.8 -340.3
20211108220603  -944.2 -95.9 -339.9
20211108220604  -943.7 -96.0 -339.7
20211108220605  -943.4 -96.4 -339.8
20211108220606  -942.9 -96.9 -339.9
20211108220607  -942.2 -97.2 -340.2
20211108220608  -942.1 -97.0 -340.2
20211108220609  -941.6 -97.2 -340.7
20211108220610  -941.2 -97.3 -340.8
20211108220611  -941.1 -97.4 -342.0
20211108220612  -941.5 -97.8 -342.9
20211108220613  -941.8 -98.0 -343.5
20211108220614  -941.8 -98.5 -343.8
20211108220615  -942.1 -99.2 -343.7
20211108220616  -942.5 -99.2 -343.8
20211108220617  -942.8 -99.3 -343.7
20211108220618  -943.2 -99.6 -343.3
20211108220619  -943.2 -99.6 -343.1
20211108220620  -944.2 -99.8 -343.9
20211108220621  -944.3 -99.6 -344.4
20211108220622  -944.6 -99.5 -344.6
20211108220623  -945.0 -99.4 -344.3
20211108220624  -945.0 -98.8 -344.0
20211108220625  -945.2 -98.5 -344.0
20211108220626  -945.0 -98.7 -344.2
20211108220627  -945.2 -98.8 -344.4
20211108220628  -945.5 -98.7 -344.3
20211108220629  -945.4 -99.1 -344.3
20211108220630  -945.1 -99.2 -344.2
20211108220631  -945.1 -99.5 -344.0
20211108220632  -945.0 -99.3 -344.3
20211108220633  -945.3 -99.7 -344.9
20211108220634  -945.5 -100.1 -345.4
20211108220635  -945.5 -100.4 -345.8
20211108220636  -945.8 -100.9 -346.1
20211108220637  -946.3 -101.0 -346.4
20211108220638  -946.7 -100.6 -346.6
20211108220639  -947.5 -100.1 -346.4
20211108220640  -947.7 -100.4 -346.7
20211108220641  -947.7 -100.6 -346.3
20211108220642  -948.0 -100.4 -345.7
20211108220643  -948.5 -100.1 -345.5
20211108220644  -948.8 -99.9 -345.3
20211108220645  -949.3 -99.6 -345.1
20211108220646  -950.8 -99.5 -345.6
20211108220647  -951.1 -99.6 -345.7
20211108220648  -951.3 -99.9 -345.8
20211108220649  -951.9 -100.3 -346.2
20211108220650  -952.6 -100.3 -346.1
20211108220651  -953.0 -101.0 -345.7
20211108220652  -953.1 -101.1 -345.3
20211108220653  -953.6 -101.5 -344.9
20211108220654  -953.6 -101.7 -344.3
20211108220655  -953.4 -101.8 -344.1
20211108220656  -953.1 -101.9 -344.1
20211108220657  -952.7 -101.9 -343.9
20211108220658  -952.6 -101.9 -343.6
20211108220659  -952.5 -102.3 -343.8
20211108220700  -952.3 -102.6 -343.7
20211108220701  -952.4 -102.9 -344.0
20211108220702  -952.5 -103.3 -344.6
20211108220703  -952.8 -103.7 -345.1
20211108220704  -953.2 -104.6 -345.6
20211108220705  -953.5 -105.1 -346.2
20211108220706  -954.1 -106.1 -346.5
20211108220707  -954.0 -106.9 -346.3
20211108220708  -954.1 -107.8 -346.2
20211108220709  -954.2 -108.8 -345.8
20211108220710  -954.2 -109.7 -345.5
20211108220711  -954.5 -110.3 -345.4
20211108220712  -955.1 -111.1 -346.2
20211108220713  -954.9 -111.4 -346.4
20211108220714  -955.0 -111.8 -346.0
20211108220715  -955.1 -111.8 -345.9
20211108220716  -955.1 -111.7 -346.1
20211108220717  -955.1 -111.5 -346.3
20211108220718  -955.5 -111.3 -346.1
20211108220719  -955.6 -111.2 -346.2
20211108220720  -955.8 -111.2 -345.9
20211108220721  -955.5 -110.6 -346.1
20211108220722  -955.7 -110.7 -346.4
20211108220723  -955.8 -111.0 -347.1
20211108220724  -956.0 -111.6 -347.5
20211108220725  -956.7 -111.9 -348.2
20211108220726  -956.9 -112.3 -348.7
20211108220727  -957.4 -112.4 -349.0
20211108220728  -957.6 -112.9 -349.1
20211108220729  -958.0 -113.1 -349.0
20211108220730  -958.6 -113.3 -349.1
20211108220731  -958.9 -113.2 -348.9
20211108220732  -959.0 -113.6 -348.9
20211108220733  -959.1 -113.8 -348.6
20211108220734  -958.5 -113.9 -348.4
20211108220735  -958.2 -114.2 -348.2
20211108220736  -958.0 -114.2 -348.0
20211108220737  -958.5 -114.0 -348.6
20211108220738  -959.2 -114.3 -349.4
20211108220739  -959.6 -114.8 -350.1
20211108220740  -960.5 -115.3 -350.2
20211108220741  -961.2 -115.5 -350.2
20211108220742  -961.8 -115.6 -350.5
20211108220743  -961.8 -115.7 -350.3
20211108220744  -962.1 -115.9 -350.0
20211108220745  -961.9 -115.8 -349.8
20211108220746  -962.2 -116.1 -349.7
20211108220747  -962.1 -115.9 -349.5
20211108220748  -962.1 -115.5 -349.7
20211108220749  -961.9 -115.4 -349.5
20211108220750  -961.9 -115.5 -349.6
20211108220751  -961.8 -115.5 -349.8
20211108220752  -961.8 -116.0 -350.0
20211108220753  -961.6 -116.0 -350.1
20211108220754  -961.8 -115.9 -350.3
20211108220755  -961.9 -115.7 -350.5
20211108220756  -962.0 -115.6 -350.2
20211108220757  -961.7 -115.1 -350.4
20211108220758  -962.0 -114.9 -350.7
20211108220759  -962.2 -114.7 -350.9
20211108220800  -962.1 -114.3 -350.6
20211108220801  -962.4 -113.8 -350.7
20211108220802  -962.5 -113.8 -350.7
20211108220803  -963.1 -113.5 -350.6
20211108220804  -964.2 -113.5 -351.3
20211108220805  -964.7 -113.6 -351.0
20211108220806  -964.6 -113.6 -350.9
20211108220807  -964.5 -113.7 -351.0
20211108220808  -964.6 -114.0 -350.9
20211108220809  -964.8 -114.2 -351.3
20211108220810  -965.4 -114.3 -351.7
20211108220811  -965.6 -114.2 -351.7
20211108220812  -965.5 -114.2 -351.6
20211108220813  -965.7 -113.9 -351.6
20211108220814  -965.5 -113.7 -351.2
20211108220815  -965.7 -113.8 -351.4
20211108220816  -965.8 -113.7 -351.3
20211108220817  -965.9 -113.5 -351.2
20211108220818  -965.3 -113.1 -350.9
20211108220819  -964.9 -112.9 -350.6
20211108220820  -964.7 -112.1 -350.6
