20211123224525  -669.5 -59.7 -221.5
20211123224526  -669.4 -59.7 -221.3
20211123224527  -669.1 -59.5 -221.2
20211123224528  -668.8 -59.6 -220.7
20211123224529  -668.7 -59.3 -220.6
20211123224530  -668.3 -59.6 -220.8
20211123224531  -667.9 -59.2 -220.7
20211123224532  -668.8 -59.4 -221.2
20211123224533  -669.4 -59.9 -221.6
20211123224534  -669.2 -59.7 -221.7
20211123224535  -669.4 -59.9 -222.3
20211123224536  -669.5 -60.0 -222.1
20211123224537  -669.7 -60.3 -222.2
20211123224538  -669.5 -60.5 -222.3
20211123224539  -669.4 -60.4 -222.3
20211123224540  -669.4 -60.6 -222.5
20211123224541  -669.5 -60.3 -222.6
20211123224542  -669.5 -60.6 -222.8
20211123224543  -669.7 -60.7 -222.9
20211123224544  -669.9 -60.8 -223.0
20211123224545  -669.6 -61.0 -223.1
20211123224546  -669.4 -61.3 -223.4
20211123224547  -669.7 -61.5 -223.6
20211123224548  -669.2 -61.2 -222.9
20211123224549  -668.8 -61.0 -222.7
20211123224550  -668.8 -61.2 -222.6
20211123224551  -668.4 -61.1 -222.3
20211123224552  -668.0 -60.9 -222.5
20211123224553  -667.7 -61.0 -222.3
20211123224554  -667.7 -60.7 -222.1
20211123224555  -667.5 -60.5 -221.9
20211123224556  -667.3 -60.5 -221.5
20211123224557  -667.2 -60.4 -221.2
20211123224558  -667.0 -60.3 -221.0
20211123224559  -667.9 -60.6 -221.6
20211123224600  -668.1 -60.7 -221.8
20211123224601  -668.6 -60.8 -222.1
20211123224602  -669.0 -61.1 -222.6
20211123224603  -668.9 -61.2 -223.0
20211123224604  -669.2 -61.2 -223.2
20211123224605  -669.5 -61.4 -223.5
20211123224606  -669.4 -61.0 -223.4
20211123224607  -669.6 -61.4 -223.7
20211123224608  -670.1 -61.4 -223.6
20211123224609  -670.3 -61.1 -224.0
20211123224610  -670.3 -61.3 -224.1
20211123224611  -670.7 -61.6 -224.2
20211123224612  -671.1 -61.8 -224.3
20211123224613  -671.2 -61.5 -224.6
20211123224614  -671.4 -61.9 -224.9
20211123224615  -671.2 -61.8 -224.4
20211123224616  -670.9 -61.5 -224.1
20211123224617  -670.5 -61.1 -223.9
20211123224618  -670.7 -61.2 -223.7
20211123224619  -670.6 -61.1 -223.7
20211123224620  -670.6 -61.0 -223.2
20211123224621  -670.7 -61.2 -222.9
20211123224622  -670.5 -61.2 -222.9
20211123224623  -670.3 -61.2 -222.6
20211123224624  -670.0 -60.9 -222.2
20211123224625  -670.5 -61.1 -222.2
20211123224626  -671.3 -61.4 -223.1
20211123224627  -671.4 -61.3 -223.3
20211123224628  -671.5 -61.6 -223.5
20211123224629  -671.7 -61.8 -223.7
20211123224630  -672.0 -61.7 -223.6
20211123224631  -672.3 -62.1 -223.7
20211123224632  -672.5 -62.1 -223.9
20211123224633  -672.6 -62.1 -224.1
20211123224634  -673.0 -62.0 -224.3
20211123224635  -672.9 -62.1 -224.1
20211123224636  -672.9 -62.1 -224.5
20211123224637  -673.3 -62.1 -224.6
20211123224638  -673.4 -62.2 -224.4
20211123224639  -673.4 -62.3 -224.9
20211123224640  -673.7 -62.6 -225.3
20211123224641  -673.9 -62.9 -224.9
20211123224642  -673.4 -62.7 -224.5
20211123224643  -673.3 -62.2 -224.2
20211123224644  -673.0 -62.5 -223.9
20211123224645  -672.8 -62.3 -223.5
20211123224646  -672.7 -62.1 -223.5
20211123224647  -672.5 -62.0 -223.3
20211123224648  -672.3 -61.8 -223.2
20211123224649  -671.9 -61.9 -222.5
20211123224650  -671.6 -61.9 -222.4
20211123224651  -671.4 -61.5 -222.4
20211123224652  -672.6 -62.0 -223.1
20211123224653  -672.7 -62.4 -223.3
20211123224654  -673.0 -62.5 -223.5
20211123224655  -673.1 -62.7 -223.6
20211123224656  -673.3 -62.9 -223.8
20211123224657  -673.5 -63.1 -224.0
20211123224658  -673.5 -63.1 -224.2
20211123224659  -674.0 -63.0 -224.5
20211123224700  -674.0 -63.2 -224.7
20211123224701  -674.0 -63.3 -224.7
20211123224702  -674.0 -63.1 -224.8
20211123224703  -673.8 -63.5 -224.7
20211123224704  -674.0 -63.2 -224.6
20211123224705  -674.0 -63.3 -224.6
20211123224706  -673.9 -63.2 -224.7
20211123224707  -674.5 -63.8 -225.3
20211123224708  -674.2 -63.9 -225.0
20211123224709  -673.8 -63.8 -224.6
20211123224710  -673.2 -63.5 -224.6
20211123224711  -673.2 -63.3 -224.2
20211123224712  -672.8 -63.1 -223.8
20211123224713  -672.6 -63.4 -223.6
20211123224714  -672.0 -63.0 -223.2
20211123224715  -671.9 -62.9 -223.0
20211123224716  -671.6 -63.0 -222.7
20211123224717  -671.2 -62.5 -222.3
20211123224718  -671.4 -62.7 -222.6
20211123224719  -672.2 -63.0 -223.2
20211123224720  -672.3 -63.0 -223.5
20211123224721  -672.7 -62.9 -223.4
20211123224722  -672.8 -63.2 -223.8
20211123224723  -673.0 -63.0 -224.2
20211123224724  -673.0 -63.4 -224.2
20211123224725  -673.2 -63.8 -224.5
20211123224726  -673.2 -63.9 -224.4
20211123224727  -673.3 -63.5 -224.2
20211123224728  -673.3 -63.7 -224.3
20211123224729  -673.6 -63.8 -224.5
20211123224730  -673.6 -63.9 -224.7
20211123224731  -673.8 -64.2 -224.8
20211123224732  -673.8 -64.3 -224.9
20211123224733  -673.9 -64.3 -225.1
20211123224734  -674.0 -64.6 -225.5
20211123224735  -673.6 -64.8 -225.5
20211123224736  -673.2 -64.5 -224.6
20211123224737  -672.9 -64.4 -224.4
20211123224738  -672.5 -64.1 -224.0
20211123224739  -672.4 -63.8 -223.5
20211123224740  -672.3 -64.1 -223.3
20211123224741  -672.2 -63.6 -223.1
20211123224742  -671.8 -63.6 -223.0
20211123224743  -671.5 -63.3 -222.9
20211123224744  -672.0 -63.3 -223.0
20211123224745  -672.3 -64.0 -223.6
20211123224746  -672.8 -63.8 -223.8
20211123224747  -672.8 -63.6 -223.8
20211123224748  -673.0 -63.8 -224.3
20211123224749  -673.2 -63.7 -224.5
20211123224750  -673.3 -63.6 -224.8
20211123224751  -673.3 -63.6 -225.0
20211123224752  -673.4 -63.9 -224.7
20211123224753  -673.3 -64.1 -224.8
20211123224754  -673.6 -64.3 -224.8
20211123224755  -673.8 -64.2 -225.2
20211123224756  -673.5 -63.9 -225.0
20211123224757  -673.7 -64.2 -225.2
20211123224758  -673.8 -64.2 -225.3
20211123224759  -673.5 -64.3 -225.4
20211123224800  -673.7 -63.9 -225.2
20211123224801  -673.7 -64.4 -225.7
20211123224802  -673.2 -64.3 -225.4
20211123224803  -672.8 -64.1 -224.8
20211123224804  -672.6 -63.9 -224.9
20211123224805  -672.5 -63.7 -224.3
20211123224806  -672.0 -63.6 -224.4
20211123224807  -672.0 -63.3 -223.9
20211123224808  -671.6 -63.0 -223.9
20211123224809  -671.4 -63.1 -223.2
20211123224810  -672.2 -63.7 -224.2
20211123224811  -672.3 -63.7 -224.7
20211123224812  -672.4 -63.5 -224.6
20211123224813  -672.7 -63.7 -224.7
20211123224814  -672.6 -63.7 -225.1
20211123224815  -672.5 -63.6 -224.8
20211123224816  -672.5 -63.5 -224.9
20211123224817  -672.5 -63.5 -224.9
20211123224818  -672.6 -63.8 -225.0
20211123224819  -672.5 -63.4 -224.9
20211123224820  -672.8 -63.8 -225.1
20211123224821  -672.8 -63.6 -225.0
20211123224822  -673.1 -63.8 -225.2
20211123224823  -672.8 -63.8 -225.2
20211123224824  -673.2 -64.0 -225.5
20211123224825  -673.1 -64.1 -225.3
20211123224826  -673.0 -63.9 -225.3
20211123224827  -673.5 -64.1 -225.9
20211123224828  -674.0 -64.4 -226.5
20211123224829  -673.8 -64.0 -225.9
20211123224830  -673.7 -64.1 -225.7
20211123224831  -673.7 -64.0 -225.4
20211123224832  -673.6 -63.9 -225.1
20211123224833  -673.3 -63.7 -224.6
20211123224834  -672.9 -63.7 -224.2
20211123224835  -673.6 -63.5 -224.4
20211123224836  -674.2 -63.4 -224.8
20211123224837  -674.2 -63.4 -224.8
20211123224838  -674.4 -63.6 -225.3
20211123224839  -674.6 -63.6 -225.2
20211123224840  -674.9 -63.6 -225.1
20211123224841  -675.2 -63.8 -225.1
20211123224842  -675.3 -63.9 -225.3
20211123224843  -675.3 -64.1 -225.4
20211123224844  -675.6 -63.9 -225.7
20211123224845  -675.9 -64.1 -225.6
20211123224846  -676.3 -63.9 -225.6
20211123224847  -676.4 -64.1 -225.7
20211123224848  -676.7 -64.3 -225.8
20211123224849  -676.9 -64.2 -225.8
20211123224850  -677.1 -64.1 -225.3
20211123224851  -677.5 -64.0 -225.6
20211123224852  -677.6 -64.1 -225.9
20211123224853  -677.6 -64.3 -226.1
20211123224854  -678.2 -64.8 -226.3
20211123224855  -677.9 -64.6 -225.9
20211123224856  -677.7 -64.4 -225.4
20211123224857  -677.5 -64.2 -225.1
20211123224858  -677.4 -64.0 -224.9
20211123224859  -677.4 -64.2 -224.7
20211123224900  -677.4 -63.8 -224.4
20211123224901  -678.0 -64.0 -225.1
20211123224902  -678.5 -64.2 -225.2
20211123224903  -678.5 -64.1 -225.3
20211123224904  -678.7 -64.3 -225.2
20211123224905  -678.9 -64.4 -225.4
20211123224906  -679.0 -64.3 -225.4
20211123224907  -679.2 -64.5 -225.5
20211123224908  -679.5 -64.3 -225.8
20211123224909  -679.7 -64.2 -225.6
20211123224910  -679.9 -64.4 -225.5
20211123224911  -680.4 -64.3 -225.6
20211123224912  -680.3 -64.7 -225.6
20211123224913  -679.9 -64.5 -225.5
20211123224914  -680.1 -64.6 -225.4
20211123224915  -680.3 -64.8 -225.7
20211123224916  -680.6 -65.0 -225.5
20211123224917  -680.4 -64.8 -225.7
20211123224918  -680.6 -64.9 -225.6
20211123224919  -680.5 -64.9 -225.2
20211123224920  -680.7 -65.0 -225.7
20211123224921  -680.5 -65.0 -225.6
20211123224922  -680.0 -64.7 -225.2
20211123224923  -680.0 -64.7 -225.0
20211123224924  -680.0 -64.6 -224.5
20211123224925  -679.7 -64.6 -224.3
20211123224926  -680.3 -64.4 -224.8
20211123224927  -680.5 -64.4 -224.9
20211123224928  -681.0 -64.4 -224.8
20211123224929  -681.0 -64.5 -224.8
20211123224930  -680.9 -64.7 -225.0
20211123224931  -681.0 -64.7 -224.9
20211123224932  -680.9 -64.5 -225.0
20211123224933  -681.1 -64.7 -224.9
20211123224934  -681.4 -64.7 -224.8
20211123224935  -681.4 -64.6 -224.7
20211123224936  -680.9 -64.7 -224.9
20211123224937  -681.0 -64.5 -225.2
20211123224938  -681.2 -64.5 -224.8
20211123224939  -681.5 -64.3 -224.8
20211123224940  -681.7 -64.5 -225.3
20211123224941  -681.7 -64.5 -225.2
20211123224942  -681.8 -64.5 -225.3
20211123224943  -681.9 -64.6 -225.2
20211123224944  -681.9 -64.3 -225.3
20211123224945  -682.1 -64.4 -225.3
20211123224946  -682.1 -64.6 -225.2
20211123224947  -682.8 -64.6 -225.9
20211123224948  -682.3 -64.4 -225.5
20211123224949  -682.0 -63.9 -225.1
20211123224950  -682.3 -63.9 -225.0
20211123224951  -682.0 -63.8 -224.8
20211123224952  -682.8 -64.2 -225.5
20211123224953  -683.0 -64.0 -225.5
20211123224954  -683.1 -64.1 -225.5
20211123224955  -683.5 -64.0 -225.2
20211123224956  -683.5 -63.9 -225.4
20211123224957  -683.7 -64.1 -225.2
20211123224958  -683.7 -64.3 -225.7
20211123224959  -684.1 -64.0 -225.5
20211123225000  -684.1 -64.0 -225.4
20211123225001  -684.1 -64.1 -225.4
20211123225002  -684.3 -64.3 -225.4
20211123225003  -684.5 -64.2 -225.5
20211123225004  -684.5 -64.4 -225.9
20211123225005  -684.6 -64.1 -225.7
20211123225006  -684.5 -64.3 -225.5
20211123225007  -684.3 -64.2 -225.8
20211123225008  -684.6 -64.1 -225.5
20211123225009  -684.4 -64.1 -225.8
20211123225010  -684.8 -64.0 -225.9
20211123225011  -685.1 -63.9 -225.6
20211123225012  -684.9 -64.0 -225.3
20211123225013  -684.9 -64.1 -225.4
20211123225014  -684.0 -63.8 -225.0
20211123225015  -684.0 -63.9 -224.5
20211123225016  -683.8 -63.5 -224.4
20211123225017  -683.8 -63.4 -224.1
20211123225018  -684.8 -63.3 -224.6
20211123225019  -684.8 -63.4 -224.7
20211123225020  -684.8 -63.0 -224.8
20211123225021  -685.0 -63.2 -224.9
20211123225022  -685.1 -63.5 -225.0
20211123225023  -685.2 -63.3 -224.6
20211123225024  -685.2 -63.4 -224.9
20211123225025  -684.9 -63.3 -224.7
20211123225026  -685.0 -63.2 -224.8
20211123225027  -684.9 -63.3 -224.9
20211123225028  -685.1 -63.2 -224.8
20211123225029  -685.2 -63.3 -224.8
20211123225030  -685.0 -63.2 -224.7
20211123225031  -685.1 -63.1 -224.7
20211123225032  -684.8 -63.4 -224.5
20211123225033  -685.1 -63.1 -224.4
20211123225034  -685.3 -63.2 -224.7
20211123225035  -685.3 -63.5 -224.8
20211123225036  -685.2 -63.6 -224.9
20211123225037  -685.4 -63.4 -224.8
20211123225038  -685.0 -63.3 -224.7
20211123225039  -684.8 -63.6 -224.8
20211123225040  -684.7 -63.4 -224.4
20211123225041  -684.6 -63.2 -224.2
20211123225042  -684.0 -63.2 -223.9
20211123225043  -684.1 -63.1 -224.0
20211123225044  -684.9 -62.9 -224.3
20211123225045  -684.9 -63.0 -224.4
20211123225046  -685.0 -63.2 -224.7
20211123225047  -685.2 -63.3 -224.6
20211123225048  -685.5 -63.4 -224.9
20211123225049  -685.4 -63.2 -224.9
20211123225050  -685.8 -63.1 -224.9
20211123225051  -685.9 -63.2 -224.8
20211123225052  -685.7 -63.0 -224.8
20211123225053  -685.8 -63.0 -224.7
20211123225054  -685.7 -63.1 -224.6
20211123225055  -685.8 -62.9 -224.4
20211123225056  -685.8 -63.0 -224.6
20211123225057  -686.2 -63.0 -224.4
20211123225058  -685.9 -63.1 -224.4
20211123225059  -686.1 -62.9 -224.5
20211123225100  -686.1 -63.0 -224.4
20211123225101  -686.0 -63.0 -224.4
20211123225102  -686.0 -62.9 -224.3
20211123225103  -685.8 -62.9 -224.4
20211123225104  -686.1 -62.8 -224.6
20211123225105  -685.8 -63.0 -224.6
20211123225106  -685.1 -62.9 -224.1
20211123225107  -685.3 -62.9 -223.8
20211123225108  -685.1 -62.6 -223.9
20211123225109  -684.9 -62.6 -223.5
20211123225110  -685.5 -62.9 -223.8
20211123225111  -685.5 -62.9 -223.9
20211123225112  -685.4 -63.0 -223.7
20211123225113  -685.5 -63.3 -224.0
20211123225114  -685.7 -63.1 -224.1
20211123225115  -685.7 -63.1 -224.5
20211123225116  -685.8 -63.3 -224.4
20211123225117  -685.9 -62.9 -224.4
20211123225118  -685.8 -62.9 -224.2
20211123225119  -686.1 -63.0 -224.2
20211123225120  -685.9 -62.7 -224.6
20211123225121  -686.1 -62.9 -224.3
20211123225122  -686.1 -62.7 -224.4
20211123225123  -686.4 -62.6 -224.5
20211123225124  -686.2 -62.8 -224.2
20211123225125  -686.5 -62.9 -224.1
20211123225126  -686.7 -62.9 -224.3
20211123225127  -686.7 -63.0 -224.2
20211123225128  -686.7 -63.1 -224.5
20211123225129  -686.7 -63.1 -224.6
20211123225130  -686.8 -63.0 -224.7
20211123225131  -686.6 -63.3 -224.6
20211123225132  -686.1 -62.4 -223.8
20211123225133  -685.9 -62.4 -223.3
20211123225134  -685.8 -62.3 -223.1
20211123225135  -685.7 -62.1 -222.7
20211123225136  -686.6 -61.8 -223.2
20211123225137  -686.9 -62.2 -223.3
20211123225138  -687.0 -62.4 -223.4
20211123225139  -687.0 -62.1 -223.3
20211123225140  -686.9 -62.0 -223.3
20211123225141  -687.2 -62.4 -223.4
20211123225142  -687.2 -62.2 -223.2
20211123225143  -687.2 -62.0 -223.2
20211123225144  -687.3 -62.1 -223.3
20211123225145  -687.2 -62.1 -223.4
20211123225146  -687.3 -62.1 -223.2
20211123225147  -687.1 -62.2 -223.2
20211123225148  -687.2 -61.9 -223.1
20211123225149  -687.2 -62.2 -223.3
20211123225150  -687.3 -62.0 -223.1
20211123225151  -687.1 -62.1 -223.3
20211123225152  -687.2 -61.9 -223.2
20211123225153  -687.5 -62.1 -223.2
20211123225154  -687.2 -62.1 -223.0
20211123225155  -687.3 -62.3 -223.1
20211123225156  -687.4 -62.2 -223.3
20211123225157  -687.3 -62.4 -223.5
20211123225158  -686.7 -62.0 -223.0
20211123225159  -686.5 -61.6 -222.6
20211123225200  -686.1 -61.6 -222.5
20211123225201  -685.9 -61.6 -222.2
20211123225202  -686.9 -61.5 -222.4
20211123225203  -687.0 -61.7 -222.9
20211123225204  -687.0 -61.7 -222.8
20211123225205  -687.3 -61.8 -223.0
20211123225206  -687.2 -61.8 -222.6
20211123225207  -687.1 -61.6 -222.8
20211123225208  -687.5 -61.7 -223.0
20211123225209  -687.7 -61.6 -223.2
20211123225210  -687.5 -61.6 -223.1
20211123225211  -687.5 -61.5 -223.0
20211123225212  -687.6 -61.5 -223.2
20211123225213  -687.8 -61.7 -223.0
