20211110132429  -669.0 -96.5 -173.2
20211110132430  -669.2 -96.9 -173.2
20211110132431  -669.2 -96.9 -173.2
20211110132432  -669.2 -96.8 -173.2
20211110132433  -669.2 -97.1 -173.0
20211110132434  -668.9 -97.1 -173.1
20211110132435  -668.2 -96.7 -172.5
20211110132436  -668.1 -96.7 -172.3
20211110132437  -668.9 -96.6 -172.5
20211110132438  -668.9 -96.6 -172.6
20211110132439  -668.9 -96.7 -172.6
20211110132440  -668.7 -96.6 -172.8
20211110132441  -668.7 -96.9 -173.0
20211110132442  -668.9 -96.7 -173.1
20211110132443  -668.9 -96.8 -173.0
20211110132444  -668.9 -97.0 -172.9
20211110132445  -668.8 -96.8 -173.0
20211110132446  -668.9 -97.2 -173.1
20211110132447  -668.8 -97.2 -173.0
20211110132448  -668.7 -96.9 -173.2
20211110132449  -668.7 -96.7 -173.3
20211110132450  -668.6 -96.6 -172.9
20211110132451  -668.8 -96.8 -172.9
20211110132452  -668.7 -96.9 -172.9
20211110132453  -668.9 -96.9 -172.8
20211110132454  -668.9 -96.5 -172.8
20211110132455  -668.7 -96.4 -172.9
20211110132456  -668.7 -96.3 -172.8
20211110132457  -668.7 -96.6 -172.6
20211110132458  -668.6 -96.7 -172.9
20211110132459  -668.8 -96.6 -172.7
20211110132500  -668.5 -96.5 -172.6
20211110132501  -668.6 -96.4 -172.8
20211110132502  -668.7 -96.4 -173.1
20211110132503  -668.4 -96.3 -173.1
20211110132504  -668.3 -96.3 -173.1
20211110132505  -667.5 -96.1 -172.4
20211110132506  -667.7 -96.0 -172.3
20211110132507  -668.3 -96.1 -172.7
20211110132508  -668.1 -96.3 -172.8
20211110132509  -668.2 -96.1 -172.9
20211110132510  -668.0 -96.0 -172.9
20211110132511  -668.1 -96.2 -173.0
20211110132512  -667.8 -96.0 -173.0
20211110132513  -667.9 -96.1 -172.9
20211110132514  -667.8 -96.0 -173.0
20211110132515  -667.8 -95.8 -172.8
20211110132516  -667.9 -95.8 -172.8
20211110132517  -668.1 -96.0 -172.9
20211110132518  -668.1 -95.9 -172.9
20211110132519  -667.8 -95.9 -172.9
20211110132520  -667.9 -95.8 -172.8
20211110132521  -667.8 -96.0 -172.9
20211110132522  -667.8 -95.9 -172.9
20211110132523  -667.9 -95.9 -173.2
20211110132524  -667.7 -95.9 -173.0
20211110132525  -667.6 -95.8 -172.9
20211110132526  -667.6 -95.8 -173.2
20211110132527  -668.0 -95.9 -173.3
20211110132528  -668.1 -95.9 -173.0
20211110132529  -668.0 -95.8 -173.2
20211110132530  -668.0 -96.0 -173.0
20211110132531  -668.1 -95.7 -173.2
20211110132532  -668.1 -95.8 -173.0
20211110132533  -668.1 -95.6 -173.2
20211110132534  -668.1 -95.5 -173.1
20211110132535  -667.4 -95.5 -172.6
20211110132536  -667.4 -95.2 -172.3
20211110132537  -668.2 -95.4 -172.6
20211110132538  -668.1 -95.3 -172.9
20211110132539  -668.0 -95.3 -172.6
20211110132540  -667.6 -95.3 -172.6
20211110132541  -667.4 -95.2 -172.4
20211110132542  -667.6 -95.2 -172.6
20211110132543  -667.6 -95.0 -172.7
20211110132544  -667.7 -95.1 -172.5
20211110132545  -667.6 -95.2 -172.3
20211110132546  -668.0 -95.2 -172.7
20211110132547  -667.7 -95.2 -172.9
20211110132548  -667.7 -95.3 -172.6
20211110132549  -667.8 -95.0 -173.0
20211110132550  -668.0 -94.9 -173.0
20211110132551  -668.2 -95.2 -172.9
20211110132552  -667.9 -95.0 -173.0
20211110132553  -668.0 -95.1 -172.7
20211110132554  -668.1 -94.9 -172.6
20211110132555  -668.2 -94.9 -172.8
20211110132556  -667.6 -94.9 -172.5
20211110132557  -667.7 -95.2 -172.7
20211110132558  -668.1 -95.1 -172.7
20211110132559  -668.0 -94.8 -172.7
20211110132600  -668.2 -95.1 -172.8
20211110132601  -668.2 -95.0 -172.8
20211110132602  -668.2 -95.0 -172.4
20211110132603  -668.1 -95.0 -172.4
20211110132604  -667.9 -94.9 -172.5
20211110132605  -667.8 -94.8 -172.4
20211110132606  -667.9 -94.9 -172.2
20211110132607  -668.2 -95.0 -172.5
20211110132608  -668.5 -94.9 -172.4
20211110132609  -668.5 -95.0 -172.5
20211110132610  -668.5 -95.0 -172.6
20211110132611  -668.7 -94.7 -172.8
20211110132612  -668.9 -95.0 -172.8
20211110132613  -668.7 -94.7 -172.5
20211110132614  -668.8 -94.7 -172.4
20211110132615  -668.7 -94.9 -172.7
20211110132616  -669.0 -95.2 -172.3
20211110132617  -669.1 -94.9 -172.3
20211110132618  -669.4 -95.1 -172.3
20211110132619  -669.5 -95.2 -172.4
20211110132620  -669.4 -94.8 -172.5
20211110132621  -669.3 -95.0 -172.5
20211110132622  -669.1 -95.2 -172.5
20211110132623  -669.3 -95.0 -172.6
20211110132624  -669.7 -95.0 -172.4
20211110132625  -669.7 -95.2 -172.7
20211110132626  -669.3 -95.1 -172.9
20211110132627  -669.4 -95.0 -172.5
20211110132628  -669.4 -95.0 -172.5
20211110132629  -669.8 -95.0 -172.5
20211110132630  -669.9 -94.9 -172.6
20211110132631  -670.0 -94.9 -172.6
20211110132632  -670.1 -95.2 -172.6
20211110132633  -670.1 -94.9 -172.6
20211110132634  -670.1 -94.8 -172.5
20211110132635  -670.0 -94.8 -172.4
20211110132636  -669.8 -94.6 -171.9
20211110132637  -670.2 -94.9 -172.5
20211110132638  -670.4 -94.9 -172.4
20211110132639  -670.4 -95.1 -172.5
20211110132640  -670.6 -95.0 -172.8
20211110132641  -670.5 -95.3 -172.6
20211110132642  -670.8 -95.3 -172.6
20211110132643  -670.7 -95.1 -172.9
20211110132644  -670.8 -94.9 -172.8
20211110132645  -670.5 -94.8 -172.7
20211110132646  -670.6 -94.7 -172.8
20211110132647  -670.6 -95.1 -172.5
20211110132648  -670.6 -95.0 -172.5
20211110132649  -670.8 -95.3 -172.9
20211110132650  -670.9 -94.8 -172.7
20211110132651  -670.8 -95.1 -172.7
20211110132652  -670.4 -95.0 -172.8
20211110132653  -670.4 -94.8 -172.8
20211110132654  -670.6 -94.7 -172.6
20211110132655  -670.5 -94.7 -172.7
20211110132656  -670.4 -94.8 -172.9
20211110132657  -670.9 -94.4 -172.5
20211110132658  -671.0 -94.6 -172.7
20211110132659  -670.7 -94.4 -172.6
20211110132700  -671.3 -94.5 -172.9
20211110132701  -671.2 -94.2 -172.7
20211110132702  -671.2 -94.2 -172.6
20211110132703  -671.1 -94.3 -172.4
20211110132704  -671.4 -94.2 -172.7
20211110132705  -671.1 -94.3 -172.8
20211110132706  -670.4 -94.0 -172.4
20211110132707  -671.0 -94.5 -172.4
20211110132708  -671.2 -94.4 -172.5
20211110132709  -671.5 -94.5 -172.4
20211110132710  -671.5 -94.2 -172.6
20211110132711  -671.7 -94.3 -172.3
20211110132712  -671.8 -94.2 -172.6
20211110132713  -671.8 -94.2 -172.7
20211110132714  -672.1 -94.1 -172.9
20211110132715  -672.3 -93.9 -172.7
20211110132716  -672.2 -94.5 -172.4
20211110132717  -672.1 -94.6 -172.7
20211110132718  -672.2 -94.6 -172.8
20211110132719  -672.1 -94.6 -172.9
20211110132720  -672.2 -94.5 -172.8
20211110132721  -672.1 -94.4 -172.7
20211110132722  -672.1 -94.2 -172.3
20211110132723  -672.4 -94.3 -172.7
20211110132724  -672.1 -94.3 -172.8
20211110132725  -672.1 -94.0 -172.6
20211110132726  -672.3 -94.5 -172.5
20211110132727  -672.1 -94.3 -172.4
20211110132728  -672.7 -94.2 -172.6
20211110132729  -672.6 -94.2 -172.6
20211110132730  -672.3 -94.0 -172.6
20211110132731  -672.3 -94.1 -172.7
20211110132732  -672.2 -94.2 -172.8
20211110132733  -672.3 -94.3 -172.8
20211110132734  -672.3 -94.2 -172.8
20211110132735  -672.1 -94.6 -172.8
20211110132736  -671.7 -94.4 -172.4
20211110132737  -672.2 -94.4 -172.9
20211110132738  -672.3 -94.5 -173.0
20211110132739  -672.1 -94.5 -172.9
20211110132740  -672.1 -94.2 -172.9
20211110132741  -672.5 -94.3 -172.8
20211110132742  -672.3 -94.2 -172.7
20211110132743  -672.2 -94.5 -172.7
20211110132744  -672.3 -94.2 -172.6
20211110132745  -671.9 -94.1 -172.8
20211110132746  -672.1 -94.1 -172.9
20211110132747  -672.3 -94.4 -172.7
20211110132748  -672.1 -94.3 -172.5
20211110132749  -672.3 -94.3 -172.4
20211110132750  -672.1 -94.0 -172.6
20211110132751  -672.1 -94.0 -172.7
20211110132752  -672.2 -94.2 -172.6
20211110132753  -672.2 -94.1 -172.7
20211110132754  -672.0 -94.0 -172.8
20211110132755  -672.1 -94.2 -172.8
20211110132756  -672.2 -94.3 -172.8
20211110132757  -672.0 -94.1 -172.8
20211110132758  -671.5 -94.1 -173.0
20211110132759  -671.9 -94.5 -173.0
20211110132800  -671.8 -94.3 -172.9
20211110132801  -671.6 -94.3 -173.0
20211110132802  -671.5 -94.3 -173.0
20211110132803  -671.6 -94.2 -172.9
20211110132804  -671.7 -93.8 -172.8
20211110132805  -671.8 -94.1 -172.8
20211110132806  -671.1 -94.2 -172.6
20211110132807  -671.2 -94.0 -172.6
20211110132808  -671.5 -94.0 -173.0
20211110132809  -671.3 -93.9 -173.0
20211110132810  -671.2 -93.7 -172.7
20211110132811  -671.3 -93.9 -172.7
20211110132812  -671.3 -94.1 -172.4
20211110132813  -671.4 -94.0 -172.7
20211110132814  -671.0 -94.1 -172.5
20211110132815  -671.3 -94.0 -172.7
20211110132816  -671.3 -94.0 -172.8
20211110132817  -671.2 -94.0 -172.4
20211110132818  -671.1 -94.1 -172.6
20211110132819  -671.2 -93.9 -172.5
20211110132820  -670.9 -93.9 -172.5
20211110132821  -670.9 -94.0 -172.6
20211110132822  -670.9 -94.0 -172.4
20211110132823  -671.0 -93.9 -172.4
20211110132824  -670.8 -93.8 -172.4
20211110132825  -671.0 -94.1 -172.5
20211110132826  -671.0 -94.1 -172.6
20211110132827  -670.9 -94.2 -172.6
20211110132828  -670.6 -94.0 -172.5
20211110132829  -670.9 -94.0 -172.6
20211110132830  -670.9 -93.8 -172.2
20211110132831  -670.6 -94.2 -172.6
20211110132832  -670.8 -93.9 -172.5
20211110132833  -670.8 -93.9 -172.6
20211110132834  -670.9 -93.9 -172.4
20211110132835  -670.8 -93.8 -172.2
20211110132836  -670.3 -93.9 -172.3
20211110132837  -669.8 -93.6 -171.7
20211110132838  -670.4 -93.9 -172.4
20211110132839  -670.4 -93.7 -172.5
20211110132840  -670.4 -93.8 -172.5
20211110132841  -670.6 -94.0 -172.5
20211110132842  -670.6 -93.7 -172.6
20211110132843  -670.5 -93.9 -172.8
20211110132844  -670.8 -93.7 -172.7
20211110132845  -670.5 -93.9 -172.6
20211110132846  -670.7 -93.8 -172.7
20211110132847  -670.5 -93.9 -172.5
20211110132848  -670.4 -93.8 -172.4
20211110132849  -670.4 -93.7 -172.2
20211110132850  -670.4 -93.6 -172.3
20211110132851  -670.4 -93.5 -172.2
20211110132852  -670.2 -93.7 -172.4
20211110132853  -670.4 -94.0 -172.3
20211110132854  -670.5 -94.1 -172.4
20211110132855  -670.5 -93.8 -172.6
20211110132856  -670.3 -93.6 -172.6
20211110132857  -670.2 -93.7 -172.5
20211110132858  -670.1 -93.6 -172.5
20211110132859  -670.2 -93.8 -172.2
20211110132900  -670.1 -93.8 -172.4
20211110132901  -670.5 -93.8 -172.3
20211110132902  -670.2 -94.1 -172.0
20211110132903  -670.4 -93.9 -172.1
20211110132904  -670.4 -93.5 -172.1
20211110132905  -670.3 -93.8 -172.2
20211110132906  -670.3 -93.6 -172.1
20211110132907  -669.5 -93.5 -171.9
20211110132908  -669.8 -93.3 -171.7
20211110132909  -670.3 -93.6 -172.1
20211110132910  -670.4 -93.5 -172.1
20211110132911  -670.1 -93.7 -171.9
20211110132912  -670.4 -93.5 -172.0
20211110132913  -670.5 -93.5 -172.0
20211110132914  -670.3 -93.8 -171.9
20211110132915  -670.3 -93.3 -171.7
20211110132916  -670.2 -93.5 -171.8
20211110132917  -670.5 -93.4 -171.7
20211110132918  -670.3 -93.3 -171.9
20211110132919  -670.3 -93.2 -171.9
20211110132920  -670.4 -93.0 -171.9
20211110132921  -670.3 -93.1 -171.7
20211110132922  -670.3 -93.2 -171.5
20211110132923  -670.5 -93.1 -171.7
20211110132924  -670.5 -93.0 -171.4
20211110132925  -670.6 -93.1 -171.7
20211110132926  -670.6 -93.1 -171.8
20211110132927  -670.9 -92.8 -171.7
20211110132928  -670.9 -93.2 -171.7
20211110132929  -671.1 -92.9 -171.8
20211110132930  -671.4 -93.1 -171.7
20211110132931  -671.5 -93.3 -171.6
20211110132932  -671.4 -93.0 -171.8
20211110132933  -671.3 -93.0 -171.9
20211110132934  -671.7 -93.0 -171.7
20211110132935  -671.6 -93.0 -171.8
20211110132936  -671.4 -93.1 -171.7
20211110132937  -670.8 -92.7 -171.0
20211110132938  -670.7 -92.6 -170.8
20211110132939  -671.7 -92.6 -171.3
20211110132940  -671.7 -92.6 -171.3
20211110132941  -671.3 -92.7 -171.5
20211110132942  -671.9 -92.7 -171.4
20211110132943  -672.1 -92.9 -171.4
20211110132944  -672.0 -92.8 -171.4
20211110132945  -671.8 -92.5 -171.2
20211110132946  -672.0 -92.4 -171.3
20211110132947  -672.0 -92.5 -171.4
20211110132948  -672.0 -92.6 -171.3
20211110132949  -671.8 -92.7 -171.4
20211110132950  -671.8 -92.4 -171.4
20211110132951  -672.2 -92.6 -171.2
20211110132952  -672.3 -92.4 -171.2
20211110132953  -672.4 -92.2 -171.2
20211110132954  -672.5 -92.5 -171.1
20211110132955  -672.3 -92.7 -171.1
20211110132956  -672.2 -92.5 -171.1
20211110132957  -672.4 -92.7 -171.1
20211110132958  -672.2 -92.6 -170.9
20211110132959  -672.3 -92.5 -171.2
20211110133000  -672.6 -92.7 -171.0
20211110133001  -672.5 -92.5 -171.1
20211110133002  -672.2 -92.4 -171.3
20211110133003  -672.3 -92.6 -171.2
20211110133004  -672.1 -92.8 -171.3
20211110133005  -672.2 -92.8 -171.3
20211110133006  -672.2 -92.8 -171.4
20211110133007  -671.6 -92.4 -170.9
20211110133008  -671.4 -92.4 -170.6
20211110133009  -672.0 -92.1 -170.8
20211110133010  -672.0 -92.1 -171.1
20211110133011  -672.2 -92.4 -171.2
20211110133012  -672.2 -92.2 -171.2
20211110133013  -672.2 -92.3 -171.1
20211110133014  -672.1 -92.5 -170.7
