20211031071828  -659.4 -76.0 -188.3
20211031071829  -659.1 -76.3 -188.5
20211031071830  -659.0 -76.6 -188.8
20211031071831  -658.4 -76.8 -188.4
20211031071832  -657.7 -76.4 -187.6
20211031071833  -657.7 -77.0 -187.9
20211031071834  -657.9 -76.8 -188.1
20211031071835  -658.2 -77.3 -188.8
20211031071836  -658.0 -77.4 -188.7
20211031071837  -658.0 -77.3 -188.9
20211031071838  -658.0 -77.5 -189.0
20211031071839  -657.6 -77.3 -189.2
20211031071840  -657.6 -77.4 -189.2
20211031071841  -657.7 -77.9 -189.2
20211031071842  -657.5 -77.6 -189.2
20211031071843  -657.0 -77.8 -189.3
20211031071844  -657.1 -78.0 -189.6
20211031071845  -657.3 -78.3 -189.6
20211031071846  -657.3 -78.4 -189.5
20211031071847  -657.2 -78.6 -189.4
20211031071848  -657.0 -79.0 -189.4
20211031071849  -656.9 -79.1 -189.5
20211031071850  -657.4 -79.0 -189.4
20211031071851  -657.2 -79.3 -189.5
20211031071852  -656.9 -78.9 -189.3
20211031071853  -657.2 -79.2 -189.5
20211031071854  -657.1 -79.1 -189.6
20211031071855  -657.1 -79.3 -189.9
20211031071856  -657.6 -79.0 -189.7
20211031071857  -657.7 -79.1 -189.6
20211031071858  -657.6 -79.1 -189.6
20211031071859  -657.6 -79.1 -189.2
20211031071900  -657.9 -78.6 -189.2
20211031071901  -657.9 -78.7 -189.2
20211031071902  -657.6 -78.2 -188.8
20211031071903  -657.4 -78.2 -188.3
20211031071904  -658.1 -78.4 -188.6
20211031071905  -658.5 -78.3 -189.3
20211031071906  -658.9 -78.4 -189.3
20211031071907  -658.8 -78.2 -188.7
20211031071908  -659.0 -77.8 -188.7
20211031071909  -659.0 -77.8 -188.9
20211031071910  -659.4 -77.6 -189.0
20211031071911  -659.4 -77.5 -188.9
20211031071912  -659.6 -77.6 -189.1
20211031071913  -659.7 -77.4 -189.0
20211031071914  -659.6 -77.0 -188.9
20211031071915  -659.5 -76.8 -189.1
20211031071916  -659.8 -76.6 -189.1
20211031071917  -659.6 -76.5 -188.9
20211031071918  -659.5 -76.5 -189.0
20211031071919  -659.7 -76.4 -189.2
20211031071920  -659.6 -75.9 -189.2
20211031071921  -659.6 -76.0 -189.4
20211031071922  -659.7 -76.0 -189.1
20211031071923  -659.4 -75.7 -189.0
20211031071924  -659.2 -75.7 -188.9
20211031071925  -659.3 -75.9 -188.9
20211031071926  -659.1 -75.9 -189.2
20211031071927  -659.5 -75.7 -189.0
20211031071928  -659.3 -76.0 -189.3
20211031071929  -659.0 -76.1 -189.2
20211031071930  -658.6 -76.0 -188.9
20211031071931  -658.9 -76.3 -188.9
20211031071932  -658.5 -76.5 -188.7
20211031071933  -658.0 -76.1 -188.3
20211031071934  -658.8 -76.0 -188.8
20211031071935  -659.1 -76.5 -189.2
20211031071936  -659.1 -76.7 -189.0
20211031071937  -659.2 -76.8 -188.9
20211031071938  -658.8 -76.7 -189.2
20211031071939  -659.0 -76.7 -188.9
20211031071940  -659.1 -76.7 -188.9
20211031071941  -658.9 -76.8 -189.3
20211031071942  -658.9 -76.6 -189.2
20211031071943  -658.9 -76.6 -189.3
20211031071944  -658.8 -76.8 -189.5
20211031071945  -658.6 -76.9 -189.4
20211031071946  -658.7 -77.2 -189.5
20211031071947  -658.8 -77.1 -189.6
20211031071948  -658.8 -77.2 -189.6
20211031071949  -658.4 -77.5 -189.9
20211031071950  -658.4 -77.4 -189.7
20211031071951  -658.3 -77.4 -189.7
20211031071952  -658.5 -77.6 -189.8
20211031071953  -658.2 -77.7 -189.9
20211031071954  -658.6 -77.5 -190.3
20211031071955  -658.5 -77.6 -190.1
20211031071956  -658.4 -77.6 -190.3
20211031071957  -658.4 -77.8 -190.3
20211031071958  -658.7 -77.6 -190.7
20211031071959  -658.4 -77.9 -190.5
20211031072000  -658.6 -77.8 -190.4
20211031072001  -658.8 -77.7 -190.7
20211031072002  -658.2 -77.9 -190.2
20211031072003  -657.9 -78.1 -189.9
20211031072004  -658.4 -77.7 -189.8
20211031072005  -658.3 -77.7 -190.1
20211031072006  -658.5 -77.8 -190.2
20211031072007  -658.6 -77.5 -190.2
20211031072008  -658.6 -77.7 -190.3
20211031072009  -658.6 -77.9 -190.2
20211031072010  -658.6 -77.7 -190.5
20211031072011  -658.8 -77.8 -190.2
20211031072012  -658.8 -77.7 -190.1
20211031072013  -658.9 -77.6 -190.1
20211031072014  -658.9 -77.4 -190.3
20211031072015  -658.5 -77.6 -190.2
20211031072016  -658.5 -77.7 -190.1
20211031072017  -658.7 -77.8 -190.3
20211031072018  -658.5 -77.8 -190.1
20211031072019  -658.2 -77.8 -190.2
20211031072020  -658.0 -78.1 -190.1
20211031072021  -657.9 -77.8 -190.2
20211031072022  -657.9 -77.7 -190.1
20211031072023  -657.7 -77.5 -189.9
20211031072024  -657.5 -77.8 -189.9
20211031072025  -657.7 -77.7 -189.9
20211031072026  -657.5 -77.7 -189.8
20211031072027  -657.5 -77.9 -190.1
20211031072028  -657.4 -77.8 -190.1
20211031072029  -657.3 -78.0 -190.0
20211031072030  -657.0 -78.1 -189.9
20211031072031  -657.1 -78.1 -189.9
20211031072032  -656.8 -78.2 -189.8
20211031072033  -656.5 -77.9 -189.3
20211031072034  -657.0 -78.0 -190.0
20211031072035  -657.3 -77.9 -189.7
20211031072036  -657.4 -77.9 -189.8
20211031072037  -657.7 -78.1 -189.8
20211031072038  -658.0 -78.0 -190.0
20211031072039  -658.2 -77.7 -189.9
20211031072040  -658.2 -78.0 -190.0
20211031072041  -658.3 -77.9 -190.0
20211031072042  -658.5 -77.7 -190.0
20211031072043  -658.4 -77.7 -190.2
20211031072044  -658.9 -77.7 -190.1
20211031072045  -658.7 -77.6 -190.1
20211031072046  -658.9 -77.5 -189.9
20211031072047  -658.9 -77.4 -189.7
20211031072048  -658.9 -77.1 -189.9
20211031072049  -659.3 -77.2 -190.2
20211031072050  -659.3 -76.9 -190.2
20211031072051  -659.3 -76.8 -189.9
20211031072052  -658.9 -76.6 -189.8
20211031072053  -659.0 -76.3 -189.9
20211031072054  -659.0 -76.4 -189.7
20211031072055  -659.0 -76.5 -189.6
20211031072056  -658.6 -76.6 -189.6
20211031072057  -658.5 -76.2 -189.5
20211031072058  -658.6 -76.3 -189.5
20211031072059  -658.5 -76.4 -189.5
20211031072100  -658.9 -76.8 -189.5
20211031072101  -658.8 -76.6 -189.5
20211031072102  -658.6 -76.7 -189.4
20211031072103  -658.0 -76.7 -189.2
20211031072104  -658.9 -76.7 -189.8
20211031072105  -658.7 -76.6 -189.7
20211031072106  -658.7 -76.5 -189.8
20211031072107  -658.9 -76.7 -189.7
20211031072108  -658.9 -76.6 -189.6
20211031072109  -659.2 -76.8 -189.8
20211031072110  -659.2 -76.8 -189.8
20211031072111  -659.3 -76.7 -189.6
20211031072112  -659.4 -76.7 -189.6
20211031072113  -659.2 -76.7 -189.6
20211031072114  -659.2 -76.6 -189.8
20211031072115  -659.2 -76.5 -189.7
20211031072116  -659.4 -76.7 -189.7
20211031072117  -659.4 -76.7 -189.7
20211031072118  -659.2 -76.4 -189.7
20211031072119  -659.1 -76.4 -189.4
20211031072120  -658.9 -76.6 -189.4
20211031072121  -659.0 -76.8 -189.5
20211031072122  -659.1 -76.6 -189.5
20211031072123  -658.8 -76.8 -189.3
20211031072124  -658.6 -76.8 -189.5
20211031072125  -658.8 -76.9 -189.4
20211031072126  -658.4 -76.8 -189.5
20211031072127  -658.5 -77.0 -189.5
20211031072128  -658.5 -77.4 -189.7
20211031072129  -658.4 -77.1 -189.8
20211031072130  -658.7 -77.4 -189.7
20211031072131  -658.8 -77.6 -189.8
20211031072132  -658.9 -77.8 -190.1
20211031072133  -658.2 -77.7 -189.9
20211031072134  -658.8 -77.6 -189.9
20211031072135  -659.2 -77.9 -190.1
20211031072136  -659.3 -77.9 -190.0
20211031072137  -659.3 -77.9 -189.8
20211031072138  -659.4 -77.7 -189.8
20211031072139  -659.1 -77.9 -189.7
20211031072140  -659.2 -77.9 -190.0
20211031072141  -659.6 -78.1 -190.2
20211031072142  -659.2 -78.3 -190.1
20211031072143  -659.4 -78.3 -190.3
20211031072144  -659.6 -78.5 -190.2
20211031072145  -659.5 -78.5 -190.2
20211031072146  -659.5 -78.4 -190.1
20211031072147  -659.9 -78.5 -190.0
20211031072148  -659.8 -78.7 -190.1
20211031072149  -659.7 -78.7 -190.3
20211031072150  -659.4 -78.9 -190.3
20211031072151  -659.4 -78.8 -190.4
20211031072152  -659.2 -79.1 -190.0
20211031072153  -659.3 -79.1 -190.2
20211031072154  -659.2 -79.4 -190.4
20211031072155  -658.9 -79.3 -190.4
20211031072156  -659.2 -79.7 -190.2
20211031072157  -658.9 -79.8 -190.3
20211031072158  -658.7 -79.8 -190.1
20211031072159  -658.7 -79.8 -190.0
20211031072200  -658.3 -79.9 -190.2
20211031072201  -657.9 -80.0 -190.4
20211031072202  -657.7 -80.1 -190.2
20211031072203  -657.2 -80.3 -189.7
20211031072204  -657.4 -80.1 -189.5
20211031072205  -657.4 -80.3 -190.0
20211031072206  -657.7 -80.6 -189.8
20211031072207  -657.8 -80.5 -189.9
20211031072208  -657.7 -80.7 -189.9
20211031072209  -658.1 -80.8 -190.1
20211031072210  -658.0 -80.9 -190.2
20211031072211  -658.3 -80.7 -190.5
20211031072212  -658.7 -80.7 -190.6
20211031072213  -658.6 -80.7 -190.5
