20211201223023  -761.1 -29.0 -808.0
20211201223024  -761.3 -29.7 -807.9
20211201223025  -761.6 -30.1 -807.9
20211201223026  -761.4 -29.6 -807.4
20211201223027  -761.9 -29.6 -807.9
20211201223028  -762.6 -29.6 -808.5
20211201223029  -763.1 -29.8 -808.8
20211201223030  -763.9 -29.7 -809.0
20211201223031  -764.4 -29.9 -808.5
20211201223032  -764.7 -30.3 -808.5
20211201223033  -765.0 -30.8 -808.4
20211201223034  -765.0 -31.1 -808.3
20211201223035  -765.2 -31.3 -807.9
20211201223036  -765.5 -31.4 -808.0
20211201223037  -765.8 -31.5 -808.0
20211201223038  -766.2 -31.8 -807.9
20211201223039  -766.5 -31.8 -808.1
20211201223040  -766.8 -31.6 -807.9
20211201223041  -766.8 -31.7 -808.0
20211201223042  -767.2 -31.6 -808.2
20211201223043  -766.9 -31.9 -808.3
20211201223044  -767.4 -32.2 -808.5
20211201223045  -767.4 -32.6 -808.6
20211201223046  -767.6 -32.6 -808.8
20211201223047  -768.1 -32.6 -808.8
20211201223048  -768.4 -32.6 -809.2
20211201223049  -768.6 -32.6 -809.0
20211201223050  -769.0 -33.0 -809.3
20211201223051  -768.9 -33.2 -809.1
20211201223052  -768.6 -33.6 -808.7
20211201223053  -768.6 -34.0 -808.5
20211201223054  -768.5 -34.1 -808.2
20211201223055  -768.4 -34.3 -808.0
20211201223056  -768.2 -34.2 -807.8
20211201223057  -769.1 -34.5 -808.6
20211201223058  -769.4 -34.8 -809.2
20211201223059  -769.7 -34.9 -809.3
20211201223100  -769.8 -35.2 -809.5
20211201223101  -770.3 -35.4 -809.6
20211201223102  -771.1 -35.5 -809.9
20211201223103  -771.6 -35.1 -809.8
20211201223104  -772.0 -35.1 -810.2
20211201223105  -772.7 -34.9 -810.4
20211201223106  -773.3 -34.8 -810.4
20211201223107  -773.6 -34.8 -810.1
20211201223108  -773.5 -35.2 -809.9
20211201223109  -773.4 -35.5 -810.2
20211201223110  -773.7 -35.8 -810.4
20211201223111  -773.9 -36.0 -810.3
20211201223112  -774.3 -36.1 -810.6
20211201223113  -774.5 -36.3 -810.7
20211201223114  -774.7 -36.7 -810.8
20211201223115  -775.2 -37.2 -810.8
20211201223116  -775.4 -37.3 -810.9
20211201223117  -775.7 -37.3 -811.4
20211201223118  -776.2 -37.2 -811.3
20211201223119  -776.5 -37.2 -811.5
20211201223120  -777.0 -37.5 -811.7
20211201223121  -777.9 -37.5 -811.9
20211201223122  -777.7 -37.8 -811.7
20211201223123  -778.5 -37.6 -811.6
20211201223124  -779.2 -37.9 -811.9
20211201223125  -779.6 -38.0 -812.0
20211201223126  -779.8 -38.2 -811.8
20211201223127  -780.1 -38.5 -811.7
20211201223128  -780.1 -38.3 -811.8
20211201223129  -780.2 -38.1 -811.7
20211201223130  -780.7 -38.2 -811.5
20211201223131  -780.6 -38.1 -811.9
20211201223132  -781.1 -37.9 -811.7
20211201223133  -781.6 -38.0 -811.9
20211201223134  -782.0 -38.1 -811.8
20211201223135  -782.1 -37.9 -811.3
20211201223136  -782.4 -38.4 -811.4
20211201223137  -782.4 -38.4 -811.5
20211201223138  -782.8 -38.1 -811.0
20211201223139  -782.4 -38.4 -811.3
20211201223140  -782.7 -38.2 -811.3
20211201223141  -782.9 -38.5 -811.2
20211201223142  -783.2 -38.1 -811.3
20211201223143  -783.7 -37.8 -811.4
20211201223144  -784.1 -37.5 -811.9
20211201223145  -784.7 -37.4 -812.1
20211201223146  -785.2 -37.4 -812.2
20211201223147  -785.4 -37.4 -812.2
20211201223148  -785.3 -37.8 -812.0
20211201223149  -784.9 -37.6 -810.8
20211201223150  -785.2 -37.8 -810.7
20211201223151  -785.2 -38.3 -810.8
20211201223152  -785.1 -38.3 -811.0
20211201223153  -784.8 -38.5 -810.9
20211201223154  -785.0 -38.3 -810.9
20211201223155  -784.8 -38.6 -811.0
20211201223156  -784.8 -38.8 -811.1
20211201223157  -785.1 -38.7 -811.3
20211201223158  -785.6 -38.6 -811.0
20211201223159  -785.5 -38.8 -811.1
20211201223200  -785.2 -38.8 -811.2
20211201223201  -785.6 -38.9 -811.2
20211201223202  -785.8 -39.1 -811.1
20211201223203  -786.3 -39.3 -811.5
20211201223204  -786.7 -39.6 -811.5
20211201223205  -787.5 -39.3 -811.7
20211201223206  -788.1 -39.4 -811.3
20211201223207  -788.5 -39.8 -811.0
20211201223208  -788.4 -40.1 -811.0
20211201223209  -788.1 -40.4 -811.1
20211201223210  -788.0 -40.5 -811.3
20211201223211  -788.0 -40.6 -811.5
20211201223212  -787.7 -40.8 -811.8
20211201223213  -788.2 -40.7 -812.2
20211201223214  -787.7 -41.0 -811.6
20211201223215  -787.6 -41.1 -811.5
20211201223216  -788.1 -41.1 -811.5
20211201223217  -789.1 -41.7 -812.0
20211201223218  -789.2 -41.7 -812.3
20211201223219  -789.7 -41.8 -812.2
20211201223220  -790.0 -41.9 -812.3
20211201223221  -790.8 -41.6 -812.1
20211201223222  -791.0 -41.6 -812.2
20211201223223  -791.1 -41.6 -812.3
20211201223224  -791.8 -41.4 -812.2
20211201223225  -792.1 -41.7 -812.4
20211201223226  -792.6 -41.6 -812.7
20211201223227  -793.1 -41.4 -812.6
20211201223228  -793.6 -41.3 -812.5
20211201223229  -793.6 -41.3 -812.7
20211201223230  -793.5 -41.7 -812.7
20211201223231  -793.7 -41.5 -813.0
20211201223232  -793.9 -41.7 -813.1
20211201223233  -794.0 -42.2 -813.1
20211201223234  -794.0 -41.8 -813.2
20211201223235  -794.2 -41.6 -813.4
20211201223236  -794.1 -41.5 -813.0
20211201223237  -794.0 -41.3 -812.5
20211201223238  -794.4 -40.6 -812.6
20211201223239  -794.6 -40.4 -812.5
20211201223240  -794.4 -40.4 -812.5
20211201223241  -794.4 -40.5 -812.2
20211201223242  -794.3 -40.5 -811.6
20211201223243  -795.0 -41.4 -812.1
20211201223244  -795.3 -41.2 -812.3
20211201223245  -795.3 -41.4 -812.1
20211201223246  -795.4 -41.7 -812.1
20211201223247  -795.4 -41.8 -812.0
20211201223248  -795.5 -42.0 -812.1
20211201223249  -795.8 -42.2 -812.0
20211201223250  -796.0 -42.0 -812.5
20211201223251  -796.2 -41.5 -812.4
20211201223252  -796.5 -41.1 -812.9
20211201223253  -796.1 -41.1 -812.4
20211201223254  -795.8 -41.2 -812.3
20211201223255  -795.8 -41.3 -812.4
20211201223256  -795.6 -41.5 -812.4
20211201223257  -795.6 -41.5 -812.4
20211201223258  -795.3 -41.8 -812.6
20211201223259  -795.0 -42.2 -812.4
20211201223300  -794.7 -42.1 -812.4
20211201223301  -794.7 -42.3 -812.6
20211201223302  -794.6 -42.7 -812.6
20211201223303  -794.4 -43.0 -812.7
20211201223304  -794.5 -43.1 -812.9
20211201223305  -794.7 -43.5 -812.8
20211201223306  -794.1 -43.7 -812.5
20211201223307  -794.0 -43.3 -812.2
20211201223308  -793.7 -43.6 -812.1
20211201223309  -793.4 -43.2 -811.9
20211201223310  -794.0 -43.3 -812.1
20211201223311  -794.1 -43.0 -812.3
20211201223312  -794.5 -42.8 -812.5
20211201223313  -794.7 -42.7 -812.3
20211201223314  -794.8 -43.1 -812.1
20211201223315  -795.0 -43.0 -812.2
20211201223316  -795.4 -43.3 -811.9
20211201223317  -795.4 -43.4 -811.7
20211201223318  -795.6 -43.4 -811.3
20211201223319  -795.4 -43.7 -811.0
20211201223320  -795.5 -43.9 -810.5
20211201223321  -795.4 -43.9 -810.4
20211201223322  -795.3 -43.8 -810.6
20211201223323  -795.3 -43.8 -810.6
20211201223324  -795.2 -43.4 -810.6
20211201223325  -795.5 -43.3 -810.9
20211201223326  -795.2 -43.5 -810.8
20211201223327  -795.1 -43.4 -810.9
20211201223328  -794.9 -43.8 -810.6
20211201223329  -795.0 -43.9 -810.4
20211201223330  -795.5 -44.1 -810.4
20211201223331  -795.2 -43.9 -810.8
20211201223332  -795.5 -43.9 -810.6
20211201223333  -794.7 -43.7 -810.1
20211201223334  -794.5 -43.7 -810.1
20211201223335  -794.3 -43.6 -809.9
20211201223336  -794.4 -43.8 -809.7
20211201223337  -794.7 -43.8 -810.1
20211201223338  -794.7 -43.8 -810.4
20211201223339  -794.5 -43.8 -810.2
20211201223340  -794.3 -43.7 -810.3
20211201223341  -794.2 -43.9 -809.5
20211201223342  -794.3 -44.2 -809.4
20211201223343  -794.1 -44.4 -809.6
20211201223344  -794.2 -44.2 -809.2
20211201223345  -793.8 -44.0 -809.2
20211201223346  -794.2 -44.3 -809.2
20211201223347  -794.1 -43.9 -809.1
20211201223348  -794.1 -44.0 -808.8
20211201223349  -793.9 -44.1 -808.8
20211201223350  -793.8 -44.2 -808.7
20211201223351  -793.7 -43.9 -808.9
20211201223352  -793.7 -44.3 -809.1
20211201223353  -793.7 -44.3 -808.8
20211201223354  -793.8 -44.2 -808.8
20211201223355  -793.8 -44.3 -808.8
20211201223356  -793.5 -44.6 -809.1
20211201223357  -793.3 -44.7 -808.9
20211201223358  -792.9 -44.6 -808.5
20211201223359  -791.7 -44.6 -808.0
20211201223400  -791.5 -43.7 -807.8
20211201223401  -791.0 -43.0 -807.7
20211201223402  -790.5 -42.6 -807.4
20211201223403  -790.5 -42.4 -807.5
20211201223404  -790.7 -42.4 -807.7
20211201223405  -790.4 -42.4 -807.7
20211201223406  -790.1 -42.5 -807.6
20211201223407  -789.8 -42.6 -807.2
20211201223408  -789.5 -42.6 -807.0
20211201223409  -789.4 -42.6 -807.2
20211201223410  -789.0 -42.5 -807.2
20211201223411  -788.8 -42.7 -807.3
20211201223412  -788.4 -43.0 -807.4
20211201223413  -788.3 -43.0 -807.5
20211201223414  -788.1 -42.9 -807.9
20211201223415  -787.7 -42.9 -807.9
20211201223416  -788.0 -42.8 -807.6
20211201223417  -787.3 -42.8 -807.0
20211201223418  -787.1 -42.4 -807.3
20211201223419  -787.0 -42.3 -807.3
20211201223420  -787.3 -42.4 -807.1
20211201223421  -786.9 -42.3 -807.1
20211201223422  -786.9 -42.3 -807.2
20211201223423  -786.9 -42.1 -806.9
20211201223424  -786.7 -41.8 -806.5
20211201223425  -786.0 -41.5 -806.2
20211201223426  -785.4 -41.2 -805.8
20211201223427  -785.3 -41.4 -805.5
20211201223428  -785.0 -41.5 -805.2
20211201223429  -784.9 -41.4 -805.1
20211201223430  -785.4 -41.7 -805.4
20211201223431  -785.5 -41.5 -805.8
20211201223432  -785.6 -41.5 -805.6
20211201223433  -785.7 -41.8 -805.4
20211201223434  -786.0 -41.6 -805.4
20211201223435  -785.9 -41.5 -805.4
20211201223436  -786.0 -41.4 -805.5
20211201223437  -786.0 -41.0 -805.8
20211201223438  -786.0 -40.9 -805.6
20211201223439  -785.7 -41.0 -805.7
20211201223440  -785.6 -41.1 -805.7
20211201223441  -785.5 -41.2 -805.5
20211201223442  -785.6 -41.2 -805.5
20211201223443  -785.5 -41.3 -805.4
20211201223444  -785.5 -41.1 -805.0
20211201223445  -785.5 -41.3 -804.9
20211201223446  -785.5 -41.3 -804.8
20211201223447  -785.2 -41.0 -804.9
20211201223448  -785.3 -41.1 -804.9
20211201223449  -785.2 -40.8 -805.0
20211201223450  -784.6 -41.0 -804.6
20211201223451  -784.1 -41.2 -804.6
20211201223452  -783.6 -41.0 -804.0
20211201223453  -783.3 -40.6 -803.6
20211201223454  -783.0 -40.3 -803.5
20211201223455  -783.0 -40.4 -803.5
20211201223456  -783.3 -40.1 -804.0
20211201223457  -783.9 -40.4 -804.4
20211201223458  -784.5 -40.4 -804.3
20211201223459  -784.8 -40.4 -804.3
20211201223500  -784.7 -40.4 -804.1
20211201223501  -784.5 -40.5 -803.7
20211201223502  -784.5 -40.5 -803.6
20211201223503  -784.3 -40.4 -803.5
20211201223504  -783.9 -40.7 -803.2
20211201223505  -783.7 -40.8 -803.1
20211201223506  -783.2 -41.1 -803.0
20211201223507  -782.6 -40.7 -802.7
20211201223508  -782.4 -40.6 -802.8
20211201223509  -782.3 -40.3 -802.7
20211201223510  -782.0 -40.4 -802.8
20211201223511  -781.8 -40.5 -802.8
20211201223512  -781.4 -40.4 -802.5
20211201223513  -781.3 -40.3 -802.2
20211201223514  -780.8 -40.5 -802.0
20211201223515  -780.2 -40.6 -802.0
20211201223516  -779.8 -40.6 -802.1
20211201223517  -779.4 -40.6 -802.2
20211201223518  -778.4 -40.4 -801.7
20211201223519  -777.6 -40.1 -801.1
20211201223520  -777.3 -40.2 -801.1
20211201223521  -776.8 -39.8 -800.7
20211201223522  -776.9 -39.4 -801.2
20211201223523  -777.3 -39.5 -801.5
20211201223524  -777.1 -39.1 -801.5
20211201223525  -776.8 -38.9 -801.9
20211201223526  -776.5 -38.7 -801.7
20211201223527  -776.9 -38.9 -801.5
20211201223528  -776.5 -39.0 -801.3
20211201223529  -776.7 -38.4 -801.1
20211201223530  -776.6 -38.4 -801.1
20211201223531  -777.0 -38.7 -801.1
20211201223532  -776.5 -38.8 -801.0
20211201223533  -776.5 -39.1 -800.9
20211201223534  -776.2 -38.9 -800.9
20211201223535  -776.3 -39.1 -801.0
20211201223536  -775.9 -39.2 -801.2
20211201223537  -775.9 -39.7 -800.9
20211201223538  -775.8 -39.8 -801.4
20211201223539  -775.8 -39.7 -801.5
20211201223540  -776.1 -39.4 -801.5
20211201223541  -776.0 -39.4 -801.3
20211201223542  -775.9 -39.2 -801.4
20211201223543  -776.1 -39.4 -801.4
20211201223544  -775.5 -39.8 -801.5
20211201223545  -775.3 -39.7 -800.7
20211201223546  -775.3 -39.4 -800.7
20211201223547  -775.2 -39.3 -800.7
20211201223548  -775.7 -39.3 -801.0
20211201223549  -776.1 -39.2 -801.2
20211201223550  -776.2 -39.2 -801.0
20211201223551  -776.1 -39.4 -801.4
20211201223552  -775.8 -39.3 -801.1
20211201223553  -775.9 -39.0 -801.2
20211201223554  -775.8 -39.1 -801.0
20211201223555  -775.8 -39.1 -800.7
20211201223556  -775.9 -39.5 -800.9
20211201223557  -775.8 -39.2 -801.1
20211201223558  -775.8 -39.1 -801.4
20211201223559  -776.1 -39.1 -801.5
20211201223600  -776.3 -38.9 -801.3
20211201223601  -776.2 -38.6 -801.3
20211201223602  -776.6 -38.5 -801.3
20211201223603  -776.5 -38.5 -801.4
20211201223604  -776.9 -38.7 -801.3
20211201223605  -777.1 -38.6 -801.5
20211201223606  -777.1 -38.9 -801.8
20211201223607  -777.4 -39.0 -801.8
20211201223608  -778.0 -39.1 -801.6
20211201223609  -778.5 -39.5 -801.8
20211201223610  -778.3 -39.9 -801.6
20211201223611  -778.2 -39.4 -801.0
20211201223612  -778.0 -39.6 -800.5
20211201223613  -777.8 -39.6 -800.5
20211201223614  -778.3 -39.5 -800.5
20211201223615  -778.9 -40.1 -801.2
20211201223616  -779.1 -40.3 -801.3
20211201223617  -779.6 -40.1 -801.4
20211201223618  -779.8 -40.3 -801.8
20211201223619  -780.3 -40.4 -801.6
20211201223620  -780.5 -40.8 -801.5
20211201223621  -780.9 -41.1 -801.5
20211201223622  -780.6 -41.3 -801.5
20211201223623  -781.2 -41.5 -801.4
20211201223624  -780.8 -42.1 -801.5
20211201223625  -781.3 -42.0 -801.9
20211201223626  -781.4 -41.8 -802.3
20211201223627  -781.7 -42.1 -802.0
20211201223628  -781.9 -42.3 -802.0
20211201223629  -781.7 -42.2 -801.8
20211201223630  -781.9 -42.5 -801.6
20211201223631  -782.2 -42.5 -801.6
20211201223632  -782.3 -42.3 -801.5
20211201223633  -782.4 -42.5 -801.3
20211201223634  -782.4 -42.6 -801.3
20211201223635  -782.5 -42.8 -801.0
20211201223636  -782.4 -43.0 -801.0
20211201223637  -781.7 -42.7 -800.6
20211201223638  -781.4 -42.6 -800.2
20211201223639  -781.6 -42.6 -800.0
20211201223640  -782.1 -42.5 -800.6
20211201223641  -782.3 -42.8 -800.8
20211201223642  -782.6 -42.8 -800.4
20211201223643  -782.6 -42.7 -800.7
20211201223644  -782.7 -42.4 -800.6
20211201223645  -783.0 -42.5 -801.0
20211201223646  -783.3 -42.3 -800.8
20211201223647  -783.1 -42.6 -800.8
20211201223648  -783.3 -42.8 -800.6
20211201223649  -783.5 -43.0 -800.7
20211201223650  -783.2 -43.0 -800.7
20211201223651  -783.6 -42.9 -800.7
20211201223652  -783.7 -43.2 -800.6
20211201223653  -783.7 -43.2 -800.7
20211201223654  -783.9 -43.3 -800.9
20211201223655  -784.2 -43.4 -800.9
20211201223656  -784.5 -42.8 -801.0
20211201223657  -784.8 -42.7 -800.8
20211201223658  -785.2 -42.4 -801.0
20211201223659  -785.4 -42.3 -801.2
20211201223700  -785.6 -42.4 -801.0
20211201223701  -785.6 -42.5 -801.0
20211201223702  -785.6 -42.9 -800.4
20211201223703  -785.1 -43.1 -800.2
20211201223704  -784.6 -43.2 -799.9
20211201223705  -784.3 -43.1 -799.5
20211201223706  -785.2 -43.5 -799.9
20211201223707  -785.0 -43.6 -800.3
20211201223708  -785.4 -43.5 -800.1
20211201223709  -785.5 -43.5 -800.2
20211201223710  -785.8 -43.9 -800.1
20211201223711  -786.0 -44.3 -800.1
20211201223712  -786.1 -44.6 -800.3
20211201223713  -786.2 -45.0 -800.3
20211201223714  -786.3 -45.3 -800.2
20211201223715  -786.4 -45.2 -800.0
20211201223716  -786.5 -45.2 -799.9
20211201223717  -786.4 -45.2 -800.2
20211201223718  -786.6 -45.1 -800.2
20211201223719  -786.4 -44.7 -800.3
20211201223720  -786.9 -44.5 -800.4
20211201223721  -787.2 -44.2 -800.5
20211201223722  -787.5 -44.2 -800.4
20211201223723  -787.6 -44.2 -800.5
20211201223724  -787.9 -44.0 -800.8
20211201223725  -787.7 -43.8 -800.5
20211201223726  -787.8 -44.1 -800.5
20211201223727  -788.0 -43.9 -800.4
20211201223728  -788.3 -44.1 -800.6
20211201223729  -788.0 -44.2 -800.4
20211201223730  -788.1 -44.1 -800.1
20211201223731  -788.6 -44.2 -799.8
20211201223732  -789.5 -44.3 -800.4
20211201223733  -789.5 -44.7 -800.3
20211201223734  -790.2 -44.9 -800.5
20211201223735  -790.1 -45.0 -800.5
20211201223736  -790.6 -45.2 -800.7
20211201223737  -790.9 -44.7 -801.2
20211201223738  -791.6 -44.7 -801.3
20211201223739  -791.9 -44.9 -801.1
20211201223740  -792.3 -44.8 -800.8
20211201223741  -792.7 -44.8 -800.8
20211201223742  -793.1 -45.0 -800.7
20211201223743  -793.4 -44.8 -800.6
20211201223744  -793.1 -45.3 -800.1
20211201223745  -793.3 -45.8 -799.9
20211201223746  -793.7 -46.1 -800.1
20211201223747  -793.7 -46.5 -800.0
20211201223748  -793.8 -46.8 -799.7
20211201223749  -794.1 -46.8 -800.0
20211201223750  -794.2 -46.7 -799.9
20211201223751  -794.8 -46.9 -799.7
20211201223752  -794.9 -47.1 -799.6
20211201223753  -795.2 -46.9 -799.6
20211201223754  -795.5 -46.6 -799.4
20211201223755  -795.4 -46.8 -799.1
20211201223756  -795.1 -46.9 -798.7
20211201223757  -795.0 -46.9 -798.3
20211201223758  -795.9 -47.0 -798.4
20211201223759  -795.8 -47.0 -798.6
20211201223800  -795.9 -47.5 -798.7
20211201223801  -795.9 -47.7 -798.7
20211201223802  -796.0 -47.8 -798.7
20211201223803  -796.4 -47.6 -798.5
20211201223804  -796.7 -47.7 -798.6
20211201223805  -797.1 -48.0 -798.5
20211201223806  -797.2 -48.1 -798.4
20211201223807  -797.2 -48.1 -798.4
20211201223808  -797.4 -48.2 -797.9
20211201223809  -797.8 -48.6 -798.0
20211201223810  -798.1 -48.7 -798.0
20211201223811  -798.4 -48.9 -798.2
