20211130001521  -672.2 -75.7 -191.7
20211130001522  -671.9 -76.1 -191.4
20211130001523  -671.4 -75.8 -190.9
20211130001524  -670.9 -75.4 -190.8
20211130001525  -670.7 -75.6 -190.8
20211130001526  -670.8 -75.4 -190.3
20211130001527  -670.5 -75.2 -190.2
20211130001528  -670.3 -75.0 -190.3
20211130001529  -670.4 -75.1 -189.9
20211130001530  -670.4 -75.1 -190.0
20211130001531  -671.2 -75.2 -190.6
20211130001532  -671.4 -75.2 -191.0
20211130001533  -671.4 -75.3 -190.8
20211130001534  -671.5 -75.4 -191.0
20211130001535  -671.9 -75.4 -191.2
20211130001536  -671.6 -75.4 -191.4
20211130001537  -671.4 -75.7 -191.4
20211130001538  -671.6 -75.6 -191.4
20211130001539  -671.5 -75.9 -191.4
20211130001540  -671.5 -75.5 -191.3
20211130001541  -671.9 -75.5 -191.5
20211130001542  -672.2 -75.6 -191.5
20211130001543  -671.8 -75.7 -191.5
20211130001544  -671.7 -75.2 -191.6
20211130001545  -672.0 -75.4 -191.8
20211130001546  -671.9 -75.5 -191.9
20211130001547  -671.8 -75.6 -191.9
20211130001548  -672.0 -75.8 -191.9
20211130001549  -671.6 -75.9 -191.6
20211130001550  -671.3 -75.7 -191.5
20211130001551  -671.3 -75.4 -190.9
20211130001552  -670.9 -75.4 -190.9
20211130001553  -670.6 -75.1 -190.8
20211130001554  -670.5 -75.1 -190.5
20211130001555  -670.4 -74.9 -190.3
20211130001556  -670.0 -75.0 -190.2
20211130001557  -670.2 -75.0 -190.0
20211130001558  -670.9 -75.2 -190.8
20211130001559  -670.9 -75.2 -190.9
20211130001600  -670.8 -75.4 -191.1
20211130001601  -671.3 -75.4 -191.0
20211130001602  -671.3 -75.6 -190.8
20211130001603  -671.3 -75.5 -191.0
20211130001604  -671.3 -75.5 -191.2
20211130001605  -671.6 -75.3 -190.9
20211130001606  -671.4 -75.4 -190.8
20211130001607  -671.4 -75.3 -191.2
20211130001608  -671.5 -75.4 -191.6
20211130001609  -671.5 -75.3 -191.4
20211130001610  -671.5 -75.1 -191.5
20211130001611  -671.6 -75.2 -191.4
20211130001612  -671.4 -75.4 -191.0
20211130001613  -671.7 -75.2 -191.0
20211130001614  -671.6 -75.1 -191.2
20211130001615  -671.3 -75.6 -191.4
20211130001616  -670.8 -75.3 -190.8
20211130001617  -670.4 -75.3 -190.4
20211130001618  -670.4 -75.0 -190.4
20211130001619  -669.8 -75.1 -190.3
20211130001620  -669.8 -75.0 -190.5
20211130001621  -669.6 -74.9 -189.7
20211130001622  -669.6 -74.6 -189.7
20211130001623  -669.2 -74.7 -189.5
20211130001624  -669.6 -74.4 -189.4
20211130001625  -670.4 -74.9 -190.2
20211130001626  -670.7 -75.1 -190.3
20211130001627  -670.8 -74.8 -190.3
20211130001628  -670.7 -75.0 -190.9
20211130001629  -670.7 -74.9 -190.6
20211130001630  -670.8 -75.2 -190.8
20211130001631  -671.0 -75.2 -191.0
20211130001632  -671.1 -75.5 -190.9
20211130001633  -671.2 -75.2 -190.8
20211130001634  -671.1 -75.0 -190.7
20211130001635  -671.2 -75.3 -191.1
20211130001636  -671.1 -75.1 -190.9
20211130001637  -671.1 -75.0 -191.0
20211130001638  -671.1 -74.8 -191.1
20211130001639  -671.0 -75.1 -191.2
20211130001640  -671.1 -75.3 -191.1
20211130001641  -671.5 -75.2 -191.1
20211130001642  -671.4 -75.4 -191.1
20211130001643  -670.4 -75.0 -190.7
20211130001644  -670.2 -75.1 -190.4
20211130001645  -669.9 -75.0 -190.3
20211130001646  -669.8 -74.6 -190.3
20211130001647  -669.6 -75.0 -189.8
20211130001648  -669.5 -74.9 -189.7
20211130001649  -669.3 -74.8 -189.7
20211130001650  -669.4 -74.8 -189.5
20211130001651  -669.4 -74.5 -189.3
20211130001652  -670.2 -75.0 -190.0
20211130001653  -670.4 -74.9 -190.1
20211130001654  -670.4 -75.2 -190.3
20211130001655  -670.7 -75.0 -190.4
20211130001656  -670.5 -75.4 -190.3
20211130001657  -670.6 -75.0 -190.2
20211130001658  -670.6 -74.9 -190.5
20211130001659  -670.8 -74.9 -190.4
20211130001700  -670.7 -74.9 -190.5
20211130001701  -670.5 -75.0 -190.7
20211130001702  -670.9 -75.1 -190.7
20211130001703  -671.0 -75.2 -190.6
20211130001704  -670.8 -75.1 -190.8
20211130001705  -670.9 -74.8 -190.6
20211130001706  -671.0 -74.9 -190.8
20211130001707  -671.1 -75.1 -190.7
20211130001708  -671.1 -75.1 -191.0
20211130001709  -670.8 -75.4 -190.7
20211130001710  -670.4 -75.1 -190.2
20211130001711  -670.4 -75.2 -190.3
20211130001712  -670.3 -74.8 -190.2
20211130001713  -670.4 -74.9 -190.1
20211130001714  -669.8 -74.5 -189.9
20211130001715  -669.8 -74.3 -189.6
20211130001716  -669.6 -74.4 -189.5
20211130001717  -669.3 -74.2 -189.2
20211130001718  -669.5 -73.9 -189.3
20211130001719  -670.2 -74.0 -190.0
20211130001720  -670.4 -74.4 -190.0
20211130001721  -670.0 -74.3 -190.2
20211130001722  -670.1 -74.4 -190.2
20211130001723  -670.5 -74.4 -190.5
20211130001724  -670.3 -74.5 -190.6
20211130001725  -670.7 -74.8 -190.4
20211130001726  -670.6 -74.6 -190.2
20211130001727  -670.6 -74.7 -190.3
20211130001728  -670.6 -74.9 -190.5
20211130001729  -670.7 -74.8 -190.5
20211130001730  -670.9 -74.8 -190.5
20211130001731  -670.8 -74.9 -190.5
20211130001732  -671.0 -74.8 -190.5
20211130001733  -670.9 -74.8 -190.8
20211130001734  -670.8 -75.0 -190.8
20211130001735  -670.6 -75.4 -191.1
20211130001736  -670.4 -75.4 -190.5
20211130001737  -669.9 -75.2 -190.3
20211130001738  -669.9 -75.0 -190.0
20211130001739  -669.8 -74.8 -189.7
20211130001740  -669.5 -74.7 -189.4
20211130001741  -669.4 -74.7 -189.5
20211130001742  -669.3 -74.5 -189.3
20211130001743  -669.5 -74.3 -189.4
20211130001744  -669.3 -74.1 -189.1
20211130001745  -669.8 -74.0 -189.3
20211130001746  -670.3 -74.2 -189.7
20211130001747  -670.4 -74.5 -190.1
20211130001748  -670.5 -74.5 -190.0
20211130001749  -670.0 -74.4 -190.2
20211130001750  -670.8 -74.7 -190.2
20211130001751  -670.7 -74.8 -190.3
20211130001752  -670.8 -74.5 -190.4
20211130001753  -670.7 -74.6 -190.7
20211130001754  -670.9 -74.7 -191.1
20211130001755  -670.9 -74.7 -191.1
20211130001756  -671.2 -74.6 -190.8
20211130001757  -671.3 -74.6 -191.1
20211130001758  -671.2 -74.7 -190.8
20211130001759  -671.2 -74.7 -191.0
20211130001800  -671.4 -74.6 -191.1
20211130001801  -671.3 -74.6 -191.2
20211130001802  -671.1 -75.0 -190.8
20211130001803  -670.8 -74.7 -190.2
20211130001804  -670.4 -74.7 -190.3
20211130001805  -669.9 -74.6 -190.1
20211130001806  -669.7 -74.4 -189.6
20211130001807  -669.7 -74.4 -189.6
20211130001808  -669.4 -74.3 -189.5
20211130001809  -668.8 -74.3 -188.9
20211130001810  -668.8 -73.9 -188.8
20211130001811  -668.7 -73.9 -188.7
20211130001812  -669.9 -74.2 -189.2
20211130001813  -670.0 -74.4 -189.2
20211130001814  -670.1 -74.3 -189.4
20211130001815  -670.2 -74.1 -189.6
20211130001816  -670.3 -74.2 -189.7
20211130001817  -670.1 -74.2 -189.6
20211130001818  -670.6 -74.0 -189.9
20211130001819  -670.5 -74.4 -189.9
20211130001820  -670.4 -74.3 -189.9
20211130001821  -670.5 -74.5 -189.8
20211130001822  -670.4 -74.3 -190.1
20211130001823  -670.3 -74.1 -190.0
20211130001824  -670.6 -74.2 -190.0
20211130001825  -670.6 -74.0 -190.2
20211130001826  -671.1 -74.1 -190.3
20211130001827  -671.0 -74.1 -190.2
20211130001828  -670.7 -74.0 -190.5
20211130001829  -670.9 -74.5 -190.9
20211130001830  -670.5 -74.5 -190.4
20211130001831  -670.6 -74.2 -190.1
20211130001832  -670.3 -74.0 -189.9
20211130001833  -669.9 -73.8 -189.7
20211130001834  -669.8 -73.9 -189.7
20211130001835  -669.7 -73.7 -189.4
20211130001836  -669.7 -73.6 -189.3
20211130001837  -669.4 -73.9 -189.0
20211130001838  -669.9 -73.6 -189.1
20211130001839  -670.3 -74.0 -189.8
20211130001840  -670.3 -74.0 -189.7
20211130001841  -670.5 -73.9 -189.7
20211130001842  -670.7 -74.1 -189.8
20211130001843  -670.5 -74.2 -190.0
20211130001844  -670.8 -74.2 -190.1
20211130001845  -670.8 -74.3 -190.5
20211130001846  -670.7 -74.2 -190.1
20211130001847  -671.0 -74.0 -190.4
20211130001848  -670.7 -74.3 -190.5
20211130001849  -670.9 -74.5 -190.4
20211130001850  -671.0 -74.2 -190.5
20211130001851  -670.8 -74.3 -190.6
20211130001852  -671.0 -74.5 -190.6
20211130001853  -670.7 -74.6 -190.6
20211130001854  -670.9 -74.4 -190.6
20211130001855  -670.9 -74.4 -190.9
20211130001856  -670.9 -74.6 -190.7
20211130001857  -670.4 -74.5 -190.3
20211130001858  -670.1 -74.5 -190.1
20211130001859  -669.7 -74.1 -189.7
20211130001900  -669.4 -74.0 -189.7
20211130001901  -668.9 -73.7 -189.3
20211130001902  -669.3 -73.6 -189.1
20211130001903  -668.8 -73.7 -189.0
20211130001904  -668.7 -73.9 -188.9
20211130001905  -669.7 -74.0 -189.6
20211130001906  -669.6 -74.0 -189.6
20211130001907  -669.9 -74.0 -189.6
20211130001908  -670.0 -74.1 -189.6
20211130001909  -670.1 -74.0 -189.8
20211130001910  -670.2 -74.4 -189.9
20211130001911  -670.3 -74.1 -189.8
20211130001912  -670.3 -74.2 -189.7
20211130001913  -669.9 -74.3 -189.5
20211130001914  -670.3 -74.1 -189.6
20211130001915  -670.6 -74.0 -189.6
20211130001916  -670.7 -74.2 -189.7
20211130001917  -670.6 -74.0 -190.1
20211130001918  -670.5 -74.0 -190.0
20211130001919  -670.7 -74.2 -189.9
20211130001920  -670.8 -73.9 -189.8
20211130001921  -670.5 -74.0 -189.9
20211130001922  -670.8 -74.0 -190.4
20211130001923  -670.6 -74.2 -190.0
20211130001924  -670.2 -73.9 -189.7
20211130001925  -669.9 -73.9 -189.4
20211130001926  -669.7 -73.7 -189.0
20211130001927  -669.4 -73.7 -188.8
20211130001928  -668.8 -73.5 -188.5
20211130001929  -669.1 -73.2 -188.4
20211130001930  -668.8 -73.2 -188.3
20211130001931  -669.1 -73.1 -188.4
20211130001932  -669.5 -73.3 -189.0
20211130001933  -669.6 -73.3 -188.9
20211130001934  -669.5 -73.3 -188.8
20211130001935  -669.6 -73.5 -189.3
20211130001936  -669.7 -73.6 -189.3
20211130001937  -669.9 -73.7 -189.3
20211130001938  -669.8 -73.9 -189.2
20211130001939  -670.2 -74.0 -189.3
20211130001940  -670.3 -73.8 -189.3
20211130001941  -670.3 -73.6 -189.5
20211130001942  -670.3 -73.7 -189.5
20211130001943  -670.4 -73.7 -189.3
20211130001944  -670.5 -73.7 -189.3
20211130001945  -670.3 -73.9 -189.5
20211130001946  -670.2 -73.7 -189.6
20211130001947  -670.4 -73.8 -189.2
20211130001948  -670.5 -73.7 -189.6
20211130001949  -670.7 -74.4 -190.2
20211130001950  -670.2 -74.4 -189.5
20211130001951  -670.0 -74.1 -189.3
20211130001952  -669.7 -74.1 -189.1
20211130001953  -669.6 -74.2 -189.0
20211130001954  -669.5 -73.9 -188.9
20211130001955  -668.9 -73.6 -188.4
20211130001956  -668.5 -73.4 -188.2
20211130001957  -668.4 -73.4 -188.0
20211130001958  -669.3 -73.5 -188.4
20211130001959  -669.7 -73.8 -188.8
20211130002000  -669.7 -73.6 -188.8
20211130002001  -669.7 -73.7 -189.0
20211130002002  -669.8 -73.9 -189.1
20211130002003  -669.9 -73.8 -189.1
20211130002004  -670.0 -73.8 -189.4
20211130002005  -669.7 -74.0 -189.3
20211130002006  -669.7 -73.8 -189.2
20211130002007  -669.8 -73.7 -189.1
20211130002008  -670.1 -73.6 -189.0
20211130002009  -670.1 -74.0 -189.4
20211130002010  -670.0 -74.2 -189.6
20211130002011  -669.9 -73.9 -189.5
20211130002012  -669.9 -74.1 -189.5
20211130002013  -669.9 -74.0 -189.6
20211130002014  -670.2 -74.1 -189.5
20211130002015  -670.5 -74.1 -189.6
20211130002016  -670.2 -74.0 -189.3
20211130002017  -669.6 -73.7 -189.0
20211130002018  -669.2 -73.7 -188.8
20211130002019  -668.9 -73.5 -188.5
20211130002020  -668.8 -73.5 -188.2
20211130002021  -668.7 -73.6 -188.4
20211130002022  -668.4 -73.5 -188.0
20211130002023  -668.4 -73.0 -187.8
20211130002024  -668.8 -73.0 -187.8
20211130002025  -669.4 -73.2 -188.4
20211130002026  -669.0 -73.3 -188.5
20211130002027  -669.3 -73.3 -188.7
20211130002028  -669.3 -73.2 -188.6
20211130002029  -669.3 -73.5 -189.0
20211130002030  -669.6 -73.2 -188.9
20211130002031  -669.4 -73.3 -188.9
20211130002032  -669.4 -73.8 -189.0
20211130002033  -669.5 -73.8 -189.0
20211130002034  -669.6 -73.5 -189.1
20211130002035  -669.6 -73.8 -189.0
20211130002036  -669.6 -73.9 -188.7
20211130002037  -670.1 -73.8 -189.2
20211130002038  -669.9 -73.9 -188.8
20211130002039  -670.3 -73.8 -189.2
20211130002040  -670.1 -73.9 -189.1
20211130002041  -669.9 -74.0 -189.2
20211130002042  -670.0 -74.2 -189.5
20211130002043  -669.6 -74.0 -189.2
20211130002044  -669.3 -73.8 -188.9
20211130002045  -669.0 -73.8 -188.5
20211130002046  -668.9 -73.7 -188.1
20211130002047  -668.8 -73.6 -187.9
20211130002048  -668.5 -73.4 -187.8
20211130002049  -668.5 -73.5 -187.7
20211130002050  -668.5 -73.3 -187.3
20211130002051  -669.1 -73.6 -188.1
20211130002052  -669.5 -73.6 -188.2
20211130002053  -669.4 -73.8 -188.4
20211130002054  -669.2 -73.8 -188.5
20211130002055  -669.2 -73.9 -188.2
20211130002056  -669.3 -73.9 -188.3
20211130002057  -669.2 -73.7 -188.2
20211130002058  -669.3 -73.7 -188.6
20211130002059  -669.5 -73.6 -188.8
20211130002100  -669.6 -73.5 -188.5
20211130002101  -669.6 -73.9 -188.7
20211130002102  -669.8 -73.8 -188.9
20211130002103  -669.9 -74.0 -188.9
20211130002104  -669.6 -74.0 -188.7
20211130002105  -669.6 -73.7 -189.1
20211130002106  -669.5 -73.9 -189.3
20211130002107  -669.8 -74.1 -189.2
20211130002108  -669.5 -74.1 -189.2
20211130002109  -669.9 -74.6 -189.6
20211130002110  -669.5 -74.1 -189.1
20211130002111  -669.0 -73.8 -188.6
20211130002112  -669.1 -73.7 -188.6
20211130002113  -668.7 -73.8 -188.5
20211130002114  -668.8 -73.8 -188.3
20211130002115  -668.5 -73.9 -188.1
20211130002116  -668.4 -74.0 -187.8
20211130002117  -668.4 -73.6 -188.1
20211130002118  -668.9 -74.1 -188.5
20211130002119  -669.2 -74.1 -188.7
20211130002120  -669.5 -74.3 -188.7
20211130002121  -669.3 -74.0 -188.9
20211130002122  -669.5 -74.2 -189.0
20211130002123  -669.5 -74.1 -189.3
20211130002124  -669.7 -74.4 -189.3
20211130002125  -669.8 -74.1 -189.5
20211130002126  -669.8 -74.3 -189.4
20211130002127  -670.0 -74.0 -189.4
20211130002128  -670.1 -74.2 -189.5
20211130002129  -670.0 -74.0 -189.5
20211130002130  -670.1 -74.1 -189.5
20211130002131  -670.2 -74.2 -189.7
20211130002132  -670.3 -74.4 -189.6
20211130002133  -670.4 -74.3 -189.4
20211130002134  -670.4 -74.3 -189.6
20211130002135  -670.5 -74.4 -189.3
20211130002136  -669.9 -74.3 -189.1
20211130002137  -669.6 -74.1 -188.8
20211130002138  -669.5 -73.9 -188.5
20211130002139  -669.2 -74.0 -188.2
20211130002140  -668.8 -73.9 -187.9
20211130002141  -668.9 -73.9 -188.0
20211130002142  -668.5 -73.7 -187.6
20211130002143  -668.3 -73.5 -187.4
20211130002144  -668.8 -73.6 -187.8
20211130002145  -669.2 -73.9 -188.3
20211130002146  -669.5 -73.7 -188.3
20211130002147  -669.7 -74.0 -188.7
20211130002148  -669.6 -73.8 -188.6
20211130002149  -669.8 -73.8 -188.5
20211130002150  -669.7 -73.7 -188.4
20211130002151  -670.1 -74.0 -188.5
20211130002152  -670.0 -74.0 -188.7
20211130002153  -669.9 -74.0 -188.7
20211130002154  -669.9 -73.8 -188.8
20211130002155  -669.9 -74.0 -188.9
20211130002156  -669.6 -74.1 -188.8
20211130002157  -670.0 -74.2 -188.8
20211130002158  -670.1 -74.2 -189.0
20211130002159  -669.9 -74.1 -189.2
20211130002200  -670.0 -74.1 -189.0
20211130002201  -670.1 -74.1 -189.0
20211130002202  -670.0 -74.3 -189.6
20211130002203  -669.5 -73.8 -189.0
20211130002204  -669.1 -73.9 -188.7
20211130002205  -669.0 -73.6 -188.8
20211130002206  -668.6 -73.5 -188.6
20211130002207  -668.5 -73.1 -188.3
20211130002208  -668.2 -73.3 -188.0
