20211101233449  -666.5 -91.4 -205.2
20211101233450  -666.5 -91.3 -205.1
20211101233451  -666.5 -91.0 -205.3
20211101233452  -666.6 -91.3 -204.8
20211101233453  -666.4 -91.2 -204.9
20211101233454  -666.5 -91.3 -204.9
20211101233455  -666.4 -91.2 -204.9
20211101233456  -666.3 -91.3 -205.0
20211101233457  -666.2 -91.3 -204.8
20211101233458  -666.4 -91.3 -204.7
20211101233459  -666.3 -91.5 -204.9
20211101233500  -666.0 -91.3 -205.0
20211101233501  -665.7 -91.6 -204.8
20211101233502  -665.9 -91.7 -205.0
20211101233503  -665.9 -91.8 -204.9
20211101233504  -665.9 -91.6 -204.9
20211101233505  -666.0 -91.9 -205.0
20211101233506  -666.1 -92.1 -204.9
20211101233507  -666.1 -91.8 -204.9
20211101233508  -666.3 -91.9 -205.1
20211101233509  -666.1 -91.9 -204.9
20211101233510  -666.1 -91.9 -205.1
20211101233511  -665.9 -91.7 -205.1
20211101233512  -665.9 -91.5 -204.9
20211101233513  -665.9 -92.0 -204.9
20211101233514  -666.0 -92.0 -205.1
20211101233515  -666.0 -91.8 -204.9
20211101233516  -665.5 -92.0 -205.1
20211101233517  -665.8 -92.1 -205.1
20211101233518  -665.9 -91.7 -205.2
20211101233519  -665.7 -91.7 -205.0
20211101233520  -665.8 -91.8 -205.4
20211101233521  -665.9 -91.5 -205.2
20211101233522  -665.6 -91.9 -204.9
20211101233523  -665.6 -92.0 -204.8
20211101233524  -665.6 -91.9 -205.1
20211101233525  -665.5 -91.9 -205.1
20211101233526  -665.3 -92.3 -205.1
20211101233527  -665.3 -92.3 -205.1
20211101233528  -665.2 -92.1 -205.1
20211101233529  -665.3 -91.9 -204.9
20211101233530  -665.3 -92.1 -204.9
20211101233531  -665.1 -92.1 -204.8
20211101233532  -665.3 -92.0 -205.0
20211101233533  -665.0 -91.4 -204.9
20211101233534  -664.9 -91.9 -205.1
20211101233535  -665.0 -91.9 -204.9
20211101233536  -664.8 -91.8 -205.0
20211101233537  -664.7 -91.7 -205.0
20211101233538  -664.8 -91.6 -205.1
20211101233539  -664.9 -91.3 -205.1
20211101233540  -664.8 -91.8 -204.7
20211101233541  -664.7 -91.8 -204.7
20211101233542  -664.6 -91.7 -204.8
20211101233543  -664.5 -91.7 -204.8
20211101233544  -664.7 -91.6 -204.5
20211101233545  -664.6 -91.7 -204.8
20211101233546  -664.5 -91.9 -204.9
20211101233547  -664.4 -91.9 -204.9
20211101233548  -664.4 -91.7 -204.7
20211101233549  -664.3 -91.7 -204.7
20211101233550  -663.9 -91.9 -204.7
20211101233551  -664.2 -91.8 -204.9
20211101233552  -664.4 -92.1 -204.8
20211101233553  -664.3 -91.9 -204.9
20211101233554  -664.0 -92.3 -204.7
20211101233555  -664.1 -91.7 -204.6
20211101233556  -663.9 -91.7 -204.6
20211101233557  -664.0 -91.8 -204.6
20211101233558  -664.2 -91.6 -204.3
20211101233559  -664.1 -91.9 -204.5
20211101233600  -664.2 -92.1 -204.3
20211101233601  -664.1 -92.1 -204.2
20211101233602  -663.9 -91.7 -204.1
20211101233603  -664.1 -92.0 -204.3
20211101233604  -664.0 -92.0 -204.4
20211101233605  -663.8 -91.8 -204.4
20211101233606  -663.7 -91.6 -204.2
20211101233607  -663.9 -91.9 -204.1
20211101233608  -663.6 -91.7 -204.0
20211101233609  -663.7 -91.6 -204.1
20211101233610  -663.7 -91.5 -204.2
20211101233611  -663.5 -91.8 -203.9
20211101233612  -663.4 -91.8 -204.1
20211101233613  -663.5 -91.5 -204.3
20211101233614  -663.4 -91.7 -204.5
20211101233615  -663.7 -91.5 -204.3
20211101233616  -663.6 -91.7 -204.3
20211101233617  -663.6 -91.9 -204.2
20211101233618  -663.5 -92.1 -204.0
20211101233619  -663.3 -91.7 -204.4
20211101233620  -663.2 -91.8 -204.2
20211101233621  -663.1 -91.8 -204.1
20211101233622  -663.2 -91.6 -203.8
20211101233623  -663.4 -91.8 -204.1
20211101233624  -663.7 -91.8 -204.4
20211101233625  -663.7 -91.5 -204.0
20211101233626  -663.5 -91.6 -204.1
20211101233627  -663.5 -91.7 -204.0
20211101233628  -663.5 -91.8 -204.2
20211101233629  -663.5 -91.8 -204.0
20211101233630  -663.9 -91.6 -203.8
20211101233631  -663.6 -91.6 -204.2
20211101233632  -663.5 -91.7 -203.9
20211101233633  -663.5 -91.6 -204.0
20211101233634  -663.8 -91.7 -204.3
20211101233635  -663.7 -91.8 -204.3
20211101233636  -663.4 -91.8 -204.1
20211101233637  -663.5 -91.5 -204.1
20211101233638  -663.2 -91.5 -204.0
20211101233639  -663.2 -91.3 -204.4
20211101233640  -663.2 -91.3 -204.1
20211101233641  -663.3 -91.3 -203.8
20211101233642  -663.2 -91.2 -203.8
20211101233643  -662.9 -91.5 -203.9
20211101233644  -663.3 -91.5 -203.9
20211101233645  -663.1 -91.5 -203.8
20211101233646  -663.1 -91.4 -204.0
20211101233647  -663.3 -91.3 -203.8
20211101233648  -663.2 -91.3 -204.0
20211101233649  -663.0 -91.4 -203.7
20211101233650  -663.0 -91.4 -203.5
20211101233651  -663.0 -91.5 -203.5
20211101233652  -662.9 -91.5 -203.4
20211101233653  -662.8 -91.3 -203.6
20211101233654  -662.9 -91.5 -203.5
20211101233655  -662.9 -91.5 -203.8
20211101233656  -662.9 -91.6 -203.7
20211101233657  -663.0 -91.5 -203.9
20211101233658  -663.0 -91.6 -203.9
20211101233659  -662.9 -91.6 -203.8
20211101233700  -662.9 -91.3 -203.9
20211101233701  -662.9 -91.5 -204.1
20211101233702  -662.8 -91.5 -203.8
20211101233703  -663.2 -91.6 -203.8
20211101233704  -663.0 -91.3 -203.9
20211101233705  -663.1 -91.4 -203.8
20211101233706  -663.3 -91.5 -203.7
20211101233707  -663.1 -91.5 -203.9
20211101233708  -662.7 -91.2 -203.9
20211101233709  -662.9 -91.2 -204.1
20211101233710  -662.8 -91.3 -204.0
20211101233711  -663.0 -91.3 -203.9
20211101233712  -663.2 -91.5 -203.5
20211101233713  -663.1 -91.2 -203.4
20211101233714  -663.4 -91.4 -204.0
20211101233715  -663.2 -91.7 -203.6
20211101233716  -663.2 -91.5 -203.4
20211101233717  -663.4 -91.3 -203.3
20211101233718  -663.3 -91.2 -203.7
20211101233719  -663.4 -91.1 -203.6
20211101233720  -663.6 -91.3 -203.4
20211101233721  -663.4 -91.1 -203.6
20211101233722  -663.4 -91.3 -203.5
20211101233723  -663.5 -91.3 -203.4
20211101233724  -663.4 -91.4 -203.3
20211101233725  -663.4 -91.5 -203.2
20211101233726  -663.5 -91.5 -203.3
20211101233727  -663.5 -91.4 -203.3
20211101233728  -663.5 -91.2 -203.1
20211101233729  -663.3 -91.4 -203.0
20211101233730  -663.6 -91.5 -203.2
20211101233731  -663.7 -91.5 -203.2
20211101233732  -663.5 -91.3 -203.1
20211101233733  -663.6 -91.0 -203.0
20211101233734  -663.5 -91.3 -203.3
20211101233735  -663.9 -91.3 -203.1
20211101233736  -663.8 -91.5 -203.1
20211101233737  -663.6 -91.7 -202.7
20211101233738  -663.7 -91.4 -203.0
20211101233739  -663.6 -91.5 -202.6
20211101233740  -663.5 -91.5 -202.8
20211101233741  -663.6 -91.4 -203.1
20211101233742  -663.4 -91.4 -203.1
20211101233743  -663.4 -91.6 -202.9
20211101233744  -663.4 -91.6 -202.7
20211101233745  -663.7 -91.6 -202.8
20211101233746  -663.7 -91.3 -203.0
20211101233747  -663.4 -91.5 -202.9
20211101233748  -663.5 -91.3 -202.7
20211101233749  -663.7 -91.5 -202.8
20211101233750  -663.9 -91.6 -202.7
20211101233751  -663.8 -91.5 -202.6
20211101233752  -663.8 -91.2 -202.7
20211101233753  -663.9 -91.1 -202.6
20211101233754  -663.7 -91.3 -202.8
20211101233755  -664.1 -91.5 -202.7
20211101233756  -663.7 -91.3 -202.5
20211101233757  -663.7 -91.4 -202.5
20211101233758  -664.0 -91.3 -202.9
20211101233759  -664.1 -91.5 -202.6
20211101233800  -663.9 -91.2 -202.7
20211101233801  -664.3 -91.3 -202.5
20211101233802  -664.2 -91.3 -202.6
20211101233803  -664.4 -91.2 -202.4
20211101233804  -664.3 -91.1 -202.3
20211101233805  -664.6 -91.4 -202.6
20211101233806  -664.5 -91.4 -202.6
20211101233807  -664.3 -91.5 -202.2
20211101233808  -664.6 -91.5 -202.4
20211101233809  -664.6 -91.6 -202.3
20211101233810  -664.7 -91.6 -202.4
20211101233811  -664.6 -91.4 -202.6
20211101233812  -664.6 -91.4 -202.6
20211101233813  -664.7 -91.7 -202.5
20211101233814  -664.5 -91.5 -202.7
20211101233815  -664.7 -91.6 -202.6
20211101233816  -664.6 -91.6 -202.6
20211101233817  -664.9 -91.8 -202.4
20211101233818  -665.3 -91.8 -202.4
20211101233819  -665.1 -91.7 -203.0
20211101233820  -665.2 -91.8 -202.8
20211101233821  -665.1 -91.7 -202.6
