20211028215029  -653.8 -90.7 -196.9
20211028215030  -653.9 -90.9 -196.8
20211028215031  -653.7 -91.0 -196.7
20211028215032  -653.9 -90.7 -196.9
20211028215033  -654.0 -90.9 -196.8
20211028215034  -653.9 -91.0 -196.9
20211028215035  -653.9 -91.0 -197.0
20211028215036  -654.1 -91.1 -197.2
20211028215037  -654.1 -90.7 -196.9
20211028215038  -654.0 -90.8 -196.9
20211028215039  -653.3 -90.8 -196.3
20211028215040  -652.9 -90.6 -196.1
20211028215041  -652.9 -90.2 -196.0
20211028215042  -653.7 -90.2 -196.2
20211028215043  -653.6 -90.3 -196.3
20211028215044  -653.4 -90.1 -196.3
20211028215045  -653.9 -90.3 -196.4
20211028215046  -653.8 -90.5 -196.4
20211028215047  -654.0 -90.6 -196.3
20211028215048  -653.9 -90.7 -196.6
20211028215049  -653.9 -90.8 -196.3
20211028215050  -653.8 -90.9 -196.4
20211028215051  -654.0 -90.9 -196.3
20211028215052  -653.8 -90.8 -196.3
20211028215053  -654.1 -90.5 -196.2
20211028215054  -653.9 -90.6 -196.4
20211028215055  -653.7 -90.6 -196.5
20211028215056  -653.8 -91.0 -196.7
20211028215057  -653.7 -90.6 -196.6
20211028215058  -653.8 -90.8 -196.9
20211028215059  -653.7 -90.7 -196.9
20211028215100  -653.9 -90.5 -196.7
20211028215101  -654.0 -90.6 -196.4
20211028215102  -654.2 -90.7 -196.4
20211028215103  -654.1 -90.5 -196.5
20211028215104  -653.9 -90.6 -196.6
20211028215105  -653.9 -90.5 -196.5
20211028215106  -653.8 -90.8 -196.5
20211028215107  -653.7 -90.8 -196.5
20211028215108  -653.7 -91.1 -196.7
20211028215109  -653.5 -90.9 -196.3
20211028215110  -653.3 -90.7 -196.3
20211028215111  -653.5 -90.4 -196.0
20211028215112  -654.3 -90.8 -196.3
20211028215113  -654.1 -90.8 -196.5
20211028215114  -654.3 -90.4 -196.6
20211028215115  -654.3 -90.5 -196.6
20211028215116  -654.4 -90.8 -196.8
20211028215117  -654.4 -90.5 -196.7
20211028215118  -654.3 -90.6 -196.8
20211028215119  -654.6 -90.6 -196.7
20211028215120  -654.2 -90.8 -196.7
20211028215121  -654.4 -90.8 -196.8
20211028215122  -654.2 -90.6 -196.6
20211028215123  -654.4 -90.7 -196.9
20211028215124  -654.4 -90.5 -196.7
20211028215125  -654.3 -90.5 -196.7
20211028215126  -654.1 -90.3 -196.9
20211028215127  -654.0 -90.6 -197.1
20211028215128  -654.1 -90.4 -197.0
20211028215129  -654.2 -90.5 -196.8
20211028215130  -654.2 -90.5 -197.0
20211028215131  -654.3 -90.4 -197.0
20211028215132  -654.2 -90.5 -196.9
20211028215133  -654.4 -90.5 -196.9
20211028215134  -654.3 -90.5 -196.8
20211028215135  -654.5 -90.8 -196.7
20211028215136  -654.5 -90.5 -196.5
20211028215137  -654.4 -90.5 -196.7
20211028215138  -654.1 -90.9 -197.3
20211028215139  -653.9 -90.9 -196.9
20211028215140  -654.3 -90.8 -197.1
20211028215141  -654.3 -90.9 -196.9
20211028215142  -654.3 -91.0 -196.7
20211028215143  -654.4 -90.9 -196.7
20211028215144  -654.1 -90.7 -196.8
20211028215145  -654.2 -90.8 -196.8
20211028215146  -654.5 -90.5 -196.6
20211028215147  -654.4 -91.0 -196.5
20211028215148  -654.5 -90.8 -196.6
20211028215149  -654.5 -91.1 -196.4
20211028215150  -654.5 -91.2 -196.7
20211028215151  -654.9 -91.3 -196.9
20211028215152  -654.7 -91.1 -197.0
20211028215153  -654.6 -91.1 -197.1
20211028215154  -654.5 -90.9 -197.0
20211028215155  -654.7 -90.8 -197.0
20211028215156  -654.8 -90.9 -197.2
20211028215157  -654.8 -90.9 -197.0
20211028215158  -654.8 -90.9 -197.2
20211028215159  -655.0 -91.1 -197.0
20211028215200  -654.7 -91.0 -196.6
20211028215201  -654.7 -90.9 -196.9
20211028215202  -654.6 -91.1 -196.8
20211028215203  -654.7 -91.0 -196.9
20211028215204  -654.9 -91.0 -197.0
20211028215205  -653.9 -91.0 -197.2
20211028215206  -653.7 -90.7 -196.7
20211028215207  -653.5 -90.8 -196.5
20211028215208  -653.5 -90.9 -196.1
20211028215209  -653.7 -90.5 -196.1
20211028215210  -654.3 -90.5 -196.3
20211028215211  -654.2 -90.5 -196.6
20211028215212  -654.2 -90.6 -196.5
20211028215213  -654.2 -90.9 -196.3
20211028215214  -654.3 -90.8 -196.3
20211028215215  -654.3 -90.8 -196.3
20211028215216  -654.4 -90.8 -196.4
20211028215217  -654.5 -90.8 -196.5
20211028215218  -654.2 -90.7 -196.1
20211028215219  -654.4 -90.8 -196.2
20211028215220  -654.3 -91.1 -196.6
20211028215221  -654.5 -90.7 -196.6
20211028215222  -654.5 -90.8 -196.4
20211028215223  -654.6 -91.1 -196.3
20211028215224  -654.6 -91.2 -196.5
20211028215225  -654.7 -91.4 -196.5
20211028215226  -654.6 -91.0 -196.7
20211028215227  -654.5 -91.0 -196.6
20211028215228  -654.3 -91.1 -196.5
20211028215229  -654.5 -90.9 -196.6
20211028215230  -654.6 -91.0 -196.7
20211028215231  -654.6 -91.1 -196.7
20211028215232  -654.3 -90.8 -196.6
20211028215233  -654.5 -91.1 -196.4
20211028215234  -654.6 -91.1 -196.6
20211028215235  -654.1 -90.9 -196.3
20211028215236  -654.0 -90.8 -196.1
20211028215237  -654.6 -90.9 -196.6
20211028215238  -654.3 -90.8 -196.7
20211028215239  -654.4 -90.9 -196.6
20211028215240  -654.7 -90.9 -196.8
20211028215241  -654.5 -91.0 -196.6
20211028215242  -654.3 -90.9 -196.5
20211028215243  -654.4 -90.8 -196.6
20211028215244  -654.4 -90.7 -196.5
20211028215245  -654.4 -90.7 -196.4
20211028215246  -654.3 -90.9 -196.4
20211028215247  -654.6 -90.8 -196.7
20211028215248  -654.5 -90.7 -196.5
20211028215249  -654.4 -90.9 -196.3
20211028215250  -654.2 -90.8 -197.0
20211028215251  -654.5 -90.8 -196.6
20211028215252  -654.5 -90.7 -196.4
20211028215253  -654.2 -90.7 -196.8
20211028215254  -654.6 -90.7 -196.9
20211028215255  -654.5 -90.8 -196.8
20211028215256  -654.6 -90.9 -196.6
20211028215257  -654.5 -90.8 -196.6
20211028215258  -654.6 -90.9 -196.9
20211028215259  -654.6 -91.1 -196.7
20211028215300  -654.4 -91.1 -196.6
20211028215301  -654.6 -90.8 -196.7
20211028215302  -653.8 -90.8 -196.2
20211028215303  -653.7 -90.9 -196.0
20211028215304  -654.4 -90.6 -196.6
20211028215305  -654.7 -90.8 -196.4
20211028215306  -654.5 -90.9 -196.7
20211028215307  -654.6 -90.7 -196.9
20211028215308  -654.6 -90.8 -197.1
20211028215309  -654.5 -90.8 -196.9
20211028215310  -654.6 -90.9 -197.3
20211028215311  -654.8 -90.9 -196.8
20211028215312  -654.5 -90.9 -196.8
20211028215313  -654.4 -90.9 -196.9
20211028215314  -654.6 -90.8 -196.7
20211028215315  -654.6 -90.7 -196.5
20211028215316  -654.6 -90.8 -196.7
20211028215317  -654.8 -90.8 -196.7
20211028215318  -654.9 -91.1 -196.8
20211028215319  -655.0 -91.1 -196.6
20211028215320  -654.8 -90.8 -196.4
20211028215321  -654.7 -91.1 -196.5
20211028215322  -654.7 -90.9 -196.7
20211028215323  -654.5 -90.9 -196.8
20211028215324  -654.6 -91.0 -196.9
20211028215325  -654.6 -91.2 -196.6
20211028215326  -654.4 -91.2 -196.7
20211028215327  -654.3 -91.0 -196.9
20211028215328  -654.0 -91.2 -196.6
20211028215329  -653.4 -90.6 -196.1
20211028215330  -654.2 -90.7 -196.3
20211028215331  -654.1 -90.8 -196.4
20211028215332  -654.1 -90.6 -196.5
20211028215333  -654.3 -90.4 -196.7
20211028215334  -654.1 -90.6 -196.8
20211028215335  -654.1 -90.5 -197.0
20211028215336  -654.0 -90.5 -197.0
20211028215337  -654.0 -90.5 -196.7
20211028215338  -654.0 -90.8 -196.7
20211028215339  -653.9 -90.6 -196.9
20211028215340  -653.8 -90.5 -196.8
20211028215341  -654.0 -90.6 -197.0
20211028215342  -654.0 -90.6 -196.8
20211028215343  -654.0 -90.8 -196.6
20211028215344  -654.1 -90.9 -196.9
20211028215345  -653.8 -90.6 -196.9
20211028215346  -653.7 -90.5 -196.9
20211028215347  -653.8 -90.2 -196.8
20211028215348  -653.9 -90.4 -196.9
20211028215349  -653.8 -90.7 -196.9
20211028215350  -653.9 -90.9 -196.9
20211028215351  -653.9 -90.7 -196.9
20211028215352  -653.9 -90.4 -196.6
20211028215353  -654.2 -91.0 -196.8
20211028215354  -653.8 -91.0 -196.5
20211028215355  -653.1 -90.8 -196.1
20211028215356  -652.9 -90.7 -196.2
20211028215357  -652.8 -90.6 -196.3
20211028215358  -652.5 -90.6 -195.8
20211028215359  -652.7 -90.3 -195.6
20211028215400  -653.5 -90.2 -196.3
20211028215401  -653.3 -90.4 -196.4
20211028215402  -653.2 -90.4 -196.2
20211028215403  -653.5 -90.2 -196.3
20211028215404  -653.5 -90.6 -196.0
20211028215405  -653.4 -90.6 -196.4
20211028215406  -653.4 -90.7 -196.5
20211028215407  -653.4 -90.6 -196.1
20211028215408  -653.8 -90.4 -196.5
20211028215409  -654.0 -90.4 -196.3
20211028215410  -653.6 -90.6 -196.5
20211028215411  -653.7 -90.6 -196.8
20211028215412  -653.6 -90.3 -196.7
20211028215413  -653.7 -90.5 -196.6
20211028215414  -653.9 -90.4 -196.4
20211028215415  -653.8 -90.8 -196.4
20211028215416  -653.7 -90.6 -196.5
20211028215417  -653.6 -90.3 -196.2
20211028215418  -653.7 -90.3 -196.6
20211028215419  -653.6 -90.5 -196.5
20211028215420  -653.8 -90.6 -196.3
20211028215421  -653.8 -91.0 -196.4
20211028215422  -653.6 -90.7 -196.4
20211028215423  -653.8 -90.9 -196.5
20211028215424  -653.7 -91.2 -196.6
20211028215425  -652.8 -90.9 -196.0
20211028215426  -653.3 -90.8 -196.1
20211028215427  -653.7 -90.9 -196.5
20211028215428  -653.5 -90.9 -196.5
20211028215429  -653.4 -91.0 -196.4
20211028215430  -653.4 -90.7 -196.3
20211028215431  -653.8 -90.7 -196.5
20211028215432  -653.8 -90.6 -196.6
20211028215433  -653.8 -90.8 -196.6
20211028215434  -653.6 -90.6 -196.6
20211028215435  -653.5 -90.7 -196.5
20211028215436  -653.7 -90.5 -196.6
20211028215437  -654.0 -90.4 -196.5
20211028215438  -653.7 -90.5 -196.5
20211028215439  -653.8 -90.8 -196.4
20211028215440  -653.6 -90.5 -196.7
20211028215441  -653.7 -90.4 -196.6
20211028215442  -653.7 -90.8 -196.6
20211028215443  -653.7 -90.7 -196.6
20211028215444  -653.6 -90.9 -196.6
20211028215445  -653.9 -91.0 -196.6
20211028215446  -653.7 -90.6 -196.9
20211028215447  -653.9 -90.9 -196.8
20211028215448  -653.7 -90.5 -196.9
20211028215449  -653.9 -90.6 -196.8
20211028215450  -653.8 -90.6 -196.7
20211028215451  -653.3 -90.8 -196.8
20211028215452  -652.7 -90.5 -196.1
20211028215453  -652.6 -90.8 -195.7
20211028215454  -652.5 -90.6 -195.6
20211028215455  -652.7 -90.1 -195.9
20211028215456  -653.1 -90.4 -196.3
20211028215457  -653.0 -90.1 -196.1
20211028215458  -653.3 -90.3 -196.6
20211028215459  -653.3 -90.4 -196.5
20211028215500  -653.0 -90.3 -196.4
20211028215501  -653.1 -90.3 -196.5
20211028215502  -652.8 -90.4 -196.3
20211028215503  -653.0 -90.3 -196.4
20211028215504  -653.3 -90.2 -196.5
20211028215505  -653.3 -90.1 -196.2
20211028215506  -653.2 -90.4 -196.6
20211028215507  -653.4 -90.3 -196.9
20211028215508  -653.4 -90.7 -196.5
20211028215509  -653.6 -90.5 -196.7
20211028215510  -653.7 -90.4 -196.6
20211028215511  -653.7 -90.1 -196.9
20211028215512  -653.8 -90.2 -196.9
20211028215513  -653.8 -90.2 -197.0
20211028215514  -653.4 -90.2 -196.9
20211028215515  -653.5 -90.4 -196.8
20211028215516  -653.6 -90.4 -196.7
20211028215517  -653.2 -90.5 -196.9
20211028215518  -653.6 -90.5 -196.7
20211028215519  -653.4 -90.5 -196.8
20211028215520  -653.6 -90.3 -196.8
20211028215521  -653.3 -90.3 -196.7
20211028215522  -652.8 -90.1 -195.8
20211028215523  -652.5 -90.1 -195.3
20211028215524  -652.5 -90.1 -195.7
20211028215525  -653.3 -89.7 -195.9
20211028215526  -653.1 -90.0 -196.2
20211028215527  -653.1 -90.1 -196.6
20211028215528  -653.0 -90.2 -196.3
20211028215529  -653.1 -89.8 -196.2
20211028215530  -653.1 -89.9 -196.3
20211028215531  -653.3 -89.8 -196.2
20211028215532  -653.0 -89.8 -196.2
20211028215533  -653.4 -90.2 -196.2
20211028215534  -653.3 -90.1 -196.1
20211028215535  -653.3 -90.4 -196.3
20211028215536  -653.2 -90.4 -196.4
20211028215537  -653.3 -90.2 -196.5
20211028215538  -653.0 -90.2 -196.3
20211028215539  -653.3 -89.9 -196.3
20211028215540  -653.4 -89.9 -196.2
20211028215541  -653.3 -90.2 -196.4
20211028215542  -653.2 -90.1 -196.2
20211028215543  -653.2 -90.1 -196.3
20211028215544  -653.5 -90.0 -196.6
20211028215545  -653.1 -89.9 -196.7
20211028215546  -653.3 -90.0 -196.7
20211028215547  -653.2 -90.1 -196.8
20211028215548  -653.2 -90.1 -196.8
20211028215549  -653.3 -90.1 -196.7
20211028215550  -653.5 -90.2 -196.8
20211028215551  -653.3 -90.3 -196.9
20211028215552  -652.6 -90.2 -196.2
20211028215553  -652.4 -90.0 -196.2
20211028215554  -652.3 -90.1 -195.7
20211028215555  -653.2 -90.3 -196.4
20211028215556  -653.0 -90.2 -196.6
20211028215557  -653.1 -89.9 -196.7
20211028215558  -653.5 -89.8 -196.5
20211028215559  -653.3 -89.9 -196.7
20211028215600  -653.1 -90.1 -196.9
20211028215601  -652.9 -90.2 -196.6
20211028215602  -653.1 -90.2 -196.6
20211028215603  -653.0 -90.0 -196.4
20211028215604  -653.4 -89.9 -196.6
20211028215605  -653.6 -89.9 -196.6
20211028215606  -653.3 -90.1 -196.6
20211028215607  -653.4 -90.2 -196.9
20211028215608  -653.2 -90.2 -196.9
20211028215609  -653.1 -90.1 -196.6
20211028215610  -653.1 -90.2 -196.7
20211028215611  -653.1 -90.3 -197.0
20211028215612  -653.1 -90.1 -196.9
20211028215613  -653.4 -90.3 -196.9
20211028215614  -653.3 -90.1 -197.0
20211028215615  -653.1 -90.2 -196.7
20211028215616  -653.5 -90.1 -196.8
20211028215617  -653.6 -90.2 -196.7
20211028215618  -653.3 -90.4 -196.9
20211028215619  -653.5 -90.2 -196.5
20211028215620  -653.2 -90.2 -196.7
20211028215621  -653.3 -90.2 -196.7
20211028215622  -652.7 -90.5 -196.5
20211028215623  -652.5 -90.2 -196.1
20211028215624  -652.9 -90.1 -196.3
20211028215625  -653.2 -90.2 -196.7
20211028215626  -653.0 -90.1 -196.8
20211028215627  -653.2 -90.5 -196.6
20211028215628  -653.4 -90.3 -196.6
20211028215629  -653.1 -90.2 -196.4
20211028215630  -653.3 -90.3 -196.3
20211028215631  -653.3 -90.6 -196.4
20211028215632  -653.4 -90.7 -196.1
20211028215633  -653.4 -90.4 -196.3
20211028215634  -653.5 -90.5 -196.5
20211028215635  -653.5 -90.5 -196.3
20211028215636  -653.5 -90.6 -196.4
20211028215637  -653.6 -90.6 -196.3
20211028215638  -653.6 -90.4 -196.6
20211028215639  -653.6 -90.7 -196.5
20211028215640  -653.6 -90.5 -196.5
20211028215641  -653.4 -90.6 -196.6
20211028215642  -653.5 -90.5 -196.5
20211028215643  -653.3 -90.6 -196.5
20211028215644  -653.6 -90.6 -196.4
20211028215645  -653.4 -90.3 -196.3
20211028215646  -653.5 -90.9 -196.3
20211028215647  -653.6 -90.8 -196.7
20211028215648  -653.7 -90.7 -196.8
20211028215649  -653.5 -90.6 -196.6
20211028215650  -653.5 -90.8 -196.7
20211028215651  -653.6 -90.7 -196.7
20211028215652  -653.0 -90.6 -195.9
20211028215653  -652.7 -90.1 -195.8
20211028215654  -653.3 -90.1 -196.0
20211028215655  -653.6 -90.6 -196.6
20211028215656  -653.7 -90.8 -196.7
20211028215657  -653.6 -90.5 -196.6
20211028215658  -653.7 -90.4 -196.7
20211028215659  -653.6 -90.4 -196.9
20211028215700  -653.2 -90.4 -196.9
20211028215701  -653.5 -90.6 -196.7
20211028215702  -653.5 -90.3 -196.8
20211028215703  -653.6 -90.2 -196.9
20211028215704  -653.5 -90.2 -196.8
20211028215705  -653.4 -90.3 -196.5
20211028215706  -653.4 -90.0 -196.7
20211028215707  -653.3 -90.2 -196.6
20211028215708  -653.3 -90.5 -196.6
20211028215709  -653.4 -90.3 -196.7
20211028215710  -653.5 -90.5 -196.6
20211028215711  -653.6 -90.5 -196.9
20211028215712  -653.7 -90.2 -196.7
20211028215713  -653.6 -90.5 -196.7
20211028215714  -653.6 -90.6 -196.7
20211028215715  -653.5 -90.9 -196.5
20211028215716  -653.7 -90.8 -196.2
20211028215717  -653.4 -90.8 -196.7
20211028215718  -653.4 -90.7 -196.6
20211028215719  -653.5 -90.6 -196.5
20211028215720  -653.3 -90.6 -196.6
20211028215721  -653.6 -90.9 -196.8
20211028215722  -652.7 -90.4 -196.5
20211028215723  -652.8 -90.4 -196.4
20211028215724  -652.8 -90.6 -196.0
20211028215725  -653.6 -90.3 -196.5
20211028215726  -653.7 -90.3 -196.6
20211028215727  -653.5 -90.6 -196.5
20211028215728  -653.7 -90.8 -196.8
20211028215729  -653.6 -90.5 -196.5
20211028215730  -653.6 -90.6 -196.5
20211028215731  -653.6 -90.7 -196.6
20211028215732  -653.3 -90.8 -196.6
20211028215733  -653.5 -90.6 -196.6
20211028215734  -653.8 -90.6 -196.9
20211028215735  -653.5 -90.7 -196.8
20211028215736  -653.6 -90.7 -196.6
20211028215737  -653.7 -90.8 -196.9
20211028215738  -653.7 -91.1 -196.5
20211028215739  -653.7 -90.8 -196.6
20211028215740  -653.7 -91.0 -196.4
20211028215741  -653.7 -91.0 -196.4
20211028215742  -653.6 -90.8 -196.7
20211028215743  -653.8 -90.9 -196.6
20211028215744  -653.7 -91.0 -196.8
20211028215745  -653.8 -91.2 -196.9
20211028215746  -653.9 -90.9 -196.5
20211028215747  -653.8 -90.9 -196.6
20211028215748  -654.0 -90.9 -196.5
20211028215749  -653.7 -90.6 -196.3
20211028215750  -654.0 -90.5 -195.9
20211028215751  -653.9 -90.9 -196.6
20211028215752  -653.3 -90.9 -195.9
20211028215753  -652.8 -90.6 -195.7
20211028215754  -652.5 -90.6 -195.5
20211028215755  -653.5 -90.5 -196.1
20211028215756  -653.8 -90.4 -196.2
20211028215757  -653.7 -90.5 -196.2
20211028215758  -653.8 -90.7 -196.4
20211028215759  -653.8 -90.5 -196.7
20211028215800  -653.9 -90.4 -196.8
20211028215801  -653.8 -90.6 -197.2
20211028215802  -654.0 -90.8 -196.9
20211028215803  -653.7 -90.9 -197.1
20211028215804  -653.9 -90.8 -196.9
20211028215805  -654.2 -90.7 -196.8
20211028215806  -653.9 -90.8 -196.9
20211028215807  -653.8 -90.9 -196.9
20211028215808  -653.9 -90.9 -196.7
20211028215809  -653.7 -90.7 -196.9
20211028215810  -653.7 -90.8 -196.7
20211028215811  -653.8 -91.0 -196.6
20211028215812  -653.7 -90.9 -196.6
