20211025213025  -659.3 -86.6 -187.4
20211025213026  -659.1 -86.2 -187.1
20211025213027  -659.1 -86.2 -187.0
20211025213028  -659.2 -86.5 -186.8
20211025213029  -659.3 -86.3 -187.0
20211025213030  -658.9 -86.4 -187.1
20211025213031  -658.9 -86.4 -186.9
20211025213032  -659.3 -86.0 -186.9
20211025213033  -658.9 -86.0 -186.9
20211025213034  -659.0 -86.3 -186.6
20211025213035  -658.9 -86.4 -186.7
20211025213036  -658.9 -86.3 -186.8
20211025213037  -658.7 -86.3 -186.7
20211025213038  -658.7 -86.3 -186.8
20211025213039  -658.5 -86.2 -186.8
20211025213040  -658.9 -86.3 -186.5
20211025213041  -658.8 -86.0 -186.3
20211025213042  -658.7 -86.1 -186.3
20211025213043  -658.7 -86.2 -186.4
20211025213044  -658.5 -86.1 -186.5
20211025213045  -658.6 -86.2 -186.3
20211025213046  -658.5 -86.3 -186.5
20211025213047  -658.1 -86.1 -186.0
20211025213048  -657.6 -85.8 -186.1
20211025213049  -658.0 -85.9 -186.2
20211025213050  -658.2 -86.0 -186.4
20211025213051  -658.3 -86.0 -186.4
20211025213052  -658.3 -85.9 -186.4
20211025213053  -658.2 -86.1 -186.6
20211025213054  -658.2 -86.1 -186.3
20211025213055  -658.3 -86.1 -186.5
20211025213056  -658.1 -85.8 -186.5
20211025213057  -657.9 -85.8 -186.2
20211025213058  -658.1 -85.7 -186.4
20211025213059  -657.7 -85.7 -186.4
20211025213100  -658.0 -85.9 -186.3
20211025213101  -657.7 -85.8 -186.3
20211025213102  -657.8 -85.8 -186.5
20211025213103  -657.9 -86.1 -186.5
20211025213104  -658.2 -86.0 -186.5
20211025213105  -658.1 -86.0 -186.3
20211025213106  -658.0 -85.9 -186.5
20211025213107  -657.9 -85.9 -186.5
20211025213108  -658.0 -86.1 -186.4
20211025213109  -657.6 -85.8 -186.3
20211025213110  -657.6 -85.8 -186.4
20211025213111  -657.9 -85.7 -186.6
20211025213112  -657.7 -85.9 -186.3
20211025213113  -657.5 -86.3 -186.6
20211025213114  -657.8 -86.2 -186.5
20211025213115  -657.9 -86.0 -186.4
20211025213116  -657.7 -86.2 -186.6
20211025213117  -657.1 -86.0 -186.0
20211025213118  -656.8 -85.6 -185.9
20211025213119  -657.1 -85.8 -185.9
20211025213120  -657.4 -85.9 -186.1
20211025213121  -657.7 -85.7 -185.8
20211025213122  -657.8 -85.9 -186.2
20211025213123  -657.4 -85.8 -186.5
20211025213124  -657.3 -85.7 -186.4
20211025213125  -657.5 -85.6 -186.4
20211025213126  -657.6 -85.6 -186.6
20211025213127  -657.3 -85.7 -186.3
20211025213128  -657.4 -85.6 -186.3
20211025213129  -657.1 -85.8 -186.3
20211025213130  -657.5 -86.0 -186.4
20211025213131  -657.6 -86.1 -186.3
20211025213132  -657.7 -86.0 -186.2
20211025213133  -657.5 -85.7 -186.6
20211025213134  -657.4 -85.9 -186.2
20211025213135  -657.5 -85.9 -186.4
20211025213136  -657.5 -86.0 -186.5
20211025213137  -657.2 -85.9 -186.7
20211025213138  -657.5 -85.7 -186.5
20211025213139  -657.3 -85.3 -186.5
20211025213140  -657.3 -85.4 -186.4
20211025213141  -657.6 -85.4 -186.5
20211025213142  -657.5 -85.3 -186.6
20211025213143  -657.7 -85.3 -186.5
20211025213144  -657.7 -85.4 -186.9
20211025213145  -657.6 -85.5 -186.8
20211025213146  -657.7 -85.5 -186.8
20211025213147  -657.1 -85.2 -186.1
20211025213148  -656.7 -85.3 -186.0
20211025213149  -656.9 -85.2 -186.0
20211025213150  -657.4 -85.5 -186.3
20211025213151  -657.6 -85.7 -186.4
20211025213152  -657.5 -85.9 -186.6
20211025213153  -657.1 -85.8 -186.9
20211025213154  -657.3 -85.5 -186.7
20211025213155  -657.7 -85.8 -186.8
20211025213156  -657.9 -85.5 -186.7
20211025213157  -657.9 -85.5 -186.6
20211025213158  -657.9 -85.8 -186.9
20211025213159  -657.8 -85.5 -187.0
20211025213200  -657.9 -85.6 -186.9
20211025213201  -657.6 -85.6 -186.8
20211025213202  -657.6 -85.6 -186.7
20211025213203  -657.5 -85.6 -186.6
20211025213204  -657.4 -85.8 -186.6
20211025213205  -657.5 -86.1 -186.7
20211025213206  -657.6 -86.0 -186.9
20211025213207  -657.7 -86.0 -187.1
20211025213208  -658.1 -85.9 -186.7
20211025213209  -657.9 -85.6 -186.7
20211025213210  -658.2 -85.6 -186.6
20211025213211  -657.9 -85.7 -186.4
20211025213212  -658.1 -86.0 -186.9
20211025213213  -658.5 -85.9 -186.7
20211025213214  -658.3 -85.8 -186.7
20211025213215  -658.0 -85.7 -186.7
20211025213216  -658.0 -85.7 -186.8
20211025213217  -657.4 -86.1 -186.6
20211025213218  -657.1 -85.9 -186.1
20211025213219  -657.1 -85.4 -186.0
20211025213220  -657.7 -85.4 -186.4
20211025213221  -657.9 -85.3 -186.5
20211025213222  -657.6 -85.6 -186.7
20211025213223  -657.7 -85.4 -186.5
20211025213224  -657.7 -85.6 -186.5
20211025213225  -658.0 -85.7 -186.5
20211025213226  -657.7 -85.4 -186.7
20211025213227  -657.8 -85.6 -186.5
20211025213228  -657.9 -85.8 -186.8
20211025213229  -657.7 -85.5 -187.1
20211025213230  -657.7 -85.5 -187.2
20211025213231  -657.8 -85.9 -187.0
20211025213232  -657.6 -85.6 -186.8
20211025213233  -657.5 -85.3 -186.9
20211025213234  -658.0 -85.7 -186.7
20211025213235  -657.7 -85.3 -186.8
20211025213236  -657.7 -85.5 -186.7
20211025213237  -657.9 -85.9 -186.5
20211025213238  -657.7 -85.5 -186.8
20211025213239  -658.1 -85.4 -186.6
20211025213240  -658.1 -85.6 -186.6
20211025213241  -658.0 -85.5 -186.5
20211025213242  -658.2 -85.4 -186.6
20211025213243  -658.0 -85.4 -186.8
20211025213244  -658.0 -85.4 -186.8
20211025213245  -657.8 -85.3 -186.8
20211025213246  -657.6 -85.5 -186.8
20211025213247  -657.4 -85.8 -186.8
20211025213248  -656.9 -85.4 -186.3
20211025213249  -657.4 -85.8 -186.5
20211025213250  -657.5 -85.7 -186.8
20211025213251  -657.4 -85.6 -186.8
20211025213252  -657.5 -85.5 -186.8
20211025213253  -657.7 -85.7 -187.1
20211025213254  -657.5 -85.7 -187.2
20211025213255  -657.6 -85.5 -186.9
20211025213256  -657.8 -85.6 -186.9
20211025213257  -657.7 -85.7 -186.9
20211025213258  -658.0 -85.9 -186.8
20211025213259  -657.8 -85.8 -186.7
20211025213300  -657.8 -85.4 -186.8
20211025213301  -657.7 -85.3 -186.9
20211025213302  -657.9 -85.4 -186.8
20211025213303  -657.7 -85.6 -186.9
20211025213304  -657.6 -85.5 -187.2
20211025213305  -657.9 -85.5 -187.0
20211025213306  -657.5 -85.9 -187.1
20211025213307  -657.6 -85.5 -187.3
20211025213308  -657.6 -85.6 -187.2
20211025213309  -657.7 -85.6 -187.2
20211025213310  -657.5 -85.6 -187.1
20211025213311  -657.6 -85.8 -187.1
20211025213312  -657.8 -85.9 -187.2
20211025213313  -657.7 -85.9 -187.3
20211025213314  -657.3 -85.8 -187.5
20211025213315  -657.4 -85.9 -187.4
20211025213316  -657.4 -85.9 -187.2
20211025213317  -657.1 -86.1 -187.1
20211025213318  -656.6 -85.7 -186.6
20211025213319  -656.7 -86.0 -186.8
20211025213320  -657.1 -86.2 -187.4
20211025213321  -657.4 -85.9 -187.4
20211025213322  -657.3 -85.9 -187.4
20211025213323  -657.5 -86.0 -187.6
20211025213324  -657.2 -85.8 -187.4
20211025213325  -657.1 -85.7 -187.4
20211025213326  -657.1 -85.7 -187.3
20211025213327  -657.1 -85.9 -187.4
20211025213328  -657.2 -85.8 -187.3
20211025213329  -657.3 -85.9 -187.5
20211025213330  -657.3 -85.8 -187.5
20211025213331  -657.3 -86.1 -187.7
20211025213332  -657.3 -86.3 -187.4
20211025213333  -657.3 -86.2 -187.5
20211025213334  -657.3 -86.4 -187.7
20211025213335  -657.3 -86.5 -187.5
20211025213336  -657.1 -86.6 -187.8
20211025213337  -657.2 -86.3 -187.6
20211025213338  -657.4 -86.5 -187.5
20211025213339  -657.4 -86.4 -187.6
20211025213340  -657.5 -86.1 -187.6
20211025213341  -657.6 -86.5 -187.4
20211025213342  -657.4 -86.4 -187.3
20211025213343  -657.5 -86.6 -187.3
20211025213344  -657.7 -86.5 -187.7
20211025213345  -657.7 -86.5 -187.5
20211025213346  -657.4 -86.4 -187.6
20211025213347  -657.2 -86.5 -187.7
20211025213348  -656.7 -86.5 -187.3
20211025213349  -656.8 -86.2 -187.2
20211025213350  -657.1 -86.4 -187.4
20211025213351  -657.4 -86.5 -187.5
20211025213352  -657.2 -86.4 -187.5
20211025213353  -657.5 -86.5 -187.4
20211025213354  -657.7 -86.4 -187.7
20211025213355  -657.8 -86.5 -187.7
20211025213356  -657.8 -86.4 -187.7
20211025213357  -657.4 -86.4 -187.8
20211025213358  -657.2 -86.5 -187.6
20211025213359  -657.4 -86.5 -187.6
20211025213400  -657.6 -86.6 -187.7
20211025213401  -657.4 -86.5 -187.8
20211025213402  -657.4 -86.3 -187.6
20211025213403  -657.4 -86.5 -187.7
20211025213404  -657.4 -86.6 -187.6
20211025213405  -657.3 -86.5 -187.8
20211025213406  -657.2 -86.7 -187.8
20211025213407  -657.4 -86.5 -187.9
20211025213408  -657.3 -86.5 -188.0
20211025213409  -657.1 -86.5 -188.1
20211025213410  -657.5 -86.5 -187.8
20211025213411  -657.5 -86.4 -188.0
20211025213412  -657.3 -86.6 -188.0
20211025213413  -657.4 -86.7 -188.2
20211025213414  -657.5 -86.8 -188.3
20211025213415  -657.5 -86.9 -188.1
20211025213416  -657.5 -86.7 -188.2
20211025213417  -657.3 -86.3 -188.3
20211025213418  -656.8 -86.3 -188.0
20211025213419  -656.9 -86.3 -187.8
20211025213420  -657.4 -86.3 -188.2
20211025213421  -657.6 -86.4 -188.5
20211025213422  -657.5 -86.2 -188.2
20211025213423  -657.5 -86.1 -188.0
20211025213424  -657.4 -86.4 -188.3
20211025213425  -657.6 -86.2 -188.3
20211025213426  -657.5 -86.4 -188.3
20211025213427  -657.3 -86.5 -188.4
20211025213428  -657.7 -86.6 -188.3
20211025213429  -657.7 -86.6 -188.2
20211025213430  -658.0 -86.4 -188.3
20211025213431  -657.8 -86.7 -188.4
20211025213432  -657.7 -86.5 -188.3
20211025213433  -657.5 -86.7 -188.1
20211025213434  -657.2 -86.5 -188.3
20211025213435  -657.4 -86.6 -188.5
20211025213436  -657.5 -86.4 -188.4
20211025213437  -657.4 -86.5 -188.4
20211025213438  -657.5 -86.3 -188.1
20211025213439  -657.7 -86.1 -188.0
20211025213440  -657.9 -86.5 -188.1
20211025213441  -657.6 -86.7 -188.2
20211025213442  -657.6 -86.6 -188.1
20211025213443  -657.7 -86.6 -187.9
20211025213444  -657.7 -86.9 -188.0
20211025213445  -657.7 -86.5 -187.9
20211025213446  -657.9 -86.5 -188.0
20211025213447  -657.5 -86.4 -188.2
20211025213448  -657.0 -86.5 -187.9
20211025213449  -656.8 -86.4 -187.2
20211025213450  -657.4 -86.2 -187.6
20211025213451  -657.3 -86.4 -187.8
20211025213452  -657.3 -86.5 -187.8
20211025213453  -657.5 -86.4 -187.9
20211025213454  -657.6 -86.5 -187.9
20211025213455  -657.3 -86.4 -188.0
20211025213456  -657.5 -86.5 -188.0
20211025213457  -657.5 -86.4 -187.8
20211025213458  -657.6 -86.3 -187.8
20211025213459  -657.2 -86.3 -187.7
20211025213500  -657.2 -86.2 -187.7
20211025213501  -657.0 -86.2 -187.8
20211025213502  -656.9 -86.3 -188.0
20211025213503  -657.0 -86.5 -188.1
20211025213504  -657.1 -86.5 -187.8
20211025213505  -657.2 -86.5 -187.9
20211025213506  -657.1 -86.6 -187.9
20211025213507  -657.0 -86.5 -187.7
20211025213508  -657.0 -86.5 -188.1
20211025213509  -657.0 -86.5 -187.7
20211025213510  -656.9 -86.4 -187.9
20211025213511  -657.1 -86.4 -187.9
20211025213512  -657.5 -86.6 -188.0
20211025213513  -657.5 -86.4 -188.0
20211025213514  -657.2 -86.5 -187.8
20211025213515  -657.0 -86.7 -187.7
20211025213516  -657.0 -86.7 -187.9
20211025213517  -656.8 -86.7 -187.8
20211025213518  -656.3 -86.6 -187.3
20211025213519  -655.8 -86.5 -187.1
20211025213520  -656.4 -86.3 -187.7
20211025213521  -656.7 -86.3 -187.8
20211025213522  -656.7 -86.2 -188.0
20211025213523  -656.7 -86.5 -188.1
20211025213524  -657.0 -86.6 -188.2
20211025213525  -656.8 -86.4 -187.9
20211025213526  -656.6 -86.2 -187.6
20211025213527  -656.7 -86.2 -187.8
20211025213528  -656.5 -86.5 -187.8
20211025213529  -656.8 -86.5 -187.9
20211025213530  -656.7 -86.6 -187.9
20211025213531  -657.0 -86.7 -188.0
20211025213532  -656.9 -86.6 -188.0
20211025213533  -657.0 -86.6 -188.0
20211025213534  -657.0 -86.5 -188.1
20211025213535  -657.0 -86.5 -187.8
20211025213536  -657.0 -86.6 -187.9
20211025213537  -657.1 -86.8 -187.9
20211025213538  -657.4 -86.8 -187.9
20211025213539  -657.1 -86.6 -187.7
20211025213540  -657.0 -86.7 -188.1
20211025213541  -657.1 -86.7 -188.3
20211025213542  -656.9 -86.5 -188.0
20211025213543  -656.9 -86.4 -188.0
20211025213544  -657.0 -86.5 -188.0
20211025213545  -657.0 -86.5 -188.0
20211025213546  -657.0 -86.6 -188.1
20211025213547  -657.0 -86.4 -187.9
20211025213548  -656.4 -86.8 -187.5
20211025213549  -656.3 -86.3 -187.7
20211025213550  -656.3 -86.1 -187.3
20211025213551  -657.0 -86.4 -188.0
20211025213552  -657.0 -86.5 -188.0
20211025213553  -657.1 -86.4 -187.6
20211025213554  -656.7 -86.3 -187.7
20211025213555  -656.9 -86.7 -187.9
20211025213556  -656.8 -86.5 -188.0
20211025213557  -657.0 -86.5 -187.8
20211025213558  -657.0 -86.6 -187.8
20211025213559  -657.1 -86.8 -187.9
20211025213600  -657.0 -86.6 -187.9
20211025213601  -657.1 -86.7 -188.0
20211025213602  -657.0 -86.5 -187.9
20211025213603  -657.0 -86.6 -187.8
20211025213604  -656.9 -86.5 -188.0
20211025213605  -656.9 -86.5 -188.2
20211025213606  -656.9 -86.6 -188.0
20211025213607  -657.1 -86.5 -188.3
20211025213608  -657.0 -86.8 -188.3
20211025213609  -657.2 -86.8 -188.0
20211025213610  -657.1 -86.7 -188.0
20211025213611  -657.2 -86.6 -188.0
20211025213612  -657.3 -87.0 -187.8
20211025213613  -657.3 -86.8 -187.9
20211025213614  -657.4 -87.0 -187.9
20211025213615  -657.4 -86.7 -188.0
20211025213616  -657.2 -86.8 -187.7
20211025213617  -657.3 -86.8 -188.1
20211025213618  -656.7 -87.1 -187.8
20211025213619  -656.5 -86.7 -187.4
20211025213620  -656.2 -86.5 -187.1
20211025213621  -656.7 -86.5 -187.4
20211025213622  -657.1 -86.7 -187.8
20211025213623  -656.9 -86.7 -188.1
20211025213624  -656.9 -86.9 -188.1
20211025213625  -657.0 -86.9 -188.3
20211025213626  -657.3 -86.8 -187.9
20211025213627  -657.2 -87.2 -187.6
20211025213628  -657.4 -87.1 -187.4
20211025213629  -657.1 -86.8 -187.7
20211025213630  -657.2 -86.7 -188.1
20211025213631  -657.1 -87.0 -188.2
20211025213632  -657.2 -87.0 -188.0
20211025213633  -657.2 -87.1 -188.1
20211025213634  -657.1 -87.0 -188.1
20211025213635  -657.1 -87.2 -188.3
20211025213636  -657.3 -87.2 -188.3
20211025213637  -657.1 -87.4 -188.1
20211025213638  -657.1 -87.4 -187.9
20211025213639  -657.4 -87.1 -187.9
20211025213640  -657.6 -87.4 -188.2
20211025213641  -657.6 -87.1 -188.1
20211025213642  -657.7 -87.1 -188.3
20211025213643  -658.0 -87.2 -188.3
20211025213644  -657.8 -87.5 -188.3
20211025213645  -657.9 -87.5 -188.2
20211025213646  -658.4 -87.4 -188.4
20211025213647  -657.9 -87.3 -188.5
20211025213648  -657.4 -87.4 -187.9
20211025213649  -657.2 -87.5 -187.5
20211025213650  -657.1 -87.6 -187.7
20211025213651  -656.9 -87.5 -187.5
20211025213652  -657.7 -87.3 -187.8
20211025213653  -657.6 -87.4 -188.1
20211025213654  -657.4 -87.4 -188.1
20211025213655  -657.7 -87.4 -188.1
20211025213656  -657.8 -87.6 -188.1
20211025213657  -657.8 -87.5 -188.0
20211025213658  -657.8 -87.6 -188.1
20211025213659  -657.7 -87.7 -188.1
20211025213700  -657.6 -87.4 -188.2
20211025213701  -657.3 -87.4 -188.2
20211025213702  -657.6 -87.4 -188.2
20211025213703  -657.4 -87.5 -188.1
20211025213704  -657.5 -87.4 -188.2
20211025213705  -657.4 -87.3 -188.3
20211025213706  -657.5 -87.1 -188.4
20211025213707  -657.6 -87.2 -188.4
20211025213708  -657.6 -87.3 -188.6
20211025213709  -657.5 -87.2 -188.5
20211025213710  -657.2 -87.2 -188.5
20211025213711  -657.4 -87.4 -188.6
20211025213712  -657.7 -87.3 -188.6
20211025213713  -657.8 -87.5 -188.3
20211025213714  -657.7 -87.3 -188.5
20211025213715  -657.9 -87.6 -188.7
20211025213716  -657.6 -87.6 -188.4
20211025213717  -657.8 -87.6 -188.6
20211025213718  -656.9 -87.9 -188.6
20211025213719  -656.6 -87.4 -188.3
20211025213720  -656.6 -87.3 -187.9
20211025213721  -656.3 -87.4 -187.8
20211025213722  -657.1 -87.2 -188.1
20211025213723  -657.5 -87.7 -188.2
20211025213724  -657.5 -87.6 -188.3
20211025213725  -657.6 -87.7 -188.2
20211025213726  -657.6 -87.7 -188.2
20211025213727  -657.5 -88.0 -188.2
20211025213728  -657.3 -87.9 -188.2
20211025213729  -657.3 -87.7 -188.2
20211025213730  -657.5 -87.9 -188.4
20211025213731  -657.6 -87.8 -188.2
20211025213732  -657.6 -87.8 -188.2
20211025213733  -657.7 -87.9 -188.1
20211025213734  -657.8 -87.8 -188.2
20211025213735  -658.1 -88.2 -188.3
20211025213736  -657.7 -88.2 -188.5
20211025213737  -657.7 -88.0 -188.5
20211025213738  -657.8 -87.7 -188.5
20211025213739  -657.8 -87.7 -188.4
20211025213740  -657.6 -87.7 -188.7
20211025213741  -657.5 -87.8 -188.6
20211025213742  -657.7 -87.9 -188.5
20211025213743  -657.5 -87.7 -188.8
20211025213744  -657.5 -88.1 -188.7
20211025213745  -657.8 -88.2 -188.4
20211025213746  -657.6 -88.1 -188.6
20211025213747  -657.4 -88.1 -188.9
20211025213748  -657.4 -88.1 -188.7
20211025213749  -656.9 -88.1 -188.3
20211025213750  -657.1 -88.1 -187.9
20211025213751  -657.0 -88.1 -187.9
20211025213752  -657.5 -87.8 -188.4
20211025213753  -657.5 -88.0 -188.6
20211025213754  -657.9 -88.1 -188.6
20211025213755  -657.9 -88.0 -188.3
20211025213756  -658.0 -88.1 -188.5
20211025213757  -657.8 -87.8 -188.3
20211025213758  -657.8 -88.0 -188.6
20211025213759  -658.0 -88.0 -188.4
20211025213800  -658.0 -87.8 -188.6
20211025213801  -657.8 -88.0 -188.6
20211025213802  -658.0 -88.0 -188.9
20211025213803  -657.9 -88.0 -188.8
20211025213804  -658.5 -87.8 -188.8
20211025213805  -658.2 -87.9 -188.8
20211025213806  -658.8 -87.8 -188.8
20211025213807  -658.8 -88.1 -188.8
20211025213808  -658.6 -88.1 -188.8
20211025213809  -658.5 -88.0 -189.0
20211025213810  -658.5 -88.1 -188.7
20211025213811  -658.7 -88.0 -188.8
20211025213812  -658.7 -87.9 -188.7
