6.0
20211030231843  -1011.5 -8.5 -276.3
20211030231844  -1012.0 -8.1 -276.6
20211030231845  -1011.5 -7.9 -277.2
20211030231846  -1011.1 -7.5 -277.0
20211030231847  -1010.7 -6.4 -277.0
20211030231848  -1010.6 -5.4 -277.8
20211030231849  -1011.0 -4.1 -278.6
20211030231850  -1011.0 -3.3 -279.0
20211030231851  -1010.8 -3.1 -280.0
20211030231852  -1010.7 -3.3 -280.5
20211030231853  -1010.5 -3.7 -281.4
20211030231854  -1010.3 -4.5 -281.9
20211030231855  -1009.9 -5.0 -282.5
20211030231856  -1009.0 -5.6 -282.9
20211030231857  -1008.7 -6.3 -283.0
20211030231858  -1008.6 -6.6 -283.2
20211030231859  -1008.3 -6.3 -283.6
20211030231900  -1008.0 -5.6 -283.7
20211030231901  -1007.9 -5.0 -283.4
20211030231902  -1007.8 -4.0 -283.0
20211030231903  -1007.5 -3.2 -282.7
20211030231904  -1007.4 -2.8 -283.2
20211030231905  -1007.6 -2.4 -283.8
20211030231906  -1007.5 -2.1 -284.7
20211030231907  -1007.7 -1.8 -285.2
20211030231908  -1008.0 -1.6 -285.9
20211030231909  -1008.3 -1.5 -286.5
20211030231910  -1008.3 -1.2 -286.8
20211030231911  -1008.4 -0.9 -286.7
20211030231912  -1008.2 -0.4 -286.8
20211030231913  -1008.0 -0.1 -287.3
20211030231914  -1008.1 0.5 -287.5
20211030231915  -1008.8 0.9 -288.0
20211030231916  -1009.3 1.1 -289.1
20211030231917  -1010.1 0.9 -289.7
20211030231918  -1010.6 0.7 -290.5
20211030231919  -1011.3 0.6 -290.6
20211030231920  -1011.3 0.7 -290.5
20211030231921  -1011.4 1.0 -290.0
20211030231922  -1011.7 1.4 -289.3
20211030231923  -1011.7 2.0 -289.4
20211030231924  -1011.9 2.9 -289.3
20211030231925  -1011.9 3.9 -288.7
20211030231926  -1012.3 4.6 -288.4
20211030231927  -1012.9 5.9 -287.9
20211030231928  -1013.4 7.2 -287.7
20211030231929  -1014.1 8.1 -288.0
20211030231930  -1015.0 9.3 -288.2
20211030231931  -1016.1 10.4 -288.3
20211030231932  -1016.6 11.6 -288.0
20211030231933  -1017.2 12.5 -288.5
20211030231934  -1017.9 13.5 -288.8
20211030231935  -1018.9 14.2 -289.5
20211030231936  -1019.6 15.1 -290.0
20211030231937  -1019.9 15.8 -290.5
20211030231938  -1020.7 16.7 -290.9
20211030231939  -1021.5 17.3 -291.5
20211030231940  -1022.1 18.0 -291.8
20211030231941  -1022.9 18.8 -291.7
20211030231942  -1023.6 19.6 -291.4
20211030231943  -1024.0 20.7 -290.7
20211030231944  -1024.7 22.2 -290.2
20211030231945  -1025.9 23.4 -290.3
20211030231946  -1026.6 24.3 -290.9
20211030231947  -1027.9 24.5 -291.2
20211030231948  -1028.8 24.4 -291.7
20211030231949  -1029.5 24.6 -291.9
20211030231950  -1030.8 24.2 -292.0
20211030231951  -1031.9 24.0 -292.2
20211030231952  -1032.7 24.1 -292.0
20211030231953  -1033.6 24.2 -291.9
20211030231954  -1034.4 24.9 -292.1
20211030231955  -1035.6 25.4 -292.9
20211030231956  -1036.8 25.8 -293.9
20211030231957  -1038.2 26.8 -295.2
20211030231958  -1040.0 26.8 -296.5
20211030231959  -1041.4 27.2 -297.8
20211030232000  -1043.1 27.1 -298.8
20211030232001  -1044.4 27.2 -299.8
20211030232002  -1045.7 27.0 -300.2
20211030232003  -1046.6 27.1 -300.8
20211030232004  -1047.5 27.6 -301.2
20211030232005  -1048.1 28.2 -301.5
20211030232006  -1049.0 28.8 -301.7
20211030232007  -1049.6 29.3 -302.5
20211030232008  -1049.9 29.9 -302.8
20211030232009  -1050.5 30.2 -303.4
20211030232010  -1051.2 30.3 -303.6
20211030232011  -1051.7 30.7 -303.9
20211030232012  -1052.5 30.9 -304.4
20211030232013  -1053.2 31.4 -304.8
20211030232014  -1053.5 31.7 -305.5
20211030232015  -1054.5 31.6 -306.6
20211030232016  -1055.2 31.5 -307.3
20211030232017  -1056.3 31.5 -308.2
20211030232018  -1056.6 31.0 -309.0
20211030232019  -1057.5 30.6 -309.3
20211030232020  -1058.6 30.5 -309.5
20211030232021  -1059.0 30.6 -309.7
20211030232022  -1059.4 31.0 -309.3
20211030232023  -1060.3 31.4 -309.1
20211030232024  -1061.1 31.9 -309.2
20211030232025  -1061.8 32.2 -309.7
20211030232026  -1062.5 32.5 -310.0
20211030232027  -1062.9 32.6 -310.7
20211030232028  -1063.9 32.4 -311.0
20211030232029  -1064.2 32.0 -311.5
20211030232030  -1064.6 31.8 -311.8
20211030232031  -1065.5 32.1 -312.0
20211030232032  -1066.1 32.2 -311.5
20211030232033  -1066.3 32.6 -311.3
20211030232034  -1066.4 32.6 -311.3
20211030232035  -1066.1 32.5 -311.0
20211030232036  -1065.7 32.6 -310.5
20211030232037  -1065.8 32.7 -310.4
20211030232038  -1065.5 33.4 -309.9
20211030232039  -1065.4 33.9 -309.7
20211030232040  -1065.2 34.5 -309.6
20211030232041  -1065.3 34.6 -309.3
20211030232042  -1065.3 34.9 -308.4
20211030232043  -1064.9 35.0 -307.6
20211030232044  -1064.6 35.9 -306.6
20211030232045  -1064.8 36.8 -306.1
20211030232046  -1065.1 37.7 -305.0
20211030232047  -1065.4 38.9 -304.5
20211030232048  -1065.9 39.5 -304.0
20211030232049  -1066.1 39.9 -303.8
20211030232050  -1066.8 40.2 -303.3
20211030232051  -1067.0 40.2 -303.0
20211030232052  -1067.7 40.7 -302.4
20211030232053  -1068.4 41.2 -301.9
20211030232054  -1069.2 41.7 -301.9
20211030232055  -1069.8 42.1 -301.4
20211030232056  -1070.3 42.1 -301.4
20211030232057  -1070.8 41.9 -301.9
20211030232058  -1071.4 41.4 -301.8
20211030232059  -1071.9 41.1 -301.9
20211030232100  -1072.2 41.1 -301.8
20211030232101  -1073.0 41.0 -302.1
20211030232102  -1073.4 40.9 -301.6
20211030232103  -1073.4 40.8 -301.1
20211030232104  -1073.2 41.2 -300.0
20211030232105  -1073.2 41.8 -299.4
20211030232106  -1073.0 42.5 -298.4
20211030232107  -1073.2 43.2 -298.2
20211030232108  -1073.6 44.0 -297.6
20211030232109  -1074.2 45.0 -297.3
20211030232110  -1075.2 46.4 -296.8
20211030232111  -1075.8 47.5 -296.4
20211030232112  -1076.9 48.8 -295.9
20211030232113  -1077.2 49.8 -294.9
20211030232114  -1077.2 50.3 -293.9
20211030232115  -1077.5 50.6 -292.6
20211030232116  -1077.5 50.8 -291.7
20211030232117  -1077.3 50.8 -291.1
20211030232118  -1077.7 51.1 -290.6
20211030232119  -1078.3 52.0 -290.4
20211030232120  -1078.5 52.5 -290.2
20211030232121  -1079.2 52.5 -290.9
20211030232122  -1079.8 52.9 -290.9
20211030232123  -1080.4 53.4 -291.1
20211030232124  -1081.0 53.6 -290.9
20211030232125  -1081.6 53.6 -290.9
20211030232126  -1081.8 53.6 -290.4
20211030232127  -1081.9 53.7 -289.8
20211030232128  -1082.2 53.7 -288.9
20211030232129  -1082.1 54.1 -288.0
20211030232130  -1082.1 54.5 -286.9
20211030232131  -1082.1 55.6 -286.5
20211030232132  -1082.5 57.0 -286.3
20211030232133  -1082.8 57.9 -286.1
20211030232134  -1083.1 58.9 -285.5
20211030232135  -1083.4 59.6 -285.3
20211030232136  -1083.9 60.3 -285.4
20211030232137  -1084.5 60.3 -285.6
20211030232138  -1085.0 60.6 -285.8
20211030232139  -1085.5 60.7 -286.4
20211030232140  -1085.8 60.3 -286.8
20211030232141  -1086.1 60.3 -287.0
20211030232142  -1086.2 59.6 -286.4
20211030232143  -1086.6 58.9 -286.6
20211030232144  -1086.7 59.0 -286.4
20211030232145  -1086.6 59.2 -285.8
20211030232146  -1087.2 59.7 -286.2
20211030232147  -1087.4 60.7 -285.8
20211030232148  -1087.8 61.4 -286.0
20211030232149  -1088.0 62.1 -286.2
20211030232150  -1088.7 62.4 -286.8
20211030232151  -1088.9 61.9 -286.8
20211030232152  -1089.4 61.5 -287.0
20211030232153  -1089.8 61.5 -287.1
20211030232154  -1089.9 62.0 -286.6
20211030232155  -1090.1 62.6 -286.0
20211030232156  -1090.6 64.2 -285.8
20211030232157  -1090.9 65.6 -285.3
20211030232158  -1091.2 67.3 -285.2
20211030232159  -1091.8 68.3 -285.3
20211030232200  -1092.2 69.2 -285.4
20211030232201  -1092.5 70.2 -285.1
20211030232202  -1092.9 70.8 -284.5
20211030232203  -1093.1 71.5 -284.0
20211030232204  -1093.5 71.8 -283.6
20211030232205  -1094.1 72.7 -283.8
20211030232206  -1094.8 73.6 -284.2
20211030232207  -1095.9 74.8 -284.3
20211030232208  -1097.0 75.9 -285.2
20211030232209  -1098.1 76.3 -285.8
20211030232210  -1099.2 76.6 -285.9
20211030232211  -1100.1 77.0 -285.8
20211030232212  -1100.9 77.1 -285.6
20211030232213  -1101.5 77.6 -285.6
20211030232214  -1102.1 77.6 -285.5
20211030232215  -1101.8 77.9 -285.0
20211030232216  -1102.8 77.7 -285.2
20211030232217  -1103.6 77.2 -285.5
20211030232218  -1103.9 76.9 -285.5
20211030232219  -1104.6 76.5 -285.2
20211030232220  -1104.7 76.3 -285.1
20211030232221  -1105.1 75.6 -285.2
20211030232222  -1105.2 75.8 -284.9
20211030232223  -1105.6 75.5 -284.4
20211030232224  -1106.0 75.7 -284.0
20211030232225  -1106.2 76.1 -283.8
20211030232226  -1106.5 76.3 -283.1
20211030232227  -1107.0 76.6 -283.0
20211030232228  -1107.2 76.8 -282.3
20211030232229  -1107.9 77.2 -282.0
20211030232230  -1108.8 77.1 -281.9
20211030232231  -1109.8 77.3 -281.7
20211030232232  -1110.9 77.8 -282.4
20211030232233  -1111.9 78.3 -282.8
20211030232234  -1113.2 78.9 -283.3
20211030232235  -1114.3 80.1 -283.7
20211030232236  -1115.2 81.2 -283.6
20211030232237  -1115.7 82.8 -283.5
20211030232238  -1116.1 83.8 -282.8
20211030232239  -1115.8 84.5 -282.2
20211030232240  -1116.1 84.7 -281.7
20211030232241  -1116.0 84.7 -281.1
20211030232242  -1116.3 84.7 -281.0
20211030232243  -1116.7 84.6 -280.5
20211030232244  -1116.6 84.8 -280.7
20211030232245  -1116.7 84.7 -280.5
20211030232246  -1117.3 85.4 -280.5
20211030232247  -1118.1 85.9 -280.7
20211030232248  -1118.6 86.8 -280.9
20211030232249  -1119.0 87.4 -280.8
20211030232250  -1119.6 88.0 -280.6
20211030232251  -1119.7 88.0 -280.5
20211030232252  -1120.1 87.7 -280.8
20211030232253  -1120.3 87.1 -281.0
20211030232254  -1120.4 87.0 -280.9
20211030232255  -1120.6 86.8 -280.7
20211030232256  -1120.8 87.2 -280.4
20211030232257  -1120.7 86.9 -280.2
20211030232258  -1120.8 87.0 -280.1
20211030232259  -1120.8 87.2 -280.1
20211030232300  -1120.7 87.7 -280.0
20211030232301  -1120.8 88.5 -280.1
20211030232302  -1120.6 88.9 -280.1
20211030232303  -1120.4 89.5 -279.9
20211030232304  -1120.0 90.0 -280.0
20211030232305  -1120.1 90.2 -280.1
20211030232306  -1119.8 90.0 -280.3
20211030232307  -1119.5 90.0 -280.8
20211030232308  -1119.3 89.8 -280.9
20211030232309  -1119.0 89.7 -281.1
20211030232310  -1118.7 89.9 -281.4
20211030232311  -1118.4 89.8 -281.6
20211030232312  -1118.5 90.3 -281.7
20211030232313  -1118.8 90.9 -282.5
20211030232314  -1118.9 91.4 -282.6
20211030232315  -1118.3 92.1 -282.6
20211030232316  -1118.5 93.3 -282.6
20211030232317  -1119.0 93.8 -283.3
20211030232318  -1119.3 93.7 -283.3
20211030232319  -1119.1 93.6 -283.0
20211030232320  -1118.7 93.9 -282.4
20211030232321  -1118.4 94.1 -281.6
20211030232322  -1118.0 94.5 -281.0
20211030232323  -1117.8 94.9 -281.0
20211030232324  -1118.1 95.3 -281.2
20211030232325  -1118.2 95.7 -281.4
20211030232326  -1118.2 96.2 -281.4
20211030232327  -1118.3 96.9 -281.1
20211030232328  -1118.2 97.4 -280.9
20211030232329  -1117.7 98.1 -280.6
20211030232330  -1117.5 98.6 -280.1
20211030232331  -1117.3 99.2 -279.9
20211030232332  -1117.5 99.9 -279.6
20211030232333  -1117.3 100.7 -279.0
20211030232334  -1117.0 101.6 -278.2
20211030232335  -1116.7 102.3 -277.5
20211030232336  -1116.2 102.6 -277.3
20211030232337  -1116.2 102.2 -277.5
20211030232338  -1115.7 101.5 -277.6
20211030232339  -1115.5 100.7 -278.0
20211030232340  -1115.0 100.8 -278.4
20211030232341  -1115.0 101.4 -278.7
20211030232342  -1115.0 101.9 -279.4
20211030232343  -1115.0 102.5 -279.8
20211030232344  -1114.6 103.0 -280.1
20211030232345  -1113.9 102.5 -280.5
20211030232346  -1113.4 102.5 -280.4
20211030232347  -1113.2 101.9 -280.7
20211030232348  -1112.6 101.5 -280.5
20211030232349  -1113.1 101.0 -280.1
20211030232350  -1113.1 101.0 -280.0
20211030232351  -1112.8 101.2 -279.8
20211030232352  -1112.9 101.4 -279.6
20211030232353  -1113.2 102.0 -279.3
20211030232354  -1113.5 103.1 -278.9
20211030232355  -1114.0 104.2 -279.2
20211030232356  -1114.7 105.5 -279.4
20211030232357  -1115.1 106.3 -279.8
20211030232358  -1115.5 106.5 -279.9
20211030232359  -1115.6 106.2 -279.9
20211030232400  -1115.2 105.8 -278.9
20211030232401  -1114.5 105.1 -278.1
20211030232402  -1113.6 104.3 -276.7
20211030232403  -1112.4 103.4 -275.8
20211030232404  -1111.6 102.9 -275.0
20211030232405  -1111.1 102.6 -275.0
20211030232406  -1110.6 102.5 -275.1
20211030232407  -1110.7 102.3 -275.4
20211030232408  -1110.6 102.7 -276.2
20211030232409  -1110.8 103.0 -276.4
20211030232410  -1110.9 103.6 -276.9
20211030232411  -1111.2 104.0 -276.8
20211030232412  -1111.1 104.0 -276.7
20211030232413  -1111.2 104.0 -277.1
20211030232414  -1111.3 103.7 -277.0
20211030232415  -1111.2 103.2 -277.5
20211030232416  -1111.2 103.0 -277.5
20211030232417  -1111.6 102.3 -277.8
20211030232418  -1112.1 101.7 -278.7
20211030232419  -1112.4 101.3 -278.8
20211030232420  -1113.4 101.6 -278.8
20211030232421  -1113.4 102.0 -278.0
