20211110192832  -659.0 -87.8 -181.8
20211110192833  -658.7 -87.4 -181.6
20211110192834  -658.8 -87.6 -181.7
20211110192835  -658.9 -87.4 -181.8
20211110192836  -658.7 -87.6 -181.4
20211110192837  -658.8 -87.6 -181.5
20211110192838  -659.0 -87.4 -181.4
20211110192839  -658.6 -87.4 -181.4
20211110192840  -659.0 -87.8 -181.4
20211110192841  -658.8 -87.6 -181.2
20211110192842  -659.1 -87.8 -181.4
20211110192843  -658.8 -87.7 -181.5
20211110192844  -658.9 -87.7 -181.3
20211110192845  -659.1 -87.7 -181.1
20211110192846  -658.8 -87.7 -181.1
20211110192847  -658.9 -87.6 -181.1
20211110192848  -658.5 -87.7 -180.7
20211110192849  -658.4 -87.8 -180.7
20211110192850  -658.1 -87.5 -180.1
20211110192851  -658.9 -87.9 -180.6
20211110192852  -659.0 -88.2 -180.7
20211110192853  -658.9 -88.1 -181.0
20211110192854  -658.7 -88.2 -181.0
20211110192855  -658.9 -88.1 -180.8
20211110192856  -658.9 -88.2 -180.8
20211110192857  -659.0 -88.4 -180.6
20211110192858  -658.9 -88.4 -180.5
20211110192859  -658.9 -88.3 -180.7
20211110192900  -659.0 -88.5 -180.7
20211110192901  -659.2 -88.7 -180.7
20211110192902  -659.2 -88.6 -180.5
20211110192903  -659.3 -88.5 -180.9
20211110192904  -659.1 -88.4 -181.0
20211110192905  -659.3 -88.4 -180.5
20211110192906  -659.1 -88.2 -180.4
20211110192907  -659.3 -88.4 -180.7
20211110192908  -659.4 -88.5 -180.7
20211110192909  -659.3 -88.5 -180.9
20211110192910  -659.4 -88.5 -180.8
20211110192911  -659.4 -88.5 -180.6
20211110192912  -659.8 -88.8 -180.5
20211110192913  -659.7 -88.5 -180.4
20211110192914  -659.7 -88.5 -180.6
20211110192915  -659.9 -88.6 -180.3
20211110192916  -659.6 -88.6 -180.2
20211110192917  -659.9 -88.9 -180.4
20211110192918  -659.5 -88.6 -180.0
20211110192919  -659.0 -88.4 -179.4
20211110192920  -659.0 -88.0 -179.3
20211110192921  -659.8 -88.1 -179.6
20211110192922  -659.7 -88.2 -179.9
20211110192923  -659.9 -88.2 -179.9
20211110192924  -660.0 -88.2 -179.9
20211110192925  -660.2 -88.3 -179.8
20211110192926  -660.1 -88.2 -179.5
20211110192927  -660.3 -88.3 -179.6
20211110192928  -660.4 -88.5 -179.7
20211110192929  -660.5 -88.7 -179.8
20211110192930  -660.6 -88.8 -179.9
20211110192931  -660.4 -88.7 -179.8
20211110192932  -660.4 -88.1 -179.9
20211110192933  -660.8 -88.2 -180.2
20211110192934  -660.7 -88.2 -180.1
20211110192935  -660.8 -88.5 -180.2
20211110192936  -660.7 -88.7 -180.1
20211110192937  -660.8 -88.5 -179.8
20211110192938  -661.0 -88.3 -179.9
20211110192939  -660.9 -88.4 -179.8
20211110192940  -660.7 -88.3 -179.6
20211110192941  -660.9 -88.4 -180.0
20211110192942  -660.9 -88.3 -179.9
20211110192943  -660.5 -88.4 -179.8
20211110192944  -660.5 -88.3 -179.4
20211110192945  -660.8 -88.3 -179.6
20211110192946  -660.7 -88.4 -179.8
20211110192947  -661.0 -88.2 -179.7
20211110192948  -660.3 -88.1 -179.5
20211110192949  -659.9 -88.2 -179.0
20211110192950  -660.0 -88.0 -178.9
20211110192951  -660.7 -88.2 -179.5
20211110192952  -660.9 -88.1 -179.6
20211110192953  -660.9 -88.0 -179.6
20211110192954  -661.0 -87.9 -179.9
20211110192955  -661.1 -87.9 -179.7
20211110192956  -661.4 -87.9 -179.6
20211110192957  -661.5 -87.8 -179.8
20211110192958  -661.2 -88.1 -179.7
20211110192959  -661.3 -87.9 -179.6
20211110193000  -661.3 -87.8 -179.8
20211110193001  -661.0 -87.6 -179.4
20211110193002  -661.5 -87.9 -179.6
20211110193003  -661.4 -87.7 -179.5
20211110193004  -661.3 -87.7 -179.4
20211110193005  -661.4 -87.8 -179.6
20211110193006  -661.6 -87.9 -179.5
20211110193007  -661.7 -87.9 -179.6
20211110193008  -661.7 -88.1 -179.5
20211110193009  -661.7 -88.2 -179.6
20211110193010  -661.8 -88.1 -179.4
20211110193011  -662.0 -88.3 -179.5
20211110193012  -661.9 -88.0 -179.6
20211110193013  -661.9 -87.8 -179.1
20211110193014  -661.9 -87.9 -179.2
20211110193015  -661.9 -88.0 -179.2
20211110193016  -661.7 -88.1 -179.5
20211110193017  -661.7 -88.1 -179.4
20211110193018  -661.7 -88.0 -179.3
20211110193019  -661.1 -87.7 -178.9
20211110193020  -661.5 -87.4 -179.1
20211110193021  -661.7 -87.6 -179.3
20211110193022  -661.7 -87.4 -179.4
20211110193023  -661.7 -87.7 -179.6
20211110193024  -662.0 -87.6 -179.5
20211110193025  -661.9 -87.8 -179.8
20211110193026  -661.8 -87.6 -179.4
20211110193027  -661.6 -87.8 -179.5
20211110193028  -661.9 -87.7 -179.7
20211110193029  -662.1 -87.7 -179.6
20211110193030  -662.0 -87.9 -179.7
20211110193031  -661.8 -87.9 -180.0
20211110193032  -661.5 -88.1 -179.5
20211110193033  -661.6 -88.2 -179.3
20211110193034  -661.2 -88.4 -179.6
20211110193035  -661.4 -88.1 -179.5
20211110193036  -661.3 -88.3 -179.5
20211110193037  -661.4 -88.4 -179.7
20211110193038  -661.3 -88.5 -179.8
20211110193039  -661.2 -88.4 -179.6
20211110193040  -661.5 -88.4 -179.9
20211110193041  -661.4 -88.3 -179.9
20211110193042  -661.4 -88.2 -179.8
20211110193043  -661.1 -88.2 -179.9
20211110193044  -661.0 -88.3 -179.7
20211110193045  -661.0 -88.3 -179.6
20211110193046  -661.4 -88.4 -179.7
20211110193047  -661.2 -88.5 -179.9
20211110193048  -660.8 -88.5 -179.6
20211110193049  -660.3 -88.3 -179.1
20211110193050  -661.0 -88.1 -179.5
20211110193051  -661.2 -88.5 -179.9
20211110193052  -660.8 -88.3 -180.2
20211110193053  -660.8 -88.1 -180.2
20211110193054  -660.6 -88.1 -180.0
20211110193055  -660.6 -87.7 -180.1
20211110193056  -660.7 -88.0 -180.2
20211110193057  -660.7 -87.8 -180.2
20211110193058  -660.7 -88.0 -180.1
20211110193059  -660.6 -88.2 -180.2
20211110193100  -660.3 -87.9 -180.0
20211110193101  -660.2 -88.0 -180.2
20211110193102  -660.4 -88.1 -180.3
20211110193103  -660.6 -88.1 -180.3
20211110193104  -660.5 -88.1 -180.2
20211110193105  -660.7 -88.0 -179.9
20211110193106  -660.4 -88.0 -180.2
20211110193107  -660.5 -88.2 -180.2
20211110193108  -660.5 -88.2 -180.4
20211110193109  -660.4 -88.3 -179.8
20211110193110  -660.3 -88.2 -180.3
20211110193111  -660.4 -88.0 -180.6
20211110193112  -660.3 -88.1 -180.5
20211110193113  -660.1 -88.3 -180.8
20211110193114  -660.1 -88.0 -180.8
20211110193115  -660.2 -88.4 -181.0
20211110193116  -660.2 -88.2 -180.9
20211110193117  -659.9 -88.0 -180.7
20211110193118  -660.0 -88.0 -180.7
20211110193119  -659.4 -88.0 -180.0
20211110193120  -660.1 -88.0 -180.7
20211110193121  -660.0 -88.0 -180.6
20211110193122  -659.9 -88.0 -180.9
20211110193123  -659.9 -87.8 -181.0
20211110193124  -659.9 -88.3 -180.6
20211110193125  -660.1 -88.0 -181.0
20211110193126  -660.0 -87.7 -180.6
20211110193127  -660.0 -88.3 -181.0
20211110193128  -659.9 -88.1 -180.9
20211110193129  -659.9 -88.2 -180.6
20211110193130  -659.5 -88.1 -180.6
20211110193131  -659.8 -88.0 -180.8
20211110193132  -659.7 -87.9 -180.8
20211110193133  -660.0 -88.0 -181.0
20211110193134  -659.7 -88.2 -181.1
20211110193135  -659.9 -88.2 -181.0
20211110193136  -659.8 -88.2 -180.9
20211110193137  -659.8 -88.4 -180.9
20211110193138  -660.1 -88.2 -180.8
20211110193139  -659.8 -88.1 -181.1
20211110193140  -660.1 -88.3 -181.1
20211110193141  -659.9 -88.4 -180.9
20211110193142  -659.8 -88.3 -180.8
20211110193143  -659.9 -88.6 -181.0
20211110193144  -659.7 -88.6 -181.1
20211110193145  -659.9 -88.3 -181.4
20211110193146  -659.9 -88.4 -181.1
20211110193147  -659.8 -88.2 -181.3
20211110193148  -660.0 -88.5 -180.9
20211110193149  -660.0 -88.5 -181.1
20211110193150  -660.4 -88.7 -181.2
20211110193151  -660.4 -88.8 -180.9
20211110193152  -660.2 -88.9 -181.2
20211110193153  -660.0 -88.7 -181.0
20211110193154  -660.2 -89.0 -181.2
20211110193155  -660.2 -88.7 -181.0
20211110193156  -660.3 -88.9 -181.3
20211110193157  -660.1 -88.6 -181.2
20211110193158  -660.4 -89.0 -181.1
20211110193159  -660.3 -88.9 -181.3
20211110193200  -660.4 -88.7 -181.3
20211110193201  -660.5 -88.8 -181.3
20211110193202  -660.4 -88.7 -181.3
20211110193203  -660.1 -88.7 -181.1
20211110193204  -660.2 -88.6 -181.3
20211110193205  -660.3 -88.7 -181.2
20211110193206  -660.0 -88.7 -181.1
20211110193207  -659.8 -88.7 -181.3
20211110193208  -659.8 -88.9 -181.2
20211110193209  -659.9 -88.5 -181.2
20211110193210  -659.8 -88.7 -181.1
20211110193211  -660.0 -88.7 -181.0
20211110193212  -659.9 -88.7 -180.9
20211110193213  -659.8 -88.6 -181.2
20211110193214  -659.8 -88.5 -180.9
20211110193215  -659.9 -88.4 -181.2
20211110193216  -659.8 -88.5 -181.2
