20211109220035  -807.0 -94.6 -226.2
20211109220036  -806.7 -94.4 -226.1
20211109220037  -806.4 -94.3 -226.2
20211109220038  -806.4 -93.9 -225.6
20211109220039  -806.4 -93.9 -225.7
20211109220040  -806.3 -93.6 -225.4
20211109220041  -806.1 -93.4 -225.6
20211109220042  -806.1 -93.2 -225.5
20211109220043  -805.6 -92.9 -225.8
20211109220044  -805.7 -92.6 -225.4
20211109220045  -805.2 -92.4 -225.1
20211109220046  -805.5 -92.3 -225.2
20211109220047  -805.2 -92.3 -225.1
20211109220048  -805.0 -91.9 -225.0
20211109220049  -805.1 -92.1 -225.2
20211109220050  -805.1 -91.8 -225.0
20211109220051  -805.0 -91.8 -225.0
20211109220052  -804.8 -91.7 -224.8
20211109220053  -804.7 -91.4 -224.8
20211109220054  -804.9 -91.4 -224.9
20211109220055  -804.8 -91.1 -224.5
20211109220056  -804.2 -91.0 -223.8
20211109220057  -804.4 -90.5 -223.8
20211109220058  -804.8 -90.6 -224.1
20211109220059  -805.0 -90.4 -223.8
20211109220100  -805.0 -90.3 -223.9
20211109220101  -805.2 -90.1 -224.0
20211109220102  -805.0 -89.9 -223.9
20211109220103  -804.9 -90.0 -223.7
20211109220104  -804.7 -89.8 -223.6
20211109220105  -804.9 -89.8 -223.7
20211109220106  -804.8 -89.7 -223.6
20211109220107  -804.9 -89.5 -223.3
20211109220108  -804.9 -89.3 -223.1
20211109220109  -804.6 -89.3 -222.6
20211109220110  -804.9 -89.2 -222.5
20211109220111  -804.8 -89.0 -222.8
20211109220112  -804.7 -88.7 -222.7
20211109220113  -804.7 -88.5 -222.7
20211109220114  -804.7 -88.6 -222.4
20211109220115  -805.0 -88.6 -222.1
20211109220116  -805.1 -88.1 -222.0
20211109220117  -805.4 -87.7 -222.1
20211109220118  -805.6 -87.6 -222.2
20211109220119  -805.9 -87.2 -221.9
20211109220120  -806.3 -86.7 -221.7
20211109220121  -806.6 -86.8 -221.3
20211109220122  -807.0 -86.2 -220.8
20211109220123  -807.2 -85.9 -220.8
20211109220124  -807.8 -85.8 -220.7
20211109220125  -807.5 -85.9 -220.5
20211109220126  -807.3 -85.4 -219.5
20211109220127  -807.4 -85.2 -219.1
20211109220128  -808.7 -85.1 -219.3
20211109220129  -808.9 -85.1 -219.4
20211109220130  -809.4 -85.1 -219.1
20211109220131  -809.7 -85.0 -218.9
20211109220132  -810.3 -84.6 -218.7
20211109220133  -810.8 -84.4 -218.7
20211109220134  -811.1 -84.1 -218.3
20211109220135  -811.0 -83.8 -218.2
20211109220136  -811.8 -83.4 -218.0
20211109220137  -812.4 -83.3 -217.6
20211109220138  -812.9 -82.9 -217.3
20211109220139  -813.5 -82.4 -216.8
20211109220140  -814.1 -82.1 -216.5
20211109220141  -814.5 -81.9 -216.2
20211109220142  -814.9 -81.7 -215.8
20211109220143  -815.0 -81.2 -215.5
20211109220144  -815.4 -80.8 -214.9
20211109220145  -815.9 -80.5 -214.8
20211109220146  -816.4 -80.4 -214.3
20211109220147  -816.6 -80.0 -213.9
20211109220148  -817.0 -79.4 -213.4
20211109220149  -817.4 -79.0 -213.3
20211109220150  -817.9 -78.6 -213.1
20211109220151  -817.8 -78.6 -212.6
20211109220152  -818.2 -78.3 -212.2
20211109220153  -818.4 -77.5 -211.9
20211109220154  -818.5 -77.0 -211.3
20211109220155  -818.6 -76.8 -211.0
20211109220156  -817.8 -76.5 -210.1
20211109220157  -817.5 -76.1 -209.5
20211109220158  -818.4 -75.5 -209.3
20211109220159  -819.0 -75.3 -209.5
20211109220200  -819.3 -74.9 -209.3
20211109220201  -819.4 -74.4 -208.8
20211109220202  -819.6 -74.0 -208.6
20211109220203  -819.9 -73.7 -208.2
20211109220204  -820.0 -73.3 -208.0
20211109220205  -820.1 -73.0 -207.6
20211109220206  -820.2 -72.9 -207.1
20211109220207  -820.5 -72.9 -207.0
20211109220208  -820.7 -72.7 -206.8
20211109220209  -820.8 -72.6 -206.5
20211109220210  -820.8 -72.1 -206.2
20211109220211  -821.2 -71.9 -205.8
20211109220212  -821.2 -71.8 -205.7
20211109220213  -821.6 -71.3 -205.3
20211109220214  -822.0 -71.4 -205.0
20211109220215  -822.2 -71.1 -204.9
20211109220216  -822.4 -71.0 -204.6
20211109220217  -822.2 -70.8 -204.4
20211109220218  -822.4 -70.8 -204.3
20211109220219  -822.4 -70.9 -204.1
20211109220220  -822.8 -70.9 -204.4
20211109220221  -822.8 -70.9 -204.3
20211109220222  -823.2 -70.7 -203.8
20211109220223  -823.5 -70.7 -203.5
20211109220224  -823.7 -70.9 -203.5
20211109220225  -823.7 -70.8 -203.3
20211109220226  -823.7 -70.8 -203.3
20211109220227  -823.2 -70.5 -202.0
20211109220228  -823.7 -70.5 -202.2
20211109220229  -824.6 -70.7 -202.3
20211109220230  -824.6 -71.0 -202.3
20211109220231  -824.9 -70.9 -202.1
20211109220232  -825.3 -71.0 -202.2
20211109220233  -825.6 -71.0 -201.8
20211109220234  -825.7 -70.8 -202.0
20211109220235  -826.1 -71.2 -201.6
20211109220236  -826.2 -71.4 -201.5
20211109220237  -826.6 -71.5 -201.5
20211109220238  -826.8 -71.3 -201.3
20211109220239  -826.9 -71.4 -201.3
20211109220240  -827.3 -71.7 -201.4
20211109220241  -827.4 -71.6 -201.3
20211109220242  -827.9 -71.9 -201.3
20211109220243  -828.1 -71.7 -201.4
20211109220244  -828.1 -72.0 -201.1
20211109220245  -828.4 -72.3 -201.0
20211109220246  -828.2 -72.1 -200.9
20211109220247  -828.4 -72.3 -200.8
20211109220248  -828.6 -72.5 -200.7
20211109220249  -828.7 -72.6 -200.3
20211109220250  -828.4 -72.7 -200.6
20211109220251  -828.4 -73.1 -200.7
20211109220252  -828.7 -73.6 -200.8
20211109220253  -828.6 -74.0 -200.7
20211109220254  -828.6 -73.8 -200.8
20211109220255  -828.5 -73.8 -200.2
20211109220256  -828.4 -74.2 -200.3
20211109220257  -827.7 -74.6 -200.2
20211109220258  -828.2 -74.8 -200.2
20211109220259  -828.5 -75.0 -200.1
20211109220300  -828.2 -75.0 -200.2
20211109220301  -828.3 -75.6 -200.2
20211109220302  -828.5 -75.6 -200.5
20211109220303  -828.2 -75.6 -200.4
20211109220304  -828.4 -75.7 -200.1
20211109220305  -828.7 -75.8 -200.1
20211109220306  -828.7 -75.8 -200.1
20211109220307  -828.5 -75.7 -199.9
20211109220308  -828.5 -76.1 -199.7
20211109220309  -828.5 -76.1 -199.6
20211109220310  -828.7 -76.3 -199.7
20211109220311  -828.6 -76.5 -199.7
20211109220312  -828.5 -76.5 -199.5
20211109220313  -828.8 -76.4 -199.3
20211109220314  -828.7 -76.2 -199.0
20211109220315  -828.8 -76.3 -199.1
20211109220316  -828.8 -76.2 -199.0
20211109220317  -828.7 -75.9 -199.0
20211109220318  -828.6 -76.0 -198.7
20211109220319  -828.8 -76.5 -198.9
20211109220320  -828.8 -76.2 -198.9
20211109220321  -829.0 -76.4 -198.6
20211109220322  -828.9 -76.6 -198.6
20211109220323  -828.9 -76.4 -198.3
20211109220324  -829.2 -76.4 -198.3
20211109220325  -829.4 -76.0 -198.0
20211109220326  -829.0 -76.4 -198.0
20211109220327  -828.8 -76.6 -197.7
20211109220328  -828.5 -76.6 -197.4
20211109220329  -828.9 -76.6 -197.8
20211109220330  -829.1 -76.6 -197.6
20211109220331  -829.3 -76.7 -197.4
20211109220332  -829.0 -76.7 -196.9
20211109220333  -829.6 -76.9 -196.8
20211109220334  -829.3 -76.8 -196.6
20211109220335  -829.4 -77.0 -196.7
20211109220336  -829.4 -76.8 -196.5
20211109220337  -830.1 -76.7 -196.3
20211109220338  -829.7 -77.1 -196.2
20211109220339  -829.8 -77.2 -196.6
20211109220340  -829.6 -77.2 -196.0
20211109220341  -829.5 -77.7 -195.8
20211109220342  -829.6 -77.3 -195.6
20211109220343  -829.6 -77.5 -195.3
20211109220344  -829.5 -77.7 -195.4
20211109220345  -829.5 -78.0 -195.3
20211109220346  -829.7 -78.1 -195.0
20211109220347  -829.7 -78.3 -194.8
20211109220348  -829.2 -78.0 -194.7
20211109220349  -829.2 -78.0 -194.3
20211109220350  -829.1 -77.8 -194.2
20211109220351  -828.7 -78.0 -194.1
20211109220352  -828.4 -77.9 -193.8
20211109220353  -828.2 -78.4 -193.5
20211109220354  -827.9 -78.1 -193.5
20211109220355  -827.9 -78.2 -193.3
20211109220356  -827.9 -78.7 -192.9
20211109220357  -827.7 -78.4 -192.8
20211109220358  -826.9 -78.5 -192.2
20211109220359  -827.2 -78.7 -192.6
20211109220400  -827.0 -79.1 -192.3
20211109220401  -826.9 -79.3 -192.3
20211109220402  -827.1 -79.3 -192.1
20211109220403  -827.0 -79.6 -191.9
20211109220404  -826.9 -79.9 -191.8
20211109220405  -827.1 -79.9 -191.7
20211109220406  -827.0 -80.3 -191.5
20211109220407  -826.9 -80.5 -191.4
20211109220408  -827.2 -80.5 -191.3
20211109220409  -827.3 -80.5 -190.9
20211109220410  -827.5 -81.0 -191.0
20211109220411  -827.6 -81.3 -190.3
20211109220412  -827.6 -81.3 -190.4
20211109220413  -827.4 -81.6 -190.0
20211109220414  -827.5 -81.7 -189.8
20211109220415  -827.6 -82.0 -189.5
20211109220416  -827.6 -82.3 -189.3
20211109220417  -827.6 -82.3 -188.9
20211109220418  -827.5 -82.6 -188.9
20211109220419  -827.4 -82.7 -188.5
20211109220420  -827.3 -82.8 -188.1
20211109220421  -827.1 -83.2 -187.5
20211109220422  -826.9 -83.3 -187.5
20211109220423  -826.4 -83.1 -187.3
20211109220424  -826.4 -83.8 -187.1
20211109220425  -825.8 -83.6 -186.8
20211109220426  -825.7 -83.7 -186.3
20211109220427  -825.3 -83.9 -186.3
20211109220428  -824.5 -84.1 -186.0
20211109220429  -824.6 -84.1 -186.0
20211109220430  -824.1 -84.5 -186.1
20211109220431  -823.9 -84.2 -186.0
20211109220432  -823.4 -84.3 -185.8
20211109220433  -823.7 -84.7 -185.8
20211109220434  -823.7 -84.9 -185.7
20211109220435  -823.4 -84.6 -185.5
20211109220436  -823.2 -84.8 -185.4
20211109220437  -823.0 -84.9 -185.3
20211109220438  -822.9 -84.8 -184.8
20211109220439  -822.9 -84.7 -184.4
20211109220440  -823.0 -84.7 -184.3
20211109220441  -822.9 -85.0 -184.2
20211109220442  -822.8 -85.1 -184.3
20211109220443  -822.7 -85.0 -184.1
20211109220444  -823.0 -84.9 -183.9
20211109220445  -822.8 -85.1 -183.4
20211109220446  -822.8 -85.1 -183.5
20211109220447  -822.7 -85.2 -182.9
20211109220448  -822.6 -85.3 -183.2
20211109220449  -822.6 -85.2 -182.9
20211109220450  -822.6 -85.2 -182.8
20211109220451  -822.6 -85.2 -182.7
20211109220452  -822.4 -85.1 -182.4
20211109220453  -822.6 -85.0 -182.0
20211109220454  -822.7 -85.6 -181.8
20211109220455  -822.7 -85.6 -181.8
20211109220456  -822.6 -85.1 -181.6
20211109220457  -822.6 -85.0 -181.3
20211109220458  -822.4 -84.9 -181.0
20211109220459  -822.3 -85.0 -180.8
20211109220500  -822.9 -84.9 -180.6
20211109220501  -822.8 -85.1 -180.6
20211109220502  -822.8 -84.8 -180.4
20211109220503  -822.7 -85.0 -180.0
20211109220504  -822.9 -84.8 -179.8
20211109220505  -823.0 -84.6 -179.6
20211109220506  -822.9 -84.7 -179.4
20211109220507  -823.2 -84.6 -179.4
20211109220508  -823.3 -84.2 -178.9
20211109220509  -823.4 -84.4 -179.0
20211109220510  -823.6 -84.0 -178.6
20211109220511  -823.2 -83.8 -178.1
20211109220512  -823.3 -83.7 -178.2
20211109220513  -823.1 -83.4 -177.8
20211109220514  -823.0 -83.7 -177.6
20211109220515  -823.1 -83.5 -177.4
20211109220516  -823.2 -83.6 -177.4
20211109220517  -823.0 -83.7 -177.2
20211109220518  -823.2 -83.5 -176.9
20211109220519  -823.4 -83.6 -176.8
20211109220520  -823.3 -83.6 -176.8
20211109220521  -823.2 -83.4 -176.6
20211109220522  -823.5 -83.6 -176.4
20211109220523  -823.7 -83.4 -176.3
20211109220524  -823.8 -83.5 -176.3
20211109220525  -824.0 -83.6 -176.3
20211109220526  -824.4 -83.3 -176.3
20211109220527  -824.3 -83.3 -175.9
20211109220528  -824.5 -83.5 -176.0
20211109220529  -823.4 -82.9 -175.0
20211109220530  -824.0 -82.8 -174.8
20211109220531  -824.7 -82.9 -175.2
20211109220532  -825.1 -82.9 -175.1
20211109220533  -824.9 -83.1 -175.1
20211109220534  -825.2 -83.2 -174.8
20211109220535  -825.0 -82.9 -174.7
20211109220536  -825.1 -82.8 -174.4
20211109220537  -824.9 -83.1 -174.2
20211109220538  -825.2 -83.0 -174.0
20211109220539  -825.3 -83.1 -173.9
20211109220540  -825.2 -83.4 -173.8
20211109220541  -825.6 -83.4 -173.6
20211109220542  -825.2 -83.1 -173.3
20211109220543  -825.3 -83.1 -173.0
20211109220544  -825.4 -83.0 -172.9
20211109220545  -825.4 -83.0 -172.6
20211109220546  -825.5 -83.0 -172.4
20211109220547  -825.2 -83.1 -172.2
20211109220548  -825.2 -83.3 -172.0
20211109220549  -825.1 -83.1 -171.6
20211109220550  -825.1 -83.1 -171.6
20211109220551  -824.8 -82.9 -171.4
20211109220552  -824.3 -83.2 -171.3
20211109220553  -824.5 -83.2 -171.3
20211109220554  -824.6 -82.9 -171.0
20211109220555  -824.3 -83.5 -170.9
20211109220556  -824.3 -83.1 -170.9
20211109220557  -824.3 -83.4 -170.7
20211109220558  -824.0 -83.7 -171.2
20211109220559  -822.9 -83.9 -170.4
20211109220600  -822.9 -83.8 -170.3
20211109220601  -823.6 -83.8 -171.0
20211109220602  -823.7 -84.0 -170.9
20211109220603  -823.8 -84.2 -170.9
20211109220604  -823.8 -84.3 -170.7
20211109220605  -823.8 -84.4 -170.7
20211109220606  -824.0 -84.4 -170.8
20211109220607  -824.0 -84.6 -170.7
20211109220608  -824.1 -84.7 -170.8
20211109220609  -823.7 -84.6 -170.8
20211109220610  -823.8 -84.7 -170.9
20211109220611  -823.8 -85.1 -171.0
20211109220612  -823.7 -84.8 -170.9
20211109220613  -823.6 -84.8 -170.8
20211109220614  -823.9 -84.8 -170.9
20211109220615  -823.9 -85.2 -170.9
20211109220616  -823.6 -85.0 -170.7
20211109220617  -823.3 -84.6 -171.0
20211109220618  -823.3 -84.8 -171.0
20211109220619  -823.0 -84.7 -171.1
20211109220620  -822.8 -84.8 -170.9
20211109220621  -822.4 -84.5 -171.0
20211109220622  -822.2 -84.6 -171.0
20211109220623  -821.8 -84.6 -171.1
20211109220624  -821.3 -84.5 -171.1
20211109220625  -821.1 -84.6 -171.2
20211109220626  -820.8 -84.4 -171.2
20211109220627  -820.6 -84.4 -171.4
20211109220628  -820.2 -84.3 -171.5
20211109220629  -819.3 -84.2 -170.9
20211109220630  -818.3 -84.0 -171.0
20211109220631  -818.1 -83.8 -170.9
20211109220632  -818.5 -84.0 -171.7
20211109220633  -818.2 -83.7 -171.9
20211109220634  -817.8 -83.5 -172.0
20211109220635  -817.6 -83.6 -172.6
20211109220636  -817.2 -83.5 -172.4
20211109220637  -817.3 -83.2 -172.7
20211109220638  -816.8 -83.1 -172.9
20211109220639  -816.3 -82.9 -173.0
20211109220640  -816.4 -82.8 -173.3
20211109220641  -816.1 -82.8 -173.3
20211109220642  -815.8 -82.8 -173.5
20211109220643  -815.8 -82.4 -173.6
20211109220644  -815.5 -82.0 -173.8
20211109220645  -815.5 -81.8 -173.9
20211109220646  -815.4 -81.7 -174.0
20211109220647  -815.1 -81.2 -173.9
20211109220648  -814.8 -81.1 -174.2
20211109220649  -814.2 -81.0 -174.2
20211109220650  -814.1 -80.9 -174.1
20211109220651  -813.7 -80.6 -174.3
20211109220652  -813.5 -80.4 -174.5
20211109220653  -812.9 -80.3 -174.8
20211109220654  -812.6 -80.1 -174.6
20211109220655  -812.2 -80.1 -175.0
20211109220656  -811.2 -79.8 -175.0
20211109220657  -811.1 -79.4 -175.1
20211109220658  -810.7 -79.2 -175.1
20211109220659  -810.0 -79.1 -174.8
20211109220700  -808.7 -78.6 -174.7
20211109220701  -807.9 -78.6 -174.6
20211109220702  -807.9 -78.1 -174.6
20211109220703  -807.4 -78.0 -175.2
20211109220704  -807.2 -77.5 -175.4
20211109220705  -806.5 -77.3 -175.9
20211109220706  -806.2 -77.4 -175.6
20211109220707  -805.6 -76.8 -175.7
20211109220708  -805.0 -76.5 -176.3
20211109220709  -804.2 -76.1 -176.4
20211109220710  -803.6 -76.5 -176.5
20211109220711  -803.4 -76.2 -176.7
20211109220712  -802.9 -76.0 -176.8
20211109220713  -802.4 -75.7 -177.3
20211109220714  -801.8 -75.7 -177.4
20211109220715  -801.3 -75.2 -177.2
20211109220716  -801.2 -75.1 -177.1
20211109220717  -800.8 -75.2 -177.7
20211109220718  -800.4 -74.7 -178.0
20211109220719  -800.1 -74.7 -178.2
20211109220720  -799.8 -74.7 -178.1
20211109220721  -799.5 -74.6 -178.4
20211109220722  -799.2 -74.7 -178.8
20211109220723  -799.2 -74.3 -178.6
20211109220724  -798.6 -74.5 -179.2
20211109220725  -798.3 -74.8 -179.4
20211109220726  -798.2 -74.6 -179.5
20211109220727  -798.3 -74.5 -180.0
20211109220728  -797.8 -74.5 -180.3
20211109220729  -797.9 -74.6 -180.1
20211109220730  -796.6 -74.6 -179.4
20211109220731  -796.5 -74.3 -179.3
20211109220732  -796.0 -74.1 -179.8
20211109220733  -796.5 -74.1 -180.4
20211109220734  -796.6 -74.3 -180.5
20211109220735  -796.3 -74.4 -180.8
20211109220736  -796.0 -74.5 -181.1
20211109220737  -795.8 -74.2 -181.1
20211109220738  -795.8 -74.6 -181.2
20211109220739  -795.5 -74.6 -181.1
20211109220740  -795.4 -74.4 -181.0
20211109220741  -795.3 -74.8 -181.2
20211109220742  -795.1 -74.7 -181.2
20211109220743  -794.8 -74.7 -181.5
20211109220744  -794.8 -74.7 -181.7
20211109220745  -794.2 -74.8 -181.4
20211109220746  -794.1 -75.1 -181.5
20211109220747  -793.9 -75.2 -181.8
20211109220748  -794.0 -75.4 -182.3
20211109220749  -793.9 -75.3 -182.2
20211109220750  -793.4 -75.0 -182.2
20211109220751  -793.2 -75.3 -182.3
20211109220752  -793.3 -75.3 -182.7
20211109220753  -793.0 -75.5 -183.1
20211109220754  -792.9 -75.7 -182.9
20211109220755  -792.6 -75.3 -182.9
20211109220756  -792.3 -75.3 -183.3
20211109220757  -792.2 -75.4 -183.6
20211109220758  -792.0 -75.1 -183.9
20211109220759  -792.1 -75.0 -184.1
20211109220800  -791.5 -74.9 -184.0
20211109220801  -790.9 -74.8 -183.5
20211109220802  -790.7 -74.5 -183.4
20211109220803  -791.1 -74.7 -184.0
20211109220804  -791.3 -74.2 -184.2
20211109220805  -791.1 -74.1 -184.1
20211109220806  -790.8 -74.2 -184.5
20211109220807  -790.7 -74.3 -184.8
20211109220808  -791.0 -74.0 -184.9
20211109220809  -791.0 -73.8 -185.1
20211109220810  -790.8 -73.7 -185.2
20211109220811  -790.8 -73.4 -185.5
20211109220812  -790.5 -73.5 -185.5
20211109220813  -790.6 -73.2 -185.6
20211109220814  -790.2 -73.3 -185.9
20211109220815  -789.9 -73.2 -185.4
