20211110181230  -660.4 -84.4 -190.3
20211110181231  -660.4 -84.6 -190.4
20211110181232  -660.1 -84.5 -190.2
20211110181233  -659.6 -84.1 -189.5
20211110181234  -660.6 -84.1 -190.0
20211110181235  -660.6 -84.0 -190.0
20211110181236  -660.9 -83.8 -190.1
20211110181237  -660.9 -84.1 -189.9
20211110181238  -661.2 -84.0 -190.1
20211110181239  -661.0 -84.0 -189.9
20211110181240  -661.1 -84.0 -189.9
20211110181241  -660.9 -84.2 -190.0
20211110181242  -660.8 -84.1 -189.6
20211110181243  -660.8 -84.1 -189.8
20211110181244  -660.8 -84.1 -190.0
20211110181245  -661.1 -83.9 -189.9
20211110181246  -661.2 -84.2 -189.8
20211110181247  -661.3 -84.0 -190.0
20211110181248  -661.2 -84.3 -189.7
20211110181249  -661.2 -84.4 -189.5
20211110181250  -661.4 -84.2 -189.6
20211110181251  -661.5 -84.2 -189.4
20211110181252  -661.6 -84.1 -189.4
20211110181253  -661.5 -84.1 -189.4
20211110181254  -661.6 -84.2 -189.3
20211110181255  -661.9 -84.5 -189.1
20211110181256  -662.0 -84.6 -189.2
20211110181257  -661.7 -84.6 -189.4
20211110181258  -661.7 -84.7 -189.5
20211110181259  -661.7 -84.4 -189.0
20211110181300  -661.6 -84.5 -189.0
20211110181301  -662.0 -84.2 -189.0
20211110181302  -661.6 -84.2 -188.6
20211110181303  -661.2 -84.0 -188.1
20211110181304  -661.7 -84.0 -188.4
20211110181305  -661.8 -84.2 -188.5
20211110181306  -662.0 -84.3 -188.4
20211110181307  -661.8 -84.1 -188.6
20211110181308  -661.9 -84.4 -188.6
20211110181309  -662.1 -84.6 -188.6
20211110181310  -662.3 -84.7 -188.4
20211110181311  -662.2 -84.7 -188.4
20211110181312  -662.3 -84.3 -188.4
20211110181313  -662.4 -84.5 -188.6
20211110181314  -662.5 -84.6 -188.2
20211110181315  -662.4 -84.7 -188.1
20211110181316  -662.8 -84.9 -188.3
20211110181317  -663.0 -84.8 -188.3
20211110181318  -663.3 -84.8 -188.4
20211110181319  -663.1 -84.7 -188.2
20211110181320  -663.2 -84.8 -188.0
20211110181321  -663.1 -84.9 -188.3
20211110181322  -663.3 -85.3 -188.4
20211110181323  -663.4 -85.5 -188.4
20211110181324  -663.8 -85.8 -188.6
20211110181325  -663.6 -85.5 -188.4
20211110181326  -663.7 -85.6 -188.3
20211110181327  -663.5 -85.5 -188.5
20211110181328  -663.5 -85.4 -188.5
20211110181329  -663.5 -85.5 -188.3
20211110181330  -663.4 -85.3 -188.2
20211110181331  -663.5 -85.3 -188.0
20211110181332  -663.3 -85.3 -188.0
20211110181333  -662.8 -85.4 -187.7
20211110181334  -663.5 -85.2 -188.2
20211110181335  -664.1 -85.4 -188.4
20211110181336  -664.1 -85.5 -188.1
20211110181337  -664.2 -85.4 -188.1
20211110181338  -664.3 -85.4 -187.9
20211110181339  -664.5 -85.5 -188.0
20211110181340  -664.2 -85.7 -187.5
20211110181341  -664.5 -85.6 -187.6
20211110181342  -664.8 -85.6 -187.5
20211110181343  -664.7 -85.4 -187.7
20211110181344  -664.9 -85.3 -187.6
20211110181345  -664.8 -85.4 -187.5
20211110181346  -664.9 -85.4 -187.9
20211110181347  -664.7 -85.6 -187.8
20211110181348  -665.1 -85.6 -188.0
20211110181349  -665.2 -85.5 -187.8
20211110181350  -665.3 -85.8 -187.6
20211110181351  -665.1 -85.6 -187.6
20211110181352  -665.4 -85.9 -187.8
20211110181353  -665.5 -86.0 -188.0
20211110181354  -665.4 -86.0 -187.6
20211110181355  -665.4 -85.9 -187.6
20211110181356  -665.6 -85.9 -187.7
20211110181357  -665.9 -86.0 -187.7
20211110181358  -665.9 -85.9 -187.4
20211110181359  -666.0 -86.0 -187.5
20211110181400  -666.0 -85.8 -187.5
20211110181401  -666.2 -86.1 -187.3
20211110181402  -666.3 -86.4 -187.5
20211110181403  -665.7 -86.3 -187.2
20211110181404  -666.5 -86.3 -187.5
20211110181405  -666.7 -86.3 -187.6
20211110181406  -666.8 -86.5 -187.8
20211110181407  -667.0 -86.5 -188.0
20211110181408  -667.2 -86.6 -187.7
20211110181409  -667.0 -86.6 -187.8
20211110181410  -667.3 -86.4 -187.7
20211110181411  -667.3 -86.6 -187.6
20211110181412  -667.2 -86.8 -187.7
20211110181413  -667.5 -86.8 -187.5
20211110181414  -667.2 -86.6 -187.5
20211110181415  -667.5 -86.6 -187.6
20211110181416  -667.6 -86.4 -187.7
20211110181417  -667.6 -86.4 -187.6
20211110181418  -667.9 -86.6 -187.5
20211110181419  -668.1 -86.5 -187.3
20211110181420  -668.0 -86.7 -187.3
20211110181421  -668.1 -86.8 -187.5
20211110181422  -667.9 -87.0 -187.4
20211110181423  -667.8 -87.0 -187.4
20211110181424  -668.3 -86.9 -187.7
20211110181425  -668.3 -86.7 -187.7
20211110181426  -668.4 -87.0 -187.6
20211110181427  -668.3 -87.2 -187.3
20211110181428  -668.6 -86.9 -187.1
20211110181429  -668.5 -86.8 -187.0
20211110181430  -668.6 -86.8 -187.3
20211110181431  -668.6 -86.8 -187.2
20211110181432  -668.5 -86.8 -187.4
20211110181433  -667.7 -86.4 -186.6
20211110181434  -668.0 -86.6 -186.8
20211110181435  -669.0 -86.9 -187.1
20211110181436  -668.8 -87.0 -187.2
20211110181437  -668.6 -86.9 -187.1
20211110181438  -668.8 -87.0 -187.0
20211110181439  -669.0 -87.4 -187.5
20211110181440  -669.0 -87.2 -187.6
20211110181441  -669.2 -87.1 -187.2
20211110181442  -669.3 -87.3 -187.4
20211110181443  -669.3 -87.1 -187.5
20211110181444  -669.3 -87.1 -187.3
20211110181445  -669.3 -87.4 -187.1
20211110181446  -669.2 -87.2 -187.3
20211110181447  -669.2 -87.2 -187.0
20211110181448  -669.2 -87.2 -187.1
20211110181449  -669.3 -87.4 -187.0
20211110181450  -669.2 -87.4 -187.1
20211110181451  -669.4 -87.2 -186.7
20211110181452  -669.4 -87.3 -186.7
20211110181453  -669.6 -87.4 -187.0
20211110181454  -669.5 -87.6 -187.4
20211110181455  -669.6 -87.4 -187.2
20211110181456  -669.8 -87.7 -187.4
20211110181457  -669.6 -88.0 -187.3
20211110181458  -669.6 -88.0 -187.2
20211110181459  -669.8 -87.9 -187.0
20211110181500  -669.7 -87.7 -187.2
20211110181501  -669.5 -87.8 -187.2
20211110181502  -669.4 -88.0 -187.1
20211110181503  -668.6 -87.7 -186.6
20211110181504  -668.8 -87.8 -186.4
20211110181505  -669.5 -87.8 -187.0
20211110181506  -669.2 -87.7 -187.3
20211110181507  -669.0 -87.6 -187.1
20211110181508  -669.1 -87.6 -187.2
20211110181509  -669.3 -87.5 -187.4
20211110181510  -669.3 -87.6 -187.4
20211110181511  -669.3 -87.9 -187.5
20211110181512  -669.2 -87.6 -187.4
20211110181513  -669.2 -87.8 -187.5
20211110181514  -669.3 -87.7 -187.6
20211110181515  -669.3 -87.9 -187.4
20211110181516  -669.3 -87.9 -187.5
20211110181517  -669.4 -88.1 -187.4
20211110181518  -669.2 -88.1 -187.6
20211110181519  -669.5 -87.8 -187.6
20211110181520  -669.5 -87.7 -187.7
20211110181521  -669.6 -87.9 -187.6
20211110181522  -669.6 -87.8 -187.9
20211110181523  -669.4 -87.7 -187.9
20211110181524  -669.3 -87.6 -187.9
20211110181525  -669.3 -87.6 -187.7
20211110181526  -669.2 -87.8 -187.6
20211110181527  -669.3 -87.6 -187.8
20211110181528  -669.1 -87.7 -187.6
20211110181529  -669.2 -87.7 -187.8
20211110181530  -668.9 -87.8 -188.1
20211110181531  -669.1 -87.9 -187.9
20211110181532  -668.8 -87.7 -187.9
20211110181533  -668.1 -87.4 -187.5
20211110181534  -668.0 -87.7 -187.5
20211110181535  -668.3 -87.7 -187.2
20211110181536  -668.7 -87.7 -187.9
20211110181537  -668.5 -87.6 -188.3
20211110181538  -668.2 -87.7 -188.7
20211110181539  -668.2 -87.9 -188.6
20211110181540  -668.2 -87.9 -188.7
20211110181541  -668.5 -87.7 -188.4
20211110181542  -668.2 -87.4 -188.5
20211110181543  -668.0 -87.4 -188.4
20211110181544  -668.0 -87.6 -188.2
20211110181545  -668.1 -87.6 -188.2
20211110181546  -667.9 -87.9 -187.9
20211110181547  -668.0 -87.7 -188.3
20211110181548  -667.8 -87.4 -188.6
20211110181549  -667.6 -87.6 -188.5
20211110181550  -667.5 -87.6 -188.6
20211110181551  -667.4 -87.5 -188.6
20211110181552  -667.3 -87.7 -188.7
20211110181553  -667.2 -87.7 -188.7
20211110181554  -667.2 -87.7 -188.7
20211110181555  -667.1 -87.6 -188.9
20211110181556  -666.6 -87.4 -189.0
20211110181557  -666.6 -87.7 -188.9
20211110181558  -666.3 -87.7 -188.9
20211110181559  -666.3 -87.9 -188.7
20211110181600  -666.5 -87.6 -189.2
20211110181601  -666.3 -87.6 -189.1
20211110181602  -665.9 -87.7 -189.1
20211110181603  -665.3 -87.7 -188.3
20211110181604  -665.1 -87.3 -188.7
20211110181605  -665.1 -87.1 -189.0
20211110181606  -665.6 -87.3 -189.2
20211110181607  -665.8 -87.1 -189.0
20211110181608  -665.6 -87.0 -189.1
20211110181609  -665.4 -87.0 -189.3
20211110181610  -665.6 -87.3 -189.4
20211110181611  -665.5 -87.3 -189.7
20211110181612  -665.5 -87.3 -189.7
20211110181613  -665.3 -87.0 -189.5
20211110181614  -665.2 -87.0 -189.3
20211110181615  -665.1 -87.0 -189.4
20211110181616  -664.3 -87.1 -189.5
20211110181617  -664.5 -87.2 -189.9
20211110181618  -664.7 -87.4 -189.7
20211110181619  -664.5 -87.3 -189.8
20211110181620  -664.6 -87.3 -189.8
20211110181621  -664.7 -87.1 -189.8
20211110181622  -664.8 -87.6 -189.8
20211110181623  -664.6 -87.3 -189.9
20211110181624  -664.2 -87.4 -189.9
20211110181625  -664.5 -87.2 -190.0
20211110181626  -664.5 -87.1 -190.2
20211110181627  -664.2 -87.0 -190.2
20211110181628  -664.5 -86.8 -190.2
20211110181629  -664.2 -86.9 -189.9
20211110181630  -663.8 -87.0 -189.8
20211110181631  -663.9 -87.3 -190.3
20211110181632  -663.7 -87.1 -190.2
20211110181633  -662.9 -86.7 -189.6
20211110181634  -662.6 -87.0 -189.4
20211110181635  -662.5 -86.9 -189.4
20211110181636  -663.2 -86.9 -190.1
20211110181637  -663.2 -86.8 -190.1
20211110181638  -663.1 -86.9 -189.9
20211110181639  -663.1 -87.1 -190.0
20211110181640  -663.1 -87.0 -190.0
20211110181641  -663.1 -87.1 -190.2
20211110181642  -662.9 -86.9 -190.5
20211110181643  -663.0 -86.9 -190.4
20211110181644  -662.6 -86.9 -190.3
20211110181645  -662.6 -86.7 -190.3
20211110181646  -662.7 -86.4 -190.6
20211110181647  -662.5 -86.2 -190.6
20211110181648  -662.2 -86.2 -190.5
20211110181649  -662.3 -86.5 -190.6
20211110181650  -662.6 -86.6 -190.6
20211110181651  -662.3 -86.4 -190.5
20211110181652  -662.5 -86.4 -190.4
20211110181653  -662.0 -86.1 -190.3
20211110181654  -661.8 -86.2 -190.4
20211110181655  -661.9 -86.5 -190.5
20211110181656  -661.9 -86.3 -190.6
20211110181657  -661.8 -86.2 -190.8
20211110181658  -661.6 -86.3 -190.7
20211110181659  -662.0 -86.2 -190.7
20211110181700  -661.9 -86.3 -190.6
20211110181701  -662.0 -86.8 -190.8
20211110181702  -661.8 -86.3 -190.6
20211110181703  -661.1 -86.2 -190.1
20211110181704  -660.8 -86.0 -190.0
20211110181705  -661.0 -86.0 -190.4
20211110181706  -661.4 -86.2 -190.8
20211110181707  -661.6 -86.1 -190.8
20211110181708  -661.5 -86.0 -190.5
20211110181709  -661.7 -85.7 -190.8
20211110181710  -661.6 -86.0 -190.6
20211110181711  -661.5 -86.3 -190.4
20211110181712  -661.5 -86.1 -190.5
20211110181713  -661.4 -85.7 -190.4
20211110181714  -661.5 -85.9 -190.3
20211110181715  -661.4 -85.7 -190.3
20211110181716  -661.2 -85.9 -190.4
20211110181717  -661.3 -85.9 -190.3
20211110181718  -661.2 -85.7 -190.3
20211110181719  -661.3 -86.0 -190.4
20211110181720  -661.5 -86.0 -190.6
20211110181721  -661.5 -85.7 -190.2
20211110181722  -661.5 -86.0 -190.1
20211110181723  -661.0 -86.0 -190.2
20211110181724  -661.0 -86.1 -190.3
20211110181725  -661.4 -86.0 -190.2
20211110181726  -661.6 -86.2 -190.5
20211110181727  -661.3 -86.0 -190.2
20211110181728  -661.7 -86.0 -190.0
20211110181729  -661.7 -86.1 -190.2
20211110181730  -661.5 -85.8 -190.2
20211110181731  -661.5 -86.1 -190.3
20211110181732  -661.4 -86.1 -190.5
20211110181733  -661.0 -86.1 -190.1
20211110181734  -660.4 -86.2 -189.8
20211110181735  -660.9 -86.2 -189.9
20211110181736  -661.0 -85.9 -190.3
20211110181737  -661.3 -86.5 -190.7
20211110181738  -661.3 -86.2 -190.9
20211110181739  -661.2 -86.2 -190.4
20211110181740  -661.3 -86.1 -190.6
20211110181741  -661.5 -86.2 -190.6
20211110181742  -661.8 -86.1 -190.6
20211110181743  -661.4 -86.0 -190.4
20211110181744  -661.6 -86.2 -190.4
20211110181745  -661.6 -86.0 -190.4
20211110181746  -661.6 -86.0 -190.1
20211110181747  -661.5 -86.2 -190.2
20211110181748  -661.6 -86.3 -189.9
20211110181749  -661.6 -86.3 -190.0
20211110181750  -661.4 -86.4 -190.1
20211110181751  -661.5 -86.3 -190.0
20211110181752  -661.3 -86.3 -190.2
20211110181753  -661.7 -86.6 -190.1
20211110181754  -661.6 -86.5 -190.3
20211110181755  -661.9 -86.4 -190.1
20211110181756  -662.0 -86.4 -189.9
20211110181757  -661.9 -86.2 -190.1
20211110181758  -661.9 -86.2 -189.9
20211110181759  -661.9 -86.2 -190.0
20211110181800  -661.8 -86.3 -190.1
20211110181801  -662.0 -86.6 -190.1
20211110181802  -662.1 -86.3 -190.1
20211110181803  -661.5 -86.5 -189.5
20211110181804  -661.4 -86.2 -189.2
20211110181805  -661.9 -86.3 -189.0
20211110181806  -661.9 -86.3 -189.4
20211110181807  -662.0 -86.5 -189.7
20211110181808  -662.3 -86.6 -189.6
20211110181809  -662.2 -86.5 -189.4
20211110181810  -662.2 -86.3 -189.6
20211110181811  -662.5 -86.3 -189.3
20211110181812  -662.4 -86.3 -189.3
20211110181813  -662.2 -86.5 -189.4
20211110181814  -662.2 -86.5 -189.5
20211110181815  -662.4 -86.5 -189.2
20211110181816  -662.4 -86.4 -189.3
20211110181817  -662.5 -86.8 -189.1
