20211026200111  -656.6 -87.9 -193.6
20211026200112  -656.6 -87.9 -193.8
20211026200113  -656.6 -88.0 -194.0
20211026200114  -656.7 -87.9 -193.6
20211026200115  -656.7 -87.8 -193.8
20211026200116  -656.8 -88.2 -193.7
20211026200117  -656.9 -87.8 -193.8
20211026200118  -656.6 -88.1 -193.8
20211026200119  -656.8 -88.1 -194.1
20211026200120  -656.8 -88.0 -194.0
20211026200121  -656.9 -87.8 -194.1
20211026200122  -656.8 -87.8 -193.8
20211026200123  -656.9 -87.8 -193.7
20211026200124  -656.5 -88.2 -193.7
20211026200125  -656.0 -88.0 -193.2
20211026200126  -655.8 -87.6 -193.2
20211026200127  -656.2 -87.9 -193.1
20211026200128  -656.6 -88.0 -193.4
20211026200129  -656.6 -87.8 -193.6
20211026200130  -656.5 -88.1 -193.5
20211026200131  -656.7 -88.1 -193.6
20211026200132  -656.9 -88.1 -193.6
20211026200133  -656.6 -88.1 -193.6
20211026200134  -656.5 -88.2 -193.6
20211026200135  -656.6 -88.4 -193.4
20211026200136  -656.7 -88.4 -193.5
20211026200137  -656.9 -88.2 -193.7
20211026200138  -657.0 -87.9 -193.7
20211026200139  -656.7 -88.0 -193.6
20211026200140  -656.7 -88.1 -193.7
20211026200141  -656.7 -88.0 -193.5
20211026200142  -656.7 -88.2 -193.6
20211026200143  -656.7 -88.1 -193.6
20211026200144  -656.8 -88.3 -193.4
20211026200145  -656.7 -87.9 -193.2
20211026200146  -656.8 -88.1 -193.4
20211026200147  -656.9 -88.2 -193.2
20211026200148  -656.7 -88.3 -193.4
20211026200149  -656.7 -88.4 -193.4
20211026200150  -656.9 -88.4 -193.4
20211026200151  -656.8 -88.1 -193.7
20211026200152  -656.9 -88.1 -193.7
20211026200153  -656.9 -87.9 -193.6
20211026200154  -656.8 -88.2 -193.4
20211026200155  -655.9 -88.0 -192.9
20211026200156  -655.6 -88.0 -192.7
20211026200157  -656.1 -87.9 -192.9
20211026200158  -656.3 -87.9 -193.4
20211026200159  -656.3 -88.0 -193.5
20211026200200  -656.5 -88.1 -193.5
20211026200201  -656.5 -87.9 -193.2
20211026200202  -656.3 -87.9 -193.2
20211026200203  -656.7 -87.8 -193.2
20211026200204  -656.4 -87.9 -193.6
20211026200205  -656.4 -88.1 -193.7
20211026200206  -656.6 -88.2 -193.7
20211026200207  -656.7 -88.0 -193.6
20211026200208  -656.6 -87.6 -193.6
20211026200209  -656.7 -88.1 -193.7
20211026200210  -657.0 -88.0 -193.6
20211026200211  -656.9 -87.7 -193.5
20211026200212  -656.8 -88.1 -193.6
20211026200213  -656.8 -88.0 -193.7
20211026200214  -657.0 -87.9 -193.7
20211026200215  -656.8 -88.1 -193.7
20211026200216  -656.7 -88.2 -193.8
20211026200217  -656.6 -87.8 -193.7
20211026200218  -656.6 -88.1 -193.9
20211026200219  -656.8 -88.3 -194.0
20211026200220  -656.6 -88.3 -193.9
20211026200221  -656.8 -88.4 -194.0
20211026200222  -656.6 -88.4 -193.9
20211026200223  -656.6 -88.4 -193.8
20211026200224  -656.4 -88.3 -193.8
20211026200225  -656.0 -88.2 -193.1
20211026200226  -655.8 -88.2 -193.0
20211026200227  -656.3 -88.3 -193.1
20211026200228  -656.6 -88.1 -193.3
20211026200229  -656.6 -88.1 -193.4
20211026200230  -656.5 -88.2 -193.4
20211026200231  -656.4 -88.3 -193.2
20211026200232  -656.5 -88.5 -193.4
20211026200233  -656.6 -88.1 -193.6
20211026200234  -656.4 -88.1 -193.7
20211026200235  -656.4 -88.4 -193.7
20211026200236  -656.6 -88.2 -193.7
20211026200237  -656.7 -87.9 -193.5
20211026200238  -656.4 -88.2 -193.9
20211026200239  -656.7 -88.3 -193.2
20211026200240  -656.6 -88.3 -193.5
20211026200241  -656.6 -88.2 -193.2
20211026200242  -656.7 -88.2 -193.3
20211026200243  -656.9 -88.1 -193.5
20211026200244  -656.9 -88.1 -193.3
20211026200245  -657.1 -87.7 -193.1
20211026200246  -656.9 -87.8 -193.5
20211026200247  -656.9 -87.9 -193.7
20211026200248  -657.0 -88.0 -193.5
20211026200249  -656.9 -88.2 -193.5
20211026200250  -656.9 -88.2 -193.7
20211026200251  -657.1 -88.0 -193.9
20211026200252  -656.8 -87.9 -193.7
20211026200253  -656.9 -88.1 -193.6
20211026200254  -657.1 -88.2 -193.6
20211026200255  -656.4 -88.4 -193.5
20211026200256  -656.2 -88.2 -193.1
20211026200257  -656.9 -88.2 -193.6
20211026200258  -657.0 -88.3 -194.2
20211026200259  -657.0 -88.1 -194.4
20211026200300  -657.1 -88.1 -194.0
20211026200301  -656.9 -88.0 -193.7
20211026200302  -657.3 -88.2 -193.8
20211026200303  -657.1 -88.2 -193.7
20211026200304  -657.2 -88.2 -193.7
20211026200305  -657.1 -88.2 -193.8
20211026200306  -657.2 -88.4 -194.0
20211026200307  -657.2 -88.6 -193.9
20211026200308  -657.2 -88.3 -193.7
20211026200309  -657.2 -88.2 -194.2
20211026200310  -657.5 -88.3 -194.1
20211026200311  -657.8 -88.4 -194.0
20211026200312  -657.4 -88.2 -193.7
20211026200313  -657.3 -88.1 -193.9
20211026200314  -657.4 -88.2 -193.9
20211026200315  -657.5 -88.1 -193.7
20211026200316  -657.3 -88.2 -193.7
20211026200317  -657.3 -88.1 -193.7
20211026200318  -657.5 -88.3 -193.7
20211026200319  -657.3 -87.8 -193.9
20211026200320  -657.4 -88.0 -193.8
20211026200321  -657.2 -88.0 -193.8
20211026200322  -657.3 -87.9 -193.8
20211026200323  -657.3 -88.3 -193.8
20211026200324  -657.3 -88.1 -193.6
20211026200325  -657.1 -88.3 -193.7
20211026200326  -656.7 -88.5 -193.3
20211026200327  -657.3 -88.2 -193.3
20211026200328  -657.3 -88.8 -193.6
20211026200329  -657.7 -88.5 -193.8
20211026200330  -657.5 -88.5 -193.9
20211026200331  -657.5 -88.6 -193.8
20211026200332  -657.6 -88.4 -193.7
20211026200333  -657.6 -88.4 -193.8
20211026200334  -657.7 -88.5 -193.8
20211026200335  -657.5 -88.4 -193.9
20211026200336  -657.6 -88.6 -194.0
20211026200337  -657.6 -88.5 -193.7
20211026200338  -657.6 -88.6 -193.6
20211026200339  -657.7 -88.7 -193.6
20211026200340  -657.8 -88.6 -193.8
20211026200341  -657.8 -88.5 -193.5
20211026200342  -657.6 -88.3 -193.4
20211026200343  -657.7 -88.6 -193.6
20211026200344  -657.7 -88.6 -194.0
20211026200345  -657.7 -88.5 -193.8
20211026200346  -657.7 -88.5 -193.9
20211026200347  -657.6 -88.6 -193.9
20211026200348  -657.7 -88.3 -194.0
20211026200349  -657.4 -88.3 -193.7
20211026200350  -657.5 -88.4 -194.0
20211026200351  -657.5 -88.5 -194.0
20211026200352  -657.7 -88.3 -193.8
20211026200353  -657.6 -88.5 -194.0
20211026200354  -658.0 -88.4 -194.0
20211026200355  -657.3 -88.4 -193.9
20211026200356  -656.8 -88.2 -193.4
20211026200357  -656.9 -88.1 -193.1
20211026200358  -657.6 -88.5 -193.8
20211026200359  -657.4 -88.4 -193.8
20211026200400  -657.8 -88.4 -194.0
20211026200401  -657.6 -88.6 -193.7
20211026200402  -657.8 -88.5 -193.3
20211026200403  -657.9 -88.4 -193.5
20211026200404  -657.9 -88.4 -193.7
20211026200405  -658.1 -88.3 -193.6
20211026200406  -657.7 -88.2 -193.7
20211026200407  -657.8 -88.2 -193.7
20211026200408  -657.7 -88.4 -193.7
20211026200409  -657.7 -88.5 -193.9
20211026200410  -658.0 -88.2 -194.1
20211026200411  -657.7 -88.3 -193.9
20211026200412  -657.8 -88.3 -193.8
20211026200413  -657.7 -88.2 -193.8
20211026200414  -657.6 -88.4 -194.0
20211026200415  -658.1 -88.2 -194.1
20211026200416  -657.9 -88.3 -194.1
20211026200417  -658.1 -88.4 -194.1
20211026200418  -657.8 -88.5 -194.0
20211026200419  -657.5 -88.4 -193.7
20211026200420  -657.5 -88.3 -193.8
20211026200421  -657.8 -88.2 -193.6
20211026200422  -657.8 -88.1 -193.7
20211026200423  -657.8 -88.2 -193.8
20211026200424  -657.6 -88.5 -193.9
20211026200425  -657.4 -88.1 -193.8
20211026200426  -657.0 -88.0 -193.2
20211026200427  -656.9 -88.1 -193.0
20211026200428  -657.4 -88.2 -193.2
20211026200429  -657.7 -88.3 -193.7
20211026200430  -657.6 -88.4 -193.8
20211026200431  -657.6 -88.4 -193.9
20211026200432  -657.5 -88.1 -193.8
20211026200433  -657.7 -88.1 -193.8
20211026200434  -658.1 -88.3 -193.8
20211026200435  -658.1 -88.4 -194.1
20211026200436  -658.0 -88.5 -194.0
20211026200437  -657.6 -88.5 -193.8
20211026200438  -657.8 -88.5 -193.7
20211026200439  -657.9 -88.8 -193.7
20211026200440  -657.8 -88.6 -193.9
20211026200441  -657.6 -88.6 -193.8
20211026200442  -657.9 -88.7 -193.9
20211026200443  -657.6 -88.5 -193.9
20211026200444  -658.1 -88.2 -193.9
20211026200445  -658.0 -88.6 -194.0
20211026200446  -658.0 -88.7 -194.0
20211026200447  -658.0 -88.5 -194.0
20211026200448  -657.9 -88.5 -194.1
20211026200449  -657.9 -88.8 -193.8
20211026200450  -658.0 -88.5 -193.6
20211026200451  -657.9 -88.5 -193.8
20211026200452  -657.9 -88.5 -194.0
20211026200453  -658.0 -88.4 -193.9
20211026200454  -658.0 -88.4 -194.0
20211026200455  -658.0 -88.4 -193.9
20211026200456  -657.1 -88.3 -193.5
20211026200457  -657.0 -88.3 -193.4
20211026200458  -656.9 -88.4 -193.0
20211026200459  -658.1 -88.2 -193.6
20211026200500  -657.9 -88.4 -193.7
20211026200501  -657.9 -88.4 -193.5
20211026200502  -658.0 -88.1 -193.6
20211026200503  -657.9 -88.0 -193.5
20211026200504  -658.0 -87.8 -193.8
20211026200505  -658.1 -88.1 -194.2
20211026200506  -658.2 -88.0 -194.0
20211026200507  -658.3 -88.2 -194.0
20211026200508  -657.9 -88.4 -193.7
20211026200509  -657.8 -88.3 -193.6
20211026200510  -658.0 -88.4 -193.6
20211026200511  -658.0 -88.3 -193.8
20211026200512  -658.0 -88.1 -193.7
20211026200513  -657.9 -88.4 -193.6
20211026200514  -657.8 -88.6 -193.8
20211026200515  -658.0 -88.6 -194.0
20211026200516  -658.0 -88.7 -194.0
20211026200517  -658.3 -88.5 -193.9
20211026200518  -658.0 -88.4 -194.0
20211026200519  -658.2 -88.5 -193.8
20211026200520  -658.5 -88.6 -193.8
20211026200521  -658.1 -88.2 -194.0
20211026200522  -657.8 -88.7 -194.2
20211026200523  -658.0 -88.7 -194.3
20211026200524  -657.9 -88.6 -194.1
20211026200525  -657.8 -88.3 -193.7
20211026200526  -657.1 -88.3 -193.2
20211026200527  -656.5 -88.0 -193.3
20211026200528  -656.5 -88.0 -192.8
20211026200529  -656.9 -87.7 -193.2
20211026200530  -657.3 -87.9 -193.3
20211026200531  -657.4 -88.2 -193.5
20211026200532  -657.5 -88.1 -193.5
20211026200533  -657.5 -88.2 -193.5
20211026200534  -657.5 -88.0 -193.3
20211026200535  -657.6 -88.1 -193.5
20211026200536  -657.7 -88.3 -193.8
20211026200537  -657.7 -88.3 -193.9
20211026200538  -657.5 -88.1 -193.8
20211026200539  -657.2 -87.9 -193.5
20211026200540  -657.2 -88.0 -193.6
20211026200541  -657.2 -87.8 -193.5
20211026200542  -657.3 -88.1 -193.8
20211026200543  -657.4 -88.0 -193.7
20211026200544  -657.3 -88.1 -193.7
20211026200545  -657.4 -88.2 -193.9
20211026200546  -657.4 -88.2 -194.0
20211026200547  -657.5 -88.2 -193.6
20211026200548  -657.2 -88.2 -193.8
20211026200549  -657.1 -88.2 -193.6
20211026200550  -657.1 -88.1 -193.8
20211026200551  -657.1 -88.1 -193.7
20211026200552  -657.6 -88.2 -193.5
20211026200553  -657.2 -88.2 -193.7
20211026200554  -657.2 -88.4 -193.8
20211026200555  -657.0 -88.1 -193.6
20211026200556  -656.4 -88.3 -192.7
20211026200557  -656.1 -87.9 -192.6
20211026200558  -656.0 -88.0 -192.5
20211026200559  -656.2 -87.9 -192.6
20211026200600  -656.8 -88.2 -193.3
20211026200601  -656.4 -88.0 -193.6
20211026200602  -656.5 -87.8 -193.3
20211026200603  -656.5 -87.6 -193.2
20211026200604  -656.9 -87.5 -193.0
20211026200605  -656.7 -88.1 -193.2
20211026200606  -656.8 -88.1 -193.0
20211026200607  -656.8 -88.4 -193.5
20211026200608  -656.9 -88.4 -193.4
20211026200609  -656.9 -88.2 -193.5
20211026200610  -656.8 -87.9 -193.7
20211026200611  -656.7 -87.8 -193.5
20211026200612  -656.8 -87.7 -193.5
20211026200613  -656.8 -87.9 -193.2
20211026200614  -656.9 -88.0 -193.0
20211026200615  -656.6 -88.0 -193.1
20211026200616  -656.8 -87.9 -193.2
20211026200617  -656.8 -87.8 -193.2
20211026200618  -656.6 -87.6 -193.5
20211026200619  -656.5 -87.9 -193.5
20211026200620  -656.6 -87.8 -193.6
20211026200621  -656.7 -87.7 -193.6
20211026200622  -656.3 -88.1 -193.4
20211026200623  -656.8 -88.1 -193.5
20211026200624  -656.8 -87.9 -193.5
20211026200625  -656.7 -87.9 -193.3
20211026200626  -656.2 -88.3 -193.2
20211026200627  -655.7 -87.9 -192.5
20211026200628  -655.5 -87.8 -192.5
20211026200629  -655.8 -87.5 -192.7
20211026200630  -656.3 -87.7 -193.2
20211026200631  -656.4 -87.7 -193.2
20211026200632  -656.5 -88.2 -193.3
20211026200633  -656.4 -88.0 -193.1
20211026200634  -656.3 -88.0 -193.2
20211026200635  -656.4 -87.7 -193.1
20211026200636  -656.1 -87.8 -193.2
20211026200637  -656.3 -87.8 -193.2
20211026200638  -656.2 -87.9 -193.3
20211026200639  -656.6 -87.8 -193.5
20211026200640  -656.3 -87.9 -193.3
20211026200641  -656.3 -87.8 -193.6
20211026200642  -656.3 -87.9 -193.6
20211026200643  -656.5 -87.8 -193.6
20211026200644  -656.4 -88.1 -193.4
20211026200645  -656.6 -87.9 -193.3
20211026200646  -656.6 -87.9 -193.5
20211026200647  -656.6 -88.1 -193.2
20211026200648  -656.4 -88.0 -193.5
20211026200649  -656.8 -88.1 -193.5
20211026200650  -656.5 -87.7 -193.6
20211026200651  -656.8 -87.7 -193.7
20211026200652  -656.6 -88.0 -193.8
20211026200653  -656.7 -87.8 -193.4
20211026200654  -656.6 -88.0 -193.8
20211026200655  -656.8 -88.0 -193.8
20211026200656  -656.3 -88.2 -193.3
20211026200657  -656.1 -88.0 -192.8
20211026200658  -656.0 -88.0 -192.8
20211026200659  -656.6 -87.8 -192.9
20211026200700  -656.8 -87.9 -193.5
20211026200701  -657.0 -87.9 -193.5
20211026200702  -657.1 -87.6 -193.4
20211026200703  -656.9 -87.8 -193.4
20211026200704  -657.0 -88.0 -193.5
20211026200705  -656.9 -87.8 -193.6
20211026200706  -656.8 -87.7 -193.7
20211026200707  -656.8 -87.6 -193.6
20211026200708  -657.0 -87.5 -193.8
20211026200709  -656.7 -87.7 -193.6
20211026200710  -656.8 -87.7 -193.6
20211026200711  -656.8 -87.8 -193.4
20211026200712  -656.5 -88.2 -193.6
20211026200713  -656.3 -88.0 -193.5
20211026200714  -656.6 -88.4 -193.9
20211026200715  -656.5 -87.9 -193.9
20211026200716  -656.4 -87.9 -193.7
20211026200717  -656.3 -87.9 -193.8
20211026200718  -656.3 -88.2 -193.5
20211026200719  -656.5 -87.9 -193.5
20211026200720  -656.8 -87.8 -193.7
20211026200721  -656.7 -87.7 -193.8
20211026200722  -656.7 -87.6 -193.6
20211026200723  -656.6 -87.9 -193.7
20211026200724  -656.7 -87.8 -193.3
20211026200725  -656.6 -87.9 -193.6
20211026200726  -656.1 -87.9 -193.4
20211026200727  -655.5 -87.7 -192.9
20211026200728  -655.6 -87.8 -192.4
20211026200729  -656.1 -87.6 -193.0
20211026200730  -656.1 -87.8 -193.1
20211026200731  -656.2 -87.5 -193.4
20211026200732  -656.2 -87.9 -193.5
20211026200733  -656.5 -88.0 -193.5
20211026200734  -656.3 -87.9 -193.4
20211026200735  -656.3 -87.8 -193.7
20211026200736  -656.7 -87.9 -193.7
20211026200737  -656.6 -87.8 -193.9
20211026200738  -656.5 -88.2 -193.9
20211026200739  -656.6 -88.1 -193.7
20211026200740  -656.7 -88.0 -193.6
20211026200741  -656.5 -87.6 -193.8
20211026200742  -656.4 -87.9 -193.7
20211026200743  -656.4 -87.9 -193.8
20211026200744  -656.5 -87.9 -193.8
20211026200745  -656.8 -87.7 -193.8
20211026200746  -656.5 -87.8 -194.0
20211026200747  -656.7 -87.7 -193.9
20211026200748  -656.3 -87.6 -193.7
20211026200749  -656.5 -87.4 -193.7
20211026200750  -656.6 -87.6 -193.7
20211026200751  -656.6 -87.9 -193.8
20211026200752  -656.5 -87.7 -193.8
20211026200753  -656.6 -87.7 -193.8
20211026200754  -656.8 -87.8 -193.8
20211026200755  -656.8 -87.5 -193.7
20211026200756  -656.6 -87.8 -193.7
20211026200757  -655.9 -87.9 -193.3
20211026200758  -655.5 -87.3 -192.9
20211026200759  -656.2 -87.5 -193.2
20211026200800  -656.5 -87.3 -193.7
20211026200801  -656.7 -87.6 -193.9
20211026200802  -656.5 -87.6 -193.7
20211026200803  -656.3 -87.4 -193.4
20211026200804  -656.6 -87.5 -193.6
20211026200805  -656.6 -87.7 -193.8
20211026200806  -656.7 -87.3 -193.7
20211026200807  -657.0 -87.6 -193.7
20211026200808  -657.1 -87.4 -193.4
20211026200809  -657.0 -87.3 -193.8
20211026200810  -656.9 -87.4 -194.0
20211026200811  -656.9 -87.4 -194.1
20211026200812  -656.9 -87.7 -194.0
20211026200813  -656.7 -87.6 -193.8
20211026200814  -656.7 -87.6 -193.7
20211026200815  -656.8 -87.3 -193.9
20211026200816  -656.8 -87.7 -193.9
20211026200817  -656.3 -87.7 -193.9
20211026200818  -656.7 -87.5 -193.8
20211026200819  -656.7 -87.3 -193.3
20211026200820  -656.6 -87.6 -193.7
20211026200821  -656.9 -87.5 -193.7
20211026200822  -657.0 -87.6 -193.6
20211026200823  -656.9 -87.4 -193.9
20211026200824  -656.9 -87.7 -193.8
20211026200825  -656.9 -87.5 -193.9
20211026200826  -657.0 -87.5 -193.7
20211026200827  -656.8 -87.9 -193.7
20211026200828  -656.5 -87.4 -193.3
20211026200829  -657.2 -87.6 -193.7
20211026200830  -657.6 -87.7 -193.7
20211026200831  -657.2 -87.7 -194.0
20211026200832  -657.3 -87.5 -194.1
20211026200833  -657.1 -87.6 -193.9
20211026200834  -657.4 -87.7 -194.0
20211026200835  -657.3 -87.7 -193.9
20211026200836  -657.5 -87.5 -193.8
20211026200837  -657.4 -87.6 -193.8
20211026200838  -657.4 -87.6 -194.1
20211026200839  -657.3 -87.8 -194.1
20211026200840  -657.2 -87.7 -193.9
20211026200841  -657.3 -87.6 -194.0
20211026200842  -657.6 -87.9 -194.0
20211026200843  -657.6 -87.8 -194.1
20211026200844  -657.5 -87.7 -194.0
20211026200845  -657.4 -87.8 -194.2
20211026200846  -656.9 -88.1 -194.1
20211026200847  -657.2 -87.9 -194.2
20211026200848  -657.3 -88.0 -194.3
20211026200849  -657.0 -88.1 -194.4
20211026200850  -657.2 -88.0 -194.2
20211026200851  -657.3 -88.0 -194.1
20211026200852  -657.2 -87.8 -194.0
20211026200853  -657.3 -88.0 -194.2
20211026200854  -657.8 -87.9 -194.4
20211026200855  -657.7 -87.3 -194.3
20211026200856  -657.5 -87.4 -194.2
20211026200857  -657.1 -87.9 -193.9
20211026200858  -656.8 -87.5 -193.6
20211026200859  -657.0 -87.5 -193.8
20211026200900  -657.6 -87.7 -194.2
20211026200901  -657.2 -87.6 -194.2
20211026200902  -657.3 -87.5 -194.1
20211026200903  -657.4 -87.6 -194.1
20211026200904  -657.6 -87.7 -193.8
20211026200905  -657.4 -87.8 -193.9
20211026200906  -657.4 -87.7 -193.6
20211026200907  -657.3 -87.7 -193.7
20211026200908  -657.1 -87.8 -194.0
20211026200909  -657.3 -87.5 -194.0
20211026200910  -657.0 -87.5 -193.8
20211026200911  -657.1 -87.6 -193.7
20211026200912  -657.3 -87.8 -194.1
20211026200913  -657.2 -87.7 -194.0
20211026200914  -657.2 -87.5 -193.8
20211026200915  -657.1 -87.8 -193.8
20211026200916  -657.4 -88.0 -193.8
20211026200917  -657.6 -87.9 -193.6
20211026200918  -657.3 -88.0 -193.7
20211026200919  -657.4 -88.0 -193.8
20211026200920  -657.6 -87.9 -194.1
20211026200921  -657.4 -88.1 -194.0
20211026200922  -657.6 -88.1 -193.8
20211026200923  -657.8 -88.1 -194.0
20211026200924  -657.6 -88.1 -194.3
20211026200925  -657.5 -88.3 -194.2
20211026200926  -657.5 -88.2 -194.2
20211026200927  -656.8 -88.1 -194.0
20211026200928  -656.6 -87.8 -193.2
20211026200929  -656.7 -87.8 -193.3
20211026200930  -657.3 -88.0 -193.8
20211026200931  -657.6 -88.2 -193.9
20211026200932  -657.6 -88.1 -193.7
20211026200933  -657.4 -87.8 -193.7
20211026200934  -657.4 -88.0 -194.0
20211026200935  -657.4 -88.1 -193.6
20211026200936  -657.6 -87.9 -193.7
20211026200937  -657.5 -88.2 -194.1
20211026200938  -657.8 -88.2 -194.1
20211026200939  -657.7 -88.2 -194.0
20211026200940  -657.6 -88.4 -194.1
20211026200941  -657.7 -88.0 -194.0
20211026200942  -657.9 -88.0 -193.9
20211026200943  -657.6 -87.7 -194.2
20211026200944  -657.8 -87.8 -194.2
20211026200945  -657.4 -88.0 -193.9
20211026200946  -657.8 -87.9 -193.6
20211026200947  -657.6 -87.8 -193.7
20211026200948  -657.8 -87.9 -194.0
20211026200949  -657.8 -88.0 -193.9
20211026200950  -657.6 -88.0 -193.7
20211026200951  -657.8 -87.8 -194.1
20211026200952  -657.9 -87.8 -193.9
20211026200953  -657.6 -87.8 -193.8
20211026200954  -657.7 -87.8 -193.5
20211026200955  -657.7 -87.8 -193.7
20211026200956  -657.4 -87.6 -193.8
20211026200957  -657.1 -87.7 -193.6
20211026200958  -656.7 -87.7 -193.2
20211026200959  -656.7 -87.6 -193.4
20211026201000  -657.3 -87.8 -193.5
20211026201001  -657.4 -87.8 -193.4
20211026201002  -657.6 -87.7 -194.0
20211026201003  -657.8 -88.1 -193.9
20211026201004  -657.7 -88.0 -194.0
20211026201005  -657.6 -87.8 -193.8
20211026201006  -657.3 -88.0 -194.2
20211026201007  -657.4 -88.0 -193.7
20211026201008  -657.5 -87.8 -193.8
20211026201009  -657.2 -88.1 -193.9
20211026201010  -657.3 -88.1 -193.8
20211026201011  -657.4 -88.3 -194.0
20211026201012  -657.1 -88.0 -193.7
20211026201013  -657.3 -88.3 -193.8
20211026201014  -657.2 -88.3 -193.7
20211026201015  -657.3 -88.2 -193.8
20211026201016  -657.5 -88.2 -193.9
20211026201017  -657.5 -88.4 -194.1
20211026201018  -657.4 -88.2 -194.0
20211026201019  -657.4 -88.1 -193.9
20211026201020  -657.5 -87.9 -194.1
20211026201021  -657.5 -88.0 -194.0
20211026201022  -657.6 -87.9 -194.0
20211026201023  -657.6 -87.7 -193.7
20211026201024  -657.6 -88.2 -193.8
20211026201025  -657.5 -88.1 -193.8
20211026201026  -657.5 -88.1 -193.7
20211026201027  -657.0 -87.9 -193.7
20211026201028  -656.9 -88.2 -193.2
20211026201029  -656.7 -88.0 -193.2
20211026201030  -657.5 -88.0 -193.8
20211026201031  -657.7 -87.9 -193.8
20211026201032  -657.7 -88.0 -193.7
20211026201033  -657.8 -88.0 -193.8
20211026201034  -657.6 -88.3 -193.7
20211026201035  -657.4 -88.3 -193.4
20211026201036  -657.5 -88.0 -193.6
20211026201037  -657.2 -88.2 -193.6
20211026201038  -657.7 -87.9 -193.7
20211026201039  -657.6 -87.9 -194.0
20211026201040  -657.8 -88.3 -193.7
20211026201041  -657.8 -88.1 -193.7
20211026201042  -657.9 -88.2 -193.6
20211026201043  -657.7 -88.3 -193.9
20211026201044  -657.8 -88.2 -193.7
20211026201045  -657.8 -88.1 -193.7
20211026201046  -657.8 -87.9 -193.9
20211026201047  -657.5 -88.0 -193.9
20211026201048  -657.9 -88.4 -193.9
20211026201049  -657.7 -88.5 -194.0
20211026201050  -657.6 -88.3 -193.9
20211026201051  -657.9 -88.2 -194.2
20211026201052  -657.8 -87.9 -194.0
20211026201053  -657.6 -88.2 -193.9
20211026201054  -657.8 -88.1 -193.8
20211026201055  -657.9 -88.1 -193.8
20211026201056  -657.9 -88.1 -193.8
20211026201057  -657.5 -87.8 -193.5
20211026201058  -657.1 -87.9 -193.1
20211026201059  -656.8 -87.9 -193.1
20211026201100  -657.4 -87.9 -193.0
20211026201101  -657.7 -88.1 -193.5
20211026201102  -657.2 -88.2 -193.4
20211026201103  -657.4 -88.0 -193.4
20211026201104  -657.5 -88.1 -193.7
20211026201105  -657.2 -87.9 -193.6
20211026201106  -657.4 -88.2 -193.6
20211026201107  -657.0 -88.0 -193.6
20211026201108  -657.2 -88.1 -193.6
20211026201109  -657.2 -88.0 -193.4
20211026201110  -657.0 -88.2 -193.6
20211026201111  -657.1 -88.0 -193.4
20211026201112  -657.1 -87.9 -193.6
20211026201113  -657.1 -87.7 -193.8
20211026201114  -657.1 -87.7 -193.8
20211026201115  -657.3 -87.6 -194.0
20211026201116  -657.2 -88.1 -193.9
20211026201117  -657.2 -88.1 -193.9
20211026201118  -657.4 -88.0 -193.8
20211026201119  -657.3 -88.2 -193.7
20211026201120  -657.4 -88.4 -193.8
20211026201121  -657.4 -88.3 -193.6
20211026201122  -657.3 -88.6 -193.8
20211026201123  -657.6 -88.4 -193.8
20211026201124  -657.5 -88.3 -193.7
20211026201125  -657.5 -88.1 -194.0
20211026201126  -657.7 -88.2 -193.9
20211026201127  -657.2 -88.2 -193.9
20211026201128  -656.8 -88.1 -193.2
20211026201129  -656.2 -88.1 -192.9
20211026201130  -656.1 -88.0 -192.7
20211026201131  -656.6 -88.0 -193.2
20211026201132  -657.1 -88.1 -193.1
20211026201133  -656.8 -87.9 -193.6
20211026201134  -657.0 -87.8 -193.4
20211026201135  -656.8 -88.0 -193.3
20211026201136  -657.2 -87.7 -193.4
20211026201137  -657.2 -87.9 -193.5
20211026201138  -657.0 -88.1 -193.2
20211026201139  -656.9 -88.1 -193.1
20211026201140  -657.0 -88.0 -193.3
20211026201141  -656.9 -88.0 -193.1
20211026201142  -657.2 -87.8 -193.1
20211026201143  -657.1 -88.1 -193.1
20211026201144  -657.0 -88.2 -193.1
20211026201145  -656.9 -88.2 -193.4
20211026201146  -657.2 -88.0 -193.5
20211026201147  -657.0 -87.9 -193.6
20211026201148  -657.1 -88.0 -193.5
20211026201149  -657.0 -87.9 -193.9
20211026201150  -657.1 -88.0 -193.5
20211026201151  -657.1 -88.0 -193.7
20211026201152  -656.9 -88.0 -193.6
20211026201153  -657.0 -88.0 -193.8
20211026201154  -657.1 -87.9 -193.8
20211026201155  -657.1 -87.9 -193.8
20211026201156  -657.1 -88.2 -193.5
20211026201157  -656.8 -88.0 -193.6
20211026201158  -656.5 -87.9 -193.0
20211026201159  -656.2 -87.7 -192.8
20211026201200  -656.0 -87.9 -192.8
20211026201201  -656.8 -88.0 -193.0
20211026201202  -656.8 -87.9 -193.4
20211026201203  -656.3 -87.9 -193.2
20211026201204  -656.4 -87.8 -193.4
20211026201205  -656.2 -88.0 -193.4
20211026201206  -656.4 -88.3 -193.4
20211026201207  -656.4 -87.9 -193.4
20211026201208  -656.6 -88.0 -193.3
20211026201209  -656.7 -87.9 -193.6
20211026201210  -656.5 -87.9 -193.5
20211026201211  -656.6 -87.8 -193.8
20211026201212  -656.3 -88.0 -193.5
20211026201213  -656.4 -87.9 -193.6
20211026201214  -656.7 -87.9 -193.5
20211026201215  -656.5 -87.8 -193.3
20211026201216  -656.7 -87.7 -193.8
20211026201217  -656.3 -87.6 -193.3
20211026201218  -656.4 -88.2 -193.2
20211026201219  -656.5 -87.9 -193.2
20211026201220  -656.6 -87.8 -193.1
20211026201221  -656.4 -87.8 -193.6
20211026201222  -656.3 -88.1 -193.7
20211026201223  -656.4 -87.9 -193.6
20211026201224  -656.1 -87.7 -193.7
20211026201225  -656.6 -87.9 -193.9
20211026201226  -656.1 -87.8 -193.8
20211026201227  -656.1 -87.9 -193.8
20211026201228  -655.9 -88.2 -193.5
20211026201229  -655.4 -87.8 -193.4
20211026201230  -655.7 -87.6 -192.9
20211026201231  -656.3 -87.9 -193.7
20211026201232  -656.4 -87.8 -193.8
20211026201233  -656.2 -87.6 -193.6
20211026201234  -656.3 -88.0 -193.7
20211026201235  -656.2 -87.8 -193.6
20211026201236  -656.1 -87.9 -193.7
20211026201237  -656.5 -87.6 -193.6
20211026201238  -656.5 -87.6 -193.5
20211026201239  -656.5 -87.7 -193.5
20211026201240  -656.4 -87.7 -193.8
20211026201241  -656.4 -87.6 -193.8
20211026201242  -656.4 -87.8 -193.7
20211026201243  -656.6 -87.7 -193.8
20211026201244  -656.5 -87.7 -194.0
20211026201245  -656.8 -87.9 -193.9
20211026201246  -656.7 -88.2 -193.8
20211026201247  -656.8 -87.8 -194.0
20211026201248  -656.6 -87.9 -194.2
20211026201249  -656.4 -87.8 -194.1
20211026201250  -656.3 -88.0 -194.1
20211026201251  -656.4 -88.0 -194.0
20211026201252  -656.6 -88.0 -194.1
20211026201253  -656.5 -87.9 -194.0
20211026201254  -656.5 -87.8 -194.1
20211026201255  -656.5 -87.9 -194.1
20211026201256  -656.4 -87.6 -194.1
20211026201257  -656.5 -87.6 -194.3
20211026201258  -656.3 -87.9 -194.3
20211026201259  -655.5 -87.8 -193.4
20211026201300  -656.0 -87.5 -193.6
20211026201301  -656.2 -87.8 -193.9
20211026201302  -656.2 -87.8 -193.8
20211026201303  -656.2 -87.7 -194.1
20211026201304  -656.4 -87.8 -194.0
20211026201305  -656.4 -87.9 -193.9
20211026201306  -656.4 -87.9 -194.2
20211026201307  -656.6 -87.7 -194.1
20211026201308  -656.4 -87.9 -194.4
20211026201309  -656.2 -87.9 -194.3
20211026201310  -656.3 -87.9 -194.1
20211026201311  -656.1 -87.9 -194.3
20211026201312  -655.9 -88.0 -194.5
20211026201313  -655.9 -88.0 -194.1
20211026201314  -656.2 -87.7 -194.3
20211026201315  -656.3 -87.9 -194.6
20211026201316  -656.1 -87.9 -194.7
20211026201317  -656.0 -87.5 -194.6
20211026201318  -656.2 -87.6 -194.5
20211026201319  -656.2 -87.8 -194.2
20211026201320  -656.0 -87.7 -194.1
20211026201321  -656.0 -87.8 -194.2
20211026201322  -656.2 -87.9 -194.0
20211026201323  -656.3 -87.8 -194.3
20211026201324  -656.0 -87.9 -194.3
20211026201325  -656.0 -87.7 -194.4
20211026201326  -656.2 -87.9 -194.3
20211026201327  -656.2 -87.8 -194.2
20211026201328  -655.9 -87.7 -194.1
20211026201329  -655.4 -87.8 -193.5
20211026201330  -655.8 -87.7 -193.7
20211026201331  -656.0 -87.9 -194.1
20211026201332  -655.9 -87.8 -194.3
20211026201333  -655.9 -87.6 -194.3
20211026201334  -656.0 -87.6 -194.5
20211026201335  -655.9 -87.8 -194.6
20211026201336  -655.9 -87.7 -194.3
20211026201337  -655.7 -87.8 -194.3
20211026201338  -656.0 -87.5 -194.3
20211026201339  -655.8 -87.7 -194.3
20211026201340  -656.1 -88.1 -194.2
20211026201341  -656.2 -88.1 -194.4
20211026201342  -656.1 -87.8 -194.5
20211026201343  -656.3 -87.7 -194.5
20211026201344  -656.1 -88.2 -194.5
20211026201345  -656.1 -88.0 -194.4
20211026201346  -656.0 -88.0 -194.3
20211026201347  -656.0 -87.8 -194.5
20211026201348  -656.0 -88.0 -194.5
20211026201349  -655.9 -88.1 -194.5
20211026201350  -656.2 -87.9 -194.6
20211026201351  -656.0 -88.0 -194.8
20211026201352  -655.8 -88.1 -194.7
20211026201353  -655.9 -88.2 -194.7
20211026201354  -656.2 -88.0 -194.7
20211026201355  -656.0 -88.4 -194.9
20211026201356  -656.1 -88.2 -194.8
20211026201357  -656.2 -88.1 -194.6
20211026201358  -656.2 -88.0 -194.5
20211026201359  -655.4 -88.1 -194.3
20211026201400  -655.7 -88.0 -194.5
20211026201401  -656.1 -88.1 -194.7
20211026201402  -656.4 -88.1 -194.7
20211026201403  -656.3 -88.0 -194.6
20211026201404  -656.5 -88.0 -194.6
20211026201405  -656.5 -87.8 -194.8
20211026201406  -656.5 -88.0 -194.9
20211026201407  -656.6 -88.0 -194.6
20211026201408  -656.6 -88.2 -194.6
20211026201409  -656.6 -88.3 -194.7
20211026201410  -656.6 -88.1 -194.9
20211026201411  -656.4 -88.1 -194.7
20211026201412  -656.3 -88.0 -194.8
20211026201413  -656.2 -87.8 -194.9
20211026201414  -656.3 -88.0 -194.7
20211026201415  -656.3 -88.4 -194.8
20211026201416  -656.5 -88.1 -194.8
20211026201417  -656.5 -88.2 -194.8
20211026201418  -656.6 -88.3 -194.9
20211026201419  -656.4 -88.3 -194.9
20211026201420  -656.4 -88.4 -194.9
20211026201421  -656.7 -88.4 -194.7
20211026201422  -656.7 -88.2 -195.0
20211026201423  -656.4 -88.3 -194.9
20211026201424  -656.3 -88.6 -194.8
20211026201425  -656.3 -88.4 -194.9
20211026201426  -656.3 -88.4 -194.7
20211026201427  -656.6 -88.3 -194.8
20211026201428  -656.3 -88.3 -194.8
20211026201429  -656.2 -88.4 -194.6
20211026201430  -656.7 -88.3 -194.6
20211026201431  -657.2 -88.4 -194.8
20211026201432  -657.1 -88.5 -194.7
20211026201433  -657.0 -88.2 -194.7
20211026201434  -656.9 -88.0 -194.8
20211026201435  -657.0 -87.9 -194.8
20211026201436  -657.0 -87.9 -194.8
20211026201437  -656.9 -88.4 -194.7
20211026201438  -657.1 -88.5 -194.8
20211026201439  -657.0 -88.5 -194.6
20211026201440  -656.9 -88.4 -194.7
20211026201441  -656.7 -88.4 -194.9
20211026201442  -656.8 -88.3 -195.2
20211026201443  -656.8 -88.3 -194.7
20211026201444  -656.7 -88.2 -194.5
20211026201445  -657.0 -88.2 -194.6
20211026201446  -656.7 -88.5 -194.8
20211026201447  -656.7 -88.4 -194.8
20211026201448  -656.9 -88.7 -195.0
20211026201449  -656.8 -88.5 -194.8
20211026201450  -656.7 -88.6 -194.8
20211026201451  -656.8 -88.5 -194.8
20211026201452  -656.8 -88.5 -194.8
20211026201453  -656.6 -88.5 -194.8
20211026201454  -656.8 -88.6 -194.8
20211026201455  -657.0 -88.4 -195.2
20211026201456  -656.8 -88.5 -195.0
20211026201457  -656.8 -88.8 -195.1
20211026201458  -656.9 -88.8 -194.9
20211026201459  -656.4 -88.8 -194.7
20211026201500  -656.1 -88.6 -194.3
20211026201501  -656.2 -88.7 -194.4
20211026201502  -656.2 -88.9 -194.5
20211026201503  -656.6 -88.7 -194.6
20211026201504  -656.5 -88.8 -194.6
20211026201505  -656.6 -88.9 -194.4
20211026201506  -656.6 -88.6 -194.6
20211026201507  -656.4 -88.9 -194.8
20211026201508  -656.6 -88.7 -194.8
20211026201509  -656.6 -88.4 -194.8
20211026201510  -656.5 -88.7 -194.6
20211026201511  -656.4 -88.7 -194.5
20211026201512  -656.5 -88.7 -194.7
20211026201513  -656.4 -88.6 -194.5
20211026201514  -656.4 -88.7 -194.6
20211026201515  -656.5 -88.6 -194.6
20211026201516  -657.0 -88.6 -194.5
20211026201517  -656.9 -88.7 -194.3
20211026201518  -656.8 -88.6 -194.7
20211026201519  -656.9 -88.7 -194.6
20211026201520  -656.8 -88.9 -194.4
20211026201521  -656.7 -88.7 -194.5
20211026201522  -656.9 -88.8 -194.5
20211026201523  -656.7 -88.9 -194.9
20211026201524  -656.9 -88.9 -194.9
20211026201525  -656.8 -88.4 -194.9
20211026201526  -656.6 -88.8 -194.8
20211026201527  -656.9 -88.7 -194.4
20211026201528  -656.7 -88.5 -194.5
20211026201529  -656.4 -88.9 -194.3
20211026201530  -655.8 -88.3 -193.9
20211026201531  -656.6 -88.4 -194.5
20211026201532  -656.4 -88.6 -194.3
20211026201533  -656.6 -88.6 -194.7
20211026201534  -656.5 -88.5 -194.9
20211026201535  -656.5 -88.4 -195.0
20211026201536  -656.7 -88.7 -194.9
20211026201537  -656.8 -88.7 -194.8
20211026201538  -656.8 -89.0 -194.6
20211026201539  -656.7 -88.7 -194.7
20211026201540  -656.5 -88.8 -195.2
20211026201541  -656.6 -88.5 -195.1
20211026201542  -656.8 -88.5 -195.0
20211026201543  -656.6 -88.7 -194.8
20211026201544  -656.8 -88.5 -195.0
20211026201545  -656.8 -88.4 -195.1
20211026201546  -656.8 -88.6 -195.0
20211026201547  -656.8 -88.6 -195.2
20211026201548  -656.7 -88.5 -195.1
20211026201549  -656.7 -88.6 -194.9
20211026201550  -656.7 -88.6 -194.9
20211026201551  -657.0 -88.9 -195.0
20211026201552  -656.8 -88.7 -194.9
20211026201553  -657.0 -88.7 -194.9
20211026201554  -656.9 -88.8 -195.1
20211026201555  -656.9 -88.6 -194.9
20211026201556  -656.7 -88.7 -195.0
20211026201557  -656.9 -88.4 -195.2
20211026201558  -657.0 -88.7 -195.1
20211026201559  -656.8 -88.7 -194.8
20211026201600  -656.0 -88.5 -194.3
20211026201601  -656.5 -88.6 -194.4
20211026201602  -656.8 -88.6 -194.8
20211026201603  -656.7 -88.6 -194.9
20211026201604  -656.7 -88.5 -194.9
20211026201605  -656.9 -88.6 -194.9
20211026201606  -656.7 -88.5 -194.8
20211026201607  -656.7 -88.9 -195.2
20211026201608  -656.9 -88.6 -195.4
20211026201609  -657.1 -88.5 -195.4
20211026201610  -656.8 -88.6 -195.2
20211026201611  -656.6 -88.5 -194.9
20211026201612  -656.8 -88.5 -195.2
20211026201613  -656.6 -88.7 -195.1
20211026201614  -656.8 -88.5 -195.1
20211026201615  -656.6 -88.5 -195.3
20211026201616  -656.6 -88.6 -195.1
20211026201617  -656.6 -88.6 -194.8
20211026201618  -656.6 -88.6 -195.1
20211026201619  -656.5 -88.5 -195.2
20211026201620  -656.6 -88.7 -195.2
20211026201621  -656.7 -89.0 -195.2
20211026201622  -656.4 -88.9 -195.1
20211026201623  -656.3 -88.9 -195.0
20211026201624  -656.1 -88.8 -194.9
20211026201625  -656.4 -88.7 -195.1
20211026201626  -656.8 -88.8 -194.8
20211026201627  -656.8 -88.5 -194.8
20211026201628  -656.8 -88.5 -195.2
20211026201629  -656.8 -88.5 -195.0
20211026201630  -655.7 -88.4 -194.2
20211026201631  -655.9 -88.6 -194.2
20211026201632  -656.4 -88.5 -194.8
20211026201633  -656.4 -88.5 -194.9
20211026201634  -656.2 -88.5 -194.7
20211026201635  -656.3 -88.5 -195.0
20211026201636  -656.2 -88.3 -194.6
20211026201637  -656.3 -88.2 -194.8
20211026201638  -656.4 -88.4 -194.6
20211026201639  -656.4 -88.5 -194.9
20211026201640  -656.2 -88.4 -195.1
20211026201641  -656.4 -88.3 -195.2
20211026201642  -655.9 -88.4 -195.0
20211026201643  -656.4 -88.4 -195.0
20211026201644  -656.5 -88.3 -194.9
20211026201645  -656.5 -88.4 -194.9
20211026201646  -656.4 -88.4 -194.7
20211026201647  -656.5 -88.4 -194.8
20211026201648  -656.5 -88.5 -195.0
20211026201649  -656.6 -88.6 -195.0
20211026201650  -656.5 -88.7 -195.1
20211026201651  -656.3 -88.3 -195.2
20211026201652  -656.5 -88.7 -195.1
20211026201653  -656.4 -88.6 -194.9
20211026201654  -656.4 -88.4 -195.2
20211026201655  -656.6 -88.7 -195.3
20211026201656  -656.4 -88.5 -195.3
20211026201657  -656.5 -88.7 -195.2
20211026201658  -656.3 -88.3 -195.2
20211026201659  -656.6 -88.3 -195.1
20211026201700  -656.1 -88.1 -195.1
20211026201701  -655.7 -88.3 -194.5
20211026201702  -656.2 -88.3 -194.9
20211026201703  -656.2 -88.5 -195.2
20211026201704  -656.3 -88.6 -195.0
20211026201705  -656.3 -88.3 -195.1
20211026201706  -656.1 -88.4 -195.1
20211026201707  -655.8 -88.4 -195.2
20211026201708  -655.8 -88.3 -195.3
20211026201709  -656.2 -88.2 -195.2
20211026201710  -656.2 -88.3 -195.0
20211026201711  -656.5 -88.4 -195.1
20211026201712  -656.5 -88.3 -195.3
20211026201713  -656.0 -88.5 -195.2
20211026201714  -656.2 -88.4 -195.1
20211026201715  -656.3 -88.3 -195.4
20211026201716  -656.2 -88.5 -195.1
20211026201717  -656.1 -88.3 -195.3
20211026201718  -656.3 -88.5 -194.9
20211026201719  -656.3 -88.4 -195.0
20211026201720  -656.4 -88.4 -194.7
20211026201721  -656.3 -88.5 -194.6
20211026201722  -656.1 -88.6 -195.0
20211026201723  -656.1 -88.4 -194.7
20211026201724  -656.1 -88.0 -194.8
20211026201725  -656.0 -88.5 -195.2
20211026201726  -655.8 -88.6 -195.2
20211026201727  -655.8 -88.4 -195.2
20211026201728  -656.0 -88.6 -195.2
20211026201729  -656.0 -88.7 -195.2
20211026201730  -655.7 -88.6 -195.0
20211026201731  -655.5 -88.5 -194.6
20211026201732  -656.3 -88.5 -194.9
20211026201733  -656.1 -88.5 -195.1
20211026201734  -656.2 -88.5 -195.3
20211026201735  -656.3 -88.5 -195.3
20211026201736  -656.0 -88.6 -195.4
20211026201737  -656.4 -88.8 -195.2
20211026201738  -656.2 -88.5 -195.2
20211026201739  -656.0 -88.7 -195.2
20211026201740  -656.3 -88.7 -195.3
20211026201741  -656.1 -88.7 -195.4
20211026201742  -656.1 -88.7 -195.2
20211026201743  -656.1 -88.7 -195.7
20211026201744  -656.4 -88.5 -195.4
20211026201745  -656.3 -88.2 -195.3
20211026201746  -656.4 -88.3 -195.0
20211026201747  -656.5 -88.4 -195.4
20211026201748  -656.4 -88.2 -195.5
20211026201749  -656.3 -88.2 -195.2
20211026201750  -656.2 -88.5 -195.4
20211026201751  -656.3 -88.8 -195.1
20211026201752  -656.2 -88.5 -195.3
20211026201753  -656.2 -88.4 -195.2
20211026201754  -656.2 -88.3 -195.1
20211026201755  -656.1 -88.4 -195.2
20211026201756  -656.3 -88.4 -195.1
20211026201757  -656.6 -88.3 -195.2
20211026201758  -656.3 -88.4 -195.1
20211026201759  -656.1 -88.3 -195.2
20211026201800  -656.3 -88.4 -195.4
20211026201801  -656.0 -88.1 -195.0
20211026201802  -656.4 -88.2 -195.3
20211026201803  -656.3 -88.2 -194.9
20211026201804  -656.2 -88.3 -195.4
20211026201805  -656.4 -88.6 -195.1
20211026201806  -656.5 -88.5 -195.1
20211026201807  -656.5 -88.2 -195.1
20211026201808  -656.4 -88.2 -195.2
20211026201809  -656.2 -88.2 -195.1
20211026201810  -655.9 -88.1 -195.1
20211026201811  -655.9 -88.2 -195.2
20211026201812  -656.2 -88.3 -195.3
20211026201813  -656.3 -88.4 -195.4
20211026201814  -656.4 -88.4 -195.3
20211026201815  -656.3 -88.3 -195.2
20211026201816  -656.5 -88.6 -195.2
20211026201817  -656.6 -88.6 -195.1
20211026201818  -656.3 -88.5 -195.1
20211026201819  -656.6 -88.6 -195.2
20211026201820  -656.4 -88.5 -195.4
20211026201821  -656.4 -88.5 -195.3
20211026201822  -656.1 -88.5 -195.3
20211026201823  -656.4 -88.8 -195.3
20211026201824  -656.4 -88.7 -195.1
20211026201825  -656.4 -88.6 -195.3
20211026201826  -656.3 -88.7 -195.1
20211026201827  -656.4 -88.7 -194.9
20211026201828  -656.6 -88.8 -194.9
20211026201829  -656.2 -89.0 -195.1
20211026201830  -656.3 -88.8 -195.0
20211026201831  -655.8 -88.7 -194.8
20211026201832  -656.4 -88.7 -195.2
20211026201833  -656.3 -88.9 -195.5
20211026201834  -656.3 -89.2 -195.3
20211026201835  -656.3 -89.1 -195.2
20211026201836  -656.7 -88.9 -195.0
20211026201837  -656.6 -88.7 -195.4
20211026201838  -656.7 -89.1 -195.5
20211026201839  -656.6 -88.9 -195.3
20211026201840  -656.4 -88.9 -195.4
20211026201841  -656.5 -88.8 -195.2
20211026201842  -656.4 -88.9 -195.2
20211026201843  -656.5 -88.8 -195.1
20211026201844  -656.7 -89.1 -195.1
20211026201845  -656.6 -88.8 -195.5
20211026201846  -656.6 -88.8 -195.4
20211026201847  -656.3 -88.7 -195.7
20211026201848  -656.5 -88.8 -195.7
20211026201849  -656.6 -88.8 -195.3
20211026201850  -656.7 -88.9 -195.6
20211026201851  -656.5 -88.7 -195.2
20211026201852  -656.7 -88.7 -195.4
20211026201853  -656.4 -89.0 -195.5
20211026201854  -656.7 -88.7 -195.2
20211026201855  -656.6 -88.5 -195.1
20211026201856  -656.4 -88.7 -194.9
20211026201857  -656.5 -88.9 -195.3
20211026201858  -656.7 -88.8 -195.4
20211026201859  -656.6 -88.6 -195.5
20211026201900  -656.5 -88.5 -195.4
20211026201901  -656.4 -88.6 -195.4
20211026201902  -656.4 -88.6 -195.2
20211026201903  -656.6 -88.6 -195.6
20211026201904  -657.0 -88.5 -195.7
20211026201905  -657.0 -88.6 -195.4
20211026201906  -657.0 -88.5 -195.3
20211026201907  -657.0 -88.5 -195.1
20211026201908  -656.9 -88.3 -195.2
20211026201909  -657.0 -88.1 -195.2
20211026201910  -657.1 -88.1 -195.4
20211026201911  -657.1 -88.3 -195.3
20211026201912  -657.1 -88.5 -195.5
20211026201913  -657.0 -88.6 -195.6
20211026201914  -657.1 -88.4 -195.5
20211026201915  -657.2 -88.4 -195.4
20211026201916  -657.0 -88.5 -195.2
20211026201917  -656.7 -88.7 -195.2
20211026201918  -656.7 -88.8 -195.2
20211026201919  -656.8 -88.8 -195.3
20211026201920  -656.8 -88.8 -195.6
20211026201921  -656.8 -88.7 -195.5
20211026201922  -657.0 -88.8 -195.4
20211026201923  -656.9 -88.6 -195.4
20211026201924  -656.9 -88.5 -195.1
20211026201925  -657.2 -88.5 -195.2
20211026201926  -656.8 -88.5 -195.4
20211026201927  -656.8 -88.4 -195.4
20211026201928  -656.8 -88.7 -195.8
20211026201929  -656.6 -88.6 -195.5
20211026201930  -656.8 -88.6 -195.2
20211026201931  -656.7 -88.6 -195.3
20211026201932  -656.7 -88.5 -195.5
20211026201933  -656.9 -88.7 -195.5
20211026201934  -657.1 -88.9 -195.4
20211026201935  -657.3 -88.7 -195.2
20211026201936  -657.4 -88.7 -195.4
20211026201937  -657.4 -88.6 -195.1
20211026201938  -657.5 -88.7 -195.4
20211026201939  -657.3 -88.6 -195.5
20211026201940  -657.5 -88.6 -195.8
20211026201941  -657.5 -88.4 -195.6
20211026201942  -657.4 -88.4 -195.9
20211026201943  -657.5 -88.3 -195.9
20211026201944  -657.8 -88.6 -195.9
20211026201945  -657.3 -88.5 -195.8
20211026201946  -657.6 -88.6 -195.7
20211026201947  -657.5 -88.7 -195.8
20211026201948  -657.9 -88.7 -195.9
20211026201949  -657.8 -88.7 -195.8
20211026201950  -657.7 -88.9 -196.2
20211026201951  -657.7 -88.8 -196.2
20211026201952  -657.6 -88.7 -196.1
20211026201953  -657.7 -88.7 -195.8
20211026201954  -657.7 -88.6 -195.7
20211026201955  -657.6 -88.6 -195.4
20211026201956  -657.6 -88.7 -195.7
20211026201957  -657.5 -88.5 -195.6
20211026201958  -657.7 -88.5 -195.8
20211026201959  -657.5 -88.4 -195.5
20211026202000  -657.4 -88.5 -195.7
20211026202001  -657.4 -88.6 -196.0
20211026202002  -657.4 -88.7 -195.6
20211026202003  -657.8 -88.6 -195.8
20211026202004  -657.4 -88.6 -195.6
20211026202005  -657.7 -88.5 -195.6
20211026202006  -657.5 -88.4 -195.5
20211026202007  -657.6 -88.8 -195.6
20211026202008  -657.6 -88.9 -195.2
20211026202009  -657.5 -88.6 -195.3
20211026202010  -657.7 -88.6 -195.4
20211026202011  -657.7 -88.7 -195.4
20211026202012  -657.6 -88.6 -195.3
20211026202013  -657.4 -88.4 -195.2
20211026202014  -657.6 -88.6 -195.4
20211026202015  -657.8 -88.8 -195.6
20211026202016  -657.7 -88.3 -195.5
20211026202017  -657.5 -88.8 -195.5
