20211123231525  -679.0 -68.6 -216.5
20211123231526  -678.9 -68.7 -216.4
20211123231527  -678.9 -68.5 -216.4
20211123231528  -679.1 -68.4 -216.5
20211123231529  -679.1 -68.3 -216.3
20211123231530  -679.0 -68.5 -216.5
20211123231531  -678.9 -68.2 -216.3
20211123231532  -678.5 -68.3 -216.4
20211123231533  -678.4 -68.5 -216.1
20211123231534  -678.1 -68.1 -215.4
20211123231535  -677.8 -67.7 -215.1
20211123231536  -677.5 -68.0 -215.2
20211123231537  -677.5 -67.9 -215.2
20211123231538  -677.2 -67.9 -215.0
20211123231539  -677.8 -67.8 -215.3
20211123231540  -678.3 -67.8 -215.5
20211123231541  -678.2 -67.7 -215.6
20211123231542  -678.2 -67.9 -215.9
20211123231543  -678.6 -67.7 -215.9
20211123231544  -678.6 -67.9 -216.1
20211123231545  -678.5 -67.9 -216.1
20211123231546  -678.3 -67.8 -216.2
20211123231547  -678.1 -67.7 -216.1
20211123231548  -678.1 -68.0 -216.3
20211123231549  -678.0 -67.5 -216.7
20211123231550  -678.0 -67.9 -216.4
20211123231551  -678.2 -67.6 -216.6
20211123231552  -678.0 -67.8 -216.5
20211123231553  -678.1 -67.8 -216.4
20211123231554  -677.9 -67.6 -216.2
20211123231555  -678.0 -67.9 -216.1
20211123231556  -678.1 -67.8 -216.3
20211123231557  -678.1 -67.9 -216.4
20211123231558  -677.8 -67.8 -216.6
20211123231559  -677.5 -68.1 -216.5
20211123231600  -677.2 -68.0 -216.1
20211123231601  -676.9 -67.9 -215.9
20211123231602  -676.5 -67.9 -215.6
20211123231603  -676.4 -67.8 -215.8
20211123231604  -676.3 -67.8 -215.7
20211123231605  -676.8 -67.5 -215.9
20211123231606  -677.4 -67.6 -216.3
20211123231607  -677.3 -67.6 -216.5
20211123231608  -677.1 -67.4 -216.4
20211123231609  -676.9 -67.4 -216.6
20211123231610  -677.3 -67.6 -216.6
20211123231611  -677.3 -67.7 -216.6
20211123231612  -677.1 -67.5 -216.5
20211123231613  -677.3 -67.8 -216.7
20211123231614  -677.2 -67.6 -216.8
20211123231615  -677.1 -67.6 -217.0
20211123231616  -677.4 -67.9 -216.7
20211123231617  -677.3 -67.9 -217.0
20211123231618  -677.5 -67.9 -216.9
20211123231619  -677.4 -67.9 -216.9
20211123231620  -677.5 -67.9 -217.0
20211123231621  -677.4 -67.9 -216.8
20211123231622  -677.4 -68.3 -216.9
20211123231623  -677.3 -68.1 -217.1
20211123231624  -677.4 -68.3 -217.3
20211123231625  -677.1 -68.3 -217.3
20211123231626  -676.8 -68.7 -217.0
20211123231627  -676.4 -68.3 -216.9
20211123231628  -676.4 -68.2 -216.5
20211123231629  -676.1 -68.3 -216.4
20211123231630  -676.0 -68.0 -216.2
20211123231631  -677.0 -68.3 -216.8
20211123231632  -677.2 -68.4 -216.8
20211123231633  -677.3 -68.4 -217.2
20211123231634  -677.2 -68.3 -217.1
20211123231635  -677.2 -68.2 -217.4
20211123231636  -677.5 -68.1 -217.2
20211123231637  -677.4 -68.3 -217.2
20211123231638  -677.4 -67.9 -217.2
20211123231639  -677.2 -68.0 -217.2
20211123231640  -677.3 -68.1 -217.1
20211123231641  -677.2 -68.2 -217.2
20211123231642  -677.0 -68.2 -217.2
20211123231643  -676.9 -68.4 -217.0
20211123231644  -677.0 -68.2 -217.4
20211123231645  -676.7 -68.1 -217.3
20211123231646  -676.9 -68.2 -217.1
20211123231647  -677.2 -68.2 -217.3
20211123231648  -677.2 -68.2 -217.0
20211123231649  -676.8 -68.2 -216.9
20211123231650  -677.0 -68.2 -217.0
20211123231651  -676.5 -68.2 -217.0
20211123231652  -676.0 -68.5 -216.9
20211123231653  -675.7 -68.0 -216.4
20211123231654  -675.1 -67.9 -216.1
20211123231655  -674.9 -68.1 -216.0
20211123231656  -674.8 -67.6 -215.7
20211123231657  -675.5 -67.7 -216.3
20211123231658  -675.4 -67.9 -216.8
20211123231659  -675.6 -67.8 -216.7
20211123231700  -675.7 -67.9 -216.8
20211123231701  -675.5 -67.8 -216.7
20211123231702  -675.3 -67.7 -216.7
20211123231703  -675.3 -67.7 -216.8
20211123231704  -675.2 -67.8 -216.8
20211123231705  -675.5 -67.8 -216.9
20211123231706  -675.6 -67.8 -216.7
20211123231707  -675.5 -67.8 -216.6
20211123231708  -675.2 -68.2 -216.6
20211123231709  -675.3 -67.9 -216.6
20211123231710  -675.4 -68.0 -216.9
20211123231711  -675.3 -67.7 -216.9
20211123231712  -675.6 -67.8 -216.6
20211123231713  -675.2 -67.8 -216.7
20211123231714  -675.3 -68.0 -216.8
20211123231715  -675.2 -68.1 -216.7
20211123231716  -675.2 -68.2 -216.7
20211123231717  -675.2 -68.0 -216.8
20211123231718  -675.2 -68.0 -216.7
20211123231719  -674.6 -68.1 -216.2
20211123231720  -674.2 -67.8 -215.9
20211123231721  -674.2 -67.6 -215.8
20211123231722  -674.1 -67.6 -216.1
20211123231723  -675.0 -67.8 -216.5
20211123231724  -675.2 -67.9 -216.6
20211123231725  -675.0 -67.9 -216.5
20211123231726  -674.8 -67.7 -216.7
20211123231727  -675.1 -67.6 -216.6
20211123231728  -675.0 -67.9 -216.4
20211123231729  -674.9 -67.8 -216.3
20211123231730  -675.0 -67.8 -216.0
20211123231731  -674.9 -67.8 -216.2
20211123231732  -674.9 -67.6 -216.5
20211123231733  -674.4 -67.9 -216.4
20211123231734  -674.6 -67.9 -216.5
20211123231735  -674.5 -67.9 -216.5
20211123231736  -674.7 -67.8 -216.5
20211123231737  -674.9 -67.7 -216.4
20211123231738  -674.6 -67.7 -216.8
20211123231739  -674.7 -67.7 -216.5
20211123231740  -674.7 -67.7 -216.6
20211123231741  -674.5 -67.8 -216.8
20211123231742  -674.3 -67.7 -216.9
20211123231743  -674.2 -67.8 -216.7
20211123231744  -674.2 -67.8 -216.8
20211123231745  -673.7 -67.9 -216.3
20211123231746  -673.4 -67.7 -216.2
20211123231747  -673.0 -67.6 -215.8
20211123231748  -674.0 -67.7 -216.4
20211123231749  -674.0 -67.7 -216.7
20211123231750  -674.0 -68.0 -216.8
20211123231751  -674.1 -67.8 -216.6
20211123231752  -674.0 -67.9 -216.7
20211123231753  -674.1 -67.9 -216.5
20211123231754  -674.1 -67.9 -216.7
20211123231755  -674.2 -67.9 -216.6
20211123231756  -674.0 -68.1 -216.5
20211123231757  -674.0 -68.1 -216.4
20211123231758  -674.1 -68.0 -216.4
20211123231759  -673.8 -68.1 -216.6
20211123231800  -673.9 -68.2 -216.4
20211123231801  -673.9 -68.4 -216.5
20211123231802  -674.0 -68.0 -216.2
20211123231803  -673.9 -68.3 -216.7
20211123231804  -673.8 -68.5 -216.8
20211123231805  -673.6 -68.6 -216.8
20211123231806  -673.8 -69.0 -216.8
20211123231807  -673.8 -68.9 -216.9
20211123231808  -673.7 -68.8 -216.5
20211123231809  -673.9 -68.8 -216.5
20211123231810  -673.9 -68.7 -216.8
20211123231811  -673.1 -69.0 -216.3
20211123231812  -672.7 -69.0 -215.9
20211123231813  -672.7 -68.4 -215.7
20211123231814  -673.2 -68.7 -216.6
20211123231815  -673.2 -68.8 -216.9
20211123231816  -673.2 -68.7 -216.8
20211123231817  -673.0 -69.2 -216.5
20211123231818  -673.2 -69.1 -216.6
20211123231819  -673.0 -69.3 -216.7
20211123231820  -673.0 -69.1 -216.6
20211123231821  -672.9 -69.1 -216.5
20211123231822  -672.8 -68.9 -216.5
20211123231823  -672.8 -68.8 -216.5
20211123231824  -672.7 -69.1 -216.5
20211123231825  -672.6 -69.3 -216.5
20211123231826  -672.4 -69.5 -216.2
20211123231827  -672.5 -69.5 -216.3
20211123231828  -672.7 -69.4 -216.2
20211123231829  -672.5 -69.4 -216.2
20211123231830  -672.7 -69.2 -216.3
20211123231831  -672.6 -69.1 -216.1
20211123231832  -672.5 -69.5 -216.1
20211123231833  -672.4 -69.5 -216.3
20211123231834  -672.4 -69.6 -216.3
20211123231835  -672.3 -69.9 -216.1
20211123231836  -672.0 -69.8 -216.3
20211123231837  -671.2 -69.4 -215.8
20211123231838  -671.1 -69.2 -215.5
20211123231839  -670.7 -69.0 -215.1
20211123231840  -671.6 -68.9 -215.7
20211123231841  -671.7 -69.3 -215.8
20211123231842  -671.8 -69.4 -215.9
20211123231843  -671.4 -69.4 -215.8
20211123231844  -671.6 -69.4 -215.7
20211123231845  -671.6 -69.3 -215.9
20211123231846  -671.6 -69.4 -216.2
20211123231847  -671.5 -69.5 -216.2
20211123231848  -671.5 -69.4 -215.9
20211123231849  -671.5 -69.2 -215.8
20211123231850  -671.7 -69.3 -215.8
20211123231851  -671.8 -69.5 -215.9
20211123231852  -671.8 -69.6 -215.8
20211123231853  -671.8 -69.6 -216.1
20211123231854  -671.7 -69.4 -216.1
20211123231855  -672.0 -69.2 -216.1
20211123231856  -671.8 -69.7 -215.7
20211123231857  -672.0 -69.9 -215.8
20211123231858  -672.0 -69.6 -215.9
20211123231859  -671.8 -69.7 -215.8
20211123231900  -671.7 -69.6 -215.8
20211123231901  -671.5 -69.7 -216.0
20211123231902  -671.3 -69.7 -215.4
20211123231903  -671.0 -69.6 -215.1
20211123231904  -670.7 -69.5 -215.1
20211123231905  -670.4 -69.5 -215.1
20211123231906  -670.9 -69.3 -214.9
20211123231907  -671.4 -69.7 -215.4
20211123231908  -671.6 -69.8 -215.6
20211123231909  -671.6 -69.7 -215.8
20211123231910  -671.6 -69.8 -215.4
20211123231911  -671.8 -70.0 -215.5
20211123231912  -671.5 -69.8 -215.2
20211123231913  -671.6 -69.9 -215.8
20211123231914  -671.5 -69.6 -216.0
20211123231915  -671.6 -69.6 -215.8
20211123231916  -671.8 -69.6 -215.7
20211123231917  -671.8 -69.8 -215.8
20211123231918  -671.7 -70.2 -215.9
20211123231919  -671.8 -69.8 -215.6
20211123231920  -671.8 -70.0 -215.8
20211123231921  -671.9 -70.0 -215.7
20211123231922  -671.9 -70.0 -215.6
20211123231923  -671.5 -70.0 -215.6
20211123231924  -671.8 -70.1 -216.1
20211123231925  -671.7 -70.0 -216.1
20211123231926  -671.9 -70.1 -215.8
20211123231927  -671.9 -69.8 -215.9
20211123231928  -671.7 -69.9 -215.7
20211123231929  -671.3 -69.9 -215.5
20211123231930  -671.0 -69.8 -215.1
20211123231931  -670.8 -69.8 -214.9
20211123231932  -670.9 -69.7 -214.9
20211123231933  -671.8 -70.2 -215.6
20211123231934  -672.1 -70.1 -215.6
20211123231935  -672.0 -70.0 -215.9
20211123231936  -672.3 -70.2 -216.0
20211123231937  -672.1 -70.1 -215.8
20211123231938  -672.2 -70.0 -215.5
20211123231939  -672.5 -70.0 -215.2
20211123231940  -672.5 -69.8 -215.5
20211123231941  -672.5 -69.9 -215.8
20211123231942  -672.5 -70.1 -215.8
20211123231943  -672.3 -69.9 -215.6
20211123231944  -672.3 -69.7 -215.8
20211123231945  -672.2 -70.0 -215.7
20211123231946  -672.2 -70.2 -215.6
20211123231947  -672.3 -70.2 -215.9
20211123231948  -672.3 -70.4 -215.8
20211123231949  -672.3 -70.6 -216.0
20211123231950  -672.1 -70.5 -216.1
20211123231951  -671.8 -70.6 -216.1
20211123231952  -671.9 -70.5 -216.0
20211123231953  -671.9 -70.7 -215.9
20211123231954  -671.9 -70.5 -215.9
20211123231955  -671.3 -70.4 -215.4
20211123231956  -670.9 -70.3 -215.1
20211123231957  -670.7 -70.1 -214.9
20211123231958  -670.5 -70.2 -214.4
20211123231959  -671.6 -70.2 -215.0
20211123232000  -671.5 -70.3 -215.3
20211123232001  -671.4 -70.3 -215.6
20211123232002  -671.6 -70.6 -215.6
20211123232003  -671.7 -70.5 -215.8
20211123232004  -671.9 -70.8 -215.5
20211123232005  -671.9 -70.8 -215.7
20211123232006  -671.7 -71.0 -215.5
20211123232007  -671.5 -71.0 -215.5
20211123232008  -671.4 -71.1 -215.8
20211123232009  -671.4 -71.0 -215.7
20211123232010  -671.7 -70.8 -215.6
20211123232011  -671.7 -70.9 -215.9
20211123232012  -671.6 -71.1 -216.0
20211123232013  -671.4 -70.9 -215.9
20211123232014  -671.5 -70.8 -216.3
20211123232015  -671.8 -71.3 -216.4
20211123232016  -671.8 -70.9 -216.0
20211123232017  -671.7 -71.2 -216.0
20211123232018  -671.5 -71.0 -215.7
20211123232019  -671.7 -70.8 -215.9
20211123232020  -671.5 -71.2 -215.7
20211123232021  -671.1 -71.1 -215.2
20211123232022  -670.5 -71.1 -215.4
20211123232023  -670.3 -70.8 -215.0
20211123232024  -670.2 -70.6 -214.9
20211123232025  -670.4 -70.7 -214.9
20211123232026  -671.0 -70.8 -215.8
20211123232027  -671.3 -70.7 -215.6
20211123232028  -671.5 -70.7 -215.8
20211123232029  -671.8 -71.0 -215.9
20211123232030  -671.6 -70.9 -216.1
20211123232031  -671.6 -70.9 -216.0
20211123232032  -672.0 -70.9 -216.0
20211123232033  -671.8 -71.2 -215.6
20211123232034  -671.8 -70.9 -215.6
20211123232035  -671.6 -71.1 -215.6
20211123232036  -671.3 -71.3 -215.6
20211123232037  -671.6 -71.4 -215.5
20211123232038  -671.4 -71.1 -215.8
20211123232039  -671.4 -71.0 -215.8
20211123232040  -671.8 -71.0 -215.7
20211123232041  -671.9 -71.2 -215.9
20211123232042  -671.6 -71.4 -215.6
20211123232043  -671.9 -71.1 -215.8
20211123232044  -671.8 -71.1 -215.8
20211123232045  -672.0 -71.1 -216.1
20211123232046  -671.9 -71.2 -215.8
20211123232047  -671.4 -71.4 -215.5
20211123232048  -671.3 -71.2 -215.3
20211123232049  -671.3 -71.2 -215.3
20211123232050  -671.0 -71.1 -214.9
20211123232051  -670.8 -70.8 -214.8
20211123232052  -671.9 -71.4 -215.7
20211123232053  -671.9 -71.4 -215.8
20211123232054  -671.8 -71.1 -215.5
20211123232055  -671.7 -71.3 -215.1
20211123232056  -672.0 -71.0 -215.4
20211123232057  -672.0 -71.4 -215.4
20211123232058  -672.3 -71.2 -215.6
20211123232059  -672.2 -71.3 -215.5
20211123232100  -672.3 -71.3 -215.5
20211123232101  -672.2 -71.4 -215.7
20211123232102  -672.3 -71.7 -215.4
20211123232103  -672.4 -71.4 -215.5
20211123232104  -672.5 -71.3 -215.8
20211123232105  -672.5 -71.6 -215.8
20211123232106  -672.2 -71.6 -215.6
20211123232107  -672.4 -71.8 -215.8
20211123232108  -672.4 -71.5 -215.8
20211123232109  -672.5 -71.4 -215.8
20211123232110  -672.6 -71.4 -215.8
20211123232111  -672.8 -71.8 -216.0
20211123232112  -672.6 -71.5 -216.0
20211123232113  -672.4 -71.6 -215.7
20211123232114  -671.9 -71.4 -215.6
20211123232115  -671.9 -71.3 -215.3
20211123232116  -671.5 -71.4 -215.4
20211123232117  -671.6 -71.5 -214.9
20211123232118  -672.2 -71.4 -215.2
20211123232119  -672.3 -71.6 -215.6
20211123232120  -672.6 -71.5 -215.8
20211123232121  -672.9 -71.5 -215.8
20211123232122  -672.7 -71.8 -215.9
20211123232123  -673.1 -71.5 -215.9
20211123232124  -672.7 -71.7 -216.3
20211123232125  -672.8 -71.8 -215.6
20211123232126  -673.1 -71.7 -215.7
20211123232127  -673.1 -72.0 -215.8
20211123232128  -673.0 -72.0 -215.9
20211123232129  -673.1 -72.0 -216.0
20211123232130  -673.2 -71.8 -215.8
20211123232131  -673.5 -71.8 -215.9
20211123232132  -673.3 -71.9 -216.0
20211123232133  -673.2 -71.9 -215.9
20211123232134  -673.2 -71.8 -216.0
20211123232135  -673.1 -71.6 -215.9
20211123232136  -673.5 -71.7 -215.9
20211123232137  -673.3 -71.7 -216.2
20211123232138  -673.2 -71.5 -216.2
20211123232139  -672.7 -71.7 -215.8
20211123232140  -672.5 -71.2 -215.5
20211123232141  -672.1 -71.4 -215.4
20211123232142  -671.8 -71.4 -215.2
20211123232143  -671.9 -71.1 -214.6
20211123232144  -671.6 -71.0 -215.0
20211123232145  -672.7 -71.2 -215.5
20211123232146  -673.1 -71.2 -215.6
20211123232147  -673.0 -71.1 -215.8
20211123232148  -672.9 -71.0 -215.8
20211123232149  -672.9 -70.9 -216.1
20211123232150  -672.9 -71.0 -215.5
20211123232151  -672.8 -71.1 -215.6
20211123232152  -672.9 -71.0 -215.8
20211123232153  -672.7 -70.9 -215.9
20211123232154  -672.9 -71.1 -215.8
20211123232155  -673.0 -71.0 -215.8
20211123232156  -673.0 -71.4 -216.0
20211123232157  -672.9 -71.2 -216.2
20211123232158  -672.8 -71.0 -216.4
20211123232159  -672.7 -71.0 -216.3
20211123232200  -672.8 -71.3 -216.3
20211123232201  -672.5 -71.5 -216.1
20211123232202  -672.6 -71.2 -216.1
20211123232203  -672.6 -71.1 -216.3
20211123232204  -672.9 -71.3 -216.2
20211123232205  -672.2 -71.3 -215.9
20211123232206  -671.9 -71.0 -215.5
20211123232207  -671.5 -70.9 -215.1
20211123232208  -671.3 -70.8 -215.0
20211123232209  -671.4 -70.5 -215.0
20211123232210  -671.0 -70.6 -214.5
20211123232211  -670.9 -70.4 -214.6
20211123232212  -671.5 -70.9 -215.4
