20211110231434  -672.0 -84.5 -199.0
20211110231435  -672.1 -84.5 -199.0
20211110231436  -671.8 -84.7 -199.1
20211110231437  -671.9 -84.5 -199.2
20211110231438  -671.8 -84.5 -199.2
20211110231439  -672.3 -84.5 -199.1
20211110231440  -672.2 -84.5 -199.1
20211110231441  -672.2 -84.7 -199.0
20211110231442  -672.2 -84.5 -199.0
20211110231443  -672.4 -84.5 -199.3
20211110231444  -672.4 -84.4 -199.2
20211110231445  -672.4 -84.3 -199.3
20211110231446  -672.6 -84.4 -199.0
20211110231447  -672.4 -84.3 -198.8
20211110231448  -672.5 -84.2 -199.0
20211110231449  -672.7 -84.5 -198.8
20211110231450  -672.3 -84.8 -198.6
20211110231451  -672.4 -84.7 -198.6
20211110231452  -672.6 -84.5 -198.6
20211110231453  -672.4 -84.7 -198.7
20211110231454  -672.4 -84.7 -198.9
20211110231455  -672.3 -84.6 -198.9
20211110231456  -672.6 -84.5 -198.8
20211110231457  -672.8 -84.6 -199.0
20211110231458  -672.7 -84.4 -198.9
20211110231459  -672.5 -84.6 -198.9
20211110231500  -672.6 -84.6 -198.9
20211110231501  -672.4 -84.7 -199.2
20211110231502  -672.4 -84.4 -199.0
20211110231503  -672.6 -84.5 -198.8
20211110231504  -672.7 -84.5 -198.9
20211110231505  -672.8 -84.5 -198.5
20211110231506  -672.9 -84.3 -198.5
20211110231507  -672.9 -84.4 -198.7
20211110231508  -673.0 -84.7 -198.9
20211110231509  -672.8 -84.7 -198.6
20211110231510  -673.0 -84.6 -198.5
20211110231511  -672.9 -84.5 -198.5
20211110231512  -672.8 -84.5 -198.6
20211110231513  -672.8 -84.5 -198.9
20211110231514  -672.7 -84.6 -198.8
20211110231515  -672.8 -84.6 -198.7
20211110231516  -672.8 -84.8 -199.0
20211110231517  -672.9 -84.9 -198.8
20211110231518  -672.9 -84.7 -198.8
20211110231519  -673.1 -84.6 -198.3
20211110231520  -672.8 -84.9 -198.4
20211110231521  -672.7 -84.6 -198.5
20211110231522  -672.4 -84.6 -198.7
20211110231523  -672.6 -84.9 -198.6
20211110231524  -672.7 -84.9 -198.3
20211110231525  -672.6 -84.8 -198.2
20211110231526  -672.7 -84.7 -198.3
20211110231527  -672.5 -84.7 -198.4
20211110231528  -672.5 -84.5 -198.1
20211110231529  -672.3 -84.7 -198.1
20211110231530  -672.5 -84.7 -198.0
20211110231531  -672.4 -84.5 -198.0
20211110231532  -672.5 -84.4 -198.1
20211110231533  -672.4 -84.4 -198.0
20211110231534  -671.8 -84.4 -197.7
20211110231535  -672.0 -84.4 -197.8
20211110231536  -672.0 -84.7 -198.1
20211110231537  -672.0 -84.3 -197.9
20211110231538  -672.0 -84.3 -198.0
20211110231539  -671.9 -84.5 -198.1
20211110231540  -671.9 -84.2 -197.8
20211110231541  -672.2 -84.3 -197.9
20211110231542  -672.2 -84.1 -198.2
20211110231543  -672.1 -84.0 -197.9
20211110231544  -672.0 -84.0 -198.1
20211110231545  -672.2 -83.7 -198.2
20211110231546  -671.8 -83.8 -198.2
20211110231547  -671.7 -83.8 -197.9
20211110231548  -671.7 -84.2 -197.9
20211110231549  -671.7 -84.3 -198.3
20211110231550  -671.8 -84.3 -198.3
20211110231551  -671.7 -84.3 -198.2
20211110231552  -671.8 -84.2 -197.9
20211110231553  -671.8 -84.2 -198.2
20211110231554  -671.7 -84.3 -198.2
20211110231555  -671.6 -84.3 -198.1
20211110231556  -671.9 -84.4 -198.1
20211110231557  -671.7 -83.9 -197.9
20211110231558  -671.7 -84.2 -197.9
20211110231559  -671.8 -84.3 -197.8
20211110231600  -672.0 -84.2 -197.7
20211110231601  -672.0 -84.0 -197.9
20211110231602  -671.6 -84.1 -197.7
20211110231603  -671.7 -83.9 -197.8
20211110231604  -671.7 -84.0 -197.8
20211110231605  -671.4 -83.9 -197.6
20211110231606  -671.4 -83.9 -197.8
20211110231607  -671.7 -83.9 -197.7
20211110231608  -671.6 -84.2 -197.6
20211110231609  -671.6 -84.0 -197.8
20211110231610  -671.5 -84.1 -197.9
20211110231611  -671.5 -84.0 -197.7
20211110231612  -671.7 -83.9 -198.0
20211110231613  -671.6 -83.8 -197.7
20211110231614  -671.5 -83.9 -197.6
20211110231615  -671.6 -83.9 -197.7
20211110231616  -671.5 -84.1 -197.6
20211110231617  -671.3 -83.9 -197.7
20211110231618  -671.6 -84.0 -197.7
20211110231619  -671.4 -84.1 -197.7
20211110231620  -671.6 -84.1 -197.8
20211110231621  -671.6 -84.2 -197.6
20211110231622  -671.4 -84.2 -197.7
20211110231623  -671.4 -84.0 -197.9
20211110231624  -671.3 -83.6 -197.6
20211110231625  -671.3 -83.6 -197.8
20211110231626  -671.1 -83.7 -197.6
20211110231627  -671.0 -83.7 -197.7
20211110231628  -671.0 -83.8 -197.7
20211110231629  -671.1 -84.1 -197.7
20211110231630  -671.2 -84.2 -197.9
20211110231631  -671.0 -83.9 -197.9
20211110231632  -670.9 -84.0 -197.7
20211110231633  -670.9 -83.9 -197.7
20211110231634  -671.2 -83.9 -197.6
20211110231635  -670.6 -83.6 -197.0
20211110231636  -671.2 -83.8 -197.6
20211110231637  -670.7 -83.9 -197.8
20211110231638  -670.7 -83.6 -197.5
20211110231639  -670.6 -83.8 -197.4
20211110231640  -670.9 -83.7 -197.6
20211110231641  -671.2 -83.8 -197.7
20211110231642  -671.0 -83.8 -197.6
20211110231643  -671.0 -83.8 -197.6
20211110231644  -670.6 -83.9 -197.4
20211110231645  -670.7 -83.9 -197.4
20211110231646  -670.7 -83.8 -197.9
20211110231647  -670.7 -84.1 -197.8
20211110231648  -670.4 -83.9 -197.5
20211110231649  -670.3 -83.9 -197.5
20211110231650  -670.3 -83.9 -197.6
20211110231651  -670.3 -84.0 -197.7
20211110231652  -670.6 -83.8 -197.7
20211110231653  -670.3 -83.3 -197.6
20211110231654  -670.7 -83.4 -197.7
20211110231655  -670.6 -83.7 -197.6
20211110231656  -670.5 -83.6 -197.8
20211110231657  -670.4 -83.6 -197.4
20211110231658  -670.2 -83.6 -197.4
20211110231659  -670.0 -83.6 -197.4
20211110231700  -670.2 -83.8 -197.7
20211110231701  -670.0 -83.4 -197.4
20211110231702  -670.1 -83.5 -197.4
20211110231703  -669.9 -83.3 -197.6
20211110231704  -670.0 -83.2 -197.4
20211110231705  -669.5 -83.2 -197.0
20211110231706  -669.7 -83.1 -196.7
20211110231707  -669.7 -83.4 -197.3
20211110231708  -669.6 -83.3 -197.4
20211110231709  -669.8 -83.4 -197.1
20211110231710  -669.9 -83.4 -196.8
20211110231711  -669.4 -83.4 -197.0
20211110231712  -669.6 -83.2 -197.2
20211110231713  -669.8 -83.2 -197.1
20211110231714  -669.6 -83.1 -197.1
20211110231715  -669.7 -83.2 -197.1
20211110231716  -669.9 -83.1 -197.1
20211110231717  -669.7 -83.2 -197.0
20211110231718  -669.5 -83.2 -196.6
20211110231719  -669.6 -83.1 -196.7
20211110231720  -669.7 -83.2 -197.0
20211110231721  -669.9 -83.3 -196.8
20211110231722  -669.8 -83.0 -197.1
20211110231723  -669.8 -83.3 -197.1
20211110231724  -669.6 -83.6 -197.2
20211110231725  -669.6 -83.4 -197.0
20211110231726  -669.3 -83.3 -196.5
20211110231727  -669.5 -83.4 -196.9
20211110231728  -669.6 -83.5 -196.8
20211110231729  -669.8 -83.1 -196.6
20211110231730  -669.8 -83.2 -197.0
20211110231731  -669.7 -83.5 -197.2
20211110231732  -669.5 -83.5 -197.2
20211110231733  -669.3 -83.5 -196.9
20211110231734  -669.6 -83.2 -197.4
20211110231735  -669.4 -83.0 -197.1
20211110231736  -669.1 -82.8 -196.6
20211110231737  -669.4 -83.3 -197.0
20211110231738  -669.7 -83.2 -197.0
20211110231739  -669.5 -83.1 -197.1
20211110231740  -669.6 -83.2 -196.7
20211110231741  -669.5 -83.0 -196.7
20211110231742  -669.4 -83.1 -196.7
20211110231743  -669.5 -83.1 -196.6
20211110231744  -669.5 -83.2 -196.4
20211110231745  -669.4 -83.1 -196.6
20211110231746  -669.3 -83.2 -196.3
20211110231747  -669.6 -83.3 -196.6
20211110231748  -669.3 -83.1 -196.7
20211110231749  -669.3 -83.4 -196.5
20211110231750  -669.0 -83.3 -196.6
20211110231751  -669.1 -83.5 -196.8
20211110231752  -669.2 -83.3 -196.7
20211110231753  -669.2 -83.4 -196.3
20211110231754  -669.2 -83.5 -196.6
20211110231755  -669.1 -83.2 -196.4
20211110231756  -669.0 -83.1 -196.3
20211110231757  -669.2 -83.4 -196.0
20211110231758  -669.2 -83.4 -196.3
20211110231759  -669.1 -83.5 -196.1
20211110231800  -669.2 -83.4 -196.4
20211110231801  -669.4 -83.3 -196.6
20211110231802  -669.1 -83.4 -196.6
20211110231803  -669.2 -83.6 -196.4
20211110231804  -669.3 -83.7 -196.5
20211110231805  -669.1 -83.7 -196.3
20211110231806  -669.0 -83.8 -196.2
20211110231807  -669.2 -83.8 -196.3
20211110231808  -669.1 -83.8 -196.5
20211110231809  -669.4 -84.2 -196.7
20211110231810  -669.2 -84.0 -196.9
20211110231811  -669.5 -83.7 -196.6
20211110231812  -669.3 -83.9 -196.6
20211110231813  -669.2 -83.9 -196.6
20211110231814  -669.1 -83.8 -196.5
20211110231815  -669.1 -83.9 -196.3
20211110231816  -669.2 -83.8 -196.3
20211110231817  -669.1 -84.0 -196.5
20211110231818  -669.4 -83.9 -196.5
