20211110211433  -651.1 -82.4 -182.0
20211110211434  -651.1 -82.5 -182.1
20211110211435  -651.4 -82.3 -182.1
20211110211436  -651.5 -82.3 -182.1
20211110211437  -651.4 -82.2 -182.0
20211110211438  -651.3 -82.2 -182.1
20211110211439  -651.5 -82.2 -182.5
20211110211440  -651.5 -82.4 -182.4
20211110211441  -651.2 -82.2 -182.2
20211110211442  -651.7 -82.1 -182.3
20211110211443  -651.6 -82.4 -182.2
20211110211444  -651.4 -81.9 -182.2
20211110211445  -651.4 -82.2 -182.2
20211110211446  -651.8 -82.2 -182.4
20211110211447  -651.7 -82.3 -182.4
20211110211448  -651.7 -82.4 -182.4
20211110211449  -651.7 -82.3 -182.2
20211110211450  -651.8 -82.1 -182.2
20211110211451  -651.8 -82.5 -182.6
20211110211452  -651.5 -82.4 -182.3
20211110211453  -650.9 -82.2 -181.7
20211110211454  -651.0 -82.1 -181.6
20211110211455  -652.1 -82.2 -182.4
20211110211456  -651.9 -82.1 -182.4
20211110211457  -652.0 -82.2 -182.3
20211110211458  -652.3 -82.1 -182.3
20211110211459  -652.1 -81.9 -182.6
20211110211500  -652.1 -81.9 -182.9
20211110211501  -652.0 -82.3 -182.7
20211110211502  -651.9 -82.2 -182.3
20211110211503  -652.1 -82.2 -182.7
20211110211504  -652.1 -82.4 -182.7
20211110211505  -652.1 -82.3 -182.5
20211110211506  -652.2 -82.4 -182.7
20211110211507  -652.2 -82.5 -182.6
20211110211508  -652.6 -82.5 -182.4
20211110211509  -652.5 -82.3 -182.4
20211110211510  -652.8 -82.2 -182.5
20211110211511  -652.8 -82.4 -182.4
20211110211512  -652.8 -82.5 -182.4
20211110211513  -652.8 -82.2 -182.8
20211110211514  -653.1 -82.4 -182.9
20211110211515  -653.1 -82.3 -182.6
20211110211516  -653.0 -82.5 -182.9
20211110211517  -653.1 -82.8 -182.8
20211110211518  -653.0 -82.8 -183.0
20211110211519  -653.1 -82.6 -182.9
20211110211520  -653.1 -82.7 -182.8
20211110211521  -653.0 -82.7 -182.6
20211110211522  -652.8 -82.7 -182.4
20211110211523  -652.5 -82.2 -182.0
20211110211524  -652.4 -82.2 -182.2
20211110211525  -653.1 -82.4 -182.6
20211110211526  -653.3 -82.6 -182.4
20211110211527  -653.1 -82.4 -182.8
20211110211528  -653.2 -82.7 -182.9
20211110211529  -653.1 -82.7 -182.8
20211110211530  -653.4 -82.8 -182.5
20211110211531  -653.3 -82.6 -182.6
20211110211532  -653.4 -82.8 -182.7
20211110211533  -653.6 -82.7 -182.9
20211110211534  -653.4 -82.6 -182.8
20211110211535  -653.5 -82.6 -182.9
20211110211536  -653.7 -82.9 -182.9
20211110211537  -653.8 -82.8 -183.1
20211110211538  -653.7 -83.0 -183.0
20211110211539  -653.8 -83.1 -183.0
20211110211540  -653.8 -83.0 -183.0
20211110211541  -653.9 -83.4 -183.4
20211110211542  -653.8 -83.2 -183.4
20211110211543  -653.7 -82.7 -183.4
20211110211544  -653.9 -82.8 -183.4
20211110211545  -654.0 -82.7 -183.5
20211110211546  -653.9 -82.7 -183.5
20211110211547  -653.8 -82.8 -183.3
20211110211548  -654.0 -83.2 -183.1
20211110211549  -654.0 -83.1 -183.0
20211110211550  -654.1 -83.2 -183.2
20211110211551  -654.3 -83.1 -183.3
20211110211552  -653.7 -83.4 -183.1
20211110211553  -653.4 -83.2 -182.8
20211110211554  -653.3 -83.1 -182.7
20211110211555  -654.1 -83.0 -183.1
20211110211556  -654.2 -83.4 -183.1
20211110211557  -654.3 -83.5 -183.5
20211110211558  -654.3 -83.5 -183.2
20211110211559  -654.4 -83.5 -183.4
20211110211600  -654.2 -83.5 -183.7
20211110211601  -654.2 -83.4 -183.8
20211110211602  -654.2 -83.7 -183.9
20211110211603  -654.2 -83.6 -183.8
20211110211604  -654.0 -83.5 -183.7
20211110211605  -653.9 -83.7 -183.9
20211110211606  -653.9 -83.7 -183.8
20211110211607  -654.1 -83.6 -184.0
20211110211608  -654.2 -83.6 -183.9
20211110211609  -654.2 -83.6 -184.0
20211110211610  -654.1 -83.6 -183.8
20211110211611  -654.4 -83.8 -183.5
20211110211612  -654.1 -83.6 -183.8
20211110211613  -654.2 -83.5 -184.0
20211110211614  -654.3 -83.5 -184.1
20211110211615  -654.4 -83.4 -184.0
20211110211616  -654.2 -83.3 -184.0
20211110211617  -654.2 -83.6 -184.0
20211110211618  -654.3 -83.7 -184.1
20211110211619  -654.1 -83.8 -184.2
20211110211620  -654.1 -83.6 -184.1
20211110211621  -654.5 -83.7 -184.1
20211110211622  -654.1 -83.6 -184.2
20211110211623  -653.7 -83.4 -183.6
20211110211624  -653.2 -83.1 -183.3
20211110211625  -653.8 -82.9 -183.5
20211110211626  -654.2 -83.3 -183.9
20211110211627  -654.2 -83.0 -183.8
20211110211628  -654.4 -83.4 -183.9
20211110211629  -654.1 -83.4 -184.0
20211110211630  -654.2 -83.7 -184.2
20211110211631  -654.2 -83.3 -184.0
20211110211632  -654.1 -83.0 -184.2
20211110211633  -654.2 -82.8 -184.1
20211110211634  -654.2 -83.1 -184.3
20211110211635  -654.1 -82.8 -184.3
20211110211636  -654.1 -82.8 -184.3
20211110211637  -654.0 -82.7 -184.1
20211110211638  -654.0 -82.6 -184.0
20211110211639  -653.9 -82.6 -184.1
20211110211640  -654.2 -82.8 -184.2
20211110211641  -654.3 -82.7 -184.4
20211110211642  -654.2 -82.9 -184.3
20211110211643  -654.0 -82.7 -184.3
20211110211644  -654.1 -82.9 -184.1
20211110211645  -654.0 -82.7 -184.3
20211110211646  -654.0 -82.8 -184.2
20211110211647  -654.2 -82.7 -184.4
20211110211648  -653.9 -82.8 -184.3
20211110211649  -654.0 -82.5 -184.3
20211110211650  -654.0 -82.3 -184.3
20211110211651  -654.1 -82.2 -184.3
20211110211652  -653.4 -82.5 -184.3
20211110211653  -652.9 -82.0 -183.9
20211110211654  -653.0 -81.8 -183.6
20211110211655  -653.0 -81.9 -183.9
20211110211656  -653.5 -81.9 -184.2
20211110211657  -653.7 -82.2 -184.4
20211110211658  -653.6 -82.1 -184.2
20211110211659  -653.6 -81.9 -184.1
20211110211700  -653.9 -81.8 -184.3
20211110211701  -653.7 -82.0 -184.2
20211110211702  -653.7 -81.9 -184.4
20211110211703  -653.7 -81.8 -184.4
20211110211704  -653.7 -81.5 -184.2
20211110211705  -653.8 -81.8 -184.4
20211110211706  -653.5 -81.9 -184.4
20211110211707  -653.6 -81.8 -184.4
20211110211708  -653.5 -81.9 -184.5
20211110211709  -653.4 -81.5 -184.8
20211110211710  -653.4 -81.5 -184.5
20211110211711  -653.4 -81.4 -184.3
20211110211712  -653.2 -81.3 -184.5
20211110211713  -653.3 -81.6 -184.9
20211110211714  -653.2 -81.7 -184.7
20211110211715  -653.2 -81.6 -184.4
20211110211716  -653.2 -81.5 -184.8
20211110211717  -652.8 -81.9 -184.8
20211110211718  -653.0 -81.7 -184.7
20211110211719  -653.3 -81.6 -184.6
20211110211720  -653.2 -81.6 -184.7
20211110211721  -652.8 -81.6 -184.6
20211110211722  -652.4 -81.3 -184.3
20211110211723  -652.0 -81.4 -184.0
20211110211724  -651.9 -81.4 -183.7
20211110211725  -651.6 -81.3 -184.1
20211110211726  -652.4 -81.1 -184.6
20211110211727  -652.2 -81.3 -184.6
20211110211728  -652.2 -81.2 -184.5
20211110211729  -652.3 -81.0 -184.4
20211110211730  -652.1 -81.3 -184.7
20211110211731  -652.0 -81.3 -184.3
20211110211732  -652.2 -81.2 -184.4
20211110211733  -652.3 -81.1 -184.6
20211110211734  -651.8 -81.2 -184.7
20211110211735  -651.9 -81.2 -184.5
20211110211736  -652.1 -81.2 -184.6
20211110211737  -652.0 -81.0 -184.7
20211110211738  -651.9 -81.2 -184.5
20211110211739  -652.2 -81.1 -184.5
20211110211740  -651.8 -80.9 -184.5
20211110211741  -651.7 -81.2 -184.6
20211110211742  -651.9 -81.3 -184.6
20211110211743  -651.5 -81.2 -184.7
20211110211744  -651.7 -81.0 -184.6
20211110211745  -651.6 -81.1 -184.6
20211110211746  -651.6 -81.2 -184.9
20211110211747  -651.7 -81.1 -184.7
20211110211748  -651.6 -80.9 -184.4
20211110211749  -651.7 -80.9 -184.7
20211110211750  -651.8 -80.8 -184.6
20211110211751  -651.8 -80.9 -184.6
20211110211752  -651.4 -81.1 -184.4
20211110211753  -651.0 -81.0 -183.8
20211110211754  -650.6 -80.8 -183.9
20211110211755  -650.8 -80.7 -183.8
20211110211756  -651.4 -80.8 -184.1
20211110211757  -651.3 -80.8 -184.4
20211110211758  -651.4 -80.9 -184.4
20211110211759  -651.3 -80.8 -184.6
20211110211800  -651.3 -81.0 -184.7
20211110211801  -651.2 -81.0 -184.7
20211110211802  -651.3 -80.9 -184.7
20211110211803  -651.6 -80.7 -184.6
20211110211804  -651.5 -80.8 -184.9
20211110211805  -651.2 -80.9 -184.7
20211110211806  -651.3 -81.0 -184.6
20211110211807  -651.4 -80.4 -184.5
20211110211808  -651.6 -80.7 -184.7
20211110211809  -651.7 -80.9 -184.8
20211110211810  -651.6 -80.9 -184.7
20211110211811  -651.9 -80.4 -184.7
20211110211812  -652.1 -80.8 -184.9
20211110211813  -652.0 -80.9 -184.8
20211110211814  -652.2 -80.7 -185.0
20211110211815  -652.4 -80.6 -185.2
20211110211816  -652.5 -80.4 -185.2
20211110211817  -652.8 -80.8 -184.7
