20211031005028  -769.7 -28.8 -264.8
20211031005029  -770.0 -28.9 -264.7
20211031005030  -770.1 -28.6 -264.9
20211031005031  -770.4 -28.4 -265.0
20211031005032  -770.4 -28.1 -264.9
20211031005033  -770.8 -28.2 -265.1
20211031005034  -770.8 -28.2 -265.2
20211031005035  -770.7 -28.4 -265.5
20211031005036  -771.1 -28.6 -265.3
20211031005037  -771.2 -28.5 -265.3
20211031005038  -771.6 -28.4 -265.5
20211031005039  -771.8 -28.9 -265.6
20211031005040  -771.9 -28.8 -265.3
20211031005041  -772.2 -28.3 -265.4
20211031005042  -772.2 -28.3 -264.4
20211031005043  -771.8 -28.1 -264.1
20211031005044  -772.4 -28.2 -264.2
20211031005045  -772.5 -27.9 -263.9
20211031005046  -772.4 -27.9 -264.1
20211031005047  -772.5 -27.0 -264.0
20211031005048  -772.6 -26.6 -264.3
20211031005049  -772.6 -26.8 -264.7
20211031005050  -773.0 -26.8 -264.8
20211031005051  -773.3 -27.0 -264.8
20211031005052  -773.4 -27.4 -265.2
20211031005053  -773.8 -27.5 -265.2
20211031005054  -774.0 -28.1 -265.6
20211031005055  -774.0 -28.5 -265.5
20211031005056  -774.2 -28.8 -265.2
20211031005057  -774.3 -28.7 -265.3
20211031005058  -774.8 -28.6 -265.4
20211031005059  -774.7 -28.3 -265.2
20211031005100  -775.1 -27.6 -265.6
20211031005101  -775.1 -27.2 -265.2
20211031005102  -775.0 -26.8 -265.1
20211031005103  -774.9 -26.5 -265.0
20211031005104  -774.9 -26.5 -264.6
20211031005105  -775.2 -26.8 -264.8
20211031005106  -775.4 -26.9 -264.7
20211031005107  -775.4 -27.3 -265.0
20211031005108  -775.5 -27.3 -265.3
20211031005109  -775.5 -27.8 -265.3
20211031005110  -775.3 -27.6 -265.5
20211031005111  -775.3 -27.6 -265.1
20211031005112  -775.3 -27.5 -264.9
20211031005113  -775.0 -27.2 -264.5
20211031005114  -774.9 -26.8 -264.0
20211031005115  -775.2 -26.9 -264.0
20211031005116  -775.5 -26.7 -264.1
20211031005117  -775.5 -26.8 -264.5
20211031005118  -775.3 -26.9 -264.6
20211031005119  -775.2 -26.7 -264.6
20211031005120  -775.5 -27.1 -264.8
20211031005121  -775.5 -27.1 -264.4
20211031005122  -775.6 -27.4 -264.7
20211031005123  -775.5 -27.6 -264.8
20211031005124  -775.5 -27.3 -264.7
20211031005125  -775.8 -27.2 -264.8
20211031005126  -775.6 -27.1 -265.2
20211031005127  -775.6 -26.8 -265.5
20211031005128  -776.1 -26.5 -265.7
20211031005129  -776.5 -26.3 -265.6
20211031005130  -776.4 -26.1 -265.3
20211031005131  -776.6 -26.1 -264.9
20211031005132  -776.3 -26.1 -264.4
20211031005133  -776.3 -26.4 -263.9
20211031005134  -776.5 -26.4 -263.4
20211031005135  -776.4 -26.5 -262.9
20211031005136  -776.5 -26.4 -262.8
20211031005137  -776.8 -26.4 -263.2
20211031005138  -776.8 -26.2 -263.1
20211031005139  -776.8 -26.1 -262.5
20211031005140  -777.0 -26.0 -263.1
20211031005141  -777.4 -25.5 -262.8
20211031005142  -777.8 -25.6 -262.9
20211031005143  -777.4 -25.6 -262.3
20211031005144  -777.1 -25.2 -262.0
20211031005145  -777.8 -25.0 -262.6
20211031005146  -778.1 -25.4 -262.8
20211031005147  -778.4 -25.6 -262.8
20211031005148  -778.6 -25.9 -263.0
20211031005149  -779.0 -26.3 -262.5
20211031005150  -779.3 -26.3 -262.0
20211031005151  -779.5 -26.2 -262.0
20211031005152  -779.5 -26.1 -262.3
20211031005153  -779.9 -26.0 -262.4
20211031005154  -779.8 -25.8 -262.6
20211031005155  -780.1 -25.9 -262.9
20211031005156  -780.2 -26.0 -263.1
20211031005157  -780.3 -26.3 -263.1
20211031005158  -780.6 -25.8 -263.1
20211031005159  -780.9 -25.3 -263.4
20211031005200  -781.4 -25.2 -262.9
20211031005201  -781.5 -25.1 -262.4
20211031005202  -781.6 -24.7 -262.1
20211031005203  -781.7 -24.5 -261.3
20211031005204  -781.7 -24.5 -261.4
20211031005205  -781.9 -24.3 -260.8
20211031005206  -782.1 -24.4 -260.6
20211031005207  -782.3 -24.2 -260.3
20211031005208  -782.6 -24.4 -260.3
20211031005209  -782.9 -24.6 -260.0
20211031005210  -782.9 -24.4 -259.9
20211031005211  -783.2 -24.9 -259.5
20211031005212  -783.4 -24.6 -259.6
20211031005213  -783.1 -24.5 -259.1
20211031005214  -782.8 -24.4 -258.7
20211031005215  -782.8 -24.1 -258.7
20211031005216  -783.4 -23.6 -259.0
20211031005217  -783.5 -23.5 -258.8
20211031005218  -783.7 -23.5 -259.1
20211031005219  -783.7 -23.5 -259.4
20211031005220  -783.8 -23.9 -259.6
20211031005221  -784.0 -23.9 -259.5
20211031005222  -784.2 -24.2 -259.3
20211031005223  -784.2 -24.1 -259.1
20211031005224  -784.4 -24.3 -258.7
20211031005225  -784.4 -24.3 -258.3
20211031005226  -784.6 -24.4 -258.0
20211031005227  -784.6 -24.5 -257.8
20211031005228  -784.6 -24.3 -257.9
20211031005229  -784.6 -24.3 -258.2
20211031005230  -784.9 -24.6 -258.6
20211031005231  -784.9 -24.4 -258.7
20211031005232  -785.0 -24.5 -258.8
20211031005233  -784.8 -24.5 -259.0
20211031005234  -784.8 -24.4 -259.0
20211031005235  -784.5 -24.4 -258.9
20211031005236  -784.5 -24.6 -258.9
20211031005237  -784.7 -24.7 -259.0
20211031005238  -784.4 -24.6 -258.6
20211031005239  -784.1 -24.9 -258.3
20211031005240  -784.0 -25.3 -258.5
20211031005241  -783.4 -25.1 -258.2
20211031005242  -783.4 -25.1 -258.3
20211031005243  -782.7 -25.1 -258.1
20211031005244  -782.1 -25.0 -258.0
20211031005245  -781.6 -24.8 -257.8
20211031005246  -781.6 -24.6 -257.9
20211031005247  -782.1 -24.8 -257.9
20211031005248  -782.1 -24.7 -257.7
20211031005249  -782.2 -24.9 -257.3
20211031005250  -781.8 -24.8 -257.1
20211031005251  -782.0 -24.7 -256.8
20211031005252  -781.8 -24.3 -256.9
20211031005253  -782.1 -24.5 -257.1
20211031005254  -781.9 -24.4 -257.3
20211031005255  -781.6 -24.9 -257.9
20211031005256  -781.6 -25.3 -258.2
20211031005257  -781.7 -25.9 -258.2
20211031005258  -782.0 -26.0 -258.1
20211031005259  -782.2 -26.1 -258.1
20211031005300  -782.1 -26.1 -257.6
20211031005301  -782.2 -25.9 -257.2
20211031005302  -782.2 -25.8 -257.3
20211031005303  -781.9 -25.8 -257.0
20211031005304  -782.0 -25.9 -256.8
20211031005305  -781.9 -25.8 -256.5
20211031005306  -781.5 -25.9 -256.6
20211031005307  -781.7 -26.6 -256.6
20211031005308  -781.7 -26.6 -257.1
20211031005309  -781.6 -26.7 -257.3
20211031005310  -781.5 -26.5 -257.5
20211031005311  -781.4 -26.4 -257.7
20211031005312  -781.5 -25.6 -257.7
20211031005313  -780.9 -25.0 -257.3
20211031005314  -780.5 -24.5 -256.6
20211031005315  -780.3 -24.3 -257.0
20211031005316  -780.1 -24.4 -256.8
20211031005317  -780.7 -24.2 -257.6
20211031005318  -780.9 -25.0 -257.8
20211031005319  -781.3 -25.3 -258.1
20211031005320  -781.5 -25.5 -258.3
20211031005321  -781.9 -25.7 -257.9
20211031005322  -781.7 -26.2 -258.0
20211031005323  -781.4 -26.5 -257.7
20211031005324  -780.9 -26.7 -257.4
20211031005325  -781.1 -26.9 -257.3
20211031005326  -781.4 -27.0 -257.6
20211031005327  -781.1 -27.0 -257.7
20211031005328  -780.7 -27.0 -258.1
20211031005329  -780.5 -27.0 -258.0
20211031005330  -780.5 -27.2 -257.9
20211031005331  -780.4 -27.7 -258.1
20211031005332  -780.5 -27.8 -258.1
20211031005333  -780.6 -27.7 -258.1
20211031005334  -780.5 -27.2 -258.2
20211031005335  -781.1 -26.6 -258.4
20211031005336  -780.7 -26.2 -258.3
20211031005337  -780.5 -26.1 -258.3
20211031005338  -780.2 -25.5 -258.2
20211031005339  -780.1 -25.3 -258.0
20211031005340  -779.6 -25.2 -258.0
20211031005341  -779.6 -25.6 -258.1
20211031005342  -779.5 -26.2 -258.2
20211031005343  -779.2 -26.9 -258.4
20211031005344  -778.9 -27.3 -258.0
20211031005345  -779.4 -27.9 -258.7
20211031005346  -779.4 -27.7 -258.9
20211031005347  -779.5 -27.7 -258.6
20211031005348  -779.7 -27.5 -258.5
20211031005349  -779.5 -27.2 -258.2
20211031005350  -779.5 -27.0 -257.7
20211031005351  -779.2 -26.6 -257.1
20211031005352  -779.0 -26.9 -256.8
20211031005353  -778.5 -26.9 -256.6
20211031005354  -778.2 -26.9 -256.4
20211031005355  -778.1 -27.1 -257.1
20211031005356  -778.1 -27.0 -257.2
20211031005357  -778.0 -27.2 -257.2
20211031005358  -778.2 -27.7 -257.3
20211031005359  -778.3 -28.2 -257.4
20211031005400  -778.2 -28.2 -257.3
20211031005401  -778.1 -28.1 -257.1
20211031005402  -778.1 -28.4 -257.2
20211031005403  -778.3 -28.7 -257.4
20211031005404  -778.5 -28.9 -257.1
20211031005405  -778.5 -29.0 -257.2
20211031005406  -778.8 -28.8 -257.2
20211031005407  -779.0 -28.4 -257.3
20211031005408  -778.9 -28.1 -256.9
20211031005409  -779.0 -27.8 -256.8
20211031005410  -778.2 -27.8 -256.8
20211031005411  -778.2 -27.7 -256.8
20211031005412  -778.7 -27.7 -257.6
20211031005413  -778.8 -27.4 -257.1
20211031005414  -778.7 -27.2 -257.4
20211031005415  -778.7 -27.4 -257.3
20211031005416  -778.9 -27.5 -257.9
