20211203213025  -707.9 -65.9 -776.0
20211203213026  -708.0 -65.7 -776.1
20211203213027  -708.2 -65.9 -776.1
20211203213028  -708.1 -65.8 -776.2
20211203213029  -708.2 -65.9 -776.3
20211203213030  -707.9 -65.9 -776.3
20211203213031  -707.9 -65.9 -776.4
20211203213032  -707.8 -65.8 -776.8
20211203213033  -707.8 -65.8 -776.8
20211203213034  -708.0 -65.8 -776.4
20211203213035  -707.8 -65.8 -776.1
20211203213036  -707.7 -65.6 -776.6
20211203213037  -707.8 -65.6 -776.9
20211203213038  -707.9 -65.6 -776.5
20211203213039  -708.1 -65.8 -776.7
20211203213040  -708.0 -66.1 -776.6
20211203213041  -707.6 -66.0 -776.5
20211203213042  -707.1 -65.7 -776.0
20211203213043  -707.0 -65.5 -775.9
20211203213044  -707.7 -65.6 -776.7
20211203213045  -707.9 -65.8 -776.9
20211203213046  -708.3 -65.7 -777.0
20211203213047  -708.2 -65.9 -777.1
20211203213048  -708.0 -65.8 -777.1
20211203213049  -708.3 -65.6 -777.0
20211203213050  -708.2 -65.5 -777.0
20211203213051  -708.2 -65.9 -777.1
20211203213052  -708.2 -66.0 -777.1
20211203213053  -708.5 -65.8 -777.0
20211203213054  -708.3 -65.8 -777.0
20211203213055  -708.2 -65.6 -776.8
20211203213056  -708.2 -65.7 -776.9
20211203213057  -708.0 -65.6 -776.9
20211203213058  -708.5 -65.7 -777.2
20211203213059  -708.8 -65.6 -777.0
20211203213100  -708.6 -65.7 -777.4
20211203213101  -708.7 -65.7 -777.4
20211203213102  -708.5 -65.9 -777.3
20211203213103  -708.6 -66.1 -777.4
20211203213104  -708.5 -66.0 -777.3
20211203213105  -708.6 -66.1 -777.4
20211203213106  -708.8 -66.3 -777.6
20211203213107  -708.4 -66.2 -777.6
20211203213108  -708.0 -66.0 -777.2
20211203213109  -708.0 -65.8 -777.1
20211203213110  -708.9 -65.9 -777.7
20211203213111  -708.7 -65.9 -777.4
20211203213112  -708.6 -65.9 -777.4
20211203213113  -708.8 -66.0 -777.4
20211203213114  -708.5 -66.1 -777.5
20211203213115  -708.8 -66.3 -777.4
20211203213116  -708.8 -66.1 -777.5
20211203213117  -708.7 -66.3 -777.3
20211203213118  -708.7 -66.2 -777.7
20211203213119  -708.9 -66.1 -777.5
20211203213120  -708.7 -66.2 -777.7
20211203213121  -708.8 -66.1 -777.4
20211203213122  -708.8 -66.2 -777.8
20211203213123  -708.7 -66.2 -777.8
20211203213124  -708.8 -66.5 -778.1
20211203213125  -708.9 -66.5 -777.9
20211203213126  -709.0 -66.4 -778.1
20211203213127  -709.0 -66.3 -778.2
20211203213128  -708.8 -66.5 -778.4
20211203213129  -708.9 -66.4 -778.4
20211203213130  -709.0 -66.6 -778.3
20211203213131  -709.1 -66.4 -778.2
20211203213132  -709.1 -67.0 -778.4
20211203213133  -708.6 -67.0 -778.2
20211203213134  -708.1 -66.7 -777.6
20211203213135  -708.4 -67.0 -777.7
20211203213136  -708.5 -66.9 -778.3
20211203213137  -708.6 -66.5 -778.3
20211203213138  -708.8 -66.5 -778.0
20211203213139  -709.0 -66.6 -778.2
20211203213140  -709.3 -66.6 -778.1
20211203213141  -709.0 -66.4 -778.3
20211203213142  -709.2 -66.4 -778.5
20211203213143  -709.3 -66.3 -778.6
20211203213144  -709.4 -66.4 -778.7
20211203213145  -709.4 -66.4 -778.6
20211203213146  -709.7 -66.3 -778.6
20211203213147  -709.6 -66.1 -778.6
20211203213148  -709.6 -66.2 -778.6
20211203213149  -709.3 -66.4 -778.5
20211203213150  -709.3 -66.4 -778.6
20211203213151  -709.3 -66.6 -778.6
20211203213152  -709.4 -66.3 -778.4
20211203213153  -709.1 -66.2 -778.5
20211203213154  -709.3 -66.3 -778.4
20211203213155  -708.9 -66.4 -778.6
20211203213156  -708.9 -65.9 -778.5
20211203213157  -709.1 -66.0 -778.4
20211203213158  -709.1 -66.2 -778.6
20211203213159  -709.1 -66.3 -778.4
20211203213200  -708.3 -66.2 -777.9
20211203213201  -708.7 -65.7 -778.2
20211203213202  -709.2 -65.7 -778.6
20211203213203  -709.0 -65.9 -778.2
20211203213204  -709.2 -65.7 -778.3
20211203213205  -709.3 -65.8 -778.3
20211203213206  -709.3 -65.9 -778.1
20211203213207  -709.3 -65.8 -778.4
20211203213208  -709.4 -66.1 -778.6
20211203213209  -709.3 -65.9 -778.3
20211203213210  -709.3 -65.8 -778.6
20211203213211  -709.5 -65.8 -778.7
20211203213212  -709.6 -65.8 -778.6
20211203213213  -709.8 -65.6 -778.7
20211203213214  -709.5 -65.5 -778.6
20211203213215  -709.6 -65.6 -778.3
20211203213216  -709.2 -65.5 -778.4
20211203213217  -709.6 -65.5 -778.4
20211203213218  -709.2 -65.2 -778.1
20211203213219  -709.3 -65.8 -778.3
20211203213220  -709.2 -65.6 -778.3
20211203213221  -709.0 -65.9 -778.2
20211203213222  -708.6 -65.9 -778.2
20211203213223  -708.7 -65.8 -778.2
20211203213224  -708.9 -65.7 -778.4
20211203213225  -708.9 -65.6 -778.7
20211203213226  -708.4 -65.6 -778.0
20211203213227  -708.2 -65.6 -777.6
20211203213228  -707.8 -65.1 -777.6
20211203213229  -707.6 -65.2 -777.6
20211203213230  -707.7 -65.2 -777.3
20211203213231  -708.6 -65.6 -778.2
20211203213232  -708.8 -65.6 -778.6
20211203213233  -708.9 -65.8 -778.3
20211203213234  -709.2 -65.8 -778.6
20211203213235  -709.6 -65.8 -778.8
20211203213236  -709.8 -65.6 -778.8
20211203213237  -709.6 -65.8 -778.7
20211203213238  -709.9 -65.7 -778.7
20211203213239  -709.8 -65.9 -778.5
20211203213240  -709.9 -65.8 -778.6
20211203213241  -709.9 -65.7 -779.2
20211203213242  -710.5 -65.6 -779.1
20211203213243  -710.3 -65.6 -778.7
20211203213244  -710.6 -65.4 -778.8
20211203213245  -710.5 -65.4 -778.8
20211203213246  -710.8 -65.5 -779.0
20211203213247  -711.0 -65.2 -778.6
20211203213248  -711.1 -65.3 -778.4
20211203213249  -711.3 -65.7 -778.6
20211203213250  -711.2 -66.2 -778.8
20211203213251  -711.4 -66.1 -778.9
20211203213252  -711.6 -65.9 -779.1
20211203213253  -711.6 -65.8 -779.2
20211203213254  -711.8 -65.8 -779.1
20211203213255  -711.9 -65.4 -779.2
20211203213256  -711.7 -65.9 -779.1
20211203213257  -711.3 -65.7 -778.6
20211203213258  -711.4 -65.4 -778.7
20211203213259  -711.2 -65.4 -778.7
20211203213300  -711.1 -65.2 -778.1
20211203213301  -711.7 -65.2 -778.3
20211203213302  -712.1 -65.4 -778.7
20211203213303  -712.2 -65.3 -778.9
20211203213304  -712.7 -65.5 -778.7
20211203213305  -712.4 -65.7 -779.0
20211203213306  -712.7 -65.6 -778.9
20211203213307  -712.9 -65.5 -778.9
20211203213308  -712.9 -65.6 -778.8
20211203213309  -713.1 -65.3 -778.7
20211203213310  -712.9 -65.6 -778.4
20211203213311  -712.9 -65.4 -778.7
20211203213312  -713.0 -65.7 -778.7
20211203213313  -712.8 -65.3 -778.9
20211203213314  -713.1 -65.6 -778.9
20211203213315  -713.1 -65.5 -779.1
20211203213316  -713.1 -65.6 -779.0
20211203213317  -713.0 -65.6 -779.1
20211203213318  -713.0 -65.5 -779.3
20211203213319  -713.3 -65.5 -779.3
20211203213320  -713.4 -65.6 -779.2
20211203213321  -713.6 -65.4 -779.2
20211203213322  -713.6 -65.1 -779.3
20211203213323  -713.6 -65.0 -779.0
20211203213324  -713.5 -65.2 -779.1
20211203213325  -713.6 -64.9 -779.1
20211203213326  -713.5 -65.4 -779.2
20211203213327  -713.2 -65.2 -778.9
20211203213328  -713.7 -65.3 -778.9
20211203213329  -714.0 -65.2 -779.1
20211203213330  -713.6 -65.2 -779.1
20211203213331  -713.8 -65.2 -779.0
20211203213332  -713.8 -65.4 -779.2
20211203213333  -713.5 -65.2 -779.2
20211203213334  -713.6 -64.9 -779.1
20211203213335  -713.4 -65.4 -779.2
20211203213336  -713.1 -65.1 -778.7
20211203213337  -712.9 -65.4 -778.8
20211203213338  -713.0 -64.8 -778.9
20211203213339  -712.7 -65.0 -779.0
20211203213340  -712.7 -65.1 -779.2
20211203213341  -712.5 -65.0 -779.4
20211203213342  -712.7 -65.1 -779.5
20211203213343  -712.5 -65.0 -779.1
20211203213344  -712.4 -65.2 -779.2
20211203213345  -712.4 -64.9 -779.4
20211203213346  -712.6 -64.9 -779.2
20211203213347  -712.5 -65.0 -779.0
20211203213348  -712.5 -64.7 -778.9
20211203213349  -712.2 -64.8 -779.0
20211203213350  -712.2 -64.9 -778.8
20211203213351  -712.3 -64.5 -779.0
20211203213352  -712.2 -65.0 -779.4
20211203213353  -711.7 -64.7 -778.7
20211203213354  -712.0 -64.3 -778.7
20211203213355  -712.7 -64.3 -779.0
20211203213356  -712.7 -64.3 -779.3
20211203213357  -712.9 -64.1 -779.3
20211203213358  -713.1 -64.1 -779.1
20211203213359  -713.2 -64.0 -779.1
20211203213400  -713.2 -64.0 -779.0
20211203213401  -713.0 -63.9 -779.2
20211203213402  -712.8 -64.1 -779.4
20211203213403  -712.7 -64.2 -779.0
20211203213404  -712.5 -64.3 -779.2
20211203213405  -712.1 -64.1 -778.8
20211203213406  -712.3 -64.1 -778.6
20211203213407  -712.1 -64.1 -778.6
20211203213408  -712.2 -63.8 -778.4
20211203213409  -712.1 -63.9 -778.6
20211203213410  -711.9 -63.9 -778.7
20211203213411  -711.9 -64.0 -778.4
20211203213412  -711.8 -63.9 -778.4
20211203213413  -711.7 -64.0 -778.4
20211203213414  -711.8 -64.3 -778.5
20211203213415  -711.7 -64.1 -778.9
20211203213416  -711.6 -63.7 -778.7
20211203213417  -711.7 -63.6 -778.8
20211203213418  -711.5 -63.8 -778.9
20211203213419  -710.8 -63.3 -778.3
20211203213420  -710.4 -63.5 -777.9
20211203213421  -710.9 -63.3 -778.3
20211203213422  -710.7 -63.5 -778.5
20211203213423  -710.4 -63.5 -778.7
20211203213424  -710.1 -63.5 -778.8
20211203213425  -709.7 -63.1 -778.3
20211203213426  -710.0 -63.2 -778.1
20211203213427  -709.7 -63.2 -777.7
20211203213428  -709.2 -63.3 -777.9
20211203213429  -708.9 -63.0 -777.6
20211203213430  -708.5 -62.9 -777.3
20211203213431  -708.1 -63.0 -777.5
20211203213432  -707.8 -63.1 -777.5
20211203213433  -707.5 -62.8 -777.5
20211203213434  -706.9 -62.9 -777.2
20211203213435  -706.5 -62.8 -777.0
20211203213436  -706.2 -63.1 -777.0
20211203213437  -706.2 -63.0 -776.7
20211203213438  -705.4 -62.9 -776.9
20211203213439  -704.7 -62.8 -776.8
20211203213440  -704.6 -63.0 -776.6
20211203213441  -704.1 -62.8 -776.5
20211203213442  -703.8 -62.7 -776.3
20211203213443  -703.7 -62.3 -776.3
20211203213444  -703.3 -62.5 -776.5
20211203213445  -702.8 -62.7 -775.9
20211203213446  -702.1 -62.2 -775.7
20211203213447  -702.0 -62.0 -775.7
20211203213448  -702.4 -62.2 -776.2
20211203213449  -702.3 -62.0 -776.1
20211203213450  -702.1 -62.2 -776.1
20211203213451  -701.7 -62.2 -776.2
20211203213452  -701.8 -62.5 -776.2
20211203213453  -701.7 -62.3 -776.1
20211203213454  -701.9 -62.3 -776.2
20211203213455  -701.8 -62.2 -776.2
20211203213456  -701.9 -62.2 -776.2
20211203213457  -701.6 -61.9 -776.0
20211203213458  -701.4 -62.1 -776.1
20211203213459  -701.3 -62.4 -775.9
20211203213500  -700.9 -62.2 -776.1
20211203213501  -700.5 -62.5 -775.8
20211203213502  -700.4 -62.4 -775.9
20211203213503  -700.3 -62.7 -776.0
20211203213504  -699.9 -62.6 -775.9
20211203213505  -700.0 -62.5 -776.1
20211203213506  -700.0 -62.6 -776.2
20211203213507  -699.9 -62.7 -775.8
20211203213508  -699.8 -62.6 -776.1
20211203213509  -699.6 -62.4 -775.7
20211203213510  -699.6 -62.6 -775.7
20211203213511  -698.7 -62.6 -775.3
20211203213512  -698.7 -62.4 -775.0
20211203213513  -698.7 -62.1 -775.0
20211203213514  -699.3 -62.3 -775.5
20211203213515  -698.9 -62.1 -775.3
20211203213516  -698.9 -62.0 -775.2
20211203213517  -699.0 -62.1 -775.2
20211203213518  -699.0 -62.4 -775.6
20211203213519  -698.7 -62.3 -775.6
20211203213520  -698.6 -62.4 -775.4
20211203213521  -698.4 -62.4 -775.5
20211203213522  -698.3 -62.3 -775.6
20211203213523  -698.1 -62.2 -775.4
20211203213524  -697.8 -62.3 -775.4
20211203213525  -697.9 -62.2 -775.4
20211203213526  -698.1 -62.0 -775.3
20211203213527  -697.8 -62.1 -774.9
20211203213528  -697.8 -62.0 -775.0
20211203213529  -697.9 -62.2 -775.0
20211203213530  -697.9 -62.2 -775.0
20211203213531  -697.5 -62.2 -775.0
20211203213532  -697.1 -62.3 -775.0
20211203213533  -697.3 -62.5 -775.1
20211203213534  -697.4 -62.5 -774.9
20211203213535  -697.3 -62.3 -774.9
20211203213536  -697.2 -62.5 -775.2
20211203213537  -697.4 -62.6 -774.9
20211203213538  -696.7 -62.3 -774.5
20211203213539  -696.5 -62.5 -774.3
20211203213540  -697.2 -62.3 -774.6
20211203213541  -697.5 -62.2 -775.1
20211203213542  -697.6 -62.2 -774.9
20211203213543  -697.4 -62.1 -775.0
20211203213544  -697.4 -62.3 -774.8
20211203213545  -697.4 -62.0 -774.7
20211203213546  -697.2 -62.0 -774.7
20211203213547  -697.3 -62.0 -774.7
20211203213548  -697.2 -62.1 -774.7
20211203213549  -697.4 -61.9 -774.8
20211203213550  -697.4 -61.9 -774.6
20211203213551  -697.2 -62.0 -774.9
20211203213552  -697.2 -62.1 -774.8
20211203213553  -697.5 -62.2 -774.7
20211203213554  -697.2 -62.0 -774.7
20211203213555  -697.5 -62.1 -774.6
20211203213556  -697.6 -62.2 -774.7
20211203213557  -697.5 -62.2 -774.6
20211203213558  -697.4 -62.3 -774.5
20211203213559  -697.4 -62.1 -774.4
20211203213600  -697.5 -62.1 -774.3
20211203213601  -697.5 -62.3 -774.3
20211203213602  -697.4 -62.4 -774.4
20211203213603  -696.9 -62.3 -774.1
20211203213604  -696.4 -62.0 -773.7
20211203213605  -695.9 -62.0 -773.3
20211203213606  -696.4 -61.8 -773.6
20211203213607  -696.9 -61.9 -773.9
20211203213608  -697.1 -61.8 -773.9
20211203213609  -697.2 -61.9 -774.2
20211203213610  -697.2 -61.6 -774.1
20211203213611  -697.4 -61.4 -774.1
20211203213612  -697.2 -61.4 -774.0
20211203213613  -697.0 -61.3 -774.0
20211203213614  -697.1 -61.4 -774.0
20211203213615  -697.2 -61.2 -774.1
20211203213616  -697.2 -61.1 -774.0
20211203213617  -697.2 -61.4 -774.1
20211203213618  -697.4 -61.7 -774.0
20211203213619  -697.6 -61.5 -774.2
20211203213620  -697.7 -61.6 -774.3
20211203213621  -697.5 -61.1 -774.1
20211203213622  -697.6 -61.4 -774.3
20211203213623  -697.7 -61.5 -774.4
20211203213624  -697.7 -61.7 -774.1
20211203213625  -697.6 -61.9 -774.4
20211203213626  -697.5 -62.0 -774.2
20211203213627  -697.8 -61.8 -774.3
20211203213628  -697.8 -61.9 -774.2
20211203213629  -697.3 -61.6 -774.0
20211203213630  -697.1 -61.5 -773.3
20211203213631  -696.9 -61.6 -772.9
20211203213632  -697.0 -61.5 -772.9
20211203213633  -697.6 -61.5 -773.5
20211203213634  -697.4 -61.4 -773.8
20211203213635  -697.5 -61.7 -773.7
20211203213636  -697.3 -61.2 -773.7
20211203213637  -697.5 -61.6 -773.6
20211203213638  -697.7 -61.5 -773.6
20211203213639  -697.8 -61.5 -773.3
20211203213640  -697.3 -61.4 -773.5
20211203213641  -697.4 -61.4 -773.5
20211203213642  -697.6 -61.7 -773.6
20211203213643  -697.9 -61.7 -773.5
20211203213644  -697.8 -61.4 -773.7
20211203213645  -698.2 -61.3 -773.5
20211203213646  -698.2 -61.3 -773.8
20211203213647  -698.2 -61.3 -773.8
20211203213648  -698.3 -61.5 -774.0
20211203213649  -698.1 -61.4 -773.8
20211203213650  -698.0 -61.4 -773.8
20211203213651  -698.3 -61.2 -773.7
20211203213652  -698.4 -61.3 -773.5
20211203213653  -698.2 -61.5 -773.2
20211203213654  -698.3 -61.4 -773.2
20211203213655  -698.3 -61.3 -773.4
20211203213656  -697.8 -61.2 -773.1
20211203213657  -697.5 -61.1 -773.0
20211203213658  -697.4 -60.9 -772.9
20211203213659  -697.9 -61.2 -773.3
20211203213700  -697.9 -61.3 -773.3
20211203213701  -697.8 -61.2 -773.3
20211203213702  -697.6 -61.1 -773.1
20211203213703  -697.9 -61.4 -773.1
20211203213704  -697.9 -61.0 -773.3
20211203213705  -698.0 -61.1 -773.2
20211203213706  -698.1 -60.9 -773.3
20211203213707  -697.9 -60.9 -773.4
20211203213708  -698.0 -60.8 -773.3
20211203213709  -698.0 -61.1 -773.1
20211203213710  -698.2 -61.4 -773.1
20211203213711  -697.9 -61.2 -773.1
20211203213712  -697.9 -60.9 -773.2
20211203213713  -697.7 -60.8 -773.2
20211203213714  -697.8 -60.9 -773.2
20211203213715  -697.8 -60.7 -773.0
20211203213716  -698.3 -60.6 -773.7
20211203213717  -697.9 -60.2 -773.0
20211203213718  -698.0 -60.6 -773.1
20211203213719  -698.2 -60.5 -773.3
20211203213720  -698.2 -60.7 -773.0
20211203213721  -698.1 -60.5 -773.2
20211203213722  -697.3 -60.5 -772.4
20211203213723  -696.9 -60.4 -772.1
20211203213724  -696.9 -60.5 -772.1
20211203213725  -697.2 -60.6 -772.2
20211203213726  -697.3 -60.4 -772.7
20211203213727  -697.5 -60.6 -772.4
20211203213728  -697.3 -60.7 -772.7
20211203213729  -697.2 -60.5 -772.4
20211203213730  -697.4 -60.4 -772.7
20211203213731  -697.5 -60.5 -772.8
20211203213732  -697.1 -60.5 -772.8
20211203213733  -697.0 -60.6 -772.7
20211203213734  -697.1 -60.4 -772.6
20211203213735  -697.0 -60.1 -772.3
20211203213736  -697.1 -60.3 -772.4
20211203213737  -697.0 -60.2 -772.5
20211203213738  -697.0 -59.9 -772.5
20211203213739  -696.9 -59.9 -772.4
20211203213740  -696.9 -59.7 -772.3
20211203213741  -697.0 -59.5 -772.3
20211203213742  -697.1 -59.6 -772.2
20211203213743  -696.9 -59.2 -772.3
20211203213744  -696.9 -59.6 -772.2
20211203213745  -696.9 -59.8 -772.1
20211203213746  -696.7 -60.0 -772.1
20211203213747  -696.6 -60.1 -772.0
20211203213748  -696.2 -60.3 -771.6
20211203213749  -695.9 -60.1 -771.4
20211203213750  -696.3 -59.9 -771.5
20211203213751  -696.2 -60.1 -772.0
20211203213752  -696.2 -59.7 -771.7
20211203213753  -696.1 -60.0 -771.8
20211203213754  -695.7 -59.9 -771.6
20211203213755  -695.7 -59.7 -771.5
20211203213756  -695.7 -59.8 -771.7
20211203213757  -695.6 -59.7 -772.2
20211203213758  -695.9 -59.6 -772.0
20211203213759  -695.7 -59.6 -772.1
20211203213800  -695.7 -59.3 -771.8
20211203213801  -695.6 -59.3 -771.8
20211203213802  -695.4 -59.1 -771.5
20211203213803  -695.4 -59.0 -771.6
20211203213804  -695.6 -59.3 -771.6
20211203213805  -695.5 -59.0 -771.7
20211203213806  -695.3 -59.4 -771.7
20211203213807  -695.2 -59.0 -771.9
20211203213808  -695.2 -59.2 -771.6
20211203213809  -695.2 -59.1 -771.5
20211203213810  -695.0 -59.2 -771.7
20211203213811  -694.7 -59.1 -771.5
20211203213812  -694.5 -59.0 -771.8
20211203213813  -694.4 -59.1 -771.7
