20211101225051  -665.6 -91.2 -196.0
20211101225052  -665.8 -91.2 -195.9
20211101225053  -665.8 -91.0 -196.0
20211101225054  -665.7 -91.2 -195.9
20211101225055  -665.9 -91.3 -195.9
20211101225056  -665.9 -91.3 -196.0
20211101225057  -666.2 -91.2 -195.9
20211101225058  -666.1 -91.5 -195.8
20211101225059  -666.1 -91.5 -196.0
20211101225100  -666.3 -91.6 -196.1
20211101225101  -666.2 -91.8 -196.0
20211101225102  -666.3 -91.8 -195.9
20211101225103  -666.6 -91.6 -196.1
20211101225104  -666.3 -91.5 -195.8
20211101225105  -666.3 -91.9 -195.9
20211101225106  -666.4 -91.4 -195.9
20211101225107  -666.4 -91.7 -196.1
20211101225108  -666.5 -91.7 -195.6
20211101225109  -666.4 -91.8 -195.8
20211101225110  -665.8 -92.0 -195.7
20211101225111  -665.3 -91.9 -195.1
20211101225112  -665.9 -91.6 -195.5
20211101225113  -666.5 -91.8 -195.9
20211101225114  -666.5 -91.6 -195.9
20211101225115  -666.3 -91.6 -195.8
20211101225116  -666.5 -91.6 -195.9
20211101225117  -666.3 -91.9 -195.8
20211101225118  -666.4 -91.8 -196.0
20211101225119  -666.3 -91.7 -195.9
20211101225120  -666.3 -91.4 -195.9
20211101225121  -666.6 -91.4 -196.2
20211101225122  -666.5 -91.6 -196.0
20211101225123  -666.5 -91.6 -196.1
20211101225124  -666.5 -91.5 -196.2
20211101225125  -666.5 -91.8 -196.0
20211101225126  -666.6 -91.8 -195.9
20211101225127  -666.4 -91.7 -195.9
20211101225128  -666.7 -91.7 -196.1
20211101225129  -666.7 -92.0 -196.4
20211101225130  -666.9 -91.7 -196.1
20211101225131  -666.7 -91.6 -195.9
20211101225132  -666.6 -91.5 -196.1
20211101225133  -666.7 -91.4 -196.3
20211101225134  -666.6 -91.3 -196.1
20211101225135  -666.8 -91.3 -196.3
20211101225136  -666.7 -91.5 -196.3
20211101225137  -666.9 -91.3 -196.5
20211101225138  -666.8 -91.4 -196.2
20211101225139  -667.0 -91.2 -196.4
20211101225140  -666.7 -91.2 -196.1
20211101225141  -666.2 -91.2 -195.3
20211101225142  -666.1 -91.0 -195.2
20211101225143  -666.6 -91.1 -195.7
20211101225144  -666.7 -91.2 -195.7
20211101225145  -666.5 -91.3 -195.9
20211101225146  -666.7 -91.2 -196.2
20211101225147  -666.7 -91.1 -195.8
20211101225148  -666.9 -91.1 -196.1
20211101225149  -666.8 -91.1 -195.8
20211101225150  -666.5 -90.9 -195.8
20211101225151  -666.6 -90.9 -196.0
20211101225152  -666.6 -90.9 -196.0
20211101225153  -666.3 -91.0 -195.9
20211101225154  -666.5 -90.8 -196.0
20211101225155  -666.4 -90.6 -195.8
20211101225156  -666.5 -91.0 -195.8
20211101225157  -666.6 -90.9 -196.2
20211101225158  -666.6 -90.7 -195.6
20211101225159  -666.5 -90.8 -195.9
20211101225200  -666.4 -90.5 -195.9
20211101225201  -666.6 -90.5 -196.0
20211101225202  -666.7 -90.5 -196.3
20211101225203  -666.6 -90.4 -196.0
20211101225204  -666.2 -90.5 -196.3
20211101225205  -666.0 -90.3 -196.1
20211101225206  -666.3 -90.1 -196.0
20211101225207  -666.1 -90.3 -195.9
20211101225208  -666.1 -90.2 -195.7
20211101225209  -666.0 -90.4 -195.9
20211101225210  -665.5 -90.4 -195.6
20211101225211  -665.0 -90.3 -195.2
20211101225212  -664.9 -90.3 -195.2
20211101225213  -665.6 -90.0 -195.3
20211101225214  -665.3 -90.4 -195.1
20211101225215  -665.5 -90.0 -195.4
20211101225216  -665.6 -89.9 -195.5
20211101225217  -665.5 -89.8 -195.5
20211101225218  -665.5 -89.8 -195.5
20211101225219  -665.5 -89.8 -195.2
20211101225220  -665.5 -89.9 -195.2
20211101225221  -665.4 -90.0 -195.4
20211101225222  -665.3 -90.0 -195.4
20211101225223  -665.4 -90.1 -195.3
20211101225224  -665.4 -89.9 -195.6
20211101225225  -665.7 -90.1 -195.3
20211101225226  -665.2 -89.8 -195.5
20211101225227  -665.3 -89.6 -195.4
20211101225228  -665.2 -89.8 -195.0
20211101225229  -665.5 -89.9 -195.3
20211101225230  -665.1 -89.6 -195.4
20211101225231  -665.2 -89.6 -195.2
20211101225232  -665.1 -89.2 -195.1
20211101225233  -665.2 -89.5 -195.4
20211101225234  -665.2 -89.6 -195.4
20211101225235  -665.2 -89.5 -195.3
20211101225236  -664.9 -89.8 -195.3
20211101225237  -664.9 -89.9 -195.4
20211101225238  -665.0 -89.6 -195.2
20211101225239  -665.2 -89.8 -195.3
20211101225240  -665.2 -89.5 -195.4
20211101225241  -664.5 -89.3 -195.0
20211101225242  -664.1 -89.7 -194.9
20211101225243  -665.1 -89.8 -195.4
20211101225244  -664.8 -89.9 -195.5
20211101225245  -664.8 -89.7 -195.6
20211101225246  -664.7 -89.4 -195.1
20211101225247  -664.7 -89.2 -195.2
20211101225248  -665.0 -89.4 -195.3
20211101225249  -664.8 -89.4 -195.1
20211101225250  -664.7 -89.5 -195.3
20211101225251  -664.9 -89.2 -195.2
20211101225252  -664.7 -89.5 -195.3
20211101225253  -664.5 -89.7 -195.4
20211101225254  -664.9 -89.5 -195.6
20211101225255  -665.1 -89.8 -196.0
20211101225256  -665.0 -89.5 -195.2
20211101225257  -665.0 -89.8 -195.5
20211101225258  -665.1 -89.7 -195.6
20211101225259  -665.0 -89.4 -195.4
20211101225300  -664.9 -89.6 -195.2
20211101225301  -664.6 -89.6 -195.4
20211101225302  -664.6 -89.5 -195.5
20211101225303  -664.8 -89.6 -195.6
20211101225304  -664.9 -89.6 -195.5
20211101225305  -664.9 -89.6 -195.3
20211101225306  -664.7 -89.8 -195.5
20211101225307  -664.9 -89.6 -195.3
20211101225308  -664.9 -90.0 -195.4
20211101225309  -664.8 -89.9 -195.4
20211101225310  -664.8 -89.9 -195.4
20211101225311  -664.3 -89.6 -195.0
20211101225312  -664.1 -89.7 -194.5
20211101225313  -664.6 -89.4 -195.1
20211101225314  -664.6 -89.9 -195.1
20211101225315  -664.6 -89.8 -194.9
20211101225316  -664.7 -89.8 -195.3
20211101225317  -664.7 -89.5 -195.3
20211101225318  -664.8 -89.7 -195.3
20211101225319  -664.4 -89.4 -195.6
20211101225320  -664.7 -89.6 -195.5
20211101225321  -664.7 -89.5 -195.5
20211101225322  -664.7 -89.5 -195.5
20211101225323  -664.9 -89.5 -195.7
20211101225324  -664.7 -89.6 -195.7
20211101225325  -664.6 -89.7 -195.7
20211101225326  -664.7 -89.7 -195.9
20211101225327  -664.8 -89.7 -195.8
20211101225328  -665.2 -89.7 -195.9
20211101225329  -664.9 -89.6 -195.6
20211101225330  -664.8 -89.6 -196.1
20211101225331  -664.8 -89.4 -196.0
20211101225332  -664.9 -89.3 -196.0
20211101225333  -664.9 -89.8 -196.0
20211101225334  -665.1 -89.7 -196.1
20211101225335  -665.0 -89.5 -195.7
20211101225336  -665.2 -89.7 -195.9
20211101225337  -665.1 -89.4 -195.9
20211101225338  -665.1 -89.3 -196.0
20211101225339  -665.0 -89.4 -195.7
20211101225340  -664.9 -89.7 -196.0
20211101225341  -664.4 -89.4 -195.5
20211101225342  -664.6 -89.2 -195.2
20211101225343  -665.0 -89.7 -196.0
20211101225344  -665.1 -89.5 -195.8
20211101225345  -665.1 -89.6 -195.5
20211101225346  -665.1 -89.2 -195.6
20211101225347  -665.3 -89.3 -195.8
20211101225348  -665.2 -89.6 -195.8
20211101225349  -665.2 -89.7 -195.9
20211101225350  -665.2 -89.3 -195.9
20211101225351  -664.9 -89.4 -195.7
20211101225352  -665.2 -89.6 -195.6
20211101225353  -664.9 -89.7 -196.2
20211101225354  -665.1 -89.7 -195.8
20211101225355  -664.9 -89.5 -196.0
20211101225356  -664.8 -90.0 -195.9
20211101225357  -664.7 -89.8 -196.1
20211101225358  -664.7 -89.6 -196.4
20211101225359  -664.9 -89.8 -196.3
20211101225400  -665.0 -89.8 -196.1
20211101225401  -664.9 -89.7 -196.3
20211101225402  -665.0 -89.8 -196.7
20211101225403  -664.9 -89.8 -196.2
20211101225404  -665.0 -89.8 -196.3
20211101225405  -665.1 -89.9 -196.5
20211101225406  -664.8 -89.6 -196.4
20211101225407  -665.1 -90.0 -196.4
20211101225408  -665.1 -89.9 -196.5
20211101225409  -665.1 -90.0 -196.5
20211101225410  -665.1 -90.2 -196.2
20211101225411  -664.5 -90.2 -195.8
20211101225412  -664.7 -89.9 -196.1
20211101225413  -665.2 -90.0 -196.4
20211101225414  -665.3 -90.1 -196.5
20211101225415  -665.2 -89.8 -196.6
20211101225416  -665.4 -90.0 -196.5
20211101225417  -665.2 -90.0 -196.7
20211101225418  -665.5 -89.6 -196.5
20211101225419  -665.3 -90.0 -196.7
20211101225420  -665.3 -89.8 -196.8
20211101225421  -665.4 -89.8 -196.6
20211101225422  -665.4 -89.8 -196.7
20211101225423  -665.1 -90.0 -196.7
20211101225424  -665.3 -89.7 -196.7
20211101225425  -665.3 -89.5 -196.7
