08215544  -954.1 -75.9 -305.7
20211108215545  -953.4 -76.9 -306.8
20211108215546  -952.4 -77.8 -307.2
20211108215547  -951.9 -78.2 -307.8
20211108215548  -951.0 -78.6 -308.4
20211108215549  -950.7 -79.4 -309.1
20211108215550  -950.1 -79.8 -309.5
20211108215551  -949.6 -80.6 -309.8
20211108215552  -949.2 -80.9 -310.2
20211108215553  -948.7 -81.1 -310.3
20211108215554  -948.2 -81.2 -310.3
20211108215555  -948.1 -81.2 -310.9
20211108215556  -948.0 -81.1 -311.5
20211108215557  -947.9 -81.4 -311.7
20211108215558  -947.8 -81.6 -311.8
20211108215559  -948.0 -81.8 -312.3
20211108215600  -948.4 -81.9 -312.4
20211108215601  -948.3 -82.3 -312.7
20211108215602  -948.3 -82.4 -313.2
20211108215603  -948.0 -83.1 -313.3
20211108215604  -947.1 -84.0 -313.2
20211108215605  -946.6 -84.5 -313.1
20211108215606  -946.4 -84.6 -313.7
20211108215607  -946.3 -84.8 -314.0
20211108215608  -945.8 -84.9 -314.2
20211108215609  -945.5 -85.1 -314.0
20211108215610  -945.3 -85.5 -314.3
20211108215611  -946.5 -86.3 -314.8
20211108215612  -947.1 -86.8 -315.5
20211108215613  -947.4 -87.3 -315.9
20211108215614  -947.7 -87.8 -316.4
20211108215615  -947.8 -88.6 -316.6
20211108215616  -948.3 -89.4 -316.7
20211108215617  -948.0 -90.1 -316.7
20211108215618  -948.2 -90.8 -316.7
20211108215619  -948.2 -91.3 -316.6
20211108215620  -947.9 -91.7 -316.8
20211108215621  -948.1 -91.9 -317.4
20211108215622  -948.2 -92.4 -317.8
20211108215623  -948.4 -92.8 -318.1
20211108215624  -948.4 -93.3 -318.3
20211108215625  -948.6 -93.5 -318.0
20211108215626  -948.1 -93.5 -317.8
20211108215627  -947.7 -93.5 -317.5
20211108215628  -947.6 -93.1 -318.0
20211108215629  -947.7 -93.0 -318.8
20211108215630  -947.8 -92.9 -319.1
20211108215631  -947.5 -93.1 -319.8
20211108215632  -948.2 -93.9 -320.3
20211108215633  -948.3 -93.7 -320.7
20211108215634  -948.2 -94.4 -321.0
20211108215635  -947.5 -94.6 -321.0
20211108215636  -947.2 -95.3 -320.6
20211108215637  -947.1 -95.6 -320.6
20211108215638  -947.6 -96.0 -321.3
20211108215639  -947.1 -96.7 -321.5
20211108215640  -946.9 -97.3 -321.5
20211108215641  -946.3 -97.7 -321.6
20211108215642  -946.3 -98.2 -321.8
20211108215643  -945.6 -98.7 -321.9
20211108215644  -945.1 -99.1 -322.0
20211108215645  -945.2 -99.7 -322.5
20211108215646  -945.0 -100.1 -322.5
20211108215647  -944.6 -100.6 -322.3
20211108215648  -944.6 -101.1 -322.6
20211108215649  -944.4 -101.4 -322.4
20211108215650  -944.5 -101.6 -322.1
20211108215651  -943.9 -102.4 -322.2
20211108215652  -943.0 -103.2 -322.0
20211108215653  -942.1 -103.8 -322.2
20211108215654  -940.7 -104.2 -322.2
20211108215655  -939.8 -104.5 -322.7
20211108215656  -938.9 -104.8 -323.2
20211108215657  -937.9 -105.0 -323.6
20211108215658  -937.5 -106.1 -324.4
20211108215659  -937.5 -106.7 -324.7
20211108215700  -936.9 -107.4 -324.8
20211108215701  -936.1 -108.1 -324.0
20211108215702  -936.0 -109.2 -323.3
20211108215703  -936.0 -109.9 -322.9
20211108215704  -936.2 -110.8 -322.8
20211108215705  -936.6 -111.9 -322.7
20211108215706  -936.1 -111.8 -322.2
20211108215707  -935.6 -111.8 -321.8
20211108215708  -935.5 -111.6 -321.7
20211108215709  -935.5 -111.8 -321.6
20211108215710  -935.2 -111.6 -321.6
20211108215711  -935.1 -112.0 -320.9
20211108215712  -935.3 -112.2 -320.4
20211108215713  -935.7 -112.6 -320.4
20211108215714  -935.4 -112.7 -319.9
20211108215715  -935.7 -112.9 -319.8
20211108215716  -935.8 -112.9 -319.8
20211108215717  -936.1 -112.9 -319.7
20211108215718  -936.2 -113.0 -320.0
20211108215719  -936.3 -112.9 -320.1
20211108215720  -936.7 -112.9 -320.6
20211108215721  -936.8 -112.8 -320.6
20211108215722  -937.0 -112.6 -320.8
20211108215723  -937.2 -112.4 -321.1
20211108215724  -937.4 -112.2 -321.2
20211108215725  -937.3 -112.0 -320.9
20211108215726  -937.3 -112.2 -321.2
20211108215727  -936.7 -112.3 -320.3
20211108215728  -936.8 -112.5 -320.5
20211108215729  -936.5 -113.0 -320.7
20211108215730  -936.4 -113.2 -320.9
20211108215731  -937.9 -113.5 -322.0
20211108215732  -938.3 -113.9 -322.2
20211108215733  -938.6 -114.2 -322.4
20211108215734  -938.9 -114.5 -322.4
20211108215735  -939.0 -115.4 -322.6
20211108215736  -939.3 -115.8 -323.1
20211108215737  -939.8 -116.3 -323.3
20211108215738  -940.4 -117.1 -323.7
20211108215739  -941.3 -117.9 -324.0
20211108215740  -942.2 -118.2 -324.6
20211108215741  -943.1 -118.6 -324.8
20211108215742  -943.6 -118.8 -324.8
20211108215743  -943.5 -118.6 -324.8
20211108215744  -943.5 -118.3 -324.4
20211108215745  -943.5 -117.7 -324.5
20211108215746  -943.2 -117.4 -324.5
20211108215747  -943.1 -117.0 -325.0
20211108215748  -943.2 -116.7 -325.3
20211108215749  -943.5 -117.0 -326.0
20211108215750  -943.5 -117.1 -326.6
20211108215751  -944.0 -117.1 -326.8
20211108215752  -944.1 -117.3 -327.2
20211108215753  -943.8 -117.1 -327.5
20211108215754  -944.0 -117.1 -327.8
20211108215755  -944.1 -117.5 -328.1
20211108215756  -944.1 -117.9 -328.2
20211108215757  -944.5 -118.1 -328.5
20211108215758  -945.3 -118.3 -329.0
20211108215759  -945.4 -118.7 -329.4
20211108215800  -945.7 -118.4 -329.2
20211108215801  -945.7 -118.4 -329.1
20211108215802  -946.0 -118.6 -329.7
20211108215803  -946.6 -118.9 -329.7
20211108215804  -947.1 -118.9 -329.2
20211108215805  -947.9 -119.4 -328.6
20211108215806  -948.7 -119.6 -327.7
20211108215807  -949.2 -119.6 -326.8
20211108215808  -949.4 -119.5 -326.0
20211108215809  -949.7 -119.6 -325.6
20211108215810  -950.3 -119.6 -325.2
20211108215811  -950.5 -119.6 -324.9
20211108215812  -951.0 -119.3 -324.9
20211108215813  -951.2 -119.6 -324.5
20211108215814  -951.7 -119.3 -324.7
20211108215815  -952.4 -118.8 -324.7
20211108215816  -952.8 -119.0 -324.2
20211108215817  -953.2 -118.9 -324.2
20211108215818  -953.4 -119.2 -323.9
20211108215819  -953.0 -119.3 -323.6
20211108215820  -952.9 -118.8 -322.3
20211108215821  -952.9 -118.3 -322.4
20211108215822  -953.2 -118.0 -322.5
20211108215823  -953.4 -117.3 -322.4
20211108215824  -954.1 -116.8 -323.4
20211108215825  -954.5 -116.2 -324.6
20211108215826  -954.4 -115.8 -325.6
20211108215827  -954.3 -115.1 -325.8
20211108215828  -953.6 -114.3 -327.0
20211108215829  -953.3 -113.3 -327.5
20211108215830  -952.7 -112.6 -328.5
20211108215831  -952.2 -112.3 -329.2
20211108215832  -951.9 -112.6 -329.6
20211108215833  -951.1 -112.3 -330.0
20211108215834  -951.0 -112.1 -330.5
20211108215835  -950.7 -112.3 -330.5
20211108215836  -950.3 -112.4 -330.6
20211108215837  -949.8 -112.6 -330.7
20211108215838  -949.4 -113.0 -331.3
20211108215839  -948.8 -113.1 -331.3
20211108215840  -948.7 -113.1 -331.8
20211108215841  -948.2 -112.9 -332.0
20211108215842  -947.8 -112.6 -332.3
20211108215843  -947.8 -112.2 -332.7
20211108215844  -947.2 -111.7 -332.6
20211108215845  -946.8 -111.6 -332.8
20211108215846  -946.0 -111.3 -332.7
20211108215847  -945.4 -111.1 -332.4
20211108215848  -945.0 -110.9 -332.4
20211108215849  -944.4 -110.7 -331.6
20211108215850  -943.8 -110.4 -331.8
20211108215851  -944.4 -110.3 -332.4
20211108215852  -944.8 -110.0 -333.1
20211108215853  -944.6 -110.1 -332.9
20211108215854  -944.5 -110.3 -332.3
20211108215855  -944.5 -110.5 -332.3
20211108215856  -944.1 -110.8 -332.4
20211108215857  -944.0 -110.9 -332.3
20211108215858  -944.0 -110.9 -331.6
20211108215859  -944.0 -111.3 -331.3
20211108215900  -943.6 -111.2 -330.7
20211108215901  -943.5 -111.2 -330.2
20211108215902  -943.5 -111.6 -330.0
20211108215903  -943.2 -111.1 -329.8
20211108215904  -943.2 -111.1 -330.1
20211108215905  -942.9 -110.9 -330.6
20211108215906  -943.0 -110.5 -331.4
20211108215907  -943.2 -110.2 -331.9
20211108215908  -943.6 -109.9 -331.8
20211108215909  -943.8 -109.9 -331.9
20211108215910  -944.0 -110.1 -331.7
20211108215911  -944.0 -110.4 -331.6
20211108215912  -944.1 -110.8 -331.6
20211108215913  -944.1 -110.7 -331.0
20211108215914  -944.5 -110.2 -330.5
20211108215915  -944.3 -109.4 -330.2
20211108215916  -944.9 -109.0 -330.2
20211108215917  -945.7 -108.7 -330.6
20211108215918  -946.2 -108.3 -330.6
20211108215919  -946.5 -107.6 -330.6
20211108215920  -946.9 -107.3 -330.8
20211108215921  -947.4 -107.2 -330.0
20211108215922  -947.6 -107.2 -330.0
20211108215923  -948.0 -107.0 -330.2
20211108215924  -948.0 -107.1 -329.4
20211108215925  -948.1 -106.7 -329.5
20211108215926  -948.1 -106.0 -329.6
20211108215927  -947.9 -105.5 -329.6
20211108215928  -948.2 -105.3 -329.7
20211108215929  -948.2 -104.7 -330.2
20211108215930  -948.3 -104.6 -330.5
20211108215931  -947.9 -104.1 -330.6
20211108215932  -947.5 -104.4 -330.5
20211108215933  -947.0 -104.3 -331.0
20211108215934  -946.6 -103.7 -331.6
20211108215935  -945.5 -103.7 -331.8
20211108215936  -945.0 -103.3 -332.0
20211108215937  -944.8 -103.2 -332.6
20211108215938  -944.3 -103.4 -333.1
20211108215939  -943.5 -103.8 -332.9
20211108215940  -943.2 -103.6 -333.0
20211108215941  -942.6 -104.1 -333.1
20211108215942  -943.0 -104.0 -333.4
20211108215943  -943.3 -104.6 -333.9
20211108215944  -943.4 -105.1 -334.4
20211108215945  -943.4 -105.5 -334.4
20211108215946  -943.0 -105.9 -334.2
20211108215947  -942.9 -106.3 -334.3
20211108215948  -943.1 -106.9 -334.8
20211108215949  -942.9 -107.1 -334.8
20211108215950  -943.1 -107.1 -335.1
20211108215951  -943.3 -106.9 -335.8
20211108215952  -943.3 -106.8 -335.7
20211108215953  -942.8 -107.4 -335.8
20211108215954  -942.8 -107.8 -335.8
20211108215955  -943.1 -108.2 -335.6
20211108215956  -943.3 -108.2 -335.2
20211108215957  -943.0 -108.5 -334.5
20211108215958  -943.0 -108.5 -334.2
20211108215959  -943.0 -108.5 -334.4
20211108220000  -943.1 -108.6 -333.7
20211108220001  -942.8 -108.9 -333.2
20211108220002  -942.4 -109.3 -333.1
20211108220003  -942.7 -109.2 -333.0
20211108220004  -942.8 -109.7 -333.2
20211108220005  -942.7 -109.5 -332.8
20211108220006  -943.1 -109.5 -332.3
20211108220007  -943.3 -109.9 -332.6
20211108220008  -944.4 -109.8 -332.9
20211108220009  -945.8 -110.0 -333.3
20211108220010  -946.5 -110.3 -333.0
20211108220011  -946.8 -110.7 -333.1
20211108220012  -947.3 -110.8 -332.9
20211108220013  -947.8 -111.4 -333.0
20211108220014  -948.5 -111.5 -332.6
20211108220015  -949.3 -111.2 -331.9
20211108220016  -949.7 -111.3 -331.6
20211108220017  -950.2 -111.2 -331.4
20211108220018  -950.9 -111.2 -330.9
20211108220019  -951.6 -111.1 -330.7
20211108220020  -952.0 -110.8 -330.6
20211108220021  -952.3 -111.1 -330.1
20211108220022  -952.9 -111.7 -329.9
20211108220023  -952.8 -112.0 -329.1
20211108220024  -953.2 -112.2 -328.6
20211108220025  -952.7 -112.8 -328.1
20211108220026  -952.4 -113.2 -327.6
20211108220027  -952.4 -113.6 -327.5
20211108220028  -952.3 -114.0 -326.9
20211108220029  -952.1 -114.1 -326.4
20211108220030  -952.4 -114.3 -326.6
20211108220031  -951.6 -114.9 -326.2
20211108220032  -951.0 -115.4 -325.9
20211108220033  -950.5 -115.7 -325.8
20211108220034  -951.2 -116.1 -325.7
20211108220035  -951.5 -116.7 -325.7
20211108220036  -951.3 -116.6 -325.7
20211108220037  -951.3 -116.9 -325.3
20211108220038  -951.3 -116.9 -325.4
20211108220039  -951.3 -116.8 -325.4
20211108220040  -951.2 -116.5 -325.6
20211108220041  -951.0 -116.6 -326.1
20211108220042  -950.9 -116.7 -326.2
20211108220043  -951.0 -116.4 -326.3
20211108220044  -951.1 -116.5 -326.6
20211108220045  -951.1 -116.4 -326.7
20211108220046  -951.0 -116.2 -326.5
20211108220047  -951.4 -116.1 -326.3
20211108220048  -951.4 -115.9 -326.2
20211108220049  -951.8 -115.8 -326.7
20211108220050  -951.5 -115.5 -326.7
20211108220051  -951.7 -115.5 -327.1
20211108220052  -951.7 -115.2 -327.3
20211108220053  -951.5 -114.7 -327.3
20211108220054  -951.5 -114.8 -327.8
20211108220055  -951.4 -115.0 -328.4
20211108220056  -951.3 -114.9 -328.9
20211108220057  -951.0 -114.9 -329.4
20211108220058  -950.4 -114.8 -329.6
20211108220059  -950.7 -114.6 -330.5
20211108220100  -951.7 -113.9 -331.6
20211108220101  -952.7 -114.0 -332.5
20211108220102  -953.0 -113.9 -332.7
20211108220103  -953.5 -113.6 -332.8
20211108220104  -953.2 -113.3 -332.9
20211108220105  -953.4 -112.5 -333.4
20211108220106  -953.5 -112.0 -333.6
20211108220107  -953.5 -111.6 -333.7
20211108220108  -953.5 -111.3 -334.1
20211108220109  -953.7 -111.0 -334.4
20211108220110  -953.5 -110.8 -335.1
20211108220111  -954.1 -110.8 -335.6
20211108220112  -954.2 -111.1 -336.2
20211108220113  -954.3 -111.0 -336.5
20211108220114  -954.3 -111.5 -336.9
20211108220115  -954.4 -111.6 -337.3
20211108220116  -955.0 -111.5 -337.6
20211108220117  -955.2 -111.8 -337.7
20211108220118  -955.6 -111.9 -337.7
20211108220119  -956.2 -111.8 -338.3
20211108220120  -957.1 -111.6 -338.6
20211108220121  -957.8 -111.7 -338.4
20211108220122  -958.4 -111.9 -338.7
20211108220123  -958.8 -112.2 -338.5
20211108220124  -958.5 -112.2 -338.1
20211108220125  -958.8 -112.4 -337.9
20211108220126  -959.0 -112.4 -337.1
20211108220127  -959.9 -112.4 -337.8
20211108220128  -960.2 -112.2 -338.1
20211108220129  -960.5 -112.0 -338.5
20211108220130  -960.4 -112.1 -338.7
20211108220131  -960.9 -111.9 -338.9
20211108220132  -961.2 -111.8 -338.6
20211108220133  -961.1 -112.2 -338.4
20211108220134  -960.6 -112.3 -338.4
20211108220135  -960.5 -112.8 -338.4
20211108220136  -960.0 -113.1 -338.3
20211108220137  -959.7 -113.7 -338.1
20211108220138  -959.3 -114.0 -338.0
20211108220139  -958.6 -114.1 -338.1
20211108220140  -958.0 -113.8 -338.3
20211108220141  -957.3 -113.5 -338.3
20211108220142  -957.1 -113.2 -338.4
20211108220143  -956.2 -112.7 -338.0
20211108220144  -955.6 -112.6 -338.2
20211108220145  -955.1 -111.9 -338.8
20211108220146  -954.7 -111.8 -338.9
20211108220147  -954.6 -111.8 -339.6
20211108220148  -954.5 -111.3 -339.3
20211108220149  -954.0 -111.2 -339.5
20211108220150  -953.3 -110.6 -339.1
20211108220151  -952.9 -110.3 -338.4
20211108220152  -952.4 -110.3 -338.7
20211108220153  -952.3 -109.8 -338.8
20211108220154  -952.3 -109.8 -339.5
20211108220155  -952.3 -109.8 -339.6
20211108220156  -952.1 -109.9 -339.7
20211108220157  -952.1 -109.7 -339.5
20211108220158  -951.9 -109.5 -339.9
20211108220159  -952.0 -109.3 -339.6
20211108220200  -952.1 -109.4 -339.8
20211108220201  -952.4 -109.4 -339.9
20211108220202  -952.1 -109.3 -339.0
20211108220203  -951.8 -109.1 -338.1
20211108220204  -951.7 -108.8 -338.4
20211108220205  -951.0 -109.1 -338.2
20211108220206  -950.6 -109.2 -338.2
20211108220207  -950.1 -109.3 -338.2
20211108220208  -949.4 -109.5 -338.0
20211108220209  -948.8 -109.7 -338.1
20211108220210  -948.7 -110.3 -338.6
20211108220211  -948.4 -110.9 -338.7
20211108220212  -948.6 -111.4 -339.8
20211108220213  -949.0 -111.6 -340.2
20211108220214  -949.1 -112.5 -340.6
20211108220215  -949.3 -113.0 -340.9
