20.5 -283.8
20211030234633  -864.3 20.4 -283.6
20211030234634  -864.5 20.6 -283.3
20211030234635  -864.9 20.9 -283.5
20211030234636  -864.4 20.7 -283.0
20211030234637  -864.1 20.6 -282.8
20211030234638  -863.8 20.2 -282.5
20211030234639  -863.5 20.2 -282.4
20211030234640  -863.5 20.1 -282.7
20211030234641  -863.0 20.0 -282.9
20211030234642  -863.0 19.9 -283.2
20211030234643  -862.7 20.0 -283.0
20211030234644  -862.7 19.6 -282.9
20211030234645  -862.3 19.5 -282.7
20211030234646  -862.6 19.6 -282.7
20211030234647  -862.3 20.0 -282.4
20211030234648  -861.9 20.3 -282.8
20211030234649  -861.5 20.8 -283.1
20211030234650  -861.8 21.5 -283.4
20211030234651  -861.3 21.9 -283.4
20211030234652  -861.3 21.7 -283.3
20211030234653  -861.3 21.3 -283.3
20211030234654  -861.5 20.9 -283.7
20211030234655  -861.6 20.6 -283.8
20211030234656  -861.4 20.5 -283.6
20211030234657  -861.6 20.2 -283.8
20211030234658  -861.9 20.0 -284.0
20211030234659  -862.3 19.9 -284.0
20211030234700  -862.6 20.2 -284.6
20211030234701  -862.8 20.4 -285.0
20211030234702  -863.1 20.6 -284.9
20211030234703  -863.2 20.6 -284.5
20211030234704  -863.4 21.1 -284.3
20211030234705  -863.8 21.5 -284.5
20211030234706  -863.8 22.0 -284.4
20211030234707  -863.9 22.1 -284.8
20211030234708  -864.0 22.3 -285.1
20211030234709  -864.3 21.7 -286.0
20211030234710  -864.5 21.8 -286.6
20211030234711  -864.7 21.4 -286.5
20211030234712  -865.1 21.3 -286.7
20211030234713  -865.1 21.1 -287.0
20211030234714  -865.4 20.7 -286.9
20211030234715  -865.5 20.4 -286.9
20211030234716  -866.1 19.6 -286.6
20211030234717  -865.6 19.4 -286.1
20211030234718  -865.6 19.2 -285.4
20211030234719  -865.5 19.1 -284.7
20211030234720  -865.9 19.7 -284.4
20211030234721  -866.0 19.7 -284.5
20211030234722  -866.0 19.9 -284.6
20211030234723  -866.0 20.5 -284.6
20211030234724  -866.0 21.2 -284.8
20211030234725  -866.2 21.6 -285.3
20211030234726  -866.2 21.8 -285.5
20211030234727  -866.5 21.7 -286.2
20211030234728  -866.9 21.7 -287.3
20211030234729  -867.5 21.2 -288.0
20211030234730  -868.1 20.9 -287.9
20211030234731  -868.3 20.9 -287.9
20211030234732  -868.2 20.6 -287.8
20211030234733  -868.3 19.8 -287.6
20211030234734  -868.5 19.4 -287.2
20211030234735  -868.9 19.0 -287.4
20211030234736  -869.1 18.1 -287.4
20211030234737  -869.1 17.9 -287.2
20211030234738  -869.1 17.6 -287.2
20211030234739  -869.1 17.3 -287.3
20211030234740  -869.3 17.1 -287.2
20211030234741  -869.2 16.4 -287.2
20211030234742  -869.3 16.5 -287.4
20211030234743  -869.3 16.5 -287.2
20211030234744  -869.6 16.4 -287.6
20211030234745  -869.7 16.3 -287.6
20211030234746  -870.1 16.0 -287.6
20211030234747  -870.3 15.9 -287.3
20211030234748  -870.9 15.9 -287.3
20211030234749  -871.2 15.8 -287.2
20211030234750  -871.1 15.8 -286.7
20211030234751  -871.3 15.9 -286.2
20211030234752  -871.3 16.0 -285.9
20211030234753  -870.9 15.5 -285.3
20211030234754  -870.9 16.0 -284.6
20211030234755  -870.8 16.4 -284.1
20211030234756  -870.4 17.3 -283.4
20211030234757  -870.4 18.5 -283.6
20211030234758  -870.1 18.6 -284.2
20211030234759  -870.5 18.6 -285.1
20211030234800  -870.6 18.1 -285.8
20211030234801  -870.8 17.5 -286.8
20211030234802  -871.2 16.7 -287.0
20211030234803  -870.9 16.1 -286.9
20211030234804  -871.3 15.8 -286.5
20211030234805  -871.9 15.5 -287.0
20211030234806  -872.2 15.4 -287.0
20211030234807  -872.3 15.6 -286.9
20211030234808  -871.5 16.1 -286.5
20211030234809  -871.6 15.9 -286.1
20211030234810  -871.6 16.3 -285.4
20211030234811  -871.3 16.9 -285.2
20211030234812  -871.6 17.1 -285.4
20211030234813  -871.5 17.4 -285.8
20211030234814  -871.6 17.6 -286.2
20211030234815  -871.3 17.8 -286.8
20211030234816  -871.5 18.0 -286.9
20211030234817  -871.4 17.5 -287.2
20211030234818  -872.0 17.1 -287.4
20211030234819  -872.2 16.8 -287.3
20211030234820  -872.3 16.6 -287.3
20211030234821  -872.2 16.4 -287.1
20211030234822  -871.9 16.6 -286.7
20211030234823  -871.9 16.9 -286.2
20211030234824  -871.6 16.9 -286.0
20211030234825  -870.9 16.9 -285.8
20211030234826  -870.7 16.6 -285.5
20211030234827  -870.1 16.4 -285.3
20211030234828  -869.7 15.8 -284.8
20211030234829  -869.4 15.9 -284.6
20211030234830  -869.0 15.3 -284.3
20211030234831  -868.6 15.3 -284.4
20211030234832  -868.6 15.9 -284.7
20211030234833  -868.1 15.8 -285.4
20211030234834  -867.9 15.9 -286.0
20211030234835  -869.0 15.5 -287.1
20211030234836  -869.1 15.1 -287.5
20211030234837  -868.9 14.5 -287.2
20211030234838  -868.9 13.8 -287.2
20211030234839  -869.0 13.4 -287.1
20211030234840  -869.6 13.3 -286.8
20211030234841  -869.2 13.4 -286.5
20211030234842  -869.1 14.0 -285.9
20211030234843  -868.8 14.5 -285.1
20211030234844  -868.7 15.2 -285.1
20211030234845  -868.7 15.1 -285.3
20211030234846  -868.7 14.9 -285.3
20211030234847  -868.8 13.9 -285.7
20211030234848  -869.2 13.1 -286.0
20211030234849  -869.5 12.1 -285.9
20211030234850  -869.8 11.7 -286.2
20211030234851  -870.1 11.3 -286.4
20211030234852  -870.4 11.0 -286.4
20211030234853  -870.6 10.8 -285.8
20211030234854  -870.8 10.7 -285.3
20211030234855  -871.0 10.8 -285.0
20211030234856  -870.8 10.8 -285.1
20211030234857  -871.1 10.7 -284.8
20211030234858  -870.9 10.8 -284.6
20211030234859  -870.7 10.9 -284.3
20211030234900  -870.6 10.7 -284.4
20211030234901  -871.2 10.5 -284.5
20211030234902  -871.4 10.3 -284.5
20211030234903  -871.4 10.3 -284.8
20211030234904  -871.3 10.6 -284.0
20211030234905  -872.0 10.5 -284.6
20211030234906  -871.9 10.1 -284.3
20211030234907  -872.0 9.7 -284.2
20211030234908  -872.0 8.9 -283.9
20211030234909  -872.1 8.8 -283.4
20211030234910  -872.0 8.8 -282.8
20211030234911  -871.8 8.7 -282.4
20211030234912  -871.8 8.6 -282.2
20211030234913  -871.4 8.1 -282.1
20211030234914  -871.1 8.1 -281.9
20211030234915  -870.9 7.6 -281.4
20211030234916  -870.5 8.0 -280.8
20211030234917  -870.1 8.0 -280.4
20211030234918  -869.9 8.0 -280.3
20211030234919  -869.7 8.2 -280.5
20211030234920  -869.5 8.0 -280.5
20211030234921  -869.5 8.0 -280.9
20211030234922  -869.3 7.9 -280.3
20211030234923  -869.0 7.6 -280.6
20211030234924  -869.2 7.4 -280.4
20211030234925  -868.9 7.4 -280.6
20211030234926  -868.8 7.2 -280.7
20211030234927  -868.9 7.1 -280.8
20211030234928  -869.0 7.6 -281.0
20211030234929  -869.2 8.1 -281.4
20211030234930  -868.9 8.6 -281.1
20211030234931  -869.0 9.2 -280.8
20211030234932  -868.7 9.5 -280.3
20211030234933  -868.1 9.9 -279.8
20211030234934  -867.3 10.0 -279.3
20211030234935  -867.5 10.3 -279.3
20211030234936  -867.4 10.8 -279.3
20211030234937  -867.3 11.6 -279.3
20211030234938  -867.0 12.2 -279.4
20211030234939  -866.9 12.8 -279.1
20211030234940  -866.8 12.9 -279.2
20211030234941  -866.5 12.9 -279.2
20211030234942  -866.6 13.2 -279.1
20211030234943  -866.2 13.2 -278.8
20211030234944  -866.2 13.2 -278.5
20211030234945  -866.0 13.4 -277.7
20211030234946  -865.6 13.3 -277.1
20211030234947  -865.4 13.5 -276.5
20211030234948  -865.0 13.3 -276.2
20211030234949  -865.0 13.7 -276.1
20211030234950  -865.3 14.0 -275.8
20211030234951  -865.6 14.1 -275.9
20211030234952  -865.7 14.4 -276.3
20211030234953  -866.2 14.3 -276.5
20211030234954  -866.6 14.4 -276.8
20211030234955  -866.9 14.2 -277.1
20211030234956  -867.0 14.4 -277.5
20211030234957  -867.2 14.3 -277.3
20211030234958  -867.4 14.7 -277.1
20211030234959  -867.2 14.8 -276.7
20211030235000  -867.1 14.7 -276.1
20211030235001  -866.8 14.5 -275.2
20211030235002  -866.6 14.4 -274.5
20211030235003  -866.3 14.0 -274.2
20211030235004  -865.5 14.1 -273.3
20211030235005  -865.8 13.8 -273.3
20211030235006  -865.5 13.5 -273.6
20211030235007  -866.1 12.9 -273.9
20211030235008  -866.0 12.7 -274.0
20211030235009  -866.7 12.1 -274.2
20211030235010  -867.3 11.4 -274.7
20211030235011  -867.5 10.9 -274.8
20211030235012  -867.8 10.3 -274.6
20211030235013  -867.9 9.6 -274.3
20211030235014  -868.1 9.3 -273.9
20211030235015  -868.0 9.3 -273.3
20211030235016  -868.1 9.6 -272.5
20211030235017  -868.0 9.5 -272.4
20211030235018  -868.1 9.7 -272.1
20211030235019  -868.4 9.8 -272.2
20211030235020  -868.5 9.8 -271.9
20211030235021  -868.6 10.0 -271.9
