20211203233025  -683.0 -82.8 -745.2
20211203233026  -683.0 -82.5 -745.1
20211203233027  -683.2 -82.6 -745.3
20211203233028  -683.4 -82.6 -745.4
20211203233029  -682.8 -82.7 -744.9
20211203233030  -683.1 -82.7 -744.9
20211203233031  -683.2 -82.9 -745.2
20211203233032  -683.1 -82.7 -745.3
20211203233033  -683.3 -82.7 -745.5
20211203233034  -683.5 -82.7 -745.3
20211203233035  -683.4 -82.8 -745.5
20211203233036  -683.4 -82.9 -745.6
20211203233037  -683.5 -83.0 -745.4
20211203233038  -683.2 -83.4 -745.9
20211203233039  -682.5 -83.0 -745.3
20211203233040  -682.3 -82.8 -744.9
20211203233041  -682.2 -83.1 -744.7
20211203233042  -682.4 -82.9 -744.4
20211203233043  -682.2 -82.9 -744.3
20211203233044  -682.9 -82.6 -744.8
20211203233045  -683.2 -82.8 -745.5
20211203233046  -683.5 -82.7 -745.3
20211203233047  -683.1 -82.8 -745.4
20211203233048  -683.7 -82.9 -745.3
20211203233049  -683.5 -83.1 -745.6
20211203233050  -683.6 -83.0 -745.5
20211203233051  -683.7 -82.7 -745.6
20211203233052  -683.7 -82.9 -745.7
20211203233053  -683.8 -82.9 -745.5
20211203233054  -683.5 -83.0 -745.7
20211203233055  -683.5 -83.0 -745.8
20211203233056  -683.8 -83.2 -745.8
20211203233057  -683.9 -83.1 -745.6
20211203233058  -683.9 -83.0 -745.7
20211203233059  -683.9 -82.9 -745.7
20211203233100  -683.8 -83.0 -746.0
20211203233101  -684.1 -83.0 -746.0
20211203233102  -684.2 -83.2 -745.7
20211203233103  -684.3 -83.3 -745.9
20211203233104  -684.4 -83.4 -746.0
20211203233105  -683.9 -83.7 -745.7
20211203233106  -683.6 -83.2 -745.3
20211203233107  -683.3 -83.2 -744.9
20211203233108  -683.1 -83.5 -744.9
20211203233109  -683.0 -83.2 -744.6
20211203233110  -683.5 -83.0 -744.8
20211203233111  -683.7 -83.2 -744.9
20211203233112  -683.9 -83.2 -744.7
20211203233113  -683.7 -83.0 -745.4
20211203233114  -684.0 -82.9 -745.4
20211203233115  -683.8 -83.2 -745.2
20211203233116  -684.0 -83.2 -745.2
20211203233117  -684.1 -83.4 -745.3
20211203233118  -683.8 -83.2 -745.5
20211203233119  -683.9 -83.1 -745.5
20211203233120  -684.0 -83.3 -745.2
20211203233121  -684.1 -83.3 -745.4
20211203233122  -684.0 -83.7 -745.3
20211203233123  -684.0 -83.8 -745.2
20211203233124  -684.0 -83.8 -745.4
20211203233125  -683.8 -83.5 -745.1
20211203233126  -684.1 -83.6 -745.3
20211203233127  -684.2 -83.6 -745.2
20211203233128  -684.1 -83.8 -745.3
20211203233129  -684.1 -83.8 -745.3
20211203233130  -684.1 -83.9 -745.7
20211203233131  -684.1 -84.4 -745.8
20211203233132  -683.4 -84.0 -745.5
20211203233133  -683.3 -84.0 -745.2
20211203233134  -683.0 -83.7 -745.0
20211203233135  -682.9 -83.6 -744.7
20211203233136  -683.6 -83.7 -745.2
20211203233137  -683.6 -84.0 -745.3
20211203233138  -683.8 -83.8 -745.3
20211203233139  -683.7 -84.0 -745.5
20211203233140  -683.4 -83.8 -745.3
20211203233141  -683.6 -84.0 -745.3
20211203233142  -683.2 -84.1 -745.2
20211203233143  -683.5 -84.1 -745.4
20211203233144  -683.4 -84.3 -745.5
20211203233145  -683.4 -84.3 -745.2
20211203233146  -683.3 -84.4 -745.2
20211203233147  -683.6 -84.4 -745.4
20211203233148  -683.5 -84.6 -745.1
20211203233149  -683.4 -84.5 -745.3
20211203233150  -683.6 -84.6 -745.4
20211203233151  -683.4 -84.4 -745.5
20211203233152  -683.5 -84.4 -745.6
20211203233153  -683.5 -84.4 -745.3
20211203233154  -683.5 -84.7 -745.1
20211203233155  -683.3 -84.7 -745.3
20211203233156  -683.4 -84.4 -745.4
20211203233157  -683.3 -84.6 -745.4
20211203233158  -682.6 -84.5 -744.9
20211203233159  -682.5 -84.4 -744.5
20211203233200  -682.3 -84.3 -744.5
20211203233201  -682.1 -84.2 -744.5
20211203233202  -682.9 -84.5 -745.0
20211203233203  -683.1 -84.6 -745.1
20211203233204  -683.1 -84.7 -745.3
20211203233205  -683.0 -84.3 -745.5
20211203233206  -683.0 -84.4 -745.4
20211203233207  -683.0 -84.2 -745.4
20211203233208  -683.3 -84.2 -745.6
20211203233209  -683.2 -84.2 -745.6
20211203233210  -683.0 -84.3 -745.5
20211203233211  -682.9 -84.4 -745.3
20211203233212  -682.6 -84.4 -745.4
20211203233213  -682.9 -84.5 -745.6
20211203233214  -683.0 -84.8 -746.0
20211203233215  -683.3 -84.8 -745.7
20211203233216  -683.2 -84.4 -745.8
20211203233217  -683.2 -84.3 -746.1
20211203233218  -683.6 -84.5 -745.7
20211203233219  -683.2 -84.5 -745.7
20211203233220  -683.2 -84.4 -745.9
20211203233221  -683.3 -84.6 -745.8
20211203233222  -683.5 -84.6 -745.6
20211203233223  -683.4 -84.8 -746.0
20211203233224  -683.0 -84.8 -745.3
20211203233225  -682.5 -84.5 -745.2
20211203233226  -682.3 -84.3 -744.8
20211203233227  -682.2 -84.2 -745.0
20211203233228  -682.5 -84.1 -745.0
20211203233229  -683.0 -84.3 -745.5
20211203233230  -683.0 -84.3 -745.4
20211203233231  -682.9 -84.3 -745.4
20211203233232  -683.4 -84.2 -745.7
20211203233233  -683.4 -84.1 -745.4
20211203233234  -683.2 -84.4 -745.6
20211203233235  -683.4 -84.4 -745.8
20211203233236  -683.4 -84.5 -746.0
20211203233237  -683.4 -84.2 -746.1
20211203233238  -683.7 -84.3 -746.0
20211203233239  -683.5 -84.3 -746.1
20211203233240  -683.6 -84.7 -746.2
20211203233241  -683.7 -84.5 -746.0
20211203233242  -683.9 -84.4 -745.9
20211203233243  -683.9 -84.5 -746.0
20211203233244  -683.9 -84.6 -746.1
20211203233245  -684.1 -84.5 -746.2
20211203233246  -684.0 -84.3 -746.0
20211203233247  -684.3 -84.6 -746.0
20211203233248  -684.2 -84.8 -746.0
20211203233249  -684.1 -84.8 -746.0
20211203233250  -683.5 -84.7 -745.6
20211203233251  -683.3 -84.8 -745.5
20211203233252  -683.2 -84.4 -745.2
20211203233253  -683.1 -84.2 -745.0
20211203233254  -683.2 -84.2 -744.8
20211203233255  -683.9 -84.2 -745.2
20211203233256  -683.7 -84.2 -745.6
20211203233257  -683.7 -84.4 -745.5
20211203233258  -683.9 -84.4 -745.7
20211203233259  -683.9 -84.3 -745.7
20211203233300  -683.7 -84.3 -745.5
20211203233301  -683.9 -84.4 -745.7
20211203233302  -683.9 -84.2 -745.6
20211203233303  -683.9 -84.3 -745.7
20211203233304  -683.9 -84.3 -745.9
20211203233305  -684.1 -84.0 -745.9
20211203233306  -683.8 -84.0 -746.0
20211203233307  -684.0 -84.1 -745.9
20211203233308  -684.2 -84.4 -745.8
20211203233309  -684.4 -84.3 -745.8
20211203233310  -684.3 -84.1 -745.9
20211203233311  -684.3 -84.2 -745.9
20211203233312  -684.3 -84.1 -746.0
20211203233313  -684.2 -84.2 -746.0
20211203233314  -684.4 -84.4 -746.2
20211203233315  -684.2 -84.6 -746.3
20211203233316  -683.8 -84.2 -745.9
20211203233317  -683.6 -84.2 -745.6
20211203233318  -683.5 -84.1 -745.4
20211203233319  -683.2 -83.9 -745.3
20211203233320  -683.1 -84.1 -745.0
20211203233321  -683.7 -84.0 -745.7
20211203233322  -684.2 -84.0 -745.7
20211203233323  -684.2 -84.1 -745.8
20211203233324  -684.2 -84.2 -745.7
20211203233325  -684.4 -84.1 -745.9
20211203233326  -684.3 -84.1 -746.1
20211203233327  -684.4 -84.3 -746.2
20211203233328  -684.4 -84.1 -746.2
20211203233329  -684.5 -84.3 -746.3
20211203233330  -684.6 -84.1 -746.0
20211203233331  -684.7 -84.1 -745.9
20211203233332  -684.8 -84.3 -746.2
20211203233333  -685.0 -84.2 -746.3
20211203233334  -685.3 -84.1 -746.0
20211203233335  -685.2 -83.9 -746.0
20211203233336  -685.6 -84.1 -746.1
20211203233337  -685.6 -84.1 -746.4
20211203233338  -685.5 -84.3 -746.4
20211203233339  -685.8 -84.2 -746.2
20211203233340  -685.9 -84.3 -746.1
20211203233341  -686.0 -84.2 -746.4
20211203233342  -685.8 -84.4 -746.3
20211203233343  -685.2 -84.1 -745.8
20211203233344  -685.0 -84.2 -745.7
20211203233345  -684.7 -84.1 -745.5
20211203233346  -684.8 -83.7 -745.6
20211203233347  -685.1 -83.8 -745.7
20211203233348  -685.5 -84.0 -746.3
20211203233349  -685.6 -84.3 -746.3
20211203233350  -685.6 -84.3 -746.3
20211203233351  -686.1 -84.5 -746.6
20211203233352  -686.0 -84.5 -746.6
20211203233353  -686.0 -84.4 -746.6
20211203233354  -686.1 -84.3 -746.4
20211203233355  -686.1 -84.1 -746.4
20211203233356  -686.0 -84.2 -746.3
20211203233357  -685.7 -84.4 -746.6
20211203233358  -685.9 -84.3 -746.3
20211203233359  -686.1 -84.4 -746.7
20211203233400  -686.2 -84.2 -746.7
20211203233401  -686.2 -84.2 -746.8
20211203233402  -686.3 -84.3 -747.0
20211203233403  -686.1 -84.4 -746.9
20211203233404  -685.8 -84.4 -747.0
20211203233405  -686.1 -84.4 -747.0
20211203233406  -686.2 -84.3 -746.8
20211203233407  -686.1 -84.3 -747.0
20211203233408  -685.6 -84.4 -746.9
20211203233409  -685.2 -84.4 -746.2
20211203233410  -685.0 -84.3 -745.9
20211203233411  -685.0 -83.8 -745.5
20211203233412  -684.7 -84.0 -745.7
20211203233413  -684.5 -84.0 -745.6
20211203233414  -685.3 -84.3 -746.0
20211203233415  -685.3 -84.3 -746.4
20211203233416  -685.6 -84.1 -746.5
20211203233417  -685.0 -84.1 -746.7
20211203233418  -685.3 -84.2 -746.7
20211203233419  -685.5 -84.3 -746.9
20211203233420  -685.4 -84.2 -746.6
20211203233421  -685.5 -84.1 -746.8
20211203233422  -685.4 -84.2 -746.5
20211203233423  -685.4 -84.3 -746.8
20211203233424  -685.5 -84.4 -746.8
20211203233425  -685.6 -84.2 -746.6
20211203233426  -685.4 -84.3 -746.3
20211203233427  -685.4 -84.2 -746.3
20211203233428  -685.4 -84.5 -746.8
20211203233429  -685.3 -84.4 -746.7
20211203233430  -685.5 -84.1 -746.8
20211203233431  -685.6 -84.3 -747.1
20211203233432  -685.4 -84.5 -747.1
20211203233433  -685.6 -84.3 -746.9
20211203233434  -685.5 -84.5 -747.3
20211203233435  -685.1 -84.4 -746.7
20211203233436  -684.8 -84.3 -746.2
20211203233437  -684.5 -83.7 -746.1
20211203233438  -684.6 -83.5 -746.1
20211203233439  -683.8 -83.9 -745.9
20211203233440  -684.2 -83.8 -746.1
20211203233441  -685.0 -84.0 -746.4
20211203233442  -685.2 -84.2 -746.5
20211203233443  -685.2 -84.1 -746.6
20211203233444  -685.2 -84.0 -746.6
20211203233445  -685.4 -84.1 -746.2
20211203233446  -685.8 -84.0 -746.5
20211203233447  -685.6 -83.9 -746.3
20211203233448  -685.5 -84.0 -746.4
20211203233449  -685.8 -84.0 -746.5
20211203233450  -685.8 -84.5 -746.7
20211203233451  -685.7 -84.5 -746.4
20211203233452  -685.7 -84.1 -746.3
20211203233453  -685.7 -84.0 -746.6
20211203233454  -685.5 -83.9 -746.2
20211203233455  -685.7 -84.0 -746.3
20211203233456  -685.9 -84.0 -746.8
20211203233457  -685.8 -83.8 -746.5
20211203233458  -686.0 -84.0 -746.8
20211203233459  -685.9 -84.2 -746.4
20211203233500  -685.8 -84.0 -746.8
20211203233501  -685.6 -84.2 -746.8
20211203233502  -685.3 -84.1 -746.6
20211203233503  -685.0 -83.8 -746.3
20211203233504  -684.7 -83.7 -745.8
20211203233505  -684.6 -83.8 -745.8
20211203233506  -684.4 -83.6 -745.5
20211203233507  -685.3 -83.8 -745.9
20211203233508  -685.5 -83.7 -746.5
20211203233509  -685.7 -83.6 -746.4
20211203233510  -685.6 -83.7 -746.6
20211203233511  -685.3 -83.8 -746.8
20211203233512  -685.6 -83.9 -746.9
20211203233513  -685.8 -84.0 -746.9
20211203233514  -686.1 -83.8 -746.9
20211203233515  -686.0 -84.1 -747.3
20211203233516  -685.9 -84.0 -747.2
20211203233517  -686.3 -83.8 -747.1
20211203233518  -686.2 -83.9 -747.3
20211203233519  -685.8 -84.2 -747.1
20211203233520  -686.1 -84.1 -747.1
20211203233521  -686.1 -83.7 -747.2
20211203233522  -686.2 -84.1 -747.3
20211203233523  -686.2 -83.9 -747.3
20211203233524  -686.3 -84.2 -747.3
20211203233525  -686.3 -84.0 -747.1
20211203233526  -686.3 -84.2 -747.2
20211203233527  -686.1 -84.4 -747.2
20211203233528  -685.4 -84.2 -746.9
20211203233529  -685.2 -84.1 -746.8
20211203233530  -685.1 -84.3 -747.0
20211203233531  -684.9 -84.0 -746.5
20211203233532  -685.0 -83.4 -746.4
20211203233533  -685.0 -83.2 -746.3
20211203233534  -685.8 -83.7 -746.7
20211203233535  -685.8 -83.8 -746.9
20211203233536  -685.8 -83.6 -746.8
20211203233537  -686.0 -83.7 -747.1
20211203233538  -685.9 -83.8 -746.7
20211203233539  -685.9 -83.9 -746.6
20211203233540  -686.1 -83.6 -747.0
20211203233541  -685.8 -83.9 -747.1
20211203233542  -686.0 -83.7 -747.3
20211203233543  -686.0 -83.9 -747.4
20211203233544  -686.1 -84.0 -747.3
20211203233545  -686.3 -84.1 -747.4
20211203233546  -686.2 -84.1 -747.3
20211203233547  -686.5 -84.0 -747.3
20211203233548  -686.5 -84.0 -747.1
20211203233549  -686.6 -84.0 -747.1
20211203233550  -686.5 -84.1 -747.1
20211203233551  -686.7 -84.0 -746.9
20211203233552  -686.7 -83.9 -747.0
20211203233553  -686.5 -84.1 -747.1
20211203233554  -685.9 -83.8 -746.8
20211203233555  -685.3 -83.7 -746.5
20211203233556  -685.3 -83.6 -746.6
20211203233557  -685.3 -83.7 -746.2
20211203233558  -685.2 -83.5 -746.1
20211203233559  -685.1 -83.8 -745.9
20211203233600  -685.5 -83.7 -746.4
20211203233601  -685.9 -83.7 -746.6
20211203233602  -686.1 -84.0 -746.8
20211203233603  -686.2 -83.9 -746.7
20211203233604  -686.4 -84.0 -746.8
20211203233605  -686.2 -83.7 -746.8
20211203233606  -686.0 -83.9 -746.6
20211203233607  -686.1 -83.9 -746.9
20211203233608  -686.2 -83.9 -747.0
20211203233609  -686.2 -84.0 -746.7
20211203233610  -686.5 -83.9 -746.8
20211203233611  -686.7 -84.1 -747.1
20211203233612  -686.4 -83.8 -747.0
20211203233613  -686.4 -84.1 -747.1
20211203233614  -686.8 -84.1 -747.3
20211203233615  -686.8 -84.1 -747.0
20211203233616  -686.8 -84.4 -747.2
20211203233617  -687.0 -84.0 -747.1
20211203233618  -687.0 -84.3 -746.8
20211203233619  -687.1 -84.2 -746.9
20211203233620  -686.5 -84.2 -746.9
20211203233621  -686.1 -84.1 -746.4
20211203233622  -685.8 -84.3 -746.5
20211203233623  -685.8 -84.3 -746.6
20211203233624  -685.7 -84.2 -746.2
20211203233625  -685.5 -84.0 -746.1
20211203233626  -685.8 -83.9 -746.4
20211203233627  -686.7 -83.9 -746.7
20211203233628  -686.9 -84.0 -746.7
20211203233629  -686.9 -84.4 -746.8
20211203233630  -686.7 -84.2 -746.7
20211203233631  -686.9 -84.1 -746.9
20211203233632  -687.0 -84.0 -746.9
20211203233633  -686.9 -84.1 -747.3
20211203233634  -686.8 -84.3 -747.0
20211203233635  -687.1 -84.3 -747.2
20211203233636  -687.4 -84.2 -747.4
20211203233637  -687.2 -84.5 -747.3
20211203233638  -687.3 -84.1 -747.4
20211203233639  -687.6 -84.4 -747.6
20211203233640  -687.0 -84.4 -747.7
20211203233641  -687.0 -84.2 -747.5
20211203233642  -687.3 -84.1 -747.5
20211203233643  -687.3 -84.2 -747.4
20211203233644  -687.6 -84.2 -747.3
20211203233645  -687.6 -83.9 -747.6
20211203233646  -687.4 -84.0 -747.8
20211203233647  -687.0 -83.8 -747.0
20211203233648  -686.8 -84.0 -746.9
20211203233649  -686.8 -84.0 -746.7
20211203233650  -686.6 -83.8 -746.8
20211203233651  -686.5 -83.7 -746.5
20211203233652  -686.8 -83.1 -746.7
20211203233653  -687.3 -83.5 -747.0
20211203233654  -687.6 -83.7 -747.0
20211203233655  -687.4 -83.7 -747.1
20211203233656  -687.4 -83.9 -747.2
20211203233657  -687.5 -84.0 -747.4
20211203233658  -687.5 -84.1 -747.1
20211203233659  -687.5 -83.9 -747.2
20211203233700  -687.7 -83.9 -747.1
20211203233701  -687.6 -84.0 -747.2
20211203233702  -687.5 -83.9 -747.4
20211203233703  -687.6 -83.9 -747.4
20211203233704  -687.6 -84.3 -747.5
20211203233705  -687.3 -84.0 -747.6
20211203233706  -687.5 -83.8 -747.9
20211203233707  -687.7 -83.7 -747.4
20211203233708  -687.4 -84.1 -747.2
20211203233709  -687.2 -84.0 -747.4
20211203233710  -687.5 -83.8 -747.4
20211203233711  -687.6 -84.1 -747.6
20211203233712  -687.6 -84.1 -748.1
20211203233713  -687.0 -83.9 -747.6
20211203233714  -686.7 -83.7 -747.1
20211203233715  -686.6 -83.3 -747.1
20211203233716  -686.2 -83.4 -747.0
20211203233717  -686.0 -83.3 -746.6
20211203233718  -686.0 -83.6 -746.7
20211203233719  -686.8 -83.8 -747.2
20211203233720  -686.9 -83.6 -747.3
20211203233721  -686.9 -83.9 -747.4
20211203233722  -687.1 -83.8 -747.6
20211203233723  -687.3 -83.7 -747.8
20211203233724  -687.4 -83.9 -747.7
20211203233725  -687.4 -83.7 -747.8
20211203233726  -687.3 -83.8 -747.8
20211203233727  -687.5 -83.8 -747.9
20211203233728  -687.5 -83.9 -747.8
20211203233729  -687.6 -83.9 -747.9
20211203233730  -687.7 -84.0 -748.1
20211203233731  -687.4 -83.8 -748.1
20211203233732  -687.4 -84.0 -748.0
20211203233733  -687.7 -83.7 -747.8
20211203233734  -687.7 -83.8 -747.9
20211203233735  -687.7 -84.2 -748.2
20211203233736  -688.0 -84.1 -748.6
20211203233737  -687.8 -84.0 -748.6
20211203233738  -687.9 -84.1 -748.5
20211203233739  -687.6 -84.1 -748.5
20211203233740  -687.2 -83.9 -747.9
20211203233741  -687.2 -83.8 -748.0
20211203233742  -687.2 -83.5 -747.8
20211203233743  -686.8 -83.7 -747.5
20211203233744  -686.5 -84.0 -747.5
20211203233745  -687.7 -83.8 -748.2
20211203233746  -688.1 -83.9 -748.5
20211203233747  -688.0 -83.9 -748.4
20211203233748  -688.3 -83.9 -748.5
20211203233749  -687.9 -83.6 -748.4
20211203233750  -688.0 -83.8 -748.5
20211203233751  -688.4 -84.1 -748.3
20211203233752  -688.4 -84.1 -748.4
20211203233753  -688.7 -84.3 -748.6
20211203233754  -688.6 -84.1 -748.6
20211203233755  -688.9 -84.0 -748.9
20211203233756  -688.9 -84.0 -748.9
20211203233757  -688.9 -84.0 -749.0
20211203233758  -688.9 -83.9 -748.8
20211203233759  -688.8 -84.3 -749.1
20211203233800  -689.1 -84.4 -749.1
20211203233801  -689.2 -84.4 -749.3
20211203233802  -689.3 -84.4 -749.0
20211203233803  -689.2 -84.3 -749.1
20211203233804  -689.0 -84.3 -749.5
20211203233805  -689.1 -84.5 -749.2
20211203233806  -688.4 -84.4 -748.8
20211203233807  -688.1 -84.0 -748.2
20211203233808  -688.2 -84.0 -747.9
20211203233809  -687.8 -83.8 -747.8
20211203233810  -688.1 -83.8 -747.9
20211203233811  -688.9 -83.5 -748.9
20211203233812  -689.2 -83.7 -748.8
20211203233813  -689.0 -84.0 -749.0
