20211031065234  -655.2 -77.6 -188.0
20211031065235  -655.2 -77.6 -188.0
20211031065236  -655.3 -77.6 -188.4
20211031065237  -655.6 -77.6 -188.0
20211031065238  -655.6 -77.3 -188.0
20211031065239  -655.8 -77.3 -187.9
20211031065240  -656.0 -77.2 -187.7
20211031065241  -656.1 -77.1 -187.8
20211031065242  -656.3 -76.9 -187.8
20211031065243  -656.3 -76.8 -187.8
20211031065244  -656.6 -77.0 -188.1
20211031065245  -656.6 -76.7 -187.9
20211031065246  -656.9 -76.8 -188.2
20211031065247  -657.1 -76.4 -187.8
20211031065248  -657.2 -76.4 -188.2
20211031065249  -657.1 -76.6 -188.1
20211031065250  -657.2 -76.3 -188.2
20211031065251  -657.4 -76.3 -188.3
20211031065252  -657.2 -76.2 -188.2
20211031065253  -657.3 -76.0 -188.3
20211031065254  -657.9 -76.0 -188.7
20211031065255  -657.8 -75.8 -188.6
20211031065256  -658.1 -75.8 -188.6
20211031065257  -658.1 -75.8 -188.7
20211031065258  -658.3 -75.8 -188.7
20211031065259  -658.2 -75.5 -188.8
20211031065300  -658.4 -75.7 -188.7
20211031065301  -658.5 -75.5 -188.5
20211031065302  -658.7 -75.7 -188.8
20211031065303  -658.7 -75.8 -188.5
20211031065304  -658.5 -75.7 -188.9
20211031065305  -658.5 -75.7 -188.8
20211031065306  -658.3 -75.5 -188.9
20211031065307  -658.4 -75.4 -188.7
20211031065308  -658.5 -75.5 -188.8
20211031065309  -658.7 -75.5 -188.9
20211031065310  -658.6 -75.5 -188.7
20211031065311  -658.4 -75.4 -188.7
20211031065312  -658.4 -75.4 -188.8
20211031065313  -658.4 -75.6 -188.6
20211031065314  -658.3 -75.6 -188.6
20211031065315  -658.2 -75.6 -188.5
20211031065316  -658.2 -75.3 -188.8
20211031065317  -658.2 -75.2 -188.4
20211031065318  -658.3 -75.0 -189.0
20211031065319  -658.0 -75.2 -189.1
20211031065320  -658.1 -74.9 -188.7
20211031065321  -658.3 -75.0 -189.0
20211031065322  -658.1 -75.0 -188.7
20211031065323  -657.6 -74.8 -188.1
20211031065324  -657.7 -74.9 -188.7
20211031065325  -657.8 -74.5 -188.6
20211031065326  -657.8 -75.1 -188.9
20211031065327  -657.9 -75.0 -188.8
20211031065328  -657.6 -75.1 -188.6
20211031065329  -657.2 -75.2 -188.9
20211031065330  -657.5 -75.2 -188.9
20211031065331  -657.2 -75.6 -189.0
20211031065332  -657.0 -75.1 -188.8
20211031065333  -657.2 -75.6 -189.0
20211031065334  -657.2 -75.8 -189.0
20211031065335  -657.2 -75.8 -189.0
20211031065336  -657.1 -75.9 -189.0
20211031065337  -657.0 -75.8 -188.9
20211031065338  -656.8 -76.0 -189.1
20211031065339  -656.9 -76.0 -189.4
20211031065340  -657.0 -75.9 -188.9
20211031065341  -657.1 -76.0 -189.0
20211031065342  -657.2 -76.0 -189.0
20211031065343  -656.9 -76.1 -189.0
20211031065344  -657.1 -75.9 -189.1
20211031065345  -657.3 -75.8 -188.8
20211031065346  -657.2 -75.8 -189.3
20211031065347  -657.0 -75.8 -188.8
20211031065348  -657.0 -75.8 -188.8
20211031065349  -656.9 -75.8 -188.5
20211031065350  -657.0 -75.7 -188.5
20211031065351  -656.8 -75.8 -188.9
20211031065352  -656.9 -75.3 -188.8
20211031065353  -656.6 -75.3 -188.3
20211031065354  -656.9 -75.4 -188.7
20211031065355  -656.9 -75.1 -188.7
20211031065356  -657.2 -75.0 -188.6
20211031065357  -657.2 -75.0 -188.6
20211031065358  -657.1 -75.1 -188.8
20211031065359  -657.0 -74.8 -188.5
20211031065400  -657.1 -74.8 -188.6
20211031065401  -657.0 -74.5 -188.6
20211031065402  -657.2 -74.6 -188.7
20211031065403  -656.8 -74.7 -188.4
20211031065404  -656.7 -74.7 -188.5
20211031065405  -656.7 -75.0 -188.5
20211031065406  -656.1 -75.2 -188.3
20211031065407  -655.7 -75.4 -188.6
20211031065408  -655.3 -75.7 -188.7
20211031065409  -655.0 -75.9 -188.5
20211031065410  -654.6 -76.2 -188.3
20211031065411  -654.5 -76.4 -188.4
20211031065412  -653.7 -76.9 -188.2
20211031065413  -653.8 -77.2 -188.5
20211031065414  -653.5 -77.4 -188.4
20211031065415  -653.2 -77.7 -188.3
20211031065416  -653.1 -78.5 -188.4
20211031065417  -653.2 -78.4 -188.4
20211031065418  -653.1 -78.7 -188.2
20211031065419  -652.9 -78.8 -188.3
20211031065420  -653.0 -79.1 -188.2
20211031065421  -653.2 -79.4 -188.0
20211031065422  -653.4 -79.4 -188.2
20211031065423  -653.4 -79.6 -188.5
20211031065424  -653.7 -79.4 -188.7
20211031065425  -654.0 -79.4 -188.4
20211031065426  -654.1 -79.4 -188.2
20211031065427  -654.4 -79.3 -188.4
20211031065428  -654.5 -79.2 -188.4
20211031065429  -654.7 -79.1 -188.4
20211031065430  -655.0 -79.2 -188.5
20211031065431  -655.0 -79.2 -188.6
20211031065432  -655.5 -79.0 -188.6
20211031065433  -655.3 -78.7 -188.3
20211031065434  -655.6 -78.7 -188.3
20211031065435  -655.5 -78.8 -188.7
20211031065436  -655.5 -78.7 -188.7
20211031065437  -655.6 -78.7 -188.8
20211031065438  -655.5 -78.8 -188.8
20211031065439  -655.8 -78.8 -188.6
20211031065440  -655.6 -78.9 -188.5
20211031065441  -656.0 -78.8 -188.9
20211031065442  -655.8 -78.8 -188.8
20211031065443  -656.1 -79.0 -188.7
20211031065444  -656.0 -78.8 -188.6
20211031065445  -655.8 -79.0 -188.3
20211031065446  -656.2 -79.3 -188.3
20211031065447  -655.9 -79.5 -188.5
20211031065448  -656.0 -79.5 -188.7
20211031065449  -656.3 -79.4 -188.5
20211031065450  -656.2 -79.9 -188.5
20211031065451  -656.4 -79.9 -188.7
20211031065452  -656.6 -79.8 -188.8
20211031065453  -656.5 -79.9 -188.6
20211031065454  -656.4 -79.6 -188.0
20211031065455  -656.7 -79.7 -188.6
20211031065456  -657.0 -79.6 -188.7
20211031065457  -657.4 -79.6 -188.7
20211031065458  -657.7 -79.7 -188.5
20211031065459  -658.0 -79.4 -188.6
20211031065500  -658.0 -79.5 -188.5
20211031065501  -658.6 -79.3 -188.6
20211031065502  -658.5 -79.2 -188.8
20211031065503  -658.9 -79.0 -188.7
20211031065504  -659.2 -79.1 -188.8
20211031065505  -659.6 -78.8 -188.8
20211031065506  -660.0 -78.5 -188.8
20211031065507  -660.3 -78.3 -188.7
20211031065508  -660.5 -78.0 -188.7
20211031065509  -660.8 -77.6 -188.6
20211031065510  -661.4 -77.2 -188.8
20211031065511  -661.9 -76.9 -188.9
20211031065512  -662.1 -76.8 -189.1
20211031065513  -661.9 -76.6 -188.8
20211031065514  -662.0 -76.6 -188.8
20211031065515  -662.5 -76.0 -188.9
20211031065516  -662.4 -75.9 -188.7
20211031065517  -662.4 -75.7 -188.4
20211031065518  -662.5 -75.7 -188.9
20211031065519  -662.7 -75.3 -188.8
20211031065520  -662.8 -74.8 -188.6
20211031065521  -662.7 -74.6 -188.7
20211031065522  -662.7 -74.3 -188.4
20211031065523  -662.8 -74.1 -188.6
20211031065524  -662.0 -73.6 -188.2
20211031065525  -662.7 -73.3 -188.7
20211031065526  -662.4 -73.2 -188.5
20211031065527  -662.2 -72.8 -188.5
20211031065528  -662.4 -72.4 -188.6
20211031065529  -662.5 -72.2 -188.5
20211031065530  -662.5 -71.9 -188.4
20211031065531  -662.5 -71.8 -188.5
20211031065532  -662.3 -71.7 -188.5
20211031065533  -662.3 -71.2 -188.4
20211031065534  -662.3 -71.3 -188.5
20211031065535  -661.7 -70.9 -188.4
20211031065536  -661.4 -70.7 -188.5
20211031065537  -661.3 -70.7 -188.6
20211031065538  -661.2 -70.4 -188.5
20211031065539  -660.6 -70.3 -188.6
20211031065540  -660.1 -70.2 -188.2
20211031065541  -659.7 -70.2 -188.6
20211031065542  -659.3 -70.2 -188.7
20211031065543  -658.7 -70.6 -188.7
20211031065544  -658.2 -70.6 -188.4
20211031065545  -657.9 -70.8 -188.7
20211031065546  -657.7 -71.0 -188.5
20211031065547  -657.1 -71.2 -188.4
20211031065548  -656.6 -71.8 -188.6
20211031065549  -656.0 -71.8 -188.5
20211031065550  -655.7 -72.2 -188.5
20211031065551  -655.6 -72.6 -188.6
20211031065552  -655.4 -73.0 -188.4
20211031065553  -655.0 -72.9 -188.5
20211031065554  -654.4 -73.1 -188.3
20211031065555  -654.2 -73.5 -188.1
20211031065556  -654.4 -74.0 -188.8
20211031065557  -654.1 -74.0 -188.5
20211031065558  -654.2 -74.4 -188.7
20211031065559  -654.1 -74.7 -188.5
20211031065600  -653.9 -74.8 -188.6
20211031065601  -653.7 -75.3 -188.4
20211031065602  -653.6 -75.4 -188.7
20211031065603  -653.5 -75.7 -188.6
20211031065604  -653.6 -75.8 -188.7
20211031065605  -653.5 -75.9 -188.9
20211031065606  -653.4 -76.0 -188.8
20211031065607  -653.5 -76.3 -188.7
20211031065608  -653.3 -76.5 -188.6
20211031065609  -653.3 -76.5 -188.7
20211031065610  -653.7 -76.5 -188.4
20211031065611  -653.7 -76.4 -188.4
20211031065612  -653.9 -76.5 -188.5
20211031065613  -653.7 -76.2 -188.5
20211031065614  -654.0 -76.5 -188.6
