20211108230835  -740.9 -42.7 -236.0
20211108230836  -740.7 -42.4 -235.7
20211108230837  -740.3 -42.9 -235.6
20211108230838  -739.9 -43.1 -235.7
20211108230839  -739.6 -43.3 -235.9
20211108230840  -739.9 -43.8 -235.9
20211108230841  -740.3 -43.9 -236.7
20211108230842  -740.5 -43.8 -236.6
20211108230843  -740.1 -44.0 -236.5
20211108230844  -740.3 -44.1 -236.8
20211108230845  -740.1 -44.1 -236.5
20211108230846  -739.7 -44.0 -235.9
20211108230847  -739.4 -44.1 -235.6
20211108230848  -738.8 -44.0 -236.1
20211108230849  -738.9 -43.8 -236.2
20211108230850  -738.5 -44.2 -236.1
20211108230851  -738.4 -44.0 -236.1
20211108230852  -738.0 -44.4 -236.1
20211108230853  -737.9 -44.6 -236.3
20211108230854  -737.6 -44.9 -236.2
20211108230855  -737.6 -44.9 -236.4
20211108230856  -737.4 -45.3 -236.9
20211108230857  -737.1 -45.3 -237.0
20211108230858  -737.0 -45.0 -236.5
20211108230859  -736.7 -44.9 -236.2
20211108230900  -736.4 -44.8 -236.4
20211108230901  -735.8 -44.9 -236.0
20211108230902  -735.5 -44.7 -236.2
20211108230903  -735.2 -44.7 -235.9
20211108230904  -734.8 -44.1 -235.4
20211108230905  -734.6 -44.0 -235.1
20211108230906  -734.2 -43.5 -234.6
20211108230907  -734.9 -43.7 -235.9
20211108230908  -735.1 -43.8 -236.0
20211108230909  -734.8 -43.7 -236.0
20211108230910  -734.8 -43.7 -236.6
20211108230911  -735.0 -43.7 -236.6
20211108230912  -734.6 -43.5 -236.1
20211108230913  -734.8 -43.5 -236.3
20211108230914  -734.7 -43.1 -235.8
20211108230915  -734.4 -42.9 -236.0
20211108230916  -733.8 -42.7 -236.1
20211108230917  -733.7 -42.7 -236.1
20211108230918  -733.7 -43.1 -236.2
20211108230919  -733.6 -43.1 -236.1
20211108230920  -733.7 -43.3 -236.0
20211108230921  -733.7 -43.3 -236.3
20211108230922  -733.4 -43.4 -236.5
20211108230923  -733.5 -43.8 -236.6
20211108230924  -733.5 -43.9 -236.4
20211108230925  -733.3 -43.9 -236.5
20211108230926  -733.0 -43.8 -236.7
20211108230927  -732.6 -43.4 -236.3
20211108230928  -732.1 -43.2 -235.6
20211108230929  -731.5 -42.7 -235.2
20211108230930  -731.3 -42.6 -235.0
20211108230931  -730.8 -42.7 -234.7
20211108230932  -730.3 -42.5 -234.8
20211108230933  -730.0 -42.3 -235.1
20211108230934  -730.8 -42.5 -235.6
20211108230935  -730.3 -42.6 -235.6
20211108230936  -730.4 -42.7 -235.8
20211108230937  -730.4 -42.6 -236.2
20211108230938  -730.2 -42.4 -236.3
20211108230939  -730.0 -42.8 -236.3
20211108230940  -729.9 -42.9 -236.8
20211108230941  -729.6 -42.7 -236.7
20211108230942  -729.3 -42.7 -236.8
20211108230943  -729.0 -43.0 -236.7
20211108230944  -728.7 -42.7 -236.7
20211108230945  -728.7 -42.9 -237.1
20211108230946  -728.7 -42.9 -237.5
20211108230947  -728.7 -42.9 -237.3
20211108230948  -728.7 -42.7 -237.2
20211108230949  -728.8 -42.8 -237.3
20211108230950  -728.8 -42.8 -237.5
20211108230951  -728.8 -42.6 -237.4
20211108230952  -728.5 -42.5 -237.2
20211108230953  -728.4 -42.5 -237.3
20211108230954  -728.0 -42.5 -236.9
20211108230955  -727.2 -42.2 -237.0
20211108230956  -727.0 -42.2 -237.0
20211108230957  -726.8 -42.2 -237.0
20211108230958  -726.6 -42.3 -236.8
20211108230959  -726.3 -42.5 -236.3
20211108231000  -726.5 -42.2 -236.7
20211108231001  -726.8 -42.4 -237.4
20211108231002  -726.9 -42.2 -237.5
20211108231003  -726.6 -42.4 -237.7
20211108231004  -726.6 -42.6 -238.0
20211108231005  -726.6 -42.4 -237.9
20211108231006  -726.8 -42.4 -238.5
20211108231007  -726.6 -42.8 -238.8
20211108231008  -726.3 -42.9 -238.6
20211108231009  -726.6 -43.0 -238.8
20211108231010  -726.5 -43.2 -239.4
20211108231011  -726.5 -43.2 -239.5
20211108231012  -726.5 -43.1 -239.5
20211108231013  -726.7 -43.2 -239.7
20211108231014  -726.9 -42.9 -239.9
20211108231015  -726.7 -42.7 -240.0
20211108231016  -727.0 -42.6 -240.1
20211108231017  -727.1 -42.1 -239.9
20211108231018  -727.2 -41.8 -239.8
20211108231019  -727.2 -41.8 -240.0
20211108231020  -726.7 -42.0 -239.9
20211108231021  -726.3 -41.4 -239.3
20211108231022  -725.9 -41.3 -239.3
20211108231023  -725.6 -41.3 -239.4
20211108231024  -725.5 -41.3 -239.2
20211108231025  -725.7 -41.4 -239.3
20211108231026  -725.4 -41.1 -239.3
20211108231027  -726.6 -41.3 -240.0
20211108231028  -726.7 -41.2 -239.9
20211108231029  -726.6 -41.2 -240.1
20211108231030  -726.9 -41.1 -240.3
20211108231031  -727.0 -41.0 -240.1
20211108231032  -727.1 -40.9 -240.4
20211108231033  -727.4 -41.0 -240.6
20211108231034  -727.6 -41.0 -240.8
20211108231035  -727.7 -40.8 -240.8
20211108231036  -728.1 -40.5 -240.9
20211108231037  -728.6 -40.5 -241.3
20211108231038  -729.0 -40.8 -241.3
20211108231039  -729.5 -40.7 -241.6
20211108231040  -730.1 -40.6 -241.7
20211108231041  -730.7 -40.9 -241.7
20211108231042  -731.3 -40.9 -241.9
20211108231043  -731.7 -40.3 -241.5
20211108231044  -732.0 -40.0 -241.7
20211108231045  -732.3 -40.3 -241.6
20211108231046  -732.7 -40.5 -241.8
20211108231047  -732.6 -39.9 -241.4
20211108231048  -732.6 -39.5 -240.8
20211108231049  -733.0 -39.5 -241.0
20211108231050  -733.5 -39.3 -241.1
20211108231051  -733.7 -39.0 -240.8
20211108231052  -733.9 -38.8 -241.0
20211108231053  -734.8 -38.8 -241.1
20211108231054  -735.5 -39.0 -241.8
20211108231055  -736.1 -38.8 -242.0
20211108231056  -736.7 -39.0 -242.1
20211108231057  -737.1 -39.1 -242.2
20211108231058  -738.1 -38.7 -242.4
20211108231059  -738.5 -38.9 -242.3
20211108231100  -738.9 -38.9 -242.4
20211108231101  -739.3 -38.7 -242.6
20211108231102  -740.0 -38.7 -242.8
20211108231103  -740.1 -38.1 -242.4
20211108231104  -740.6 -38.0 -242.4
20211108231105  -740.7 -38.0 -242.7
20211108231106  -741.3 -38.1 -242.7
20211108231107  -741.9 -38.1 -243.0
20211108231108  -742.5 -38.3 -242.8
20211108231109  -742.9 -37.5 -242.8
20211108231110  -743.3 -37.3 -242.5
20211108231111  -743.5 -37.1 -242.4
20211108231112  -743.7 -36.8 -242.4
20211108231113  -743.8 -37.2 -242.2
20211108231114  -743.8 -36.8 -242.0
20211108231115  -744.0 -36.9 -242.3
20211108231116  -743.9 -36.7 -241.7
20211108231117  -744.3 -36.6 -242.0
20211108231118  -744.7 -36.7 -242.1
20211108231119  -745.3 -36.3 -241.8
20211108231120  -746.4 -35.9 -242.1
20211108231121  -746.6 -35.7 -242.0
20211108231122  -747.0 -35.4 -241.8
20211108231123  -746.9 -35.0 -242.1
20211108231124  -747.0 -35.3 -242.3
20211108231125  -747.6 -35.1 -242.1
20211108231126  -747.5 -35.0 -242.0
20211108231127  -747.8 -35.2 -242.4
20211108231128  -748.0 -35.4 -242.5
20211108231129  -748.2 -35.6 -242.5
20211108231130  -748.3 -35.8 -242.8
20211108231131  -748.5 -35.6 -242.8
20211108231132  -748.7 -35.6 -243.1
20211108231133  -748.7 -35.3 -243.0
20211108231134  -748.7 -35.3 -243.0
20211108231135  -749.0 -35.6 -243.0
20211108231136  -749.1 -35.8 -243.2
20211108231137  -749.2 -35.8 -243.5
20211108231138  -749.1 -35.6 -243.5
20211108231139  -749.4 -35.9 -243.9
20211108231140  -749.2 -35.7 -243.7
20211108231141  -749.1 -35.2 -243.6
20211108231142  -749.1 -35.0 -242.9
20211108231143  -748.8 -34.6 -242.1
20211108231144  -748.8 -34.4 -242.1
20211108231145  -748.4 -34.1 -242.2
20211108231146  -748.6 -34.0 -242.1
20211108231147  -749.1 -34.2 -242.4
20211108231148  -749.0 -34.5 -242.2
20211108231149  -749.0 -34.9 -242.7
20211108231150  -749.0 -35.2 -243.0
20211108231151  -749.3 -35.6 -243.1
20211108231152  -749.4 -35.9 -243.5
20211108231153  -749.6 -36.3 -243.7
20211108231154  -749.6 -36.3 -243.8
20211108231155  -749.8 -36.2 -243.9
20211108231156  -749.9 -36.2 -244.1
20211108231157  -750.0 -36.3 -244.2
20211108231158  -750.0 -36.3 -244.4
20211108231159  -750.2 -36.1 -244.5
20211108231200  -750.2 -36.2 -244.6
20211108231201  -750.5 -35.7 -244.7
20211108231202  -750.6 -35.8 -244.6
20211108231203  -750.3 -36.0 -244.9
20211108231204  -750.4 -35.9 -245.1
20211108231205  -750.5 -35.9 -244.8
20211108231206  -750.4 -35.9 -244.7
20211108231207  -750.1 -35.5 -244.1
20211108231208  -749.7 -35.7 -243.9
20211108231209  -749.7 -35.3 -243.5
20211108231210  -749.5 -35.4 -243.3
20211108231211  -749.1 -35.3 -243.1
20211108231212  -748.9 -35.5 -243.0
20211108231213  -750.0 -36.2 -244.1
20211108231214  -750.2 -36.3 -244.3
20211108231215  -750.3 -36.5 -244.6
20211108231216  -750.7 -36.8 -244.7
