20211110134434  -672.8 -91.8 -170.7
20211110134435  -672.8 -91.9 -170.4
20211110134436  -672.6 -91.8 -170.3
20211110134437  -672.7 -91.7 -170.6
20211110134438  -672.5 -91.5 -170.5
20211110134439  -672.6 -91.8 -170.5
20211110134440  -672.7 -91.6 -170.5
20211110134441  -672.6 -91.4 -170.5
20211110134442  -672.6 -91.8 -170.6
20211110134443  -672.0 -91.6 -170.2
20211110134444  -671.7 -91.6 -170.3
20211110134445  -672.4 -91.8 -170.6
20211110134446  -672.2 -91.5 -170.4
20211110134447  -672.1 -91.4 -170.3
20211110134448  -671.8 -91.7 -170.3
20211110134449  -672.1 -91.4 -170.5
20211110134450  -672.1 -91.6 -170.4
20211110134451  -672.0 -91.7 -170.3
20211110134452  -671.9 -91.6 -170.4
20211110134453  -672.1 -91.7 -170.7
20211110134454  -672.1 -91.6 -170.5
20211110134455  -672.0 -91.7 -170.5
20211110134456  -672.1 -91.6 -170.4
20211110134457  -672.1 -91.6 -170.6
20211110134458  -672.1 -91.5 -170.5
20211110134459  -672.1 -91.6 -170.7
20211110134500  -671.9 -91.8 -170.6
20211110134501  -671.9 -91.7 -170.7
20211110134502  -672.2 -91.7 -170.6
20211110134503  -672.1 -91.8 -170.8
20211110134504  -671.8 -91.8 -171.0
20211110134505  -671.9 -91.8 -170.7
20211110134506  -671.8 -91.8 -170.7
20211110134507  -671.9 -91.9 -170.6
20211110134508  -672.1 -91.9 -170.7
20211110134509  -672.2 -91.7 -170.9
20211110134510  -672.2 -91.8 -170.9
20211110134511  -672.2 -92.0 -171.0
20211110134512  -672.3 -92.0 -170.9
20211110134513  -672.3 -92.2 -170.6
20211110134514  -671.7 -91.6 -170.1
20211110134515  -672.0 -92.3 -170.7
20211110134516  -671.7 -92.1 -170.5
20211110134517  -671.8 -92.1 -170.4
20211110134518  -672.0 -91.9 -170.8
20211110134519  -671.9 -91.9 -170.7
20211110134520  -671.8 -91.9 -170.5
20211110134521  -671.6 -92.2 -170.2
20211110134522  -671.6 -92.1 -170.6
20211110134523  -671.8 -92.0 -170.6
20211110134524  -671.9 -91.9 -170.4
20211110134525  -671.8 -92.1 -170.3
20211110134526  -671.8 -92.2 -170.6
20211110134527  -671.4 -92.5 -170.3
20211110134528  -671.7 -92.3 -170.2
20211110134529  -671.8 -91.9 -170.3
20211110134530  -671.9 -91.9 -170.2
20211110134531  -671.7 -92.3 -170.5
20211110134532  -671.8 -92.2 -170.5
20211110134533  -671.8 -92.2 -170.7
20211110134534  -671.5 -92.1 -170.5
20211110134535  -671.5 -92.0 -170.3
20211110134536  -671.2 -91.8 -170.4
20211110134537  -671.3 -92.1 -170.1
20211110134538  -671.2 -92.3 -170.0
20211110134539  -671.7 -92.2 -170.2
20211110134540  -671.3 -92.2 -170.2
20211110134541  -671.2 -92.0 -170.2
20211110134542  -671.3 -92.2 -170.3
20211110134543  -671.6 -92.0 -170.5
20211110134544  -670.9 -92.2 -169.9
20211110134545  -671.5 -92.1 -170.4
20211110134546  -671.6 -92.0 -170.4
20211110134547  -671.3 -92.2 -170.3
20211110134548  -671.5 -91.8 -170.3
20211110134549  -671.7 -92.1 -170.4
20211110134550  -671.2 -91.8 -170.3
20211110134551  -671.2 -91.5 -170.2
20211110134552  -671.4 -91.7 -170.5
20211110134553  -671.3 -91.8 -170.4
20211110134554  -671.3 -91.6 -170.2
20211110134555  -670.9 -91.5 -169.9
20211110134556  -670.9 -91.5 -170.0
20211110134557  -671.1 -91.8 -170.2
20211110134558  -671.3 -91.4 -170.1
20211110134559  -671.5 -91.5 -170.6
20211110134600  -671.4 -91.6 -170.4
20211110134601  -671.2 -91.5 -170.5
20211110134602  -671.6 -91.7 -170.8
20211110134603  -671.3 -91.5 -170.5
20211110134604  -671.2 -91.4 -170.4
20211110134605  -671.6 -91.3 -170.2
20211110134606  -671.4 -91.5 -170.3
20211110134607  -671.3 -91.6 -170.1
20211110134608  -671.4 -91.6 -170.1
20211110134609  -671.2 -91.7 -170.0
20211110134610  -671.3 -91.7 -170.3
20211110134611  -671.4 -91.8 -170.4
20211110134612  -671.1 -91.9 -170.2
20211110134613  -671.5 -91.7 -170.2
20211110134614  -670.5 -91.4 -169.5
20211110134615  -671.0 -91.3 -169.7
20211110134616  -671.0 -91.2 -169.9
20211110134617  -671.3 -91.4 -170.1
20211110134618  -671.4 -91.5 -169.9
20211110134619  -671.1 -91.5 -170.0
20211110134620  -671.1 -91.3 -170.3
20211110134621  -671.2 -91.4 -170.3
20211110134622  -671.0 -91.3 -170.3
20211110134623  -671.3 -91.4 -170.2
20211110134624  -671.3 -91.5 -170.1
20211110134625  -671.2 -91.5 -170.0
20211110134626  -671.3 -91.5 -169.9
20211110134627  -671.4 -91.7 -169.7
20211110134628  -671.3 -91.8 -169.9
20211110134629  -671.5 -92.0 -169.8
20211110134630  -671.2 -91.9 -169.9
20211110134631  -671.3 -92.0 -169.9
20211110134632  -671.2 -92.1 -170.0
20211110134633  -671.3 -92.3 -170.2
20211110134634  -671.6 -92.4 -170.4
20211110134635  -671.3 -91.9 -170.1
20211110134636  -671.3 -92.1 -170.3
20211110134637  -671.4 -92.2 -170.2
20211110134638  -671.6 -92.1 -170.3
20211110134639  -671.5 -92.1 -170.5
20211110134640  -671.4 -92.2 -170.4
20211110134641  -671.2 -92.2 -170.6
20211110134642  -671.4 -92.0 -170.5
20211110134643  -671.5 -92.0 -170.2
20211110134644  -670.8 -92.1 -169.9
20211110134645  -670.8 -92.1 -170.0
20211110134646  -671.5 -92.0 -170.4
20211110134647  -671.4 -91.8 -170.4
20211110134648  -671.4 -92.1 -170.3
20211110134649  -671.4 -92.0 -170.1
20211110134650  -671.3 -92.0 -170.0
20211110134651  -671.7 -92.0 -170.2
20211110134652  -671.4 -92.0 -170.2
20211110134653  -671.6 -92.0 -170.2
20211110134654  -671.8 -92.0 -170.3
20211110134655  -672.0 -91.9 -170.5
20211110134656  -671.8 -91.7 -170.0
20211110134657  -671.8 -91.9 -170.1
20211110134658  -671.8 -92.1 -170.2
20211110134659  -672.0 -92.0 -170.0
20211110134700  -672.1 -92.0 -169.9
20211110134701  -672.2 -92.0 -170.2
20211110134702  -672.0 -92.2 -170.2
20211110134703  -672.1 -92.4 -170.3
20211110134704  -672.2 -92.3 -170.3
20211110134705  -672.2 -92.4 -170.4
20211110134706  -671.9 -92.5 -170.3
20211110134707  -672.2 -92.1 -170.6
20211110134708  -672.3 -92.5 -170.6
20211110134709  -672.6 -92.3 -170.5
20211110134710  -672.2 -92.4 -170.3
20211110134711  -672.5 -92.5 -170.2
20211110134712  -672.3 -92.5 -170.2
20211110134713  -672.3 -92.6 -170.1
20211110134714  -671.9 -92.9 -170.0
20211110134715  -671.7 -92.6 -169.8
20211110134716  -672.3 -92.7 -170.4
20211110134717  -672.4 -92.7 -170.3
20211110134718  -672.5 -92.5 -170.4
20211110134719  -672.1 -92.7 -170.6
20211110134720  -672.5 -92.5 -170.3
20211110134721  -672.2 -92.6 -170.4
20211110134722  -672.3 -92.6 -170.3
20211110134723  -672.4 -92.6 -170.1
20211110134724  -672.4 -92.8 -170.4
20211110134725  -672.1 -92.4 -170.3
20211110134726  -672.2 -92.6 -170.4
20211110134727  -672.4 -92.5 -170.5
20211110134728  -672.3 -92.5 -170.3
20211110134729  -672.2 -92.8 -170.4
20211110134730  -672.3 -92.9 -170.5
20211110134731  -671.9 -92.8 -170.2
20211110134732  -671.9 -92.7 -170.3
20211110134733  -672.0 -92.7 -170.5
20211110134734  -671.9 -92.5 -170.1
20211110134735  -671.9 -92.7 -170.3
20211110134736  -671.9 -92.6 -170.2
20211110134737  -672.1 -92.6 -170.2
20211110134738  -671.8 -92.7 -170.1
20211110134739  -672.1 -92.5 -170.2
20211110134740  -672.1 -92.4 -170.3
20211110134741  -672.0 -92.7 -170.5
20211110134742  -671.9 -92.4 -170.5
20211110134743  -672.1 -92.5 -170.5
20211110134744  -672.1 -92.5 -170.6
20211110134745  -671.8 -92.2 -170.5
20211110134746  -672.3 -92.3 -170.7
20211110134747  -672.0 -92.2 -170.6
20211110134748  -671.9 -92.2 -170.4
20211110134749  -671.8 -92.2 -170.6
20211110134750  -671.9 -92.1 -170.3
20211110134751  -672.0 -92.2 -170.4
20211110134752  -672.1 -92.4 -170.3
20211110134753  -672.2 -92.0 -170.4
20211110134754  -672.1 -92.5 -170.4
20211110134755  -672.3 -92.5 -170.4
20211110134756  -671.7 -92.3 -170.4
20211110134757  -672.2 -92.4 -170.7
20211110134758  -671.9 -92.4 -170.6
20211110134759  -671.8 -92.3 -170.4
20211110134800  -671.5 -92.3 -170.7
20211110134801  -671.6 -92.3 -170.8
20211110134802  -671.6 -92.3 -170.6
20211110134803  -671.9 -92.2 -170.3
20211110134804  -672.0 -92.3 -170.5
20211110134805  -671.9 -92.5 -170.4
20211110134806  -672.1 -92.5 -170.5
20211110134807  -672.0 -92.2 -170.4
20211110134808  -671.8 -92.3 -170.5
20211110134809  -672.0 -92.2 -170.8
20211110134810  -671.6 -92.4 -170.7
20211110134811  -671.7 -92.2 -170.9
20211110134812  -671.6 -92.3 -170.8
20211110134813  -671.4 -92.3 -170.6
20211110134814  -671.7 -92.1 -170.6
20211110134815  -671.1 -92.1 -169.9
20211110134816  -671.4 -92.2 -170.2
20211110134817  -671.7 -92.1 -170.3
20211110134818  -671.3 -92.0 -170.4
20211110134819  -671.3 -92.1 -170.4
20211110134820  -671.7 -91.9 -170.2
20211110134821  -671.7 -92.0 -170.2
20211110134822  -671.8 -91.9 -170.6
20211110134823  -671.7 -92.1 -170.7
20211110134824  -671.7 -92.3 -170.7
20211110134825  -671.7 -92.3 -170.5
20211110134826  -671.5 -92.4 -170.5
20211110134827  -671.6 -92.3 -170.3
20211110134828  -671.3 -92.4 -170.6
20211110134829  -671.5 -92.2 -170.6
20211110134830  -671.4 -92.2 -170.6
20211110134831  -671.6 -92.0 -170.7
20211110134832  -671.5 -92.1 -170.2
20211110134833  -671.6 -92.4 -170.6
20211110134834  -671.5 -92.2 -170.6
20211110134835  -671.4 -92.1 -170.6
20211110134836  -671.8 -92.2 -170.3
20211110134837  -671.5 -92.2 -170.4
20211110134838  -671.4 -91.9 -170.2
20211110134839  -671.3 -91.9 -170.3
20211110134840  -671.2 -91.8 -170.5
20211110134841  -671.2 -91.9 -170.4
20211110134842  -671.4 -91.9 -170.4
20211110134843  -671.4 -92.0 -170.7
20211110134844  -671.3 -91.8 -170.5
20211110134845  -670.7 -91.9 -170.3
20211110134846  -670.8 -92.1 -170.5
20211110134847  -671.1 -92.1 -170.7
20211110134848  -671.0 -92.0 -170.8
20211110134849  -671.1 -92.0 -170.6
20211110134850  -671.1 -92.1 -170.6
20211110134851  -670.9 -92.1 -170.5
20211110134852  -671.0 -91.9 -170.3
20211110134853  -671.0 -91.9 -170.1
20211110134854  -671.2 -92.0 -170.2
20211110134855  -671.1 -91.9 -170.5
20211110134856  -670.8 -91.7 -170.8
20211110134857  -670.8 -91.8 -170.4
20211110134858  -670.7 -91.8 -170.7
20211110134859  -670.7 -91.9 -170.5
20211110134900  -670.7 -91.4 -170.5
20211110134901  -670.9 -91.5 -170.5
20211110134902  -670.7 -91.7 -170.4
20211110134903  -670.6 -91.6 -170.2
20211110134904  -670.8 -91.7 -170.3
20211110134905  -670.8 -91.9 -170.6
20211110134906  -670.6 -91.6 -170.5
20211110134907  -670.7 -92.1 -170.5
20211110134908  -671.0 -91.9 -170.4
20211110134909  -670.9 -91.7 -170.6
20211110134910  -670.9 -91.8 -170.4
20211110134911  -671.0 -91.9 -170.3
20211110134912  -670.8 -91.8 -170.3
20211110134913  -670.8 -92.1 -170.7
20211110134914  -670.6 -92.2 -170.9
20211110134915  -670.8 -91.8 -170.8
20211110134916  -670.7 -91.7 -171.0
20211110134917  -671.1 -92.0 -171.0
20211110134918  -671.1 -92.1 -171.1
20211110134919  -671.0 -92.3 -171.0
20211110134920  -671.1 -91.9 -170.8
20211110134921  -670.7 -92.1 -171.1
20211110134922  -670.8 -92.5 -171.3
20211110134923  -671.1 -92.5 -171.0
20211110134924  -671.1 -92.3 -171.3
20211110134925  -671.1 -92.4 -171.1
20211110134926  -671.2 -92.3 -171.1
20211110134927  -671.0 -92.5 -170.9
20211110134928  -671.0 -92.4 -171.0
20211110134929  -670.9 -92.8 -171.2
20211110134930  -670.9 -92.6 -171.1
20211110134931  -671.0 -92.7 -171.1
20211110134932  -670.9 -92.4 -171.1
20211110134933  -671.1 -92.1 -171.0
20211110134934  -671.2 -92.4 -171.3
20211110134935  -671.2 -92.5 -171.0
20211110134936  -671.3 -92.3 -170.8
20211110134937  -671.3 -92.4 -170.9
20211110134938  -671.1 -92.2 -170.9
20211110134939  -670.9 -92.2 -171.2
20211110134940  -670.8 -92.3 -170.9
20211110134941  -670.8 -92.2 -170.8
20211110134942  -671.2 -92.4 -170.8
20211110134943  -670.9 -92.3 -170.3
20211110134944  -671.0 -92.5 -170.6
20211110134945  -671.2 -92.4 -170.7
20211110134946  -670.7 -92.3 -170.6
20211110134947  -671.1 -92.7 -170.7
20211110134948  -671.2 -92.5 -170.4
20211110134949  -671.0 -92.4 -170.9
20211110134950  -670.9 -92.7 -171.0
20211110134951  -670.8 -92.5 -171.1
20211110134952  -671.0 -92.4 -171.0
20211110134953  -670.9 -92.4 -171.3
20211110134954  -670.8 -92.7 -170.9
20211110134955  -670.8 -92.6 -171.1
20211110134956  -671.1 -92.5 -171.2
20211110134957  -671.2 -92.5 -170.9
20211110134958  -671.2 -92.5 -170.9
20211110134959  -671.2 -92.4 -170.9
20211110135000  -671.3 -92.4 -170.8
20211110135001  -671.3 -92.4 -170.8
20211110135002  -671.3 -92.6 -170.9
20211110135003  -671.3 -92.6 -171.0
20211110135004  -671.3 -92.2 -171.0
20211110135005  -671.1 -92.4 -170.9
20211110135006  -671.1 -92.6 -170.9
20211110135007  -671.0 -92.4 -170.9
20211110135008  -671.6 -92.5 -171.0
20211110135009  -671.3 -92.4 -171.0
20211110135010  -671.1 -92.3 -171.0
20211110135011  -671.4 -92.6 -170.9
20211110135012  -671.4 -92.5 -171.0
20211110135013  -671.3 -92.6 -170.8
20211110135014  -671.5 -92.6 -170.8
20211110135015  -671.6 -92.5 -170.8
20211110135016  -670.8 -92.4 -170.7
20211110135017  -670.7 -92.4 -170.5
20211110135018  -671.0 -92.5 -170.8
20211110135019  -671.4 -92.4 -170.9
20211110135020  -671.2 -92.6 -171.2
