20211025220033  -663.4 -87.1 -191.1
20211025220034  -663.0 -86.8 -190.6
20211025220035  -663.6 -86.9 -191.1
20211025220036  -663.6 -86.7 -191.4
20211025220037  -663.7 -86.4 -191.2
20211025220038  -663.8 -86.6 -191.2
20211025220039  -663.8 -86.8 -191.5
20211025220040  -663.8 -86.4 -191.5
20211025220041  -664.0 -86.4 -191.6
20211025220042  -664.1 -86.4 -191.4
20211025220043  -663.6 -86.4 -191.3
20211025220044  -663.8 -86.5 -191.3
20211025220045  -663.7 -86.6 -191.3
20211025220046  -663.6 -86.8 -191.1
20211025220047  -663.5 -86.6 -191.2
20211025220048  -663.9 -86.6 -191.3
20211025220049  -664.1 -86.7 -191.3
20211025220050  -663.9 -86.4 -191.3
20211025220051  -664.2 -86.6 -191.4
20211025220052  -664.0 -86.6 -191.3
20211025220053  -663.9 -86.4 -191.3
20211025220054  -664.0 -86.2 -191.2
20211025220055  -664.1 -86.3 -191.4
20211025220056  -664.1 -86.4 -191.5
20211025220057  -664.1 -86.6 -191.1
20211025220058  -664.0 -86.1 -191.3
20211025220059  -663.9 -86.3 -191.4
20211025220100  -664.1 -86.5 -191.7
20211025220101  -664.1 -86.3 -191.0
20211025220102  -664.3 -86.2 -191.0
20211025220103  -663.9 -85.9 -190.9
20211025220104  -663.1 -85.9 -190.6
20211025220105  -663.8 -86.0 -191.1
20211025220106  -663.8 -86.0 -191.2
20211025220107  -663.6 -86.1 -190.9
20211025220108  -663.6 -86.2 -191.1
20211025220109  -663.4 -86.1 -191.2
20211025220110  -663.6 -86.1 -191.0
20211025220111  -663.4 -86.1 -191.0
20211025220112  -663.7 -85.7 -191.2
20211025220113  -663.4 -85.9 -191.3
20211025220114  -663.5 -86.0 -191.2
20211025220115  -663.1 -85.8 -191.4
20211025220116  -663.1 -86.0 -191.4
20211025220117  -663.1 -85.8 -191.3
20211025220118  -663.3 -86.0 -191.2
20211025220119  -663.2 -85.8 -191.4
20211025220120  -663.1 -85.8 -191.3
20211025220121  -663.1 -85.9 -191.4
20211025220122  -663.0 -86.2 -191.3
20211025220123  -662.8 -85.9 -191.1
20211025220124  -662.9 -85.7 -191.2
20211025220125  -662.6 -85.7 -191.1
20211025220126  -662.6 -85.6 -191.1
20211025220127  -662.7 -85.6 -191.0
20211025220128  -662.7 -85.4 -191.2
20211025220129  -662.5 -85.6 -191.3
20211025220130  -662.5 -85.5 -191.3
20211025220131  -662.6 -85.4 -191.3
20211025220132  -662.5 -85.0 -191.2
20211025220133  -662.5 -85.5 -191.0
20211025220134  -662.0 -85.4 -190.6
20211025220135  -662.2 -85.1 -191.1
20211025220136  -662.4 -85.1 -191.1
20211025220137  -662.4 -85.2 -191.3
20211025220138  -662.2 -85.0 -190.9
20211025220139  -662.1 -85.1 -191.0
20211025220140  -662.3 -85.0 -190.9
20211025220141  -662.3 -84.9 -191.0
20211025220142  -662.2 -85.1 -191.3
20211025220143  -662.4 -84.9 -191.0
20211025220144  -662.4 -85.1 -191.2
20211025220145  -662.4 -85.0 -191.3
20211025220146  -662.5 -85.2 -191.1
20211025220147  -662.4 -85.2 -191.5
20211025220148  -662.2 -85.2 -191.6
20211025220149  -662.0 -85.3 -191.4
20211025220150  -662.0 -85.2 -191.3
20211025220151  -662.2 -85.0 -191.3
20211025220152  -662.1 -85.0 -191.0
20211025220153  -661.8 -85.0 -191.2
20211025220154  -661.9 -85.4 -191.2
20211025220155  -662.0 -85.1 -191.1
20211025220156  -662.2 -85.4 -191.3
20211025220157  -662.1 -85.6 -191.6
20211025220158  -662.2 -85.2 -191.6
20211025220159  -662.0 -85.2 -191.4
20211025220200  -661.8 -85.1 -191.2
20211025220201  -661.9 -85.0 -191.5
20211025220202  -662.2 -84.9 -191.4
20211025220203  -662.2 -84.9 -191.4
20211025220204  -661.9 -85.2 -191.1
20211025220205  -661.5 -85.0 -190.8
20211025220206  -662.1 -85.3 -191.1
20211025220207  -662.0 -85.3 -191.3
20211025220208  -662.1 -85.4 -191.4
20211025220209  -662.0 -85.2 -191.7
20211025220210  -662.0 -85.3 -191.6
20211025220211  -662.2 -85.3 -191.8
20211025220212  -662.0 -85.4 -191.7
20211025220213  -661.9 -85.3 -191.7
20211025220214  -662.1 -85.5 -191.6
20211025220215  -662.3 -85.3 -191.7
20211025220216  -662.2 -85.3 -191.3
20211025220217  -662.5 -85.4 -191.5
20211025220218  -662.3 -85.8 -191.7
20211025220219  -662.4 -86.1 -191.6
20211025220220  -662.5 -86.3 -191.7
20211025220221  -662.1 -86.0 -191.3
20211025220222  -662.0 -86.1 -191.6
20211025220223  -662.1 -86.0 -191.7
20211025220224  -662.0 -85.9 -191.8
20211025220225  -662.0 -86.3 -192.0
20211025220226  -662.1 -86.2 -191.8
20211025220227  -662.0 -86.2 -191.6
20211025220228  -662.2 -86.1 -191.7
20211025220229  -662.2 -86.0 -191.7
20211025220230  -662.1 -85.9 -191.6
20211025220231  -662.2 -86.1 -191.7
20211025220232  -662.5 -86.3 -191.6
20211025220233  -662.7 -86.4 -191.6
20211025220234  -662.2 -86.3 -191.7
20211025220235  -662.0 -86.3 -191.0
20211025220236  -662.0 -86.2 -191.1
20211025220237  -662.1 -86.4 -191.6
20211025220238  -662.4 -86.3 -191.6
20211025220239  -662.2 -86.4 -191.8
20211025220240  -662.3 -86.8 -192.0
20211025220241  -662.4 -87.0 -192.1
20211025220242  -662.3 -87.1 -192.1
20211025220243  -662.6 -87.2 -192.1
20211025220244  -662.2 -86.9 -192.2
20211025220245  -662.4 -87.2 -191.8
20211025220246  -662.4 -87.3 -191.8
20211025220247  -662.3 -87.1 -192.1
20211025220248  -662.3 -87.6 -191.8
20211025220249  -662.4 -87.6 -191.9
20211025220250  -662.4 -87.5 -192.0
20211025220251  -662.8 -87.6 -192.0
20211025220252  -662.6 -87.5 -192.2
20211025220253  -662.6 -87.3 -192.4
20211025220254  -662.7 -87.7 -192.6
20211025220255  -662.9 -87.7 -192.7
20211025220256  -663.2 -87.9 -192.5
20211025220257  -663.2 -87.9 -192.4
20211025220258  -663.2 -88.0 -192.3
20211025220259  -663.4 -87.8 -192.4
20211025220300  -663.2 -88.2 -192.3
20211025220301  -663.1 -88.3 -192.6
20211025220302  -663.2 -88.4 -192.7
20211025220303  -663.0 -88.3 -192.5
20211025220304  -662.6 -88.4 -192.6
20211025220305  -662.4 -87.9 -192.1
20211025220306  -662.1 -88.0 -191.8
20211025220307  -662.9 -87.8 -192.3
20211025220308  -662.8 -87.8 -192.8
20211025220309  -663.3 -87.9 -192.4
20211025220310  -663.4 -88.5 -192.6
20211025220311  -663.3 -88.8 -192.9
20211025220312  -663.3 -88.4 -193.3
20211025220313  -663.3 -88.6 -193.0
20211025220314  -663.7 -88.5 -192.9
20211025220315  -663.9 -88.9 -193.1
20211025220316  -663.4 -88.7 -193.3
20211025220317  -663.6 -88.6 -193.4
20211025220318  -663.6 -88.7 -193.3
20211025220319  -663.6 -88.7 -193.2
20211025220320  -663.6 -88.8 -193.5
20211025220321  -663.9 -88.7 -193.4
20211025220322  -663.6 -89.0 -193.3
20211025220323  -663.6 -89.2 -193.5
20211025220324  -663.5 -88.9 -193.7
20211025220325  -663.4 -88.9 -193.6
20211025220326  -663.3 -89.0 -193.6
20211025220327  -663.4 -89.4 -194.0
20211025220328  -663.1 -89.4 -193.8
20211025220329  -663.4 -89.3 -193.7
20211025220330  -663.7 -89.5 -193.5
20211025220331  -663.5 -89.4 -193.8
20211025220332  -663.2 -89.6 -194.0
20211025220333  -663.5 -89.5 -193.9
20211025220334  -663.3 -89.8 -193.9
20211025220335  -662.7 -89.5 -193.4
20211025220336  -662.4 -89.3 -193.1
20211025220337  -662.5 -89.4 -193.1
20211025220338  -663.4 -89.7 -193.6
20211025220339  -663.3 -89.8 -193.7
20211025220340  -663.2 -90.0 -193.8
20211025220341  -663.3 -89.8 -194.1
20211025220342  -663.5 -90.1 -194.0
20211025220343  -663.5 -90.3 -194.0
20211025220344  -663.5 -90.2 -194.2
20211025220345  -663.4 -90.3 -194.3
20211025220346  -663.5 -90.2 -194.2
20211025220347  -663.3 -90.4 -194.0
20211025220348  -663.5 -90.4 -194.4
20211025220349  -663.8 -90.5 -194.8
20211025220350  -663.9 -90.4 -194.5
20211025220351  -663.7 -90.6 -194.8
20211025220352  -663.7 -90.4 -194.5
20211025220353  -663.6 -90.4 -194.3
20211025220354  -663.9 -90.7 -194.6
20211025220355  -664.0 -90.9 -194.6
20211025220356  -663.9 -90.7 -194.7
20211025220357  -664.1 -90.8 -194.8
20211025220358  -664.1 -91.0 -194.8
20211025220359  -664.0 -90.8 -195.0
20211025220400  -664.0 -90.7 -195.2
20211025220401  -664.0 -91.0 -195.1
20211025220402  -664.0 -90.8 -195.5
20211025220403  -664.2 -91.2 -195.3
20211025220404  -664.2 -91.2 -195.4
20211025220405  -663.8 -91.0 -195.0
20211025220406  -663.7 -91.2 -194.6
20211025220407  -663.6 -91.2 -194.4
20211025220408  -664.1 -91.3 -194.6
20211025220409  -664.4 -91.2 -194.7
20211025220410  -664.4 -91.2 -195.2
20211025220411  -664.4 -91.4 -195.2
20211025220412  -664.7 -91.2 -195.3
20211025220413  -664.9 -91.2 -195.2
20211025220414  -664.8 -91.2 -195.2
20211025220415  -664.7 -91.3 -195.4
20211025220416  -665.1 -91.2 -195.6
20211025220417  -665.2 -91.6 -195.5
20211025220418  -665.1 -91.8 -195.8
20211025220419  -665.2 -91.6 -195.7
20211025220420  -665.1 -91.5 -195.5
20211025220421  -665.2 -91.4 -195.6
20211025220422  -665.5 -91.4 -195.5
20211025220423  -665.4 -91.3 -195.4
20211025220424  -665.4 -91.3 -195.1
20211025220425  -665.4 -91.5 -195.3
20211025220426  -665.2 -91.4 -195.5
20211025220427  -664.9 -91.4 -195.7
20211025220428  -664.9 -91.5 -195.6
20211025220429  -664.8 -91.3 -195.6
20211025220430  -664.6 -91.4 -195.5
20211025220431  -664.8 -91.4 -195.3
20211025220432  -664.6 -91.3 -195.3
20211025220433  -664.7 -91.2 -195.2
20211025220434  -664.7 -90.9 -195.1
20211025220435  -664.1 -91.0 -195.0
20211025220436  -663.8 -90.8 -194.8
20211025220437  -663.4 -90.7 -194.9
20211025220438  -663.4 -90.3 -194.9
20211025220439  -664.1 -90.4 -195.1
20211025220440  -663.9 -90.5 -195.1
20211025220441  -663.6 -90.5 -195.4
20211025220442  -663.4 -90.6 -195.3
20211025220443  -663.7 -90.8 -195.2
20211025220444  -663.5 -90.8 -195.0
20211025220445  -663.4 -90.5 -195.0
20211025220446  -663.5 -90.5 -195.0
20211025220447  -663.6 -90.7 -195.2
20211025220448  -663.3 -90.6 -194.9
20211025220449  -663.3 -90.2 -194.6
20211025220450  -663.1 -90.2 -194.7
20211025220451  -662.9 -90.3 -194.7
20211025220452  -663.1 -90.3 -194.6
20211025220453  -663.0 -90.1 -194.8
20211025220454  -663.0 -90.1 -194.7
20211025220455  -662.9 -90.2 -194.6
20211025220456  -662.7 -90.2 -194.6
20211025220457  -662.7 -90.0 -194.4
20211025220458  -662.7 -90.3 -194.6
20211025220459  -662.1 -90.2 -194.4
20211025220500  -661.9 -90.1 -194.3
20211025220501  -662.1 -90.0 -194.3
20211025220502  -661.8 -89.7 -194.5
20211025220503  -661.9 -89.6 -194.5
20211025220504  -661.8 -89.7 -194.4
20211025220505  -661.3 -89.8 -194.7
20211025220506  -660.7 -89.5 -194.2
20211025220507  -660.6 -89.8 -193.9
20211025220508  -660.5 -89.8 -194.2
20211025220509  -661.3 -89.7 -195.1
20211025220510  -661.0 -89.9 -195.0
20211025220511  -661.0 -89.7 -194.9
20211025220512  -661.3 -89.7 -195.0
20211025220513  -661.2 -89.4 -194.9
20211025220514  -661.3 -89.4 -194.9
20211025220515  -661.3 -89.6 -194.9
20211025220516  -661.3 -89.7 -194.8
20211025220517  -661.1 -89.2 -194.7
20211025220518  -661.3 -89.4 -194.7
20211025220519  -661.2 -89.5 -194.7
20211025220520  -661.0 -89.5 -194.6
20211025220521  -660.9 -89.3 -194.6
20211025220522  -660.8 -89.3 -194.4
20211025220523  -661.2 -89.2 -194.4
20211025220524  -661.0 -89.1 -194.5
20211025220525  -661.1 -89.0 -194.9
20211025220526  -661.1 -89.3 -195.0
20211025220527  -661.1 -89.3 -195.0
20211025220528  -661.4 -89.7 -195.1
20211025220529  -661.1 -89.8 -195.0
20211025220530  -661.0 -89.6 -195.0
20211025220531  -661.0 -89.8 -194.8
20211025220532  -661.1 -90.0 -194.9
20211025220533  -661.4 -90.0 -195.1
20211025220534  -661.3 -90.1 -195.2
20211025220535  -661.4 -90.1 -195.2
20211025220536  -660.8 -89.9 -194.6
20211025220537  -660.7 -90.0 -194.6
20211025220538  -660.4 -89.8 -194.5
20211025220539  -661.2 -89.9 -195.1
20211025220540  -661.4 -89.8 -195.2
20211025220541  -661.5 -90.1 -195.2
20211025220542  -661.6 -90.3 -195.4
20211025220543  -661.6 -90.1 -195.4
20211025220544  -661.9 -90.4 -195.4
20211025220545  -661.5 -90.3 -195.3
20211025220546  -661.3 -90.4 -195.4
20211025220547  -661.4 -90.2 -195.3
20211025220548  -661.2 -90.5 -195.5
20211025220549  -661.3 -90.3 -195.5
20211025220550  -661.3 -90.4 -195.3
20211025220551  -661.1 -90.7 -195.1
20211025220552  -660.8 -90.4 -195.2
20211025220553  -661.0 -90.4 -195.3
20211025220554  -661.0 -90.3 -195.4
20211025220555  -661.0 -90.0 -195.4
20211025220556  -661.1 -90.0 -195.5
20211025220557  -661.1 -89.9 -195.7
20211025220558  -660.9 -89.6 -195.5
20211025220559  -660.7 -89.7 -195.1
20211025220600  -660.6 -89.4 -195.0
20211025220601  -660.6 -89.9 -195.3
20211025220602  -660.5 -89.7 -195.4
20211025220603  -660.5 -89.7 -195.5
20211025220604  -660.5 -89.9 -195.4
20211025220605  -660.5 -89.9 -195.4
20211025220606  -659.7 -89.8 -195.5
20211025220607  -659.3 -89.6 -195.0
20211025220608  -659.3 -89.4 -195.1
20211025220609  -659.7 -89.4 -195.3
20211025220610  -659.6 -89.6 -195.5
20211025220611  -659.7 -89.8 -195.7
20211025220612  -659.7 -89.7 -195.7
20211025220613  -659.6 -89.4 -196.1
20211025220614  -659.9 -89.7 -196.1
20211025220615  -659.5 -89.8 -195.9
20211025220616  -659.5 -89.9 -195.7
20211025220617  -659.5 -89.9 -195.8
20211025220618  -659.2 -89.9 -196.0
20211025220619  -659.2 -90.2 -195.8
20211025220620  -659.2 -90.3 -195.8
20211025220621  -659.3 -90.6 -196.1
20211025220622  -659.3 -90.6 -196.1
20211025220623  -659.2 -90.6 -196.2
20211025220624  -659.2 -90.7 -196.4
20211025220625  -658.8 -91.0 -196.4
20211025220626  -658.8 -90.9 -196.3
20211025220627  -659.0 -90.9 -196.4
20211025220628  -658.6 -90.7 -196.5
20211025220629  -658.6 -90.9 -196.7
20211025220630  -658.5 -90.7 -196.8
20211025220631  -658.2 -90.8 -196.7
20211025220632  -658.4 -90.9 -196.8
20211025220633  -658.2 -90.7 -196.8
20211025220634  -658.3 -91.0 -196.7
20211025220635  -658.2 -90.8 -196.8
20211025220636  -658.0 -91.0 -197.1
20211025220637  -657.5 -91.0 -196.9
20211025220638  -657.3 -90.8 -196.6
20211025220639  -657.9 -90.9 -197.0
20211025220640  -657.8 -90.6 -197.1
20211025220641  -657.6 -91.0 -197.1
20211025220642  -657.5 -90.9 -197.3
20211025220643  -657.5 -90.9 -197.2
20211025220644  -657.2 -90.8 -197.3
20211025220645  -657.3 -90.7 -197.6
20211025220646  -657.4 -90.6 -197.5
20211025220647  -657.3 -90.7 -197.2
20211025220648  -657.3 -90.9 -197.4
20211025220649  -657.3 -91.0 -197.5
20211025220650  -657.2 -91.2 -197.5
20211025220651  -656.9 -91.1 -197.4
20211025220652  -657.3 -90.8 -197.3
20211025220653  -656.8 -90.8 -197.5
20211025220654  -656.8 -90.7 -197.6
20211025220655  -656.4 -90.7 -197.9
20211025220656  -656.4 -91.0 -198.2
20211025220657  -656.6 -90.7 -198.3
20211025220658  -656.6 -90.9 -198.1
20211025220659  -656.5 -90.9 -197.9
20211025220700  -656.6 -91.0 -198.2
20211025220701  -656.5 -90.9 -198.1
20211025220702  -656.5 -91.4 -198.0
20211025220703  -656.4 -91.3 -197.7
20211025220704  -656.3 -91.3 -197.8
20211025220705  -656.1 -91.6 -198.0
20211025220706  -656.3 -91.4 -198.2
20211025220707  -655.7 -91.3 -197.4
20211025220708  -655.4 -91.2 -197.3
20211025220709  -655.9 -91.2 -197.7
20211025220710  -655.8 -91.1 -197.3
20211025220711  -655.7 -91.0 -197.3
20211025220712  -655.5 -91.0 -197.0
20211025220713  -655.7 -91.0 -197.0
20211025220714  -655.7 -91.0 -197.0
20211025220715  -655.4 -90.9 -197.1
20211025220716  -655.3 -90.9 -197.1
20211025220717  -655.2 -91.0 -197.1
20211025220718  -654.9 -90.8 -196.7
20211025220719  -655.0 -91.3 -196.9
20211025220720  -654.8 -91.0 -196.7
20211025220721  -654.9 -91.2 -196.5
20211025220722  -654.7 -91.0 -196.5
20211025220723  -654.7 -91.0 -196.4
20211025220724  -654.7 -90.9 -196.5
20211025220725  -654.8 -91.0 -196.5
20211025220726  -655.0 -90.9 -196.6
20211025220727  -654.7 -91.1 -196.9
20211025220728  -654.9 -90.9 -196.9
20211025220729  -654.8 -90.9 -196.5
20211025220730  -654.8 -90.7 -196.5
20211025220731  -654.8 -90.8 -196.4
20211025220732  -655.0 -90.3 -196.2
20211025220733  -654.9 -90.7 -196.3
20211025220734  -654.8 -90.6 -196.5
20211025220735  -654.7 -90.6 -196.3
20211025220736  -654.9 -90.7 -196.3
20211025220737  -654.7 -90.6 -195.8
20211025220738  -654.2 -90.5 -195.6
20211025220739  -654.6 -90.0 -195.7
20211025220740  -655.2 -90.5 -196.0
20211025220741  -655.1 -90.2 -195.9
20211025220742  -655.3 -90.3 -196.0
20211025220743  -655.7 -90.2 -195.5
20211025220744  -655.4 -90.1 -195.5
20211025220745  -655.6 -90.4 -195.9
20211025220746  -655.4 -90.4 -196.0
20211025220747  -655.3 -90.4 -196.3
20211025220748  -655.3 -90.4 -196.0
20211025220749  -655.3 -90.4 -195.9
20211025220750  -655.4 -90.3 -196.1
20211025220751  -655.2 -90.6 -195.9
20211025220752  -655.1 -90.7 -195.7
20211025220753  -655.2 -90.5 -195.6
20211025220754  -655.1 -91.0 -195.6
20211025220755  -655.4 -90.8 -195.5
20211025220756  -655.3 -90.7 -195.5
20211025220757  -655.3 -90.6 -195.8
20211025220758  -655.0 -90.2 -195.7
20211025220759  -654.8 -90.6 -195.7
20211025220800  -654.9 -90.6 -195.6
20211025220801  -655.1 -90.7 -195.6
20211025220802  -655.2 -90.9 -195.8
20211025220803  -655.1 -90.8 -195.9
20211025220804  -655.0 -90.8 -195.8
20211025220805  -654.9 -91.2 -195.5
20211025220806  -654.9 -91.0 -195.4
20211025220807  -654.6 -91.2 -195.2
20211025220808  -654.0 -91.2 -195.1
20211025220809  -654.4 -90.9 -195.0
20211025220810  -654.7 -91.0 -195.4
20211025220811  -654.7 -91.5 -195.5
20211025220812  -654.8 -91.4 -195.7
20211025220813  -654.8 -91.5 -195.8
20211025220814  -654.7 -91.8 -195.8
