20211116204632  -671.4 -82.5 -182.5
20211116204633  -671.5 -82.3 -182.4
20211116204634  -671.5 -82.2 -182.5
20211116204635  -671.7 -82.2 -182.8
20211116204636  -671.8 -82.2 -182.9
20211116204637  -671.4 -82.2 -182.7
20211116204638  -671.5 -82.3 -182.7
20211116204639  -671.4 -82.3 -182.4
20211116204640  -671.5 -82.3 -182.3
20211116204641  -671.5 -82.3 -182.3
20211116204642  -671.6 -82.5 -182.4
20211116204643  -671.5 -82.4 -182.7
20211116204644  -671.7 -82.5 -182.4
20211116204645  -671.3 -82.3 -182.4
20211116204646  -671.4 -82.6 -182.5
20211116204647  -671.1 -82.7 -182.4
20211116204648  -670.7 -82.6 -182.3
20211116204649  -670.1 -82.2 -181.7
20211116204650  -670.5 -82.2 -181.5
20211116204651  -671.2 -82.5 -182.0
20211116204652  -671.1 -82.5 -181.9
20211116204653  -671.2 -82.4 -182.1
20211116204654  -671.0 -82.4 -182.2
20211116204655  -671.0 -82.4 -182.2
20211116204656  -671.1 -82.4 -182.2
20211116204657  -671.1 -82.6 -182.2
20211116204658  -670.9 -82.6 -182.0
20211116204659  -671.3 -82.3 -182.0
20211116204700  -671.2 -82.5 -181.9
20211116204701  -671.0 -82.3 -181.9
20211116204702  -670.9 -82.4 -182.1
20211116204703  -671.0 -82.4 -182.5
20211116204704  -670.8 -82.5 -182.6
20211116204705  -670.7 -82.3 -182.4
20211116204706  -670.7 -82.3 -182.4
20211116204707  -670.7 -82.2 -182.6
20211116204708  -670.9 -82.8 -182.7
20211116204709  -671.0 -82.4 -182.6
20211116204710  -671.2 -82.6 -182.6
20211116204711  -671.0 -82.4 -182.4
20211116204712  -671.2 -82.5 -182.4
20211116204713  -671.2 -82.6 -182.4
20211116204714  -671.3 -82.6 -182.4
20211116204715  -671.0 -82.5 -182.3
20211116204716  -671.3 -82.4 -182.3
20211116204717  -671.2 -82.2 -182.7
20211116204718  -670.3 -82.5 -182.5
20211116204719  -670.3 -82.1 -182.1
20211116204720  -670.3 -82.1 -182.0
20211116204721  -671.3 -82.3 -182.7
20211116204722  -671.0 -82.5 -182.6
20211116204723  -671.2 -82.4 -182.6
20211116204724  -671.5 -82.2 -182.9
20211116204725  -671.6 -82.3 -182.5
20211116204726  -671.7 -82.3 -182.5
20211116204727  -671.5 -82.3 -182.3
20211116204728  -671.8 -82.1 -182.1
20211116204729  -672.0 -82.3 -182.4
20211116204730  -671.9 -82.5 -182.5
20211116204731  -671.9 -82.3 -182.3
20211116204732  -672.1 -82.6 -182.2
20211116204733  -672.0 -82.7 -182.4
20211116204734  -672.4 -82.5 -182.6
20211116204735  -672.5 -82.3 -182.1
20211116204736  -672.2 -82.5 -182.3
20211116204737  -672.2 -82.3 -182.5
20211116204738  -672.3 -82.3 -182.3
20211116204739  -672.1 -82.3 -182.3
20211116204740  -672.2 -82.7 -182.5
20211116204741  -672.4 -82.5 -182.3
20211116204742  -672.3 -82.2 -182.5
20211116204743  -672.4 -82.2 -182.4
20211116204744  -672.5 -82.4 -182.4
20211116204745  -672.8 -82.6 -182.3
20211116204746  -672.7 -82.4 -182.3
20211116204747  -672.4 -82.5 -182.3
20211116204748  -672.2 -82.5 -182.3
20211116204749  -671.9 -82.5 -181.5
20211116204750  -671.5 -82.2 -181.3
20211116204751  -672.4 -82.2 -181.7
20211116204752  -672.4 -82.3 -181.9
20211116204753  -672.3 -82.6 -181.8
20211116204754  -672.3 -82.2 -182.1
20211116204755  -672.4 -82.5 -182.0
20211116204756  -672.7 -82.6 -182.1
20211116204757  -672.6 -82.6 -182.1
20211116204758  -672.6 -82.6 -182.0
20211116204759  -672.8 -82.8 -182.1
20211116204800  -672.7 -82.6 -182.1
20211116204801  -672.6 -82.5 -182.2
20211116204802  -672.7 -82.7 -182.3
20211116204803  -672.6 -82.6 -182.4
20211116204804  -672.6 -83.0 -182.3
20211116204805  -672.6 -82.7 -182.4
20211116204806  -672.7 -82.3 -182.2
20211116204807  -672.7 -82.5 -182.1
20211116204808  -672.5 -83.0 -182.2
20211116204809  -672.4 -82.8 -182.3
20211116204810  -672.4 -82.6 -182.5
20211116204811  -672.2 -82.5 -182.7
20211116204812  -672.3 -82.6 -182.5
20211116204813  -672.2 -82.7 -182.4
20211116204814  -672.2 -82.9 -181.9
20211116204815  -672.2 -82.9 -182.1
20211116204816  -672.0 -82.6 -182.3
20211116204817  -672.5 -82.5 -182.2
20211116204818  -671.9 -82.7 -182.4
20211116204819  -671.3 -82.3 -181.6
20211116204820  -670.9 -82.5 -181.3
20211116204821  -671.1 -82.3 -181.3
20211116204822  -671.9 -82.1 -181.8
20211116204823  -671.8 -82.2 -181.6
20211116204824  -672.0 -82.3 -181.9
20211116204825  -671.8 -82.5 -181.7
20211116204826  -671.9 -82.4 -181.9
20211116204827  -672.0 -82.4 -182.0
20211116204828  -672.1 -82.4 -181.9
20211116204829  -671.9 -82.5 -182.1
20211116204830  -672.0 -82.1 -182.2
20211116204831  -672.3 -82.3 -181.8
20211116204832  -672.3 -82.3 -181.8
20211116204833  -672.4 -82.2 -181.9
20211116204834  -672.4 -82.2 -181.9
20211116204835  -672.5 -82.5 -182.0
20211116204836  -672.5 -82.4 -181.9
20211116204837  -672.5 -82.3 -181.9
20211116204838  -672.4 -82.1 -182.1
20211116204839  -672.5 -82.0 -182.0
20211116204840  -672.4 -82.3 -182.1
20211116204841  -672.6 -82.0 -182.0
20211116204842  -672.5 -82.3 -181.9
20211116204843  -672.7 -81.9 -182.0
20211116204844  -672.5 -81.9 -182.0
20211116204845  -672.5 -82.2 -182.0
20211116204846  -672.4 -82.1 -181.8
20211116204847  -672.5 -82.3 -181.7
20211116204848  -672.3 -82.2 -181.8
20211116204849  -671.7 -82.1 -181.2
20211116204850  -671.6 -82.0 -181.0
20211116204851  -671.4 -81.7 -181.0
20211116204852  -671.8 -81.7 -181.4
20211116204853  -672.2 -81.9 -181.7
20211116204854  -672.2 -81.8 -182.0
20211116204855  -672.8 -81.8 -181.6
20211116204856  -672.3 -81.7 -181.6
20211116204857  -672.4 -82.0 -181.7
20211116204858  -672.7 -82.2 -181.9
20211116204859  -672.4 -81.9 -182.1
20211116204900  -672.6 -81.9 -181.6
20211116204901  -672.5 -82.1 -181.9
20211116204902  -672.3 -81.8 -182.1
20211116204903  -672.6 -81.9 -182.1
20211116204904  -672.8 -82.0 -182.1
20211116204905  -672.8 -82.1 -182.0
20211116204906  -672.8 -82.2 -182.2
20211116204907  -672.8 -82.4 -182.2
20211116204908  -672.8 -82.3 -182.1
20211116204909  -673.2 -82.2 -182.0
20211116204910  -673.1 -82.1 -182.4
20211116204911  -673.0 -82.1 -182.2
20211116204912  -673.1 -82.1 -182.0
20211116204913  -673.0 -82.2 -182.3
20211116204914  -673.2 -82.2 -182.4
20211116204915  -673.4 -82.2 -182.3
20211116204916  -673.4 -82.2 -182.2
20211116204917  -673.3 -82.4 -182.0
20211116204918  -673.2 -82.4 -182.2
20211116204919  -673.2 -82.6 -182.0
20211116204920  -672.8 -82.3 -181.4
20211116204921  -672.5 -82.4 -181.3
20211116204922  -672.7 -82.4 -181.6
20211116204923  -673.6 -82.4 -182.2
20211116204924  -673.8 -82.5 -182.0
20211116204925  -673.9 -82.8 -181.9
20211116204926  -673.7 -82.6 -181.8
20211116204927  -673.6 -82.7 -182.1
20211116204928  -673.6 -82.3 -182.1
20211116204929  -673.8 -82.4 -182.2
20211116204930  -673.9 -82.5 -182.2
20211116204931  -674.1 -82.4 -181.9
20211116204932  -673.9 -82.5 -182.1
20211116204933  -674.0 -82.2 -181.8
20211116204934  -673.9 -82.2 -181.8
20211116204935  -673.8 -82.1 -181.7
20211116204936  -673.7 -82.1 -182.1
20211116204937  -673.5 -81.9 -182.0
20211116204938  -673.4 -82.0 -182.1
20211116204939  -673.3 -82.0 -181.9
20211116204940  -673.3 -82.0 -181.9
20211116204941  -673.3 -81.8 -181.8
20211116204942  -673.4 -81.9 -181.8
20211116204943  -673.3 -81.9 -181.9
20211116204944  -673.1 -81.8 -181.7
20211116204945  -673.2 -81.9 -181.7
20211116204946  -673.1 -82.0 -181.8
20211116204947  -672.9 -82.3 -181.9
20211116204948  -673.0 -82.3 -181.8
20211116204949  -672.4 -82.5 -181.8
20211116204950  -671.6 -82.2 -181.3
20211116204951  -671.7 -82.0 -181.0
20211116204952  -671.7 -82.0 -181.1
20211116204953  -672.5 -82.0 -181.8
20211116204954  -672.5 -81.8 -181.6
20211116204955  -672.6 -81.9 -181.8
20211116204956  -672.4 -82.3 -181.6
20211116204957  -672.9 -82.0 -181.7
20211116204958  -672.5 -82.2 -181.8
20211116204959  -672.4 -82.2 -182.1
20211116205000  -672.3 -81.9 -182.0
20211116205001  -672.4 -82.1 -182.2
20211116205002  -672.3 -81.9 -182.1
20211116205003  -672.4 -82.3 -182.1
20211116205004  -671.9 -82.5 -181.9
20211116205005  -672.0 -82.4 -182.1
20211116205006  -672.1 -82.3 -182.3
20211116205007  -671.7 -82.4 -182.1
20211116205008  -671.8 -82.1 -182.3
20211116205009  -671.7 -82.2 -182.6
20211116205010  -671.8 -82.2 -182.4
20211116205011  -671.7 -82.4 -182.3
20211116205012  -671.2 -82.1 -182.3
20211116205013  -671.5 -82.3 -182.3
20211116205014  -671.5 -82.1 -182.6
20211116205015  -671.6 -82.1 -182.4
20211116205016  -671.4 -82.3 -182.5
20211116205017  -671.2 -82.3 -182.7
20211116205018  -671.2 -82.0 -182.8
20211116205019  -670.7 -82.3 -182.3
20211116205020  -670.1 -81.8 -181.8
20211116205021  -669.9 -81.8 -181.3
20211116205022  -669.5 -81.7 -181.0
20211116205023  -670.1 -81.6 -181.0
20211116205024  -670.5 -81.7 -181.8
20211116205025  -670.5 -81.7 -181.9
20211116205026  -670.4 -81.7 -181.8
20211116205027  -670.0 -81.6 -181.7
20211116205028  -670.1 -81.7 -181.8
20211116205029  -670.2 -81.7 -181.8
20211116205030  -669.9 -81.7 -181.8
20211116205031  -669.9 -81.9 -181.6
20211116205032  -670.1 -82.1 -181.8
20211116205033  -669.7 -81.6 -181.8
20211116205034  -669.6 -81.6 -181.9
20211116205035  -670.0 -81.7 -181.5
20211116205036  -669.8 -81.7 -181.8
20211116205037  -669.9 -81.9 -181.6
20211116205038  -670.2 -81.9 -181.8
20211116205039  -670.6 -81.9 -182.0
20211116205040  -670.4 -81.5 -182.3
20211116205041  -670.3 -81.7 -182.2
20211116205042  -670.6 -81.6 -182.2
20211116205043  -670.6 -81.8 -182.4
20211116205044  -670.8 -81.8 -182.4
20211116205045  -670.9 -81.7 -182.6
20211116205046  -670.9 -81.6 -182.5
20211116205047  -670.9 -81.7 -182.8
20211116205048  -671.2 -81.6 -182.4
20211116205049  -671.1 -81.7 -182.4
20211116205050  -670.7 -81.8 -182.1
20211116205051  -670.2 -81.8 -181.6
20211116205052  -670.3 -81.4 -181.6
20211116205053  -670.6 -81.2 -181.8
20211116205054  -671.3 -81.2 -182.3
20211116205055  -671.4 -81.2 -182.2
20211116205056  -671.3 -81.2 -182.5
20211116205057  -671.7 -81.5 -182.3
20211116205058  -671.3 -81.7 -182.6
20211116205059  -671.6 -81.8 -182.4
20211116205100  -671.4 -81.6 -182.3
20211116205101  -671.5 -81.7 -182.6
20211116205102  -671.6 -81.7 -182.6
20211116205103  -671.6 -81.9 -182.7
20211116205104  -671.6 -81.8 -182.8
20211116205105  -672.0 -81.9 -182.9
20211116205106  -671.9 -81.8 -182.9
20211116205107  -672.2 -81.8 -182.6
20211116205108  -672.0 -82.0 -182.6
20211116205109  -671.9 -81.8 -183.0
20211116205110  -671.9 -81.9 -182.9
20211116205111  -671.7 -82.3 -183.1
20211116205112  -671.7 -82.3 -183.0
20211116205113  -671.8 -82.2 -183.2
20211116205114  -671.8 -82.2 -182.8
20211116205115  -672.0 -82.3 -182.8
20211116205116  -672.1 -82.2 -182.7
20211116205117  -672.1 -82.3 -182.5
20211116205118  -672.4 -82.3 -182.8
20211116205119  -672.1 -82.1 -182.9
20211116205120  -671.9 -82.4 -182.9
20211116205121  -671.3 -82.3 -182.4
20211116205122  -671.1 -82.0 -182.2
20211116205123  -672.1 -82.1 -182.4
20211116205124  -672.2 -82.4 -183.1
20211116205125  -672.4 -82.4 -183.1
20211116205126  -672.3 -82.6 -182.9
20211116205127  -672.2 -82.6 -182.9
20211116205128  -672.4 -82.7 -183.2
20211116205129  -672.3 -82.4 -183.5
20211116205130  -672.4 -82.3 -183.2
20211116205131  -672.6 -82.8 -183.3
20211116205132  -672.6 -82.5 -183.1
20211116205133  -672.6 -82.3 -182.8
20211116205134  -672.7 -82.3 -182.9
20211116205135  -672.5 -82.6 -182.7
20211116205136  -672.4 -82.3 -182.9
20211116205137  -672.4 -82.5 -182.7
20211116205138  -672.5 -82.4 -182.9
20211116205139  -672.5 -82.5 -183.2
20211116205140  -672.4 -82.5 -183.2
20211116205141  -672.0 -82.6 -182.6
20211116205142  -672.2 -82.6 -182.9
20211116205143  -671.9 -82.6 -182.8
20211116205144  -671.8 -82.6 -183.0
20211116205145  -671.8 -82.4 -183.1
20211116205146  -671.7 -82.6 -183.3
20211116205147  -671.5 -82.7 -183.5
20211116205148  -671.5 -82.7 -183.3
20211116205149  -671.5 -82.8 -183.1
20211116205150  -671.1 -82.9 -183.2
20211116205151  -670.8 -82.8 -182.9
20211116205152  -670.6 -82.6 -182.6
20211116205153  -671.6 -82.7 -183.2
20211116205154  -671.3 -82.7 -183.2
20211116205155  -671.6 -82.7 -183.4
20211116205156  -671.4 -82.9 -183.2
20211116205157  -671.1 -83.1 -183.5
20211116205158  -671.1 -83.0 -183.1
20211116205159  -671.4 -83.0 -183.0
20211116205200  -671.5 -83.1 -183.3
20211116205201  -671.5 -82.9 -182.9
20211116205202  -671.3 -83.0 -183.1
20211116205203  -671.5 -83.2 -182.9
20211116205204  -671.7 -83.3 -183.2
20211116205205  -671.4 -83.0 -183.3
20211116205206  -671.4 -83.1 -183.3
20211116205207  -671.5 -82.9 -183.5
20211116205208  -671.5 -83.0 -183.2
20211116205209  -671.3 -83.1 -183.3
20211116205210  -671.3 -83.1 -183.3
20211116205211  -671.7 -83.1 -183.6
20211116205212  -671.5 -82.9 -183.6
20211116205213  -671.4 -83.1 -183.5
20211116205214  -671.6 -83.1 -183.3
20211116205215  -671.9 -83.4 -183.7
20211116205216  -671.9 -83.1 -183.6
20211116205217  -671.7 -83.1 -183.4
20211116205218  -672.0 -83.1 -183.3
20211116205219  -671.8 -83.1 -183.4
20211116205220  -671.7 -83.1 -183.3
20211116205221  -671.0 -83.4 -183.1
20211116205222  -670.7 -83.0 -182.8
20211116205223  -671.7 -83.1 -183.3
20211116205224  -671.8 -83.3 -183.3
20211116205225  -671.8 -83.3 -183.2
20211116205226  -672.1 -83.1 -183.4
20211116205227  -672.2 -83.4 -183.4
20211116205228  -672.4 -83.1 -183.5
20211116205229  -672.3 -83.5 -183.7
20211116205230  -672.5 -83.4 -183.3
20211116205231  -672.7 -83.3 -183.8
20211116205232  -672.6 -82.9 -183.7
20211116205233  -672.7 -82.9 -183.6
20211116205234  -672.7 -83.3 -183.5
20211116205235  -672.9 -83.1 -183.8
20211116205236  -672.8 -83.3 -183.6
20211116205237  -673.2 -83.0 -183.5
20211116205238  -673.1 -83.3 -183.6
20211116205239  -673.2 -83.2 -183.5
20211116205240  -673.2 -83.3 -183.5
20211116205241  -673.1 -83.0 -183.3
20211116205242  -673.0 -83.2 -183.7
20211116205243  -673.0 -83.4 -183.7
20211116205244  -673.0 -83.3 -183.5
20211116205245  -673.0 -83.2 -183.5
20211116205246  -672.9 -83.1 -183.5
20211116205247  -672.8 -83.1 -183.4
20211116205248  -672.7 -83.2 -183.9
20211116205249  -672.8 -83.3 -183.8
20211116205250  -672.9 -83.1 -183.5
20211116205251  -672.6 -83.1 -183.5
20211116205252  -672.0 -83.3 -182.7
20211116205253  -672.7 -83.2 -182.8
20211116205254  -672.4 -83.5 -183.1
20211116205255  -672.3 -83.3 -183.4
20211116205256  -672.5 -83.6 -183.3
20211116205257  -672.5 -83.4 -183.3
20211116205258  -672.4 -83.0 -183.2
20211116205259  -672.1 -83.1 -183.2
20211116205300  -672.4 -83.2 -183.2
20211116205301  -672.4 -83.4 -183.0
20211116205302  -672.3 -83.3 -183.4
20211116205303  -672.3 -83.3 -183.2
20211116205304  -672.1 -83.3 -183.3
20211116205305  -672.0 -83.3 -183.3
20211116205306  -671.9 -83.3 -183.0
20211116205307  -672.0 -83.2 -183.3
20211116205308  -672.1 -83.4 -183.3
20211116205309  -672.2 -83.3 -183.3
20211116205310  -672.2 -83.5 -183.4
20211116205311  -672.2 -83.6 -183.0
20211116205312  -672.2 -83.5 -183.2
20211116205313  -672.5 -83.5 -183.1
20211116205314  -672.2 -83.2 -183.2
20211116205315  -672.5 -83.4 -183.2
20211116205316  -672.4 -83.2 -183.5
20211116205317  -672.4 -83.2 -182.9
20211116205318  -672.2 -83.5 -183.4
20211116205319  -672.6 -83.4 -183.6
20211116205320  -672.5 -83.2 -183.4
20211116205321  -672.2 -83.4 -183.9
20211116205322  -671.8 -83.6 -183.5
20211116205323  -672.2 -83.4 -183.4
20211116205324  -672.6 -83.7 -183.7
20211116205325  -672.6 -83.3 -183.6
20211116205326  -672.7 -83.4 -183.6
20211116205327  -672.8 -83.5 -183.5
20211116205328  -672.8 -83.6 -183.5
20211116205329  -672.7 -83.5 -183.6
20211116205330  -672.4 -83.4 -183.7
20211116205331  -672.5 -83.4 -183.3
20211116205332  -672.7 -83.5 -183.6
20211116205333  -672.5 -83.5 -183.6
20211116205334  -672.8 -83.3 -183.8
20211116205335  -672.9 -83.4 -183.2
20211116205336  -672.8 -83.5 -183.3
20211116205337  -672.7 -83.4 -183.1
20211116205338  -672.5 -83.3 -183.0
20211116205339  -672.2 -83.5 -182.9
20211116205340  -672.3 -83.7 -182.8
20211116205341  -672.2 -83.5 -183.0
20211116205342  -672.4 -83.1 -183.1
20211116205343  -672.2 -83.0 -182.9
20211116205344  -672.4 -83.1 -182.7
20211116205345  -672.6 -83.2 -182.7
20211116205346  -672.5 -83.0 -183.0
20211116205347  -672.3 -83.2 -182.7
20211116205348  -672.4 -83.2 -182.9
20211116205349  -672.6 -83.1 -182.9
20211116205350  -672.4 -83.0 -182.9
20211116205351  -672.4 -82.9 -182.7
20211116205352  -671.8 -82.9 -182.3
20211116205353  -672.0 -82.9 -181.8
20211116205354  -672.5 -82.8 -182.5
20211116205355  -672.5 -82.7 -182.7
20211116205356  -672.6 -82.9 -182.8
20211116205357  -672.6 -82.9 -182.9
20211116205358  -672.6 -83.0 -182.8
20211116205359  -672.7 -83.0 -182.7
20211116205400  -672.9 -83.0 -182.9
20211116205401  -673.4 -83.1 -182.6
20211116205402  -673.1 -82.9 -182.7
20211116205403  -673.3 -83.0 -182.6
20211116205404  -673.5 -83.0 -182.5
20211116205405  -673.6 -83.0 -182.4
20211116205406  -673.5 -82.5 -182.5
20211116205407  -673.9 -82.5 -182.8
20211116205408  -673.8 -82.5 -182.5
20211116205409  -674.1 -82.5 -182.4
20211116205410  -674.1 -82.5 -182.5
20211116205411  -674.2 -82.4 -182.6
20211116205412  -674.0 -82.6 -182.5
20211116205413  -674.4 -82.6 -182.7
20211116205414  -674.3 -82.6 -182.5
20211116205415  -674.1 -82.9 -182.6
20211116205416  -674.1 -83.1 -182.2
20211116205417  -674.3 -82.6 -182.5
20211116205418  -674.6 -82.6 -182.2
20211116205419  -674.4 -82.7 -182.1
20211116205420  -674.6 -82.9 -182.3
20211116205421  -674.5 -82.9 -182.1
20211116205422  -673.8 -82.8 -181.9
20211116205423  -673.1 -82.3 -181.3
20211116205424  -673.8 -82.3 -181.6
20211116205425  -673.7 -82.7 -181.7
20211116205426  -674.0 -82.7 -181.7
20211116205427  -673.8 -82.7 -181.8
20211116205428  -673.6 -82.5 -181.7
20211116205429  -673.7 -82.3 -181.7
20211116205430  -673.7 -82.4 -181.6
20211116205431  -673.7 -82.6 -181.7
20211116205432  -673.6 -82.7 -181.7
20211116205433  -673.5 -82.7 -181.9
20211116205434  -673.3 -82.6 -181.9
20211116205435  -673.4 -82.8 -181.9
20211116205436  -673.3 -82.5 -181.9
20211116205437  -673.4 -82.7 -182.0
20211116205438  -673.6 -82.8 -182.1
20211116205439  -673.8 -82.8 -182.1
20211116205440  -673.7 -82.8 -182.1
20211116205441  -673.8 -82.8 -182.0
20211116205442  -673.7 -82.7 -182.2
20211116205443  -673.7 -82.7 -182.2
20211116205444  -673.9 -82.7 -182.0
20211116205445  -674.0 -82.5 -182.1
20211116205446  -674.2 -82.4 -182.4
20211116205447  -674.0 -82.8 -182.3
20211116205448  -674.1 -82.5 -182.0
20211116205449  -674.0 -82.6 -181.8
20211116205450  -674.0 -82.7 -182.0
20211116205451  -673.9 -82.8 -181.8
20211116205452  -673.7 -82.9 -181.9
20211116205453  -673.0 -82.6 -181.5
20211116205454  -672.9 -82.4 -181.5
20211116205455  -673.3 -82.1 -181.7
20211116205456  -673.4 -82.4 -181.4
20211116205457  -673.4 -82.4 -181.4
20211116205458  -673.2 -82.2 -181.2
20211116205459  -673.1 -82.4 -181.2
20211116205500  -673.0 -82.2 -181.5
20211116205501  -673.0 -82.1 -181.6
20211116205502  -672.8 -82.3 -181.5
20211116205503  -672.9 -82.3 -181.7
20211116205504  -672.9 -82.3 -181.6
20211116205505  -672.8 -82.3 -181.8
20211116205506  -672.9 -82.0 -181.9
20211116205507  -672.7 -82.1 -181.9
20211116205508  -672.7 -82.4 -181.6
20211116205509  -672.7 -82.5 -181.5
20211116205510  -672.6 -82.4 -181.9
20211116205511  -672.3 -82.4 -181.9
20211116205512  -672.3 -82.3 -181.7
20211116205513  -672.4 -82.6 -181.6
20211116205514  -672.4 -82.5 -181.7
20211116205515  -672.3 -82.6 -181.5
20211116205516  -672.4 -82.6 -181.7
20211116205517  -672.1 -82.5 -181.7
20211116205518  -672.2 -82.4 -181.6
20211116205519  -672.4 -82.6 -181.6
20211116205520  -672.4 -82.5 -181.4
20211116205521  -672.5 -82.3 -181.4
20211116205522  -672.6 -82.3 -181.6
20211116205523  -671.7 -82.4 -181.2
20211116205524  -671.7 -82.0 -181.1
20211116205525  -672.0 -82.2 -181.8
20211116205526  -672.1 -82.2 -181.6
20211116205527  -672.0 -82.0 -181.6
20211116205528  -672.0 -81.9 -181.5
20211116205529  -671.8 -81.9 -181.7
20211116205530  -671.9 -82.0 -181.7
20211116205531  -671.8 -81.8 -181.8
20211116205532  -671.9 -82.1 -181.8
20211116205533  -672.0 -81.8 -181.7
20211116205534  -672.2 -81.8 -181.6
20211116205535  -672.4 -81.9 -181.4
20211116205536  -672.1 -82.2 -181.5
20211116205537  -672.2 -82.0 -181.6
20211116205538  -672.1 -81.9 -181.6
20211116205539  -672.2 -81.8 -181.5
20211116205540  -672.7 -82.0 -181.3
20211116205541  -672.7 -81.9 -181.8
20211116205542  -672.5 -82.1 -181.3
20211116205543  -672.4 -81.9 -181.4
20211116205544  -673.1 -81.9 -181.6
20211116205545  -673.1 -81.8 -181.5
20211116205546  -672.9 -81.5 -181.6
20211116205547  -673.0 -81.7 -181.5
20211116205548  -673.4 -82.0 -181.5
20211116205549  -673.4 -81.8 -181.5
20211116205550  -673.7 -81.5 -181.7
20211116205551  -673.9 -81.5 -181.5
20211116205552  -673.5 -81.5 -181.6
20211116205553  -673.1 -81.6 -181.3
20211116205554  -672.9 -81.3 -180.4
20211116205555  -673.3 -81.3 -181.0
20211116205556  -673.5 -81.2 -180.8
20211116205557  -673.4 -81.1 -180.8
20211116205558  -673.7 -81.3 -181.0
20211116205559  -674.0 -80.9 -180.8
20211116205600  -673.9 -80.9 -180.8
20211116205601  -673.9 -81.3 -180.9
20211116205602  -673.9 -81.1 -180.9
20211116205603  -674.0 -81.1 -180.9
20211116205604  -674.3 -81.0 -180.9
20211116205605  -674.1 -81.3 -181.0
20211116205606  -674.0 -81.4 -180.9
20211116205607  -674.1 -81.5 -181.0
20211116205608  -674.0 -81.4 -180.8
20211116205609  -674.1 -81.4 -180.5
20211116205610  -673.9 -81.3 -181.0
20211116205611  -674.2 -81.3 -180.6
20211116205612  -674.2 -81.6 -180.7
20211116205613  -674.0 -81.7 -180.8
20211116205614  -674.0 -81.5 -180.8
20211116205615  -674.1 -81.7 -181.0
20211116205616  -674.1 -81.4 -181.0
20211116205617  -674.1 -81.5 -180.8
20211116205618  -673.9 -81.5 -180.8
20211116205619  -673.8 -81.8 -180.7
20211116205620  -673.8 -81.4 -180.8
20211116205621  -673.9 -81.6 -180.7
20211116205622  -674.3 -81.4 -181.1
20211116205623  -673.9 -81.6 -181.0
20211116205624  -673.3 -81.6 -180.3
20211116205625  -674.1 -81.5 -180.7
20211116205626  -673.7 -81.4 -180.8
20211116205627  -674.2 -81.5 -180.9
20211116205628  -673.9 -81.9 -180.6
20211116205629  -673.6 -81.6 -180.7
20211116205630  -673.7 -81.7 -180.7
20211116205631  -673.5 -81.9 -180.8
20211116205632  -673.4 -81.8 -180.7
20211116205633  -673.7 -81.9 -180.8
20211116205634  -673.7 -81.7 -180.6
20211116205635  -673.8 -81.5 -180.9
20211116205636  -673.6 -81.6 -180.8
20211116205637  -673.6 -81.7 -180.7
20211116205638  -673.5 -81.5 -180.6
20211116205639  -673.7 -81.6 -180.9
20211116205640  -673.5 -81.7 -180.6
20211116205641  -673.8 -81.7 -181.0
20211116205642  -673.6 -81.3 -180.9
20211116205643  -673.7 -81.5 -180.8
20211116205644  -673.8 -81.5 -180.9
20211116205645  -673.7 -81.7 -180.6
20211116205646  -673.7 -81.3 -180.6
20211116205647  -673.9 -81.5 -180.7
20211116205648  -674.2 -81.6 -180.7
20211116205649  -674.3 -81.7 -180.9
20211116205650  -674.3 -81.6 -180.8
20211116205651  -674.3 -81.5 -180.3
20211116205652  -674.2 -81.3 -180.4
20211116205653  -674.0 -81.4 -180.4
20211116205654  -673.4 -81.5 -180.3
20211116205655  -674.0 -81.1 -180.1
20211116205656  -674.2 -81.2 -180.5
20211116205657  -673.8 -81.2 -180.5
20211116205658  -674.0 -81.2 -180.2
20211116205659  -674.3 -81.0 -180.4
20211116205700  -674.4 -81.4 -180.7
20211116205701  -674.5 -81.4 -180.6
20211116205702  -674.3 -81.4 -180.6
20211116205703  -674.4 -81.4 -180.9
20211116205704  -674.6 -81.3 -180.3
20211116205705  -674.5 -80.9 -180.3
20211116205706  -674.5 -81.1 -180.4
20211116205707  -674.1 -81.0 -180.4
20211116205708  -674.2 -81.1 -180.2
20211116205709  -674.3 -80.9 -180.0
20211116205710  -674.1 -80.9 -180.0
20211116205711  -674.0 -80.9 -180.0
20211116205712  -674.1 -80.7 -180.0
20211116205713  -673.9 -80.5 -180.1
20211116205714  -673.6 -80.7 -180.0
20211116205715  -673.5 -80.5 -180.0
20211116205716  -673.5 -80.4 -179.9
20211116205717  -673.5 -80.7 -180.1
20211116205718  -673.4 -80.7 -180.1
20211116205719  -673.3 -80.5 -179.8
20211116205720  -673.2 -80.4 -180.1
20211116205721  -673.3 -80.2 -180.0
20211116205722  -672.9 -80.4 -179.8
20211116205723  -672.8 -80.2 -180.1
20211116205724  -672.8 -80.2 -180.1
20211116205725  -672.6 -80.2 -179.9
20211116205726  -672.8 -80.1 -180.5
20211116205727  -672.6 -80.1 -180.7
20211116205728  -672.6 -79.9 -180.3
20211116205729  -672.7 -80.0 -180.3
20211116205730  -672.8 -80.1 -180.2
20211116205731  -672.7 -79.9 -180.2
20211116205732  -672.9 -79.9 -180.3
20211116205733  -673.0 -79.8 -180.1
20211116205734  -673.0 -80.1 -180.3
20211116205735  -673.0 -80.0 -180.3
20211116205736  -673.0 -80.1 -180.3
20211116205737  -673.0 -79.9 -180.3
20211116205738  -672.9 -79.5 -180.3
20211116205739  -673.0 -79.9 -180.3
20211116205740  -673.2 -79.8 -180.0
20211116205741  -673.1 -79.8 -180.2
20211116205742  -673.1 -80.0 -180.3
20211116205743  -673.2 -79.9 -180.3
20211116205744  -672.9 -80.1 -180.3
20211116205745  -672.9 -80.0 -180.1
20211116205746  -673.1 -80.1 -179.8
20211116205747  -673.0 -80.3 -179.9
20211116205748  -673.0 -79.6 -179.9
20211116205749  -673.1 -79.9 -179.9
20211116205750  -673.0 -80.1 -180.0
20211116205751  -672.9 -79.9 -179.7
20211116205752  -672.5 -79.9 -179.7
20211116205753  -672.6 -79.8 -179.7
20211116205754  -672.1 -79.9 -179.7
20211116205755  -671.5 -79.6 -179.2
20211116205756  -672.1 -79.5 -179.6
20211116205757  -672.1 -79.6 -179.4
20211116205758  -671.9 -79.5 -179.1
20211116205759  -671.7 -79.5 -179.1
20211116205800  -671.6 -79.5 -179.3
20211116205801  -671.3 -79.3 -179.2
20211116205802  -671.2 -79.3 -179.0
20211116205803  -671.3 -79.1 -179.2
20211116205804  -671.4 -79.6 -179.1
20211116205805  -671.1 -79.4 -179.2
20211116205806  -671.1 -79.6 -179.2
20211116205807  -670.7 -79.3 -179.3
20211116205808  -670.8 -79.1 -179.1
20211116205809  -670.6 -79.1 -179.2
20211116205810  -670.7 -79.1 -179.1
20211116205811  -670.8 -78.9 -179.0
20211116205812  -670.7 -78.8 -179.1
20211116205813  -670.5 -78.6 -179.2
20211116205814  -670.8 -78.7 -178.9
20211116205815  -670.9 -78.9 -179.0
