0  -954.3 -113.2 -359.5
20211108221441  -954.0 -113.4 -359.6
20211108221442  -954.0 -113.2 -359.8
20211108221443  -954.0 -113.5 -360.0
20211108221444  -954.2 -113.6 -359.8
20211108221445  -954.3 -113.3 -360.1
20211108221446  -954.3 -113.3 -360.1
20211108221447  -954.4 -112.8 -360.0
20211108221448  -954.7 -112.4 -359.8
20211108221449  -954.9 -112.1 -359.4
20211108221450  -955.7 -112.0 -359.4
20211108221451  -955.9 -111.7 -359.3
20211108221452  -956.2 -111.4 -358.5
20211108221453  -956.3 -110.9 -357.7
20211108221454  -956.4 -110.4 -357.7
20211108221455  -956.5 -110.3 -357.0
20211108221456  -956.6 -110.6 -356.8
20211108221457  -956.9 -110.8 -356.4
20211108221458  -956.6 -111.1 -356.0
20211108221459  -956.7 -111.5 -355.1
20211108221500  -956.1 -111.5 -354.3
20211108221501  -955.6 -111.6 -353.8
20211108221502  -955.6 -111.2 -353.1
20211108221503  -955.4 -111.3 -352.7
20211108221504  -955.8 -111.6 -353.0
20211108221505  -956.3 -112.1 -353.2
20211108221506  -956.1 -112.2 -353.2
20211108221507  -956.0 -112.2 -352.7
20211108221508  -955.6 -112.5 -352.5
20211108221509  -955.4 -112.6 -352.7
20211108221510  -955.1 -112.8 -352.2
20211108221511  -955.0 -112.4 -352.1
20211108221512  -954.9 -112.0 -352.0
20211108221513  -955.0 -111.8 -352.1
20211108221514  -955.3 -111.0 -352.1
20211108221515  -955.5 -110.7 -352.0
20211108221516  -955.7 -110.5 -352.2
20211108221517  -955.8 -110.3 -352.3
20211108221518  -956.2 -110.1 -352.4
20211108221519  -956.8 -110.2 -352.2
20211108221520  -957.2 -110.1 -352.5
20211108221521  -957.8 -109.9 -352.6
20211108221522  -958.0 -109.5 -352.1
20211108221523  -958.0 -109.4 -351.1
20211108221524  -958.2 -109.1 -350.8
20211108221525  -958.2 -108.9 -350.1
20211108221526  -957.7 -108.6 -349.4
20211108221527  -957.1 -108.2 -348.5
20211108221528  -957.2 -107.9 -348.1
20211108221529  -956.9 -107.5 -347.6
20211108221530  -956.7 -107.6 -347.3
20211108221531  -957.5 -108.0 -347.6
20211108221532  -957.8 -108.4 -347.3
20211108221533  -958.0 -108.8 -347.4
20211108221534  -957.8 -108.9 -347.0
20211108221535  -957.9 -109.3 -346.7
20211108221536  -957.6 -109.5 -345.9
20211108221537  -957.0 -109.5 -345.6
20211108221538  -957.3 -109.4 -345.5
20211108221539  -957.2 -109.7 -345.5
20211108221540  -957.5 -110.3 -345.4
20211108221541  -957.4 -110.8 -345.5
20211108221542  -957.5 -111.3 -345.1
20211108221543  -957.0 -111.7 -344.3
20211108221544  -956.7 -111.8 -343.8
20211108221545  -956.4 -111.7 -343.7
20211108221546  -956.3 -112.0 -343.6
20211108221547  -956.5 -112.7 -343.3
20211108221548  -956.2 -113.2 -343.2
20211108221549  -956.1 -113.8 -343.2
20211108221550  -956.1 -114.3 -343.0
20211108221551  -956.2 -114.5 -343.4
20211108221552  -955.7 -114.8 -342.9
20211108221553  -955.6 -115.4 -342.6
20211108221554  -955.3 -116.0 -342.1
20211108221555  -955.2 -116.6 -341.5
20211108221556  -955.1 -117.2 -340.8
20211108221557  -955.3 -117.0 -340.3
20211108221558  -955.7 -117.3 -340.7
20211108221559  -955.7 -117.9 -340.5
20211108221600  -955.6 -118.3 -340.1
20211108221601  -955.4 -118.7 -339.9
20211108221602  -955.3 -118.9 -339.4
20211108221603  -955.2 -119.2 -339.1
20211108221604  -954.6 -119.3 -339.1
20211108221605  -954.7 -119.3 -339.0
20211108221606  -954.5 -119.4 -338.5
20211108221607  -954.2 -119.5 -338.5
20211108221608  -954.1 -119.7 -338.4
20211108221609  -953.5 -119.6 -337.7
20211108221610  -953.0 -119.8 -337.3
20211108221611  -953.0 -119.8 -337.2
20211108221612  -952.6 -119.2 -337.0
20211108221613  -952.5 -118.8 -336.5
20211108221614  -952.1 -118.1 -336.6
20211108221615  -951.9 -117.4 -336.6
20211108221616  -951.7 -116.4 -336.6
20211108221617  -951.5 -115.3 -336.8
20211108221618  -951.3 -114.5 -336.8
20211108221619  -951.0 -113.2 -336.5
20211108221620  -950.8 -112.2 -336.6
20211108221621  -950.6 -111.7 -336.7
20211108221622  -950.9 -111.7 -336.8
20211108221623  -951.1 -111.5 -336.4
20211108221624  -951.5 -111.9 -336.8
20211108221625  -952.2 -112.7 -336.7
20211108221626  -952.3 -113.2 -336.9
20211108221627  -952.4 -113.5 -337.1
20211108221628  -952.1 -114.2 -337.0
20211108221629  -951.9 -114.5 -336.5
20211108221630  -951.8 -115.0 -336.0
20211108221631  -951.3 -115.7 -336.0
20211108221632  -951.1 -115.9 -335.7
20211108221633  -950.6 -116.5 -335.3
20211108221634  -950.3 -117.1 -335.3
20211108221635  -949.8 -117.7 -335.7
20211108221636  -950.0 -118.2 -335.8
20211108221637  -949.8 -118.4 -335.6
20211108221638  -949.5 -118.2 -335.3
20211108221639  -949.6 -118.4 -335.2
20211108221640  -949.3 -118.7 -334.8
20211108221641  -949.0 -119.2 -334.3
20211108221642  -948.8 -119.5 -334.1
20211108221643  -948.4 -119.8 -333.9
20211108221644  -947.9 -120.2 -333.9
20211108221645  -946.7 -119.8 -333.5
20211108221646  -946.4 -119.9 -333.3
20211108221647  -946.1 -120.1 -333.1
20211108221648  -946.3 -120.1 -333.7
20211108221649  -946.3 -119.6 -333.6
20211108221650  -946.1 -119.2 -333.6
20211108221651  -946.5 -119.6 -334.4
20211108221652  -947.0 -119.5 -335.0
20211108221653  -946.9 -119.2 -334.6
20211108221654  -946.8 -119.3 -334.5
20211108221655  -946.7 -119.1 -334.8
20211108221656  -946.7 -119.2 -335.6
20211108221657  -947.2 -119.0 -336.5
20211108221658  -947.5 -118.4 -336.4
20211108221659  -947.6 -118.2 -336.4
20211108221700  -947.7 -117.8 -336.6
20211108221701  -947.6 -117.7 -336.8
20211108221702  -947.4 -117.6 -336.9
20211108221703  -947.4 -117.3 -337.1
20211108221704  -947.2 -117.1 -337.0
20211108221705  -947.2 -116.9 -336.7
20211108221706  -946.8 -117.3 -336.4
20211108221707  -946.8 -117.5 -336.4
20211108221708  -946.6 -117.9 -336.2
20211108221709  -946.4 -118.5 -336.0
20211108221710  -946.5 -119.2 -335.9
20211108221711  -946.0 -120.5 -335.6
20211108221712  -945.6 -121.0 -334.6
20211108221713  -945.4 -121.6 -334.0
20211108221714  -945.2 -122.0 -333.4
20211108221715  -945.0 -122.6 -333.2
20211108221716  -944.7 -123.1 -332.6
20211108221717  -944.9 -123.6 -332.0
20211108221718  -945.7 -124.2 -332.4
20211108221719  -945.8 -124.8 -332.2
20211108221720  -945.4 -124.7 -332.0
20211108221721  -945.7 -124.9 -331.7
20211108221722  -945.5 -124.4 -331.3
20211108221723  -945.7 -124.9 -331.2
20211108221724  -945.8 -124.8 -330.7
20211108221725  -945.5 -124.5 -330.3
20211108221726  -945.3 -124.3 -329.6
20211108221727  -944.9 -123.7 -329.0
20211108221728  -944.6 -123.1 -328.8
20211108221729  -944.5 -122.6 -328.8
20211108221730  -944.0 -122.4 -328.7
20211108221731  -943.6 -122.1 -328.5
20211108221732  -943.1 -122.3 -328.3
20211108221733  -943.1 -122.1 -328.0
20211108221734  -942.6 -121.8 -327.7
20211108221735  -942.0 -121.0 -327.3
20211108221736  -941.8 -120.7 -327.1
20211108221737  -941.4 -121.0 -327.2
20211108221738  -940.7 -120.8 -326.6
20211108221739  -940.2 -120.7 -326.0
20211108221740  -939.8 -120.2 -325.5
20211108221741  -939.5 -120.0 -325.1
20211108221742  -938.8 -119.1 -324.4
20211108221743  -938.8 -119.1 -324.3
20211108221744  -938.8 -118.9 -324.4
20211108221745  -938.7 -118.7 -324.8
20211108221746  -938.2 -118.8 -324.6
20211108221747  -938.0 -118.9 -324.7
20211108221748  -937.4 -118.9 -324.4
20211108221749  -936.6 -118.8 -324.1
20211108221750  -935.8 -119.2 -324.3
20211108221751  -934.8 -119.8 -324.6
20211108221752  -934.1 -119.7 -324.8
20211108221753  -933.7 -119.5 -324.9
20211108221754  -932.9 -119.6 -325.1
20211108221755  -932.1 -119.1 -325.3
20211108221756  -931.4 -118.6 -325.1
20211108221757  -930.7 -118.4 -325.3
20211108221758  -929.7 -118.4 -325.0
20211108221759  -929.4 -118.8 -325.2
20211108221800  -928.7 -119.2 -325.0
20211108221801  -928.4 -119.2 -325.4
20211108221802  -927.6 -119.7 -325.5
20211108221803  -927.6 -120.3 -325.6
20211108221804  -926.7 -120.8 -325.5
20211108221805  -926.1 -121.1 -325.2
20211108221806  -925.3 -120.9 -324.8
20211108221807  -924.7 -120.6 -324.0
20211108221808  -924.2 -120.4 -323.8
20211108221809  -923.4 -120.8 -323.2
20211108221810  -923.4 -120.7 -323.1
20211108221811  -923.7 -120.2 -323.8
20211108221812  -923.5 -120.2 -323.8
20211108221813  -923.3 -119.8 -323.5
20211108221814  -922.9 -119.8 -323.6
20211108221815  -922.8 -119.8 -323.6
20211108221816  -922.5 -119.7 -324.2
20211108221817  -922.3 -119.6 -324.1
20211108221818  -922.3 -119.7 -324.0
20211108221819  -922.0 -119.3 -323.9
20211108221820  -921.9 -119.1 -324.2
20211108221821  -921.6 -119.0 -323.9
20211108221822  -921.4 -118.8 -323.9
20211108221823  -921.4 -118.8 -323.9
20211108221824  -921.1 -119.4 -324.5
20211108221825  -921.0 -119.6 -324.4
20211108221826  -920.8 -119.9 -324.4
20211108221827  -920.4 -120.1 -324.2
20211108221828  -920.3 -120.0 -324.0
20211108221829  -919.9 -120.1 -324.2
20211108221830  -919.8 -120.1 -323.8
20211108221831  -919.6 -119.8 -323.2
20211108221832  -919.0 -119.2 -322.6
20211108221833  -919.0 -118.9 -322.3
20211108221834  -918.7 -118.6 -322.1
20211108221835  -918.5 -118.2 -321.4
20211108221836  -919.1 -117.6 -321.6
20211108221837  -920.0 -117.4 -322.1
20211108221838  -920.3 -117.0 -322.0
20211108221839  -920.3 -116.5 -321.9
20211108221840  -920.3 -115.8 -321.8
20211108221841  -920.5 -115.8 -321.4
20211108221842  -920.3 -115.6 -321.4
20211108221843  -920.2 -115.4 -321.3
20211108221844  -920.0 -115.7 -321.5
20211108221845  -920.3 -116.0 -321.6
20211108221846  -920.2 -116.3 -322.2
20211108221847  -920.4 -117.0 -322.3
20211108221848  -920.7 -117.5 -322.5
20211108221849  -920.6 -118.1 -322.0
20211108221850  -920.5 -118.1 -322.2
20211108221851  -920.8 -118.0 -322.1
20211108221852  -920.2 -117.8 -321.8
20211108221853  -919.6 -117.7 -321.7
20211108221854  -919.4 -117.6 -321.7
20211108221855  -919.2 -117.3 -321.8
20211108221856  -919.0 -117.3 -322.1
20211108221857  -919.1 -117.7 -322.5
20211108221858  -918.9 -117.8 -322.1
20211108221859  -918.7 -117.7 -321.8
20211108221900  -918.4 -117.3 -321.3
20211108221901  -918.3 -117.6 -320.7
20211108221902  -919.2 -117.5 -320.7
20211108221903  -919.5 -117.6 -321.4
20211108221904  -919.6 -118.1 -321.2
20211108221905  -919.8 -118.2 -321.3
20211108221906  -920.0 -118.3 -321.1
20211108221907  -920.3 -118.7 -321.1
20211108221908  -920.8 -118.9 -320.9
20211108221909  -921.4 -118.9 -320.9
20211108221910  -921.9 -119.3 -320.7
20211108221911  -922.6 -119.5 -320.4
20211108221912  -922.6 -119.6 -319.8
20211108221913  -922.7 -119.7 -319.1
20211108221914  -922.4 -119.8 -318.5
20211108221915  -922.4 -120.4 -317.8
20211108221916  -922.4 -120.8 -317.6
20211108221917  -922.4 -120.9 -317.6
20211108221918  -922.2 -120.8 -317.0
20211108221919  -922.4 -120.8 -317.1
20211108221920  -922.5 -120.8 -317.1
20211108221921  -922.4 -120.7 -316.8
20211108221922  -922.2 -120.9 -316.7
20211108221923  -921.8 -120.9 -316.3
20211108221924  -921.0 -120.1 -315.2
20211108221925  -920.6 -120.0 -315.1
20211108221926  -920.5 -119.9 -315.0
20211108221927  -920.0 -120.0 -314.6
20211108221928  -920.4 -120.7 -315.2
20211108221929  -920.9 -121.1 -315.7
20211108221930  -920.8 -121.6 -316.5
20211108221931  -921.1 -122.2 -317.0
20211108221932  -921.3 -122.7 -317.1
20211108221933  -921.7 -122.7 -318.0
20211108221934  -921.8 -122.7 -318.2
20211108221935  -922.2 -123.1 -318.8
20211108221936  -922.4 -123.6 -319.2
20211108221937  -922.6 -124.1 -319.5
20211108221938  -922.6 -124.4 -320.2
20211108221939  -923.1 -124.5 -320.6
20211108221940  -923.6 -124.8 -320.8
20211108221941  -924.2 -124.7 -320.5
20211108221942  -924.3 -124.6 -320.3
20211108221943  -924.6 -124.5 -319.7
20211108221944  -924.7 -124.3 -318.8
20211108221945  -924.7 -124.4 -318.6
20211108221946  -924.4 -123.9 -318.1
20211108221947  -924.7 -123.8 -317.8
20211108221948  -924.3 -123.4 -317.6
20211108221949  -924.4 -123.9 -317.5
20211108221950  -924.0 -124.0 -316.7
20211108221951  -923.3 -124.0 -316.3
20211108221952  -923.4 -124.0 -315.9
20211108221953  -922.7 -124.1 -315.7
20211108221954  -923.6 -124.2 -316.4
20211108221955  -923.7 -124.7 -316.9
20211108221956  -923.6 -125.1 -317.0
20211108221957  -923.5 -125.4 -317.4
20211108221958  -923.2 -125.9 -317.4
20211108221959  -923.4 -126.1 -317.1
20211108222000  -923.1 -126.5 -317.3
20211108222001  -923.2 -127.1 -317.2
20211108222002  -923.3 -127.2 -317.1
20211108222003  -923.0 -128.0 -316.9
20211108222004  -923.2 -128.5 -317.3
20211108222005  -923.2 -128.9 -317.2
20211108222006  -922.9 -129.5 -317.1
20211108222007  -922.8 -129.7 -317.3
20211108222008  -922.8 -129.8 -317.0
20211108222009  -922.6 -129.9 -316.7
20211108222010  -922.4 -130.1 -316.3
20211108222011  -922.3 -130.3 -316.2
20211108222012  -922.2 -130.1 -316.5
20211108222013  -922.1 -130.2 -316.5
20211108222014  -922.1 -130.6 -316.3
20211108222015  -921.8 -130.8 -316.1
20211108222016  -921.4 -131.6 -316.1
