20211031081029  -666.2 -77.5 -190.4
20211031081030  -666.2 -77.6 -190.4
20211031081031  -666.1 -77.7 -190.2
20211031081032  -665.9 -77.7 -190.3
20211031081033  -665.8 -77.7 -190.1
20211031081034  -665.6 -78.1 -190.3
20211031081035  -665.4 -77.9 -190.5
20211031081036  -665.4 -77.8 -190.4
20211031081037  -665.1 -78.0 -190.3
20211031081038  -665.1 -78.1 -190.2
20211031081039  -665.0 -78.1 -189.9
20211031081040  -665.2 -78.2 -190.0
20211031081041  -665.1 -78.1 -189.9
20211031081042  -664.9 -77.9 -190.1
20211031081043  -665.2 -77.8 -190.0
20211031081044  -664.6 -77.5 -189.9
20211031081045  -665.1 -77.1 -190.1
20211031081046  -665.1 -77.2 -190.3
20211031081047  -665.2 -77.1 -189.9
20211031081048  -665.0 -77.0 -189.8
20211031081049  -664.8 -76.5 -190.0
20211031081050  -664.7 -76.5 -190.0
20211031081051  -664.6 -76.2 -190.1
20211031081052  -664.5 -76.2 -189.9
20211031081053  -664.2 -76.0 -189.5
20211031081054  -665.2 -75.8 -189.6
20211031081055  -665.4 -75.7 -189.8
20211031081056  -665.2 -75.3 -190.0
20211031081057  -665.1 -75.2 -189.9
20211031081058  -665.2 -75.5 -190.0
20211031081059  -665.1 -75.3 -190.0
20211031081100  -665.6 -75.0 -190.2
20211031081101  -665.9 -75.0 -190.0
20211031081102  -665.9 -74.9 -190.4
20211031081103  -666.0 -74.8 -189.9
20211031081104  -666.0 -74.4 -190.0
20211031081105  -665.7 -74.4 -189.9
20211031081106  -665.9 -74.2 -189.7
20211031081107  -666.2 -73.9 -189.6
20211031081108  -665.9 -74.0 -189.4
20211031081109  -665.8 -74.0 -189.4
20211031081110  -665.9 -74.0 -189.9
20211031081111  -665.7 -73.9 -189.5
20211031081112  -665.6 -73.9 -189.4
20211031081113  -665.5 -74.1 -189.5
20211031081114  -665.9 -73.8 -189.8
20211031081115  -665.9 -73.8 -189.5
20211031081116  -665.7 -73.9 -189.2
20211031081117  -666.1 -73.7 -189.6
20211031081118  -666.4 -73.5 -189.7
20211031081119  -666.2 -73.7 -189.5
20211031081120  -665.8 -73.8 -189.5
20211031081121  -666.0 -73.6 -189.6
20211031081122  -666.2 -73.8 -189.8
20211031081123  -665.4 -73.6 -189.1
20211031081124  -666.2 -73.7 -189.8
20211031081125  -666.3 -73.9 -189.6
20211031081126  -666.3 -73.7 -189.6
20211031081127  -666.4 -73.9 -189.5
20211031081128  -666.2 -74.0 -189.4
20211031081129  -666.5 -74.1 -189.2
20211031081130  -666.4 -74.0 -189.5
20211031081131  -666.7 -74.1 -189.2
20211031081132  -666.5 -74.0 -189.6
20211031081133  -666.3 -73.7 -189.5
20211031081134  -666.4 -73.8 -189.6
20211031081135  -666.7 -73.5 -189.6
20211031081136  -666.8 -73.3 -189.5
20211031081137  -667.0 -73.5 -189.5
20211031081138  -667.1 -73.3 -189.3
20211031081139  -666.8 -73.0 -189.3
20211031081140  -667.1 -73.3 -189.7
20211031081141  -667.0 -73.1 -189.4
20211031081142  -667.1 -73.3 -189.4
20211031081143  -667.1 -73.2 -189.4
20211031081144  -666.7 -73.1 -189.2
20211031081145  -666.9 -72.8 -188.8
20211031081146  -666.9 -72.9 -189.2
20211031081147  -666.9 -73.2 -189.1
20211031081148  -667.2 -73.4 -189.2
20211031081149  -666.8 -73.3 -189.1
20211031081150  -666.8 -73.4 -189.5
20211031081151  -666.9 -73.6 -189.5
20211031081152  -667.1 -73.5 -189.5
20211031081153  -666.4 -73.6 -188.8
20211031081154  -666.1 -74.1 -188.9
20211031081155  -666.7 -74.3 -189.2
20211031081156  -666.3 -74.3 -189.0
20211031081157  -666.3 -74.3 -189.1
20211031081158  -666.1 -74.5 -189.1
20211031081159  -666.3 -74.4 -189.1
20211031081200  -666.3 -74.5 -189.2
20211031081201  -666.2 -74.8 -189.3
20211031081202  -666.1 -74.7 -189.2
20211031081203  -666.1 -74.7 -189.3
20211031081204  -665.9 -74.8 -189.5
20211031081205  -665.9 -75.0 -189.3
20211031081206  -665.9 -74.8 -189.1
20211031081207  -665.8 -74.6 -189.1
20211031081208  -665.8 -74.5 -189.3
20211031081209  -665.9 -74.5 -189.4
20211031081210  -666.2 -74.2 -188.9
20211031081211  -666.3 -74.6 -189.1
20211031081212  -665.9 -74.7 -189.2
20211031081213  -666.1 -74.9 -189.3
20211031081214  -665.9 -75.0 -188.9
20211031081215  -666.2 -75.1 -189.0
20211031081216  -666.0 -74.5 -189.1
20211031081217  -666.2 -74.9 -188.9
20211031081218  -666.3 -74.9 -189.1
20211031081219  -666.2 -74.7 -189.0
20211031081220  -666.5 -74.9 -189.0
20211031081221  -666.7 -75.0 -188.9
20211031081222  -666.7 -75.3 -188.9
20211031081223  -666.2 -75.7 -188.5
20211031081224  -666.1 -75.5 -188.3
20211031081225  -666.6 -75.7 -188.7
20211031081226  -666.5 -75.8 -188.7
20211031081227  -666.5 -75.9 -188.8
20211031081228  -666.6 -76.5 -188.9
20211031081229  -666.6 -76.5 -188.9
20211031081230  -666.6 -76.4 -188.8
20211031081231  -666.2 -76.6 -188.9
20211031081232  -666.7 -76.4 -188.9
20211031081233  -666.5 -76.5 -188.7
20211031081234  -666.7 -76.9 -188.8
20211031081235  -666.5 -76.8 -188.8
20211031081236  -666.6 -76.6 -188.5
20211031081237  -666.9 -76.5 -188.7
20211031081238  -667.0 -76.2 -188.9
20211031081239  -667.0 -76.1 -188.7
20211031081240  -667.1 -76.3 -188.6
20211031081241  -666.8 -76.2 -188.6
20211031081242  -667.4 -76.3 -188.7
20211031081243  -667.0 -76.3 -188.9
20211031081244  -666.7 -76.3 -188.9
20211031081245  -667.1 -75.8 -188.7
20211031081246  -666.8 -75.5 -188.8
20211031081247  -666.8 -75.6 -189.0
20211031081248  -666.8 -76.0 -189.0
20211031081249  -666.8 -75.7 -189.0
20211031081250  -666.8 -75.5 -189.1
20211031081251  -666.6 -75.6 -189.3
20211031081252  -666.6 -75.4 -189.2
20211031081253  -666.0 -75.4 -189.1
20211031081254  -665.5 -75.0 -188.7
20211031081255  -666.3 -75.1 -189.3
20211031081256  -666.6 -75.3 -189.1
20211031081257  -666.3 -75.3 -189.4
20211031081258  -666.7 -75.1 -189.2
20211031081259  -666.7 -74.9 -189.2
20211031081300  -666.7 -75.0 -189.3
20211031081301  -666.8 -75.0 -189.1
20211031081302  -666.9 -75.0 -189.1
20211031081303  -666.9 -74.6 -189.2
20211031081304  -667.2 -74.4 -189.4
20211031081305  -667.2 -74.6 -189.1
20211031081306  -667.5 -74.4 -189.2
20211031081307  -667.5 -74.2 -189.2
20211031081308  -667.5 -74.2 -189.5
20211031081309  -667.7 -74.1 -189.4
20211031081310  -667.8 -74.0 -189.0
20211031081311  -668.0 -73.8 -189.1
20211031081312  -667.9 -73.7 -188.9
20211031081313  -668.2 -73.8 -189.0
20211031081314  -667.8 -73.9 -189.0
20211031081315  -668.0 -74.0 -189.0
20211031081316  -667.9 -73.8 -188.9
20211031081317  -667.9 -73.8 -189.0
20211031081318  -668.0 -73.8 -189.0
20211031081319  -667.6 -73.7 -189.0
20211031081320  -667.5 -73.6 -188.9
20211031081321  -667.3 -74.1 -189.0
20211031081322  -667.4 -74.1 -189.2
20211031081323  -666.7 -74.0 -188.5
20211031081324  -666.6 -73.7 -188.4
20211031081325  -666.7 -73.7 -188.4
20211031081326  -667.2 -73.9 -189.1
20211031081327  -667.4 -74.0 -189.0
20211031081328  -667.4 -74.3 -189.1
20211031081329  -667.5 -74.2 -189.0
20211031081330  -667.6 -74.0 -188.8
20211031081331  -667.6 -73.9 -188.9
20211031081332  -667.5 -74.2 -188.9
20211031081333  -667.5 -73.9 -188.8
20211031081334  -667.4 -73.9 -189.1
20211031081335  -667.4 -73.7 -188.7
20211031081336  -667.2 -73.9 -189.0
20211031081337  -667.2 -74.0 -189.1
20211031081338  -667.3 -73.8 -188.9
20211031081339  -667.0 -73.5 -188.9
20211031081340  -667.1 -73.3 -188.7
20211031081341  -667.3 -73.2 -188.6
20211031081342  -667.5 -73.4 -188.6
20211031081343  -667.3 -73.3 -188.5
20211031081344  -667.5 -73.2 -188.4
20211031081345  -667.5 -73.2 -188.1
20211031081346  -667.6 -72.9 -188.3
20211031081347  -667.5 -73.1 -188.2
20211031081348  -667.6 -73.0 -188.7
20211031081349  -667.5 -72.9 -188.9
20211031081350  -667.1 -72.9 -188.6
20211031081351  -667.3 -73.0 -188.6
20211031081352  -667.1 -72.9 -188.6
20211031081353  -666.1 -72.8 -187.7
20211031081354  -665.9 -72.7 -187.3
20211031081355  -665.9 -72.2 -187.3
20211031081356  -666.5 -72.2 -187.7
20211031081357  -666.4 -72.5 -187.7
20211031081358  -666.5 -72.6 -188.0
20211031081359  -666.6 -72.7 -187.9
20211031081400  -666.5 -72.9 -188.1
20211031081401  -666.3 -73.0 -187.8
20211031081402  -666.4 -72.8 -188.2
20211031081403  -666.6 -72.8 -188.4
20211031081404  -666.5 -73.0 -188.6
20211031081405  -666.6 -73.3 -188.4
20211031081406  -666.7 -73.1 -188.5
20211031081407  -667.0 -72.9 -188.2
20211031081408  -667.3 -72.9 -188.3
20211031081409  -666.9 -72.8 -188.4
20211031081410  -667.0 -73.0 -188.4
20211031081411  -667.1 -72.7 -188.4
20211031081412  -667.0 -73.0 -188.1
20211031081413  -667.3 -72.9 -188.1
20211031081414  -667.1 -72.9 -188.3
