20211130001036  -668.4 -74.6 -189.2
20211130001037  -668.1 -74.3 -189.2
20211130001038  -668.4 -74.1 -189.3
20211130001039  -668.9 -74.2 -189.8
20211130001040  -668.9 -74.2 -189.9
20211130001041  -669.0 -74.5 -189.7
20211130001042  -669.3 -74.4 -189.8
20211130001043  -669.1 -74.5 -190.2
20211130001044  -669.3 -74.8 -190.1
20211130001045  -669.4 -74.5 -190.0
20211130001046  -669.6 -74.5 -190.2
20211130001047  -669.4 -74.3 -189.9
20211130001048  -669.5 -74.4 -189.8
20211130001049  -669.6 -74.3 -190.2
20211130001050  -669.2 -74.3 -190.1
20211130001051  -669.5 -74.6 -190.3
20211130001052  -669.5 -74.6 -190.2
20211130001053  -669.3 -74.8 -190.1
20211130001054  -669.4 -74.8 -190.1
20211130001055  -669.6 -74.8 -190.2
20211130001056  -669.5 -74.8 -190.4
20211130001057  -669.5 -75.2 -190.4
20211130001058  -669.0 -75.1 -190.0
20211130001059  -668.6 -74.7 -189.6
20211130001100  -668.5 -74.9 -189.4
20211130001101  -668.3 -74.7 -189.2
20211130001102  -668.1 -74.4 -189.1
20211130001103  -667.8 -74.3 -188.9
20211130001104  -667.9 -74.3 -189.0
20211130001105  -668.6 -74.5 -189.8
20211130001106  -668.5 -74.5 -189.5
20211130001107  -669.0 -74.4 -190.0
20211130001108  -669.1 -74.1 -189.6
20211130001109  -669.1 -74.5 -189.8
20211130001110  -669.3 -74.5 -189.9
20211130001111  -668.9 -74.6 -189.8
20211130001112  -669.1 -74.5 -189.8
20211130001113  -669.3 -74.6 -189.8
20211130001114  -669.2 -74.6 -190.0
20211130001115  -669.4 -74.6 -189.7
20211130001116  -669.5 -74.6 -189.5
20211130001117  -669.5 -74.6 -189.7
20211130001118  -669.4 -74.8 -189.8
20211130001119  -669.8 -74.8 -190.0
20211130001120  -669.6 -74.6 -190.0
20211130001121  -669.7 -74.8 -190.1
20211130001122  -669.8 -74.8 -190.2
20211130001123  -669.6 -75.0 -190.4
20211130001124  -669.8 -74.8 -190.0
20211130001125  -669.4 -74.8 -189.5
20211130001126  -669.2 -74.5 -189.2
20211130001127  -668.7 -74.6 -189.1
20211130001128  -668.7 -74.5 -188.8
20211130001129  -668.7 -74.3 -188.9
20211130001130  -668.8 -74.3 -188.8
20211130001131  -669.4 -74.4 -189.7
20211130001132  -669.4 -74.6 -189.6
20211130001133  -669.5 -74.4 -189.5
20211130001134  -669.6 -74.4 -189.4
20211130001135  -669.8 -74.5 -189.6
20211130001136  -669.8 -74.2 -189.5
20211130001137  -669.6 -74.4 -189.7
20211130001138  -669.6 -74.6 -189.7
20211130001139  -669.8 -74.6 -189.7
20211130001140  -669.9 -74.6 -189.6
20211130001141  -670.1 -74.7 -189.6
20211130001142  -670.1 -74.6 -189.4
20211130001143  -670.2 -74.8 -189.4
20211130001144  -670.2 -74.7 -189.5
20211130001145  -670.5 -74.6 -189.9
20211130001146  -670.1 -74.8 -189.8
20211130001147  -670.1 -74.6 -189.9
20211130001148  -670.2 -74.7 -190.2
20211130001149  -670.3 -74.7 -190.1
20211130001150  -670.2 -75.1 -190.4
20211130001151  -669.7 -74.9 -189.7
20211130001152  -669.2 -74.7 -189.5
20211130001153  -668.9 -74.5 -189.1
20211130001154  -668.3 -74.5 -189.0
20211130001155  -668.2 -74.4 -188.7
20211130001156  -667.9 -74.4 -188.4
20211130001157  -668.6 -74.3 -189.2
20211130001158  -669.2 -74.4 -189.5
20211130001159  -669.3 -74.7 -189.5
20211130001200  -669.1 -74.8 -189.5
20211130001201  -669.3 -74.6 -189.5
20211130001202  -669.1 -74.3 -189.6
20211130001203  -669.4 -74.2 -189.8
20211130001204  -669.1 -74.6 -189.6
20211130001205  -669.3 -74.7 -189.7
20211130001206  -669.6 -74.8 -190.2
20211130001207  -669.7 -74.9 -190.1
20211130001208  -669.5 -74.8 -190.1
20211130001209  -669.5 -74.5 -190.0
20211130001210  -669.3 -74.7 -190.1
20211130001211  -669.5 -74.6 -190.0
20211130001212  -669.6 -74.6 -190.3
20211130001213  -669.9 -74.8 -190.5
20211130001214  -670.0 -74.7 -190.5
20211130001215  -670.0 -74.6 -190.4
20211130001216  -670.3 -75.0 -190.7
20211130001217  -670.0 -75.1 -190.7
20211130001218  -669.9 -75.3 -190.5
20211130001219  -669.4 -74.9 -190.0
20211130001220  -669.3 -75.1 -189.7
20211130001221  -669.0 -74.9 -189.5
20211130001222  -668.9 -75.2 -189.5
20211130001223  -670.2 -75.1 -190.0
20211130001224  -670.5 -75.1 -190.3
20211130001225  -670.7 -75.3 -190.5
20211130001226  -670.5 -75.3 -190.5
20211130001227  -670.5 -75.4 -190.2
20211130001228  -670.5 -75.2 -190.2
20211130001229  -670.7 -75.3 -190.3
20211130001230  -670.8 -75.5 -190.4
20211130001231  -670.9 -75.6 -190.4
20211130001232  -671.0 -75.6 -190.5
20211130001233  -670.8 -75.7 -190.4
20211130001234  -671.1 -75.7 -190.5
20211130001235  -671.0 -75.8 -190.6
20211130001236  -671.4 -75.8 -190.8
20211130001237  -671.0 -75.8 -190.6
20211130001238  -671.2 -75.7 -190.8
20211130001239  -671.0 -75.9 -190.8
20211130001240  -671.3 -75.8 -190.8
20211130001241  -671.5 -75.7 -190.6
20211130001242  -671.6 -76.1 -190.7
20211130001243  -671.2 -76.2 -190.8
20211130001244  -670.9 -75.7 -190.3
20211130001245  -670.8 -75.7 -190.2
20211130001246  -670.6 -75.6 -190.3
20211130001247  -670.0 -75.6 -190.0
20211130001248  -670.0 -75.4 -189.8
20211130001249  -670.3 -75.2 -189.7
20211130001250  -671.1 -75.6 -190.1
20211130001251  -670.9 -75.6 -190.6
20211130001252  -671.0 -75.5 -190.6
20211130001253  -671.0 -75.6 -190.6
20211130001254  -671.2 -75.7 -190.6
20211130001255  -671.2 -75.7 -190.7
20211130001256  -671.4 -75.8 -190.9
20211130001257  -671.4 -75.9 -190.9
20211130001258  -671.3 -75.9 -191.1
20211130001259  -671.3 -75.9 -190.7
20211130001300  -671.3 -76.0 -190.7
20211130001301  -671.4 -76.0 -190.8
20211130001302  -671.6 -75.9 -191.0
20211130001303  -671.5 -75.9 -191.1
20211130001304  -671.5 -75.8 -190.9
20211130001305  -671.5 -75.7 -191.1
20211130001306  -671.2 -75.9 -191.3
20211130001307  -671.3 -75.9 -191.3
20211130001308  -671.0 -75.7 -191.0
20211130001309  -671.1 -76.1 -191.3
20211130001310  -670.8 -75.9 -191.0
20211130001311  -670.7 -75.7 -190.5
20211130001312  -670.5 -75.7 -190.3
20211130001313  -670.6 -75.5 -190.3
20211130001314  -670.3 -75.5 -190.0
20211130001315  -670.1 -75.3 -190.2
20211130001316  -670.7 -75.5 -190.3
20211130001317  -671.0 -75.8 -190.4
20211130001318  -671.0 -75.7 -190.8
20211130001319  -671.1 -75.8 -190.9
20211130001320  -671.3 -75.5 -190.5
20211130001321  -671.2 -75.8 -190.7
20211130001322  -671.4 -75.8 -190.9
20211130001323  -671.3 -75.6 -191.0
20211130001324  -671.3 -75.7 -190.9
20211130001325  -671.5 -75.7 -190.7
20211130001326  -671.3 -75.9 -190.8
20211130001327  -671.8 -75.8 -191.3
20211130001328  -671.6 -75.9 -191.1
20211130001329  -671.6 -76.1 -191.4
20211130001330  -671.6 -75.9 -191.0
20211130001331  -671.8 -76.1 -191.4
20211130001332  -671.7 -75.8 -190.9
20211130001333  -671.8 -75.9 -190.8
20211130001334  -671.9 -75.9 -191.0
20211130001335  -671.8 -76.2 -191.0
20211130001336  -671.6 -76.3 -191.1
20211130001337  -671.5 -76.1 -190.7
20211130001338  -670.9 -76.0 -190.4
20211130001339  -670.7 -75.7 -190.1
20211130001340  -670.5 -75.9 -190.2
20211130001341  -670.3 -76.0 -189.9
20211130001342  -670.0 -75.7 -189.8
20211130001343  -671.0 -75.8 -190.3
20211130001344  -671.3 -75.8 -190.5
20211130001345  -671.3 -75.8 -190.7
20211130001346  -671.5 -75.6 -190.7
20211130001347  -671.6 -75.7 -190.9
20211130001348  -671.7 -75.7 -191.1
20211130001349  -671.5 -75.8 -191.5
20211130001350  -671.7 -75.8 -191.4
20211130001351  -671.9 -75.9 -191.2
20211130001352  -672.0 -76.1 -191.2
20211130001353  -672.0 -75.8 -191.5
20211130001354  -672.2 -75.7 -191.5
20211130001355  -672.2 -75.7 -191.6
20211130001356  -672.2 -75.8 -191.5
20211130001357  -672.3 -76.0 -191.5
20211130001358  -672.2 -76.0 -191.2
20211130001359  -672.3 -76.0 -191.5
20211130001400  -672.4 -75.9 -192.0
20211130001401  -672.3 -75.9 -191.7
20211130001402  -672.0 -76.1 -191.6
20211130001403  -671.5 -75.8 -191.1
20211130001404  -671.4 -75.6 -191.1
20211130001405  -671.3 -75.4 -190.8
20211130001406  -671.0 -75.7 -191.0
20211130001407  -671.2 -75.5 -190.5
20211130001408  -671.0 -75.6 -190.7
20211130001409  -670.7 -75.3 -190.2
20211130001410  -671.5 -75.5 -190.7
20211130001411  -671.5 -75.6 -190.8
20211130001412  -671.5 -75.5 -190.8
20211130001413  -671.6 -75.9 -190.9
20211130001414  -671.8 -75.7 -190.9
20211130001415  -672.0 -75.8 -190.8
20211130001416  -672.0 -75.5 -190.9
20211130001417  -671.9 -75.7 -191.1
20211130001418  -671.7 -75.7 -191.2
20211130001419  -672.0 -75.8 -191.4
20211130001420  -672.1 -75.6 -191.4
20211130001421  -672.2 -75.9 -191.2
20211130001422  -672.1 -75.5 -191.2
20211130001423  -672.2 -75.7 -191.2
20211130001424  -672.3 -75.6 -190.9
20211130001425  -672.1 -75.7 -191.1
20211130001426  -671.9 -75.7 -191.1
20211130001427  -672.2 -75.6 -191.2
20211130001428  -672.5 -75.8 -191.6
20211130001429  -672.0 -76.0 -191.1
20211130001430  -671.7 -75.7 -190.8
20211130001431  -671.5 -75.7 -190.7
20211130001432  -671.2 -75.5 -190.5
20211130001433  -671.0 -75.4 -190.1
20211130001434  -670.9 -75.3 -190.2
20211130001435  -671.0 -75.3 -190.0
20211130001436  -670.7 -75.1 -189.8
20211130001437  -671.8 -75.3 -190.7
20211130001438  -671.7 -75.4 -190.8
20211130001439  -671.9 -75.2 -191.0
20211130001440  -672.2 -75.5 -191.1
20211130001441  -672.2 -75.5 -190.9
20211130001442  -672.2 -75.7 -191.0
20211130001443  -672.0 -75.6 -191.0
20211130001444  -672.1 -75.8 -191.0
20211130001445  -672.1 -75.7 -190.9
20211130001446  -672.3 -75.8 -191.3
20211130001447  -672.3 -75.7 -191.2
20211130001448  -671.9 -75.8 -191.4
20211130001449  -672.0 -75.7 -191.7
20211130001450  -671.9 -75.7 -191.4
20211130001451  -671.9 -76.1 -191.4
20211130001452  -672.4 -75.8 -191.5
20211130001453  -672.3 -75.8 -191.6
20211130001454  -672.2 -75.8 -191.6
20211130001455  -672.2 -76.0 -191.8
20211130001456  -671.6 -75.7 -191.3
20211130001457  -671.0 -75.5 -191.1
20211130001458  -671.1 -75.4 -190.9
20211130001459  -671.0 -75.6 -190.9
20211130001500  -670.9 -75.6 -190.6
20211130001501  -670.4 -75.5 -190.6
20211130001502  -670.5 -75.5 -190.4
20211130001503  -670.1 -75.1 -190.2
20211130001504  -671.3 -75.3 -191.0
20211130001505  -671.4 -75.4 -191.2
20211130001506  -671.4 -75.6 -191.1
20211130001507  -671.4 -75.8 -191.5
20211130001508  -671.6 -75.5 -191.4
20211130001509  -671.2 -75.6 -191.4
20211130001510  -671.5 -75.5 -191.2
20211130001511  -671.6 -75.8 -191.5
20211130001512  -671.7 -75.9 -191.5
20211130001513  -672.0 -75.5 -191.4
20211130001514  -672.1 -75.4 -191.7
20211130001515  -671.9 -75.8 -191.7
20211130001516  -672.1 -75.7 -191.4
20211130001517  -672.1 -75.5 -191.5
20211130001518  -671.9 -75.5 -191.5
20211130001519  -672.2 -75.8 -191.7
20211130001520  -672.2 -75.5 -191.7
20211130001521  -672.2 -75.7 -191.7
20211130001522  -671.9 -76.1 -191.4
20211130001523  -671.4 -75.8 -190.9
20211130001524  -670.9 -75.4 -190.8
20211130001525  -670.7 -75.6 -190.8
20211130001526  -670.8 -75.4 -190.3
20211130001527  -670.5 -75.2 -190.2
20211130001528  -670.3 -75.0 -190.3
20211130001529  -670.4 -75.1 -189.9
20211130001530  -670.4 -75.1 -190.0
20211130001531  -671.2 -75.2 -190.6
20211130001532  -671.4 -75.2 -191.0
20211130001533  -671.4 -75.3 -190.8
20211130001534  -671.5 -75.4 -191.0
20211130001535  -671.9 -75.4 -191.2
20211130001536  -671.6 -75.4 -191.4
20211130001537  -671.4 -75.7 -191.4
20211130001538  -671.6 -75.6 -191.4
20211130001539  -671.5 -75.9 -191.4
20211130001540  -671.5 -75.5 -191.3
20211130001541  -671.9 -75.5 -191.5
20211130001542  -672.2 -75.6 -191.5
20211130001543  -671.8 -75.7 -191.5
20211130001544  -671.7 -75.2 -191.6
20211130001545  -672.0 -75.4 -191.8
20211130001546  -671.9 -75.5 -191.9
20211130001547  -671.8 -75.6 -191.9
20211130001548  -672.0 -75.8 -191.9
20211130001549  -671.6 -75.9 -191.6
20211130001550  -671.3 -75.7 -191.5
20211130001551  -671.3 -75.4 -190.9
20211130001552  -670.9 -75.4 -190.9
20211130001553  -670.6 -75.1 -190.8
20211130001554  -670.5 -75.1 -190.5
20211130001555  -670.4 -74.9 -190.3
20211130001556  -670.0 -75.0 -190.2
20211130001557  -670.2 -75.0 -190.0
20211130001558  -670.9 -75.2 -190.8
20211130001559  -670.9 -75.2 -190.9
20211130001600  -670.8 -75.4 -191.1
20211130001601  -671.3 -75.4 -191.0
20211130001602  -671.3 -75.6 -190.8
20211130001603  -671.3 -75.5 -191.0
20211130001604  -671.3 -75.5 -191.2
20211130001605  -671.6 -75.3 -190.9
20211130001606  -671.4 -75.4 -190.8
20211130001607  -671.4 -75.3 -191.2
20211130001608  -671.5 -75.4 -191.6
20211130001609  -671.5 -75.3 -191.4
20211130001610  -671.5 -75.1 -191.5
20211130001611  -671.6 -75.2 -191.4
20211130001612  -671.4 -75.4 -191.0
20211130001613  -671.7 -75.2 -191.0
20211130001614  -671.6 -75.1 -191.2
20211130001615  -671.3 -75.6 -191.4
20211130001616  -670.8 -75.3 -190.8
20211130001617  -670.4 -75.3 -190.4
20211130001618  -670.4 -75.0 -190.4
20211130001619  -669.8 -75.1 -190.3
20211130001620  -669.8 -75.0 -190.5
20211130001621  -669.6 -74.9 -189.7
20211130001622  -669.6 -74.6 -189.7
20211130001623  -669.2 -74.7 -189.5
20211130001624  -669.6 -74.4 -189.4
20211130001625  -670.4 -74.9 -190.2
20211130001626  -670.7 -75.1 -190.3
20211130001627  -670.8 -74.8 -190.3
20211130001628  -670.7 -75.0 -190.9
20211130001629  -670.7 -74.9 -190.6
20211130001630  -670.8 -75.2 -190.8
20211130001631  -671.0 -75.2 -191.0
20211130001632  -671.1 -75.5 -190.9
20211130001633  -671.2 -75.2 -190.8
20211130001634  -671.1 -75.0 -190.7
20211130001635  -671.2 -75.3 -191.1
20211130001636  -671.1 -75.1 -190.9
20211130001637  -671.1 -75.0 -191.0
20211130001638  -671.1 -74.8 -191.1
20211130001639  -671.0 -75.1 -191.2
20211130001640  -671.1 -75.3 -191.1
20211130001641  -671.5 -75.2 -191.1
20211130001642  -671.4 -75.4 -191.1
20211130001643  -670.4 -75.0 -190.7
20211130001644  -670.2 -75.1 -190.4
20211130001645  -669.9 -75.0 -190.3
20211130001646  -669.8 -74.6 -190.3
20211130001647  -669.6 -75.0 -189.8
20211130001648  -669.5 -74.9 -189.7
20211130001649  -669.3 -74.8 -189.7
20211130001650  -669.4 -74.8 -189.5
20211130001651  -669.4 -74.5 -189.3
20211130001652  -670.2 -75.0 -190.0
20211130001653  -670.4 -74.9 -190.1
20211130001654  -670.4 -75.2 -190.3
20211130001655  -670.7 -75.0 -190.4
20211130001656  -670.5 -75.4 -190.3
20211130001657  -670.6 -75.0 -190.2
20211130001658  -670.6 -74.9 -190.5
20211130001659  -670.8 -74.9 -190.4
20211130001700  -670.7 -74.9 -190.5
20211130001701  -670.5 -75.0 -190.7
20211130001702  -670.9 -75.1 -190.7
20211130001703  -671.0 -75.2 -190.6
20211130001704  -670.8 -75.1 -190.8
20211130001705  -670.9 -74.8 -190.6
20211130001706  -671.0 -74.9 -190.8
20211130001707  -671.1 -75.1 -190.7
20211130001708  -671.1 -75.1 -191.0
20211130001709  -670.8 -75.4 -190.7
20211130001710  -670.4 -75.1 -190.2
20211130001711  -670.4 -75.2 -190.3
20211130001712  -670.3 -74.8 -190.2
20211130001713  -670.4 -74.9 -190.1
20211130001714  -669.8 -74.5 -189.9
20211130001715  -669.8 -74.3 -189.6
20211130001716  -669.6 -74.4 -189.5
20211130001717  -669.3 -74.2 -189.2
20211130001718  -669.5 -73.9 -189.3
20211130001719  -670.2 -74.0 -190.0
20211130001720  -670.4 -74.4 -190.0
20211130001721  -670.0 -74.3 -190.2
20211130001722  -670.1 -74.4 -190.2
20211130001723  -670.5 -74.4 -190.5
20211130001724  -670.3 -74.5 -190.6
20211130001725  -670.7 -74.8 -190.4
20211130001726  -670.6 -74.6 -190.2
20211130001727  -670.6 -74.7 -190.3
20211130001728  -670.6 -74.9 -190.5
20211130001729  -670.7 -74.8 -190.5
20211130001730  -670.9 -74.8 -190.5
20211130001731  -670.8 -74.9 -190.5
20211130001732  -671.0 -74.8 -190.5
20211130001733  -670.9 -74.8 -190.8
20211130001734  -670.8 -75.0 -190.8
20211130001735  -670.6 -75.4 -191.1
20211130001736  -670.4 -75.4 -190.5
20211130001737  -669.9 -75.2 -190.3
20211130001738  -669.9 -75.0 -190.0
20211130001739  -669.8 -74.8 -189.7
20211130001740  -669.5 -74.7 -189.4
20211130001741  -669.4 -74.7 -189.5
20211130001742  -669.3 -74.5 -189.3
20211130001743  -669.5 -74.3 -189.4
20211130001744  -669.3 -74.1 -189.1
20211130001745  -669.8 -74.0 -189.3
20211130001746  -670.3 -74.2 -189.7
20211130001747  -670.4 -74.5 -190.1
20211130001748  -670.5 -74.5 -190.0
20211130001749  -670.0 -74.4 -190.2
20211130001750  -670.8 -74.7 -190.2
20211130001751  -670.7 -74.8 -190.3
20211130001752  -670.8 -74.5 -190.4
20211130001753  -670.7 -74.6 -190.7
20211130001754  -670.9 -74.7 -191.1
20211130001755  -670.9 -74.7 -191.1
20211130001756  -671.2 -74.6 -190.8
20211130001757  -671.3 -74.6 -191.1
20211130001758  -671.2 -74.7 -190.8
20211130001759  -671.2 -74.7 -191.0
20211130001800  -671.4 -74.6 -191.1
20211130001801  -671.3 -74.6 -191.2
20211130001802  -671.1 -75.0 -190.8
20211130001803  -670.8 -74.7 -190.2
20211130001804  -670.4 -74.7 -190.3
20211130001805  -669.9 -74.6 -190.1
20211130001806  -669.7 -74.4 -189.6
20211130001807  -669.7 -74.4 -189.6
20211130001808  -669.4 -74.3 -189.5
20211130001809  -668.8 -74.3 -188.9
20211130001810  -668.8 -73.9 -188.8
20211130001811  -668.7 -73.9 -188.7
20211130001812  -669.9 -74.2 -189.2
20211130001813  -670.0 -74.4 -189.2
