20211203231031  -678.6 -80.3 -738.0
20211203231032  -678.9 -80.6 -738.0
20211203231033  -678.5 -80.5 -738.1
20211203231034  -678.6 -80.8 -738.1
20211203231035  -678.6 -80.6 -738.0
20211203231036  -678.5 -80.7 -737.7
20211203231037  -678.4 -80.5 -737.9
20211203231038  -678.6 -80.4 -737.9
20211203231039  -678.4 -80.6 -737.8
20211203231040  -678.3 -80.7 -737.7
20211203231041  -678.7 -80.9 -737.4
20211203231042  -678.4 -80.7 -737.9
20211203231043  -678.8 -81.0 -737.9
20211203231044  -678.6 -81.0 -738.0
20211203231045  -678.5 -81.1 -737.8
20211203231046  -678.5 -81.1 -738.0
20211203231047  -678.4 -81.2 -737.6
20211203231048  -678.6 -81.1 -737.4
20211203231049  -678.8 -81.0 -737.3
20211203231050  -678.0 -81.3 -737.6
20211203231051  -677.6 -81.0 -737.4
20211203231052  -677.6 -80.8 -737.2
20211203231053  -677.4 -80.4 -736.9
20211203231054  -677.6 -80.2 -736.7
20211203231055  -678.2 -80.5 -737.1
20211203231056  -678.5 -80.7 -737.4
20211203231057  -678.4 -80.7 -737.4
20211203231058  -678.4 -80.8 -737.4
20211203231059  -678.9 -80.5 -737.5
20211203231100  -678.9 -80.6 -737.5
20211203231101  -678.9 -80.7 -737.3
20211203231102  -678.8 -80.7 -737.3
20211203231103  -678.9 -80.5 -737.1
20211203231104  -678.7 -80.8 -737.1
20211203231105  -679.0 -80.9 -737.2
20211203231106  -679.1 -80.7 -737.9
20211203231107  -678.9 -80.9 -737.6
20211203231108  -679.2 -81.0 -737.4
20211203231109  -679.1 -80.9 -737.5
20211203231110  -679.2 -81.2 -737.4
20211203231111  -679.1 -80.9 -737.4
20211203231112  -679.2 -81.0 -737.5
20211203231113  -679.1 -81.2 -737.7
20211203231114  -679.1 -80.9 -737.5
20211203231115  -679.0 -81.0 -737.4
20211203231116  -679.1 -81.3 -737.5
20211203231117  -678.7 -80.9 -736.8
20211203231118  -678.5 -81.0 -736.8
20211203231119  -678.2 -80.9 -736.8
20211203231120  -677.9 -80.6 -736.6
20211203231121  -677.9 -80.5 -736.3
20211203231122  -678.7 -80.6 -736.9
20211203231123  -678.9 -80.6 -737.1
20211203231124  -678.8 -80.6 -737.1
20211203231125  -678.7 -80.7 -737.0
20211203231126  -678.4 -80.6 -737.1
20211203231127  -678.7 -80.8 -737.1
20211203231128  -678.7 -80.7 -737.1
20211203231129  -678.9 -80.3 -737.1
20211203231130  -678.8 -80.6 -737.1
20211203231131  -679.1 -81.1 -737.3
20211203231132  -679.0 -80.8 -737.5
20211203231133  -679.1 -80.8 -737.2
20211203231134  -679.3 -81.3 -737.0
20211203231135  -679.3 -81.1 -737.1
20211203231136  -679.5 -81.2 -737.2
20211203231137  -679.3 -81.5 -737.0
20211203231138  -679.2 -81.4 -737.2
20211203231139  -679.8 -81.4 -737.1
20211203231140  -679.7 -81.6 -737.3
20211203231141  -679.3 -81.1 -737.2
20211203231142  -679.3 -81.3 -737.2
20211203231143  -679.0 -81.6 -737.2
20211203231144  -678.8 -81.3 -737.0
20211203231145  -678.7 -81.2 -736.4
20211203231146  -678.7 -81.2 -736.4
20211203231147  -678.3 -81.1 -736.5
20211203231148  -678.4 -81.0 -736.5
20211203231149  -679.0 -81.2 -736.9
20211203231150  -679.3 -81.4 -737.1
20211203231151  -679.1 -81.5 -737.1
20211203231152  -679.5 -81.2 -737.2
20211203231153  -679.3 -81.1 -736.9
20211203231154  -679.2 -81.2 -736.8
20211203231155  -679.2 -81.2 -737.1
20211203231156  -679.1 -81.4 -737.1
20211203231157  -679.0 -81.7 -737.4
20211203231158  -678.8 -81.2 -737.6
20211203231159  -679.0 -81.2 -737.5
20211203231200  -679.2 -81.5 -737.6
20211203231201  -679.2 -81.3 -737.6
20211203231202  -679.1 -81.1 -737.7
20211203231203  -679.2 -81.2 -737.9
20211203231204  -679.3 -81.3 -737.9
20211203231205  -679.4 -81.3 -737.4
20211203231206  -679.4 -81.2 -737.7
20211203231207  -679.7 -81.3 -737.8
20211203231208  -679.6 -81.1 -737.6
20211203231209  -679.2 -81.3 -737.5
20211203231210  -678.7 -81.1 -737.2
20211203231211  -678.3 -80.9 -736.7
20211203231212  -678.3 -80.6 -736.5
20211203231213  -678.2 -81.0 -736.5
20211203231214  -677.8 -80.9 -736.6
20211203231215  -678.4 -80.8 -737.0
20211203231216  -678.8 -80.7 -737.2
20211203231217  -679.0 -80.8 -737.3
20211203231218  -679.2 -80.7 -737.2
20211203231219  -679.3 -80.9 -737.0
20211203231220  -679.4 -81.0 -737.2
20211203231221  -679.1 -80.8 -737.3
20211203231222  -679.1 -80.8 -737.3
20211203231223  -678.9 -81.0 -737.5
20211203231224  -679.1 -81.1 -737.4
20211203231225  -679.4 -81.1 -737.6
20211203231226  -679.3 -80.8 -737.4
20211203231227  -679.5 -80.8 -737.2
20211203231228  -679.4 -81.1 -737.3
20211203231229  -679.7 -81.1 -737.6
20211203231230  -679.6 -81.0 -737.5
20211203231231  -679.8 -81.3 -737.7
20211203231232  -679.8 -81.2 -737.5
20211203231233  -679.7 -81.0 -737.5
20211203231234  -679.8 -81.2 -737.7
20211203231235  -679.8 -81.2 -737.6
20211203231236  -679.3 -81.1 -737.2
20211203231237  -679.0 -81.0 -736.8
20211203231238  -678.7 -81.0 -737.0
20211203231239  -678.9 -81.0 -736.6
20211203231240  -678.7 -80.9 -736.5
20211203231241  -678.4 -80.5 -736.1
20211203231242  -678.9 -80.7 -736.9
20211203231243  -679.0 -80.8 -736.8
20211203231244  -679.0 -80.8 -736.8
20211203231245  -679.4 -80.8 -736.7
20211203231246  -679.2 -80.9 -736.9
20211203231247  -679.2 -80.5 -737.2
20211203231248  -679.1 -80.7 -736.7
20211203231249  -679.2 -80.6 -736.7
20211203231250  -679.1 -80.8 -736.8
20211203231251  -678.6 -80.8 -736.8
20211203231252  -679.0 -80.5 -736.8
20211203231253  -679.1 -80.6 -736.5
20211203231254  -679.0 -80.6 -736.8
20211203231255  -679.2 -80.7 -737.0
20211203231256  -679.1 -80.5 -737.1
20211203231257  -679.5 -80.2 -737.2
20211203231258  -679.5 -80.5 -737.0
20211203231259  -679.2 -80.5 -737.4
20211203231300  -679.5 -80.6 -737.3
20211203231301  -679.3 -80.8 -737.1
20211203231302  -678.8 -80.8 -737.0
20211203231303  -678.5 -80.6 -736.6
20211203231304  -678.6 -80.3 -736.4
20211203231305  -678.5 -80.2 -736.1
20211203231306  -678.1 -80.3 -735.9
20211203231307  -678.1 -80.2 -735.9
20211203231308  -678.4 -80.0 -736.3
20211203231309  -679.0 -80.3 -736.8
20211203231310  -679.0 -80.2 -736.8
20211203231311  -678.8 -80.1 -736.8
20211203231312  -678.9 -80.2 -736.8
20211203231313  -679.1 -79.9 -736.7
20211203231314  -679.2 -80.2 -736.7
20211203231315  -679.0 -80.4 -736.5
20211203231316  -679.1 -80.3 -736.4
20211203231317  -679.0 -80.5 -736.3
20211203231318  -679.2 -80.4 -736.7
20211203231319  -679.0 -80.5 -736.9
20211203231320  -678.8 -80.4 -736.8
20211203231321  -679.1 -80.3 -736.6
20211203231322  -679.0 -80.4 -736.9
20211203231323  -678.8 -80.1 -736.9
20211203231324  -678.8 -80.0 -736.6
20211203231325  -678.8 -79.9 -736.6
20211203231326  -678.8 -80.5 -736.9
20211203231327  -678.9 -80.7 -736.8
20211203231328  -678.5 -80.8 -736.6
20211203231329  -678.3 -80.9 -736.0
20211203231330  -677.9 -80.7 -736.0
20211203231331  -677.4 -80.4 -735.8
20211203231332  -677.5 -80.2 -736.0
20211203231333  -677.2 -80.3 -735.4
20211203231334  -677.1 -80.3 -735.1
20211203231335  -677.7 -79.8 -735.4
20211203231336  -678.1 -80.1 -735.8
20211203231337  -678.4 -80.2 -735.9
20211203231338  -678.2 -80.1 -736.0
20211203231339  -678.6 -80.1 -736.2
20211203231340  -678.5 -80.4 -736.3
20211203231341  -678.6 -80.2 -736.5
20211203231342  -678.9 -80.3 -736.3
20211203231343  -678.9 -80.3 -736.5
20211203231344  -678.6 -80.4 -736.5
20211203231345  -678.7 -80.4 -736.3
20211203231346  -679.0 -80.3 -736.5
20211203231347  -679.2 -80.4 -736.8
20211203231348  -679.0 -80.4 -736.7
20211203231349  -679.1 -80.4 -736.8
20211203231350  -679.0 -80.6 -736.4
20211203231351  -678.8 -80.5 -736.5
20211203231352  -678.6 -80.6 -736.6
20211203231353  -678.8 -80.2 -736.4
20211203231354  -679.0 -80.2 -736.6
20211203231355  -678.3 -80.4 -736.7
20211203231356  -678.1 -80.2 -736.2
20211203231357  -678.1 -80.2 -736.1
20211203231358  -677.9 -80.2 -735.8
20211203231359  -677.7 -80.3 -735.7
20211203231400  -677.1 -80.2 -735.2
20211203231401  -677.2 -80.1 -735.3
20211203231402  -677.9 -79.8 -735.8
20211203231403  -677.9 -80.0 -736.1
20211203231404  -678.0 -80.0 -735.9
20211203231405  -678.3 -80.3 -736.2
20211203231406  -678.4 -80.1 -736.2
20211203231407  -678.1 -80.2 -736.1
20211203231408  -678.4 -79.9 -735.7
20211203231409  -678.3 -80.2 -735.7
20211203231410  -678.1 -80.2 -736.0
20211203231411  -678.4 -80.3 -735.8
20211203231412  -678.2 -80.1 -735.9
20211203231413  -678.3 -80.3 -736.2
20211203231414  -678.0 -80.2 -736.2
20211203231415  -678.0 -80.5 -736.0
20211203231416  -678.0 -80.1 -736.1
20211203231417  -678.0 -80.2 -736.0
20211203231418  -678.0 -80.3 -736.0
20211203231419  -678.0 -80.1 -736.1
20211203231420  -677.8 -80.1 -736.2
20211203231421  -677.4 -80.3 -735.9
20211203231422  -676.8 -80.0 -735.5
20211203231423  -676.2 -79.9 -735.3
20211203231424  -676.2 -79.8 -735.4
20211203231425  -676.2 -79.5 -735.3
20211203231426  -676.0 -79.5 -735.0
20211203231427  -676.2 -79.7 -734.8
20211203231428  -676.6 -79.5 -735.1
20211203231429  -676.6 -79.6 -735.6
20211203231430  -676.9 -79.6 -735.5
20211203231431  -677.1 -79.6 -735.5
20211203231432  -676.8 -79.7 -735.5
20211203231433  -676.9 -79.8 -735.6
20211203231434  -676.8 -79.7 -735.7
20211203231435  -677.1 -80.0 -735.8
20211203231436  -677.0 -80.0 -735.9
20211203231437  -676.9 -80.4 -736.0
20211203231438  -677.1 -80.2 -735.5
20211203231439  -677.1 -79.9 -735.6
20211203231440  -676.9 -80.1 -735.4
20211203231441  -676.9 -79.8 -735.7
20211203231442  -676.7 -79.8 -735.7
20211203231443  -676.8 -79.7 -735.9
20211203231444  -676.7 -80.3 -735.9
20211203231445  -677.1 -80.1 -735.9
20211203231446  -677.1 -79.9 -735.8
20211203231447  -676.8 -80.1 -736.1
20211203231448  -676.4 -80.3 -735.9
20211203231449  -676.0 -79.9 -735.6
20211203231450  -675.7 -80.0 -735.5
20211203231451  -675.7 -79.6 -735.4
20211203231452  -675.5 -79.6 -735.2
20211203231453  -675.1 -79.7 -734.9
20211203231454  -675.3 -79.7 -734.7
20211203231455  -675.7 -79.6 -735.0
20211203231456  -675.8 -79.7 -735.4
20211203231457  -675.8 -79.8 -735.6
20211203231458  -675.9 -79.9 -735.5
20211203231459  -675.9 -79.9 -735.3
20211203231500  -676.0 -79.7 -735.5
20211203231501  -675.9 -79.7 -735.4
20211203231502  -675.9 -79.8 -735.5
20211203231503  -676.0 -79.7 -735.6
20211203231504  -676.1 -79.8 -735.7
20211203231505  -676.2 -80.1 -735.8
20211203231506  -676.2 -79.7 -735.6
20211203231507  -676.1 -80.0 -735.9
20211203231508  -676.1 -80.4 -735.6
20211203231509  -676.3 -80.2 -735.5
20211203231510  -676.2 -80.0 -735.7
20211203231511  -675.9 -80.2 -735.6
20211203231512  -676.2 -80.1 -735.7
20211203231513  -676.3 -80.0 -735.8
20211203231514  -676.4 -80.2 -735.8
20211203231515  -676.1 -79.9 -735.7
20211203231516  -675.9 -79.9 -735.6
20211203231517  -675.6 -79.7 -735.2
20211203231518  -675.5 -79.6 -735.1
20211203231519  -675.3 -79.7 -735.0
20211203231520  -675.4 -79.8 -735.3
20211203231521  -676.0 -79.8 -735.5
20211203231522  -676.0 -79.7 -735.7
20211203231523  -676.0 -79.7 -735.9
20211203231524  -675.8 -79.8 -735.8
20211203231525  -676.1 -79.5 -735.8
20211203231526  -675.9 -80.0 -735.7
20211203231527  -675.8 -79.6 -735.9
20211203231528  -675.8 -79.7 -735.9
20211203231529  -675.9 -80.1 -735.8
20211203231530  -675.5 -79.9 -736.2
20211203231531  -675.8 -80.2 -736.3
20211203231532  -676.0 -80.0 -736.0
20211203231533  -675.8 -80.1 -735.7
20211203231534  -675.7 -80.0 -735.8
20211203231535  -675.8 -80.3 -735.9
20211203231536  -675.8 -80.5 -735.7
20211203231537  -675.9 -80.5 -736.1
20211203231538  -676.0 -80.2 -736.3
20211203231539  -675.6 -80.2 -736.3
20211203231540  -676.0 -80.5 -736.4
20211203231541  -675.4 -80.1 -735.7
20211203231542  -675.2 -80.0 -735.3
20211203231543  -675.0 -80.2 -735.5
20211203231544  -674.9 -80.0 -734.9
20211203231545  -674.9 -79.8 -734.8
20211203231546  -675.3 -79.8 -735.1
20211203231547  -675.4 -79.9 -735.8
20211203231548  -675.8 -80.1 -735.9
20211203231549  -675.8 -80.1 -735.8
20211203231550  -675.7 -79.9 -736.0
20211203231551  -675.7 -80.0 -736.1
20211203231552  -675.9 -79.9 -736.0
20211203231553  -676.1 -79.5 -736.2
20211203231554  -676.0 -80.0 -736.1
20211203231555  -675.9 -80.0 -736.2
20211203231556  -675.9 -80.3 -735.9
20211203231557  -676.1 -80.4 -736.0
20211203231558  -675.9 -80.3 -735.8
20211203231559  -675.8 -80.1 -736.1
20211203231600  -675.8 -80.0 -736.4
20211203231601  -675.7 -80.0 -736.0
20211203231602  -675.8 -80.3 -736.0
20211203231603  -675.8 -80.1 -736.0
20211203231604  -675.6 -80.4 -736.2
20211203231605  -675.7 -80.3 -736.1
20211203231606  -675.5 -79.8 -736.0
20211203231607  -675.4 -80.1 -736.1
20211203231608  -675.0 -80.2 -735.7
20211203231609  -674.9 -79.8 -735.2
20211203231610  -674.8 -79.8 -735.1
20211203231611  -674.7 -79.6 -735.0
20211203231612  -675.1 -79.6 -735.5
20211203231613  -675.5 -79.6 -735.5
20211203231614  -675.5 -79.5 -735.6
20211203231615  -675.7 -80.0 -735.8
20211203231616  -675.6 -80.0 -736.2
20211203231617  -675.6 -79.7 -736.2
20211203231618  -675.5 -79.5 -736.0
20211203231619  -675.9 -79.8 -736.0
20211203231620  -675.8 -80.0 -736.2
20211203231621  -676.0 -79.8 -735.9
20211203231622  -676.0 -79.8 -736.3
20211203231623  -675.9 -79.9 -736.1
20211203231624  -675.9 -79.7 -736.2
20211203231625  -675.9 -80.1 -736.5
20211203231626  -675.7 -79.9 -736.2
20211203231627  -675.6 -80.0 -736.1
20211203231628  -675.8 -80.2 -736.2
20211203231629  -675.7 -80.3 -736.4
20211203231630  -675.9 -80.4 -736.5
20211203231631  -676.0 -80.4 -736.5
20211203231632  -675.8 -80.3 -736.2
20211203231633  -675.8 -80.7 -736.3
20211203231634  -675.1 -80.6 -735.9
20211203231635  -675.1 -80.1 -735.7
20211203231636  -674.8 -80.3 -735.6
20211203231637  -674.7 -80.2 -735.7
20211203231638  -674.9 -80.2 -735.7
20211203231639  -675.6 -80.0 -736.1
20211203231640  -675.5 -80.2 -736.3
20211203231641  -675.7 -80.1 -736.2
20211203231642  -675.9 -80.1 -736.4
20211203231643  -675.8 -80.3 -736.6
20211203231644  -675.9 -80.3 -736.5
20211203231645  -675.7 -80.4 -736.6
20211203231646  -676.4 -80.4 -736.7
20211203231647  -675.9 -80.4 -736.7
20211203231648  -676.1 -80.5 -736.4
20211203231649  -676.3 -80.6 -736.5
20211203231650  -676.2 -80.4 -736.7
20211203231651  -676.3 -80.3 -736.7
20211203231652  -676.4 -80.6 -736.4
20211203231653  -676.7 -80.7 -736.8
20211203231654  -676.7 -80.4 -736.6
20211203231655  -676.9 -80.7 -736.4
20211203231656  -676.6 -80.4 -736.6
20211203231657  -676.6 -81.0 -736.6
20211203231658  -676.6 -80.9 -736.7
20211203231659  -676.6 -81.2 -736.7
20211203231700  -676.3 -81.0 -736.5
20211203231701  -675.8 -80.7 -736.1
20211203231702  -675.8 -80.9 -735.7
20211203231703  -675.2 -81.0 -735.5
20211203231704  -676.0 -80.9 -735.7
20211203231705  -676.3 -80.7 -736.4
20211203231706  -676.2 -81.0 -736.3
20211203231707  -676.2 -81.4 -736.5
20211203231708  -676.1 -81.1 -736.2
20211203231709  -676.2 -81.0 -736.5
20211203231710  -676.4 -80.9 -736.6
20211203231711  -676.7 -81.1 -737.1
20211203231712  -676.7 -81.1 -736.9
20211203231713  -676.8 -81.0 -736.9
20211203231714  -677.0 -81.1 -736.8
20211203231715  -676.9 -81.0 -737.2
20211203231716  -677.1 -81.1 -737.1
20211203231717  -677.0 -81.3 -736.8
20211203231718  -677.1 -81.0 -736.7
20211203231719  -677.0 -81.1 -737.0
20211203231720  -677.2 -81.2 -737.4
20211203231721  -677.4 -81.2 -737.3
20211203231722  -677.4 -81.0 -737.2
20211203231723  -677.6 -80.9 -737.3
20211203231724  -677.6 -81.0 -737.3
20211203231725  -677.6 -81.0 -737.3
20211203231726  -677.5 -81.7 -737.5
20211203231727  -676.9 -81.6 -736.7
20211203231728  -676.8 -81.3 -736.8
20211203231729  -676.5 -81.3 -736.6
20211203231730  -676.9 -81.5 -736.6
20211203231731  -677.1 -81.6 -736.9
20211203231732  -677.2 -81.6 -737.0
20211203231733  -677.4 -81.6 -737.1
20211203231734  -677.6 -81.5 -736.8
20211203231735  -677.5 -81.5 -736.9
20211203231736  -677.3 -81.6 -737.1
20211203231737  -677.3 -81.6 -737.3
20211203231738  -677.3 -81.5 -737.4
20211203231739  -677.7 -81.6 -737.5
20211203231740  -677.6 -81.4 -737.4
20211203231741  -677.7 -81.7 -737.6
20211203231742  -677.7 -81.5 -737.3
20211203231743  -677.5 -81.7 -737.3
20211203231744  -677.7 -81.6 -737.2
20211203231745  -677.8 -81.8 -737.4
20211203231746  -677.6 -81.7 -737.2
20211203231747  -677.6 -81.9 -737.2
20211203231748  -677.8 -81.7 -737.4
20211203231749  -677.4 -81.7 -737.1
20211203231750  -677.5 -81.7 -737.2
20211203231751  -677.7 -82.1 -737.6
20211203231752  -677.7 -82.3 -737.6
20211203231753  -677.3 -82.0 -737.2
20211203231754  -677.1 -82.0 -737.0
20211203231755  -676.9 -82.0 -737.0
20211203231756  -676.7 -82.0 -736.5
20211203231757  -677.1 -82.0 -737.4
20211203231758  -677.1 -82.0 -737.4
20211203231759  -677.3 -82.1 -737.4
20211203231800  -677.3 -82.1 -737.4
20211203231801  -677.5 -82.0 -737.3
20211203231802  -677.4 -82.1 -737.5
20211203231803  -677.2 -82.1 -737.2
20211203231804  -677.6 -82.2 -737.3
20211203231805  -677.7 -82.2 -737.6
20211203231806  -677.5 -81.9 -737.6
20211203231807  -677.5 -81.9 -737.5
20211203231808  -677.6 -82.3 -737.6
20211203231809  -677.7 -82.1 -737.7
20211203231810  -677.5 -82.0 -737.6
20211203231811  -677.4 -82.1 -737.4
20211203231812  -677.4 -82.3 -737.7
20211203231813  -677.3 -82.2 -737.3
