20211220233526  -712.5 -57.3 -275.4
20211220233527  -712.5 -57.2 -276.0
20211220233528  -712.5 -57.4 -275.8
20211220233529  -712.3 -57.3 -275.5
20211220233530  -712.3 -57.4 -276.0
20211220233531  -712.4 -57.5 -276.2
20211220233532  -712.4 -57.4 -276.7
20211220233533  -712.4 -57.5 -276.3
20211220233534  -712.0 -57.5 -276.2
20211220233535  -711.8 -57.3 -276.1
20211220233536  -711.6 -57.2 -276.1
20211220233537  -711.5 -57.0 -276.3
20211220233538  -711.1 -57.1 -276.3
20211220233539  -711.0 -57.1 -276.4
20211220233540  -710.1 -57.0 -276.0
20211220233541  -709.2 -56.9 -275.2
20211220233542  -709.0 -56.4 -275.3
20211220233543  -708.2 -56.0 -275.7
20211220233544  -708.0 -55.5 -275.4
20211220233545  -708.2 -54.8 -276.0
20211220233546  -708.2 -54.3 -276.1
20211220233547  -707.8 -53.8 -276.0
20211220233548  -707.2 -53.4 -276.3
20211220233549  -706.9 -52.9 -276.4
20211220233550  -706.5 -52.3 -276.6
20211220233551  -706.0 -51.7 -276.5
20211220233552  -705.9 -51.1 -276.5
20211220233553  -705.8 -50.3 -276.8
20211220233554  -705.5 -49.7 -276.8
20211220233555  -705.5 -49.3 -277.0
20211220233556  -705.4 -48.5 -276.9
20211220233557  -705.5 -48.0 -276.8
20211220233558  -705.9 -47.7 -276.7
20211220233559  -705.8 -47.2 -276.8
20211220233600  -706.0 -46.8 -276.8
20211220233601  -706.0 -46.4 -277.0
20211220233602  -706.4 -45.8 -276.9
20211220233603  -706.7 -45.4 -277.2
20211220233604  -706.9 -44.9 -277.2
20211220233605  -707.2 -44.8 -277.3
20211220233606  -707.3 -44.5 -276.9
20211220233607  -707.5 -43.7 -276.3
20211220233608  -708.1 -43.3 -275.9
20211220233609  -708.2 -43.2 -275.5
20211220233610  -709.1 -42.8 -275.6
20211220233611  -710.5 -42.7 -275.7
20211220233612  -711.4 -42.5 -275.6
20211220233613  -712.1 -42.3 -275.3
20211220233614  -712.7 -42.0 -275.1
20211220233615  -713.5 -42.1 -275.1
20211220233616  -714.3 -41.8 -274.8
20211220233617  -715.3 -41.8 -274.5
20211220233618  -716.3 -41.6 -274.4
20211220233619  -717.2 -41.3 -274.4
20211220233620  -718.4 -41.6 -274.3
20211220233621  -719.4 -41.0 -274.0
20211220233622  -720.4 -40.8 -273.8
20211220233623  -721.6 -40.4 -273.7
20211220233624  -722.8 -40.5 -273.8
20211220233625  -724.0 -40.9 -273.6
20211220233626  -724.8 -41.2 -273.6
20211220233627  -725.9 -41.8 -273.1
20211220233628  -727.1 -42.2 -272.9
20211220233629  -728.1 -42.5 -272.9
20211220233630  -729.1 -42.9 -272.4
20211220233631  -730.3 -43.1 -272.5
20211220233632  -730.9 -43.4 -272.1
20211220233633  -731.6 -43.7 -271.5
20211220233634  -732.4 -44.0 -271.0
20211220233635  -732.8 -44.0 -270.2
20211220233636  -734.0 -44.2 -269.6
20211220233637  -735.2 -44.3 -270.1
20211220233638  -736.3 -44.3 -269.3
20211220233639  -737.1 -44.3 -268.7
20211220233640  -737.4 -44.5 -268.5
20211220233641  -738.4 -44.7 -267.7
20211220233642  -738.9 -45.0 -267.4
20211220233643  -739.4 -45.2 -267.1
20211220233644  -740.0 -45.4 -266.8
20211220233645  -740.4 -45.7 -266.8
20211220233646  -741.0 -45.6 -266.2
20211220233647  -741.9 -45.6 -265.7
20211220233648  -742.5 -45.5 -265.2
20211220233649  -743.1 -45.4 -264.9
20211220233650  -743.8 -45.6 -264.5
20211220233651  -744.2 -45.6 -264.4
20211220233652  -744.8 -46.0 -264.3
20211220233653  -745.3 -46.4 -264.1
20211220233654  -745.9 -47.0 -264.1
20211220233655  -746.3 -47.7 -263.8
20211220233656  -747.1 -48.2 -263.8
20211220233657  -747.4 -48.5 -263.4
20211220233658  -747.6 -49.4 -263.7
20211220233659  -747.6 -48.9 -263.0
20211220233700  -747.8 -48.9 -262.7
20211220233701  -748.1 -48.3 -262.2
20211220233702  -749.6 -47.8 -262.2
20211220233703  -750.4 -47.3 -262.4
20211220233704  -751.2 -46.6 -262.4
20211220233705  -752.5 -45.9 -262.4
20211220233706  -753.5 -45.6 -262.1
20211220233707  -754.6 -44.7 -262.2
20211220233708  -755.4 -44.3 -262.2
20211220233709  -756.6 -43.6 -261.8
20211220233710  -757.8 -43.0 -261.5
20211220233711  -758.6 -42.6 -261.3
20211220233712  -759.3 -42.1 -260.7
20211220233713  -760.1 -41.3 -260.5
20211220233714  -760.3 -40.8 -260.0
20211220233715  -761.0 -40.2 -259.7
20211220233716  -761.2 -39.8 -259.1
20211220233717  -761.8 -39.8 -259.1
20211220233718  -761.9 -39.1 -259.0
20211220233719  -761.9 -39.2 -258.7
20211220233720  -762.2 -39.1 -258.7
20211220233721  -762.2 -39.3 -258.1
20211220233722  -762.7 -39.8 -258.0
20211220233723  -762.6 -40.0 -257.9
20211220233724  -762.5 -40.5 -257.9
20211220233725  -762.6 -40.9 -258.4
20211220233726  -762.2 -41.3 -258.1
20211220233727  -762.1 -41.6 -257.9
20211220233728  -762.8 -42.6 -258.5
20211220233729  -763.0 -42.8 -258.4
20211220233730  -763.1 -43.4 -258.4
20211220233731  -762.7 -44.0 -257.9
20211220233732  -762.6 -44.7 -257.7
20211220233733  -762.2 -45.5 -257.4
20211220233734  -761.3 -46.8 -257.2
20211220233735  -760.6 -47.8 -256.9
20211220233736  -759.7 -48.9 -257.0
20211220233737  -759.1 -49.6 -256.9
20211220233738  -758.9 -50.5 -257.1
20211220233739  -758.3 -51.0 -257.2
20211220233740  -758.1 -51.4 -257.2
20211220233741  -758.1 -51.7 -257.5
20211220233742  -757.9 -51.8 -257.6
20211220233743  -758.1 -52.0 -257.6
20211220233744  -758.1 -52.1 -257.6
20211220233745  -758.4 -52.3 -257.3
20211220233746  -758.5 -52.5 -257.7
20211220233747  -759.1 -52.6 -257.9
20211220233748  -759.3 -52.5 -258.0
20211220233749  -760.0 -52.6 -258.0
20211220233750  -760.4 -53.0 -257.7
20211220233751  -760.5 -53.2 -257.6
20211220233752  -761.3 -52.7 -257.2
20211220233753  -762.0 -52.5 -257.3
20211220233754  -763.4 -52.6 -257.6
20211220233755  -764.6 -52.2 -257.2
20211220233756  -765.2 -52.1 -257.3
20211220233757  -765.6 -52.0 -257.1
20211220233758  -766.5 -51.4 -257.1
20211220233759  -767.2 -51.1 -257.3
20211220233800  -768.3 -51.0 -257.2
20211220233801  -769.2 -50.7 -256.9
20211220233802  -770.0 -50.5 -257.0
20211220233803  -770.2 -50.5 -256.7
20211220233804  -770.6 -50.5 -256.4
20211220233805  -770.5 -50.4 -256.0
20211220233806  -770.5 -50.8 -255.7
20211220233807  -770.6 -50.9 -255.6
20211220233808  -770.5 -50.7 -255.6
20211220233809  -770.2 -51.1 -255.0
20211220233810  -770.0 -51.3 -255.0
20211220233811  -769.4 -51.5 -254.8
20211220233812  -769.4 -51.3 -254.3
20211220233813  -769.4 -51.6 -254.2
20211220233814  -769.2 -51.8 -254.0
20211220233815  -768.7 -51.6 -253.9
20211220233816  -767.7 -51.5 -253.1
20211220233817  -766.4 -51.4 -252.2
20211220233818  -765.3 -51.3 -251.6
20211220233819  -764.0 -50.8 -250.6
20211220233820  -763.4 -50.9 -250.9
20211220233821  -762.7 -50.8 -250.9
20211220233822  -761.8 -50.3 -250.3
20211220233823  -760.3 -49.8 -249.9
20211220233824  -759.0 -49.6 -249.5
20211220233825  -757.6 -49.1 -249.2
20211220233826  -756.3 -48.7 -249.1
20211220233827  -754.5 -48.4 -249.5
20211220233828  -753.4 -48.0 -249.4
20211220233829  -752.4 -47.6 -249.7
20211220233830  -751.2 -47.3 -250.0
20211220233831  -750.5 -46.8 -249.9
20211220233832  -749.7 -46.4 -250.2
20211220233833  -749.4 -46.1 -250.7
20211220233834  -749.0 -46.3 -250.7
20211220233835  -748.7 -46.5 -251.1
20211220233836  -748.7 -46.7 -251.2
20211220233837  -748.3 -46.9 -251.4
20211220233838  -748.1 -47.7 -251.2
20211220233839  -747.8 -47.7 -250.5
20211220233840  -747.4 -48.1 -250.1
20211220233841  -746.5 -48.3 -249.8
20211220233842  -745.8 -48.7 -249.5
20211220233843  -744.3 -49.9 -249.4
20211220233844  -743.2 -49.6 -249.3
20211220233845  -742.6 -49.8 -248.8
20211220233846  -741.9 -49.8 -248.5
20211220233847  -742.1 -50.2 -249.0
20211220233848  -741.4 -50.5 -249.4
20211220233849  -740.8 -50.8 -249.2
20211220233850  -740.8 -51.1 -249.3
20211220233851  -740.7 -51.3 -249.2
20211220233852  -740.6 -51.2 -249.6
20211220233853  -741.1 -51.0 -249.9
20211220233854  -741.3 -50.9 -249.9
20211220233855  -741.9 -50.9 -250.3
20211220233856  -741.9 -51.0 -249.9
20211220233857  -742.7 -51.1 -249.6
20211220233858  -743.0 -51.2 -249.4
20211220233859  -743.2 -51.3 -249.0
20211220233900  -743.2 -51.0 -248.5
20211220233901  -743.1 -50.5 -248.3
20211220233902  -743.2 -49.9 -248.0
20211220233903  -742.9 -49.5 -247.5
20211220233904  -742.3 -49.0 -246.6
20211220233905  -741.8 -48.4 -246.3
20211220233906  -741.2 -47.6 -245.9
20211220233907  -740.3 -46.8 -245.7
20211220233908  -739.7 -46.0 -245.7
20211220233909  -739.0 -45.4 -245.7
20211220233910  -738.1 -44.4 -245.8
20211220233911  -737.6 -43.8 -245.8
20211220233912  -737.0 -42.6 -245.7
20211220233913  -737.8 -42.3 -246.2
20211220233914  -738.3 -41.7 -246.9
20211220233915  -738.6 -41.4 -247.4
20211220233916  -739.6 -41.2 -247.6
20211220233917  -740.0 -40.8 -247.7
20211220233918  -740.8 -40.3 -247.7
20211220233919  -741.8 -39.9 -247.4
20211220233920  -742.7 -39.4 -247.6
20211220233921  -743.9 -39.8 -247.7
20211220233922  -744.5 -39.6 -247.3
20211220233923  -744.8 -40.1 -247.4
20211220233924  -744.9 -40.1 -247.0
20211220233925  -745.0 -40.2 -246.7
20211220233926  -745.0 -40.1 -246.8
20211220233927  -745.0 -40.3 -246.5
20211220233928  -745.1 -40.4 -246.7
20211220233929  -744.8 -40.4 -246.6
20211220233930  -744.5 -41.1 -246.1
20211220233931  -743.6 -41.3 -245.5
20211220233932  -742.7 -41.3 -245.6
20211220233933  -741.3 -41.9 -245.2
20211220233934  -739.8 -42.3 -244.9
20211220233935  -738.1 -42.6 -244.8
20211220233936  -735.6 -42.9 -244.1
20211220233937  -733.8 -43.6 -243.9
20211220233938  -731.8 -44.0 -243.9
20211220233939  -730.0 -43.9 -244.1
20211220233940  -729.4 -44.2 -245.5
20211220233941  -728.6 -44.2 -246.4
20211220233942  -728.3 -43.7 -247.1
20211220233943  -727.8 -43.9 -247.5
20211220233944  -727.8 -43.6 -248.2
20211220233945  -727.7 -43.4 -248.6
20211220233946  -728.1 -43.2 -248.9
20211220233947  -728.4 -43.2 -249.3
20211220233948  -728.6 -43.2 -249.2
20211220233949  -728.8 -43.2 -249.1
20211220233950  -728.6 -43.3 -248.8
20211220233951  -728.0 -43.4 -248.4
20211220233952  -727.4 -43.4 -247.8
20211220233953  -726.8 -43.5 -247.6
20211220233954  -725.6 -43.4 -247.1
20211220233955  -724.5 -43.4 -246.7
20211220233956  -723.2 -42.9 -246.5
20211220233957  -721.6 -42.7 -246.0
20211220233958  -720.3 -42.1 -245.7
20211220233959  -718.6 -41.8 -245.7
20211220234000  -716.8 -41.5 -245.9
20211220234001  -715.4 -41.1 -246.3
20211220234002  -713.8 -40.8 -246.1
20211220234003  -712.4 -40.0 -246.3
20211220234004  -710.9 -40.1 -246.3
20211220234005  -709.6 -40.0 -246.5
20211220234006  -709.2 -39.7 -247.0
20211220234007  -708.7 -39.4 -247.8
20211220234008  -708.2 -39.0 -247.7
20211220234009  -707.9 -38.4 -248.5
20211220234010  -707.9 -37.9 -249.1
20211220234011  -708.7 -37.1 -250.0
20211220234012  -709.4 -36.5 -251.0
20211220234013  -710.7 -35.4 -251.9
20211220234014  -712.1 -34.9 -252.3
20211220234015  -713.2 -34.4 -252.4
20211220234016  -714.4 -34.1 -252.8
20211220234017  -715.4 -34.3 -252.5
20211220234018  -715.9 -34.4 -252.3
20211220234019  -716.9 -34.6 -252.0
20211220234020  -717.2 -35.2 -252.0
20211220234021  -718.1 -36.0 -252.0
20211220234022  -718.1 -36.4 -252.0
20211220234023  -718.6 -36.8 -251.8
20211220234024  -718.4 -36.9 -251.3
20211220234025  -718.3 -37.3 -251.1
20211220234026  -718.0 -37.4 -250.7
20211220234027  -717.9 -37.8 -250.7
20211220234028  -716.8 -37.6 -249.7
20211220234029  -716.1 -37.8 -248.8
20211220234030  -715.3 -38.2 -248.8
20211220234031  -714.3 -38.0 -248.5
20211220234032  -713.7 -38.2 -248.6
20211220234033  -714.3 -38.1 -249.1
20211220234034  -713.6 -38.4 -249.2
20211220234035  -713.3 -38.4 -249.6
20211220234036  -713.1 -38.6 -249.7
20211220234037  -713.0 -38.9 -249.6
20211220234038  -713.0 -39.2 -249.5
20211220234039  -712.6 -39.5 -249.1
20211220234040  -712.0 -39.8 -249.1
20211220234041  -711.0 -39.8 -249.0
20211220234042  -710.1 -40.3 -248.3
20211220234043  -708.6 -40.3 -248.0
20211220234044  -707.3 -40.4 -247.7
20211220234045  -705.6 -40.6 -247.5
20211220234046  -704.4 -40.5 -247.1
20211220234047  -703.2 -40.6 -247.1
20211220234048  -702.1 -40.5 -247.4
20211220234049  -701.1 -40.3 -247.6
20211220234050  -700.4 -40.6 -247.7
20211220234051  -699.8 -40.4 -247.9
20211220234052  -699.4 -40.1 -248.0
20211220234053  -698.8 -40.2 -248.1
20211220234054  -697.9 -40.2 -248.0
20211220234055  -697.2 -40.2 -247.5
20211220234056  -696.4 -40.1 -247.4
20211220234057  -695.9 -40.5 -247.3
20211220234058  -695.2 -40.8 -246.7
20211220234059  -695.0 -41.2 -246.9
20211220234100  -695.0 -41.7 -247.1
20211220234101  -694.6 -42.1 -246.8
20211220234102  -694.2 -42.5 -246.8
20211220234103  -693.5 -42.9 -246.9
20211220234104  -693.3 -43.2 -246.8
20211220234105  -693.1 -43.4 -247.1
20211220234106  -693.0 -43.9 -247.3
20211220234107  -693.2 -44.3 -247.5
20211220234108  -693.8 -44.4 -247.7
20211220234109  -693.9 -44.9 -247.9
20211220234110  -694.3 -45.0 -247.8
20211220234111  -694.6 -45.2 -247.8
20211220234112  -694.8 -45.4 -248.0
20211220234113  -694.9 -45.3 -247.6
20211220234114  -695.2 -45.7 -247.6
20211220234115  -695.3 -45.8 -247.4
20211220234116  -695.8 -45.9 -247.5
20211220234117  -695.8 -46.2 -247.8
20211220234118  -696.3 -46.0 -248.0
20211220234119  -697.0 -46.4 -247.8
20211220234120  -697.5 -46.7 -247.9
20211220234121  -697.3 -46.7 -247.8
20211220234122  -697.3 -47.0 -247.1
20211220234123  -697.5 -47.3 -246.8
20211220234124  -697.6 -47.4 -246.3
20211220234125  -698.1 -47.7 -246.4
20211220234126  -698.7 -48.2 -246.7
20211220234127  -699.2 -48.8 -246.5
20211220234128  -699.5 -49.0 -246.3
20211220234129  -699.1 -49.4 -245.9
20211220234130  -698.3 -50.0 -245.5
20211220234131  -697.6 -50.2 -244.9
20211220234132  -697.3 -51.0 -244.7
20211220234133  -696.6 -51.4 -244.1
20211220234134  -695.7 -51.5 -243.8
20211220234135  -695.0 -51.8 -243.6
20211220234136  -693.6 -51.6 -243.4
20211220234137  -692.4 -51.7 -243.2
20211220234138  -691.1 -51.9 -243.2
20211220234139  -690.2 -51.9 -243.6
20211220234140  -689.3 -52.1 -243.4
20211220234141  -688.3 -51.8 -243.3
20211220234142  -687.4 -52.1 -243.1
20211220234143  -686.8 -51.9 -243.6
20211220234144  -686.4 -51.8 -244.1
20211220234145  -686.5 -51.9 -244.4
20211220234146  -686.1 -51.8 -244.5
20211220234147  -685.6 -52.0 -244.7
20211220234148  -685.3 -51.9 -244.6
20211220234149  -685.8 -52.0 -245.1
20211220234150  -686.2 -52.1 -245.7
20211220234151  -687.2 -52.3 -246.3
20211220234152  -688.8 -52.6 -247.4
20211220234153  -690.3 -53.4 -248.1
20211220234154  -691.5 -54.0 -248.4
20211220234155  -693.1 -54.3 -248.8
20211220234156  -694.4 -54.8 -249.2
20211220234157  -695.9 -55.1 -249.3
20211220234158  -697.6 -55.2 -249.4
20211220234159  -698.9 -55.4 -249.2
20211220234200  -700.4 -55.6 -248.9
20211220234201  -700.9 -56.2 -248.7
20211220234202  -701.7 -56.5 -248.5
20211220234203  -702.2 -56.5 -248.3
20211220234204  -702.8 -57.2 -248.0
20211220234205  -703.4 -57.0 -248.1
20211220234206  -703.9 -57.1 -248.0
20211220234207  -704.5 -57.3 -248.0
20211220234208  -705.4 -57.7 -248.1
20211220234209  -706.0 -57.9 -247.9
20211220234210  -706.4 -57.9 -247.7
20211220234211  -706.7 -58.2 -247.4
20211220234212  -707.2 -58.5 -247.2
20211220234213  -706.6 -58.7 -246.6
