20211103231618  -734.8 -39.5 -243.6
20211103231619  -734.6 -39.5 -243.5
20211103231620  -734.4 -39.3 -243.5
20211103231621  -734.2 -39.4 -243.3
20211103231622  -733.7 -39.6 -243.4
20211103231623  -732.7 -39.4 -243.3
20211103231624  -732.3 -39.2 -242.8
20211103231625  -732.5 -39.6 -243.6
20211103231626  -732.4 -39.5 -243.4
20211103231627  -731.8 -39.6 -243.3
20211103231628  -731.5 -39.7 -243.1
20211103231629  -731.1 -39.4 -243.0
20211103231630  -730.6 -39.3 -242.7
20211103231631  -730.5 -39.2 -242.9
20211103231632  -730.4 -39.5 -243.0
20211103231633  -729.8 -39.5 -243.1
20211103231634  -729.9 -39.6 -243.4
20211103231635  -730.0 -39.8 -243.2
20211103231636  -729.6 -39.8 -243.3
20211103231637  -729.3 -39.9 -243.5
20211103231638  -729.2 -40.0 -243.5
20211103231639  -729.0 -39.9 -243.5
20211103231640  -728.6 -40.1 -243.2
20211103231641  -728.7 -40.4 -243.4
20211103231642  -728.6 -40.6 -243.6
20211103231643  -728.3 -41.0 -243.4
20211103231644  -728.0 -41.1 -243.5
20211103231645  -727.6 -41.1 -243.9
20211103231646  -727.7 -41.3 -243.9
20211103231647  -727.7 -41.1 -244.1
20211103231648  -727.8 -40.9 -244.0
20211103231649  -727.7 -41.1 -244.2
20211103231650  -727.5 -41.4 -244.0
20211103231651  -727.2 -41.3 -244.0
20211103231652  -726.8 -41.4 -244.1
20211103231653  -726.4 -41.4 -243.7
20211103231654  -725.6 -41.4 -243.4
20211103231655  -726.3 -41.6 -243.9
20211103231656  -725.9 -41.5 -243.8
20211103231657  -725.8 -41.6 -244.1
20211103231658  -725.7 -41.8 -244.1
20211103231659  -725.2 -41.8 -244.2
20211103231700  -725.0 -42.2 -244.4
20211103231701  -724.8 -42.6 -244.2
20211103231702  -724.8 -42.7 -244.3
20211103231703  -724.3 -43.0 -244.5
20211103231704  -724.3 -43.0 -244.6
20211103231705  -724.2 -42.8 -244.8
20211103231706  -724.2 -43.0 -244.6
20211103231707  -724.1 -42.7 -244.9
20211103231708  -724.3 -42.8 -244.7
20211103231709  -724.3 -42.9 -244.8
20211103231710  -724.1 -43.0 -244.7
20211103231711  -724.2 -43.2 -245.0
20211103231712  -723.6 -43.1 -244.8
20211103231713  -723.4 -43.4 -244.7
20211103231714  -723.3 -43.7 -244.8
20211103231715  -723.3 -43.9 -244.9
20211103231716  -723.3 -44.3 -244.8
20211103231717  -722.8 -44.7 -244.9
20211103231718  -722.8 -44.8 -245.0
20211103231719  -722.4 -45.3 -245.2
20211103231720  -722.4 -45.4 -245.7
20211103231721  -722.1 -45.6 -245.8
20211103231722  -721.8 -45.7 -245.7
20211103231723  -721.3 -46.0 -245.5
20211103231724  -720.9 -46.0 -245.0
20211103231725  -720.9 -46.0 -245.1
20211103231726  -720.9 -46.4 -245.4
20211103231727  -721.0 -46.9 -245.2
20211103231728  -720.7 -46.8 -245.3
20211103231729  -720.6 -46.8 -245.4
20211103231730  -720.7 -46.7 -245.5
20211103231731  -720.6 -47.0 -245.9
20211103231732  -720.9 -46.5 -246.0
20211103231733  -720.8 -46.9 -245.9
20211103231734  -720.9 -47.0 -245.6
20211103231735  -720.5 -47.4 -245.6
20211103231736  -720.0 -47.8 -245.4
20211103231737  -719.8 -47.7 -245.3
20211103231738  -719.4 -47.9 -245.7
20211103231739  -719.1 -47.9 -246.0
20211103231740  -719.0 -47.5 -245.9
20211103231741  -718.7 -47.3 -246.2
20211103231742  -718.5 -47.5 -246.2
20211103231743  -718.3 -47.8 -246.0
20211103231744  -718.6 -47.9 -246.2
20211103231745  -718.3 -48.3 -246.3
20211103231746  -718.2 -48.5 -246.6
20211103231747  -717.6 -48.3 -246.3
20211103231748  -717.2 -48.5 -246.6
20211103231749  -716.9 -49.0 -246.9
20211103231750  -716.5 -49.2 -246.7
20211103231751  -716.5 -49.6 -247.0
20211103231752  -716.2 -49.9 -247.3
20211103231753  -715.1 -50.5 -247.0
20211103231754  -714.5 -51.0 -246.7
20211103231755  -714.7 -51.3 -246.5
20211103231756  -714.5 -52.1 -247.1
20211103231757  -714.2 -52.4 -247.2
20211103231758  -714.2 -52.7 -247.4
20211103231759  -713.9 -53.6 -247.3
20211103231800  -714.0 -53.9 -247.2
20211103231801  -713.7 -54.0 -247.5
20211103231802  -713.4 -54.1 -247.4
20211103231803  -713.0 -54.3 -248.1
20211103231804  -712.8 -54.5 -247.6
20211103231805  -712.1 -54.9 -247.8
20211103231806  -711.7 -55.1 -247.4
20211103231807  -711.5 -55.2 -247.4
20211103231808  -710.9 -55.4 -247.4
20211103231809  -711.0 -55.6 -247.4
20211103231810  -710.3 -56.0 -247.3
20211103231811  -709.7 -56.4 -247.5
20211103231812  -709.5 -56.9 -247.5
20211103231813  -709.1 -57.3 -247.7
20211103231814  -708.8 -57.6 -247.3
20211103231815  -708.6 -57.7 -247.6
20211103231816  -708.5 -58.3 -247.6
20211103231817  -708.1 -58.7 -247.6
20211103231818  -708.0 -59.3 -247.8
20211103231819  -707.8 -59.2 -247.9
20211103231820  -707.6 -59.7 -248.1
20211103231821  -707.6 -60.1 -248.2
20211103231822  -707.2 -60.4 -248.3
20211103231823  -706.8 -60.6 -247.8
20211103231824  -706.4 -60.8 -247.0
20211103231825  -706.3 -60.6 -246.9
20211103231826  -706.5 -61.1 -247.6
20211103231827  -706.3 -61.5 -247.7
20211103231828  -706.3 -61.7 -247.8
20211103231829  -706.3 -62.0 -247.6
20211103231830  -706.6 -62.6 -247.5
20211103231831  -706.3 -62.7 -247.6
20211103231832  -706.4 -63.0 -247.8
20211103231833  -706.3 -63.5 -247.7
20211103231834  -705.9 -63.8 -247.3
20211103231835  -705.7 -63.8 -247.0
20211103231836  -705.7 -64.5 -247.0
20211103231837  -705.1 -64.7 -247.0
20211103231838  -705.2 -65.2 -246.7
20211103231839  -705.1 -65.5 -246.3
20211103231840  -705.1 -65.6 -246.5
20211103231841  -705.1 -65.8 -246.4
20211103231842  -705.1 -66.1 -246.5
20211103231843  -704.7 -66.3 -246.0
20211103231844  -704.6 -66.5 -246.1
20211103231845  -704.9 -66.8 -245.9
20211103231846  -704.9 -66.5 -246.1
20211103231847  -705.0 -66.4 -245.8
20211103231848  -704.8 -67.0 -245.6
20211103231849  -704.8 -66.9 -245.3
20211103231850  -704.6 -67.2 -245.2
20211103231851  -704.5 -67.6 -245.2
20211103231852  -704.0 -67.7 -245.0
20211103231853  -703.3 -67.6 -244.2
20211103231854  -702.9 -67.9 -243.9
20211103231855  -702.3 -68.2 -243.8
20211103231856  -702.8 -68.3 -244.2
20211103231857  -702.8 -68.3 -244.2
20211103231858  -703.1 -68.3 -244.4
20211103231859  -703.0 -68.5 -244.2
20211103231900  -703.1 -68.5 -244.0
20211103231901  -703.0 -68.6 -243.8
20211103231902  -703.1 -68.7 -243.6
20211103231903  -703.5 -68.7 -243.4
20211103231904  -703.3 -68.8 -243.4
20211103231905  -703.4 -68.9 -243.2
20211103231906  -703.6 -69.0 -242.7
20211103231907  -703.4 -69.2 -242.7
20211103231908  -703.4 -69.3 -242.5
20211103231909  -703.4 -69.9 -242.3
20211103231910  -703.1 -70.0 -242.0
20211103231911  -702.8 -70.0 -242.0
20211103231912  -702.6 -70.1 -241.7
20211103231913  -702.3 -70.0 -241.7
20211103231914  -702.5 -70.0 -241.4
20211103231915  -702.3 -70.3 -241.1
20211103231916  -702.0 -70.5 -241.1
20211103231917  -701.9 -70.6 -240.7
20211103231918  -702.0 -70.8 -240.3
20211103231919  -701.9 -70.8 -240.5
20211103231920  -701.8 -71.0 -240.4
20211103231921  -701.7 -71.0 -240.2
20211103231922  -701.9 -71.1 -240.3
20211103231923  -701.7 -71.1 -239.9
20211103231924  -701.3 -70.8 -239.0
20211103231925  -701.7 -70.9 -239.0
20211103231926  -702.0 -71.0 -239.2
20211103231927  -701.8 -70.8 -239.1
20211103231928  -701.8 -71.1 -239.0
20211103231929  -701.9 -71.0 -238.9
20211103231930  -701.8 -71.0 -238.7
20211103231931  -701.6 -71.0 -238.6
20211103231932  -701.8 -70.9 -238.6
20211103231933  -701.9 -71.1 -238.5
20211103231934  -701.9 -70.9 -238.5
20211103231935  -702.0 -71.4 -237.9
20211103231936  -701.9 -71.0 -238.2
20211103231937  -702.0 -70.9 -238.1
20211103231938  -702.0 -70.8 -237.6
20211103231939  -702.1 -70.7 -237.3
20211103231940  -702.4 -70.6 -237.2
20211103231941  -702.1 -70.6 -236.7
20211103231942  -702.4 -70.9 -236.6
20211103231943  -702.3 -71.1 -236.5
20211103231944  -702.1 -70.7 -236.3
20211103231945  -702.3 -70.8 -235.9
20211103231946  -702.2 -70.9 -236.0
20211103231947  -702.3 -71.1 -235.8
20211103231948  -702.7 -71.1 -235.6
20211103231949  -702.5 -71.1 -235.2
20211103231950  -702.3 -71.3 -235.1
20211103231951  -702.7 -71.3 -234.7
20211103231952  -702.6 -71.3 -234.7
20211103231953  -702.2 -71.2 -233.7
20211103231954  -701.7 -70.9 -233.2
20211103231955  -702.3 -70.7 -233.1
20211103231956  -702.7 -70.9 -233.2
20211103231957  -702.6 -70.8 -233.1
20211103231958  -702.7 -70.5 -233.0
20211103231959  -702.8 -70.7 -233.0
20211103232000  -702.9 -70.8 -232.3
20211103232001  -702.9 -70.9 -232.3
20211103232002  -703.0 -71.0 -232.1
20211103232003  -703.0 -70.9 -232.0
20211103232004  -702.7 -70.8 -231.6
20211103232005  -702.7 -70.8 -231.4
20211103232006  -703.1 -70.6 -231.0
20211103232007  -703.1 -70.5 -230.9
20211103232008  -702.8 -70.7 -230.5
20211103232009  -703.3 -70.6 -230.3
20211103232010  -703.3 -70.6 -229.9
20211103232011  -703.4 -70.6 -229.6
20211103232012  -703.3 -70.2 -229.4
20211103232013  -703.4 -70.3 -229.0
20211103232014  -703.5 -70.0 -229.0
20211103232015  -703.5 -70.0 -228.6
20211103232016  -703.8 -69.8 -228.9
20211103232017  -703.9 -70.0 -228.7
20211103232018  -704.1 -70.3 -228.4
20211103232019  -704.1 -70.4 -228.1
20211103232020  -704.4 -70.5 -228.0
20211103232021  -704.5 -70.4 -227.8
20211103232022  -704.6 -70.1 -227.7
20211103232023  -704.8 -70.1 -227.2
20211103232024  -704.3 -69.4 -226.3
20211103232025  -704.9 -69.3 -226.1
20211103232026  -705.4 -69.7 -226.5
20211103232027  -705.8 -69.5 -226.2
20211103232028  -705.9 -69.1 -225.9
20211103232029  -705.8 -69.1 -225.8
20211103232030  -706.3 -68.7 -225.7
20211103232031  -706.4 -68.2 -225.5
20211103232032  -706.9 -68.1 -225.2
20211103232033  -707.1 -67.9 -225.2
20211103232034  -707.5 -67.9 -225.0
20211103232035  -707.7 -67.6 -224.8
20211103232036  -707.5 -67.6 -224.2
20211103232037  -707.8 -67.6 -224.1
20211103232038  -708.0 -67.8 -223.9
20211103232039  -708.3 -67.4 -223.9
20211103232040  -708.2 -67.4 -223.7
20211103232041  -708.2 -67.4 -223.3
20211103232042  -708.3 -67.4 -223.3
20211103232043  -708.3 -66.9 -223.0
20211103232044  -708.7 -67.2 -223.1
20211103232045  -708.7 -67.2 -223.0
20211103232046  -708.8 -67.2 -222.5
20211103232047  -708.9 -66.6 -222.1
20211103232048  -709.0 -66.4 -222.0
20211103232049  -709.3 -66.0 -221.9
20211103232050  -709.3 -65.7 -221.4
20211103232051  -709.3 -65.5 -221.3
20211103232052  -709.2 -65.2 -221.3
20211103232053  -709.2 -65.3 -221.0
20211103232054  -708.6 -65.1 -220.0
20211103232055  -708.6 -65.3 -220.0
20211103232056  -709.1 -65.0 -219.9
20211103232057  -709.1 -64.8 -219.9
20211103232058  -709.1 -64.9 -219.9
20211103232059  -709.2 -64.8 -219.7
20211103232100  -709.0 -65.0 -219.4
20211103232101  -709.1 -64.7 -219.5
20211103232102  -709.0 -64.7 -219.4
20211103232103  -709.0 -64.9 -219.0
20211103232104  -708.6 -64.7 -218.6
20211103232105  -708.6 -64.7 -218.3
20211103232106  -708.4 -64.2 -218.4
20211103232107  -708.5 -64.0 -218.4
20211103232108  -708.6 -63.8 -218.5
20211103232109  -708.9 -63.6 -218.5
20211103232110  -709.2 -63.5 -218.2
20211103232111  -709.4 -63.7 -218.3
20211103232112  -709.2 -63.5 -218.0
20211103232113  -709.5 -63.5 -217.8
20211103232114  -709.7 -63.5 -217.7
20211103232115  -709.8 -63.8 -217.7
20211103232116  -709.6 -63.5 -217.6
20211103232117  -709.6 -63.2 -217.2
20211103232118  -709.6 -63.2 -217.3
20211103232119  -709.6 -63.1 -217.2
20211103232120  -709.6 -63.1 -216.8
20211103232121  -709.5 -63.1 -216.9
20211103232122  -709.3 -62.6 -216.8
20211103232123  -709.3 -63.0 -216.4
20211103232124  -709.0 -62.7 -215.9
20211103232125  -709.5 -62.7 -216.3
20211103232126  -709.8 -62.8 -216.3
20211103232127  -709.8 -62.9 -216.4
20211103232128  -709.6 -62.6 -216.5
20211103232129  -709.7 -62.3 -216.2
20211103232130  -709.7 -61.8 -215.9
20211103232131  -709.5 -62.0 -216.0
20211103232132  -709.4 -62.1 -215.7
20211103232133  -709.6 -62.1 -215.7
20211103232134  -709.3 -61.8 -215.6
20211103232135  -709.3 -61.8 -215.5
20211103232136  -709.1 -62.0 -215.7
20211103232137  -708.9 -61.9 -215.5
20211103232138  -709.0 -61.9 -215.3
20211103232139  -709.0 -61.7 -215.4
20211103232140  -709.1 -61.5 -215.0
20211103232141  -708.9 -61.5 -215.0
20211103232142  -709.0 -61.5 -215.2
20211103232143  -709.1 -61.3 -215.3
20211103232144  -709.2 -61.3 -215.1
20211103232145  -709.5 -60.8 -215.1
20211103232146  -709.2 -60.6 -215.0
20211103232147  -708.9 -60.4 -214.9
20211103232148  -708.8 -60.0 -214.7
20211103232149  -708.6 -59.8 -214.8
20211103232150  -708.5 -59.8 -214.4
20211103232151  -708.5 -60.0 -214.5
20211103232152  -708.2 -59.4 -214.3
20211103232153  -708.1 -59.5 -214.3
20211103232154  -707.4 -59.1 -213.3
20211103232155  -707.7 -58.5 -213.5
20211103232156  -707.9 -59.0 -213.9
20211103232157  -708.1 -58.7 -214.0
20211103232158  -708.1 -58.9 -213.9
20211103232159  -707.8 -58.6 -213.9
20211103232200  -707.9 -58.8 -213.5
20211103232201  -707.8 -58.8 -213.6
20211103232202  -707.5 -58.9 -213.7
20211103232203  -707.2 -58.8 -213.7
20211103232204  -707.1 -58.7 -213.9
20211103232205  -706.8 -58.5 -213.9
20211103232206  -706.8 -58.8 -213.8
20211103232207  -706.4 -58.7 -213.7
20211103232208  -706.2 -58.9 -213.7
20211103232209  -706.3 -58.6 -213.5
20211103232210  -705.9 -58.5 -213.3
20211103232211  -705.9 -58.4 -213.6
20211103232212  -705.9 -58.2 -213.3
20211103232213  -705.8 -58.2 -213.4
20211103232214  -705.9 -58.1 -213.5
20211103232215  -705.9 -58.1 -213.4
20211103232216  -705.8 -57.6 -213.1
20211103232217  -705.8 -57.7 -213.0
20211103232218  -705.4 -57.6 -213.2
20211103232219  -705.2 -57.6 -212.9
20211103232220  -705.1 -57.5 -212.9
20211103232221  -704.8 -57.8 -212.9
20211103232222  -704.9 -57.7 -212.8
20211103232223  -704.3 -57.7 -212.6
20211103232224  -703.6 -57.7 -212.1
20211103232225  -703.5 -57.1 -211.8
20211103232226  -703.7 -56.8 -212.1
20211103232227  -703.6 -56.5 -211.9
20211103232228  -703.8 -56.3 -212.1
20211103232229  -703.7 -56.0 -212.2
20211103232230  -703.7 -56.0 -212.1
20211103232231  -703.7 -55.8 -212.2
20211103232232  -703.5 -55.9 -212.0
20211103232233  -703.4 -55.8 -212.3
20211103232234  -703.6 -55.7 -212.0
20211103232235  -703.4 -55.4 -211.9
20211103232236  -703.4 -55.3 -212.1
20211103232237  -703.7 -55.3 -211.9
20211103232238  -703.8 -54.9 -211.9
20211103232239  -703.4 -54.7 -211.7
20211103232240  -703.4 -54.5 -211.3
20211103232241  -703.4 -54.8 -211.7
20211103232242  -703.4 -54.8 -211.7
