20211029180527  -654.5 -96.6 -181.9
20211029180528  -654.7 -96.5 -181.5
20211029180529  -654.8 -96.5 -181.7
20211029180530  -654.6 -96.7 -181.5
20211029180531  -654.7 -96.4 -181.5
20211029180532  -654.6 -96.4 -181.6
20211029180533  -654.7 -96.4 -181.6
20211029180534  -654.6 -96.5 -181.7
20211029180535  -654.5 -96.4 -181.7
20211029180536  -654.9 -96.6 -181.7
20211029180537  -655.0 -96.4 -182.1
20211029180538  -654.8 -96.1 -182.0
20211029180539  -654.7 -96.1 -181.8
20211029180540  -654.5 -96.1 -181.5
20211029180541  -654.0 -96.3 -181.3
20211029180542  -654.2 -95.9 -181.2
20211029180543  -654.5 -96.0 -181.6
20211029180544  -654.9 -96.3 -181.6
20211029180545  -654.7 -96.0 -181.7
20211029180546  -654.9 -96.2 -181.8
20211029180547  -655.2 -96.1 -182.0
20211029180548  -655.0 -96.2 -181.8
20211029180549  -654.8 -96.1 -181.5
20211029180550  -654.5 -96.2 -181.6
20211029180551  -654.8 -96.1 -181.9
20211029180552  -654.6 -96.1 -181.9
20211029180553  -654.5 -96.0 -182.1
20211029180554  -654.7 -96.0 -181.9
20211029180555  -654.4 -96.0 -181.8
20211029180556  -654.5 -96.0 -181.8
20211029180557  -654.6 -96.2 -181.6
20211029180558  -654.8 -96.1 -181.9
20211029180559  -654.5 -96.2 -181.9
20211029180600  -654.5 -96.3 -181.8
20211029180601  -654.9 -96.3 -181.7
20211029180602  -655.0 -96.0 -182.1
20211029180603  -655.0 -96.0 -182.1
20211029180604  -654.8 -96.1 -182.0
20211029180605  -654.6 -95.7 -182.1
20211029180606  -654.7 -95.8 -182.1
20211029180607  -654.1 -95.7 -181.2
20211029180608  -654.0 -95.7 -181.2
20211029180609  -654.8 -95.7 -182.0
20211029180610  -654.9 -95.7 -181.7
20211029180611  -654.8 -95.5 -181.7
20211029180612  -654.6 -95.5 -181.5
20211029180613  -654.6 -96.0 -181.5
20211029180614  -654.7 -95.8 -181.7
20211029180615  -654.9 -95.7 -181.8
20211029180616  -654.8 -95.5 -181.7
20211029180617  -654.8 -95.6 -181.7
20211029180618  -654.6 -95.4 -181.8
20211029180619  -654.8 -95.7 -181.8
20211029180620  -654.9 -95.6 -181.8
20211029180621  -654.8 -95.6 -181.9
20211029180622  -654.7 -95.7 -181.7
20211029180623  -654.8 -95.8 -181.9
20211029180624  -655.0 -95.7 -182.1
20211029180625  -654.9 -95.6 -181.5
20211029180626  -655.0 -95.5 -181.6
20211029180627  -655.1 -95.7 -181.6
20211029180628  -655.0 -95.8 -181.8
20211029180629  -654.9 -95.9 -181.5
20211029180630  -654.9 -95.8 -181.8
20211029180631  -654.7 -95.9 -181.9
20211029180632  -654.7 -95.7 -182.0
20211029180633  -654.3 -95.8 -181.3
20211029180634  -653.9 -95.6 -181.1
20211029180635  -654.5 -95.5 -181.1
20211029180636  -654.7 -95.5 -181.4
20211029180637  -654.7 -95.7 -181.5
20211029180638  -654.9 -95.6 -181.5
20211029180639  -654.8 -95.6 -181.7
20211029180640  -654.8 -95.6 -181.8
20211029180641  -654.8 -95.6 -181.4
20211029180642  -654.8 -95.5 -181.4
20211029180643  -654.5 -95.5 -181.5
20211029180644  -654.7 -95.2 -181.6
20211029180645  -654.8 -95.4 -181.7
20211029180646  -654.8 -95.6 -181.6
20211029180647  -654.7 -95.6 -181.9
20211029180648  -654.8 -95.7 -181.5
20211029180649  -654.9 -95.5 -181.6
20211029180650  -654.9 -95.6 -181.5
20211029180651  -654.7 -95.6 -181.8
20211029180652  -654.8 -95.8 -181.9
20211029180653  -654.8 -95.6 -182.0
20211029180654  -655.1 -95.5 -181.8
20211029180655  -654.8 -95.7 -182.0
20211029180656  -654.9 -95.8 -182.3
20211029180657  -655.2 -95.5 -182.5
20211029180658  -655.1 -95.8 -182.0
20211029180659  -654.4 -95.8 -181.5
20211029180700  -654.3 -95.3 -181.2
20211029180701  -654.4 -95.4 -181.4
20211029180702  -654.7 -95.5 -181.3
20211029180703  -654.8 -95.7 -181.6
20211029180704  -655.2 -95.7 -181.9
20211029180705  -655.1 -95.6 -181.6
20211029180706  -655.0 -95.7 -181.4
20211029180707  -654.8 -95.3 -181.6
20211029180708  -654.9 -95.4 -181.8
20211029180709  -654.8 -95.4 -181.6
20211029180710  -655.0 -95.4 -182.0
20211029180711  -655.2 -95.2 -182.1
20211029180712  -655.0 -95.2 -182.0
20211029180713  -655.1 -95.2 -182.0
20211029180714  -655.2 -95.3 -181.9
20211029180715  -655.1 -95.2 -181.7
20211029180716  -654.8 -94.8 -181.4
20211029180717  -655.1 -95.0 -181.4
20211029180718  -655.0 -95.1 -181.5
20211029180719  -655.3 -94.9 -181.8
20211029180720  -655.0 -95.0 -182.0
20211029180721  -655.0 -94.8 -181.7
20211029180722  -655.2 -94.9 -181.6
20211029180723  -655.4 -95.1 -181.5
20211029180724  -655.1 -95.0 -181.6
20211029180725  -654.8 -95.1 -181.7
20211029180726  -654.2 -95.0 -180.9
20211029180727  -653.9 -95.0 -180.8
20211029180728  -654.8 -94.8 -181.1
20211029180729  -655.0 -94.9 -181.4
20211029180730  -654.7 -94.9 -181.1
20211029180731  -655.0 -94.9 -181.2
20211029180732  -654.9 -94.9 -181.2
20211029180733  -654.7 -94.6 -181.4
20211029180734  -654.7 -94.7 -181.3
20211029180735  -654.7 -94.5 -181.4
20211029180736  -654.6 -94.7 -181.4
20211029180737  -654.7 -94.8 -181.5
20211029180738  -654.7 -94.9 -181.4
20211029180739  -654.8 -94.7 -181.3
20211029180740  -655.1 -94.8 -181.2
20211029180741  -655.1 -94.6 -181.3
20211029180742  -655.0 -94.5 -181.3
20211029180743  -654.7 -94.6 -181.3
20211029180744  -654.6 -94.7 -181.4
20211029180745  -654.5 -94.7 -181.5
20211029180746  -654.5 -94.5 -181.3
20211029180747  -654.5 -94.4 -181.4
20211029180748  -654.5 -94.5 -181.7
20211029180749  -654.4 -94.4 -181.6
20211029180750  -654.8 -94.5 -181.5
20211029180751  -654.1 -94.5 -181.0
20211029180752  -653.7 -94.1 -180.7
20211029180753  -653.4 -93.7 -180.7
20211029180754  -653.9 -94.0 -180.8
20211029180755  -654.2 -93.9 -181.1
20211029180756  -654.2 -93.9 -181.2
20211029180757  -654.3 -93.9 -181.0
20211029180758  -654.5 -94.1 -181.2
20211029180759  -653.9 -94.0 -181.2
20211029180800  -654.0 -94.1 -181.7
20211029180801  -654.1 -94.2 -181.8
20211029180802  -654.0 -94.0 -181.6
20211029180803  -654.1 -94.2 -181.4
20211029180804  -654.1 -94.1 -181.6
20211029180805  -654.0 -93.9 -181.3
20211029180806  -654.1 -94.1 -181.4
20211029180807  -654.1 -94.1 -181.5
20211029180808  -654.0 -94.2 -181.6
20211029180809  -654.0 -94.3 -181.5
20211029180810  -653.9 -94.0 -181.3
20211029180811  -654.0 -93.9 -181.5
20211029180812  -653.8 -94.2 -181.6
20211029180813  -654.0 -94.0 -181.3
20211029180814  -654.0 -93.9 -181.4
20211029180815  -653.8 -93.9 -181.2
20211029180816  -653.8 -94.2 -181.2
20211029180817  -653.3 -94.2 -181.1
20211029180818  -652.8 -93.9 -181.0
20211029180819  -652.6 -93.6 -180.7
20211029180820  -653.7 -93.7 -181.1
20211029180821  -653.6 -93.7 -181.2
20211029180822  -653.5 -94.0 -181.4
20211029180823  -653.3 -93.8 -181.3
20211029180824  -653.4 -94.0 -181.5
20211029180825  -653.3 -93.9 -181.3
20211029180826  -653.3 -93.9 -181.4
20211029180827  -653.6 -93.7 -181.4
20211029180828  -653.6 -93.8 -181.7
20211029180829  -653.2 -93.9 -181.8
20211029180830  -653.4 -93.9 -181.8
20211029180831  -653.5 -94.0 -181.5
20211029180832  -653.3 -94.0 -181.6
20211029180833  -653.5 -93.9 -181.5
20211029180834  -653.5 -94.2 -181.6
20211029180835  -653.7 -94.0 -181.4
20211029180836  -653.7 -93.9 -181.5
20211029180837  -653.4 -93.9 -181.7
20211029180838  -653.6 -94.2 -181.3
20211029180839  -653.8 -94.1 -181.3
20211029180840  -653.7 -94.1 -181.5
20211029180841  -653.8 -94.1 -181.5
20211029180842  -653.8 -94.1 -181.5
20211029180843  -653.6 -94.3 -181.3
20211029180844  -653.1 -94.0 -180.9
20211029180845  -652.6 -94.0 -180.5
20211029180846  -653.3 -94.1 -181.0
20211029180847  -653.2 -94.5 -181.0
20211029180848  -653.3 -94.4 -181.2
20211029180849  -653.2 -94.2 -181.2
20211029180850  -653.7 -94.4 -181.6
20211029180851  -653.3 -94.1 -181.8
20211029180852  -653.3 -93.9 -181.6
20211029180853  -653.1 -94.1 -181.6
20211029180854  -653.5 -94.4 -181.6
20211029180855  -653.4 -94.4 -181.5
20211029180856  -653.4 -94.4 -181.4
20211029180857  -653.4 -94.5 -180.8
20211029180858  -653.0 -94.4 -181.2
20211029180859  -653.0 -94.4 -181.2
20211029180900  -653.3 -93.9 -181.2
20211029180901  -653.4 -93.9 -181.2
20211029180902  -653.3 -93.9 -181.0
20211029180903  -653.3 -94.1 -181.3
20211029180904  -653.8 -93.9 -181.4
20211029180905  -653.6 -93.9 -181.3
20211029180906  -653.5 -93.7 -181.3
20211029180907  -653.3 -93.9 -181.4
20211029180908  -653.1 -94.0 -181.2
20211029180909  -653.1 -94.0 -181.4
20211029180910  -652.4 -93.6 -180.7
20211029180911  -652.7 -93.7 -180.8
20211029180912  -653.3 -94.0 -181.3
20211029180913  -653.2 -93.7 -181.3
20211029180914  -653.1 -93.8 -181.0
20211029180915  -653.2 -94.0 -180.9
20211029180916  -653.4 -93.9 -180.9
20211029180917  -653.2 -93.8 -181.2
20211029180918  -653.3 -93.7 -181.0
20211029180919  -653.3 -94.2 -181.2
20211029180920  -653.3 -94.1 -181.3
20211029180921  -653.3 -94.2 -181.2
20211029180922  -653.3 -94.2 -181.3
20211029180923  -653.3 -93.7 -181.4
20211029180924  -653.5 -93.9 -181.6
20211029180925  -653.6 -94.0 -181.1
20211029180926  -653.5 -94.1 -181.5
20211029180927  -653.5 -93.9 -181.3
20211029180928  -653.7 -94.1 -181.8
20211029180929  -653.4 -93.9 -181.7
20211029180930  -653.6 -94.0 -181.5
20211029180931  -653.3 -93.9 -181.3
20211029180932  -653.2 -94.0 -181.2
20211029180933  -653.3 -94.1 -181.3
20211029180934  -653.3 -94.0 -181.2
20211029180935  -653.1 -93.8 -181.7
20211029180936  -652.5 -94.2 -181.0
20211029180937  -652.0 -93.8 -180.8
20211029180938  -652.0 -93.4 -180.7
20211029180939  -651.7 -93.6 -180.9
20211029180940  -651.6 -93.8 -180.6
20211029180941  -652.6 -93.8 -180.8
20211029180942  -652.8 -93.9 -181.2
20211029180943  -652.8 -93.8 -181.0
20211029180944  -652.7 -93.7 -180.9
20211029180945  -652.7 -94.0 -181.1
20211029180946  -652.5 -94.0 -181.3
20211029180947  -652.6 -94.2 -181.3
20211029180948  -652.5 -93.7 -181.2
20211029180949  -652.3 -93.9 -181.5
20211029180950  -652.4 -93.8 -181.3
20211029180951  -652.5 -93.9 -181.4
20211029180952  -652.6 -94.0 -181.6
20211029180953  -652.8 -94.1 -181.6
20211029180954  -652.4 -94.2 -181.7
20211029180955  -652.5 -94.0 -181.7
20211029180956  -652.4 -93.8 -181.9
20211029180957  -652.4 -93.9 -181.9
20211029180958  -652.6 -94.2 -181.7
20211029180959  -652.7 -94.2 -181.5
20211029181000  -652.6 -94.2 -181.5
20211029181001  -652.4 -94.2 -181.5
20211029181002  -652.3 -94.3 -181.6
20211029181003  -652.3 -94.1 -181.6
20211029181004  -652.5 -94.4 -181.7
20211029181005  -652.6 -94.2 -181.8
20211029181006  -652.1 -94.5 -181.8
20211029181007  -652.2 -94.2 -181.5
20211029181008  -652.7 -94.5 -182.2
20211029181009  -652.7 -94.7 -182.0
20211029181010  -652.7 -94.6 -181.9
20211029181011  -652.7 -94.7 -181.8
20211029181012  -652.7 -94.5 -181.9
20211029181013  -652.8 -94.4 -181.8
20211029181014  -652.8 -94.5 -181.6
20211029181015  -652.8 -94.5 -182.0
20211029181016  -652.8 -94.6 -182.0
20211029181017  -652.9 -94.4 -181.9
20211029181018  -652.7 -94.3 -182.1
20211029181019  -653.1 -94.5 -181.9
20211029181020  -653.0 -94.4 -182.0
20211029181021  -652.9 -94.4 -181.8
20211029181022  -652.8 -94.3 -182.0
20211029181023  -652.9 -94.2 -182.1
20211029181024  -653.0 -94.3 -182.3
20211029181025  -653.1 -94.8 -182.3
20211029181026  -652.8 -94.5 -182.1
20211029181027  -652.8 -94.4 -181.8
20211029181028  -652.8 -94.4 -181.9
20211029181029  -652.8 -94.5 -181.8
20211029181030  -653.1 -94.6 -182.0
20211029181031  -653.1 -94.4 -182.0
20211029181032  -653.1 -94.6 -182.3
20211029181033  -652.3 -94.4 -181.7
20211029181034  -652.0 -94.6 -181.4
20211029181035  -651.7 -94.8 -181.2
20211029181036  -651.5 -95.0 -181.0
20211029181037  -651.8 -94.7 -181.0
20211029181038  -652.3 -95.0 -181.7
20211029181039  -652.4 -94.7 -181.7
20211029181040  -652.4 -94.9 -181.6
20211029181041  -652.5 -94.8 -181.6
20211029181042  -652.5 -94.7 -181.8
20211029181043  -652.6 -94.7 -181.7
20211029181044  -652.4 -94.8 -181.8
20211029181045  -652.6 -94.7 -181.8
20211029181046  -652.6 -94.7 -181.6
20211029181047  -652.4 -94.7 -181.8
20211029181048  -652.8 -94.6 -182.1
20211029181049  -653.0 -94.6 -181.9
20211029181050  -652.7 -94.8 -182.1
20211029181051  -652.6 -94.8 -181.9
20211029181052  -652.7 -94.6 -182.2
20211029181053  -652.7 -94.7 -182.1
20211029181054  -652.9 -94.9 -182.4
20211029181055  -653.3 -94.8 -182.3
20211029181056  -653.1 -94.7 -182.4
20211029181057  -652.9 -94.8 -182.2
20211029181058  -652.9 -94.9 -181.9
20211029181059  -652.9 -94.7 -182.3
20211029181100  -652.8 -94.8 -182.3
20211029181101  -653.2 -95.0 -182.4
20211029181102  -653.1 -95.1 -182.6
20211029181103  -652.4 -95.1 -181.8
20211029181104  -652.5 -94.6 -181.5
20211029181105  -652.8 -94.9 -182.1
20211029181106  -652.6 -95.0 -182.3
20211029181107  -652.8 -94.9 -182.1
20211029181108  -652.8 -94.8 -182.1
20211029181109  -652.9 -94.8 -182.0
20211029181110  -653.2 -94.9 -182.2
20211029181111  -652.9 -94.7 -181.9
20211029181112  -653.0 -94.8 -182.0
20211029181113  -653.0 -94.6 -182.1
20211029181114  -652.8 -94.5 -182.0
20211029181115  -653.0 -94.6 -181.8
20211029181116  -653.1 -94.5 -181.9
20211029181117  -653.3 -94.7 -181.9
20211029181118  -653.0 -94.5 -181.8
20211029181119  -653.3 -94.7 -182.0
20211029181120  -653.5 -94.6 -182.1
20211029181121  -653.4 -94.2 -182.0
20211029181122  -653.3 -94.5 -182.2
20211029181123  -653.4 -94.2 -181.9
20211029181124  -653.2 -94.3 -182.0
20211029181125  -653.2 -94.5 -182.0
20211029181126  -653.2 -94.3 -182.2
20211029181127  -653.1 -94.2 -181.9
20211029181128  -653.2 -94.3 -182.1
20211029181129  -652.8 -94.4 -182.0
20211029181130  -652.3 -94.4 -181.7
20211029181131  -652.9 -94.4 -182.0
20211029181132  -653.3 -94.7 -182.2
20211029181133  -653.3 -94.7 -182.5
20211029181134  -653.3 -94.7 -182.5
20211029181135  -653.0 -94.6 -182.6
20211029181136  -652.8 -94.7 -182.7
20211029181137  -653.0 -94.8 -182.4
20211029181138  -652.9 -94.6 -182.5
20211029181139  -653.1 -94.6 -182.6
20211029181140  -653.1 -94.4 -182.4
20211029181141  -653.3 -94.2 -182.6
20211029181142  -653.2 -94.5 -182.7
20211029181143  -653.0 -94.6 -182.6
20211029181144  -653.0 -94.5 -182.6
20211029181145  -652.8 -94.6 -182.6
20211029181146  -653.2 -94.5 -182.3
20211029181147  -653.2 -94.6 -182.4
20211029181148  -653.1 -94.8 -182.4
20211029181149  -653.2 -94.7 -182.5
20211029181150  -653.2 -95.0 -182.6
20211029181151  -653.2 -95.0 -182.4
20211029181152  -653.4 -94.8 -182.5
20211029181153  -653.2 -94.7 -182.8
20211029181154  -653.1 -94.8 -182.8
20211029181155  -652.5 -94.6 -182.3
20211029181156  -652.3 -94.7 -182.0
20211029181157  -652.8 -94.9 -182.2
20211029181158  -653.2 -94.9 -182.7
20211029181159  -653.0 -94.6 -182.5
20211029181200  -653.1 -94.8 -182.5
20211029181201  -653.4 -94.8 -182.5
20211029181202  -653.2 -94.7 -182.8
20211029181203  -653.3 -94.4 -182.8
20211029181204  -653.2 -94.6 -182.7
20211029181205  -653.5 -94.6 -182.7
20211029181206  -653.4 -94.6 -182.5
20211029181207  -653.3 -94.7 -183.1
20211029181208  -653.6 -94.7 -182.8
20211029181209  -653.4 -94.5 -182.9
20211029181210  -653.3 -94.2 -182.7
20211029181211  -653.2 -94.7 -182.8
20211029181212  -653.4 -94.6 -182.8
20211029181213  -653.4 -94.7 -182.7
20211029181214  -653.1 -94.5 -182.8
