20211031010225  -773.2 -20.7 -265.2
20211031010226  -773.1 -21.0 -265.1
20211031010227  -773.0 -20.7 -264.9
20211031010228  -773.1 -20.3 -265.0
20211031010229  -773.1 -19.8 -264.7
20211031010230  -773.0 -19.5 -264.3
20211031010231  -772.9 -19.2 -263.7
20211031010232  -772.5 -19.0 -263.5
20211031010233  -772.2 -19.0 -263.2
20211031010234  -772.1 -19.0 -263.3
20211031010235  -772.1 -19.2 -263.5
20211031010236  -772.2 -19.3 -263.6
20211031010237  -772.4 -19.3 -263.7
20211031010238  -772.3 -19.4 -264.2
20211031010239  -771.9 -19.3 -264.5
20211031010240  -772.2 -18.9 -265.0
20211031010241  -771.9 -18.6 -265.4
20211031010242  -772.0 -18.3 -265.7
20211031010243  -771.5 -18.3 -265.6
20211031010244  -770.9 -18.4 -265.0
20211031010245  -770.5 -18.1 -264.5
20211031010246  -771.1 -17.8 -264.8
20211031010247  -771.3 -17.6 -264.9
20211031010248  -771.5 -17.3 -264.3
20211031010249  -771.9 -17.2 -264.1
20211031010250  -771.8 -17.0 -264.1
20211031010251  -771.9 -16.8 -263.8
20211031010252  -771.4 -16.2 -263.8
20211031010253  -771.3 -16.5 -264.1
20211031010254  -771.3 -17.1 -264.3
20211031010255  -771.1 -17.4 -264.8
20211031010256  -770.6 -18.1 -264.9
20211031010257  -770.5 -18.1 -264.6
20211031010258  -770.4 -17.9 -264.6
20211031010259  -770.1 -17.7 -264.2
20211031010300  -770.3 -17.4 -264.1
20211031010301  -770.6 -17.2 -264.5
20211031010302  -770.7 -17.0 -264.5
20211031010303  -770.5 -16.5 -264.4
20211031010304  -770.2 -16.4 -264.3
20211031010305  -770.4 -15.9 -264.3
20211031010306  -770.4 -15.8 -264.5
20211031010307  -770.2 -16.2 -265.0
20211031010308  -770.1 -16.9 -265.1
20211031010309  -770.3 -17.5 -264.6
20211031010310  -770.2 -17.9 -264.7
20211031010311  -770.3 -18.5 -264.8
20211031010312  -770.1 -18.2 -264.8
20211031010313  -769.7 -18.4 -264.5
20211031010314  -769.0 -17.9 -264.1
20211031010315  -768.9 -17.3 -264.1
20211031010316  -769.4 -16.9 -264.2
20211031010317  -769.6 -17.0 -264.6
20211031010318  -769.1 -16.5 -264.3
20211031010319  -769.0 -16.7 -264.3
20211031010320  -768.7 -16.5 -264.3
20211031010321  -768.2 -16.8 -264.4
20211031010322  -768.1 -16.8 -265.0
20211031010323  -767.8 -17.1 -265.1
20211031010324  -767.3 -17.1 -265.4
20211031010325  -767.2 -17.2 -265.5
20211031010326  -767.4 -17.2 -265.7
20211031010327  -767.5 -17.4 -265.7
20211031010328  -767.7 -17.3 -265.8
20211031010329  -767.9 -17.6 -265.6
20211031010330  -767.9 -17.4 -265.2
20211031010331  -767.9 -17.3 -264.6
20211031010332  -767.4 -17.2 -264.6
20211031010333  -766.9 -17.0 -264.8
20211031010334  -766.8 -16.9 -265.0
20211031010335  -766.3 -16.5 -264.8
20211031010336  -766.0 -16.3 -265.2
20211031010337  -765.9 -16.6 -265.6
20211031010338  -765.8 -16.9 -265.6
20211031010339  -765.6 -17.6 -265.8
20211031010340  -765.2 -18.0 -266.1
20211031010341  -765.5 -18.2 -265.7
20211031010342  -765.3 -18.2 -265.5
20211031010343  -764.9 -18.4 -265.6
20211031010344  -763.9 -18.4 -264.8
20211031010345  -763.5 -18.0 -264.2
20211031010346  -763.7 -17.8 -264.4
20211031010347  -763.8 -17.8 -264.8
20211031010348  -763.6 -17.8 -264.9
20211031010349  -763.7 -17.5 -264.8
20211031010350  -763.6 -17.5 -265.2
20211031010351  -763.6 -17.5 -265.1
20211031010352  -763.4 -17.5 -265.0
20211031010353  -763.6 -17.4 -265.0
20211031010354  -763.6 -17.5 -264.8
20211031010355  -762.9 -17.7 -264.7
20211031010356  -762.7 -18.0 -265.0
20211031010357  -762.6 -18.3 -264.8
20211031010358  -762.3 -18.6 -264.9
20211031010359  -762.2 -19.1 -264.8
20211031010400  -761.9 -19.1 -264.8
20211031010401  -761.5 -19.4 -264.8
20211031010402  -761.2 -19.3 -265.3
20211031010403  -761.2 -19.2 -265.5
20211031010404  -761.1 -19.0 -265.4
20211031010405  -761.0 -19.3 -265.4
20211031010406  -760.9 -19.8 -265.3
20211031010407  -760.8 -19.9 -265.0
20211031010408  -760.5 -19.7 -265.0
20211031010409  -760.0 -19.9 -264.4
20211031010410  -759.9 -20.0 -264.2
20211031010411  -759.7 -20.0 -264.3
20211031010412  -759.8 -20.2 -264.2
20211031010413  -759.7 -20.1 -264.4
20211031010414  -759.1 -19.9 -264.2
20211031010415  -758.5 -19.3 -263.7
20211031010416  -758.7 -19.2 -263.9
20211031010417  -758.9 -19.5 -264.3
20211031010418  -758.9 -19.8 -264.5
20211031010419  -758.4 -19.6 -264.9
20211031010420  -758.5 -20.1 -264.8
20211031010421  -758.3 -20.5 -264.8
20211031010422  -758.4 -21.3 -264.9
20211031010423  -757.9 -21.2 -264.8
20211031010424  -757.8 -21.5 -264.6
20211031010425  -757.7 -21.4 -264.5
20211031010426  -757.5 -21.4 -264.2
20211031010427  -757.3 -21.3 -264.2
20211031010428  -757.0 -21.4 -264.2
20211031010429  -757.0 -21.0 -264.2
20211031010430  -757.0 -21.3 -264.5
20211031010431  -757.0 -21.4 -265.0
20211031010432  -757.0 -21.6 -265.4
20211031010433  -756.8 -21.5 -266.3
20211031010434  -756.7 -21.6 -266.6
20211031010435  -756.8 -21.3 -267.0
20211031010436  -757.0 -21.2 -266.9
20211031010437  -757.2 -20.9 -266.9
20211031010438  -756.9 -20.7 -266.3
20211031010439  -756.9 -20.3 -266.0
20211031010440  -756.5 -20.7 -265.9
20211031010441  -756.5 -21.0 -266.1
20211031010442  -756.8 -21.8 -266.1
20211031010443  -756.5 -22.2 -266.4
20211031010444  -756.2 -22.9 -266.0
20211031010445  -755.9 -22.9 -265.8
20211031010446  -756.9 -23.5 -266.2
20211031010447  -757.1 -23.8 -266.4
20211031010448  -757.3 -24.0 -266.5
20211031010449  -757.4 -23.7 -266.4
20211031010450  -757.2 -23.4 -266.0
20211031010451  -757.0 -23.0 -265.9
20211031010452  -757.0 -22.8 -266.2
20211031010453  -756.9 -22.7 -266.2
20211031010454  -756.5 -23.0 -265.9
20211031010455  -756.2 -23.6 -265.9
20211031010456  -756.6 -23.9 -265.9
20211031010457  -756.2 -24.5 -266.1
20211031010458  -756.2 -24.9 -265.7
20211031010459  -756.2 -25.0 -266.0
20211031010500  -756.3 -25.1 -265.7
20211031010501  -756.2 -25.1 -265.6
20211031010502  -756.1 -24.7 -265.4
20211031010503  -756.2 -24.2 -265.6
20211031010504  -756.0 -23.9 -265.2
20211031010505  -756.1 -23.8 -265.4
20211031010506  -756.1 -23.8 -265.4
20211031010507  -756.3 -23.7 -265.8
20211031010508  -755.7 -23.9 -266.0
20211031010509  -755.5 -23.7 -266.3
20211031010510  -755.4 -24.1 -266.8
20211031010511  -755.3 -24.1 -267.1
20211031010512  -755.5 -24.1 -267.0
20211031010513  -755.7 -24.4 -266.8
20211031010514  -755.1 -24.6 -266.5
20211031010515  -754.8 -24.6 -265.9
20211031010516  -755.0 -24.4 -265.7
20211031010517  -754.8 -24.2 -265.4
20211031010518  -754.6 -23.7 -265.1
20211031010519  -754.5 -23.5 -265.1
20211031010520  -754.4 -23.6 -265.1
20211031010521  -754.2 -23.2 -265.4
20211031010522  -753.9 -23.1 -265.6
20211031010523  -753.9 -22.8 -265.0
20211031010524  -753.5 -22.9 -265.2
20211031010525  -753.4 -22.9 -265.4
20211031010526  -753.2 -23.0 -265.7
20211031010527  -753.0 -23.4 -265.5
20211031010528  -752.9 -24.1 -265.5
20211031010529  -752.5 -24.4 -265.7
20211031010530  -752.8 -24.7 -265.6
20211031010531  -752.6 -24.6 -265.7
20211031010532  -752.5 -25.0 -266.0
20211031010533  -752.5 -25.3 -266.0
20211031010534  -752.3 -25.0 -266.0
20211031010535  -752.1 -25.0 -265.8
20211031010536  -752.4 -24.8 -265.5
20211031010537  -752.3 -25.0 -266.0
20211031010538  -752.6 -24.7 -265.8
20211031010539  -752.8 -25.1 -265.9
20211031010540  -752.5 -24.8 -265.6
20211031010541  -752.8 -24.6 -265.6
20211031010542  -752.8 -24.2 -265.1
20211031010543  -752.7 -24.4 -264.9
20211031010544  -752.1 -24.2 -265.1
20211031010545  -751.5 -24.2 -265.1
20211031010546  -751.8 -24.5 -265.4
20211031010547  -751.8 -24.9 -265.8
20211031010548  -751.5 -24.9 -266.2
20211031010549  -751.7 -25.1 -266.1
20211031010550  -751.7 -25.0 -266.2
20211031010551  -751.5 -24.8 -266.3
20211031010552  -751.5 -24.5 -266.2
20211031010553  -751.8 -24.8 -266.5
20211031010554  -752.0 -24.9 -266.8
20211031010555  -752.0 -25.4 -266.8
20211031010556  -752.1 -25.6 -266.7
20211031010557  -751.9 -25.6 -266.8
20211031010558  -752.1 -25.7 -266.8
20211031010559  -752.1 -25.4 -266.4
20211031010600  -752.0 -25.1 -266.2
20211031010601  -751.9 -24.9 -266.1
20211031010602  -751.6 -24.8 -265.7
20211031010603  -751.3 -24.7 -265.6
20211031010604  -751.2 -24.6 -265.9
20211031010605  -750.9 -24.8 -266.1
20211031010606  -750.6 -24.4 -266.2
20211031010607  -750.4 -24.3 -266.8
20211031010608  -750.0 -24.6 -266.9
20211031010609  -750.0 -24.9 -267.4
20211031010610  -750.0 -24.8 -267.3
20211031010611  -750.3 -24.6 -267.4
20211031010612  -750.5 -24.3 -267.3
