20211103234106  -761.2 -51.4 -189.7
20211103234107  -761.0 -51.4 -189.8
20211103234108  -761.1 -51.0 -190.1
20211103234109  -760.9 -50.7 -190.1
20211103234110  -760.9 -51.0 -190.3
20211103234111  -761.2 -50.8 -190.4
20211103234112  -761.2 -50.3 -190.2
20211103234113  -761.4 -50.1 -190.2
20211103234114  -761.5 -49.9 -190.4
20211103234115  -761.5 -49.8 -190.7
20211103234116  -761.8 -49.4 -191.0
20211103234117  -761.8 -49.1 -191.1
20211103234118  -762.0 -48.9 -191.3
20211103234119  -762.1 -48.9 -191.4
20211103234120  -762.1 -48.5 -191.3
20211103234121  -762.1 -48.3 -191.5
20211103234122  -762.2 -48.1 -191.3
20211103234123  -761.9 -48.1 -191.2
20211103234124  -762.1 -47.6 -191.3
20211103234125  -762.2 -47.7 -191.5
20211103234126  -762.2 -47.6 -191.7
20211103234127  -762.2 -47.1 -191.5
20211103234128  -762.4 -47.2 -191.8
20211103234129  -762.4 -47.2 -191.7
20211103234130  -762.4 -47.0 -191.8
20211103234131  -762.3 -46.9 -192.0
20211103234132  -762.3 -46.8 -192.3
20211103234133  -762.6 -46.5 -192.6
20211103234134  -762.5 -46.6 -193.1
20211103234135  -762.4 -46.4 -192.9
20211103234136  -762.9 -46.3 -193.2
20211103234137  -763.1 -46.1 -193.1
20211103234138  -762.8 -45.9 -192.9
20211103234139  -763.4 -45.9 -193.2
20211103234140  -763.3 -45.8 -193.3
20211103234141  -763.8 -46.0 -193.5
20211103234142  -763.8 -45.6 -193.4
20211103234143  -763.8 -45.5 -193.7
20211103234144  -763.9 -45.5 -193.3
20211103234145  -764.1 -45.1 -193.3
20211103234146  -764.4 -44.8 -193.9
20211103234147  -764.5 -44.7 -193.8
20211103234148  -764.7 -44.5 -194.0
20211103234149  -764.5 -44.5 -193.9
20211103234150  -764.6 -44.6 -193.8
20211103234151  -764.7 -44.4 -194.2
20211103234152  -764.8 -44.5 -194.4
20211103234153  -765.0 -44.1 -194.3
20211103234154  -764.8 -44.1 -194.3
20211103234155  -764.7 -44.0 -194.4
20211103234156  -765.0 -43.8 -194.8
20211103234157  -765.2 -43.8 -194.8
20211103234158  -765.1 -43.8 -194.6
20211103234159  -765.1 -43.7 -194.5
20211103234200  -765.4 -43.5 -194.7
20211103234201  -765.5 -43.3 -194.9
20211103234202  -765.6 -43.1 -194.9
20211103234203  -765.5 -43.0 -194.8
20211103234204  -765.6 -42.8 -194.6
20211103234205  -765.7 -42.6 -194.8
20211103234206  -765.6 -42.5 -194.9
20211103234207  -765.5 -42.4 -194.8
20211103234208  -765.4 -42.3 -195.1
20211103234209  -765.4 -42.2 -195.1
20211103234210  -765.5 -42.0 -195.2
20211103234211  -765.5 -41.8 -195.2
20211103234212  -765.6 -41.8 -195.5
20211103234213  -765.4 -41.6 -195.6
20211103234214  -765.2 -41.6 -195.6
20211103234215  -765.2 -41.4 -195.6
20211103234216  -765.1 -41.4 -195.6
20211103234217  -765.1 -41.3 -195.7
20211103234218  -765.5 -41.5 -195.6
20211103234219  -765.1 -41.4 -195.5
20211103234220  -765.0 -41.4 -195.8
20211103234221  -765.0 -41.7 -195.6
20211103234222  -765.2 -41.7 -195.8
20211103234223  -764.9 -41.3 -196.2
20211103234224  -764.7 -41.2 -196.3
20211103234225  -765.0 -41.2 -196.2
20211103234226  -764.9 -41.1 -196.4
20211103234227  -764.9 -40.8 -196.8
20211103234228  -764.6 -41.0 -196.8
20211103234229  -764.7 -41.0 -197.0
20211103234230  -764.8 -40.8 -197.0
20211103234231  -764.5 -41.0 -196.7
20211103234232  -764.7 -41.1 -197.0
20211103234233  -764.7 -40.9 -197.1
20211103234234  -764.8 -41.0 -197.1
20211103234235  -764.7 -40.9 -197.3
20211103234236  -764.8 -40.9 -197.3
20211103234237  -764.8 -40.8 -197.2
20211103234238  -764.7 -40.8 -197.2
20211103234239  -764.3 -41.2 -197.0
20211103234240  -764.4 -41.1 -197.0
20211103234241  -763.6 -41.1 -197.3
20211103234242  -763.6 -40.9 -197.0
20211103234243  -763.4 -41.1 -197.0
20211103234244  -763.1 -41.2 -197.1
20211103234245  -762.7 -41.3 -197.4
20211103234246  -762.5 -41.5 -197.5
20211103234247  -762.5 -41.9 -197.3
20211103234248  -762.3 -42.2 -197.3
20211103234249  -762.4 -41.9 -197.4
20211103234250  -762.3 -41.8 -197.5
20211103234251  -762.2 -42.1 -197.3
20211103234252  -762.0 -41.8 -197.2
20211103234253  -762.1 -41.9 -197.8
20211103234254  -761.8 -42.2 -198.1
20211103234255  -761.7 -42.2 -197.8
20211103234256  -761.7 -42.8 -198.0
20211103234257  -761.7 -42.8 -197.8
20211103234258  -761.5 -42.9 -197.5
20211103234259  -761.7 -42.8 -197.9
20211103234300  -761.7 -43.0 -197.9
20211103234301  -761.5 -43.1 -197.8
20211103234302  -761.4 -43.2 -198.0
20211103234303  -760.8 -43.3 -198.3
20211103234304  -760.8 -43.3 -197.9
20211103234305  -760.7 -43.6 -197.8
20211103234306  -760.4 -43.7 -197.7
20211103234307  -760.0 -43.9 -197.9
20211103234308  -759.8 -44.2 -197.9
20211103234309  -759.9 -44.4 -197.9
20211103234310  -759.4 -44.6 -197.9
20211103234311  -759.1 -44.6 -197.9
20211103234312  -758.8 -44.7 -197.9
20211103234313  -758.3 -44.4 -197.9
20211103234314  -758.0 -44.6 -198.0
20211103234315  -757.5 -44.7 -197.8
20211103234316  -757.0 -45.1 -197.9
20211103234317  -756.8 -45.3 -198.0
20211103234318  -756.4 -45.5 -198.0
20211103234319  -756.0 -45.8 -197.9
20211103234320  -755.1 -46.1 -198.0
20211103234321  -755.1 -45.8 -198.1
20211103234322  -754.8 -46.3 -198.2
20211103234323  -754.5 -46.3 -198.1
20211103234324  -754.0 -46.6 -197.9
20211103234325  -753.3 -46.4 -197.7
20211103234326  -753.4 -46.2 -198.0
20211103234327  -753.2 -46.0 -198.2
20211103234328  -753.0 -46.0 -198.3
20211103234329  -752.3 -46.1 -198.1
20211103234330  -752.4 -46.0 -198.4
20211103234331  -752.0 -46.3 -198.3
20211103234332  -751.7 -46.9 -197.9
20211103234333  -751.3 -47.2 -198.2
20211103234334  -750.9 -48.0 -198.3
20211103234335  -750.6 -48.5 -198.3
20211103234336  -750.2 -48.6 -198.2
20211103234337  -749.9 -48.6 -198.2
20211103234338  -749.5 -48.7 -197.8
20211103234339  -749.3 -48.7 -197.6
20211103234340  -748.9 -48.8 -197.5
20211103234341  -748.9 -48.9 -197.7
20211103234342  -748.8 -49.0 -198.0
20211103234343  -748.5 -49.2 -198.2
20211103234344  -748.2 -49.4 -198.1
20211103234345  -748.0 -50.0 -197.9
20211103234346  -747.7 -50.5 -197.7
20211103234347  -747.2 -50.7 -197.2
20211103234348  -746.9 -50.6 -197.1
20211103234349  -746.7 -50.1 -197.0
20211103234350  -746.5 -50.1 -197.3
20211103234351  -746.6 -50.0 -198.0
20211103234352  -746.5 -50.3 -197.9
20211103234353  -746.6 -50.9 -197.9
20211103234354  -746.1 -51.4 -198.2
20211103234355  -746.0 -51.8 -197.9
20211103234356  -745.4 -51.7 -197.6
20211103234357  -745.2 -51.9 -197.4
20211103234358  -744.8 -52.1 -196.7
20211103234359  -744.2 -52.1 -196.7
20211103234400  -743.4 -52.3 -196.5
20211103234401  -743.2 -52.7 -196.4
20211103234402  -742.6 -53.1 -196.6
20211103234403  -742.1 -53.4 -196.8
20211103234404  -741.8 -53.1 -196.8
20211103234405  -741.6 -53.5 -197.1
20211103234406  -741.3 -53.5 -197.0
20211103234407  -741.1 -53.6 -196.9
20211103234408  -740.5 -53.7 -196.7
20211103234409  -740.4 -54.1 -196.8
20211103234410  -740.2 -54.5 -196.9
20211103234411  -740.2 -54.8 -197.1
20211103234412  -739.9 -55.1 -197.1
20211103234413  -739.3 -55.5 -196.9
20211103234414  -738.7 -56.0 -196.9
20211103234415  -738.7 -56.0 -196.5
20211103234416  -738.6 -56.5 -196.1
20211103234417  -738.2 -56.8 -196.3
20211103234418  -738.0 -57.0 -196.4
20211103234419  -737.6 -57.7 -196.5
20211103234420  -737.5 -57.7 -196.4
20211103234421  -737.5 -57.3 -196.4
20211103234422  -737.6 -57.3 -196.4
20211103234423  -737.6 -57.2 -196.6
20211103234424  -737.5 -57.5 -196.3
20211103234425  -737.5 -58.0 -195.9
20211103234426  -737.2 -58.3 -196.2
20211103234427  -737.2 -58.7 -196.3
20211103234428  -737.1 -58.7 -196.4
20211103234429  -737.2 -58.8 -196.0
20211103234430  -737.0 -58.8 -195.8
20211103234431  -737.0 -58.9 -196.0
20211103234432  -737.1 -59.2 -195.8
20211103234433  -737.3 -59.6 -196.1
20211103234434  -737.3 -59.9 -196.2
20211103234435  -737.3 -60.2 -195.7
20211103234436  -737.4 -60.6 -195.4
20211103234437  -737.1 -60.9 -195.1
20211103234438  -736.9 -61.0 -195.1
20211103234439  -737.1 -61.2 -195.3
20211103234440  -737.2 -61.4 -195.7
20211103234441  -737.2 -61.0 -195.6
20211103234442  -737.2 -61.6 -195.8
20211103234443  -737.6 -61.8 -195.4
20211103234444  -737.7 -61.7 -195.4
20211103234445  -737.9 -62.1 -194.9
20211103234446  -738.0 -62.4 -194.8
20211103234447  -738.0 -62.2 -194.7
20211103234448  -737.9 -62.8 -194.6
20211103234449  -738.2 -62.7 -194.2
20211103234450  -738.2 -62.8 -194.1
20211103234451  -738.5 -63.0 -194.2
20211103234452  -738.8 -63.0 -194.6
20211103234453  -738.7 -63.2 -194.6
20211103234454  -738.8 -63.6 -194.7
20211103234455  -738.9 -64.1 -194.6
20211103234456  -739.2 -64.3 -194.4
20211103234457  -739.3 -64.1 -194.7
20211103234458  -739.7 -64.6 -194.5
20211103234459  -740.0 -65.0 -194.2
20211103234500  -740.2 -65.1 -194.1
20211103234501  -740.1 -65.2 -194.0
20211103234502  -739.5 -65.3 -193.3
20211103234503  -739.9 -65.2 -193.3
20211103234504  -739.9 -65.0 -193.1
20211103234505  -740.3 -64.8 -193.1
20211103234506  -740.9 -64.9 -193.4
20211103234507  -741.1 -65.0 -193.2
20211103234508  -741.3 -64.9 -193.3
20211103234509  -741.6 -65.1 -193.1
20211103234510  -741.5 -65.2 -193.1
20211103234511  -741.9 -65.3 -193.1
20211103234512  -741.5 -65.4 -193.0
20211103234513  -741.8 -65.3 -193.1
20211103234514  -742.1 -65.1 -193.5
20211103234515  -742.5 -65.1 -193.5
20211103234516  -742.6 -65.2 -193.6
20211103234517  -742.7 -64.9 -193.7
20211103234518  -743.2 -65.1 -193.8
20211103234519  -743.2 -65.5 -193.6
20211103234520  -743.2 -65.7 -193.4
20211103234521  -743.4 -65.8 -193.5
20211103234522  -742.9 -65.9 -193.3
20211103234523  -743.2 -66.1 -193.3
20211103234524  -743.7 -65.8 -193.3
20211103234525  -743.7 -66.0 -192.8
20211103234526  -743.4 -65.7 -192.5
20211103234527  -743.6 -65.8 -192.6
20211103234528  -744.2 -65.8 -192.6
20211103234529  -744.2 -65.7 -193.0
20211103234530  -744.3 -65.3 -193.0
20211103234531  -744.6 -65.0 -192.9
20211103234532  -744.0 -65.0 -192.2
20211103234533  -744.8 -65.0 -192.6
20211103234534  -745.0 -65.2 -192.6
20211103234535  -745.0 -65.0 -192.4
20211103234536  -745.0 -65.0 -192.2
20211103234537  -745.0 -65.3 -191.8
20211103234538  -745.0 -65.3 -191.9
20211103234539  -745.0 -65.2 -191.6
20211103234540  -745.4 -65.4 -191.8
20211103234541  -745.4 -65.3 -191.9
20211103234542  -745.7 -65.3 -191.7
20211103234543  -745.5 -65.3 -191.8
20211103234544  -745.3 -65.1 -191.5
20211103234545  -745.3 -65.1 -191.3
20211103234546  -745.2 -65.0 -191.7
20211103234547  -745.4 -65.1 -191.4
20211103234548  -745.5 -65.3 -191.7
20211103234549  -745.5 -65.3 -191.9
20211103234550  -745.7 -65.4 -191.9
20211103234551  -745.6 -65.2 -191.6
20211103234552  -745.6 -65.3 -191.6
20211103234553  -745.5 -65.1 -191.7
20211103234554  -745.2 -65.1 -191.7
20211103234555  -745.4 -65.1 -191.8
20211103234556  -745.4 -64.8 -191.6
20211103234557  -745.4 -64.6 -191.6
20211103234558  -745.3 -64.4 -191.4
20211103234559  -745.2 -64.3 -191.5
20211103234600  -745.4 -64.3 -191.9
20211103234601  -745.2 -64.2 -191.7
20211103234602  -744.6 -64.0 -191.1
20211103234603  -744.2 -63.2 -190.4
20211103234604  -744.7 -63.2 -190.8
20211103234605  -744.3 -63.1 -190.6
20211103234606  -744.3 -63.0 -190.7
20211103234607  -744.1 -62.7 -190.6
20211103234608  -744.3 -62.7 -190.7
20211103234609  -744.2 -62.3 -190.6
20211103234610  -743.8 -61.9 -190.8
20211103234611  -743.7 -61.7 -190.6
20211103234612  -743.5 -61.1 -190.7
20211103234613  -743.8 -61.0 -190.7
20211103234614  -743.4 -61.0 -190.4
20211103234615  -743.7 -60.7 -190.4
20211103234616  -743.8 -60.7 -190.3
20211103234617  -743.5 -60.3 -190.4
20211103234618  -743.4 -60.0 -190.5
20211103234619  -743.5 -59.8 -190.3
20211103234620  -743.2 -59.4 -190.3
20211103234621  -743.5 -59.1 -190.3
20211103234622  -743.4 -58.9 -190.2
20211103234623  -743.5 -58.8 -190.0
20211103234624  -743.3 -58.4 -189.6
20211103234625  -743.1 -58.1 -189.8
20211103234626  -742.9 -57.9 -190.1
20211103234627  -742.7 -57.7 -190.0
20211103234628  -742.5 -57.6 -189.7
20211103234629  -742.3 -57.3 -189.6
20211103234630  -742.6 -56.9 -189.9
20211103234631  -742.1 -57.0 -190.0
20211103234632  -741.8 -56.5 -189.8
20211103234633  -741.0 -55.9 -188.8
20211103234634  -741.5 -55.9 -189.4
20211103234635  -741.2 -55.6 -189.3
20211103234636  -741.0 -55.5 -189.7
20211103234637  -740.9 -54.8 -189.2
20211103234638  -740.6 -54.8 -189.3
20211103234639  -740.1 -54.5 -189.2
20211103234640  -740.1 -54.4 -189.4
20211103234641  -739.7 -54.0 -189.4
20211103234642  -739.5 -53.7 -189.6
20211103234643  -739.1 -53.6 -189.5
20211103234644  -738.9 -53.1 -189.5
20211103234645  -738.6 -52.9 -189.4
20211103234646  -738.3 -52.5 -189.2
20211103234647  -738.0 -52.4 -189.2
20211103234648  -737.8 -52.5 -189.5
20211103234649  -737.4 -52.2 -189.3
20211103234650  -737.2 -52.1 -189.6
20211103234651  -737.1 -52.0 -189.6
20211103234652  -736.8 -51.6 -189.3
20211103234653  -736.7 -51.7 -189.5
20211103234654  -736.3 -51.3 -189.7
20211103234655  -735.8 -51.3 -189.5
20211103234656  -735.7 -51.0 -189.5
20211103234657  -735.8 -50.7 -189.5
20211103234658  -735.6 -50.7 -189.4
20211103234659  -735.2 -50.6 -189.2
20211103234700  -734.9 -50.2 -189.1
20211103234701  -734.6 -50.3 -189.3
20211103234702  -734.4 -50.2 -189.5
20211103234703  -733.5 -49.9 -189.2
20211103234704  -734.1 -49.9 -189.8
20211103234705  -733.8 -49.4 -189.8
20211103234706  -733.4 -49.4 -189.7
20211103234707  -733.2 -49.1 -189.9
20211103234708  -733.2 -49.0 -189.8
20211103234709  -733.1 -48.7 -189.8
20211103234710  -732.7 -48.4 -189.7
20211103234711  -732.9 -48.4 -189.7
20211103234712  -733.1 -48.3 -189.5
20211103234713  -732.8 -47.9 -189.6
20211103234714  -732.9 -47.7 -189.9
20211103234715  -733.0 -47.7 -189.8
20211103234716  -732.7 -47.6 -189.9
20211103234717  -732.3 -47.4 -189.9
20211103234718  -732.5 -47.3 -189.9
20211103234719  -732.6 -47.0 -189.7
20211103234720  -732.3 -47.1 -189.8
20211103234721  -732.7 -47.1 -189.8
20211103234722  -732.5 -47.0 -190.0
20211103234723  -732.5 -47.1 -189.6
20211103234724  -732.8 -47.0 -189.7
20211103234725  -732.9 -46.9 -189.7
20211103234726  -732.8 -46.7 -190.0
20211103234727  -733.0 -46.5 -190.0
20211103234728  -733.1 -46.7 -190.1
20211103234729  -733.4 -46.4 -190.2
20211103234730  -733.4 -46.4 -190.2
20211103234731  -733.4 -46.6 -189.8
20211103234732  -733.7 -46.8 -190.0
20211103234733  -733.0 -46.7 -189.6
20211103234734  -733.7 -46.7 -189.5
20211103234735  -734.0 -46.8 -189.9
20211103234736  -734.0 -46.8 -189.7
20211103234737  -734.1 -46.7 -189.5
20211103234738  -734.4 -46.7 -189.7
20211103234739  -734.5 -46.8 -189.2
20211103234740  -734.8 -47.2 -189.3
20211103234741  -734.9 -47.5 -189.2
20211103234742  -734.8 -47.3 -189.1
20211103234743  -735.3 -47.1 -188.6
20211103234744  -735.4 -47.2 -188.5
20211103234745  -735.5 -47.4 -188.3
20211103234746  -735.3 -47.3 -188.1
20211103234747  -735.4 -47.5 -188.1
20211103234748  -735.5 -47.8 -188.0
20211103234749  -735.1 -47.9 -187.9
20211103234750  -735.1 -47.8 -187.9
20211103234751  -735.5 -48.1 -187.7
20211103234752  -735.4 -48.2 -187.8
20211103234753  -735.5 -48.4 -187.6
20211103234754  -735.4 -48.3 -187.1
20211103234755  -735.2 -48.6 -186.7
20211103234756  -735.1 -48.9 -186.6
20211103234757  -735.2 -48.6 -186.6
20211103234758  -735.0 -48.8 -186.4
20211103234759  -735.1 -48.9 -186.4
20211103234800  -735.1 -49.1 -186.4
20211103234801  -735.2 -49.2 -186.2
20211103234802  -735.2 -49.2 -186.0
20211103234803  -734.8 -49.4 -185.9
20211103234804  -735.0 -49.4 -185.6
20211103234805  -735.1 -49.5 -185.4
20211103234806  -735.0 -49.7 -185.4
20211103234807  -735.0 -50.2 -185.4
20211103234808  -735.4 -50.3 -185.1
20211103234809  -735.6 -50.4 -185.5
20211103234810  -735.7 -50.9 -185.5
20211103234811  -736.0 -51.1 -185.3
20211103234812  -736.3 -51.1 -185.2
20211103234813  -736.5 -51.4 -185.1
20211103234814  -737.0 -51.7 -184.8
20211103234815  -737.4 -52.0 -184.7
20211103234816  -737.7 -52.1 -184.1
20211103234817  -738.1 -52.3 -184.0
20211103234818  -738.3 -52.1 -183.9
20211103234819  -738.6 -52.3 -183.5
20211103234820  -739.1 -52.5 -183.1
20211103234821  -739.4 -52.6 -182.9
20211103234822  -739.8 -52.5 -182.4
20211103234823  -739.9 -52.6 -181.7
20211103234824  -740.0 -52.9 -181.6
20211103234825  -740.4 -53.1 -181.1
20211103234826  -740.1 -53.1 -180.7
20211103234827  -740.2 -53.2 -180.0
20211103234828  -739.7 -52.9 -179.6
20211103234829  -739.9 -53.1 -179.1
20211103234830  -739.5 -53.1 -178.8
20211103234831  -739.2 -53.4 -178.8
20211103234832  -738.6 -53.5 -178.5
