20211031231851  -835.6 -52.3 -235.2
20211031231852  -835.4 -52.1 -235.0
20211031231853  -835.4 -52.5 -235.3
20211031231854  -835.5 -52.4 -235.1
20211031231855  -835.5 -52.3 -235.1
20211031231856  -835.3 -52.5 -235.2
20211031231857  -835.3 -52.4 -235.3
20211031231858  -835.3 -52.4 -235.1
20211031231859  -835.3 -52.5 -234.8
20211031231900  -834.9 -52.6 -235.1
20211031231901  -835.0 -52.7 -235.2
20211031231902  -834.8 -52.6 -235.3
20211031231903  -834.2 -52.5 -234.6
20211031231904  -834.5 -52.6 -234.8
20211031231905  -834.2 -52.5 -234.7
20211031231906  -834.0 -52.6 -234.9
20211031231907  -834.0 -52.8 -235.1
20211031231908  -834.0 -52.5 -235.1
20211031231909  -834.0 -52.4 -235.0
20211031231910  -834.0 -52.8 -235.2
20211031231911  -834.0 -52.7 -235.4
20211031231912  -833.6 -52.7 -235.5
20211031231913  -833.5 -52.6 -235.5
20211031231914  -833.6 -52.7 -235.6
20211031231915  -833.4 -52.5 -235.4
20211031231916  -833.3 -52.4 -235.5
20211031231917  -833.3 -52.7 -235.5
20211031231918  -833.2 -52.3 -235.9
20211031231919  -833.1 -52.2 -236.1
20211031231920  -833.0 -52.3 -235.9
20211031231921  -832.9 -52.5 -235.7
20211031231922  -832.8 -52.4 -236.1
20211031231923  -832.7 -52.3 -236.2
20211031231924  -832.9 -52.3 -236.1
20211031231925  -833.0 -52.1 -236.3
20211031231926  -833.0 -52.1 -236.3
20211031231927  -833.0 -52.7 -236.5
20211031231928  -832.8 -52.4 -236.5
20211031231929  -833.1 -52.5 -236.4
20211031231930  -833.0 -52.8 -236.6
20211031231931  -832.8 -52.9 -236.7
20211031231932  -832.8 -53.1 -236.8
20211031231933  -832.2 -53.2 -236.4
20211031231934  -832.0 -53.2 -236.2
20211031231935  -832.2 -53.4 -236.5
20211031231936  -832.2 -53.5 -236.4
20211031231937  -832.4 -53.1 -236.7
20211031231938  -831.9 -53.4 -236.6
20211031231939  -832.2 -53.5 -236.6
20211031231940  -832.0 -53.1 -236.7
20211031231941  -832.0 -53.0 -236.5
20211031231942  -831.9 -52.8 -236.6
20211031231943  -831.8 -52.7 -236.4
20211031231944  -831.9 -52.4 -236.5
20211031231945  -831.5 -52.5 -236.5
20211031231946  -831.6 -52.9 -236.8
20211031231947  -831.6 -52.9 -236.9
20211031231948  -831.4 -52.9 -236.9
20211031231949  -831.4 -52.9 -236.8
20211031231950  -831.2 -52.9 -236.6
20211031231951  -831.2 -52.9 -236.8
20211031231952  -831.3 -52.7 -237.1
20211031231953  -831.3 -52.9 -237.2
20211031231954  -831.4 -52.8 -237.1
20211031231955  -831.5 -52.9 -237.0
20211031231956  -831.4 -53.0 -237.0
20211031231957  -831.5 -53.2 -237.4
20211031231958  -831.2 -53.2 -237.3
20211031231959  -831.3 -52.8 -237.2
20211031232000  -831.1 -52.6 -237.3
20211031232001  -831.0 -52.7 -237.2
20211031232002  -830.8 -52.7 -237.3
20211031232003  -830.9 -52.8 -237.3
20211031232004  -830.0 -52.9 -236.9
20211031232005  -830.5 -52.9 -237.5
20211031232006  -830.5 -52.5 -237.6
20211031232007  -830.6 -53.0 -237.5
20211031232008  -830.7 -53.0 -237.6
20211031232009  -830.6 -53.1 -237.7
20211031232010  -830.6 -53.0 -237.7
20211031232011  -830.7 -53.2 -237.7
20211031232012  -830.5 -53.2 -237.7
20211031232013  -830.9 -53.1 -238.1
20211031232014  -830.8 -52.9 -237.9
20211031232015  -830.9 -53.0 -238.1
20211031232016  -830.9 -53.0 -238.2
20211031232017  -830.6 -53.3 -238.2
20211031232018  -830.8 -53.5 -237.9
20211031232019  -830.7 -53.5 -238.0
20211031232020  -830.9 -53.2 -238.2
20211031232021  -830.8 -53.4 -238.0
20211031232022  -830.9 -53.2 -238.3
20211031232023  -830.9 -53.3 -238.5
20211031232024  -830.8 -53.4 -238.6
20211031232025  -831.1 -53.2 -238.4
20211031232026  -831.2 -53.2 -238.6
20211031232027  -831.1 -53.2 -238.6
20211031232028  -831.0 -53.2 -238.8
20211031232029  -831.2 -53.4 -238.8
20211031232030  -831.5 -53.3 -238.8
20211031232031  -831.6 -53.3 -239.0
20211031232032  -831.4 -53.5 -238.7
20211031232033  -831.2 -53.4 -238.8
20211031232034  -830.5 -53.4 -238.1
20211031232035  -830.4 -53.3 -238.4
20211031232036  -830.9 -53.5 -238.7
20211031232037  -831.0 -53.3 -238.9
20211031232038  -831.1 -53.5 -238.8
20211031232039  -831.4 -53.5 -239.0
20211031232040  -831.0 -53.6 -239.1
20211031232041  -831.2 -53.8 -239.3
20211031232042  -831.5 -53.6 -239.3
20211031232043  -831.2 -53.8 -239.6
20211031232044  -831.3 -53.7 -239.4
20211031232045  -831.3 -53.8 -239.4
20211031232046  -831.2 -53.8 -239.2
20211031232047  -831.1 -53.5 -239.3
20211031232048  -831.3 -53.7 -239.6
20211031232049  -831.3 -53.7 -239.7
20211031232050  -831.6 -54.0 -239.5
20211031232051  -831.4 -53.9 -239.5
20211031232052  -831.3 -53.9 -239.6
20211031232053  -831.0 -53.8 -240.0
20211031232054  -831.5 -53.9 -239.9
20211031232055  -831.3 -54.0 -239.5
20211031232056  -831.5 -54.0 -240.0
20211031232057  -831.4 -53.9 -239.8
20211031232058  -831.6 -54.1 -239.9
20211031232059  -831.4 -53.9 -239.6
20211031232100  -831.3 -53.8 -239.6
20211031232101  -831.2 -53.8 -239.9
20211031232102  -830.9 -53.7 -239.8
20211031232103  -831.1 -53.6 -239.7
20211031232104  -830.0 -53.7 -239.3
20211031232105  -829.8 -53.5 -238.8
20211031232106  -830.4 -53.5 -239.4
20211031232107  -830.6 -53.8 -239.7
20211031232108  -830.4 -53.5 -239.7
20211031232109  -830.3 -53.6 -239.8
20211031232110  -830.6 -53.6 -240.1
20211031232111  -830.9 -53.8 -239.9
20211031232112  -830.9 -53.9 -240.2
20211031232113  -831.0 -53.5 -240.6
20211031232114  -830.9 -54.0 -240.7
20211031232115  -830.7 -53.7 -240.4
20211031232116  -830.3 -53.8 -240.4
20211031232117  -830.7 -53.9 -240.5
20211031232118  -831.0 -53.9 -240.7
20211031232119  -831.2 -53.8 -240.7
20211031232120  -830.7 -54.0 -240.5
20211031232121  -830.9 -54.2 -240.4
20211031232122  -830.8 -54.0 -240.3
20211031232123  -830.9 -53.9 -240.3
20211031232124  -831.0 -54.1 -240.5
20211031232125  -830.7 -54.2 -240.6
20211031232126  -831.0 -53.8 -240.5
20211031232127  -830.8 -54.1 -240.6
20211031232128  -830.7 -54.2 -240.7
20211031232129  -831.1 -54.6 -240.6
20211031232130  -831.0 -54.4 -240.7
20211031232131  -831.3 -54.5 -240.8
20211031232132  -831.3 -54.6 -240.7
20211031232133  -831.6 -54.6 -240.7
20211031232134  -831.3 -54.6 -240.6
20211031232135  -831.2 -54.5 -240.1
20211031232136  -831.8 -54.6 -240.7
20211031232137  -832.3 -54.4 -240.6
20211031232138  -832.4 -54.3 -240.8
20211031232139  -832.5 -54.5 -240.8
20211031232140  -832.3 -54.5 -240.8
20211031232141  -832.6 -54.8 -240.9
20211031232142  -832.9 -54.7 -241.0
20211031232143  -833.1 -54.6 -240.9
20211031232144  -833.2 -54.7 -240.9
20211031232145  -833.1 -54.8 -241.0
20211031232146  -833.0 -55.0 -241.0
20211031232147  -833.2 -54.9 -240.5
20211031232148  -833.1 -54.8 -240.4
20211031232149  -833.1 -54.8 -240.2
20211031232150  -833.2 -54.6 -240.6
20211031232151  -833.2 -54.6 -240.7
20211031232152  -833.4 -54.7 -240.7
20211031232153  -833.5 -54.5 -240.6
20211031232154  -833.5 -54.3 -240.7
20211031232155  -833.7 -54.2 -240.4
20211031232156  -834.0 -54.3 -240.5
20211031232157  -834.1 -54.3 -240.9
20211031232158  -834.2 -54.0 -240.7
20211031232159  -834.6 -53.9 -240.8
20211031232200  -834.7 -54.0 -241.5
20211031232201  -834.7 -54.2 -241.3
20211031232202  -834.9 -53.9 -241.2
20211031232203  -835.1 -54.0 -241.4
20211031232204  -835.0 -53.8 -241.4
20211031232205  -834.6 -53.5 -240.7
20211031232206  -835.3 -53.8 -241.2
20211031232207  -835.4 -53.9 -241.6
20211031232208  -835.7 -53.8 -241.6
20211031232209  -835.9 -54.1 -241.3
20211031232210  -836.0 -53.7 -241.7
20211031232211  -836.1 -54.0 -241.7
20211031232212  -836.2 -53.7 -241.7
20211031232213  -836.7 -53.5 -241.8
20211031232214  -836.8 -54.0 -241.8
20211031232215  -837.3 -53.9 -242.1
20211031232216  -837.8 -54.2 -242.2
20211031232217  -838.1 -54.1 -242.2
20211031232218  -838.6 -54.1 -242.4
20211031232219  -839.1 -54.2 -242.7
20211031232220  -839.5 -54.2 -242.3
20211031232221  -840.1 -53.9 -242.4
20211031232222  -840.7 -53.7 -242.7
