20211210224527  -675.7 -51.4 -778.0
20211210224528  -675.9 -51.3 -778.1
20211210224529  -676.1 -51.4 -778.0
20211210224530  -676.1 -51.4 -778.3
20211210224531  -676.2 -51.4 -778.1
20211210224532  -676.5 -51.7 -778.0
20211210224533  -676.6 -51.6 -778.0
20211210224534  -676.9 -51.6 -778.5
20211210224535  -677.0 -51.2 -778.3
20211210224536  -677.1 -51.7 -778.2
20211210224537  -677.3 -51.4 -778.4
20211210224538  -677.7 -51.5 -778.2
20211210224539  -677.9 -51.5 -778.3
20211210224540  -678.1 -51.5 -778.5
20211210224541  -678.5 -51.4 -778.4
20211210224542  -678.6 -51.5 -778.1
20211210224543  -678.9 -51.4 -778.4
20211210224544  -679.1 -51.7 -778.4
20211210224545  -679.6 -51.6 -778.4
20211210224546  -679.5 -51.6 -778.4
20211210224547  -679.8 -51.7 -778.8
20211210224548  -679.9 -51.7 -778.9
20211210224549  -679.6 -51.5 -778.5
20211210224550  -679.7 -51.4 -778.0
20211210224551  -679.5 -51.2 -778.0
20211210224552  -679.7 -51.3 -777.7
20211210224553  -679.5 -51.4 -777.7
20211210224554  -680.4 -51.4 -778.0
20211210224555  -681.0 -51.4 -778.4
20211210224556  -681.2 -51.6 -778.3
20211210224557  -681.4 -51.8 -778.2
20211210224558  -681.6 -51.8 -778.8
20211210224559  -681.9 -51.8 -778.8
20211210224600  -681.8 -51.7 -778.9
20211210224601  -682.4 -51.7 -778.9
20211210224602  -682.6 -52.0 -778.9
20211210224603  -683.0 -51.9 -779.0
20211210224604  -683.1 -51.9 -779.0
20211210224605  -683.5 -51.9 -779.1
20211210224606  -684.0 -51.9 -779.0
20211210224607  -683.8 -51.8 -779.0
20211210224608  -684.0 -52.3 -779.2
20211210224609  -684.6 -52.4 -779.4
20211210224610  -685.0 -52.3 -779.5
20211210224611  -685.0 -52.4 -779.2
20211210224612  -685.2 -52.4 -779.4
20211210224613  -685.3 -52.4 -779.5
20211210224614  -685.5 -52.4 -779.5
20211210224615  -685.4 -52.6 -779.5
20211210224616  -685.7 -52.6 -779.5
20211210224617  -685.7 -52.7 -779.5
20211210224618  -685.8 -52.4 -779.7
20211210224619  -685.7 -52.7 -779.9
20211210224620  -685.3 -52.6 -779.5
20211210224621  -685.4 -52.4 -779.6
20211210224622  -685.3 -52.2 -779.2
20211210224623  -685.5 -52.2 -778.9
20211210224624  -686.3 -52.4 -779.7
20211210224625  -686.3 -52.4 -779.5
20211210224626  -686.5 -52.4 -779.7
20211210224627  -686.8 -52.3 -779.4
20211210224628  -687.1 -52.3 -779.6
20211210224629  -686.9 -52.1 -779.5
20211210224630  -686.8 -52.3 -779.6
20211210224631  -686.9 -52.3 -779.5
20211210224632  -686.6 -52.1 -779.8
20211210224633  -686.7 -52.0 -779.9
20211210224634  -686.6 -52.0 -779.6
20211210224635  -686.4 -52.2 -779.7
20211210224636  -686.5 -52.0 -779.9
20211210224637  -686.6 -52.0 -779.8
20211210224638  -686.5 -52.0 -779.9
20211210224639  -686.6 -51.8 -780.3
20211210224640  -686.7 -51.7 -780.2
20211210224641  -686.7 -51.7 -780.2
20211210224642  -686.7 -51.4 -780.3
20211210224643  -686.7 -51.3 -780.3
20211210224644  -686.4 -51.0 -780.6
20211210224645  -686.4 -51.4 -780.5
20211210224646  -686.6 -51.4 -780.6
20211210224647  -686.8 -51.3 -780.6
20211210224648  -686.7 -51.1 -780.6
20211210224649  -687.1 -51.3 -780.6
20211210224650  -686.3 -51.4 -780.1
20211210224651  -686.1 -51.2 -780.0
20211210224652  -685.8 -51.1 -779.9
20211210224653  -685.6 -51.2 -779.5
20211210224654  -686.1 -51.2 -779.7
20211210224655  -686.2 -51.2 -780.1
20211210224656  -685.9 -51.0 -780.1
20211210224657  -685.8 -50.9 -779.8
20211210224658  -685.5 -50.8 -779.8
20211210224659  -685.1 -50.6 -779.9
20211210224700  -684.9 -50.6 -779.7
20211210224701  -685.2 -50.5 -779.9
20211210224702  -684.9 -50.4 -779.7
20211210224703  -684.8 -50.5 -779.7
20211210224704  -684.5 -50.5 -779.6
20211210224705  -684.2 -50.3 -779.6
20211210224706  -684.3 -50.4 -779.6
20211210224707  -684.3 -50.4 -779.5
20211210224708  -684.0 -50.4 -779.4
20211210224709  -684.0 -50.6 -779.4
20211210224710  -683.9 -50.5 -779.0
20211210224711  -683.5 -50.3 -779.2
20211210224712  -683.5 -50.5 -779.4
20211210224713  -683.4 -50.5 -779.5
20211210224714  -683.3 -50.3 -779.4
20211210224715  -683.3 -50.2 -779.7
20211210224716  -683.3 -50.2 -779.8
20211210224717  -683.5 -50.3 -779.8
20211210224718  -683.8 -50.3 -779.9
20211210224719  -683.7 -50.3 -779.8
20211210224720  -683.5 -50.5 -779.1
20211210224721  -683.0 -50.3 -779.2
20211210224722  -682.6 -50.2 -778.7
20211210224723  -682.5 -50.3 -778.7
20211210224724  -683.1 -49.8 -778.7
20211210224725  -683.6 -50.4 -779.1
20211210224726  -683.8 -50.6 -779.4
20211210224727  -683.7 -50.5 -779.4
20211210224728  -684.0 -50.2 -779.5
20211210224729  -684.2 -50.5 -779.4
20211210224730  -684.7 -50.7 -779.6
20211210224731  -684.8 -51.1 -779.3
20211210224732  -685.0 -50.9 -778.9
20211210224733  -685.1 -51.1 -779.5
20211210224734  -685.0 -51.3 -779.5
20211210224735  -685.4 -51.0 -779.5
20211210224736  -686.2 -51.4 -779.4
20211210224737  -686.1 -51.4 -779.2
20211210224738  -686.1 -51.2 -779.5
20211210224739  -686.3 -51.7 -779.3
20211210224740  -686.5 -51.6 -779.3
20211210224741  -686.7 -51.6 -779.5
20211210224742  -686.5 -51.5 -779.1
20211210224743  -686.3 -51.9 -779.2
20211210224744  -686.5 -52.1 -779.0
20211210224745  -686.4 -52.2 -778.4
20211210224746  -686.5 -52.4 -778.6
20211210224747  -686.4 -52.2 -778.6
20211210224748  -686.3 -52.3 -778.6
20211210224749  -686.1 -52.2 -778.3
20211210224750  -686.4 -52.3 -778.6
20211210224751  -685.9 -52.3 -778.4
20211210224752  -685.4 -52.4 -777.7
20211210224753  -684.9 -52.6 -777.5
20211210224754  -685.0 -52.6 -777.5
20211210224755  -685.4 -52.8 -778.3
20211210224756  -685.4 -52.5 -778.1
20211210224757  -685.2 -52.9 -778.0
20211210224758  -685.0 -52.9 -778.0
20211210224759  -684.7 -53.0 -778.2
20211210224800  -684.4 -52.9 -777.8
20211210224801  -684.1 -53.0 -778.1
20211210224802  -684.0 -53.2 -778.0
20211210224803  -684.2 -53.5 -778.1
20211210224804  -684.0 -53.7 -778.0
20211210224805  -683.7 -53.6 -778.1
20211210224806  -683.8 -53.5 -777.7
20211210224807  -684.0 -53.7 -777.9
20211210224808  -683.9 -53.7 -778.1
20211210224809  -683.8 -53.4 -777.9
20211210224810  -683.7 -53.7 -777.8
20211210224811  -683.9 -54.0 -778.0
20211210224812  -683.8 -53.6 -778.1
20211210224813  -683.5 -53.7 -778.2
20211210224814  -683.8 -53.8 -778.3
20211210224815  -683.8 -53.8 -778.2
20211210224816  -684.1 -54.0 -778.4
20211210224817  -684.1 -53.9 -778.1
20211210224818  -683.5 -54.1 -778.3
20211210224819  -683.8 -54.3 -778.4
20211210224820  -683.8 -54.3 -778.2
20211210224821  -683.8 -54.2 -778.4
20211210224822  -683.3 -54.1 -778.3
20211210224823  -683.3 -54.1 -778.0
20211210224824  -683.4 -54.3 -777.6
20211210224825  -683.8 -54.0 -777.7
20211210224826  -684.5 -54.2 -778.4
20211210224827  -684.8 -54.2 -778.2
20211210224828  -684.7 -54.1 -778.3
20211210224829  -684.4 -54.4 -778.2
20211210224830  -684.7 -54.7 -778.4
20211210224831  -684.5 -54.4 -778.3
20211210224832  -684.8 -54.3 -778.4
20211210224833  -684.7 -54.5 -778.6
20211210224834  -684.9 -54.5 -778.4
20211210224835  -685.0 -55.0 -778.3
20211210224836  -685.0 -54.7 -778.8
20211210224837  -684.8 -54.9 -778.6
20211210224838  -684.9 -54.9 -778.6
20211210224839  -684.8 -55.0 -778.5
20211210224840  -684.6 -55.2 -778.7
20211210224841  -685.0 -55.5 -778.8
20211210224842  -685.2 -55.7 -778.8
20211210224843  -685.4 -55.8 -778.9
20211210224844  -685.3 -55.8 -778.9
20211210224845  -685.6 -56.0 -779.0
20211210224846  -685.8 -55.9 -779.4
20211210224847  -685.7 -56.1 -779.3
20211210224848  -685.9 -55.9 -779.4
20211210224849  -685.8 -55.7 -779.2
20211210224850  -685.7 -56.1 -779.3
20211210224851  -686.0 -56.4 -779.2
20211210224852  -685.4 -56.3 -779.0
20211210224853  -685.1 -56.3 -778.4
20211210224854  -685.1 -56.4 -778.8
20211210224855  -684.9 -56.6 -778.4
20211210224856  -685.4 -56.5 -778.2
20211210224857  -685.8 -56.6 -778.8
20211210224858  -685.9 -56.8 -778.5
20211210224859  -685.8 -57.1 -778.5
20211210224900  -685.5 -57.3 -778.7
20211210224901  -685.5 -57.2 -778.4
20211210224902  -685.5 -57.1 -778.3
20211210224903  -685.1 -57.3 -778.3
20211210224904  -684.8 -57.5 -778.3
20211210224905  -684.7 -57.7 -778.5
20211210224906  -684.7 -57.5 -778.2
20211210224907  -684.6 -57.3 -778.2
20211210224908  -684.1 -57.3 -778.1
20211210224909  -683.8 -57.4 -778.1
20211210224910  -683.6 -57.4 -777.9
20211210224911  -683.9 -57.5 -777.6
20211210224912  -683.6 -57.2 -777.3
20211210224913  -683.2 -57.1 -777.4
20211210224914  -683.1 -57.2 -777.7
20211210224915  -682.6 -57.1 -777.4
20211210224916  -682.6 -57.4 -777.4
20211210224917  -682.4 -57.7 -777.4
20211210224918  -681.9 -57.6 -777.3
20211210224919  -681.8 -57.7 -777.3
20211210224920  -682.3 -57.5 -777.7
20211210224921  -681.9 -57.6 -777.8
20211210224922  -681.6 -57.8 -777.7
20211210224923  -681.4 -57.8 -777.4
20211210224924  -681.6 -57.5 -777.4
20211210224925  -681.8 -57.5 -777.3
20211210224926  -681.5 -57.5 -777.2
20211210224927  -682.4 -57.5 -777.9
20211210224928  -682.8 -57.5 -777.7
20211210224929  -683.1 -57.4 -777.7
20211210224930  -682.9 -57.7 -777.6
20211210224931  -683.1 -58.0 -777.2
20211210224932  -683.1 -57.7 -777.2
20211210224933  -682.9 -57.9 -777.1
20211210224934  -682.8 -57.9 -776.8
20211210224935  -682.6 -57.8 -776.7
20211210224936  -682.5 -57.6 -776.8
20211210224937  -682.5 -57.6 -776.6
20211210224938  -682.5 -57.8 -777.0
20211210224939  -682.3 -57.8 -776.7
20211210224940  -682.1 -57.6 -776.8
20211210224941  -682.0 -57.9 -776.7
20211210224942  -682.2 -57.9 -776.7
20211210224943  -682.2 -58.2 -776.9
20211210224944  -682.3 -58.2 -776.7
20211210224945  -682.2 -58.1 -776.8
20211210224946  -682.2 -58.1 -776.7
20211210224947  -682.2 -58.1 -776.8
20211210224948  -682.2 -58.2 -776.8
20211210224949  -682.3 -58.4 -776.8
20211210224950  -682.4 -58.3 -776.7
20211210224951  -682.6 -58.2 -776.8
20211210224952  -682.1 -58.4 -776.7
20211210224953  -681.8 -58.3 -776.3
20211210224954  -682.4 -58.0 -776.2
20211210224955  -682.7 -58.4 -776.0
20211210224956  -682.6 -58.0 -776.1
20211210224957  -682.4 -58.0 -776.3
20211210224958  -682.4 -58.1 -776.4
20211210224959  -682.2 -57.9 -776.1
20211210225000  -682.3 -58.1 -776.1
20211210225001  -682.1 -58.3 -776.1
20211210225002  -682.1 -58.3 -776.1
20211210225003  -682.1 -58.1 -775.9
20211210225004  -682.0 -58.1 -775.8
20211210225005  -681.7 -57.9 -775.5
20211210225006  -681.9 -58.0 -775.6
20211210225007  -681.5 -58.0 -775.7
20211210225008  -681.5 -58.4 -775.6
20211210225009  -681.7 -58.3 -775.4
20211210225010  -681.9 -58.2 -775.7
20211210225011  -681.7 -58.1 -775.7
20211210225012  -681.6 -58.1 -775.4
20211210225013  -681.7 -58.3 -775.0
20211210225014  -681.6 -58.2 -775.3
20211210225015  -681.0 -58.0 -775.0
20211210225016  -681.3 -58.2 -775.2
20211210225017  -680.9 -58.1 -774.9
20211210225018  -680.6 -58.0 -774.8
20211210225019  -680.0 -57.9 -774.5
20211210225020  -679.7 -57.9 -774.5
20211210225021  -680.1 -58.2 -774.3
20211210225022  -679.7 -58.2 -774.3
20211210225023  -679.7 -58.2 -774.3
20211210225024  -679.7 -58.1 -774.4
20211210225025  -679.4 -58.0 -774.0
20211210225026  -679.4 -58.2 -774.3
20211210225027  -679.2 -58.4 -774.6
20211210225028  -679.0 -58.2 -774.6
20211210225029  -678.8 -58.2 -774.3
20211210225030  -678.7 -58.3 -774.1
20211210225031  -678.5 -58.3 -774.2
20211210225032  -678.3 -58.3 -774.0
20211210225033  -678.3 -58.2 -774.2
20211210225034  -678.4 -58.5 -774.2
20211210225035  -678.2 -58.8 -774.4
20211210225036  -678.1 -58.5 -774.6
20211210225037  -678.1 -58.2 -774.5
20211210225038  -678.1 -58.3 -774.1
20211210225039  -678.0 -58.2 -774.3
20211210225040  -678.2 -58.4 -774.4
20211210225041  -677.9 -58.8 -774.7
20211210225042  -677.8 -58.9 -774.6
20211210225043  -678.1 -58.5 -774.6
20211210225044  -678.0 -58.9 -774.7
20211210225045  -677.5 -58.8 -774.4
20211210225046  -677.7 -58.7 -774.4
20211210225047  -678.6 -58.6 -774.7
20211210225048  -678.8 -58.8 -774.6
20211210225049  -678.7 -58.8 -774.4
20211210225050  -678.5 -58.8 -774.4
20211210225051  -678.6 -58.9 -774.2
20211210225052  -678.5 -59.0 -774.0
20211210225053  -678.3 -59.0 -774.3
20211210225054  -678.4 -59.2 -774.2
20211210225055  -678.5 -58.9 -774.0
20211210225056  -678.5 -59.4 -774.1
20211210225057  -678.2 -59.1 -773.9
20211210225058  -678.1 -59.0 -773.5
20211210225059  -678.1 -58.9 -773.4
20211210225100  -678.1 -58.9 -773.3
20211210225101  -678.2 -58.9 -773.4
20211210225102  -678.2 -58.9 -773.7
20211210225103  -678.4 -59.0 -773.5
20211210225104  -678.4 -58.9 -773.6
20211210225105  -678.5 -59.2 -773.6
20211210225106  -678.6 -58.9 -773.5
20211210225107  -678.6 -59.2 -773.3
20211210225108  -678.6 -59.1 -773.1
20211210225109  -678.5 -59.1 -773.1
20211210225110  -678.2 -58.9 -773.1
20211210225111  -677.4 -58.7 -772.3
20211210225112  -677.4 -58.6 -772.0
20211210225113  -677.9 -58.4 -772.2
20211210225114  -677.9 -58.4 -772.2
20211210225115  -677.9 -58.4 -772.0
20211210225116  -677.8 -58.4 -772.2
20211210225117  -678.0 -58.4 -772.3
20211210225118  -678.0 -58.2 -772.3
20211210225119  -677.9 -58.2 -771.9
20211210225120  -678.0 -57.7 -771.8
20211210225121  -678.0 -57.9 -771.7
20211210225122  -677.7 -58.0 -771.8
20211210225123  -677.7 -57.8 -771.8
20211210225124  -678.0 -57.6 -771.6
20211210225125  -677.7 -57.7 -771.7
20211210225126  -678.1 -57.8 -771.9
20211210225127  -677.9 -57.7 -771.4
20211210225128  -677.8 -57.8 -771.3
20211210225129  -677.8 -57.8 -771.4
20211210225130  -677.6 -57.7 -771.3
20211210225131  -677.5 -57.6 -771.1
20211210225132  -677.6 -57.5 -770.6
20211210225133  -677.1 -57.4 -770.5
20211210225134  -677.2 -57.4 -770.4
20211210225135  -677.0 -57.4 -770.2
20211210225136  -677.1 -57.0 -770.2
20211210225137  -676.7 -57.0 -770.2
20211210225138  -676.5 -57.0 -769.6
20211210225139  -676.7 -57.1 -769.8
20211210225140  -677.3 -56.8 -769.9
20211210225141  -677.1 -56.9 -769.9
20211210225142  -676.8 -57.0 -769.9
20211210225143  -676.6 -56.7 -770.0
20211210225144  -676.6 -56.6 -769.7
20211210225145  -676.9 -56.8 -769.9
20211210225146  -676.7 -56.8 -769.8
20211210225147  -676.4 -56.7 -769.6
20211210225148  -676.6 -56.5 -769.7
20211210225149  -676.6 -56.4 -769.5
20211210225150  -676.3 -56.7 -769.5
20211210225151  -676.5 -56.4 -769.3
20211210225152  -676.1 -56.1 -769.3
20211210225153  -676.4 -56.4 -769.3
20211210225154  -676.3 -56.5 -769.3
20211210225155  -676.3 -56.1 -769.2
20211210225156  -676.0 -55.9 -769.0
20211210225157  -675.9 -55.9 -769.1
20211210225158  -675.7 -55.9 -768.8
20211210225159  -675.8 -55.9 -768.9
20211210225200  -675.8 -55.9 -768.8
20211210225201  -675.6 -56.1 -768.7
20211210225202  -675.8 -55.8 -768.7
20211210225203  -675.6 -56.1 -768.7
20211210225204  -675.2 -55.9 -768.3
20211210225205  -675.8 -55.7 -768.5
20211210225206  -675.7 -55.7 -768.8
20211210225207  -675.8 -55.9 -768.7
20211210225208  -675.9 -55.9 -768.3
20211210225209  -675.8 -55.8 -768.5
20211210225210  -675.7 -55.7 -768.3
20211210225211  -676.0 -56.0 -768.4
20211210225212  -676.1 -55.8 -768.2
20211210225213  -676.3 -56.0 -768.2
