20211114235039  -674.4 -81.1 -198.5
20211114235040  -674.2 -80.9 -198.6
20211114235041  -674.1 -80.7 -198.7
20211114235042  -674.2 -80.8 -198.9
20211114235043  -674.4 -80.7 -199.1
20211114235044  -674.2 -80.9 -199.2
20211114235045  -674.4 -80.9 -199.2
20211114235046  -674.1 -80.8 -198.8
20211114235047  -673.5 -80.8 -198.7
20211114235048  -672.9 -80.6 -198.1
20211114235049  -672.7 -80.2 -197.9
20211114235050  -672.7 -80.4 -198.0
20211114235051  -672.7 -80.2 -197.8
20211114235052  -673.3 -80.2 -198.1
20211114235053  -673.6 -80.1 -198.2
20211114235054  -673.6 -80.2 -198.1
20211114235055  -673.5 -80.3 -198.4
20211114235056  -673.5 -80.4 -198.4
20211114235057  -673.4 -80.5 -198.1
20211114235058  -673.8 -80.5 -197.8
20211114235059  -673.4 -80.5 -198.1
20211114235100  -673.6 -80.4 -198.4
20211114235101  -673.5 -80.3 -198.1
20211114235102  -673.6 -80.6 -198.3
20211114235103  -673.6 -80.4 -198.4
20211114235104  -673.6 -80.7 -198.6
20211114235105  -673.7 -80.7 -198.4
20211114235106  -673.9 -80.9 -198.5
20211114235107  -673.9 -80.8 -198.3
20211114235108  -674.2 -80.7 -198.4
20211114235109  -674.2 -80.6 -198.2
20211114235110  -674.2 -80.5 -198.5
20211114235111  -674.0 -80.6 -198.3
20211114235112  -674.0 -80.6 -198.1
20211114235113  -674.1 -80.7 -198.1
20211114235114  -674.1 -80.7 -198.8
20211114235115  -674.1 -80.6 -198.7
20211114235116  -674.2 -80.8 -198.5
20211114235117  -673.7 -81.1 -198.4
20211114235118  -673.6 -81.1 -197.7
20211114235119  -674.1 -81.1 -198.4
20211114235120  -674.4 -81.2 -198.4
20211114235121  -674.2 -80.8 -198.4
20211114235122  -674.3 -81.1 -198.1
20211114235123  -674.2 -81.0 -198.5
20211114235124  -674.4 -80.9 -198.6
20211114235125  -674.5 -80.6 -198.4
20211114235126  -674.2 -80.4 -198.3
20211114235127  -673.9 -80.8 -198.2
20211114235128  -674.3 -80.8 -198.4
20211114235129  -674.5 -80.8 -198.5
20211114235130  -674.4 -80.9 -198.3
20211114235131  -674.4 -80.7 -198.6
20211114235132  -674.3 -80.6 -198.5
20211114235133  -674.4 -80.8 -198.1
20211114235134  -674.7 -80.5 -198.4
20211114235135  -674.6 -80.7 -198.5
20211114235136  -674.7 -80.8 -198.4
20211114235137  -674.7 -80.5 -198.4
20211114235138  -674.7 -80.8 -198.2
20211114235139  -674.5 -80.9 -198.3
20211114235140  -674.5 -80.9 -198.5
20211114235141  -674.2 -81.0 -198.1
20211114235142  -674.4 -81.0 -198.4
20211114235143  -674.4 -80.9 -198.3
20211114235144  -673.5 -80.6 -197.8
20211114235145  -674.1 -80.4 -198.0
20211114235146  -674.5 -80.5 -198.1
20211114235147  -674.7 -80.5 -198.5
20211114235148  -674.9 -80.5 -198.7
20211114235149  -674.8 -80.8 -198.5
20211114235150  -674.8 -80.6 -198.2
20211114235151  -674.8 -80.6 -198.5
20211114235152  -674.9 -80.8 -198.2
20211114235153  -674.9 -81.0 -198.3
20211114235154  -674.9 -80.8 -198.1
20211114235155  -674.9 -80.8 -198.5
20211114235156  -675.0 -80.8 -198.5
20211114235157  -675.0 -81.0 -198.3
20211114235158  -674.9 -80.6 -198.3
20211114235159  -674.7 -80.7 -198.3
20211114235200  -674.9 -80.9 -198.3
20211114235201  -674.8 -80.8 -198.2
20211114235202  -675.3 -80.7 -198.3
20211114235203  -675.1 -80.9 -198.2
20211114235204  -675.0 -80.8 -198.5
20211114235205  -675.1 -80.8 -198.6
20211114235206  -675.3 -80.6 -198.4
20211114235207  -675.2 -80.9 -198.5
20211114235208  -675.3 -81.0 -198.7
20211114235209  -674.8 -81.0 -198.6
20211114235210  -674.3 -80.9 -198.0
20211114235211  -674.8 -80.6 -198.1
20211114235212  -675.2 -80.9 -198.4
20211114235213  -675.2 -80.8 -198.1
20211114235214  -675.3 -81.2 -198.3
20211114235215  -675.3 -80.8 -198.4
20211114235216  -675.3 -80.8 -198.7
20211114235217  -675.4 -80.6 -198.4
20211114235218  -675.3 -80.8 -198.2
20211114235219  -675.4 -80.8 -198.3
20211114235220  -675.2 -81.0 -198.4
20211114235221  -675.1 -80.6 -198.6
20211114235222  -675.1 -80.9 -198.8
20211114235223  -675.3 -81.0 -198.8
20211114235224  -675.3 -80.7 -198.3
20211114235225  -675.4 -80.8 -198.3
20211114235226  -675.3 -80.9 -198.2
20211114235227  -675.0 -81.1 -197.9
20211114235228  -675.2 -81.1 -198.1
20211114235229  -675.1 -81.0 -198.4
20211114235230  -675.1 -81.2 -198.5
20211114235231  -674.9 -81.0 -198.4
20211114235232  -675.0 -81.0 -198.3
20211114235233  -675.3 -81.2 -198.6
20211114235234  -675.2 -81.1 -198.3
20211114235235  -674.7 -81.0 -198.4
20211114235236  -674.4 -81.0 -198.0
20211114235237  -674.6 -80.9 -198.0
20211114235238  -674.8 -81.0 -198.4
20211114235239  -674.8 -81.3 -198.6
20211114235240  -674.9 -81.3 -198.4
20211114235241  -675.1 -81.3 -198.4
20211114235242  -675.2 -81.3 -198.2
20211114235243  -675.0 -80.8 -198.2
20211114235244  -675.1 -80.8 -198.2
20211114235245  -675.3 -80.9 -198.2
20211114235246  -675.2 -80.9 -198.5
20211114235247  -675.4 -80.7 -198.3
20211114235248  -675.0 -81.0 -198.2
20211114235249  -675.0 -80.7 -198.1
20211114235250  -674.7 -80.8 -198.3
20211114235251  -674.9 -81.2 -198.3
20211114235252  -675.0 -81.0 -198.4
20211114235253  -675.2 -80.9 -198.3
20211114235254  -674.9 -80.6 -198.5
20211114235255  -674.9 -80.5 -198.4
20211114235256  -674.9 -80.7 -198.4
20211114235257  -674.5 -80.7 -198.2
20211114235258  -674.5 -80.9 -198.3
20211114235259  -674.5 -80.6 -198.2
20211114235300  -674.6 -80.7 -198.3
20211114235301  -674.2 -80.6 -197.8
20211114235302  -673.6 -80.4 -197.2
20211114235303  -673.6 -80.2 -197.0
20211114235304  -674.1 -80.3 -197.7
20211114235305  -674.3 -80.2 -197.6
20211114235306  -674.3 -80.2 -197.8
20211114235307  -674.3 -80.0 -197.7
20211114235308  -674.3 -79.8 -197.7
20211114235309  -674.2 -79.7 -198.0
20211114235310  -674.2 -80.2 -198.0
20211114235311  -674.2 -80.1 -198.2
20211114235312  -674.4 -80.0 -197.8
20211114235313  -674.4 -80.0 -197.8
20211114235314  -674.2 -80.3 -198.0
20211114235315  -674.4 -80.2 -197.8
20211114235316  -674.4 -80.4 -197.9
20211114235317  -674.5 -80.3 -197.9
20211114235318  -674.4 -80.2 -197.9
20211114235319  -674.4 -80.3 -197.8
20211114235320  -674.2 -80.4 -197.7
20211114235321  -674.1 -80.3 -198.0
20211114235322  -674.2 -80.5 -197.9
20211114235323  -673.9 -80.5 -198.1
20211114235324  -673.9 -80.3 -197.9
20211114235325  -674.0 -80.5 -197.8
20211114235326  -674.1 -80.4 -198.2
20211114235327  -673.5 -80.4 -198.2
20211114235328  -673.2 -80.2 -197.4
20211114235329  -673.3 -80.2 -197.3
20211114235330  -673.6 -80.2 -197.9
20211114235331  -673.9 -80.1 -197.9
20211114235332  -673.8 -80.2 -198.3
20211114235333  -673.7 -80.0 -198.0
20211114235334  -673.8 -80.0 -198.2
20211114235335  -673.6 -80.0 -198.2
20211114235336  -673.8 -80.1 -198.2
20211114235337  -673.5 -80.2 -198.3
20211114235338  -673.5 -80.0 -198.5
20211114235339  -673.3 -80.0 -198.2
20211114235340  -673.6 -80.2 -198.3
20211114235341  -673.7 -80.1 -198.3
20211114235342  -673.9 -80.0 -198.2
20211114235343  -673.9 -79.9 -198.0
20211114235344  -673.4 -80.0 -198.1
20211114235345  -673.5 -80.2 -198.4
20211114235346  -673.5 -80.0 -198.5
20211114235347  -673.5 -80.1 -198.5
20211114235348  -673.7 -80.6 -198.3
20211114235349  -673.6 -80.2 -198.2
20211114235350  -673.8 -80.6 -198.2
20211114235351  -674.0 -80.5 -198.0
20211114235352  -673.6 -80.7 -197.9
20211114235353  -673.2 -80.8 -197.7
20211114235354  -672.9 -80.3 -197.0
20211114235355  -673.0 -80.5 -197.4
20211114235356  -673.3 -80.7 -197.7
20211114235357  -673.6 -80.5 -197.5
20211114235358  -673.5 -80.6 -197.7
20211114235359  -673.4 -80.7 -198.0
20211114235400  -673.7 -80.6 -197.8
20211114235401  -673.8 -80.5 -197.7
20211114235402  -673.6 -80.4 -197.8
20211114235403  -673.6 -80.4 -197.8
20211114235404  -673.3 -80.6 -198.3
20211114235405  -673.7 -80.6 -197.8
20211114235406  -673.5 -80.7 -197.8
20211114235407  -673.6 -80.6 -197.9
20211114235408  -673.8 -80.8 -198.2
20211114235409  -673.8 -80.5 -198.2
20211114235410  -673.8 -80.6 -198.2
20211114235411  -673.8 -80.7 -198.3
20211114235412  -673.7 -80.6 -197.9
20211114235413  -673.5 -80.7 -197.5
20211114235414  -674.0 -80.5 -198.0
20211114235415  -674.0 -80.5 -197.8
20211114235416  -673.9 -80.5 -197.6
20211114235417  -673.8 -80.2 -197.7
20211114235418  -673.9 -80.2 -197.6
20211114235419  -673.5 -80.2 -197.8
20211114235420  -672.9 -80.0 -197.0
20211114235421  -673.6 -80.1 -197.9
20211114235422  -673.8 -80.1 -197.6
20211114235423  -673.8 -80.4 -198.1
20211114235424  -673.9 -80.0 -198.2
20211114235425  -673.5 -79.9 -197.7
20211114235426  -673.7 -80.0 -198.0
20211114235427  -673.7 -79.8 -197.9
20211114235428  -673.7 -80.1 -198.3
20211114235429  -673.7 -80.0 -198.0
20211114235430  -673.7 -79.8 -197.8
20211114235431  -673.7 -79.9 -198.0
20211114235432  -673.8 -80.0 -198.0
20211114235433  -673.8 -80.0 -198.0
20211114235434  -673.8 -79.9 -197.8
20211114235435  -673.9 -79.8 -197.7
20211114235436  -673.9 -79.7 -197.6
20211114235437  -673.7 -79.7 -197.6
20211114235438  -673.8 -79.9 -198.0
20211114235439  -673.9 -79.9 -197.9
20211114235440  -673.9 -79.7 -198.1
20211114235441  -673.8 -80.1 -198.0
20211114235442  -674.0 -80.1 -197.8
20211114235443  -674.1 -80.0 -198.0
20211114235444  -673.8 -80.2 -198.2
20211114235445  -673.7 -80.1 -198.1
20211114235446  -673.1 -79.9 -197.6
20211114235447  -673.2 -79.5 -197.4
20211114235448  -673.0 -79.4 -197.4
20211114235449  -672.9 -79.4 -197.3
20211114235450  -673.7 -79.4 -197.7
20211114235451  -673.9 -79.4 -197.7
20211114235452  -674.0 -79.5 -198.2
20211114235453  -674.1 -79.6 -197.7
20211114235454  -674.0 -79.7 -197.8
20211114235455  -674.0 -80.0 -197.9
20211114235456  -674.0 -79.6 -198.0
20211114235457  -674.2 -79.6 -197.8
20211114235458  -674.4 -79.6 -197.8
20211114235459  -674.3 -79.7 -197.9
20211114235500  -674.5 -79.4 -198.1
20211114235501  -674.4 -79.6 -197.9
20211114235502  -674.2 -79.6 -198.0
20211114235503  -674.1 -79.7 -198.0
20211114235504  -674.4 -79.9 -198.4
20211114235505  -674.2 -79.4 -198.4
20211114235506  -674.1 -79.4 -198.3
20211114235507  -673.9 -79.6 -198.6
20211114235508  -674.3 -79.7 -198.0
20211114235509  -674.1 -79.7 -198.0
20211114235510  -674.0 -79.9 -198.0
20211114235511  -674.1 -79.8 -198.4
20211114235512  -674.1 -79.7 -198.2
20211114235513  -674.3 -79.8 -198.0
20211114235514  -674.3 -79.8 -198.1
20211114235515  -674.2 -79.6 -198.1
20211114235516  -673.6 -79.7 -197.6
20211114235517  -673.5 -79.5 -197.6
20211114235518  -673.2 -79.6 -197.5
20211114235519  -673.2 -79.7 -197.6
20211114235520  -673.9 -79.5 -197.9
20211114235521  -674.1 -79.8 -198.2
20211114235522  -674.3 -79.7 -198.1
20211114235523  -674.2 -80.0 -197.8
20211114235524  -674.4 -80.0 -198.0
20211114235525  -674.1 -79.8 -198.2
20211114235526  -674.1 -79.8 -198.0
20211114235527  -673.9 -79.8 -198.0
20211114235528  -674.4 -79.8 -198.2
20211114235529  -674.3 -80.0 -197.9
20211114235530  -674.2 -79.8 -197.7
20211114235531  -674.2 -80.0 -197.8
20211114235532  -674.4 -79.7 -197.8
20211114235533  -674.1 -80.0 -197.9
20211114235534  -674.0 -79.9 -197.9
20211114235535  -674.3 -80.0 -197.8
20211114235536  -674.2 -80.1 -198.2
20211114235537  -674.1 -80.0 -197.9
20211114235538  -674.3 -80.0 -197.9
20211114235539  -674.2 -80.1 -198.0
20211114235540  -674.2 -80.1 -197.8
20211114235541  -674.4 -79.9 -197.9
20211114235542  -674.1 -80.0 -197.9
20211114235543  -674.1 -79.7 -197.6
20211114235544  -674.5 -79.8 -197.6
20211114235545  -674.3 -80.0 -197.7
20211114235546  -673.6 -79.8 -197.2
20211114235547  -674.0 -79.8 -197.6
20211114235548  -674.2 -79.9 -197.6
20211114235549  -674.4 -79.8 -197.8
20211114235550  -674.2 -79.8 -197.6
20211114235551  -674.3 -79.7 -197.8
20211114235552  -674.3 -80.0 -197.8
20211114235553  -674.6 -79.8 -197.6
20211114235554  -674.4 -79.7 -197.6
20211114235555  -674.4 -79.8 -197.5
20211114235556  -674.4 -80.1 -197.4
20211114235557  -674.3 -79.7 -197.7
20211114235558  -674.4 -79.8 -197.5
20211114235559  -674.6 -79.7 -197.8
20211114235600  -674.3 -79.7 -197.7
20211114235601  -674.3 -79.8 -197.6
20211114235602  -674.3 -79.6 -197.5
20211114235603  -674.4 -79.6 -197.5
20211114235604  -674.3 -79.5 -197.5
20211114235605  -674.5 -79.5 -197.8
20211114235606  -674.4 -79.8 -198.0
20211114235607  -674.5 -79.8 -198.0
20211114235608  -674.6 -79.5 -197.8
20211114235609  -674.8 -79.9 -198.1
20211114235610  -674.4 -79.6 -198.1
20211114235611  -674.5 -79.7 -198.0
20211114235612  -674.3 -79.9 -197.6
20211114235613  -673.7 -79.5 -197.3
20211114235614  -674.8 -79.6 -197.7
20211114235615  -674.6 -80.0 -197.8
20211114235616  -674.6 -79.8 -197.9
20211114235617  -674.9 -79.9 -197.8
20211114235618  -675.1 -80.0 -197.9
20211114235619  -674.9 -79.9 -197.7
20211114235620  -675.0 -80.1 -197.8
20211114235621  -674.9 -80.0 -197.9
20211114235622  -675.0 -79.9 -198.0
20211114235623  -674.9 -79.6 -198.0
20211114235624  -675.0 -79.7 -197.6
20211114235625  -674.9 -79.7 -197.6
20211114235626  -675.0 -79.9 -197.5
20211114235627  -674.8 -80.0 -197.7
20211114235628  -675.0 -80.1 -197.7
20211114235629  -675.0 -80.0 -197.8
20211114235630  -675.1 -80.1 -197.9
20211114235631  -675.0 -80.0 -197.9
20211114235632  -674.9 -80.2 -198.0
20211114235633  -674.9 -80.0 -198.0
20211114235634  -674.8 -79.9 -197.9
20211114235635  -674.9 -80.2 -197.9
20211114235636  -674.7 -80.1 -198.2
20211114235637  -674.8 -80.3 -198.0
20211114235638  -674.9 -80.2 -198.0
20211114235639  -674.1 -79.8 -197.3
20211114235640  -674.6 -79.8 -197.8
20211114235641  -675.1 -79.9 -198.0
20211114235642  -674.7 -79.9 -198.0
20211114235643  -674.6 -79.8 -197.9
20211114235644  -674.9 -79.9 -197.9
20211114235645  -674.6 -80.0 -197.8
20211114235646  -674.5 -79.9 -198.0
20211114235647  -674.9 -80.2 -198.1
20211114235648  -674.9 -80.7 -197.9
20211114235649  -674.7 -80.3 -197.9
20211114235650  -674.7 -80.2 -198.0
20211114235651  -674.6 -80.4 -198.0
20211114235652  -674.7 -80.1 -197.8
20211114235653  -674.7 -80.1 -197.8
20211114235654  -674.5 -79.8 -197.5
20211114235655  -674.7 -79.9 -197.9
20211114235656  -674.7 -79.8 -197.7
20211114235657  -674.3 -79.6 -197.6
20211114235658  -674.6 -79.6 -197.7
20211114235659  -674.6 -79.9 -197.6
20211114235700  -674.4 -79.8 -197.5
20211114235701  -674.4 -79.6 -197.4
20211114235702  -674.5 -79.6 -197.7
20211114235703  -674.5 -79.8 -197.9
20211114235704  -674.5 -80.0 -197.6
20211114235705  -674.0 -79.8 -196.7
20211114235706  -674.2 -79.7 -197.0
20211114235707  -674.8 -79.8 -197.3
20211114235708  -674.6 -79.4 -197.3
20211114235709  -674.3 -79.5 -197.2
20211114235710  -674.3 -79.5 -197.4
20211114235711  -674.1 -79.4 -197.5
20211114235712  -674.2 -79.2 -197.5
20211114235713  -674.4 -79.4 -197.4
20211114235714  -674.7 -79.3 -197.5
20211114235715  -674.5 -79.3 -197.6
20211114235716  -674.6 -79.2 -197.3
20211114235717  -674.7 -79.5 -197.6
20211114235718  -674.5 -79.4 -197.3
20211114235719  -674.5 -79.2 -197.2
20211114235720  -674.5 -79.2 -197.6
20211114235721  -674.5 -79.4 -197.5
20211114235722  -674.3 -79.5 -197.3
20211114235723  -674.0 -79.4 -197.3
20211114235724  -674.3 -79.4 -196.9
20211114235725  -674.5 -79.3 -197.0
20211114235726  -674.2 -79.3 -197.2
20211114235727  -674.4 -79.2 -197.2
20211114235728  -674.1 -79.4 -197.4
20211114235729  -674.3 -79.4 -197.4
20211114235730  -674.3 -79.6 -197.3
20211114235731  -673.8 -79.7 -197.0
20211114235732  -674.0 -79.8 -197.2
20211114235733  -674.4 -79.4 -197.3
20211114235734  -674.6 -79.4 -197.2
20211114235735  -674.4 -79.6 -197.4
20211114235736  -674.3 -79.6 -197.4
20211114235737  -674.4 -79.5 -197.1
20211114235738  -674.2 -79.4 -197.1
20211114235739  -674.3 -79.2 -197.1
20211114235740  -674.2 -79.3 -197.3
20211114235741  -674.4 -79.7 -197.2
20211114235742  -674.3 -79.6 -197.1
20211114235743  -674.4 -79.8 -197.5
20211114235744  -674.3 -79.9 -197.5
20211114235745  -674.2 -79.8 -197.3
20211114235746  -674.2 -79.7 -197.3
20211114235747  -674.3 -79.8 -197.2
20211114235748  -674.3 -79.9 -197.4
20211114235749  -674.1 -80.1 -197.5
20211114235750  -674.0 -79.9 -197.2
20211114235751  -674.0 -79.8 -197.4
20211114235752  -674.0 -80.0 -197.0
20211114235753  -674.1 -80.0 -197.0
20211114235754  -674.2 -79.8 -197.0
20211114235755  -674.1 -79.8 -197.2
20211114235756  -673.8 -80.0 -197.2
20211114235757  -673.1 -80.1 -196.4
20211114235758  -673.2 -79.9 -196.5
20211114235759  -673.8 -80.0 -196.9
20211114235800  -673.8 -80.1 -197.0
20211114235801  -673.8 -80.1 -197.1
20211114235802  -673.9 -80.1 -197.0
20211114235803  -673.9 -80.2 -196.8
20211114235804  -674.0 -80.4 -196.7
20211114235805  -673.7 -80.3 -196.6
20211114235806  -674.1 -80.5 -196.6
20211114235807  -673.7 -80.5 -196.8
20211114235808  -673.8 -80.3 -197.0
20211114235809  -673.9 -80.0 -196.9
20211114235810  -673.7 -80.1 -196.9
20211114235811  -673.7 -80.3 -196.6
20211114235812  -674.2 -80.2 -196.8
20211114235813  -673.9 -80.2 -196.5
20211114235814  -674.2 -80.1 -196.4
20211114235815  -674.4 -80.1 -196.8
20211114235816  -674.1 -80.2 -196.9
20211114235817  -674.0 -80.4 -196.5
20211114235818  -674.0 -80.3 -196.6
20211114235819  -674.0 -80.2 -196.5
20211114235820  -673.8 -80.0 -196.4
20211114235821  -673.7 -80.1 -196.6
20211114235822  -673.8 -80.2 -196.7
