20211030213439  -700.3 -91.8 -183.0
20211030213440  -700.6 -91.7 -183.0
20211030213441  -700.7 -91.6 -183.2
20211030213442  -700.7 -91.9 -183.3
20211030213443  -701.0 -91.7 -183.1
20211030213444  -701.1 -91.4 -182.8
20211030213445  -701.1 -91.6 -182.8
20211030213446  -701.5 -91.4 -182.8
20211030213447  -701.5 -91.5 -182.9
20211030213448  -701.8 -91.3 -183.0
20211030213449  -702.0 -91.3 -182.5
20211030213450  -702.2 -91.2 -182.3
20211030213451  -702.4 -91.3 -182.0
20211030213452  -702.7 -91.6 -182.3
20211030213453  -702.8 -91.5 -182.2
20211030213454  -703.1 -91.6 -182.1
20211030213455  -702.8 -91.7 -181.9
20211030213456  -703.1 -91.6 -181.7
20211030213457  -703.3 -91.6 -181.8
20211030213458  -703.3 -91.5 -181.6
20211030213459  -703.5 -91.6 -181.4
20211030213500  -703.7 -91.8 -181.7
20211030213501  -703.7 -91.6 -181.4
20211030213502  -703.8 -91.4 -181.3
20211030213503  -704.0 -91.5 -181.3
20211030213504  -704.2 -91.4 -181.2
20211030213505  -704.1 -91.3 -181.2
20211030213506  -704.2 -91.5 -181.1
20211030213507  -704.3 -91.2 -181.2
20211030213508  -704.6 -91.3 -180.7
20211030213509  -704.8 -91.1 -180.5
20211030213510  -704.5 -91.2 -180.5
20211030213511  -704.5 -91.2 -180.4
20211030213512  -704.4 -91.3 -180.3
20211030213513  -704.3 -91.4 -180.2
20211030213514  -704.5 -91.5 -180.2
20211030213515  -704.8 -91.7 -180.3
20211030213516  -704.6 -91.6 -179.9
20211030213517  -704.7 -91.7 -179.9
20211030213518  -704.8 -91.9 -179.8
20211030213519  -704.9 -91.8 -179.6
20211030213520  -704.7 -92.0 -179.7
20211030213521  -704.5 -92.1 -179.4
20211030213522  -704.6 -92.1 -179.2
20211030213523  -704.8 -92.1 -178.9
20211030213524  -704.7 -92.1 -178.9
20211030213525  -704.7 -92.4 -179.1
20211030213526  -704.8 -92.4 -179.1
20211030213527  -704.7 -92.1 -178.9
20211030213528  -704.8 -92.0 -178.9
20211030213529  -704.9 -92.2 -178.9
20211030213530  -704.7 -92.5 -178.9
20211030213531  -704.7 -92.2 -178.6
20211030213532  -704.6 -92.3 -178.6
20211030213533  -704.4 -92.5 -178.3
20211030213534  -704.7 -92.4 -178.2
20211030213535  -704.5 -92.5 -178.0
20211030213536  -704.6 -92.4 -177.9
20211030213537  -704.5 -92.2 -177.8
20211030213538  -704.8 -92.5 -178.0
20211030213539  -704.8 -92.6 -178.1
20211030213540  -704.7 -92.7 -177.8
20211030213541  -704.6 -92.4 -177.7
20211030213542  -704.7 -92.5 -177.5
20211030213543  -704.5 -92.3 -177.6
20211030213544  -704.6 -92.7 -177.6
20211030213545  -704.5 -92.9 -177.7
20211030213546  -704.8 -92.7 -177.8
20211030213547  -704.4 -92.6 -177.7
20211030213548  -704.6 -92.9 -177.6
20211030213549  -704.4 -92.7 -177.3
20211030213550  -704.4 -92.5 -177.0
20211030213551  -704.4 -93.1 -176.9
20211030213552  -704.0 -93.2 -176.7
20211030213553  -704.0 -92.8 -176.8
20211030213554  -704.2 -93.1 -176.8
20211030213555  -704.0 -93.2 -176.8
20211030213556  -704.3 -93.3 -176.7
20211030213557  -704.3 -93.2 -176.4
20211030213558  -704.2 -93.1 -176.0
20211030213559  -704.0 -93.1 -176.1
20211030213600  -703.9 -93.1 -176.0
20211030213601  -703.9 -92.8 -175.9
20211030213602  -703.6 -93.0 -175.8
20211030213603  -703.3 -92.7 -175.9
20211030213604  -703.4 -92.9 -175.7
20211030213605  -703.6 -93.0 -175.3
20211030213606  -703.5 -92.9 -175.4
20211030213607  -703.5 -93.2 -175.3
20211030213608  -703.6 -93.0 -175.5
20211030213609  -703.3 -93.2 -175.3
20211030213610  -703.3 -93.4 -175.3
20211030213611  -703.3 -93.3 -175.2
20211030213612  -703.4 -93.3 -175.1
20211030213613  -703.0 -93.2 -174.9
20211030213614  -703.1 -93.2 -175.0
20211030213615  -703.2 -93.3 -175.1
20211030213616  -702.9 -93.3 -174.9
20211030213617  -703.1 -93.1 -174.8
20211030213618  -702.8 -93.3 -174.7
20211030213619  -703.0 -93.2 -175.0
20211030213620  -703.1 -93.1 -174.6
20211030213621  -703.4 -92.9 -174.8
20211030213622  -702.6 -93.0 -174.0
20211030213623  -703.0 -92.8 -174.1
20211030213624  -703.1 -92.9 -174.2
20211030213625  -703.3 -92.7 -174.0
20211030213626  -703.4 -92.7 -174.1
20211030213627  -703.3 -92.6 -174.0
20211030213628  -703.7 -93.0 -173.6
20211030213629  -703.5 -92.9 -174.1
20211030213630  -703.6 -92.8 -173.8
20211030213631  -703.6 -92.6 -173.6
20211030213632  -703.6 -92.8 -173.4
20211030213633  -703.6 -92.6 -173.8
20211030213634  -703.7 -92.8 -173.5
20211030213635  -703.2 -92.6 -173.6
20211030213636  -703.5 -92.8 -173.4
20211030213637  -703.3 -92.8 -173.3
20211030213638  -703.5 -93.1 -173.1
20211030213639  -703.9 -93.0 -173.4
20211030213640  -704.1 -93.2 -173.4
20211030213641  -703.9 -92.9 -173.3
20211030213642  -704.1 -93.0 -173.1
20211030213643  -704.2 -93.2 -173.0
20211030213644  -704.0 -93.4 -172.8
20211030213645  -704.4 -93.4 -172.8
20211030213646  -704.6 -93.3 -172.8
20211030213647  -704.5 -93.5 -172.5
20211030213648  -704.8 -93.6 -172.6
20211030213649  -704.9 -93.5 -172.5
20211030213650  -705.1 -93.4 -172.2
20211030213651  -705.0 -93.5 -172.0
20211030213652  -705.2 -93.6 -171.9
20211030213653  -705.3 -93.5 -171.7
20211030213654  -705.1 -93.6 -171.9
20211030213655  -705.5 -93.6 -172.1
20211030213656  -705.4 -93.5 -171.8
20211030213657  -705.7 -93.8 -171.5
20211030213658  -705.6 -94.0 -171.4
20211030213659  -705.4 -94.0 -171.4
20211030213700  -705.5 -94.2 -171.2
20211030213701  -705.8 -94.0 -171.0
20211030213702  -705.8 -94.3 -171.2
20211030213703  -706.1 -93.9 -170.6
20211030213704  -706.0 -93.7 -170.7
20211030213705  -706.2 -94.0 -171.0
20211030213706  -706.3 -94.1 -170.8
20211030213707  -706.3 -94.0 -170.5
20211030213708  -706.4 -94.1 -170.5
20211030213709  -706.6 -94.2 -170.5
20211030213710  -706.5 -94.1 -170.4
20211030213711  -706.6 -94.6 -170.9
20211030213712  -706.8 -94.5 -170.6
20211030213713  -706.9 -94.5 -170.6
20211030213714  -707.2 -94.6 -170.8
20211030213715  -707.1 -94.6 -170.8
20211030213716  -707.5 -94.6 -170.6
20211030213717  -707.5 -94.8 -170.7
20211030213718  -707.5 -95.1 -170.6
20211030213719  -707.8 -94.6 -170.5
20211030213720  -707.9 -94.8 -170.5
20211030213721  -707.8 -94.8 -170.0
20211030213722  -707.9 -94.6 -169.8
20211030213723  -707.9 -94.6 -169.8
20211030213724  -708.2 -95.1 -170.2
20211030213725  -708.4 -94.8 -170.1
20211030213726  -708.5 -94.9 -169.9
20211030213727  -708.6 -94.9 -169.8
20211030213728  -708.9 -94.8 -169.8
20211030213729  -708.6 -94.9 -169.6
20211030213730  -709.1 -95.1 -169.5
20211030213731  -709.0 -95.3 -169.6
20211030213732  -709.0 -95.5 -169.5
20211030213733  -709.4 -95.0 -169.6
20211030213734  -709.3 -95.0 -169.1
20211030213735  -709.3 -94.9 -169.2
20211030213736  -709.4 -95.2 -169.0
20211030213737  -709.6 -95.2 -169.1
20211030213738  -709.5 -95.0 -169.0
20211030213739  -709.3 -95.2 -169.1
20211030213740  -709.4 -95.3 -169.1
20211030213741  -709.2 -95.0 -168.9
20211030213742  -709.1 -95.2 -168.5
20211030213743  -709.2 -95.3 -168.6
20211030213744  -709.3 -95.4 -168.8
20211030213745  -709.2 -95.2 -168.7
20211030213746  -709.1 -95.3 -168.7
20211030213747  -709.4 -95.3 -168.6
20211030213748  -709.2 -95.2 -168.4
20211030213749  -709.2 -95.6 -168.5
20211030213750  -709.0 -95.4 -168.6
20211030213751  -709.0 -95.3 -168.4
20211030213752  -708.9 -95.3 -168.5
20211030213753  -709.0 -95.5 -168.5
20211030213754  -708.3 -95.5 -167.9
20211030213755  -708.6 -95.3 -167.9
20211030213756  -708.5 -95.4 -167.9
20211030213757  -708.7 -95.5 -168.2
20211030213758  -708.4 -95.3 -167.8
20211030213759  -708.0 -95.2 -167.8
20211030213800  -708.4 -95.1 -167.9
20211030213801  -708.5 -95.0 -168.2
20211030213802  -708.3 -94.7 -168.3
20211030213803  -708.1 -95.0 -167.9
20211030213804  -708.0 -95.3 -168.3
20211030213805  -708.0 -95.3 -168.1
20211030213806  -707.9 -95.2 -168.2
20211030213807  -707.7 -95.4 -168.0
20211030213808  -708.0 -95.3 -168.2
20211030213809  -707.8 -95.2 -168.1
20211030213810  -707.9 -95.2 -168.1
20211030213811  -707.7 -95.2 -167.9
20211030213812  -707.8 -95.0 -167.6
20211030213813  -707.7 -94.9 -167.9
20211030213814  -707.9 -94.8 -168.2
20211030213815  -707.9 -94.7 -168.1
20211030213816  -708.1 -94.9 -168.1
