20211116215029  -672.9 -77.7 -192.0
20211116215030  -672.5 -77.7 -191.6
20211116215031  -672.6 -77.5 -191.5
20211116215032  -673.1 -77.3 -191.7
20211116215033  -673.0 -77.4 -191.8
20211116215034  -673.0 -77.4 -191.9
20211116215035  -672.9 -77.3 -191.6
20211116215036  -672.6 -77.0 -191.2
20211116215037  -673.1 -77.0 -191.6
20211116215038  -673.0 -77.2 -191.7
20211116215039  -672.9 -77.2 -191.2
20211116215040  -672.7 -77.4 -191.5
20211116215041  -673.0 -77.3 -191.5
20211116215042  -673.0 -77.3 -191.3
20211116215043  -673.1 -77.4 -191.1
20211116215044  -673.3 -77.3 -191.4
20211116215045  -673.0 -77.3 -191.2
20211116215046  -673.1 -77.2 -191.4
20211116215047  -673.2 -77.1 -191.1
20211116215048  -673.4 -77.1 -191.1
20211116215049  -673.4 -77.2 -191.5
20211116215050  -673.4 -77.1 -191.4
20211116215051  -673.1 -77.1 -191.7
20211116215052  -673.1 -77.1 -191.6
20211116215053  -673.2 -76.9 -191.6
20211116215054  -673.4 -77.1 -191.6
20211116215055  -673.3 -77.4 -191.6
20211116215056  -673.3 -77.3 -191.5
20211116215057  -673.2 -77.3 -191.7
20211116215058  -673.1 -77.2 -191.6
20211116215059  -673.5 -77.2 -191.7
20211116215100  -673.4 -77.2 -191.6
20211116215101  -672.8 -77.0 -190.9
20211116215102  -673.5 -76.8 -191.6
20211116215103  -673.7 -77.0 -191.8
20211116215104  -673.7 -77.1 -191.9
20211116215105  -673.7 -77.0 -191.8
20211116215106  -673.7 -76.7 -192.0
20211116215107  -673.7 -77.0 -192.1
20211116215108  -674.0 -77.1 -191.8
20211116215109  -674.1 -76.9 -191.8
20211116215110  -674.1 -77.1 -191.6
20211116215111  -674.1 -77.1 -191.5
20211116215112  -674.1 -76.9 -191.9
20211116215113  -674.0 -77.0 -191.4
20211116215114  -673.7 -77.0 -191.4
20211116215115  -674.1 -77.0 -191.4
20211116215116  -673.8 -77.2 -191.5
20211116215117  -673.6 -77.3 -191.6
20211116215118  -673.2 -77.3 -191.8
20211116215119  -673.4 -77.3 -191.6
20211116215120  -673.3 -77.2 -191.7
20211116215121  -673.3 -77.2 -191.7
20211116215122  -673.2 -77.3 -191.5
20211116215123  -673.2 -77.7 -191.6
20211116215124  -673.2 -77.5 -191.5
20211116215125  -673.1 -77.6 -191.5
20211116215126  -673.0 -77.3 -191.4
20211116215127  -673.3 -77.0 -191.7
20211116215128  -673.1 -76.9 -191.7
20211116215129  -673.3 -77.0 -191.3
20211116215130  -673.5 -77.3 -191.7
20211116215131  -672.8 -77.2 -191.3
20211116215132  -672.4 -77.0 -191.0
20211116215133  -673.1 -77.1 -191.6
20211116215134  -673.3 -77.2 -191.6
20211116215135  -673.1 -77.2 -192.0
20211116215136  -673.4 -77.1 -191.8
20211116215137  -673.2 -77.0 -191.5
20211116215138  -673.3 -77.2 -192.0
20211116215139  -673.4 -76.9 -191.7
20211116215140  -673.6 -77.0 -191.7
20211116215141  -673.7 -77.2 -191.8
20211116215142  -673.9 -77.4 -191.9
20211116215143  -673.8 -77.3 -191.7
20211116215144  -673.9 -77.3 -191.8
20211116215145  -674.0 -77.1 -191.7
20211116215146  -674.1 -77.2 -191.9
20211116215147  -674.0 -77.2 -192.0
20211116215148  -674.1 -77.2 -192.1
20211116215149  -674.2 -77.4 -191.8
20211116215150  -674.6 -76.9 -191.8
20211116215151  -674.7 -77.0 -191.9
20211116215152  -674.7 -77.0 -191.7
20211116215153  -674.5 -76.9 -191.7
20211116215154  -674.7 -77.0 -191.5
20211116215155  -674.8 -76.8 -191.6
20211116215156  -674.8 -76.8 -191.8
20211116215157  -675.1 -77.0 -191.9
20211116215158  -675.1 -76.7 -191.8
20211116215159  -675.2 -76.7 -191.9
20211116215200  -675.2 -76.8 -191.6
20211116215201  -674.6 -76.8 -191.2
20211116215202  -673.9 -76.8 -190.7
20211116215203  -674.3 -76.5 -190.8
20211116215204  -674.7 -76.6 -191.2
20211116215205  -674.7 -76.6 -191.4
20211116215206  -674.8 -76.6 -191.0
20211116215207  -674.7 -76.6 -191.3
20211116215208  -674.8 -76.7 -190.9
20211116215209  -674.7 -76.7 -191.2
20211116215210  -674.8 -76.8 -191.4
20211116215211  -674.6 -76.7 -191.0
20211116215212  -674.8 -77.1 -191.1
20211116215213  -674.8 -77.0 -191.1
20211116215214  -674.7 -76.8 -191.4
20211116215215  -675.1 -76.7 -191.6
20211116215216  -674.7 -77.1 -191.3
20211116215217  -674.7 -76.9 -191.4
20211116215218  -674.7 -76.8 -191.5
20211116215219  -674.6 -77.0 -191.2
20211116215220  -674.8 -77.1 -191.2
20211116215221  -674.6 -76.7 -191.2
20211116215222  -674.5 -76.9 -191.2
20211116215223  -674.4 -76.8 -191.3
20211116215224  -674.6 -77.0 -191.5
20211116215225  -674.3 -76.9 -191.5
20211116215226  -674.5 -76.9 -191.1
20211116215227  -674.1 -76.6 -191.3
20211116215228  -674.1 -76.6 -191.3
20211116215229  -674.1 -76.4 -191.0
20211116215230  -674.2 -76.6 -191.1
20211116215231  -673.5 -76.5 -191.2
20211116215232  -673.1 -76.6 -190.8
20211116215233  -672.7 -76.3 -190.5
20211116215234  -673.5 -76.5 -191.2
20211116215235  -673.6 -76.5 -191.1
20211116215236  -673.8 -76.5 -191.1
20211116215237  -673.8 -76.6 -190.7
20211116215238  -673.9 -76.4 -190.8
20211116215239  -673.9 -76.7 -191.0
20211116215240  -673.7 -76.7 -190.9
20211116215241  -673.8 -77.0 -191.0
20211116215242  -673.8 -76.8 -190.9
20211116215243  -673.9 -76.8 -191.0
20211116215244  -674.0 -76.8 -191.2
20211116215245  -673.8 -77.0 -190.8
20211116215246  -674.0 -76.8 -190.6
20211116215247  -673.9 -76.9 -190.8
20211116215248  -674.0 -76.8 -190.5
20211116215249  -673.9 -76.9 -190.8
20211116215250  -674.0 -76.7 -190.9
20211116215251  -674.0 -76.4 -190.9
20211116215252  -673.7 -76.4 -190.7
20211116215253  -673.6 -76.7 -190.6
20211116215254  -673.6 -76.3 -190.4
20211116215255  -673.8 -76.4 -190.4
20211116215256  -673.8 -76.5 -190.7
20211116215257  -674.0 -76.6 -190.6
20211116215258  -674.1 -76.5 -190.8
20211116215259  -674.1 -76.6 -191.1
20211116215300  -674.2 -76.8 -190.7
20211116215301  -673.6 -76.8 -190.8
20211116215302  -673.0 -76.7 -190.0
20211116215303  -672.9 -76.7 -189.6
20211116215304  -672.9 -76.5 -189.7
20211116215305  -673.9 -76.4 -190.1
20211116215306  -673.9 -76.6 -190.4
20211116215307  -673.8 -76.8 -190.4
20211116215308  -673.7 -76.8 -190.4
20211116215309  -673.7 -76.8 -190.5
20211116215310  -673.9 -76.8 -190.4
20211116215311  -673.9 -76.7 -190.5
20211116215312  -674.0 -76.6 -190.2
20211116215313  -674.0 -76.9 -190.4
20211116215314  -674.0 -77.0 -190.2
20211116215315  -674.0 -76.8 -190.4
20211116215316  -674.0 -76.8 -190.5
20211116215317  -673.8 -76.9 -190.3
20211116215318  -674.0 -77.1 -190.3
20211116215319  -673.8 -77.2 -190.2
20211116215320  -673.7 -76.9 -190.3
20211116215321  -673.5 -76.9 -190.5
20211116215322  -673.7 -76.8 -190.3
20211116215323  -673.9 -76.9 -190.1
20211116215324  -674.0 -77.1 -190.3
20211116215325  -673.9 -77.2 -190.5
20211116215326  -673.9 -77.3 -190.4
20211116215327  -673.8 -77.1 -190.5
20211116215328  -673.5 -77.3 -190.7
20211116215329  -673.6 -77.3 -190.4
20211116215330  -673.4 -77.4 -190.6
20211116215331  -673.3 -77.5 -190.2
20211116215332  -672.9 -77.7 -189.8
20211116215333  -672.7 -77.3 -189.8
20211116215334  -672.4 -77.2 -189.5
20211116215335  -672.6 -77.1 -189.5
20211116215336  -673.0 -76.7 -190.0
20211116215337  -673.0 -76.9 -190.1
20211116215338  -673.2 -77.0 -190.2
20211116215339  -673.2 -76.9 -190.1
20211116215340  -673.0 -77.2 -190.1
20211116215341  -673.0 -76.9 -190.2
20211116215342  -673.4 -76.7 -190.2
20211116215343  -673.5 -76.8 -190.1
20211116215344  -673.6 -76.8 -190.2
20211116215345  -673.3 -77.0 -190.2
20211116215346  -673.4 -76.8 -189.9
20211116215347  -673.3 -77.1 -189.9
20211116215348  -673.3 -77.1 -189.9
20211116215349  -673.4 -77.0 -190.0
20211116215350  -673.2 -76.8 -190.2
20211116215351  -673.4 -76.7 -190.2
20211116215352  -673.3 -76.8 -190.3
20211116215353  -673.3 -76.8 -190.4
20211116215354  -673.1 -76.7 -190.3
20211116215355  -673.1 -76.6 -190.1
20211116215356  -673.2 -76.8 -190.1
20211116215357  -673.2 -76.7 -190.1
20211116215358  -673.0 -76.8 -190.1
20211116215359  -673.1 -76.9 -190.4
20211116215400  -672.9 -76.8 -190.5
20211116215401  -673.0 -77.0 -190.4
20211116215402  -672.3 -77.0 -189.7
20211116215403  -672.2 -76.8 -189.7
20211116215404  -671.8 -76.5 -189.4
20211116215405  -671.8 -76.5 -189.4
20211116215406  -672.1 -76.3 -189.8
20211116215407  -672.9 -76.8 -190.0
20211116215408  -672.8 -76.6 -189.6
20211116215409  -672.8 -76.6 -189.8
20211116215410  -672.6 -76.6 -189.7
20211116215411  -672.6 -76.6 -189.8
20211116215412  -672.5 -76.7 -189.8
20211116215413  -672.7 -76.7 -190.1
20211116215414  -672.6 -76.9 -190.3
20211116215415  -672.6 -76.9 -190.1
20211116215416  -672.5 -76.8 -190.1
20211116215417  -672.6 -77.1 -190.1
20211116215418  -672.7 -77.0 -190.5
20211116215419  -672.4 -77.2 -190.3
20211116215420  -672.4 -77.1 -190.3
20211116215421  -672.2 -77.1 -190.0
20211116215422  -672.1 -77.3 -190.2
20211116215423  -672.3 -77.2 -190.2
20211116215424  -672.5 -77.0 -190.2
20211116215425  -672.6 -77.1 -190.3
20211116215426  -672.6 -77.4 -190.2
20211116215427  -672.6 -76.9 -190.3
20211116215428  -672.5 -77.2 -190.2
20211116215429  -672.6 -77.2 -190.3
20211116215430  -672.5 -77.2 -190.3
20211116215431  -672.3 -77.3 -190.5
20211116215432  -671.5 -77.3 -190.2
20211116215433  -671.6 -76.9 -190.1
20211116215434  -672.5 -77.0 -190.4
20211116215435  -672.5 -77.1 -190.5
20211116215436  -672.6 -77.3 -190.5
20211116215437  -672.6 -77.2 -190.6
20211116215438  -672.7 -77.3 -190.7
20211116215439  -672.3 -77.5 -190.9
20211116215440  -672.3 -77.5 -190.8
20211116215441  -672.2 -77.5 -190.7
20211116215442  -672.0 -77.5 -190.8
20211116215443  -671.9 -77.6 -190.4
20211116215444  -672.0 -77.6 -190.4
20211116215445  -672.2 -78.0 -190.3
20211116215446  -672.1 -77.7 -190.2
20211116215447  -671.9 -77.8 -190.4
20211116215448  -671.9 -77.7 -190.6
20211116215449  -671.9 -77.7 -190.6
20211116215450  -672.0 -77.8 -190.5
20211116215451  -671.9 -77.9 -190.4
20211116215452  -672.0 -77.9 -190.7
20211116215453  -672.2 -77.9 -190.7
20211116215454  -672.0 -78.0 -190.9
20211116215455  -671.9 -78.1 -190.9
20211116215456  -672.0 -78.1 -191.1
20211116215457  -671.8 -78.1 -191.0
20211116215458  -671.8 -78.4 -191.2
20211116215459  -671.3 -78.3 -190.6
20211116215500  -671.5 -78.1 -190.8
20211116215501  -671.8 -78.1 -191.2
20211116215502  -671.8 -78.1 -191.3
20211116215503  -671.9 -77.8 -191.6
20211116215504  -671.8 -77.8 -191.4
20211116215505  -671.8 -77.9 -191.6
20211116215506  -671.8 -77.9 -191.7
20211116215507  -672.1 -78.0 -191.3
20211116215508  -672.0 -78.1 -191.2
20211116215509  -672.0 -78.2 -191.4
20211116215510  -672.2 -78.1 -191.5
20211116215511  -672.3 -78.2 -191.6
20211116215512  -672.4 -78.1 -191.6
20211116215513  -672.5 -78.2 -191.3
20211116215514  -672.5 -78.0 -191.4
20211116215515  -672.5 -78.1 -191.2
20211116215516  -672.5 -78.1 -191.4
20211116215517  -672.4 -78.2 -191.2
20211116215518  -672.4 -78.2 -191.6
20211116215519  -672.4 -78.4 -191.3
20211116215520  -672.7 -78.3 -191.3
20211116215521  -672.7 -78.3 -191.3
20211116215522  -672.7 -78.3 -191.4
20211116215523  -672.6 -78.3 -191.3
20211116215524  -672.3 -78.3 -191.2
20211116215525  -671.5 -77.8 -190.7
20211116215526  -671.7 -77.8 -190.8
20211116215527  -672.4 -78.1 -191.5
20211116215528  -672.2 -78.0 -191.3
20211116215529  -672.2 -78.1 -191.3
20211116215530  -672.2 -78.2 -191.2
20211116215531  -672.1 -78.2 -191.4
20211116215532  -672.1 -78.1 -191.3
20211116215533  -672.2 -78.3 -191.2
20211116215534  -672.5 -78.2 -191.5
20211116215535  -672.7 -78.0 -191.3
20211116215536  -672.6 -78.4 -191.2
20211116215537  -672.7 -78.3 -191.2
20211116215538  -672.5 -78.3 -191.1
20211116215539  -672.6 -78.2 -191.2
20211116215540  -672.9 -78.4 -191.5
20211116215541  -672.9 -78.5 -191.5
20211116215542  -672.7 -78.5 -191.8
20211116215543  -672.9 -78.4 -192.0
20211116215544  -673.3 -78.5 -191.9
20211116215545  -673.1 -78.5 -191.9
20211116215546  -673.1 -78.3 -192.2
20211116215547  -673.1 -78.2 -191.9
20211116215548  -673.3 -78.4 -192.2
20211116215549  -673.4 -78.6 -191.9
20211116215550  -673.4 -78.7 -191.9
20211116215551  -673.1 -78.6 -191.9
20211116215552  -672.6 -78.4 -191.8
20211116215553  -672.7 -78.3 -191.5
20211116215554  -672.7 -78.2 -191.4
20211116215555  -672.9 -78.2 -191.2
20211116215556  -673.6 -78.4 -192.2
20211116215557  -673.1 -78.6 -192.2
20211116215558  -673.5 -78.5 -192.3
20211116215559  -673.4 -78.7 -192.4
20211116215600  -673.2 -78.7 -192.6
20211116215601  -673.5 -78.8 -192.6
20211116215602  -673.5 -78.8 -192.8
20211116215603  -673.7 -78.6 -192.6
20211116215604  -673.5 -78.4 -192.6
20211116215605  -673.5 -78.6 -192.9
20211116215606  -673.6 -78.9 -192.9
20211116215607  -673.5 -78.7 -193.0
20211116215608  -673.6 -78.9 -193.1
20211116215609  -673.6 -78.7 -192.7
20211116215610  -673.5 -78.9 -193.0
20211116215611  -673.7 -78.7 -192.9
20211116215612  -673.7 -78.7 -192.9
20211116215613  -673.5 -78.7 -192.9
20211116215614  -673.8 -78.8 -192.9
20211116215615  -673.8 -78.7 -193.0
20211116215616  -673.5 -78.7 -193.1
20211116215617  -673.5 -79.0 -192.9
20211116215618  -673.5 -78.8 -192.8
20211116215619  -673.8 -78.9 -192.9
20211116215620  -673.8 -78.9 -192.6
20211116215621  -673.4 -78.9 -192.9
20211116215622  -673.0 -78.7 -192.1
20211116215623  -672.7 -78.3 -192.1
20211116215624  -672.3 -78.4 -191.9
20211116215625  -672.1 -78.3 -191.8
20211116215626  -672.9 -78.4 -192.4
20211116215627  -672.9 -78.5 -192.8
20211116215628  -672.7 -78.8 -192.7
20211116215629  -673.0 -78.5 -193.0
20211116215630  -672.8 -78.6 -192.9
20211116215631  -673.0 -78.9 -193.0
20211116215632  -673.2 -78.4 -192.9
20211116215633  -673.2 -78.6 -192.8
20211116215634  -673.1 -78.3 -193.1
20211116215635  -673.1 -78.4 -193.0
20211116215636  -673.0 -78.4 -193.2
20211116215637  -672.8 -78.1 -193.2
20211116215638  -672.7 -78.6 -193.3
20211116215639  -673.3 -78.6 -193.5
20211116215640  -673.1 -78.8 -193.3
20211116215641  -673.1 -78.7 -193.2
20211116215642  -673.0 -78.5 -193.5
20211116215643  -673.2 -78.6 -193.6
20211116215644  -673.5 -78.7 -193.5
20211116215645  -673.7 -78.5 -193.4
20211116215646  -673.7 -78.6 -193.5
20211116215647  -673.6 -78.7 -193.5
20211116215648  -673.6 -78.6 -193.5
20211116215649  -673.8 -78.6 -193.7
20211116215650  -673.4 -78.7 -193.6
20211116215651  -673.5 -78.7 -193.7
20211116215652  -672.9 -78.8 -193.1
20211116215653  -672.6 -78.5 -192.7
20211116215654  -672.4 -78.5 -192.8
20211116215655  -672.1 -78.7 -192.8
20211116215656  -673.0 -78.5 -193.3
20211116215657  -673.0 -78.7 -193.4
20211116215658  -672.9 -78.6 -193.3
20211116215659  -673.0 -78.8 -193.6
20211116215700  -673.0 -78.8 -193.5
20211116215701  -673.0 -78.6 -193.4
20211116215702  -673.0 -78.6 -193.3
20211116215703  -672.9 -78.7 -193.5
20211116215704  -672.8 -78.6 -193.5
20211116215705  -672.8 -78.5 -193.5
20211116215706  -673.3 -78.6 -193.8
20211116215707  -673.2 -78.5 -193.4
20211116215708  -673.1 -78.7 -193.5
20211116215709  -673.2 -78.6 -193.6
20211116215710  -673.2 -78.7 -193.5
20211116215711  -673.1 -78.7 -193.6
20211116215712  -673.0 -78.8 -193.3
20211116215713  -672.8 -78.9 -193.4
20211116215714  -672.7 -78.5 -193.6
20211116215715  -672.6 -78.9 -193.4
20211116215716  -672.6 -78.6 -193.3
20211116215717  -672.7 -78.7 -193.3
20211116215718  -672.5 -78.7 -193.2
20211116215719  -672.3 -78.7 -193.3
20211116215720  -672.5 -78.6 -193.5
20211116215721  -672.4 -78.7 -193.5
20211116215722  -671.8 -78.5 -193.5
20211116215723  -671.2 -78.4 -193.2
20211116215724  -671.1 -78.4 -193.0
20211116215725  -671.1 -78.3 -192.8
20211116215726  -671.9 -78.2 -193.4
20211116215727  -671.7 -78.5 -193.4
20211116215728  -671.9 -78.5 -193.2
20211116215729  -672.1 -78.5 -193.3
20211116215730  -671.8 -78.2 -193.3
20211116215731  -671.8 -78.5 -193.1
20211116215732  -671.9 -78.5 -193.3
20211116215733  -671.9 -78.2 -193.1
20211116215734  -671.8 -78.3 -193.1
20211116215735  -671.8 -78.5 -193.1
20211116215736  -671.8 -78.5 -193.1
20211116215737  -672.0 -78.3 -193.3
20211116215738  -672.2 -78.5 -193.4
20211116215739  -672.2 -78.7 -193.3
20211116215740  -672.2 -78.6 -193.3
20211116215741  -672.0 -78.5 -193.2
20211116215742  -671.9 -78.6 -193.1
20211116215743  -672.0 -78.4 -193.4
20211116215744  -672.0 -78.4 -193.2
20211116215745  -672.1 -78.2 -193.4
20211116215746  -671.8 -78.4 -193.5
20211116215747  -672.1 -78.3 -193.2
20211116215748  -672.2 -78.5 -193.4
20211116215749  -672.0 -78.7 -193.7
20211116215750  -672.3 -78.5 -193.6
20211116215751  -672.2 -78.5 -193.6
20211116215752  -672.3 -78.5 -193.8
20211116215753  -671.8 -78.3 -193.0
20211116215754  -671.6 -78.4 -192.8
20211116215755  -671.4 -78.3 -192.7
20211116215756  -672.0 -78.3 -192.9
20211116215757  -672.1 -78.5 -193.0
20211116215758  -672.2 -78.5 -193.4
20211116215759  -672.1 -78.7 -193.2
20211116215800  -672.0 -78.6 -193.4
20211116215801  -672.2 -78.4 -193.6
20211116215802  -672.3 -78.7 -193.5
20211116215803  -672.2 -79.0 -193.3
20211116215804  -672.4 -78.5 -193.7
20211116215805  -672.3 -78.7 -193.6
20211116215806  -672.3 -78.6 -193.2
20211116215807  -672.1 -78.9 -193.5
20211116215808  -672.2 -78.9 -193.5
20211116215809  -671.9 -78.9 -193.3
20211116215810  -672.1 -79.0 -193.8
20211116215811  -672.6 -79.1 -193.7
20211116215812  -672.5 -79.1 -193.6
20211116215813  -672.4 -78.9 -193.4
20211116215814  -672.4 -79.2 -193.5
