20211211000000  -697.1 -57.0 -761.4
20211211000001  -697.2 -56.8 -761.7
20211211000002  -697.1 -56.6 -761.8
20211211000003  -697.0 -56.4 -761.8
20211211000004  -696.9 -56.4 -762.3
20211211000005  -697.3 -56.5 -762.1
20211211000006  -697.6 -56.3 -762.3
20211211000007  -697.7 -56.4 -762.4
20211211000008  -697.7 -56.7 -762.5
20211211000009  -697.7 -57.0 -762.3
20211211000010  -697.7 -56.8 -762.3
20211211000011  -698.1 -57.1 -762.4
20211211000012  -698.2 -57.1 -762.4
20211211000013  -698.3 -56.9 -762.6
20211211000014  -698.1 -57.0 -762.5
20211211000015  -698.3 -57.0 -762.3
20211211000016  -698.4 -57.3 -762.5
20211211000017  -698.4 -57.5 -762.5
20211211000018  -698.5 -57.4 -762.7
20211211000019  -698.3 -57.5 -762.5
20211211000020  -698.2 -57.2 -762.3
20211211000021  -698.3 -56.9 -761.8
20211211000022  -698.9 -57.2 -762.4
20211211000023  -698.9 -56.7 -762.8
20211211000024  -698.8 -56.7 -763.1
20211211000025  -699.2 -56.8 -762.9
20211211000026  -699.4 -56.7 -762.8
20211211000027  -699.3 -56.7 -763.3
20211211000028  -699.5 -56.5 -763.2
20211211000029  -700.0 -56.6 -763.6
20211211000030  -700.2 -56.6 -763.6
20211211000031  -700.4 -56.5 -763.4
20211211000032  -700.2 -56.5 -763.4
20211211000033  -700.5 -56.7 -763.7
20211211000034  -700.8 -56.8 -764.1
20211211000035  -701.3 -56.4 -764.2
20211211000036  -701.5 -56.7 -764.0
20211211000037  -701.9 -56.5 -764.1
20211211000038  -701.8 -56.4 -764.3
20211211000039  -702.1 -56.3 -764.1
20211211000040  -701.9 -56.6 -764.3
20211211000041  -702.0 -56.7 -764.2
20211211000042  -702.1 -57.0 -764.3
20211211000043  -702.4 -56.8 -764.1
20211211000044  -702.2 -57.0 -764.3
20211211000045  -702.0 -57.1 -763.7
20211211000046  -702.0 -57.2 -763.7
20211211000047  -701.9 -57.1 -763.3
20211211000048  -702.5 -57.3 -763.9
20211211000049  -702.6 -57.4 -764.2
20211211000050  -702.5 -57.4 -764.0
20211211000051  -702.7 -57.3 -764.0
20211211000052  -702.7 -57.4 -764.1
20211211000053  -702.8 -57.4 -764.3
20211211000054  -702.6 -57.6 -764.2
20211211000055  -702.8 -57.7 -764.3
20211211000056  -702.8 -57.7 -764.3
20211211000057  -703.0 -57.8 -764.6
20211211000058  -703.2 -57.8 -764.6
20211211000059  -703.4 -57.9 -764.7
20211211000100  -703.2 -58.1 -764.6
20211211000101  -703.3 -58.2 -764.6
20211211000102  -703.1 -58.3 -764.4
20211211000103  -703.6 -58.0 -764.4
20211211000104  -703.6 -57.7 -764.5
20211211000105  -703.9 -57.7 -764.4
20211211000106  -703.9 -57.8 -764.7
20211211000107  -704.0 -58.0 -765.0
20211211000108  -704.1 -57.9 -764.9
20211211000109  -704.2 -58.2 -764.9
20211211000110  -704.1 -58.0 -765.1
20211211000111  -703.6 -58.1 -764.6
20211211000112  -703.4 -58.2 -764.4
20211211000113  -703.3 -57.6 -764.2
20211211000114  -703.6 -57.4 -764.2
20211211000115  -704.3 -57.9 -764.9
20211211000116  -704.7 -57.8 -764.9
20211211000117  -705.1 -57.5 -764.8
20211211000118  -704.9 -57.7 -765.1
20211211000119  -705.0 -57.7 -765.1
20211211000120  -704.6 -57.6 -765.2
20211211000121  -705.1 -58.0 -765.0
20211211000122  -705.2 -57.5 -765.2
20211211000123  -704.7 -57.3 -764.9
20211211000124  -704.8 -57.4 -764.7
20211211000125  -705.0 -57.3 -764.8
20211211000126  -705.1 -57.3 -764.9
20211211000127  -705.3 -57.2 -765.4
20211211000128  -705.4 -57.4 -765.2
20211211000129  -705.5 -57.5 -765.2
20211211000130  -705.6 -57.1 -764.9
20211211000131  -705.6 -57.4 -765.0
20211211000132  -705.8 -57.3 -765.4
20211211000133  -705.9 -57.7 -765.4
20211211000134  -706.1 -57.1 -765.5
20211211000135  -706.0 -57.0 -765.5
20211211000136  -706.1 -57.2 -765.6
20211211000137  -705.8 -57.4 -765.9
20211211000138  -705.3 -57.1 -765.4
20211211000139  -705.3 -57.1 -765.0
20211211000140  -705.6 -56.9 -764.9
20211211000141  -706.4 -56.8 -765.5
20211211000142  -706.3 -57.1 -765.7
20211211000143  -706.4 -57.0 -765.5
20211211000144  -706.3 -57.0 -765.7
20211211000145  -706.5 -57.1 -765.6
20211211000146  -706.6 -56.9 -765.7
20211211000147  -706.4 -56.8 -765.9
20211211000148  -706.3 -56.7 -765.8
20211211000149  -706.4 -56.5 -765.3
20211211000150  -706.5 -56.7 -765.7
20211211000151  -706.7 -57.0 -765.9
20211211000152  -706.7 -56.9 -766.1
20211211000153  -706.9 -56.9 -766.1
20211211000154  -706.8 -56.8 -766.3
20211211000155  -707.1 -56.7 -766.6
20211211000156  -707.3 -56.7 -766.5
20211211000157  -707.6 -56.2 -766.3
20211211000158  -707.7 -56.0 -766.5
20211211000159  -707.9 -55.9 -766.3
20211211000200  -707.7 -55.9 -766.5
20211211000201  -707.8 -55.7 -766.6
20211211000202  -708.0 -55.8 -766.7
20211211000203  -708.2 -56.0 -766.9
20211211000204  -707.7 -56.1 -766.4
20211211000205  -707.6 -56.0 -766.1
20211211000206  -707.6 -55.8 -765.9
20211211000207  -708.6 -55.8 -766.5
20211211000208  -709.0 -56.2 -766.5
20211211000209  -709.0 -56.2 -766.7
20211211000210  -708.8 -56.2 -766.7
20211211000211  -709.0 -56.3 -766.6
20211211000212  -709.0 -56.5 -766.7
20211211000213  -709.1 -56.4 -766.6
