.2
20211110130433  -659.9 -97.2 -172.4
20211110130434  -659.8 -97.1 -172.2
20211110130435  -659.7 -96.9 -172.7
20211110130436  -659.6 -96.8 -172.4
20211110130437  -659.6 -96.8 -172.7
20211110130438  -659.8 -97.0 -172.2
20211110130439  -659.6 -97.1 -172.2
20211110130440  -659.6 -97.6 -172.3
20211110130441  -659.4 -97.3 -172.4
20211110130442  -659.4 -97.3 -172.1
20211110130443  -659.6 -97.5 -172.3
20211110130444  -659.6 -97.7 -172.6
20211110130445  -659.6 -97.8 -172.8
20211110130446  -659.5 -97.6 -172.7
20211110130447  -659.5 -97.8 -172.7
20211110130448  -659.6 -97.9 -172.6
20211110130449  -659.5 -97.9 -172.8
20211110130450  -659.5 -97.9 -173.0
20211110130451  -659.5 -98.0 -173.0
20211110130452  -659.6 -98.1 -172.8
20211110130453  -659.6 -98.1 -172.8
20211110130454  -659.3 -98.0 -172.9
20211110130455  -659.3 -97.8 -173.2
20211110130456  -659.4 -98.2 -173.3
20211110130457  -658.7 -98.3 -172.8
20211110130458  -658.7 -97.8 -172.4
20211110130459  -659.1 -98.1 -172.7
20211110130500  -659.3 -98.1 -173.1
20211110130501  -659.2 -98.2 -173.2
20211110130502  -658.9 -98.2 -173.0
20211110130503  -658.9 -98.5 -173.0
20211110130504  -658.7 -98.6 -173.3
20211110130505  -658.5 -98.6 -173.2
20211110130506  -658.5 -98.7 -173.3
20211110130507  -658.5 -98.8 -173.2
20211110130508  -658.5 -98.7 -173.3
20211110130509  -658.2 -98.8 -173.2
20211110130510  -658.5 -98.8 -173.4
20211110130511  -658.2 -98.8 -173.2
20211110130512  -658.0 -99.0 -173.2
20211110130513  -657.8 -99.1 -173.0
20211110130514  -658.2 -98.8 -172.7
20211110130515  -658.0 -99.0 -173.0
20211110130516  -657.8 -99.1 -173.1
20211110130517  -657.8 -99.2 -172.9
20211110130518  -657.5 -98.9 -173.1
20211110130519  -657.3 -99.1 -173.2
20211110130520  -657.4 -99.2 -173.3
20211110130521  -657.5 -99.3 -173.5
20211110130522  -657.5 -99.2 -173.4
20211110130523  -657.7 -99.5 -173.4
20211110130524  -657.8 -99.5 -173.2
20211110130525  -657.8 -99.4 -173.4
20211110130526  -658.0 -99.4 -173.5
20211110130527  -657.8 -99.2 -173.4
20211110130528  -657.9 -99.1 -173.0
20211110130529  -658.3 -99.4 -173.6
20211110130530  -658.1 -99.4 -173.3
20211110130531  -658.3 -99.7 -173.2
20211110130532  -658.3 -99.4 -173.1
20211110130533  -658.1 -99.5 -173.0
20211110130534  -658.1 -99.6 -173.0
20211110130535  -658.2 -99.8 -173.0
20211110130536  -658.2 -99.7 -172.9
20211110130537  -658.2 -99.9 -173.1
20211110130538  -658.4 -99.6 -173.1
20211110130539  -658.5 -99.6 -173.0
20211110130540  -658.3 -99.5 -173.3
20211110130541  -658.3 -99.6 -173.3
20211110130542  -658.3 -99.5 -173.3
20211110130543  -658.4 -99.3 -173.4
20211110130544  -658.2 -99.4 -173.4
20211110130545  -658.4 -99.7 -173.2
20211110130546  -658.1 -99.4 -173.1
20211110130547  -658.2 -99.5 -173.2
20211110130548  -658.1 -99.7 -173.1
20211110130549  -658.0 -99.7 -173.1
20211110130550  -658.2 -100.0 -172.9
20211110130551  -658.4 -99.9 -173.2
20211110130552  -658.4 -100.1 -173.1
20211110130553  -658.7 -100.3 -173.0
20211110130554  -658.5 -100.1 -173.5
20211110130555  -658.7 -100.0 -173.5
20211110130556  -658.8 -100.1 -173.5
20211110130557  -658.7 -100.3 -173.5
20211110130558  -658.2 -100.4 -172.8
20211110130559  -659.1 -100.3 -173.5
20211110130600  -659.2 -100.3 -173.3
20211110130601  -659.0 -100.2 -173.4
20211110130602  -659.2 -100.4 -173.1
20211110130603  -659.3 -100.1 -173.1
20211110130604  -659.3 -100.4 -173.2
20211110130605  -659.4 -100.2 -173.3
20211110130606  -659.5 -100.3 -173.0
20211110130607  -659.3 -100.3 -173.0
20211110130608  -659.4 -100.2 -172.9
20211110130609  -659.0 -100.3 -173.0
20211110130610  -659.1 -100.2 -173.0
20211110130611  -659.1 -99.9 -173.0
20211110130612  -659.1 -100.0 -172.9
20211110130613  -658.8 -100.2 -173.1
20211110130614  -658.9 -100.1 -173.0
20211110130615  -659.1 -100.1 -172.9
20211110130616  -659.3 -100.1 -173.1
20211110130617  -659.5 -100.0 -173.0
20211110130618  -659.5 -100.4 -172.9
20211110130619  -659.8 -100.5 -172.9
20211110130620  -659.4 -100.1 -172.9
20211110130621  -659.4 -100.3 -172.8
20211110130622  -659.5 -100.6 -172.7
20211110130623  -659.8 -100.3 -173.0
20211110130624  -659.7 -100.4 -173.0
20211110130625  -660.1 -100.4 -172.9
20211110130626  -660.2 -100.2 -172.9
20211110130627  -660.1 -100.6 -173.1
20211110130628  -659.3 -100.3 -172.5
20211110130629  -659.8 -100.1 -172.5
20211110130630  -660.0 -100.0 -173.0
20211110130631  -660.2 -99.9 -172.8
20211110130632  -660.3 -100.3 -172.8
20211110130633  -660.3 -100.0 -173.0
20211110130634  -659.9 -99.7 -172.8
20211110130635  -660.1 -99.9 -172.8
20211110130636  -659.8 -99.7 -172.8
20211110130637  -659.7 -99.8 -172.6
20211110130638  -659.8 -100.1 -172.6
20211110130639  -659.9 -100.0 -173.0
20211110130640  -659.9 -100.0 -172.9
20211110130641  -659.8 -99.9 -172.9
20211110130642  -660.4 -100.0 -173.2
20211110130643  -659.9 -100.0 -173.2
20211110130644  -659.9 -99.8 -173.1
20211110130645  -660.1 -99.8 -172.9
20211110130646  -660.2 -99.8 -172.9
20211110130647  -660.3 -99.6 -172.8
20211110130648  -660.2 -99.8 -172.9
20211110130649  -660.5 -99.8 -172.9
20211110130650  -660.5 -99.7 -173.0
20211110130651  -660.3 -99.8 -172.9
20211110130652  -660.2 -100.0 -173.1
20211110130653  -660.3 -99.7 -172.8
20211110130654  -659.9 -100.1 -173.0
20211110130655  -660.1 -99.9 -172.9
20211110130656  -660.1 -100.0 -173.2
20211110130657  -659.9 -100.0 -173.0
20211110130658  -659.0 -100.0 -172.7
20211110130659  -658.7 -99.8 -172.4
20211110130700  -659.4 -99.5 -173.0
20211110130701  -659.4 -99.7 -173.1
20211110130702  -659.6 -99.8 -173.1
20211110130703  -659.6 -99.6 -173.3
20211110130704  -659.3 -99.7 -173.4
20211110130705  -659.3 -100.1 -173.6
20211110130706  -659.4 -100.0 -173.6
20211110130707  -659.3 -100.0 -173.5
20211110130708  -659.3 -100.2 -173.3
20211110130709  -659.6 -100.2 -173.5
20211110130710  -659.5 -100.1 -173.7
20211110130711  -659.8 -100.1 -173.6
20211110130712  -659.7 -100.6 -173.7
20211110130713  -659.7 -100.4 -173.5
20211110130714  -659.7 -100.2 -173.7
20211110130715  -659.6 -99.9 -173.6
20211110130716  -659.6 -100.3 -173.7
20211110130717  -659.3 -100.2 -173.3
20211110130718  -659.3 -100.3 -173.3
20211110130719  -659.3 -100.3 -173.3
20211110130720  -659.0 -100.1 -173.1
20211110130721  -659.1 -100.0 -173.2
20211110130722  -658.9 -100.1 -173.3
20211110130723  -658.6 -99.9 -173.3
20211110130724  -658.7 -100.2 -173.3
20211110130725  -658.4 -100.5 -173.5
20211110130726  -658.3 -100.5 -173.3
20211110130727  -658.5 -100.3 -173.6
20211110130728  -657.8 -100.4 -173.0
20211110130729  -657.5 -100.0 -173.0
20211110130730  -657.5 -100.0 -173.0
20211110130731  -658.2 -100.3 -173.7
20211110130732  -658.2 -100.3 -173.5
20211110130733  -658.0 -100.3 -173.7
20211110130734  -658.3 -100.3 -173.8
20211110130735  -658.3 -100.3 -173.6
20211110130736  -658.4 -100.4 -173.8
20211110130737  -658.4 -100.6 -174.1
20211110130738  -658.3 -100.6 -174.0
20211110130739  -658.5 -100.5 -174.1
20211110130740  -658.7 -100.5 -173.4
20211110130741  -658.8 -100.9 -173.5
20211110130742  -659.1 -101.0 -173.5
20211110130743  -659.1 -100.9 -173.6
20211110130744  -658.8 -100.8 -173.8
20211110130745  -659.0 -101.1 -173.8
20211110130746  -658.7 -101.3 -173.8
20211110130747  -658.8 -101.0 -173.8
20211110130748  -658.8 -100.9 -173.6
20211110130749  -658.9 -101.0 -173.7
20211110130750  -659.0 -101.1 -173.8
20211110130751  -658.9 -101.1 -173.5
20211110130752  -658.5 -100.9 -173.9
20211110130753  -658.9 -101.0 -173.8
20211110130754  -658.7 -100.8 -174.0
20211110130755  -658.8 -100.8 -173.8
20211110130756  -658.6 -100.9 -174.1
20211110130757  -658.9 -100.9 -174.0
20211110130758  -658.3 -100.7 -173.5
20211110130759  -657.8 -100.6 -173.2
20211110130800  -657.6 -100.4 -172.9
20211110130801  -657.8 -99.9 -172.9
20211110130802  -657.8 -99.9 -173.6
20211110130803  -658.2 -99.8 -173.6
20211110130804  -657.7 -99.8 -173.7
20211110130805  -657.7 -99.6 -173.7
20211110130806  -657.6 -99.6 -173.9
20211110130807  -657.5 -99.5 -173.6
20211110130808  -657.4 -99.6 -173.6
20211110130809  -657.3 -99.4 -173.9
20211110130810  -657.4 -99.1 -173.6
20211110130811  -657.1 -99.5 -173.6
20211110130812  -657.6 -99.7 -173.4
20211110130813  -657.4 -99.8 -173.6
20211110130814  -657.5 -99.6 -173.5
20211110130815  -657.7 -99.7 -173.6
20211110130816  -657.6 -99.6 -173.6
20211110130817  -657.6 -99.8 -173.6
20211110130818  -657.8 -99.8 -173.3
20211110130819  -657.9 -99.5 -173.5
20211110130820  -657.9 -99.5 -173.5
20211110130821  -658.0 -99.5 -173.6
20211110130822  -658.1 -99.8 -173.3
20211110130823  -658.3 -99.7 -173.4
20211110130824  -658.5 -99.9 -173.2
20211110130825  -658.4 -99.7 -173.3
20211110130826  -658.5 -99.8 -173.2
20211110130827  -658.6 -99.7 -173.2
20211110130828  -658.1 -99.8 -172.9
20211110130829  -657.8 -99.4 -172.4
20211110130830  -658.1 -99.5 -172.1
20211110130831  -657.9 -99.2 -171.8
20211110130832  -658.6 -99.1 -172.9
20211110130833  -658.6 -99.1 -172.8
20211110130834  -658.5 -98.9 -172.5
20211110130835  -658.5 -98.8 -172.7
20211110130836  -658.3 -98.7 -172.5
20211110130837  -658.4 -98.9 -172.5
20211110130838  -658.3 -98.9 -172.5
20211110130839  -658.1 -99.1 -172.5
20211110130840  -658.3 -99.2 -172.6
20211110130841  -658.2 -99.0 -172.6
20211110130842  -658.6 -99.1 -172.4
20211110130843  -658.6 -99.0 -172.3
20211110130844  -658.6 -99.2 -172.4
20211110130845  -658.8 -99.3 -172.4
20211110130846  -658.9 -99.1 -172.5
20211110130847  -658.8 -99.2 -172.8
20211110130848  -659.1 -99.0 -172.7
20211110130849  -659.3 -99.1 -172.8
20211110130850  -659.3 -99.0 -172.6
20211110130851  -659.3 -99.0 -172.7
20211110130852  -659.6 -99.1 -172.5
20211110130853  -659.6 -99.1 -172.3
20211110130854  -659.7 -99.1 -172.3
20211110130855  -659.6 -98.9 -171.9
20211110130856  -659.7 -98.9 -172.2
20211110130857  -659.7 -99.0 -172.0
20211110130858  -659.6 -98.9 -171.9
20211110130859  -658.9 -98.8 -171.4
20211110130900  -658.4 -98.9 -171.1
20211110130901  -658.0 -98.5 -171.2
20211110130902  -658.5 -98.8 -171.9
20211110130903  -658.8 -98.7 -171.8
20211110130904  -658.7 -98.6 -171.9
20211110130905  -658.5 -98.7 -172.1
20211110130906  -658.2 -98.6 -171.8
20211110130907  -658.2 -98.7 -171.8
20211110130908  -658.2 -98.9 -172.2
20211110130909  -658.1 -99.0 -172.2
20211110130910  -658.1 -99.1 -172.2
20211110130911  -658.1 -99.3 -172.0
20211110130912  -658.3 -99.1 -172.0
20211110130913  -658.3 -98.7 -172.4
20211110130914  -658.2 -98.7 -172.2
20211110130915  -658.1 -98.3 -172.3
20211110130916  -658.1 -98.5 -172.4
20211110130917  -658.1 -98.5 -172.5
20211110130918  -658.2 -98.5 -172.5
20211110130919  -658.1 -98.5 -172.2
20211110130920  -658.5 -98.2 -172.4
20211110130921  -658.6 -98.5 -172.7
20211110130922  -658.5 -98.1 -172.5
20211110130923  -658.7 -98.4 -172.5
20211110130924  -658.9 -98.3 -172.0
20211110130925  -658.9 -98.3 -172.1
20211110130926  -658.6 -98.3 -172.1
20211110130927  -658.5 -98.3 -172.2
20211110130928  -658.6 -98.0 -172.4
20211110130929  -658.0 -98.2 -171.9
20211110130930  -657.8 -97.8 -171.5
20211110130931  -657.1 -97.9 -171.4
20211110130932  -657.8 -97.9 -171.9
20211110130933  -657.9 -98.1 -171.7
20211110130934  -657.6 -97.7 -171.9
20211110130935  -657.8 -97.9 -172.0
20211110130936  -657.9 -97.9 -172.1
20211110130937  -657.5 -97.8 -172.2
20211110130938  -657.7 -97.7 -172.1
20211110130939  -657.7 -97.9 -172.1
20211110130940  -657.5 -97.9 -172.2
20211110130941  -657.4 -97.8 -172.1
20211110130942  -657.2 -97.7 -172.3
20211110130943  -657.2 -97.7 -172.2
20211110130944  -657.2 -97.9 -172.1
20211110130945  -657.4 -97.9 -172.2
20211110130946  -657.4 -98.2 -172.2
20211110130947  -657.5 -98.0 -172.5
20211110130948  -657.4 -97.9 -172.4
20211110130949  -657.2 -97.8 -172.4
20211110130950  -657.5 -98.0 -172.3
20211110130951  -657.3 -97.7 -172.1
20211110130952  -657.4 -97.6 -172.2
20211110130953  -657.4 -97.5 -172.4
20211110130954  -657.3 -97.5 -172.3
20211110130955  -657.5 -97.6 -172.2
20211110130956  -657.5 -97.4 -172.3
20211110130957  -657.3 -97.5 -172.3
20211110130958  -657.5 -97.3 -172.7
20211110130959  -657.1 -97.6 -172.2
20211110131000  -656.5 -97.3 -172.2
20211110131001  -656.3 -97.1 -171.5
20211110131002  -657.0 -97.3 -172.1
20211110131003  -657.2 -97.4 -172.2
20211110131004  -657.4 -97.0 -172.2
20211110131005  -657.0 -96.8 -172.4
20211110131006  -656.8 -96.8 -172.4
20211110131007  -657.1 -97.0 -172.3
20211110131008  -656.7 -96.9 -172.2
20211110131009  -656.5 -96.9 -172.3
20211110131010  -656.3 -97.2 -172.2
20211110131011  -656.4 -96.9 -172.2
20211110131012  -656.6 -96.9 -172.4
20211110131013  -656.4 -97.0 -172.5
20211110131014  -656.2 -97.0 -172.3
20211110131015  -656.5 -97.1 -172.4
