20211110174633  -672.7 -87.8 -185.0
20211110174634  -672.6 -87.4 -184.8
20211110174635  -672.6 -87.5 -184.8
20211110174636  -672.7 -87.3 -184.9
20211110174637  -672.7 -87.6 -184.3
20211110174638  -672.9 -87.6 -184.7
20211110174639  -672.8 -87.6 -184.6
20211110174640  -672.8 -87.8 -184.6
20211110174641  -672.5 -88.0 -184.4
20211110174642  -672.7 -87.6 -184.7
20211110174643  -673.0 -87.8 -184.6
20211110174644  -672.8 -87.6 -184.5
20211110174645  -672.8 -87.8 -184.4
20211110174646  -673.0 -87.7 -184.5
20211110174647  -672.9 -87.5 -184.5
20211110174648  -672.9 -87.5 -184.5
20211110174649  -672.9 -87.2 -184.8
20211110174650  -672.9 -87.6 -184.2
20211110174651  -672.8 -87.5 -184.3
20211110174652  -672.6 -87.7 -184.4
20211110174653  -672.8 -87.8 -184.3
20211110174654  -673.2 -87.9 -184.3
20211110174655  -673.0 -88.1 -184.7
20211110174656  -672.8 -87.6 -184.6
20211110174657  -672.9 -87.8 -184.3
20211110174658  -673.0 -87.8 -184.4
20211110174659  -673.2 -87.8 -184.4
20211110174700  -673.1 -87.7 -184.2
20211110174701  -673.3 -88.0 -184.2
20211110174702  -673.2 -88.0 -184.2
20211110174703  -673.0 -87.9 -184.6
20211110174704  -673.1 -87.8 -184.7
20211110174705  -673.2 -87.8 -184.4
20211110174706  -673.0 -87.7 -184.5
20211110174707  -672.8 -87.6 -184.5
20211110174708  -672.9 -87.7 -184.5
20211110174709  -673.0 -87.7 -184.6
20211110174710  -672.8 -88.2 -184.7
20211110174711  -672.0 -87.7 -184.0
20211110174712  -672.5 -87.7 -184.1
20211110174713  -672.5 -87.9 -183.9
20211110174714  -672.6 -87.7 -184.2
20211110174715  -672.6 -87.6 -184.4
20211110174716  -672.6 -87.7 -184.6
20211110174717  -672.6 -87.5 -184.6
20211110174718  -672.5 -87.3 -184.4
20211110174719  -672.4 -87.6 -184.5
20211110174720  -672.7 -87.4 -184.5
20211110174721  -672.5 -87.3 -184.3
20211110174722  -672.4 -87.3 -184.3
20211110174723  -672.3 -87.4 -184.6
20211110174724  -672.1 -87.5 -184.4
20211110174725  -672.1 -87.2 -184.4
20211110174726  -672.4 -87.3 -184.5
20211110174727  -672.6 -87.2 -184.7
20211110174728  -672.6 -87.3 -184.7
20211110174729  -672.3 -87.5 -184.7
20211110174730  -672.4 -87.5 -184.5
20211110174731  -672.2 -87.1 -184.6
20211110174732  -672.2 -87.3 -184.3
20211110174733  -672.3 -87.6 -184.6
20211110174734  -672.0 -87.3 -184.8
20211110174735  -672.0 -87.3 -184.6
20211110174736  -672.1 -87.1 -184.4
20211110174737  -672.0 -87.3 -184.4
20211110174738  -671.8 -87.2 -184.4
20211110174739  -672.1 -87.2 -184.2
20211110174740  -672.0 -87.2 -184.2
20211110174741  -671.3 -87.0 -183.8
20211110174742  -671.0 -86.9 -183.6
20211110174743  -671.7 -87.1 -184.2
20211110174744  -671.5 -87.1 -184.1
20211110174745  -671.6 -86.9 -184.1
20211110174746  -671.6 -87.0 -184.2
20211110174747  -671.6 -87.2 -184.2
20211110174748  -671.3 -86.9 -184.4
20211110174749  -671.3 -87.0 -184.3
20211110174750  -671.4 -87.1 -184.2
20211110174751  -671.4 -86.9 -184.2
20211110174752  -671.5 -86.8 -184.2
20211110174753  -671.6 -87.0 -184.2
20211110174754  -671.7 -87.2 -184.4
20211110174755  -671.5 -86.9 -184.5
20211110174756  -671.3 -86.8 -184.4
20211110174757  -671.4 -87.0 -184.4
20211110174758  -671.5 -86.7 -184.5
20211110174759  -671.5 -86.7 -184.3
20211110174800  -671.4 -86.7 -184.4
20211110174801  -671.1 -86.7 -184.5
20211110174802  -671.5 -86.5 -184.5
20211110174803  -671.1 -86.4 -184.1
20211110174804  -671.2 -86.7 -184.4
20211110174805  -671.3 -86.6 -184.3
20211110174806  -670.9 -86.4 -184.4
20211110174807  -671.1 -86.7 -184.5
20211110174808  -671.0 -86.5 -184.4
20211110174809  -671.1 -86.4 -184.5
20211110174810  -670.6 -86.4 -184.6
20211110174811  -670.0 -86.5 -183.7
20211110174812  -669.9 -86.1 -183.5
20211110174813  -670.0 -85.9 -183.8
20211110174814  -670.7 -86.4 -184.3
20211110174815  -670.5 -86.2 -184.4
20211110174816  -670.4 -86.1 -184.4
20211110174817  -670.7 -86.5 -184.2
20211110174818  -670.6 -86.2 -184.0
20211110174819  -670.4 -86.0 -184.4
20211110174820  -670.5 -86.2 -184.4
20211110174821  -670.6 -86.0 -184.7
20211110174822  -670.7 -86.0 -184.2
20211110174823  -670.4 -86.1 -184.4
20211110174824  -670.5 -86.0 -184.4
20211110174825  -670.2 -85.9 -184.6
20211110174826  -670.5 -86.0 -184.5
20211110174827  -670.8 -86.2 -184.5
20211110174828  -670.6 -86.1 -184.3
20211110174829  -670.7 -86.1 -184.6
20211110174830  -670.8 -86.1 -184.7
20211110174831  -670.7 -86.1 -184.5
20211110174832  -670.8 -86.2 -184.3
20211110174833  -671.0 -86.2 -184.6
20211110174834  -670.7 -86.3 -184.5
20211110174835  -670.8 -86.2 -184.4
20211110174836  -670.8 -86.4 -184.7
20211110174837  -670.7 -86.5 -184.5
20211110174838  -670.7 -86.6 -184.4
20211110174839  -670.7 -86.3 -184.5
20211110174840  -670.6 -86.3 -184.6
20211110174841  -669.6 -86.2 -183.9
20211110174842  -669.3 -86.1 -183.3
20211110174843  -669.4 -86.2 -183.4
20211110174844  -670.2 -86.3 -183.9
20211110174845  -670.2 -86.1 -183.7
20211110174846  -670.3 -86.2 -183.9
20211110174847  -670.3 -86.2 -184.1
20211110174848  -670.4 -86.0 -183.8
20211110174849  -670.3 -86.3 -183.8
20211110174850  -670.5 -86.2 -183.6
20211110174851  -670.4 -86.3 -183.9
20211110174852  -670.5 -86.3 -184.0
20211110174853  -670.5 -86.3 -184.3
20211110174854  -670.4 -86.4 -184.2
20211110174855  -670.3 -86.5 -184.3
20211110174856  -670.6 -86.3 -184.3
20211110174857  -670.3 -86.4 -184.1
20211110174858  -670.2 -86.4 -184.4
20211110174859  -670.2 -86.3 -184.2
20211110174900  -670.3 -86.3 -184.2
20211110174901  -670.3 -86.5 -184.2
20211110174902  -670.5 -86.4 -184.1
20211110174903  -670.6 -86.1 -184.1
20211110174904  -670.3 -86.3 -184.1
20211110174905  -670.4 -86.4 -184.1
20211110174906  -670.4 -86.3 -184.2
20211110174907  -670.3 -86.3 -184.4
20211110174908  -670.6 -86.6 -184.2
20211110174909  -670.6 -86.7 -184.0
20211110174910  -670.8 -86.4 -183.9
20211110174911  -670.3 -86.4 -183.8
20211110174912  -669.9 -86.2 -183.4
20211110174913  -670.0 -86.1 -183.4
20211110174914  -670.4 -86.0 -183.7
20211110174915  -670.8 -86.3 -184.2
20211110174916  -670.8 -86.1 -184.0
20211110174917  -670.7 -86.2 -184.0
20211110174918  -670.4 -86.1 -183.9
20211110174919  -670.2 -86.1 -184.0
20211110174920  -670.6 -86.0 -183.8
20211110174921  -670.6 -86.2 -183.7
20211110174922  -670.9 -86.2 -183.8
20211110174923  -671.0 -86.4 -183.8
20211110174924  -670.6 -86.1 -183.9
20211110174925  -670.5 -86.4 -183.7
20211110174926  -670.6 -86.4 -183.8
20211110174927  -670.6 -86.2 -183.8
20211110174928  -670.7 -86.1 -183.8
20211110174929  -670.9 -86.3 -183.7
20211110174930  -671.0 -86.3 -183.6
20211110174931  -671.1 -86.4 -183.5
20211110174932  -670.8 -86.1 -183.8
20211110174933  -670.4 -85.9 -183.9
20211110174934  -670.9 -86.2 -183.7
20211110174935  -670.8 -86.1 -183.6
20211110174936  -670.8 -86.0 -183.7
20211110174937  -670.9 -85.7 -183.7
20211110174938  -670.6 -86.0 -183.5
20211110174939  -670.7 -86.1 -183.4
20211110174940  -671.0 -86.1 -183.7
20211110174941  -670.3 -86.0 -183.6
20211110174942  -669.7 -86.0 -183.2
20211110174943  -669.8 -86.0 -183.0
20211110174944  -670.3 -86.2 -183.5
20211110174945  -670.4 -86.4 -183.9
20211110174946  -670.5 -86.0 -183.7
20211110174947  -670.8 -85.8 -183.9
20211110174948  -670.4 -86.0 -184.0
20211110174949  -670.4 -86.2 -183.9
20211110174950  -670.8 -85.8 -184.1
20211110174951  -670.7 -86.1 -184.1
20211110174952  -670.6 -85.9 -183.8
20211110174953  -670.9 -85.8 -184.1
20211110174954  -671.2 -86.1 -183.9
20211110174955  -670.8 -85.9 -183.7
20211110174956  -670.5 -85.8 -183.8
20211110174957  -670.8 -85.8 -183.9
20211110174958  -670.6 -85.7 -184.0
20211110174959  -670.5 -85.9 -183.7
20211110175000  -670.6 -85.8 -183.6
20211110175001  -670.6 -85.9 -183.6
20211110175002  -670.6 -85.9 -183.9
20211110175003  -670.5 -86.2 -184.1
20211110175004  -670.7 -86.1 -183.9
20211110175005  -670.5 -86.1 -183.8
20211110175006  -670.4 -86.0 -183.8
20211110175007  -670.5 -86.1 -183.8
20211110175008  -670.2 -86.0 -183.9
20211110175009  -670.3 -86.0 -183.7
20211110175010  -670.5 -86.0 -183.7
20211110175011  -669.9 -85.9 -183.7
20211110175012  -669.4 -85.7 -183.1
20211110175013  -669.3 -85.8 -183.0
20211110175014  -669.4 -85.7 -183.4
20211110175015  -669.7 -85.6 -184.1
20211110175016  -670.0 -85.9 -183.8
