20211107233029  -669.8 -83.9 -184.4
20211107233030  -670.2 -83.8 -184.3
20211107233031  -670.2 -83.7 -184.6
20211107233032  -670.0 -83.8 -184.5
20211107233033  -670.3 -83.9 -184.3
20211107233034  -670.2 -83.7 -183.9
20211107233035  -670.1 -83.6 -184.0
20211107233036  -670.0 -83.7 -184.3
20211107233037  -670.1 -83.9 -184.4
20211107233038  -669.9 -84.0 -184.4
20211107233039  -670.0 -84.1 -184.4
20211107233040  -670.0 -84.2 -184.6
20211107233041  -669.5 -84.3 -184.1
20211107233042  -669.1 -83.9 -183.6
20211107233043  -668.9 -83.8 -183.4
20211107233044  -668.9 -83.8 -183.5
20211107233045  -668.8 -83.6 -183.4
20211107233046  -668.5 -83.1 -183.5
20211107233047  -668.2 -83.1 -183.2
20211107233048  -669.4 -83.5 -183.8
20211107233049  -669.5 -83.5 -183.6
20211107233050  -669.3 -83.6 -183.7
20211107233051  -669.4 -83.7 -184.1
20211107233052  -669.6 -83.5 -184.1
20211107233053  -669.7 -83.6 -183.9
20211107233054  -669.9 -83.6 -184.3
20211107233055  -669.9 -83.6 -184.5
20211107233056  -670.1 -83.5 -184.4
20211107233057  -670.0 -83.8 -184.2
20211107233058  -670.0 -84.2 -184.3
20211107233059  -669.9 -84.3 -184.4
20211107233100  -669.8 -84.0 -184.4
20211107233101  -670.0 -83.8 -184.6
20211107233102  -670.5 -83.7 -184.7
20211107233103  -670.5 -83.5 -184.5
20211107233104  -670.1 -83.8 -184.3
20211107233105  -670.2 -83.4 -184.4
20211107233106  -669.9 -83.8 -184.9
20211107233107  -670.2 -84.0 -184.7
20211107233108  -669.7 -83.8 -184.2
20211107233109  -669.0 -83.7 -183.7
20211107233110  -669.2 -83.6 -183.9
20211107233111  -669.1 -83.4 -183.5
20211107233112  -669.1 -83.2 -183.2
20211107233113  -669.2 -83.1 -183.1
20211107233114  -669.6 -83.0 -183.9
20211107233115  -670.1 -83.2 -183.8
20211107233116  -670.2 -83.2 -183.6
20211107233117  -670.2 -83.1 -183.7
20211107233118  -670.4 -83.5 -183.9
20211107233119  -670.4 -83.7 -184.0
20211107233120  -670.3 -83.5 -183.9
20211107233121  -670.3 -83.5 -183.9
20211107233122  -670.5 -83.5 -183.9
20211107233123  -670.6 -83.6 -184.1
20211107233124  -670.4 -83.8 -184.3
20211107233125  -670.4 -83.6 -184.4
20211107233126  -670.4 -83.7 -184.4
20211107233127  -670.3 -83.8 -184.5
20211107233128  -670.2 -83.5 -184.8
20211107233129  -670.2 -83.6 -184.2
20211107233130  -669.9 -83.5 -184.2
20211107233131  -670.5 -83.3 -184.4
20211107233132  -670.4 -83.3 -184.4
20211107233133  -670.3 -83.4 -184.8
20211107233134  -669.9 -83.7 -184.3
20211107233135  -669.6 -83.7 -183.8
20211107233136  -669.5 -83.5 -183.5
20211107233137  -669.5 -83.5 -183.4
20211107233138  -669.2 -83.4 -183.1
20211107233139  -669.2 -83.3 -183.3
20211107233140  -669.5 -83.2 -183.7
20211107233141  -669.8 -83.7 -184.3
20211107233142  -670.2 -83.7 -184.1
20211107233143  -670.1 -83.3 -184.1
20211107233144  -670.1 -83.0 -184.2
20211107233145  -670.2 -83.4 -184.4
20211107233146  -670.1 -83.4 -184.2
20211107233147  -670.4 -83.6 -184.2
20211107233148  -670.5 -83.6 -184.3
20211107233149  -670.5 -83.6 -184.3
20211107233150  -670.2 -83.6 -184.2
20211107233151  -670.4 -83.9 -184.6
20211107233152  -670.6 -84.0 -184.5
20211107233153  -670.6 -83.7 -184.7
20211107233154  -670.5 -83.9 -184.9
20211107233155  -670.6 -83.5 -184.8
20211107233156  -670.5 -83.6 -184.7
20211107233157  -670.3 -83.8 -184.6
20211107233158  -670.6 -83.9 -184.9
20211107233159  -670.3 -84.0 -184.8
20211107233200  -670.1 -84.0 -184.6
20211107233201  -669.7 -83.8 -184.0
20211107233202  -669.4 -83.8 -183.7
20211107233203  -669.3 -83.8 -183.6
20211107233204  -668.9 -83.7 -183.9
20211107233205  -668.9 -83.3 -183.5
20211107233206  -669.0 -83.2 -183.7
20211107233207  -669.9 -83.2 -184.3
20211107233208  -669.9 -83.3 -184.2
20211107233209  -669.9 -83.5 -184.1
20211107233210  -670.1 -83.7 -184.5
20211107233211  -670.0 -83.5 -184.2
20211107233212  -670.1 -83.5 -184.2
20211107233213  -670.3 -83.5 -184.3
20211107233214  -670.5 -83.7 -184.5
20211107233215  -670.3 -83.5 -184.3
20211107233216  -670.2 -83.6 -184.2
20211107233217  -670.7 -83.6 -184.4
20211107233218  -670.4 -83.7 -184.2
20211107233219  -670.6 -83.5 -184.3
20211107233220  -670.7 -83.5 -184.4
20211107233221  -670.5 -83.5 -184.1
20211107233222  -670.4 -83.6 -184.4
20211107233223  -670.7 -83.6 -184.4
20211107233224  -670.5 -83.7 -184.2
20211107233225  -670.8 -83.4 -184.3
20211107233226  -671.0 -83.8 -184.4
20211107233227  -670.4 -83.4 -184.5
20211107233228  -670.2 -83.2 -184.0
20211107233229  -669.8 -83.4 -183.5
20211107233230  -669.6 -83.0 -183.5
20211107233231  -669.4 -82.9 -183.3
20211107233232  -669.4 -82.7 -183.6
20211107233233  -670.5 -83.0 -183.8
20211107233234  -670.4 -83.0 -183.8
20211107233235  -670.5 -82.9 -184.0
20211107233236  -670.4 -82.9 -183.7
20211107233237  -670.5 -83.0 -183.8
20211107233238  -670.7 -83.2 -184.1
20211107233239  -670.8 -83.2 -183.9
20211107233240  -670.7 -83.3 -183.9
20211107233241  -670.6 -83.4 -183.8
20211107233242  -670.8 -83.0 -183.8
20211107233243  -671.0 -83.2 -184.1
20211107233244  -670.8 -83.3 -184.2
20211107233245  -671.2 -83.1 -184.1
20211107233246  -671.1 -83.1 -184.4
20211107233247  -671.0 -83.1 -184.4
20211107233248  -670.8 -83.2 -184.4
20211107233249  -671.0 -83.4 -184.4
20211107233250  -670.9 -83.5 -184.4
20211107233251  -671.2 -83.5 -184.4
20211107233252  -671.3 -83.2 -184.2
20211107233253  -670.5 -83.5 -184.5
20211107233254  -670.3 -83.2 -183.8
20211107233255  -670.0 -83.0 -183.6
20211107233256  -669.8 -82.8 -183.3
20211107233257  -669.9 -82.9 -183.3
20211107233258  -669.9 -82.8 -182.9
20211107233259  -669.9 -82.5 -183.1
20211107233300  -670.5 -82.6 -183.5
20211107233301  -670.4 -82.9 -183.5
20211107233302  -670.5 -83.0 -183.7
20211107233303  -670.6 -83.1 -183.9
20211107233304  -670.9 -83.0 -183.8
20211107233305  -670.6 -83.3 -183.9
20211107233306  -670.5 -83.1 -184.0
20211107233307  -670.7 -83.1 -184.0
20211107233308  -671.0 -83.1 -183.8
20211107233309  -670.6 -83.1 -183.6
20211107233310  -670.8 -83.1 -183.7
20211107233311  -670.8 -83.2 -183.9
20211107233312  -670.9 -83.0 -184.2
20211107233313  -670.8 -83.0 -184.1
20211107233314  -670.8 -83.1 -184.1
20211107233315  -671.0 -83.2 -184.1
20211107233316  -670.6 -82.8 -184.0
20211107233317  -670.9 -83.0 -184.2
20211107233318  -671.1 -82.9 -184.4
20211107233319  -671.0 -83.3 -184.4
20211107233320  -670.6 -82.8 -183.8
20211107233321  -670.1 -82.9 -183.4
20211107233322  -669.9 -82.8 -183.2
20211107233323  -669.4 -82.9 -183.1
20211107233324  -669.4 -82.8 -182.9
20211107233325  -669.4 -82.8 -182.8
20211107233326  -670.1 -83.0 -183.4
20211107233327  -670.5 -82.7 -183.6
20211107233328  -670.6 -82.9 -183.4
20211107233329  -670.9 -82.7 -183.6
20211107233330  -670.9 -82.8 -183.6
20211107233331  -670.9 -83.0 -183.6
20211107233332  -670.6 -83.0 -183.6
20211107233333  -670.6 -83.1 -183.6
20211107233334  -670.8 -83.2 -183.7
20211107233335  -670.9 -83.0 -183.6
20211107233336  -670.7 -83.0 -184.0
20211107233337  -670.8 -83.0 -183.9
20211107233338  -671.0 -82.9 -184.1
20211107233339  -671.0 -82.9 -184.0
20211107233340  -670.8 -82.9 -184.0
20211107233341  -671.1 -83.0 -184.1
20211107233342  -671.0 -83.0 -183.6
20211107233343  -671.0 -83.1 -183.6
20211107233344  -671.1 -83.2 -183.9
20211107233345  -671.0 -83.1 -184.2
20211107233346  -670.9 -83.4 -184.1
20211107233347  -670.7 -83.1 -183.7
20211107233348  -670.5 -83.2 -183.3
20211107233349  -670.1 -83.0 -183.1
20211107233350  -670.0 -82.9 -183.0
20211107233351  -669.9 -82.4 -182.8
20211107233352  -670.9 -82.9 -183.6
20211107233353  -670.5 -83.1 -183.7
20211107233354  -671.1 -83.1 -183.8
20211107233355  -671.2 -82.9 -183.7
20211107233356  -671.0 -82.9 -184.1
20211107233357  -670.9 -83.1 -184.0
20211107233358  -670.9 -83.0 -184.0
20211107233359  -670.9 -82.9 -184.1
20211107233400  -671.1 -82.9 -184.1
20211107233401  -671.0 -83.1 -184.4
20211107233402  -671.0 -82.9 -184.5
20211107233403  -671.1 -82.9 -184.2
20211107233404  -670.8 -83.3 -184.1
20211107233405  -670.7 -83.1 -183.8
20211107233406  -671.1 -83.2 -184.0
20211107233407  -671.4 -82.7 -184.0
20211107233408  -671.3 -82.9 -184.1
20211107233409  -671.0 -83.1 -184.3
20211107233410  -671.1 -83.0 -184.3
20211107233411  -671.0 -83.2 -184.2
20211107233412  -670.9 -83.5 -184.0
20211107233413  -670.1 -83.1 -183.6
20211107233414  -669.8 -82.8 -183.2
20211107233415  -669.5 -82.8 -183.3
20211107233416  -669.6 -82.6 -183.1
20211107233417  -669.3 -82.5 -182.6
20211107233418  -669.7 -82.2 -182.8
20211107233419  -670.5 -82.3 -183.7
20211107233420  -670.5 -82.6 -183.7
20211107233421  -670.8 -82.7 -183.8
20211107233422  -670.8 -82.6 -183.5
20211107233423  -670.5 -82.9 -183.7
20211107233424  -670.5 -83.0 -183.6
20211107233425  -670.3 -83.0 -183.5
20211107233426  -670.5 -82.6 -183.8
20211107233427  -670.5 -82.6 -183.9
20211107233428  -670.5 -82.7 -183.6
20211107233429  -670.8 -82.8 -183.8
20211107233430  -670.8 -82.7 -183.9
20211107233431  -670.6 -82.6 -184.1
20211107233432  -670.7 -82.7 -184.1
20211107233433  -670.8 -82.8 -184.1
20211107233434  -670.7 -83.0 -184.2
20211107233435  -670.7 -82.9 -184.1
20211107233436  -670.8 -83.2 -184.0
20211107233437  -670.8 -83.2 -184.2
20211107233438  -670.8 -83.2 -184.1
20211107233439  -670.7 -83.2 -183.9
20211107233440  -670.2 -83.0 -183.4
20211107233441  -670.0 -83.0 -183.2
20211107233442  -669.8 -82.4 -183.0
20211107233443  -669.6 -82.1 -182.6
20211107233444  -669.4 -82.3 -182.5
20211107233445  -670.6 -82.3 -183.4
20211107233446  -670.8 -82.7 -183.5
20211107233447  -670.8 -82.3 -183.6
20211107233448  -670.6 -82.4 -183.5
20211107233449  -670.7 -82.5 -183.5
20211107233450  -670.8 -82.5 -183.8
20211107233451  -670.6 -82.4 -183.5
20211107233452  -670.5 -82.2 -183.5
20211107233453  -670.6 -82.4 -183.7
20211107233454  -670.5 -82.4 -183.7
20211107233455  -670.9 -82.4 -183.7
20211107233456  -670.8 -82.4 -183.8
20211107233457  -670.8 -82.5 -183.4
20211107233458  -670.8 -82.7 -183.7
20211107233459  -670.8 -82.4 -183.9
20211107233500  -670.9 -82.1 -183.7
20211107233501  -670.8 -82.3 -183.6
20211107233502  -670.7 -82.5 -184.0
20211107233503  -671.2 -82.3 -183.7
20211107233504  -671.3 -82.5 -183.9
20211107233505  -670.9 -82.6 -183.8
20211107233506  -670.5 -82.5 -183.7
20211107233507  -670.1 -82.3 -183.3
20211107233508  -669.9 -82.0 -183.5
20211107233509  -669.8 -82.3 -183.4
20211107233510  -669.8 -81.9 -183.4
20211107233511  -670.6 -82.0 -183.5
20211107233512  -671.0 -82.1 -184.0
20211107233513  -671.2 -82.3 -183.9
20211107233514  -670.9 -82.5 -183.9
20211107233515  -670.8 -82.1 -184.0
20211107233516  -670.9 -82.3 -184.1
20211107233517  -671.2 -82.2 -183.9
20211107233518  -671.1 -82.4 -183.8
20211107233519  -671.0 -82.3 -183.9
20211107233520  -670.7 -82.3 -184.4
20211107233521  -670.9 -82.3 -184.2
20211107233522  -671.0 -82.3 -184.0
20211107233523  -670.7 -82.4 -184.0
20211107233524  -670.7 -82.5 -184.0
20211107233525  -670.9 -82.4 -184.1
20211107233526  -670.8 -82.3 -184.2
20211107233527  -670.9 -82.3 -184.3
20211107233528  -670.9 -82.3 -184.5
20211107233529  -670.7 -82.4 -184.4
20211107233530  -670.8 -82.0 -184.4
20211107233531  -670.7 -82.3 -184.1
20211107233532  -670.2 -82.2 -183.7
20211107233533  -670.2 -81.8 -183.4
20211107233534  -669.9 -81.9 -183.1
20211107233535  -669.7 -81.8 -182.8
20211107233536  -669.5 -81.8 -182.7
20211107233537  -669.8 -82.0 -182.8
20211107233538  -670.3 -82.2 -183.5
20211107233539  -670.0 -82.0 -183.4
20211107233540  -670.3 -82.2 -183.7
20211107233541  -670.2 -81.8 -183.8
20211107233542  -670.6 -82.2 -183.9
20211107233543  -670.6 -82.4 -183.6
20211107233544  -670.5 -82.3 -183.8
20211107233545  -670.6 -82.2 -184.1
20211107233546  -670.7 -82.3 -183.8
20211107233547  -670.6 -82.2 -183.9
20211107233548  -670.6 -82.4 -183.8
20211107233549  -670.5 -82.6 -183.6
20211107233550  -670.7 -82.4 -183.8
20211107233551  -670.6 -82.3 -183.7
20211107233552  -670.6 -82.1 -183.7
20211107233553  -671.0 -82.1 -184.1
20211107233554  -671.0 -82.3 -184.0
20211107233555  -671.1 -82.6 -184.4
20211107233556  -670.9 -82.4 -184.3
20211107233557  -670.8 -82.2 -184.4
20211107233558  -670.6 -82.6 -184.2
20211107233559  -669.8 -82.7 -183.1
20211107233600  -669.7 -82.6 -182.9
20211107233601  -670.0 -82.1 -182.7
20211107233602  -669.6 -82.1 -182.7
20211107233603  -669.1 -81.8 -182.6
20211107233604  -670.0 -81.9 -183.0
20211107233605  -670.1 -82.0 -183.1
20211107233606  -670.3 -82.1 -183.3
20211107233607  -670.2 -82.3 -183.5
20211107233608  -670.3 -82.2 -183.5
20211107233609  -670.6 -82.2 -183.4
20211107233610  -670.2 -82.3 -183.6
20211107233611  -670.1 -82.2 -183.5
20211107233612  -670.5 -82.1 -183.4
20211107233613  -670.3 -82.0 -183.6
20211107233614  -670.3 -82.2 -183.6
20211107233615  -670.2 -82.2 -183.6
20211107233616  -670.3 -82.2 -183.7
20211107233617  -670.2 -82.4 -183.7
20211107233618  -670.1 -82.1 -183.5
20211107233619  -670.2 -82.4 -183.7
20211107233620  -670.3 -82.7 -183.7
20211107233621  -670.5 -82.2 -183.7
20211107233622  -670.6 -82.4 -183.7
20211107233623  -670.5 -82.3 -183.8
20211107233624  -670.3 -83.0 -183.7
20211107233625  -669.9 -82.6 -183.3
20211107233626  -669.7 -82.4 -183.2
20211107233627  -669.4 -82.2 -182.9
20211107233628  -669.0 -82.2 -182.8
20211107233629  -669.0 -81.9 -182.7
20211107233630  -669.1 -81.8 -182.7
20211107233631  -670.0 -81.8 -183.1
20211107233632  -669.9 -81.8 -183.1
20211107233633  -670.1 -82.2 -183.5
20211107233634  -669.8 -82.3 -183.7
20211107233635  -670.2 -82.1 -183.7
20211107233636  -670.2 -81.9 -183.4
20211107233637  -670.4 -81.7 -183.5
20211107233638  -670.4 -82.0 -183.7
20211107233639  -670.3 -81.9 -183.9
20211107233640  -670.6 -81.8 -183.8
20211107233641  -670.3 -82.0 -183.5
20211107233642  -670.1 -82.2 -183.7
20211107233643  -670.5 -82.1 -183.8
20211107233644  -670.5 -82.1 -183.6
20211107233645  -670.6 -82.0 -183.6
20211107233646  -670.7 -82.0 -183.8
20211107233647  -670.3 -81.9 -184.0
20211107233648  -670.4 -81.8 -184.2
20211107233649  -670.5 -82.1 -183.8
20211107233650  -670.4 -82.2 -183.8
20211107233651  -670.3 -82.3 -183.8
20211107233652  -670.1 -82.2 -183.2
20211107233653  -669.8 -82.3 -183.1
20211107233654  -669.5 -82.2 -182.9
20211107233655  -669.3 -81.8 -182.7
20211107233656  -669.1 -81.7 -182.5
20211107233657  -670.1 -81.5 -182.9
20211107233658  -670.4 -81.8 -183.3
20211107233659  -670.7 -81.7 -183.4
20211107233700  -670.7 -81.9 -183.3
20211107233701  -670.6 -82.2 -183.5
20211107233702  -670.6 -82.0 -183.7
20211107233703  -670.3 -81.8 -183.5
20211107233704  -670.5 -82.0 -183.6
20211107233705  -670.6 -81.9 -183.5
20211107233706  -670.3 -81.6 -183.6
20211107233707  -670.4 -82.0 -183.8
20211107233708  -670.3 -81.8 -183.9
20211107233709  -670.6 -82.1 -184.1
20211107233710  -670.4 -82.0 -184.1
20211107233711  -670.6 -81.8 -184.1
20211107233712  -670.8 -82.0 -184.2
20211107233713  -670.6 -81.9 -184.0
20211107233714  -670.8 -81.8 -183.7
20211107233715  -670.7 -82.0 -183.9
20211107233716  -670.6 -82.1 -184.0
20211107233717  -670.5 -82.1 -184.1
20211107233718  -670.0 -81.8 -183.4
20211107233719  -669.5 -81.6 -183.3
20211107233720  -669.4 -81.6 -183.1
20211107233721  -669.1 -81.5 -183.1
20211107233722  -669.0 -81.2 -182.8
20211107233723  -669.2 -81.3 -182.8
20211107233724  -670.1 -81.5 -183.5
20211107233725  -670.0 -81.7 -183.5
20211107233726  -670.0 -81.5 -183.8
20211107233727  -670.0 -81.4 -183.7
20211107233728  -670.2 -81.5 -183.5
20211107233729  -670.2 -81.5 -183.5
20211107233730  -670.5 -81.6 -183.5
20211107233731  -670.3 -81.7 -183.6
20211107233732  -670.2 -81.5 -183.7
20211107233733  -670.6 -81.7 -183.8
20211107233734  -670.5 -81.9 -183.8
20211107233735  -670.4 -81.7 -184.0
20211107233736  -670.8 -81.6 -184.0
20211107233737  -670.6 -81.7 -183.9
20211107233738  -670.9 -81.9 -183.7
20211107233739  -670.9 -81.7 -183.6
20211107233740  -670.9 -81.8 -184.0
20211107233741  -671.1 -81.8 -184.2
20211107233742  -671.0 -81.8 -184.0
20211107233743  -671.0 -81.8 -183.9
20211107233744  -670.1 -81.8 -183.2
20211107233745  -670.0 -81.6 -183.0
20211107233746  -669.7 -81.6 -183.2
20211107233747  -669.5 -81.7 -182.7
20211107233748  -669.0 -81.7 -182.6
20211107233749  -668.8 -81.8 -182.5
20211107233750  -669.1 -81.6 -182.5
20211107233751  -670.0 -81.6 -183.1
20211107233752  -670.2 -81.8 -183.4
20211107233753  -670.2 -81.6 -183.3
20211107233754  -670.1 -81.6 -183.3
20211107233755  -670.2 -81.6 -183.4
20211107233756  -670.4 -81.6 -183.6
20211107233757  -670.1 -81.5 -183.7
20211107233758  -670.5 -81.5 -183.4
20211107233759  -670.5 -81.6 -183.8
20211107233800  -670.7 -81.4 -183.7
20211107233801  -670.4 -81.4 -183.8
20211107233802  -670.5 -81.6 -183.7
20211107233803  -670.4 -81.6 -183.7
20211107233804  -670.3 -81.4 -183.9
20211107233805  -670.4 -81.6 -183.7
20211107233806  -670.6 -81.8 -183.9
20211107233807  -670.9 -81.7 -183.8
20211107233808  -671.1 -81.7 -183.8
20211107233809  -670.8 -81.9 -184.0
20211107233810  -670.5 -81.9 -183.9
20211107233811  -670.2 -81.7 -183.4
20211107233812  -669.8 -81.6 -183.3
20211107233813  -669.3 -81.3 -183.0
20211107233814  -669.2 -81.0 -183.1
20211107233815  -669.2 -81.2 -182.6
