20211115225529  -687.4 -77.0 -195.9
20211115225530  -687.4 -76.8 -196.0
20211115225531  -687.8 -76.7 -196.1
20211115225532  -688.0 -76.6 -196.1
20211115225533  -688.0 -77.0 -196.2
20211115225534  -688.1 -76.6 -196.4
20211115225535  -688.5 -76.6 -196.1
20211115225536  -688.7 -76.8 -196.0
20211115225537  -688.5 -76.9 -196.0
20211115225538  -688.9 -76.8 -195.8
20211115225539  -688.9 -76.7 -196.1
20211115225540  -689.3 -77.0 -196.2
20211115225541  -689.4 -77.0 -196.2
20211115225542  -689.8 -76.8 -196.2
20211115225543  -690.1 -77.1 -196.3
20211115225544  -689.9 -77.3 -196.1
20211115225545  -690.4 -76.8 -196.0
20211115225546  -690.2 -77.0 -195.9
20211115225547  -690.5 -77.0 -195.9
20211115225548  -690.7 -77.2 -196.1
20211115225549  -690.7 -77.0 -196.2
20211115225550  -690.9 -77.1 -195.9
20211115225551  -691.2 -77.2 -196.0
20211115225552  -690.7 -77.3 -195.7
20211115225553  -690.6 -77.5 -195.5
20211115225554  -690.2 -77.5 -195.4
20211115225555  -690.5 -77.0 -195.1
20211115225556  -691.2 -77.0 -195.5
20211115225557  -691.3 -77.3 -195.6
20211115225558  -691.5 -77.1 -195.8
20211115225559  -691.6 -77.5 -195.6
20211115225600  -691.6 -77.8 -196.0
20211115225601  -692.1 -77.8 -195.9
20211115225602  -692.2 -77.8 -196.0
20211115225603  -692.4 -77.7 -196.1
20211115225604  -692.5 -77.5 -196.2
20211115225605  -692.7 -77.9 -195.7
20211115225606  -692.9 -77.7 -195.8
20211115225607  -692.9 -77.8 -195.5
20211115225608  -693.0 -77.9 -195.7
20211115225609  -693.0 -77.6 -195.7
20211115225610  -693.5 -77.9 -195.8
20211115225611  -693.5 -77.9 -196.1
20211115225612  -693.1 -78.1 -195.8
20211115225613  -693.5 -77.7 -195.5
20211115225614  -693.6 -77.8 -195.7
20211115225615  -693.8 -78.0 -196.0
20211115225616  -693.8 -77.8 -195.7
20211115225617  -694.1 -78.1 -195.9
20211115225618  -694.3 -78.1 -195.6
20211115225619  -694.4 -78.1 -196.0
20211115225620  -694.3 -78.3 -195.7
20211115225621  -694.4 -78.2 -195.9
20211115225622  -694.3 -78.5 -195.9
20211115225623  -693.9 -78.3 -195.3
20211115225624  -694.1 -77.9 -195.1
20211115225625  -694.0 -78.0 -194.8
20211115225626  -694.9 -78.2 -194.7
20211115225627  -695.5 -78.0 -195.2
20211115225628  -695.7 -78.0 -195.2
20211115225629  -695.7 -78.1 -195.3
20211115225630  -695.5 -78.0 -195.3
20211115225631  -695.6 -78.2 -195.4
20211115225632  -695.9 -78.2 -195.2
20211115225633  -696.2 -78.1 -195.4
20211115225634  -696.1 -78.3 -195.2
20211115225635  -696.3 -78.4 -195.2
20211115225636  -696.5 -78.3 -195.4
20211115225637  -696.8 -78.2 -195.5
20211115225638  -696.9 -78.4 -195.4
20211115225639  -696.9 -78.0 -195.4
20211115225640  -697.2 -78.4 -195.0
20211115225641  -697.3 -78.2 -195.0
20211115225642  -697.5 -78.6 -195.2
20211115225643  -697.5 -78.3 -195.1
20211115225644  -697.4 -78.1 -195.4
20211115225645  -697.7 -78.3 -195.2
20211115225646  -698.0 -78.4 -195.1
20211115225647  -698.2 -78.5 -195.4
20211115225648  -698.1 -78.6 -195.2
20211115225649  -698.4 -78.2 -195.3
20211115225650  -698.6 -78.2 -195.5
20211115225651  -698.4 -78.4 -194.9
20211115225652  -698.6 -78.4 -195.0
20211115225653  -698.2 -78.1 -194.4
20211115225654  -698.0 -78.3 -194.0
20211115225655  -698.2 -78.4 -193.6
20211115225656  -698.0 -78.3 -193.4
20211115225657  -698.8 -78.2 -194.2
20211115225658  -698.8 -78.1 -194.3
20211115225659  -699.1 -78.3 -194.1
20211115225700  -699.3 -78.4 -194.3
20211115225701  -699.4 -78.2 -193.9
20211115225702  -699.5 -78.3 -193.9
20211115225703  -699.6 -78.3 -194.1
20211115225704  -699.5 -78.1 -194.1
20211115225705  -699.5 -78.3 -194.1
20211115225706  -699.5 -78.5 -193.9
20211115225707  -699.9 -78.6 -194.0
20211115225708  -700.0 -78.5 -193.7
20211115225709  -700.2 -78.5 -193.7
20211115225710  -700.5 -78.6 -193.9
20211115225711  -700.2 -78.4 -193.9
20211115225712  -700.3 -78.5 -193.8
20211115225713  -700.4 -78.6 -193.5
20211115225714  -700.2 -78.5 -193.8
20211115225715  -700.4 -78.7 -193.8
20211115225716  -700.2 -78.9 -193.7
20211115225717  -700.5 -78.8 -193.7
20211115225718  -700.4 -78.9 -193.8
20211115225719  -700.4 -79.2 -193.8
20211115225720  -700.8 -78.9 -193.5
20211115225721  -700.4 -78.9 -193.3
20211115225722  -700.4 -79.0 -193.4
20211115225723  -700.1 -78.9 -193.2
20211115225724  -699.4 -78.7 -192.9
20211115225725  -699.6 -78.5 -192.6
20211115225726  -699.2 -78.7 -192.6
20211115225727  -699.5 -78.7 -192.6
20211115225728  -699.6 -78.6 -193.1
20211115225729  -699.9 -79.1 -193.3
20211115225730  -700.0 -78.9 -193.5
20211115225731  -699.8 -78.9 -193.6
20211115225732  -699.9 -79.1 -193.5
20211115225733  -699.9 -79.1 -193.5
20211115225734  -699.9 -79.1 -193.7
20211115225735  -699.9 -79.1 -193.6
20211115225736  -700.2 -79.1 -193.3
20211115225737  -700.4 -79.1 -193.4
20211115225738  -700.4 -79.0 -193.5
20211115225739  -700.0 -79.1 -193.6
20211115225740  -700.2 -79.5 -193.6
20211115225741  -700.7 -79.5 -193.5
20211115225742  -700.5 -79.5 -193.7
20211115225743  -700.6 -79.5 -193.7
20211115225744  -700.5 -79.4 -193.7
20211115225745  -700.4 -79.4 -194.0
20211115225746  -700.7 -79.4 -194.0
20211115225747  -700.8 -79.5 -194.0
20211115225748  -701.0 -79.8 -194.0
20211115225749  -700.9 -79.7 -193.9
20211115225750  -700.9 -79.5 -193.9
20211115225751  -701.0 -79.9 -193.8
20211115225752  -701.1 -79.8 -193.9
20211115225753  -700.8 -80.3 -193.8
20211115225754  -700.3 -79.7 -193.4
20211115225755  -700.4 -79.6 -193.3
20211115225756  -700.4 -79.8 -193.2
20211115225757  -700.0 -79.6 -192.9
20211115225758  -700.8 -80.0 -193.3
20211115225759  -701.0 -79.5 -193.5
20211115225800  -700.8 -79.8 -193.4
20211115225801  -700.6 -79.9 -193.4
20211115225802  -700.8 -79.7 -193.7
20211115225803  -700.7 -79.7 -193.6
20211115225804  -700.4 -79.8 -193.5
20211115225805  -700.7 -79.9 -193.6
20211115225806  -700.8 -79.9 -193.7
20211115225807  -701.0 -80.0 -193.5
20211115225808  -700.8 -80.2 -193.5
20211115225809  -700.8 -80.4 -193.6
20211115225810  -700.6 -80.0 -193.6
20211115225811  -700.9 -80.3 -194.2
20211115225812  -700.8 -80.1 -193.9
20211115225813  -700.8 -80.0 -194.0
20211115225814  -700.8 -79.9 -194.2
20211115225815  -700.4 -79.9 -194.0
20211115225816  -700.8 -80.0 -194.2
20211115225817  -701.0 -80.2 -194.1
20211115225818  -701.0 -80.0 -194.2
20211115225819  -701.1 -79.9 -194.3
20211115225820  -700.8 -79.8 -194.4
20211115225821  -700.6 -80.1 -194.4
20211115225822  -700.6 -80.0 -194.2
20211115225823  -700.5 -80.2 -194.3
20211115225824  -700.0 -80.1 -193.8
20211115225825  -699.7 -80.0 -193.9
20211115225826  -699.7 -80.0 -193.6
20211115225827  -699.9 -79.8 -193.3
20211115225828  -700.6 -79.9 -193.9
20211115225829  -700.8 -79.8 -194.2
20211115225830  -700.7 -79.6 -194.0
20211115225831  -700.9 -79.4 -194.0
20211115225832  -700.9 -79.4 -194.2
20211115225833  -701.0 -79.5 -194.1
20211115225834  -701.1 -79.7 -194.5
20211115225835  -701.2 -79.7 -194.6
20211115225836  -701.1 -79.6 -194.4
20211115225837  -701.0 -79.9 -194.5
20211115225838  -701.1 -79.8 -194.3
20211115225839  -701.2 -79.7 -194.4
20211115225840  -701.4 -80.0 -194.5
20211115225841  -701.2 -79.7 -194.7
20211115225842  -701.4 -79.8 -194.8
20211115225843  -701.5 -79.7 -194.9
20211115225844  -700.9 -79.3 -194.8
20211115225845  -701.2 -79.2 -195.0
20211115225846  -701.6 -79.4 -194.9
20211115225847  -701.3 -79.6 -194.6
20211115225848  -701.3 -79.3 -194.6
20211115225849  -701.4 -79.6 -194.7
20211115225850  -701.5 -79.5 -194.8
20211115225851  -701.6 -79.3 -194.9
20211115225852  -701.3 -79.5 -195.0
20211115225853  -701.4 -79.4 -195.0
20211115225854  -700.8 -79.2 -195.0
20211115225855  -700.7 -79.1 -194.6
20211115225856  -700.6 -78.9 -194.3
20211115225857  -700.4 -78.9 -194.5
20211115225858  -701.2 -78.9 -194.9
20211115225859  -701.4 -79.2 -195.2
20211115225900  -701.3 -79.0 -195.2
20211115225901  -701.5 -79.1 -195.1
20211115225902  -701.4 -78.8 -194.8
20211115225903  -701.2 -78.7 -194.8
20211115225904  -701.2 -78.8 -194.9
20211115225905  -701.3 -78.7 -194.9
20211115225906  -701.2 -78.5 -195.1
20211115225907  -701.3 -78.5 -195.3
20211115225908  -701.3 -78.4 -195.0
20211115225909  -701.5 -78.4 -195.0
20211115225910  -701.5 -78.4 -195.1
20211115225911  -701.6 -78.2 -195.1
20211115225912  -702.0 -78.4 -195.3
20211115225913  -701.8 -78.3 -195.2
20211115225914  -701.9 -78.6 -195.4
20211115225915  -701.9 -78.3 -195.4
20211115225916  -701.8 -78.0 -195.1
20211115225917  -702.0 -77.7 -195.1
20211115225918  -702.1 -77.5 -195.2
20211115225919  -702.0 -77.4 -195.1
20211115225920  -702.2 -77.6 -195.2
20211115225921  -702.5 -77.8 -195.4
20211115225922  -702.3 -77.6 -195.7
20211115225923  -702.7 -77.7 -195.6
20211115225924  -702.6 -77.9 -195.7
20211115225925  -702.3 -77.4 -195.3
20211115225926  -702.1 -77.3 -195.2
20211115225927  -702.2 -77.2 -195.2
20211115225928  -703.0 -77.3 -195.7
20211115225929  -703.3 -77.4 -195.8
20211115225930  -703.4 -77.6 -195.9
20211115225931  -703.8 -77.4 -195.6
20211115225932  -703.6 -77.6 -195.6
20211115225933  -703.3 -77.3 -195.3
20211115225934  -703.5 -77.3 -195.5
20211115225935  -703.8 -77.1 -195.6
20211115225936  -704.1 -77.0 -195.7
20211115225937  -703.9 -77.4 -195.8
20211115225938  -704.1 -77.3 -195.9
20211115225939  -704.4 -77.3 -195.8
20211115225940  -704.6 -77.2 -195.3
20211115225941  -704.6 -77.0 -195.3
20211115225942  -705.0 -76.8 -195.6
20211115225943  -705.1 -77.2 -195.7
20211115225944  -705.1 -76.9 -195.9
20211115225945  -705.4 -77.0 -195.9
20211115225946  -705.6 -77.1 -196.0
20211115225947  -705.8 -77.0 -195.9
20211115225948  -706.0 -77.3 -195.7
20211115225949  -706.1 -77.2 -195.6
20211115225950  -706.5 -77.3 -196.0
20211115225951  -706.7 -77.1 -196.0
20211115225952  -706.8 -76.9 -195.8
20211115225953  -706.8 -77.1 -195.8
20211115225954  -706.9 -76.9 -195.7
20211115225955  -706.6 -77.0 -195.1
20211115225956  -706.4 -76.9 -194.7
20211115225957  -706.3 -76.9 -194.6
20211115225958  -707.2 -76.5 -195.5
20211115225959  -707.3 -77.0 -195.5
20211115230000  -707.4 -77.3 -195.3
20211115230001  -707.6 -76.9 -195.2
20211115230002  -707.6 -77.1 -195.4
20211115230003  -708.1 -77.1 -195.4
20211115230004  -707.9 -77.0 -195.1
20211115230005  -708.2 -77.0 -195.4
20211115230006  -708.1 -76.8 -195.5
20211115230007  -708.3 -77.0 -195.1
20211115230008  -708.6 -76.8 -195.1
20211115230009  -708.5 -77.2 -195.0
20211115230010  -708.7 -77.1 -195.1
20211115230011  -709.0 -77.2 -195.0
20211115230012  -708.6 -77.4 -194.8
20211115230013  -708.9 -77.6 -194.9
20211115230014  -708.9 -77.5 -195.1
20211115230015  -708.9 -77.5 -195.5
20211115230016  -709.2 -77.4 -195.2
20211115230017  -709.1 -77.7 -195.1
20211115230018  -709.4 -77.8 -195.1
20211115230019  -709.4 -77.6 -195.3
20211115230020  -709.2 -77.6 -195.0
20211115230021  -709.4 -77.9 -195.0
20211115230022  -709.2 -77.7 -194.7
20211115230023  -709.2 -77.6 -194.8
20211115230024  -709.3 -77.8 -194.9
20211115230025  -708.6 -77.8 -195.1
20211115230026  -708.3 -77.7 -194.6
20211115230027  -708.2 -77.5 -194.5
20211115230028  -708.6 -77.8 -194.4
20211115230029  -708.8 -77.8 -194.9
20211115230030  -708.8 -77.6 -195.2
20211115230031  -708.4 -77.5 -195.2
20211115230032  -708.7 -77.3 -195.1
20211115230033  -708.7 -77.4 -195.2
20211115230034  -708.7 -77.4 -195.3
20211115230035  -708.8 -77.4 -195.2
20211115230036  -708.3 -77.4 -194.7
20211115230037  -708.5 -77.2 -194.9
20211115230038  -708.7 -77.2 -195.1
20211115230039  -708.7 -77.1 -195.0
20211115230040  -708.7 -77.3 -194.8
20211115230041  -708.6 -77.3 -194.8
20211115230042  -708.7 -77.4 -194.5
20211115230043  -708.7 -77.4 -194.5
20211115230044  -708.6 -77.2 -194.5
20211115230045  -708.7 -77.0 -194.5
20211115230046  -708.4 -77.1 -194.8
20211115230047  -708.7 -77.1 -194.7
20211115230048  -708.4 -77.1 -195.0
20211115230049  -708.6 -77.2 -194.8
20211115230050  -708.4 -77.4 -194.9
20211115230051  -708.3 -77.6 -195.1
20211115230052  -708.6 -77.6 -194.8
20211115230053  -708.4 -77.4 -194.9
20211115230054  -708.2 -77.7 -194.7
20211115230055  -707.8 -77.5 -194.6
20211115230056  -707.3 -77.3 -193.9
20211115230057  -706.9 -77.4 -193.8
20211115230058  -706.8 -77.5 -193.9
20211115230059  -707.4 -77.4 -194.3
20211115230100  -707.6 -77.7 -194.5
20211115230101  -707.5 -77.5 -194.6
20211115230102  -707.4 -77.5 -194.6
20211115230103  -707.2 -77.4 -194.2
20211115230104  -706.8 -77.5 -194.1
20211115230105  -706.9 -77.5 -194.3
20211115230106  -706.8 -77.8 -194.6
20211115230107  -706.7 -77.6 -194.7
20211115230108  -706.7 -77.8 -194.4
20211115230109  -706.3 -77.7 -194.4
20211115230110  -706.4 -77.6 -194.6
20211115230111  -706.2 -77.8 -194.5
20211115230112  -706.0 -77.8 -194.8
20211115230113  -705.8 -78.1 -194.5
20211115230114  -705.7 -78.1 -194.7
20211115230115  -705.7 -78.3 -194.5
20211115230116  -705.5 -78.0 -194.3
20211115230117  -705.5 -77.9 -194.2
20211115230118  -705.3 -78.1 -194.5
20211115230119  -705.1 -78.1 -194.5
20211115230120  -705.0 -78.0 -194.4
20211115230121  -705.1 -77.9 -194.6
20211115230122  -704.8 -78.0 -194.3
20211115230123  -704.6 -78.1 -194.7
20211115230124  -704.5 -77.9 -194.6
20211115230125  -704.2 -78.2 -194.3
20211115230126  -703.6 -78.3 -193.9
20211115230127  -703.4 -78.0 -193.9
20211115230128  -703.1 -78.0 -194.0
20211115230129  -703.0 -77.8 -193.7
20211115230130  -703.6 -78.0 -194.4
20211115230131  -703.6 -78.3 -194.4
20211115230132  -703.5 -78.2 -194.4
20211115230133  -703.3 -78.4 -194.5
20211115230134  -703.5 -78.6 -194.3
20211115230135  -703.5 -78.2 -194.4
20211115230136  -703.7 -78.4 -194.2
20211115230137  -703.2 -78.3 -194.6
20211115230138  -703.0 -78.4 -194.5
20211115230139  -703.0 -78.3 -194.6
20211115230140  -703.1 -78.5 -194.7
20211115230141  -702.9 -78.6 -194.7
20211115230142  -703.1 -78.5 -194.8
20211115230143  -703.4 -78.5 -194.8
20211115230144  -703.0 -78.5 -194.7
20211115230145  -703.0 -78.8 -194.5
20211115230146  -702.9 -78.8 -194.6
20211115230147  -702.6 -79.0 -194.8
20211115230148  -702.8 -79.0 -194.9
20211115230149  -703.0 -79.2 -195.0
20211115230150  -702.8 -79.3 -195.1
20211115230151  -703.1 -79.2 -194.8
20211115230152  -703.0 -79.4 -194.7
20211115230153  -703.2 -79.2 -194.9
20211115230154  -702.9 -79.5 -194.9
20211115230155  -702.8 -79.8 -195.1
20211115230156  -702.2 -79.6 -194.5
20211115230157  -701.7 -79.5 -193.8
20211115230158  -701.5 -79.2 -193.7
20211115230159  -701.5 -79.3 -194.2
20211115230200  -701.8 -79.3 -194.1
20211115230201  -702.6 -79.5 -194.4
20211115230202  -702.8 -79.4 -194.5
20211115230203  -702.8 -79.8 -194.7
20211115230204  -702.4 -79.8 -194.5
20211115230205  -702.8 -79.7 -194.6
20211115230206  -702.7 -79.8 -194.6
20211115230207  -702.8 -79.6 -194.6
20211115230208  -702.6 -79.9 -194.8
20211115230209  -702.8 -79.6 -194.8
20211115230210  -702.8 -79.9 -194.8
20211115230211  -703.0 -80.0 -195.0
20211115230212  -703.0 -80.2 -195.2
20211115230213  -703.2 -80.3 -195.1
20211115230214  -703.0 -80.5 -195.0
20211115230215  -702.9 -80.4 -194.7
