31001626  -821.5 -6.0 -273.8
20211031001627  -821.3 -5.7 -274.0
20211031001628  -821.3 -5.4 -274.1
20211031001629  -821.0 -5.3 -274.7
20211031001630  -821.0 -4.6 -275.5
20211031001631  -821.3 -3.7 -276.8
20211031001632  -821.5 -3.1 -277.6
20211031001633  -821.2 -2.5 -278.0
20211031001634  -821.6 -2.6 -278.6
20211031001635  -821.6 -2.9 -278.6
20211031001636  -821.8 -3.7 -278.3
20211031001637  -821.5 -4.0 -277.8
20211031001638  -821.9 -4.7 -277.6
20211031001639  -822.0 -5.4 -276.7
20211031001640  -822.0 -5.6 -276.0
20211031001641  -822.0 -5.9 -275.7
20211031001642  -822.3 -5.5 -275.3
20211031001643  -822.3 -5.2 -275.2
20211031001644  -822.1 -5.1 -274.8
20211031001645  -822.5 -4.6 -274.3
20211031001646  -822.9 -4.0 -273.6
20211031001647  -822.8 -3.2 -272.7
20211031001648  -822.8 -3.0 -272.3
20211031001649  -822.3 -3.0 -272.6
20211031001650  -822.0 -3.4 -273.0
20211031001651  -822.0 -3.9 -273.6
20211031001652  -822.1 -4.0 -273.8
20211031001653  -822.2 -4.0 -274.2
20211031001654  -822.2 -3.9 -274.7
20211031001655  -822.3 -3.5 -275.4
20211031001656  -822.9 -3.2 -275.7
20211031001657  -823.0 -2.5 -275.9
20211031001658  -823.0 -1.9 -276.3
20211031001659  -823.1 -1.4 -276.6
20211031001700  -822.9 -1.2 -276.6
20211031001701  -822.8 -0.7 -276.9
20211031001702  -822.5 -0.2 -276.7
20211031001703  -822.1 0.1 -276.3
20211031001704  -822.2 0.7 -276.2
20211031001705  -822.0 0.6 -276.3
20211031001706  -822.1 0.7 -276.3
20211031001707  -822.4 1.2 -276.1
20211031001708  -822.4 0.7 -276.3
20211031001709  -822.8 0.7 -276.9
20211031001710  -823.1 0.2 -277.6
20211031001711  -823.0 0.4 -277.7
20211031001712  -823.1 0.3 -278.0
20211031001713  -823.1 0.1 -278.1
20211031001714  -822.9 -0.1 -278.2
20211031001715  -823.0 -0.1 -278.1
20211031001716  -823.4 -0.2 -278.4
20211031001717  -823.3 -0.2 -278.5
20211031001718  -823.0 -0.3 -278.2
20211031001719  -823.1 -0.2 -278.0
20211031001720  -823.2 -0.5 -278.0
20211031001721  -823.0 -0.4 -277.9
20211031001722  -823.1 -0.2 -278.2
20211031001723  -823.2 0.0 -277.8
20211031001724  -823.3 0.4 -277.7
20211031001725  -823.1 1.0 -277.0
20211031001726  -823.0 2.2 -275.8
20211031001727  -822.7 3.0 -275.6
20211031001728  -822.5 3.8 -276.2
20211031001729  -822.0 4.3 -276.1
20211031001730  -821.6 4.4 -276.3
20211031001731  -821.7 4.7 -276.0
20211031001732  -821.2 4.7 -276.2
20211031001733  -821.2 4.6 -276.4
20211031001734  -821.3 4.2 -276.7
20211031001735  -821.5 3.6 -277.4
20211031001736  -822.1 2.8 -277.7
20211031001737  -822.0 2.3 -278.3
20211031001738  -822.7 1.6 -278.2
20211031001739  -823.1 1.3 -278.5
20211031001740  -823.5 1.1 -278.0
20211031001741  -823.6 1.0 -277.8
20211031001742  -823.8 1.2 -277.5
20211031001743  -823.9 1.5 -277.4
20211031001744  -823.5 1.7 -277.4
20211031001745  -823.2 2.4 -277.1
20211031001746  -823.8 2.8 -277.3
20211031001747  -823.6 3.7 -277.2
20211031001748  -823.9 4.8 -277.3
20211031001749  -823.8 5.8 -277.2
20211031001750  -823.4 6.9 -277.5
20211031001751  -823.1 7.4 -277.6
20211031001752  -822.9 7.9 -277.9
20211031001753  -822.7 8.0 -277.8
20211031001754  -822.3 8.1 -277.9
20211031001755  -821.8 8.0 -277.9
20211031001756  -821.9 7.9 -277.8
20211031001757  -821.8 7.6 -277.7
20211031001758  -821.8 7.2 -278.0
20211031001759  -822.1 7.3 -278.3
20211031001800  -822.2 6.8 -278.4
20211031001801  -822.1 6.9 -278.4
20211031001802  -822.4 6.9 -278.4
20211031001803  -822.5 6.8 -278.2
20211031001804  -822.8 6.5 -278.2
20211031001805  -823.2 6.6 -278.2
20211031001806  -823.4 6.1 -278.1
20211031001807  -823.4 6.6 -277.7
20211031001808  -823.6 6.8 -277.2
20211031001809  -823.3 7.2 -276.9
20211031001810  -823.5 7.6 -276.9
20211031001811  -823.5 8.2 -276.9
20211031001812  -823.5 8.5 -276.7
20211031001813  -823.2 8.7 -276.9
20211031001814  -823.2 8.6 -277.1
20211031001815  -823.2 8.6 -277.2
20211031001816  -823.5 8.6 -278.0
20211031001817  -823.3 8.7 -278.9
20211031001818  -823.0 8.4 -279.4
20211031001819  -822.9 8.7 -279.8
20211031001820  -822.4 8.8 -279.6
20211031001821  -822.1 9.0 -279.8
20211031001822  -821.9 9.3 -280.0
20211031001823  -821.1 9.8 -280.1
20211031001824  -821.0 9.6 -279.9
20211031001825  -820.8 9.8 -280.0
20211031001826  -820.9 9.7 -279.8
20211031001827  -821.0 9.8 -280.0
20211031001828  -821.2 10.2 -280.0
20211031001829  -821.0 10.3 -280.0
20211031001830  -821.3 10.3 -279.2
20211031001831  -821.1 10.6 -278.9
20211031001832  -821.1 10.7 -278.4
20211031001833  -821.1 10.9 -277.9
20211031001834  -820.9 11.0 -277.9
20211031001835  -820.8 10.8 -277.3
20211031001836  -820.2 10.9 -276.9
20211031001837  -820.6 10.6 -276.9
20211031001838  -820.0 10.3 -277.1
20211031001839  -820.2 9.5 -277.8
20211031001840  -820.2 9.3 -279.0
20211031001841  -820.1 9.0 -279.4
20211031001842  -820.4 9.4 -279.6
20211031001843  -820.3 9.8 -279.7
20211031001844  -820.0 10.0 -279.0
20211031001845  -819.9 10.2 -278.7
20211031001846  -819.8 10.0 -278.5
20211031001847  -819.7 9.9 -278.7
20211031001848  -819.7 9.8 -278.6
20211031001849  -819.9 10.0 -278.2
20211031001850  -819.8 10.0 -278.3
20211031001851  -820.0 10.2 -278.5
20211031001852  -819.6 10.3 -278.6
20211031001853  -820.1 10.7 -278.8
20211031001854  -820.2 10.7 -278.9
20211031001855  -820.4 10.9 -279.2
20211031001856  -820.6 10.6 -279.6
20211031001857  -820.7 10.4 -280.4
20211031001858  -820.7 9.9 -280.9
20211031001859  -820.8 9.3 -281.2
20211031001900  -821.4 8.6 -281.8
20211031001901  -821.6 8.3 -281.7
20211031001902  -821.9 8.3 -281.7
20211031001903  -822.0 8.2 -281.3
20211031001904  -822.1 8.6 -281.0
20211031001905  -821.9 9.2 -280.4
20211031001906  -822.2 10.2 -280.1
20211031001907  -822.4 11.2 -279.7
20211031001908  -822.4 11.9 -278.9
20211031001909  -822.4 12.0 -278.5
20211031001910  -822.3 12.7 -278.5
20211031001911  -822.2 12.7 -278.7
20211031001912  -822.1 12.5 -279.3
20211031001913  -822.0 12.0 -279.9
20211031001914  -821.9 11.4 -280.2
20211031001915  -821.6 11.1 -280.0
20211031001916  -821.3 11.2 -279.3
20211031001917  -821.6 11.1 -279.1
20211031001918  -821.3 10.8 -278.3
20211031001919  -821.0 10.7 -278.1
20211031001920  -821.0 10.4 -278.3
20211031001921  -821.2 9.9 -278.4
20211031001922  -821.5 9.2 -278.7
20211031001923  -821.3 8.8 -278.8
20211031001924  -821.8 8.2 -278.6
20211031001925  -822.6 7.7 -278.7
20211031001926  -822.7 7.3 -278.2
20211031001927  -823.6 7.4 -278.0
20211031001928  -824.1 7.3 -278.1
20211031001929  -824.3 7.4 -278.3
20211031001930  -824.9 7.8 -278.6
20211031001931  -824.4 9.2 -279.2
20211031001932  -824.1 10.7 -279.8
20211031001933  -824.1 11.7 -280.0
20211031001934  -823.6 12.0 -280.1
20211031001935  -822.9 11.7 -280.3
20211031001936  -822.9 10.6 -280.0
20211031001937  -822.6 9.7 -279.4
20211031001938  -822.8 9.1 -278.9
20211031001939  -822.7 8.6 -278.3
20211031001940  -822.5 8.5 -277.9
20211031001941  -822.5 8.6 -277.5
20211031001942  -822.5 9.2 -277.0
20211031001943  -822.2 9.5 -276.9
20211031001944  -822.0 10.0 -277.0
20211031001945  -822.7 10.4 -277.4
20211031001946  -822.6 10.7 -276.9
20211031001947  -823.4 11.5 -277.0
20211031001948  -823.8 11.8 -276.7
20211031001949  -823.4 12.1 -276.1
20211031001950  -823.4 12.3 -276.4
20211031001951  -822.9 11.9 -276.5
20211031001952  -822.4 11.7 -276.6
20211031001953  -822.3 11.6 -276.7
20211031001954  -822.0 11.3 -277.0
20211031001955  -821.7 11.4 -277.2
20211031001956  -821.5 10.8 -277.6
20211031001957  -821.5 10.7 -278.2
20211031001958  -821.8 10.9 -278.5
20211031001959  -822.3 11.4 -278.6
20211031002000  -822.4 11.7 -278.5
20211031002001  -822.6 11.8 -278.2
20211031002002  -822.2 11.8 -278.2
20211031002003  -822.3 11.5 -278.1
20211031002004  -823.0 10.4 -278.4
20211031002005  -823.0 9.7 -278.9
20211031002006  -822.8 9.2 -278.7
20211031002007  -822.6 8.8 -278.5
20211031002008  -822.4 8.5 -278.1
20211031002009  -822.7 8.7 -277.8
20211031002010  -822.8 8.6 -277.5
20211031002011  -823.0 8.7 -276.9
20211031002012  -823.3 8.8 -276.1
20211031002013  -823.4 8.9 -274.9
20211031002014  -823.4 9.2 -274.3
20211031002015  -823.3 9.3 -274.6
20211031002016  -822.9 9.8 -274.1
20211031002017  -823.3 10.3 -274.3
20211031002018  -822.9 10.6 -274.6
