20211028214024  -654.6 -91.7 -197.1
20211028214025  -654.9 -91.9 -197.0
20211028214026  -654.8 -92.0 -197.0
20211028214027  -654.7 -92.1 -196.8
20211028214028  -654.6 -92.3 -196.8
20211028214029  -654.7 -92.2 -196.9
20211028214030  -654.6 -92.1 -196.9
20211028214031  -654.7 -92.2 -196.8
20211028214032  -654.7 -92.2 -197.1
20211028214033  -654.6 -92.1 -197.0
20211028214034  -655.0 -91.8 -196.8
20211028214035  -655.1 -92.1 -196.9
20211028214036  -655.2 -92.1 -196.8
20211028214037  -654.9 -91.9 -196.6
20211028214038  -655.0 -92.0 -197.1
20211028214039  -655.0 -92.0 -197.3
20211028214040  -655.1 -92.0 -197.1
20211028214041  -655.2 -92.0 -197.1
20211028214042  -655.2 -91.9 -197.1
20211028214043  -655.3 -92.0 -196.9
20211028214044  -655.4 -92.0 -197.0
20211028214045  -655.2 -92.2 -196.8
20211028214046  -655.3 -92.3 -196.9
20211028214047  -655.1 -92.0 -196.8
20211028214048  -654.8 -92.0 -196.7
20211028214049  -654.9 -92.3 -196.7
20211028214050  -654.9 -92.2 -196.7
20211028214051  -655.1 -92.0 -196.5
20211028214052  -655.2 -92.1 -196.6
20211028214053  -655.1 -92.3 -196.7
20211028214054  -654.9 -92.0 -196.7
20211028214055  -654.7 -92.0 -196.7
20211028214056  -654.8 -92.0 -196.6
20211028214057  -654.9 -92.2 -196.2
20211028214058  -655.2 -91.9 -196.7
20211028214059  -655.0 -92.1 -196.6
20211028214100  -654.9 -92.3 -196.4
20211028214101  -654.8 -92.2 -196.7
20211028214102  -655.0 -92.2 -196.7
20211028214103  -654.8 -92.1 -196.6
20211028214104  -655.1 -91.7 -196.5
20211028214105  -655.0 -92.1 -196.8
20211028214106  -654.8 -92.0 -196.8
20211028214107  -654.1 -91.7 -196.2
20211028214108  -654.7 -92.1 -196.6
20211028214109  -654.8 -91.9 -196.6
20211028214110  -654.9 -91.9 -196.6
20211028214111  -654.8 -92.1 -196.4
20211028214112  -654.6 -92.1 -196.7
20211028214113  -654.4 -91.9 -196.4
20211028214114  -654.6 -92.0 -196.6
20211028214115  -654.5 -91.8 -196.6
20211028214116  -654.5 -91.8 -196.4
20211028214117  -654.8 -91.7 -196.3
20211028214118  -654.7 -91.9 -196.2
20211028214119  -654.6 -91.8 -196.4
20211028214120  -654.5 -91.8 -196.5
20211028214121  -654.5 -91.6 -196.4
20211028214122  -654.7 -91.9 -196.4
20211028214123  -654.8 -91.9 -196.5
20211028214124  -654.7 -92.0 -196.6
20211028214125  -655.2 -92.0 -196.4
20211028214126  -655.0 -92.0 -196.2
20211028214127  -655.1 -91.9 -196.6
20211028214128  -654.9 -92.0 -196.7
20211028214129  -655.0 -91.7 -196.4
20211028214130  -654.9 -91.5 -196.4
20211028214131  -654.9 -92.1 -196.4
20211028214132  -655.0 -92.2 -196.8
20211028214133  -654.9 -92.0 -196.7
20211028214134  -655.1 -92.2 -197.0
20211028214135  -654.8 -92.1 -196.8
20211028214136  -654.8 -92.2 -196.6
20211028214137  -654.1 -91.8 -196.0
20211028214138  -654.3 -91.6 -195.9
20211028214139  -654.8 -91.7 -196.3
20211028214140  -655.0 -91.6 -196.5
20211028214141  -655.0 -91.6 -196.5
20211028214142  -654.8 -91.6 -196.4
20211028214143  -654.7 -92.0 -196.4
20211028214144  -654.9 -91.7 -196.4
20211028214145  -654.9 -91.8 -196.3
20211028214146  -654.9 -92.0 -196.2
20211028214147  -655.1 -91.6 -196.3
20211028214148  -655.3 -91.7 -196.4
20211028214149  -655.2 -91.6 -196.6
20211028214150  -655.1 -91.8 -196.4
20211028214151  -655.1 -91.8 -196.2
20211028214152  -655.4 -91.7 -196.4
20211028214153  -655.2 -92.0 -196.7
20211028214154  -655.0 -91.9 -196.5
20211028214155  -655.0 -91.8 -196.2
20211028214156  -655.1 -91.9 -196.4
20211028214157  -655.0 -92.1 -196.1
20211028214158  -655.1 -91.9 -196.2
20211028214159  -655.1 -91.7 -196.2
20211028214200  -655.0 -91.8 -196.2
20211028214201  -655.1 -91.8 -196.5
20211028214202  -655.0 -91.6 -196.2
20211028214203  -655.2 -91.8 -196.3
20211028214204  -655.0 -91.8 -196.2
20211028214205  -655.2 -91.8 -196.1
20211028214206  -655.2 -92.1 -196.2
20211028214207  -654.5 -92.1 -195.6
20211028214208  -654.1 -91.9 -195.5
20211028214209  -655.0 -91.9 -196.1
20211028214210  -654.9 -92.0 -196.2
20211028214211  -654.7 -91.8 -196.2
20211028214212  -655.0 -91.8 -196.2
20211028214213  -654.8 -91.9 -196.4
20211028214214  -654.6 -92.0 -196.0
20211028214215  -654.7 -91.8 -196.2
20211028214216  -654.8 -91.7 -196.1
20211028214217  -654.8 -91.9 -196.1
20211028214218  -654.7 -91.9 -196.1
20211028214219  -654.5 -92.0 -196.2
20211028214220  -654.5 -91.6 -196.2
20211028214221  -654.7 -91.8 -196.4
20211028214222  -654.7 -91.6 -196.4
20211028214223  -654.8 -91.4 -196.4
20211028214224  -654.6 -91.4 -196.4
20211028214225  -654.6 -91.6 -196.2
20211028214226  -654.7 -91.8 -196.4
20211028214227  -654.9 -91.7 -196.4
20211028214228  -654.7 -91.7 -196.4
20211028214229  -654.8 -91.6 -196.6
20211028214230  -654.8 -91.7 -196.7
20211028214231  -654.6 -92.0 -196.3
20211028214232  -654.5 -91.7 -196.3
20211028214233  -654.3 -91.6 -196.5
20211028214234  -654.5 -91.8 -196.4
20211028214235  -654.3 -91.6 -196.5
20211028214236  -654.4 -91.8 -196.6
20211028214237  -653.8 -91.3 -195.8
20211028214238  -653.9 -91.0 -195.4
20211028214239  -654.0 -91.2 -195.8
20211028214240  -654.3 -91.5 -196.2
20211028214241  -654.2 -91.3 -196.3
20211028214242  -654.4 -91.5 -196.1
20211028214243  -654.4 -91.6 -196.3
20211028214244  -654.5 -91.5 -196.2
20211028214245  -654.3 -91.2 -196.2
20211028214246  -654.1 -91.6 -196.3
20211028214247  -653.9 -91.7 -196.4
20211028214248  -654.2 -91.7 -196.5
20211028214249  -654.0 -91.7 -196.0
20211028214250  -654.3 -91.9 -196.2
20211028214251  -654.4 -91.6 -196.4
20211028214252  -654.3 -91.4 -196.3
20211028214253  -654.2 -91.5 -196.4
20211028214254  -654.4 -91.3 -196.4
20211028214255  -654.4 -91.6 -196.4
20211028214256  -654.1 -91.2 -196.3
20211028214257  -654.1 -91.4 -196.5
20211028214258  -654.5 -91.7 -196.9
20211028214259  -654.3 -91.5 -196.3
20211028214300  -654.2 -91.4 -196.5
20211028214301  -654.5 -91.4 -196.6
20211028214302  -654.2 -91.5 -196.6
20211028214303  -654.2 -91.4 -196.4
20211028214304  -654.2 -91.3 -196.5
20211028214305  -654.4 -91.1 -196.1
20211028214306  -654.5 -91.4 -196.4
20211028214307  -653.7 -91.5 -196.1
20211028214308  -653.5 -91.2 -195.8
20211028214309  -653.8 -91.4 -195.7
20211028214310  -653.9 -91.3 -196.5
20211028214311  -654.3 -91.3 -196.2
20211028214312  -654.0 -91.4 -196.1
20211028214313  -653.8 -91.3 -195.9
20211028214314  -654.2 -91.5 -195.9
20211028214315  -654.0 -91.4 -196.5
20211028214316  -654.0 -91.4 -196.5
20211028214317  -653.8 -91.5 -196.2
20211028214318  -653.8 -91.3 -196.2
20211028214319  -653.7 -91.3 -196.2
20211028214320  -653.8 -91.3 -196.1
20211028214321  -654.0 -91.4 -196.4
20211028214322  -653.9 -91.1 -196.3
20211028214323  -653.8 -91.3 -196.2
20211028214324  -654.0 -91.2 -196.4
20211028214325  -653.8 -91.2 -196.3
20211028214326  -653.9 -91.2 -196.3
20211028214327  -654.0 -91.3 -196.4
20211028214328  -654.3 -91.4 -196.3
20211028214329  -654.2 -91.6 -196.4
20211028214330  -654.3 -91.6 -196.3
20211028214331  -654.1 -91.4 -196.3
20211028214332  -654.0 -91.4 -196.1
20211028214333  -653.9 -91.1 -195.8
20211028214334  -654.0 -91.1 -196.3
20211028214335  -654.3 -91.1 -196.5
20211028214336  -654.0 -91.4 -196.5
20211028214337  -653.6 -91.6 -196.2
20211028214338  -653.2 -91.2 -195.7
20211028214339  -653.9 -91.4 -196.2
20211028214340  -653.8 -91.6 -196.0
20211028214341  -653.8 -91.7 -196.3
20211028214342  -654.0 -91.5 -196.4
20211028214343  -653.9 -91.3 -196.5
20211028214344  -653.9 -91.5 -196.2
20211028214345  -653.8 -91.6 -196.2
20211028214346  -653.7 -91.1 -196.2
20211028214347  -654.1 -91.3 -196.2
20211028214348  -653.7 -91.3 -196.3
20211028214349  -653.8 -91.4 -196.3
20211028214350  -653.6 -91.3 -196.2
20211028214351  -653.7 -91.3 -196.2
20211028214352  -653.7 -91.1 -196.4
20211028214353  -653.7 -90.9 -196.0
20211028214354  -653.6 -91.3 -196.1
20211028214355  -653.6 -91.3 -196.4
20211028214356  -653.8 -91.4 -196.4
20211028214357  -653.8 -91.3 -196.4
20211028214358  -653.5 -91.5 -196.2
20211028214359  -653.5 -91.5 -196.3
20211028214400  -653.8 -91.4 -196.3
20211028214401  -653.6 -91.4 -196.2
20211028214402  -653.7 -91.4 -196.4
20211028214403  -653.6 -91.2 -196.6
20211028214404  -653.7 -91.2 -196.3
20211028214405  -653.9 -91.3 -196.4
20211028214406  -654.1 -91.2 -196.6
20211028214407  -653.8 -91.2 -196.7
20211028214408  -653.0 -91.1 -195.8
20211028214409  -653.8 -91.1 -196.2
20211028214410  -653.9 -91.2 -196.2
20211028214411  -653.6 -91.4 -196.2
20211028214412  -653.4 -91.7 -196.2
20211028214413  -653.6 -91.4 -196.0
20211028214414  -654.1 -91.5 -196.3
20211028214415  -653.9 -91.6 -196.3
20211028214416  -654.0 -91.7 -196.4
20211028214417  -654.1 -91.5 -196.4
20211028214418  -653.8 -91.7 -196.2
20211028214419  -654.0 -91.7 -196.1
20211028214420  -654.1 -91.3 -196.1
20211028214421  -654.1 -91.5 -196.1
20211028214422  -654.0 -91.3 -195.7
20211028214423  -654.1 -91.4 -196.0
20211028214424  -654.1 -91.2 -196.1
20211028214425  -654.2 -91.7 -196.1
20211028214426  -654.3 -91.6 -196.3
20211028214427  -654.2 -91.9 -196.3
20211028214428  -654.0 -91.6 -196.5
20211028214429  -654.2 -91.9 -196.3
20211028214430  -654.4 -91.7 -196.2
20211028214431  -654.5 -91.7 -196.4
20211028214432  -654.5 -91.7 -196.2
20211028214433  -654.3 -91.8 -196.2
20211028214434  -654.2 -91.4 -196.5
20211028214435  -654.0 -91.3 -196.6
20211028214436  -654.0 -91.3 -196.7
20211028214437  -654.0 -91.6 -196.6
20211028214438  -653.1 -91.6 -196.1
20211028214439  -653.8 -91.4 -196.5
20211028214440  -653.9 -91.2 -196.3
20211028214441  -653.9 -91.4 -196.3
20211028214442  -654.1 -91.3 -196.4
20211028214443  -654.1 -91.7 -196.5
20211028214444  -653.9 -91.6 -196.2
20211028214445  -653.7 -91.3 -196.4
20211028214446  -654.0 -91.4 -196.4
20211028214447  -654.2 -91.2 -196.1
20211028214448  -654.1 -91.5 -196.4
20211028214449  -654.3 -91.5 -196.5
20211028214450  -654.4 -91.5 -196.3
20211028214451  -654.2 -91.8 -196.4
20211028214452  -654.1 -91.7 -196.3
20211028214453  -654.1 -91.5 -196.3
20211028214454  -654.0 -91.7 -196.1
20211028214455  -654.1 -91.3 -196.4
20211028214456  -653.9 -91.5 -196.5
20211028214457  -654.1 -91.3 -196.5
20211028214458  -654.0 -91.1 -196.4
20211028214459  -654.3 -91.4 -196.4
20211028214500  -654.5 -91.5 -196.4
20211028214501  -654.5 -91.5 -196.4
20211028214502  -654.2 -91.5 -196.4
20211028214503  -653.9 -91.8 -196.7
20211028214504  -654.0 -91.6 -196.5
20211028214505  -654.1 -91.5 -196.3
20211028214506  -654.4 -91.5 -196.2
20211028214507  -654.2 -91.3 -196.2
20211028214508  -653.5 -91.5 -196.2
20211028214509  -654.0 -91.4 -196.4
20211028214510  -654.0 -91.4 -196.8
20211028214511  -654.2 -91.6 -196.9
20211028214512  -654.6 -91.6 -196.9
20211028214513  -654.2 -91.6 -196.7
20211028214514  -654.4 -91.6 -196.7
20211028214515  -654.6 -91.6 -196.7
20211028214516  -654.4 -91.8 -197.0
20211028214517  -654.5 -91.9 -196.9
20211028214518  -654.1 -91.7 -196.6
20211028214519  -654.1 -91.5 -196.4
20211028214520  -654.4 -91.7 -196.7
20211028214521  -654.4 -91.2 -196.8
20211028214522  -654.2 -91.5 -196.7
20211028214523  -654.1 -91.5 -196.9
20211028214524  -654.3 -91.2 -196.7
20211028214525  -654.1 -91.6 -196.7
20211028214526  -654.3 -91.5 -196.6
20211028214527  -654.7 -91.4 -196.6
20211028214528  -654.5 -91.0 -196.7
20211028214529  -654.2 -91.0 -196.5
20211028214530  -654.3 -91.2 -196.5
20211028214531  -654.4 -91.1 -196.5
20211028214532  -654.8 -91.2 -196.3
20211028214533  -654.3 -91.2 -196.7
20211028214534  -654.3 -91.3 -196.7
20211028214535  -654.4 -91.4 -196.8
20211028214536  -654.4 -91.4 -197.2
20211028214537  -654.5 -91.5 -196.9
20211028214538  -654.1 -91.4 -196.7
20211028214539  -654.7 -91.6 -196.6
20211028214540  -654.7 -91.6 -196.7
20211028214541  -654.8 -91.4 -197.0
20211028214542  -655.2 -91.4 -196.9
20211028214543  -655.2 -91.5 -196.8
20211028214544  -655.2 -91.7 -196.6
20211028214545  -655.0 -91.6 -196.8
20211028214546  -655.0 -91.5 -196.6
20211028214547  -655.0 -91.7 -196.7
20211028214548  -655.0 -91.7 -196.7
20211028214549  -654.7 -91.9 -197.1
20211028214550  -654.8 -91.6 -196.8
20211028214551  -655.0 -91.8 -196.9
20211028214552  -654.8 -91.7 -197.0
20211028214553  -655.1 -91.7 -197.3
20211028214554  -655.3 -91.6 -197.3
20211028214555  -655.1 -91.9 -197.1
20211028214556  -655.1 -92.0 -197.2
20211028214557  -654.9 -91.8 -197.3
20211028214558  -654.8 -92.1 -197.3
20211028214559  -654.8 -92.0 -197.0
20211028214600  -654.6 -91.7 -197.2
20211028214601  -654.8 -92.0 -196.9
20211028214602  -654.8 -92.0 -196.9
20211028214603  -655.0 -91.7 -197.0
20211028214604  -654.9 -91.7 -197.2
20211028214605  -654.8 -91.3 -196.9
20211028214606  -654.9 -91.7 -197.1
20211028214607  -654.8 -91.6 -197.1
20211028214608  -654.5 -91.9 -196.9
20211028214609  -654.7 -91.7 -197.0
20211028214610  -654.7 -91.5 -197.2
20211028214611  -655.1 -91.7 -197.0
20211028214612  -654.9 -91.7 -196.9
20211028214613  -655.0 -91.5 -196.9
20211028214614  -655.1 -91.6 -196.9
20211028214615  -654.8 -91.6 -197.1
20211028214616  -654.7 -91.4 -197.1
20211028214617  -654.7 -91.5 -197.3
20211028214618  -655.0 -91.7 -197.2
20211028214619  -654.8 -91.7 -197.6
20211028214620  -655.1 -91.5 -197.3
20211028214621  -655.1 -91.6 -196.9
20211028214622  -654.9 -91.7 -196.9
20211028214623  -655.0 -91.8 -197.1
20211028214624  -654.8 -91.5 -197.2
20211028214625  -655.1 -91.7 -197.1
20211028214626  -655.1 -91.9 -197.1
20211028214627  -654.9 -91.7 -197.2
20211028214628  -655.1 -91.5 -197.0
20211028214629  -654.9 -91.7 -197.1
20211028214630  -654.6 -91.8 -197.1
20211028214631  -655.0 -91.6 -196.9
20211028214632  -654.8 -91.7 -196.8
20211028214633  -655.0 -91.8 -196.7
20211028214634  -655.1 -91.8 -197.0
20211028214635  -654.9 -91.5 -197.2
20211028214636  -655.0 -91.8 -197.0
20211028214637  -655.1 -91.9 -197.3
20211028214638  -654.6 -91.7 -196.7
20211028214639  -654.4 -91.6 -196.6
20211028214640  -655.0 -91.5 -196.9
20211028214641  -655.0 -91.7 -196.9
20211028214642  -655.1 -91.6 -196.8
20211028214643  -655.0 -91.7 -197.2
20211028214644  -654.9 -91.6 -197.2
20211028214645  -655.0 -91.9 -197.0
20211028214646  -654.7 -91.8 -197.0
20211028214647  -654.7 -91.4 -196.9
20211028214648  -655.2 -91.6 -197.0
20211028214649  -655.1 -91.6 -196.8
20211028214650  -654.8 -91.5 -197.0
20211028214651  -654.9 -91.5 -196.8
20211028214652  -654.9 -91.4 -196.7
20211028214653  -654.6 -91.5 -196.9
20211028214654  -654.7 -91.7 -197.0
20211028214655  -654.6 -91.6 -196.8
20211028214656  -654.9 -91.5 -196.8
20211028214657  -654.9 -91.7 -197.2
20211028214658  -654.9 -91.6 -196.9
20211028214659  -655.1 -91.2 -196.7
20211028214700  -654.8 -91.3 -196.7
20211028214701  -654.7 -91.3 -196.5
20211028214702  -654.7 -91.6 -196.9
20211028214703  -655.0 -91.7 -196.8
20211028214704  -655.1 -91.9 -196.8
20211028214705  -655.3 -91.7 -196.9
20211028214706  -655.0 -91.9 -196.9
20211028214707  -655.0 -91.9 -196.7
20211028214708  -654.3 -92.2 -196.5
20211028214709  -654.1 -91.6 -196.2
20211028214710  -654.7 -91.6 -196.6
20211028214711  -654.9 -91.6 -196.7
20211028214712  -655.0 -91.6 -196.7
20211028214713  -654.8 -91.4 -197.0
20211028214714  -654.8 -91.4 -196.7
20211028214715  -655.1 -91.2 -196.8
20211028214716  -655.0 -91.3 -196.7
20211028214717  -655.0 -91.5 -196.5
20211028214718  -655.1 -91.5 -196.8
20211028214719  -655.0 -91.7 -196.8
20211028214720  -655.0 -91.5 -196.7
20211028214721  -654.8 -91.7 -196.8
20211028214722  -654.8 -91.6 -196.9
20211028214723  -655.2 -91.7 -196.8
20211028214724  -654.8 -91.8 -196.8
20211028214725  -655.0 -91.7 -196.8
20211028214726  -654.9 -91.9 -196.9
20211028214727  -654.9 -91.7 -197.0
20211028214728  -655.0 -91.7 -197.1
20211028214729  -655.0 -91.7 -196.9
20211028214730  -655.1 -91.7 -197.3
20211028214731  -655.0 -91.6 -197.1
20211028214732  -655.1 -91.8 -197.0
20211028214733  -654.7 -91.6 -196.7
20211028214734  -654.8 -91.5 -197.0
20211028214735  -655.1 -91.5 -196.5
20211028214736  -655.1 -91.5 -196.4
20211028214737  -654.8 -91.7 -196.6
20211028214738  -654.2 -91.4 -196.5
20211028214739  -654.1 -91.6 -195.9
20211028214740  -653.9 -91.3 -196.0
20211028214741  -654.6 -91.4 -196.6
20211028214742  -654.7 -91.7 -196.6
20211028214743  -654.6 -91.6 -196.4
20211028214744  -654.7 -91.5 -196.5
20211028214745  -654.6 -91.4 -196.6
20211028214746  -654.4 -91.4 -196.6
20211028214747  -654.7 -91.6 -196.6
20211028214748  -654.7 -91.7 -196.9
20211028214749  -654.5 -91.4 -196.9
20211028214750  -654.4 -91.5 -196.8
20211028214751  -654.6 -91.4 -197.0
20211028214752  -654.8 -91.4 -196.8
20211028214753  -654.7 -91.4 -196.8
20211028214754  -654.9 -91.4 -196.8
20211028214755  -654.5 -91.4 -196.9
20211028214756  -654.6 -91.3 -196.8
20211028214757  -654.6 -91.5 -197.0
20211028214758  -654.7 -91.4 -197.0
20211028214759  -654.6 -91.8 -196.9
20211028214800  -654.2 -91.3 -196.9
20211028214801  -654.4 -91.3 -196.8
20211028214802  -654.4 -91.3 -196.6
20211028214803  -654.3 -91.2 -196.9
20211028214804  -654.4 -91.2 -197.0
20211028214805  -654.6 -91.5 -196.8
20211028214806  -654.5 -91.1 -196.8
20211028214807  -654.3 -91.2 -196.5
20211028214808  -653.8 -91.3 -196.2
20211028214809  -653.4 -91.0 -195.9
20211028214810  -653.5 -91.0 -195.8
20211028214811  -654.0 -91.0 -196.2
20211028214812  -654.3 -91.0 -196.5
