7
20211030205038  -602.1 -96.3 -230.2
20211030205039  -602.0 -96.2 -230.1
20211030205040  -601.8 -96.1 -229.6
20211030205041  -601.9 -96.1 -229.6
20211030205042  -601.9 -96.2 -229.4
20211030205043  -601.3 -96.3 -228.8
20211030205044  -600.9 -96.3 -228.1
20211030205045  -601.4 -96.3 -228.2
20211030205046  -601.4 -96.3 -228.1
20211030205047  -601.2 -96.3 -227.7
20211030205048  -600.9 -96.7 -227.6
20211030205049  -600.9 -96.6 -227.4
20211030205050  -600.8 -96.5 -227.5
20211030205051  -600.6 -96.5 -227.3
20211030205052  -600.4 -96.6 -227.0
20211030205053  -600.4 -96.5 -227.0
20211030205054  -599.9 -96.5 -227.0
20211030205055  -600.1 -96.7 -226.9
20211030205056  -600.0 -96.5 -226.6
20211030205057  -600.1 -96.7 -226.8
20211030205058  -600.1 -97.0 -226.5
20211030205059  -600.0 -97.2 -226.3
20211030205100  -600.0 -97.4 -226.4
20211030205101  -600.1 -97.7 -226.4
20211030205102  -600.1 -98.0 -226.2
20211030205103  -599.9 -98.1 -226.4
20211030205104  -599.7 -98.4 -226.1
20211030205105  -599.8 -98.4 -226.1
20211030205106  -600.1 -98.7 -226.0
20211030205107  -600.2 -99.1 -225.8
20211030205108  -600.0 -99.1 -225.8
20211030205109  -600.4 -99.2 -225.5
20211030205110  -600.5 -99.3 -225.5
20211030205111  -600.1 -99.7 -225.6
20211030205112  -600.2 -99.9 -225.9
20211030205113  -600.3 -100.1 -225.4
20211030205114  -599.7 -100.1 -225.1
20211030205115  -600.7 -100.4 -225.2
20211030205116  -600.8 -100.7 -225.3
20211030205117  -600.6 -100.7 -225.2
20211030205118  -600.4 -101.1 -225.1
20211030205119  -600.5 -101.3 -225.3
20211030205120  -600.7 -101.3 -224.9
20211030205121  -600.5 -101.3 -224.9
20211030205122  -600.4 -101.2 -224.5
20211030205123  -600.6 -101.4 -224.5
20211030205124  -600.1 -101.4 -224.1
20211030205125  -600.4 -101.9 -224.2
20211030205126  -600.2 -102.1 -224.2
20211030205127  -600.1 -102.2 -223.9
20211030205128  -600.0 -102.3 -223.7
20211030205129  -599.9 -102.3 -223.7
20211030205130  -599.7 -102.4 -223.8
20211030205131  -599.7 -102.6 -223.4
20211030205132  -599.3 -102.6 -223.3
20211030205133  -599.1 -102.9 -223.4
20211030205134  -599.1 -102.8 -223.4
20211030205135  -598.4 -103.2 -223.0
20211030205136  -598.2 -103.3 -222.8
20211030205137  -598.0 -103.4 -223.0
20211030205138  -597.1 -103.6 -222.8
20211030205139  -596.9 -103.8 -222.6
20211030205140  -597.2 -104.2 -222.7
20211030205141  -597.0 -104.5 -222.8
20211030205142  -597.0 -104.8 -222.7
20211030205143  -596.9 -105.1 -222.3
20211030205144  -596.2 -105.5 -221.9
20211030205145  -596.6 -105.9 -222.3
20211030205146  -596.4 -106.0 -222.3
20211030205147  -596.1 -106.2 -222.1
20211030205148  -596.0 -106.2 -222.3
20211030205149  -596.1 -106.5 -222.0
20211030205150  -595.5 -106.6 -222.1
20211030205151  -595.3 -106.7 -222.2
20211030205152  -595.3 -107.2 -222.0
20211030205153  -595.1 -107.6 -221.9
20211030205154  -595.1 -107.7 -222.0
20211030205155  -594.9 -108.3 -222.0
20211030205156  -594.8 -108.7 -222.1
20211030205157  -595.1 -108.8 -222.2
20211030205158  -595.1 -109.0 -222.1
20211030205159  -595.2 -109.7 -222.3
20211030205200  -595.2 -110.0 -222.1
20211030205201  -595.3 -110.1 -221.6
20211030205202  -595.1 -110.5 -221.9
20211030205203  -595.1 -110.7 -221.5
20211030205204  -595.1 -110.8 -221.3
20211030205205  -595.0 -110.8 -221.2
20211030205206  -594.9 -110.7 -221.5
20211030205207  -594.8 -110.9 -221.4
20211030205208  -594.6 -110.8 -221.4
20211030205209  -594.3 -111.0 -221.3
20211030205210  -594.4 -111.2 -221.0
20211030205211  -594.1 -111.3 -221.0
20211030205212  -594.2 -111.5 -221.1
20211030205213  -594.3 -111.5 -221.1
20211030205214  -593.4 -111.4 -220.6
20211030205215  -593.6 -111.5 -220.7
20211030205216  -593.7 -111.7 -220.7
20211030205217  -593.5 -111.7 -220.8
20211030205218  -593.9 -111.6 -220.6
20211030205219  -593.8 -111.4 -220.5
20211030205220  -593.8 -111.4 -220.7
20211030205221  -593.8 -111.3 -220.7
20211030205222  -593.7 -111.5 -220.9
20211030205223  -593.5 -111.6 -220.8
20211030205224  -593.1 -111.6 -220.8
20211030205225  -593.2 -111.6 -220.8
20211030205226  -593.3 -111.6 -220.7
20211030205227  -593.0 -111.4 -220.7
20211030205228  -592.8 -111.2 -220.6
20211030205229  -592.8 -111.2 -220.5
20211030205230  -592.6 -110.9 -220.6
20211030205231  -592.4 -110.7 -221.0
20211030205232  -592.3 -110.7 -221.2
20211030205233  -592.2 -110.5 -221.2
20211030205234  -592.2 -110.1 -220.9
20211030205235  -591.9 -110.2 -221.1
20211030205236  -591.9 -109.8 -221.3
20211030205237  -591.6 -109.6 -221.5
20211030205238  -591.4 -109.1 -221.5
20211030205239  -591.3 -108.8 -221.3
20211030205240  -591.3 -108.7 -221.8
20211030205241  -591.4 -108.6 -221.9
20211030205242  -591.3 -108.4 -221.9
20211030205243  -591.4 -108.3 -222.3
20211030205244  -590.8 -108.0 -222.5
20211030205245  -591.2 -107.8 -222.2
20211030205246  -591.3 -107.6 -222.5
20211030205247  -591.7 -107.4 -222.7
20211030205248  -591.4 -107.3 -222.9
20211030205249  -591.3 -106.9 -223.2
20211030205250  -591.3 -106.9 -223.3
20211030205251  -591.4 -106.4 -223.3
20211030205252  -591.5 -106.1 -223.6
20211030205253  -591.5 -105.9 -223.2
20211030205254  -591.3 -105.8 -223.3
20211030205255  -591.0 -105.7 -223.4
20211030205256  -591.1 -105.3 -223.5
20211030205257  -590.6 -105.5 -223.4
20211030205258  -590.6 -105.4 -223.2
20211030205259  -590.6 -105.1 -223.1
20211030205300  -590.4 -105.2 -223.1
20211030205301  -590.1 -104.9 -223.1
20211030205302  -590.1 -104.3 -223.2
20211030205303  -589.6 -104.3 -222.8
20211030205304  -589.1 -104.1 -222.9
20211030205305  -588.6 -104.6 -222.9
20211030205306  -588.4 -104.4 -223.1
20211030205307  -588.2 -104.1 -223.3
20211030205308  -587.7 -103.9 -223.0
20211030205309  -587.7 -103.9 -223.0
20211030205310  -587.2 -104.1 -223.4
20211030205311  -587.2 -104.0 -223.3
20211030205312  -586.9 -103.8 -223.0
20211030205313  -587.1 -103.9 -223.3
20211030205314  -586.3 -104.0 -223.1
20211030205315  -586.1 -103.6 -222.8
20211030205316  -586.7 -103.2 -223.6
20211030205317  -586.6 -103.5 -223.7
20211030205318  -586.7 -103.7 -223.9
20211030205319  -586.7 -103.6 -223.8
20211030205320  -586.9 -103.7 -224.0
20211030205321  -586.8 -103.8 -224.1
20211030205322  -587.0 -103.5 -224.1
20211030205323  -586.9 -103.4 -224.3
20211030205324  -586.9 -103.4 -224.4
20211030205325  -587.0 -103.3 -224.6
20211030205326  -587.2 -103.0 -224.6
20211030205327  -587.0 -102.8 -224.6
20211030205328  -587.1 -103.0 -224.7
20211030205329  -587.4 -102.6 -224.5
20211030205330  -587.2 -102.5 -224.8
20211030205331  -587.4 -102.2 -225.1
20211030205332  -587.4 -102.1 -225.0
20211030205333  -587.4 -102.0 -224.5
20211030205334  -587.7 -102.1 -224.9
20211030205335  -587.6 -102.2 -225.0
20211030205336  -587.7 -102.3 -225.0
20211030205337  -587.7 -102.2 -225.2
20211030205338  -587.7 -102.2 -225.1
20211030205339  -587.8 -102.1 -225.0
20211030205340  -587.8 -102.0 -225.2
20211030205341  -588.2 -102.3 -225.2
20211030205342  -588.0 -102.1 -225.1
20211030205343  -588.1 -102.0 -225.5
20211030205344  -587.8 -102.3 -225.1
20211030205345  -587.3 -101.9 -224.8
20211030205346  -587.7 -101.6 -224.8
20211030205347  -588.0 -101.8 -225.2
20211030205348  -588.0 -102.2 -225.3
20211030205349  -588.4 -102.0 -225.2
20211030205350  -588.2 -101.9 -225.3
20211030205351  -588.2 -101.9 -225.3
20211030205352  -588.2 -101.8 -225.5
20211030205353  -588.0 -101.6 -225.6
20211030205354  -588.3 -101.7 -225.5
20211030205355  -588.3 -101.4 -225.3
20211030205356  -588.6 -101.7 -225.6
20211030205357  -588.7 -101.5 -225.7
20211030205358  -588.8 -101.3 -225.9
20211030205359  -588.6 -101.1 -226.0
20211030205400  -588.6 -101.0 -226.0
20211030205401  -589.1 -100.5 -225.7
20211030205402  -589.1 -100.6 -225.9
20211030205403  -589.1 -100.5 -226.0
20211030205404  -589.1 -100.4 -226.0
20211030205405  -589.3 -100.5 -225.9
20211030205406  -589.3 -100.4 -225.5
20211030205407  -589.5 -100.2 -225.7
20211030205408  -589.6 -100.1 -225.9
20211030205409  -589.9 -100.0 -225.8
20211030205410  -589.8 -100.0 -225.6
20211030205411  -589.7 -99.9 -225.7
20211030205412  -590.1 -99.8 -225.4
20211030205413  -590.3 -99.5 -225.5
20211030205414  -590.2 -99.6 -225.3
20211030205415  -589.7 -99.6 -224.6
20211030205416  -590.1 -99.3 -224.5
20211030205417  -590.8 -99.4 -225.0
20211030205418  -590.9 -99.4 -224.8
