.0
20211201195307  -849.8 -7.4 -725.1
20211201195308  -849.6 -6.8 -725.2
20211201195309  -849.0 -6.6 -725.4
20211201195310  -848.8 -6.1 -725.5
20211201195311  -847.9 -6.0 -725.2
20211201195312  -846.8 -5.4 -725.0
20211201195313  -846.2 -4.8 -725.2
20211201195314  -845.8 -4.2 -725.0
20211201195315  -846.0 -3.6 -725.6
20211201195316  -845.8 -2.7 -725.9
20211201195317  -845.4 -2.3 -726.5
20211201195318  -845.1 -1.7 -726.8
20211201195319  -844.9 -0.7 -727.1
20211201195320  -844.6 -0.3 -727.6
20211201195321  -844.4 -0.2 -728.0
20211201195322  -844.2 0.0 -728.2
20211201195323  -844.0 0.0 -728.6
20211201195324  -843.8 0.4 -728.5
20211201195325  -843.5 0.4 -728.8
20211201195326  -843.4 0.3 -729.4
20211201195327  -843.2 0.6 -729.7
20211201195328  -842.8 0.4 -730.0
20211201195329  -842.7 0.1 -730.6
20211201195330  -842.6 -0.2 -730.6
20211201195331  -842.8 -0.2 -731.0
20211201195332  -842.6 -0.2 -731.1
20211201195333  -842.5 -0.5 -731.7
20211201195334  -842.4 -0.7 -732.1
20211201195335  -842.2 -1.0 -732.2
20211201195336  -842.0 -1.4 -732.2
20211201195337  -841.7 -1.8 -732.3
20211201195338  -840.9 -1.9 -731.7
20211201195339  -840.6 -2.2 -731.3
20211201195340  -839.8 -2.1 -731.2
20211201195341  -840.3 -2.0 -731.9
20211201195342  -839.8 -1.9 -732.2
20211201195343  -839.5 -2.2 -732.2
20211201195344  -839.3 -2.6 -732.3
20211201195345  -838.7 -2.4 -732.4
20211201195346  -838.1 -2.9 -732.8
20211201195347  -837.8 -2.7 -733.0
20211201195348  -837.3 -2.7 -733.3
20211201195349  -836.9 -2.7 -733.4
20211201195350  -837.2 -2.9 -733.8
20211201195351  -836.9 -3.2 -733.9
20211201195352  -836.3 -3.3 -734.5
20211201195353  -836.1 -3.2 -734.1
20211201195354  -835.7 -3.3 -734.3
20211201195355  -835.3 -3.3 -734.6
20211201195356  -835.0 -3.3 -734.8
20211201195357  -834.9 -3.2 -735.0
20211201195358  -834.7 -3.0 -735.1
20211201195359  -834.4 -3.0 -735.4
20211201195400  -834.5 -2.8 -735.7
20211201195401  -834.4 -2.9 -735.9
20211201195402  -834.4 -2.6 -736.2
20211201195403  -834.4 -2.7 -736.3
20211201195404  -833.9 -2.6 -735.8
20211201195405  -833.5 -2.6 -735.6
20211201195406  -833.2 -2.4 -735.3
20211201195407  -833.9 -2.8 -735.7
20211201195408  -833.5 -2.7 -735.7
20211201195409  -833.1 -2.7 -735.8
20211201195410  -832.6 -2.4 -735.7
20211201195411  -832.3 -2.1 -735.6
20211201195412  -832.0 -2.3 -736.1
20211201195413  -831.4 -2.2 -736.2
20211201195414  -831.1 -2.4 -736.5
20211201195415  -830.9 -2.1 -736.7
20211201195416  -830.3 -2.0 -736.8
20211201195417  -830.2 -1.7 -737.0
20211201195418  -830.4 -2.0 -737.2
20211201195419  -830.1 -1.6 -737.7
20211201195420  -829.8 -1.6 -738.0
20211201195421  -830.1 -1.6 -738.4
20211201195422  -830.1 -1.5 -738.3
20211201195423  -830.5 -1.1 -738.7
20211201195424  -830.5 -1.1 -738.8
20211201195425  -830.5 -1.1 -738.8
20211201195426  -830.9 -0.8 -738.9
20211201195427  -830.9 -0.8 -739.0
20211201195428  -830.9 -0.7 -739.3
20211201195429  -831.5 -0.7 -739.7
20211201195430  -831.4 -0.4 -739.5
20211201195431  -831.1 -0.8 -739.2
20211201195432  -831.1 -0.8 -739.1
20211201195433  -831.9 -1.1 -739.5
20211201195434  -832.1 -1.4 -739.5
20211201195435  -831.7 -2.1 -739.2
20211201195436  -831.4 -2.7 -739.3
20211201195437  -831.0 -3.2 -739.2
20211201195438  -830.6 -3.5 -739.5
20211201195439  -830.2 -3.6 -739.7
20211201195440  -830.0 -3.8 -740.0
20211201195441  -829.7 -4.2 -740.0
20211201195442  -829.6 -4.4 -740.3
20211201195443  -829.5 -4.3 -740.5
20211201195444  -829.7 -4.1 -741.3
20211201195445  -830.1 -4.2 -741.5
20211201195446  -830.2 -3.9 -741.4
20211201195447  -830.4 -4.1 -741.8
20211201195448  -830.8 -4.2 -741.9
20211201195449  -831.0 -4.3 -742.1
20211201195450  -830.9 -4.5 -742.0
20211201195451  -831.0 -4.7 -742.2
20211201195452  -831.1 -4.6 -741.8
20211201195453  -831.1 -5.0 -742.2
20211201195454  -831.0 -5.0 -742.4
20211201195455  -830.8 -5.1 -742.7
20211201195456  -830.2 -5.1 -742.3
20211201195457  -830.0 -5.0 -741.9
20211201195458  -829.3 -5.1 -741.7
20211201195459  -829.8 -5.2 -742.2
20211201195500  -829.4 -5.4 -742.1
20211201195501  -829.3 -5.6 -742.2
20211201195502  -829.0 -5.7 -742.2
20211201195503  -828.8 -5.4 -742.6
20211201195504  -828.4 -5.5 -742.5
20211201195505  -828.0 -5.9 -742.8
20211201195506  -827.4 -5.8 -742.9
20211201195507  -827.1 -5.6 -743.1
20211201195508  -826.5 -5.9 -743.0
20211201195509  -826.0 -6.0 -743.1
20211201195510  -825.4 -5.9 -743.1
20211201195511  -825.1 -5.9 -743.1
20211201195512  -824.5 -6.1 -743.4
20211201195513  -823.8 -6.0 -743.1
20211201195514  -823.4 -6.0 -743.4
20211201195515  -822.8 -5.8 -743.8
20211201195516  -822.1 -5.8 -744.0
20211201195517  -821.5 -5.5 -744.4
20211201195518  -821.3 -5.7 -744.6
20211201195519  -821.0 -5.4 -744.6
20211201195520  -820.6 -5.3 -744.7
20211201195521  -820.3 -5.1 -745.1
20211201195522  -819.5 -5.4 -744.5
20211201195523  -818.6 -5.2 -744.6
20211201195524  -818.1 -4.7 -744.4
20211201195525  -818.1 -5.0 -744.8
20211201195526  -817.8 -5.5 -745.1
20211201195527  -817.1 -5.7 -745.3
20211201195528  -816.8 -5.9 -745.4
20211201195529  -815.9 -5.8 -745.5
20211201195530  -815.1 -5.7 -745.9
20211201195531  -814.7 -6.0 -746.0
20211201195532  -814.0 -6.3 -746.1
20211201195533  -813.9 -6.3 -746.7
20211201195534  -813.8 -6.1 -746.7
20211201195535  -813.4 -5.9 -747.1
20211201195536  -813.2 -5.8 -747.2
20211201195537  -812.7 -5.7 -747.3
20211201195538  -812.5 -5.5 -747.4
20211201195539  -811.9 -5.4 -747.5
20211201195540  -811.1 -5.2 -747.6
20211201195541  -810.7 -5.3 -747.8
20211201195542  -810.0 -4.7 -747.7
20211201195543  -809.5 -4.5 -748.0
20211201195544  -808.7 -4.3 -747.9
20211201195545  -808.7 -4.0 -748.0
20211201195546  -807.8 -3.9 -748.2
20211201195547  -807.4 -3.6 -748.3
20211201195548  -806.9 -3.5 -748.5
20211201195549  -806.1 -3.1 -748.5
20211201195550  -805.5 -2.8 -748.3
20211201195551  -805.9 -2.2 -748.8
20211201195552  -805.8 -1.8 -749.0
20211201195553  -805.3 -1.8 -749.1
20211201195554  -804.9 -1.6 -749.1
20211201195555  -804.5 -1.4 -749.2
20211201195556  -804.2 -1.3 -749.4
20211201195557  -803.8 -1.6 -749.4
20211201195558  -803.6 -1.8 -749.7
20211201195559  -803.2 -1.8 -749.6
20211201195600  -803.2 -2.5 -750.0
20211201195601  -803.3 -3.1 -750.0
20211201195602  -803.5 -3.8 -750.0
20211201195603  -803.6 -4.4 -750.2
20211201195604  -803.6 -4.3 -749.7
20211201195605  -803.4 -4.5 -749.3
20211201195606  -803.2 -4.8 -749.3
20211201195607  -803.0 -4.6 -748.9
20211201195608  -802.6 -4.4 -748.7
20211201195609  -802.1 -4.4 -748.4
20211201195610  -801.5 -4.2 -748.6
20211201195611  -801.0 -3.8 -748.5
20211201195612  -800.6 -3.5 -748.5
20211201195613  -800.0 -2.8 -748.3
20211201195614  -799.2 -2.6 -748.2
20211201195615  -798.6 -1.9 -747.6
20211201195616  -798.3 -1.0 -747.4
20211201195617  -797.8 -0.4 -747.7
20211201195618  -798.0 0.0 -748.1
20211201195619  -797.7 0.2 -748.4
20211201195620  -797.8 0.5 -749.1
20211201195621  -797.5 1.0 -749.0
20211201195622  -797.4 1.2 -748.9
20211201195623  -797.0 1.6 -748.7
20211201195624  -796.5 2.0 -748.5
20211201195625  -796.0 2.5 -748.8
20211201195626  -795.1 3.0 -748.5
20211201195627  -794.0 3.5 -748.7
20211201195628  -793.0 3.9 -748.8
20211201195629  -792.6 4.3 -749.2
20211201195630  -791.8 4.8 -749.8
20211201195631  -791.0 4.9 -750.2
20211201195632  -790.9 5.4 -750.8
20211201195633  -790.3 5.8 -751.0
20211201195634  -790.4 6.3 -751.3
20211201195635  -789.9 6.4 -751.2
20211201195636  -789.4 7.0 -751.5
20211201195637  -788.8 7.3 -751.8
20211201195638  -788.6 7.5 -751.9
20211201195639  -788.3 7.6 -752.2
20211201195640  -787.9 7.5 -752.8
20211201195641  -787.2 8.3 -752.3
20211201195642  -787.0 9.1 -752.8
20211201195643  -786.7 9.8 -752.7
20211201195644  -787.5 10.9 -753.7
20211201195645  -787.8 11.6 -753.9
20211201195646  -787.8 12.5 -754.3
20211201195647  -788.1 13.3 -754.3
20211201195648  -788.1 14.4 -754.4
20211201195649  -788.0 15.3 -754.6
20211201195650  -788.1 16.1 -754.8
20211201195651  -788.1 17.0 -754.9
20211201195652  -788.1 17.8 -755.1
20211201195653  -788.2 18.5 -755.7
20211201195654  -788.6 19.0 -755.7
20211201195655  -789.0 19.4 -755.8
20211201195656  -789.4 19.8 -756.2
20211201195657  -790.2 20.1 -756.6
20211201195658  -790.6 20.6 -756.8
20211201195659  -791.4 20.9 -756.6
20211201195700  -791.9 21.1 -756.9
20211201195701  -792.4 21.2 -757.0
20211201195702  -792.5 21.5 -757.1
20211201195703  -793.3 21.4 -757.3
20211201195704  -794.1 21.8 -757.4
20211201195705  -794.8 21.9 -757.5
20211201195706  -794.8 21.7 -757.7
20211201195707  -794.7 22.1 -757.2
20211201195708  -794.9 22.0 -757.3
20211201195709  -794.7 21.9 -757.0
20211201195710  -795.2 21.7 -757.3
20211201195711  -796.4 21.3 -758.2
20211201195712  -796.6 21.1 -758.6
20211201195713  -797.2 20.7 -758.8
20211201195714  -797.4 20.9 -758.8
20211201195715  -797.8 20.8 -759.1
20211201195716  -798.3 20.6 -759.2
20211201195717  -798.3 20.4 -759.3
20211201195718  -798.2 20.3 -759.9
20211201195719  -798.3 20.6 -760.0
20211201195720  -798.3 20.5 -760.0
20211201195721  -798.3 20.4 -760.4
20211201195722  -798.6 20.5 -760.7
20211201195723  -798.6 20.6 -761.2
20211201195724  -798.7 20.9 -761.4
20211201195725  -799.2 21.4 -762.0
20211201195726  -799.4 21.3 -762.4
20211201195727  -799.7 21.5 -762.6
20211201195728  -799.9 21.8 -763.1
20211201195729  -800.1 22.0 -763.3
20211201195730  -800.3 22.2 -763.5
20211201195731  -800.2 22.9 -764.0
20211201195732  -799.8 22.9 -763.9
20211201195733  -798.8 23.5 -763.6
20211201195734  -798.6 23.9 -763.7
20211201195735  -798.3 24.3 -764.1
20211201195736  -798.3 24.8 -764.1
20211201195737  -798.8 25.5 -764.4
20211201195738  -799.1 25.9 -764.9
20211201195739  -799.0 25.9 -765.2
20211201195740  -799.2 26.1 -765.5
20211201195741  -799.2 26.5 -766.5
20211201195742  -799.4 26.8 -766.6
20211201195743  -799.7 27.1 -766.6
20211201195744  -800.2 27.4 -766.8
20211201195745  -800.4 28.0 -767.2
20211201195746  -800.6 28.3 -767.3
20211201195747  -801.0 28.6 -767.3
20211201195748  -801.0 29.2 -767.4
20211201195749  -800.8 29.8 -767.7
20211201195750  -801.5 30.1 -767.9
20211201195751  -802.1 30.5 -768.1
20211201195752  -802.6 30.8 -768.4
20211201195753  -803.0 30.8 -768.6
20211201195754  -803.5 30.8 -768.8
20211201195755  -804.2 31.7 -769.3
20211201195756  -804.7 31.6 -769.3
20211201195757  -805.2 32.1 -769.4
20211201195758  -805.7 32.6 -769.5
20211201195759  -806.2 32.8 -769.4
20211201195800  -806.6 33.2 -769.2
20211201195801  -806.8 33.8 -768.9
20211201195802  -807.4 33.7 -768.6
20211201195803  -807.7 34.0 -768.8
20211201195804  -808.5 34.3 -769.1
20211201195805  -808.8 34.1 -769.3
20211201195806  -809.0 33.9 -769.6
20211201195807  -809.7 33.9 -769.6
20211201195808  -809.8 33.8 -769.5
20211201195809  -810.0 33.9 -769.8
20211201195810  -810.5 33.6 -769.6
20211201195811  -810.5 32.9 -769.6
20211201195812  -810.3 32.9 -769.4
20211201195813  -810.2 32.9 -769.1
20211201195814  -810.0 32.4 -769.0
20211201195815  -809.5 32.5 -769.0
20211201195816  -809.3 32.6 -768.8
20211201195817  -808.8 32.3 -768.9
20211201195818  -808.2 32.2 -768.8
20211201195819  -807.7 32.0 -768.8
20211201195820  -807.5 31.8 -769.0
20211201195821  -807.3 31.8 -768.7
20211201195822  -806.8 31.9 -769.0
20211201195823  -806.2 32.0 -768.9
20211201195824  -805.5 31.6 -768.8
20211201195825  -804.2 31.5 -767.9
20211201195826  -803.1 31.9 -767.3
20211201195827  -802.4 32.1 -767.2
20211201195828  -801.6 32.1 -767.2
20211201195829  -800.8 32.0 -767.0
20211201195830  -800.2 31.9 -766.8
20211201195831  -799.8 32.2 -767.1
20211201195832  -799.2 32.2 -766.9
20211201195833  -797.6 32.5 -766.4
20211201195834  -796.7 32.6 -766.0
20211201195835  -795.5 32.7 -766.0
20211201195836  -794.1 33.1 -765.8
20211201195837  -792.7 33.3 -765.6
20211201195838  -791.1 33.4 -765.3
20211201195839  -789.5 33.9 -764.9
20211201195840  -788.3 34.1 -764.7
20211201195841  -786.8 34.3 -764.7
20211201195842  -785.5 34.6 -764.6
20211201195843  -784.1 34.7 -764.2
20211201195844  -782.7 34.6 -764.4
20211201195845  -781.7 34.6 -764.3
20211201195846  -780.8 34.6 -764.4
20211201195847  -779.7 34.8 -764.4
20211201195848  -778.8 34.9 -764.3
20211201195849  -778.0 35.2 -764.2
20211201195850  -777.0 35.1 -764.3
20211201195851  -776.0 34.7 -764.4
20211201195852  -775.0 34.7 -764.4
20211201195853  -774.3 34.9 -764.5
20211201195854  -773.7 35.1 -764.3
20211201195855  -773.1 34.9 -764.0
20211201195856  -772.4 34.8 -764.1
20211201195857  -773.0 35.0 -765.0
20211201195858  -772.7 34.9 -764.8
20211201195859  -772.3 34.9 -764.9
20211201195900  -771.5 34.9 -765.1
20211201195901  -770.9 34.9 -765.1
20211201195902  -770.1 35.1 -764.8
20211201195903  -769.6 35.1 -764.5
20211201195904  -768.4 35.0 -764.4
20211201195905  -767.6 35.5 -764.2
20211201195906  -766.4 35.4 -764.3
20211201195907  -765.4 35.7 -764.5
20211201195908  -764.7 36.0 -764.3
20211201195909  -764.0 35.7 -765.0
20211201195910  -762.9 35.3 -764.8
20211201195911  -762.4 35.6 -764.9
20211201195912  -761.6 35.4 -765.2
20211201195913  -760.8 35.5 -765.3
20211201195914  -759.9 35.2 -765.4
20211201195915  -758.8 35.5 -765.6
20211201195916  -758.4 35.5 -765.5
20211201195917  -757.1 35.4 -765.5
20211201195918  -755.4 35.7 -764.4
20211201195919  -754.2 36.0 -764.1
20211201195920  -752.9 36.1 -763.8
20211201195921  -751.6 36.5 -763.6
20211201195922  -750.3 36.9 -763.0
20211201195923  -749.8 37.0 -763.4
20211201195924  -748.7 37.0 -764.1
20211201195925  -747.5 37.0 -764.4
20211201195926  -746.7 37.1 -764.4
20211201195927  -745.6 37.2 -764.7
20211201195928  -744.5 37.3 -764.5
20211201195929  -743.5 37.4 -764.6
20211201195930  -742.6 37.2 -764.8
20211201195931  -741.6 37.2 -765.0
20211201195932  -741.1 37.4 -765.1
20211201195933  -740.1 37.3 -765.4
20211201195934  -739.4 37.7 -765.6
20211201195935  -738.9 37.9 -766.0
20211201195936  -738.2 38.2 -766.3
20211201195937  -737.6 38.0 -766.8
20211201195938  -737.1 38.4 -767.1
20211201195939  -736.8 38.5 -767.5
20211201195940  -736.3 38.5 -767.6
20211201195941  -735.8 38.6 -767.9
20211201195942  -735.6 38.8 -768.1
20211201195943  -735.3 38.8 -768.5
20211201195944  -734.9 39.0 -768.3
20211201195945  -734.6 39.4 -768.2
20211201195946  -734.0 39.5 -768.6
20211201195947  -734.0 39.8 -768.7
20211201195948  -733.9 39.7 -768.9
20211201195949  -734.2 40.1 -769.1
20211201195950  -734.3 40.4 -769.9
20211201195951  -734.3 40.3 -770.1
20211201195952  -734.3 40.5 -770.1
20211201195953  -734.2 40.7 -770.5
20211201195954  -734.0 41.0 -770.6
20211201195955  -733.6 41.4 -771.1
20211201195956  -733.9 41.4 -771.6
20211201195957  -733.5 41.4 -772.1
20211201195958  -733.9 41.5 -772.1
20211201195959  -733.6 41.2 -772.6
20211201200000  -734.1 41.0 -773.2
20211201200001  -734.2 40.7 -773.5
20211201200002  -734.1 40.5 -774.1
20211201200003  -734.4 40.3 -774.5
20211201200004  -734.8 40.0 -775.0
20211201200005  -735.3 39.7 -775.3
20211201200006  -735.6 39.6 -775.6
20211201200007  -735.9 39.5 -776.1
20211201200008  -736.0 39.4 -775.8
20211201200009  -736.3 39.4 -776.3
20211201200010  -736.4 38.7 -776.5
20211201200011  -736.2 38.7 -776.6
20211201200012  -736.5 38.2 -776.5
20211201200013  -736.3 37.9 -776.3
20211201200014  -736.3 37.9 -776.4
20211201200015  -737.1 37.7 -776.8
20211201200016  -737.3 37.6 -777.1
20211201200017  -737.6 37.9 -777.3
20211201200018  -737.8 37.7 -777.6
20211201200019  -738.2 37.6 -777.4
20211201200020  -738.5 37.6 -777.7
20211201200021  -738.8 37.8 -778.4
20211201200022  -739.1 37.7 -778.5
20211201200023  -739.5 37.7 -778.5
20211201200024  -739.9 37.7 -778.4
20211201200025  -740.1 37.8 -778.3
20211201200026  -740.9 37.8 -777.9
20211201200027  -741.1 37.6 -777.3
20211201200028  -741.3 37.7 -776.9
20211201200029  -741.8 38.0 -776.3
20211201200030  -742.4 37.7 -775.8
20211201200031  -742.4 37.7 -775.4
20211201200032  -742.6 38.1 -774.5
20211201200033  -742.9 37.8 -774.1
20211201200034  -743.4 37.4 -773.6
20211201200035  -743.5 37.4 -772.8
20211201200036  -743.2 37.1 -772.4
20211201200037  -743.0 36.7 -771.3
20211201200038  -743.1 36.4 -770.6
20211201200039  -742.9 36.2 -769.8
20211201200040  -743.2 35.9 -769.3
20211201200041  -743.9 35.3 -769.3
20211201200042  -744.3 34.5 -769.0
20211201200043  -744.5 33.8 -768.5
20211201200044  -744.4 33.1 -768.1
20211201200045  -744.4 32.5 -767.7
20211201200046  -744.5 31.6 -767.8
20211201200047  -744.9 31.0 -767.4
20211201200048  -744.9 30.2 -766.3
20211201200049  -745.1 29.7 -766.1
20211201200050  -745.5 29.0 -765.5
20211201200051  -745.7 28.8 -764.9
20211201200052  -746.4 28.5 -764.6
20211201200053  -746.7 28.7 -763.9
20211201200054  -747.5 28.7 -763.9
20211201200055  -748.3 28.6 -763.7
20211201200056  -749.3 28.8 -763.3
20211201200057  -750.5 29.0 -762.9
20211201200058  -751.8 29.2 -762.3
20211201200059  -752.8 29.4 -762.1
20211201200100  -753.5 29.6 -761.8
20211201200101  -754.2 30.0 -761.9
20211201200102  -755.4 30.0 -761.4
20211201200103  -755.5 30.3 -760.1
20211201200104  -755.5 30.9 -759.4
20211201200105  -755.6 31.3 -758.6
20211201200106  -755.7 31.9 -758.0
20211201200107  -756.5 31.8 -757.8
20211201200108  -756.5 32.3 -757.4
20211201200109  -756.5 32.5 -757.1
20211201200110  -756.1 32.7 -756.4
20211201200111  -756.0 33.0 -756.0
20211201200112  -755.5 32.6 -755.5
20211201200113  -755.7 32.7 -754.9
20211201200114  -755.7 32.5 -754.5
20211201200115  -755.5 32.8 -754.2
20211201200116  -755.3 32.8 -753.2
20211201200117  -755.6 33.0 -752.3
20211201200118  -755.8 33.3 -751.4
20211201200119  -755.9 33.5 -750.9
20211201200120  -756.2 33.6 -750.1
20211201200121  -756.4 34.0 -749.4
20211201200122  -757.0 34.5 -748.9
20211201200123  -757.6 34.6 -748.3
20211201200124  -757.8 34.9 -747.7
20211201200125  -758.3 35.1 -747.0
20211201200126  -758.8 35.2 -745.5
20211201200127  -759.3 35.4 -744.8
20211201200128  -759.8 35.2 -744.4
20211201200129  -760.2 35.0 -743.3
20211201200130  -760.1 35.1 -742.1
20211201200131  -760.5 35.0 -741.1
20211201200132  -761.5 34.8 -740.5
20211201200133  -762.6 34.4 -740.0
20211201200134  -763.8 34.1 -739.7
20211201200135  -764.7 34.2 -738.9
20211201200136  -765.7 34.2 -738.0
20211201200137  -767.0 33.9 -737.4
20211201200138  -768.0 33.8 -736.8
20211201200139  -769.2 33.8 -736.5
20211201200140  -770.1 33.6 -735.7
20211201200141  -771.3 34.0 -735.0
20211201200142  -772.3 34.1 -734.5
20211201200143  -773.3 34.0 -733.9
20211201200144  -774.3 34.0 -733.2
20211201200145  -775.4 34.1 -732.4
20211201200146  -776.4 34.3 -731.9
20211201200147  -777.1 34.2 -731.1
20211201200148  -777.8 34.1 -730.3
20211201200149  -778.5 34.3 -729.5
20211201200150  -779.2 33.9 -729.1
20211201200151  -779.7 33.7 -728.3
20211201200152  -780.1 33.6 -727.8
20211201200153  -780.7 33.2 -727.1
20211201200154  -780.6 33.4 -726.6
20211201200155  -780.4 33.2 -725.8
20211201200156  -780.1 33.4 -724.8
20211201200157  -780.2 33.5 -724.1
20211201200158  -780.8 33.6 -723.6
20211201200159  -781.5 33.6 -723.6
20211201200200  -782.0 33.2 -723.4
20211201200201  -782.3 33.0 -723.1
20211201200202  -782.8 33.0 -722.7
20211201200203  -783.4 33.0 -722.8
20211201200204  -784.0 33.0 -722.8
20211201200205  -784.6 32.8 -722.7
20211201200206  -785.3 32.6 -722.3
20211201200207  -786.5 32.6 -722.2
20211201200208  -787.4 32.8 -721.8
20211201200209  -788.5 32.8 -721.3
20211201200210  -789.6 33.0 -721.1
20211201200211  -790.7 33.4 -721.1
