20211117215024  -660.9 -77.2 -249.5
20211117215025  -660.9 -77.2 -249.7
20211117215026  -660.7 -76.9 -249.2
20211117215027  -661.0 -76.8 -249.3
20211117215028  -660.7 -76.8 -249.3
20211117215029  -660.8 -76.7 -249.6
20211117215030  -660.7 -76.6 -249.5
20211117215031  -660.9 -76.7 -249.7
20211117215032  -661.0 -76.7 -249.6
20211117215033  -660.9 -76.6 -249.6
20211117215034  -661.2 -76.5 -249.6
20211117215035  -661.2 -76.2 -249.7
20211117215036  -661.2 -76.3 -250.2
20211117215037  -661.2 -76.5 -250.0
20211117215038  -661.5 -76.5 -250.3
20211117215039  -661.6 -76.4 -250.1
20211117215040  -661.7 -76.3 -250.0
20211117215041  -661.8 -76.2 -249.8
20211117215042  -662.0 -76.3 -250.0
20211117215043  -662.2 -76.5 -250.3
20211117215044  -662.6 -76.6 -250.6
20211117215045  -662.5 -76.8 -250.7
20211117215046  -662.4 -76.8 -250.2
20211117215047  -662.9 -76.6 -250.0
20211117215048  -663.7 -77.0 -250.8
20211117215049  -663.8 -77.0 -250.8
20211117215050  -663.9 -77.1 -250.6
20211117215051  -664.4 -77.2 -250.8
20211117215052  -664.5 -77.3 -250.7
20211117215053  -664.4 -77.3 -250.8
20211117215054  -664.8 -77.7 -251.1
20211117215055  -664.9 -77.9 -251.3
20211117215056  -664.7 -77.9 -251.2
20211117215057  -664.9 -78.1 -251.2
20211117215058  -664.9 -78.0 -250.9
20211117215059  -664.7 -78.2 -251.0
20211117215100  -665.1 -78.2 -251.2
20211117215101  -664.9 -78.3 -251.3
20211117215102  -664.4 -78.3 -251.3
20211117215103  -664.8 -78.6 -251.4
20211117215104  -664.7 -78.4 -251.3
20211117215105  -664.4 -78.7 -251.7
20211117215106  -664.6 -78.7 -252.1
20211117215107  -664.6 -78.9 -251.8
20211117215108  -664.6 -78.8 -251.7
20211117215109  -664.6 -78.8 -251.7
20211117215110  -664.1 -78.7 -251.5
20211117215111  -664.0 -78.5 -251.8
20211117215112  -663.8 -78.9 -251.6
20211117215113  -663.8 -79.1 -251.6
20211117215114  -663.5 -78.9 -251.5
20211117215115  -662.9 -78.8 -251.5
20211117215116  -662.3 -78.9 -250.6
20211117215117  -662.0 -78.5 -250.4
20211117215118  -662.8 -78.3 -251.0
20211117215119  -662.7 -78.2 -251.1
20211117215120  -662.5 -77.7 -251.0
20211117215121  -662.4 -77.6 -250.9
20211117215122  -662.4 -77.5 -251.2
20211117215123  -662.2 -77.3 -251.2
20211117215124  -661.9 -77.0 -251.1
20211117215125  -662.0 -76.9 -251.1
20211117215126  -661.5 -76.7 -251.0
20211117215127  -661.3 -76.5 -250.9
20211117215128  -661.4 -76.2 -250.8
20211117215129  -661.3 -75.8 -250.7
20211117215130  -661.2 -75.5 -250.7
20211117215131  -661.1 -75.3 -250.5
20211117215132  -661.1 -75.1 -250.7
20211117215133  -660.9 -74.9 -250.9
20211117215134  -661.2 -74.6 -250.8
20211117215135  -661.2 -74.7 -250.6
20211117215136  -661.1 -74.5 -250.7
20211117215137  -661.0 -74.4 -250.7
20211117215138  -661.2 -74.3 -250.8
20211117215139  -661.0 -73.9 -250.8
20211117215140  -661.4 -73.6 -250.7
20211117215141  -661.4 -73.5 -250.7
20211117215142  -661.8 -73.6 -251.1
20211117215143  -661.9 -73.6 -251.4
20211117215144  -662.1 -73.4 -251.7
20211117215145  -662.4 -73.4 -251.8
20211117215146  -662.4 -73.7 -251.5
20211117215147  -662.6 -73.6 -251.2
20211117215148  -663.8 -73.8 -252.0
20211117215149  -664.2 -73.7 -252.1
20211117215150  -664.5 -73.7 -252.2
20211117215151  -665.0 -74.1 -252.4
20211117215152  -665.3 -74.3 -252.4
20211117215153  -665.9 -74.4 -252.6
20211117215154  -665.8 -74.5 -252.7
20211117215155  -666.3 -74.5 -252.8
20211117215156  -666.8 -74.6 -252.9
20211117215157  -666.8 -75.0 -253.2
20211117215158  -666.9 -75.4 -253.2
20211117215159  -667.3 -75.4 -253.5
20211117215200  -667.7 -75.6 -253.3
20211117215201  -667.7 -75.9 -253.5
20211117215202  -667.7 -75.8 -253.5
20211117215203  -668.0 -75.8 -253.9
20211117215204  -668.5 -75.9 -253.9
20211117215205  -669.1 -76.0 -254.0
20211117215206  -669.4 -76.3 -254.1
20211117215207  -669.7 -76.5 -254.5
20211117215208  -670.0 -76.2 -254.5
20211117215209  -670.4 -76.3 -254.8
20211117215210  -670.8 -76.4 -255.0
20211117215211  -671.0 -76.4 -254.9
20211117215212  -671.4 -76.2 -255.1
20211117215213  -671.4 -76.3 -255.2
20211117215214  -671.5 -75.9 -255.0
20211117215215  -671.8 -75.9 -255.0
20211117215216  -671.4 -75.9 -254.6
20211117215217  -671.1 -75.5 -254.1
20211117215218  -671.8 -75.5 -254.6
20211117215219  -671.7 -75.6 -254.5
20211117215220  -671.8 -75.8 -254.6
20211117215221  -672.1 -76.0 -254.5
20211117215222  -672.0 -76.2 -254.9
20211117215223  -672.4 -76.1 -255.0
20211117215224  -672.5 -76.1 -255.1
20211117215225  -672.6 -76.3 -255.3
20211117215226  -672.4 -76.2 -255.5
20211117215227  -672.4 -76.5 -255.7
20211117215228  -672.8 -76.8 -255.9
20211117215229  -673.0 -76.4 -256.0
20211117215230  -673.0 -76.5 -255.9
20211117215231  -672.9 -76.9 -255.7
20211117215232  -672.7 -77.0 -255.8
20211117215233  -672.7 -76.9 -255.7
20211117215234  -672.9 -76.5 -255.9
20211117215235  -672.8 -76.5 -256.0
20211117215236  -672.8 -76.2 -256.2
20211117215237  -672.8 -76.5 -256.0
20211117215238  -673.0 -76.1 -256.1
20211117215239  -673.0 -76.3 -256.0
20211117215240  -673.4 -76.2 -256.1
20211117215241  -673.3 -76.1 -256.0
20211117215242  -673.2 -76.3 -256.2
20211117215243  -673.0 -75.8 -256.3
20211117215244  -673.2 -76.1 -256.6
20211117215245  -673.3 -76.0 -256.4
20211117215246  -672.7 -75.9 -256.2
20211117215247  -672.9 -75.5 -255.8
20211117215248  -673.6 -75.3 -256.5
20211117215249  -673.7 -75.8 -256.1
20211117215250  -673.6 -75.9 -256.2
20211117215251  -673.8 -75.4 -256.6
20211117215252  -673.7 -75.4 -256.6
20211117215253  -673.8 -75.4 -256.6
20211117215254  -674.0 -75.4 -256.5
20211117215255  -674.0 -75.4 -256.8
20211117215256  -674.4 -75.4 -257.1
20211117215257  -674.1 -75.2 -257.0
20211117215258  -674.2 -75.5 -256.9
20211117215259  -674.3 -75.1 -256.8
20211117215300  -674.4 -75.4 -256.9
20211117215301  -674.1 -75.2 -257.2
20211117215302  -674.4 -75.1 -256.8
20211117215303  -674.5 -75.0 -257.0
20211117215304  -674.6 -74.6 -256.8
20211117215305  -674.6 -74.7 -256.7
20211117215306  -674.7 -74.5 -256.8
20211117215307  -674.7 -74.3 -257.1
20211117215308  -674.5 -74.0 -256.5
20211117215309  -674.5 -74.1 -256.4
20211117215310  -674.5 -74.1 -256.1
20211117215311  -674.6 -73.9 -256.5
20211117215312  -674.3 -73.5 -256.5
20211117215313  -674.3 -73.5 -256.6
20211117215314  -674.1 -73.1 -256.6
20211117215315  -674.2 -73.2 -256.4
20211117215316  -674.2 -73.2 -256.7
20211117215317  -673.5 -72.7 -256.2
20211117215318  -674.1 -73.0 -256.8
20211117215319  -674.1 -72.9 -257.1
20211117215320  -674.3 -73.1 -257.1
20211117215321  -674.4 -73.3 -257.5
20211117215322  -674.2 -73.1 -257.7
20211117215323  -674.3 -73.4 -257.2
20211117215324  -674.5 -73.6 -257.8
20211117215325  -674.4 -73.6 -257.8
20211117215326  -674.8 -73.5 -257.8
20211117215327  -674.9 -73.5 -257.7
20211117215328  -674.9 -73.9 -257.9
20211117215329  -675.1 -74.0 -257.8
20211117215330  -675.4 -74.3 -257.9
20211117215331  -675.4 -74.4 -257.7
20211117215332  -675.5 -74.4 -257.4
20211117215333  -675.4 -74.8 -257.8
20211117215334  -675.6 -74.7 -258.0
20211117215335  -675.9 -74.8 -258.1
20211117215336  -675.6 -75.1 -258.0
20211117215337  -675.6 -74.9 -258.2
20211117215338  -676.0 -75.4 -258.3
20211117215339  -676.2 -75.7 -258.7
20211117215340  -676.3 -75.8 -258.7
20211117215341  -676.5 -76.0 -258.7
20211117215342  -676.4 -76.0 -258.9
20211117215343  -676.5 -76.4 -259.0
20211117215344  -676.7 -76.3 -259.3
20211117215345  -677.0 -76.3 -259.2
20211117215346  -677.3 -76.3 -259.1
20211117215347  -677.2 -76.7 -259.1
20211117215348  -677.4 -76.9 -259.3
20211117215349  -677.6 -76.8 -259.3
20211117215350  -677.5 -76.6 -259.1
20211117215351  -677.6 -76.4 -259.0
20211117215352  -677.4 -76.5 -258.8
20211117215353  -677.6 -76.4 -258.7
20211117215354  -677.3 -76.2 -258.6
20211117215355  -677.3 -76.2 -258.7
20211117215356  -677.0 -75.8 -258.5
20211117215357  -677.0 -75.6 -258.7
20211117215358  -676.8 -75.5 -258.4
20211117215359  -676.4 -75.6 -258.5
20211117215400  -675.9 -75.3 -258.6
20211117215401  -675.8 -75.4 -258.7
20211117215402  -675.7 -75.1 -258.5
20211117215403  -675.5 -74.5 -258.6
20211117215404  -675.5 -74.8 -258.7
20211117215405  -675.3 -75.0 -258.7
20211117215406  -675.3 -74.7 -258.3
20211117215407  -675.1 -74.7 -258.4
20211117215408  -675.1 -74.5 -258.4
20211117215409  -675.5 -74.5 -258.7
20211117215410  -675.3 -74.2 -258.7
20211117215411  -675.7 -74.1 -259.0
20211117215412  -675.3 -74.2 -258.8
20211117215413  -675.7 -73.9 -258.9
20211117215414  -675.7 -73.8 -258.6
20211117215415  -675.6 -73.8 -258.4
20211117215416  -675.6 -73.8 -258.1
20211117215417  -675.4 -73.6 -258.1
20211117215418  -675.6 -73.3 -258.3
20211117215419  -675.1 -73.5 -258.4
20211117215420  -675.3 -73.4 -258.7
20211117215421  -674.9 -73.4 -258.5
20211117215422  -675.1 -73.4 -258.5
20211117215423  -675.3 -73.2 -258.7
20211117215424  -675.4 -73.2 -258.8
20211117215425  -675.4 -73.8 -259.0
20211117215426  -675.5 -73.9 -259.0
20211117215427  -675.5 -73.8 -259.0
20211117215428  -675.6 -73.9 -258.9
20211117215429  -675.6 -73.6 -258.4
20211117215430  -675.5 -73.7 -258.2
20211117215431  -675.5 -73.7 -258.4
20211117215432  -675.4 -73.9 -258.2
20211117215433  -675.1 -73.8 -258.0
20211117215434  -674.7 -73.4 -258.1
20211117215435  -674.5 -73.5 -257.9
20211117215436  -674.2 -73.2 -257.7
20211117215437  -674.7 -73.3 -258.0
20211117215438  -674.3 -73.3 -257.9
20211117215439  -673.8 -73.0 -258.0
20211117215440  -673.7 -73.0 -257.7
20211117215441  -673.8 -73.2 -257.8
20211117215442  -673.6 -73.2 -257.7
20211117215443  -673.5 -73.2 -257.6
20211117215444  -673.3 -73.2 -257.8
20211117215445  -673.2 -73.3 -258.0
20211117215446  -673.3 -73.1 -258.0
20211117215447  -673.5 -73.6 -258.1
20211117215448  -673.2 -73.7 -257.9
20211117215449  -673.9 -74.0 -258.4
20211117215450  -674.0 -73.8 -258.9
20211117215451  -674.0 -74.0 -259.1
20211117215452  -674.7 -73.9 -259.0
20211117215453  -675.0 -74.0 -259.0
20211117215454  -675.4 -74.4 -259.5
20211117215455  -675.9 -74.7 -259.5
20211117215456  -676.3 -74.7 -259.2
20211117215457  -676.4 -75.0 -259.3
20211117215458  -676.8 -75.2 -259.3
20211117215459  -677.1 -75.2 -259.3
20211117215500  -677.2 -75.4 -259.2
20211117215501  -677.8 -75.4 -259.4
20211117215502  -678.3 -75.4 -259.7
20211117215503  -678.6 -75.5 -259.6
20211117215504  -678.8 -75.6 -259.6
20211117215505  -678.9 -75.6 -259.8
20211117215506  -679.4 -75.6 -260.0
20211117215507  -679.4 -76.0 -259.9
20211117215508  -679.6 -76.1 -259.9
20211117215509  -679.9 -76.0 -260.1
20211117215510  -679.8 -75.9 -259.9
20211117215511  -680.1 -76.2 -260.0
20211117215512  -680.4 -76.2 -260.1
20211117215513  -680.6 -76.1 -260.3
20211117215514  -680.7 -76.1 -259.9
20211117215515  -680.6 -76.0 -260.1
20211117215516  -680.4 -76.0 -259.8
20211117215517  -680.8 -75.8 -260.0
20211117215518  -680.5 -76.1 -259.6
20211117215519  -680.8 -76.0 -259.8
20211117215520  -681.1 -76.0 -260.1
20211117215521  -680.9 -76.0 -259.8
20211117215522  -681.1 -75.9 -260.2
20211117215523  -681.0 -75.7 -260.3
20211117215524  -681.4 -75.4 -260.5
20211117215525  -681.3 -75.8 -260.3
20211117215526  -681.8 -75.5 -260.2
20211117215527  -681.7 -75.5 -260.5
20211117215528  -682.0 -75.7 -260.4
20211117215529  -682.0 -75.5 -260.6
20211117215530  -682.1 -75.6 -260.4
20211117215531  -682.8 -75.7 -260.9
20211117215532  -682.8 -75.8 -260.7
20211117215533  -682.9 -75.8 -260.7
20211117215534  -683.2 -76.0 -260.9
20211117215535  -683.4 -75.9 -261.1
20211117215536  -683.5 -76.0 -261.2
20211117215537  -683.7 -76.3 -261.1
20211117215538  -684.0 -76.0 -261.1
20211117215539  -684.5 -76.0 -261.3
20211117215540  -685.0 -76.1 -261.2
20211117215541  -684.8 -76.2 -261.1
20211117215542  -685.2 -76.4 -261.2
20211117215543  -685.4 -76.4 -261.3
20211117215544  -685.6 -76.3 -261.5
20211117215545  -685.8 -76.3 -261.4
20211117215546  -685.7 -76.5 -261.6
20211117215547  -686.2 -76.5 -261.8
20211117215548  -686.0 -76.5 -261.5
20211117215549  -686.6 -76.5 -261.8
20211117215550  -687.1 -76.6 -261.9
20211117215551  -687.1 -76.5 -261.8
20211117215552  -687.1 -76.9 -261.9
20211117215553  -687.5 -76.8 -261.8
20211117215554  -687.5 -76.9 -261.8
20211117215555  -687.7 -77.2 -262.1
20211117215556  -687.8 -77.3 -262.0
20211117215557  -687.8 -77.1 -262.1
20211117215558  -688.2 -77.4 -262.1
20211117215559  -688.3 -77.3 -262.1
20211117215600  -688.5 -77.5 -262.4
20211117215601  -688.9 -77.7 -262.2
20211117215602  -689.0 -77.9 -262.3
20211117215603  -689.2 -77.9 -262.5
20211117215604  -689.1 -78.0 -262.5
20211117215605  -689.4 -78.1 -262.5
20211117215606  -689.7 -78.2 -262.5
20211117215607  -689.4 -78.3 -262.5
20211117215608  -689.5 -78.5 -262.6
20211117215609  -689.5 -78.2 -262.5
20211117215610  -689.6 -78.1 -262.5
20211117215611  -689.7 -78.5 -262.3
20211117215612  -689.6 -78.5 -262.2
20211117215613  -689.5 -78.3 -262.2
20211117215614  -689.3 -78.3 -262.1
20211117215615  -689.2 -78.0 -262.0
20211117215616  -688.8 -78.0 -261.8
20211117215617  -688.7 -78.3 -261.5
20211117215618  -688.6 -78.5 -261.3
20211117215619  -688.1 -77.8 -260.9
20211117215620  -688.0 -77.8 -261.3
20211117215621  -687.7 -77.9 -261.3
20211117215622  -687.9 -77.9 -260.9
20211117215623  -687.4 -77.9 -260.8
20211117215624  -687.3 -77.8 -261.2
20211117215625  -687.3 -77.9 -261.3
20211117215626  -687.3 -77.5 -261.6
20211117215627  -687.3 -77.5 -261.7
20211117215628  -687.5 -77.7 -261.9
20211117215629  -687.5 -77.2 -261.5
20211117215630  -687.2 -77.0 -261.4
20211117215631  -687.3 -77.2 -261.5
20211117215632  -687.7 -77.2 -261.7
20211117215633  -688.1 -77.1 -261.7
20211117215634  -688.0 -76.7 -261.7
20211117215635  -688.0 -76.5 -261.6
20211117215636  -688.0 -76.7 -261.7
20211117215637  -688.2 -76.6 -261.7
20211117215638  -688.4 -76.6 -261.8
20211117215639  -688.5 -76.5 -261.9
20211117215640  -688.3 -76.4 -261.9
20211117215641  -688.3 -76.6 -262.1
20211117215642  -688.4 -76.5 -262.2
20211117215643  -688.5 -76.6 -262.1
20211117215644  -688.4 -76.4 -262.1
20211117215645  -688.5 -76.6 -262.1
20211117215646  -688.6 -76.3 -262.0
20211117215647  -688.7 -76.6 -262.0
20211117215648  -689.0 -76.7 -261.9
20211117215649  -688.2 -76.7 -261.5
20211117215650  -688.8 -76.7 -261.8
20211117215651  -689.2 -76.9 -262.2
20211117215652  -689.1 -76.7 -262.0
20211117215653  -689.5 -76.6 -262.0
20211117215654  -689.7 -76.8 -262.6
20211117215655  -689.8 -76.9 -262.3
20211117215656  -690.1 -77.1 -262.5
20211117215657  -690.2 -76.9 -262.6
20211117215658  -690.5 -76.9 -262.6
20211117215659  -690.5 -77.3 -262.4
20211117215700  -690.8 -77.0 -262.3
20211117215701  -691.3 -76.9 -262.5
20211117215702  -691.2 -77.0 -262.6
20211117215703  -691.6 -77.0 -262.3
20211117215704  -692.0 -77.4 -262.7
20211117215705  -692.0 -77.5 -262.7
20211117215706  -692.1 -77.6 -262.7
20211117215707  -692.5 -77.7 -262.8
20211117215708  -692.8 -77.8 -262.9
20211117215709  -693.0 -78.0 -262.9
20211117215710  -693.3 -78.0 -262.9
20211117215711  -693.5 -78.1 -263.1
20211117215712  -693.7 -78.0 -262.9
20211117215713  -693.8 -78.3 -263.1
20211117215714  -694.0 -78.4 -263.2
20211117215715  -694.4 -78.4 -263.2
20211117215716  -694.3 -78.9 -263.2
20211117215717  -694.6 -78.8 -263.1
20211117215718  -694.6 -79.0 -263.2
20211117215719  -694.7 -79.4 -263.1
20211117215720  -695.0 -79.1 -263.1
20211117215721  -695.3 -78.9 -262.9
20211117215722  -695.3 -78.7 -263.4
20211117215723  -695.7 -79.1 -263.4
20211117215724  -696.0 -79.2 -263.8
20211117215725  -696.5 -79.5 -263.8
20211117215726  -696.4 -79.4 -263.6
20211117215727  -696.7 -79.6 -263.6
20211117215728  -696.9 -79.4 -263.8
20211117215729  -696.8 -79.5 -264.1
20211117215730  -697.2 -79.8 -263.8
20211117215731  -697.2 -79.7 -263.9
20211117215732  -697.4 -79.7 -264.1
20211117215733  -697.7 -79.7 -264.3
20211117215734  -698.0 -79.7 -264.3
20211117215735  -698.1 -79.8 -263.9
20211117215736  -698.1 -79.8 -263.8
20211117215737  -698.0 -79.4 -263.7
20211117215738  -698.1 -79.2 -263.5
20211117215739  -698.4 -79.3 -263.5
20211117215740  -698.3 -79.6 -263.9
20211117215741  -698.4 -79.6 -264.0
20211117215742  -698.3 -79.5 -263.8
20211117215743  -698.5 -79.3 -263.9
20211117215744  -698.4 -79.2 -263.7
20211117215745  -698.7 -79.2 -264.0
20211117215746  -698.8 -79.5 -264.0
20211117215747  -698.9 -79.6 -263.9
20211117215748  -699.2 -79.6 -264.3
20211117215749  -699.1 -79.5 -264.3
20211117215750  -699.1 -79.7 -264.2
20211117215751  -699.3 -79.5 -264.2
20211117215752  -699.5 -79.6 -264.3
20211117215753  -699.1 -79.4 -264.4
20211117215754  -699.5 -79.4 -264.3
20211117215755  -699.4 -79.3 -264.3
20211117215756  -699.4 -79.5 -264.2
20211117215757  -699.7 -79.4 -264.1
20211117215758  -699.4 -79.0 -264.0
20211117215759  -699.5 -79.2 -264.2
20211117215800  -699.5 -79.6 -264.2
20211117215801  -699.8 -79.5 -264.4
20211117215802  -699.8 -79.5 -264.4
20211117215803  -699.4 -79.4 -264.4
20211117215804  -699.2 -79.4 -264.2
20211117215805  -699.5 -79.3 -264.4
20211117215806  -699.5 -79.5 -264.3
20211117215807  -699.4 -79.2 -264.4
20211117215808  -699.5 -79.3 -264.2
20211117215809  -699.2 -79.0 -264.3
20211117215810  -699.3 -79.0 -264.3
20211117215811  -699.6 -79.0 -264.2
20211117215812  -699.5 -79.0 -263.9
