20211110220630  -660.8 -80.6 -183.8
20211110220631  -660.8 -80.2 -183.9
20211110220632  -660.6 -80.3 -184.1
20211110220633  -660.4 -80.2 -184.2
20211110220634  -660.6 -80.1 -184.3
20211110220635  -659.9 -80.1 -183.7
20211110220636  -660.3 -80.0 -183.8
20211110220637  -660.6 -80.3 -184.4
20211110220638  -660.8 -80.1 -184.2
20211110220639  -660.7 -80.2 -183.9
20211110220640  -660.8 -80.3 -183.9
20211110220641  -660.9 -80.2 -184.1
20211110220642  -660.9 -80.0 -183.9
20211110220643  -661.0 -80.3 -184.1
20211110220644  -660.8 -80.3 -184.1
20211110220645  -660.9 -80.2 -184.0
20211110220646  -661.0 -80.0 -184.0
20211110220647  -661.1 -80.4 -184.3
20211110220648  -660.9 -80.5 -184.3
20211110220649  -661.3 -80.6 -184.2
20211110220650  -661.2 -80.4 -184.2
20211110220651  -661.1 -80.3 -184.0
20211110220652  -661.2 -80.2 -183.9
20211110220653  -661.3 -80.3 -184.4
20211110220654  -661.6 -80.3 -184.3
20211110220655  -661.0 -80.2 -184.6
20211110220656  -661.1 -79.9 -184.4
20211110220657  -661.2 -80.0 -184.2
20211110220658  -661.4 -80.2 -184.2
20211110220659  -661.5 -80.3 -184.3
20211110220700  -661.3 -80.5 -184.9
20211110220701  -660.4 -80.5 -183.9
20211110220702  -660.2 -80.0 -183.6
20211110220703  -661.1 -79.9 -184.3
20211110220704  -661.2 -80.1 -184.1
20211110220705  -661.4 -80.0 -184.4
20211110220706  -661.3 -80.1 -184.5
20211110220707  -661.4 -80.1 -184.8
20211110220708  -661.4 -79.9 -184.4
20211110220709  -661.4 -79.9 -184.4
20211110220710  -661.6 -79.8 -184.5
20211110220711  -661.4 -79.9 -184.5
20211110220712  -661.5 -80.2 -184.8
20211110220713  -661.7 -80.0 -184.8
20211110220714  -661.7 -80.0 -185.2
20211110220715  -661.7 -80.2 -184.9
20211110220716  -661.5 -80.3 -184.9
20211110220717  -661.5 -80.2 -184.8
20211110220718  -661.8 -80.3 -184.8
20211110220719  -661.8 -80.4 -185.0
20211110220720  -662.1 -80.3 -184.8
20211110220721  -662.0 -80.3 -184.8
20211110220722  -661.9 -80.2 -185.0
20211110220723  -662.0 -80.0 -184.8
20211110220724  -661.9 -80.2 -185.0
20211110220725  -661.8 -80.2 -185.1
20211110220726  -661.8 -80.3 -185.0
20211110220727  -661.3 -80.5 -184.7
20211110220728  -661.2 -80.3 -184.4
20211110220729  -661.9 -80.3 -184.8
20211110220730  -661.9 -80.3 -184.8
20211110220731  -661.9 -80.2 -184.8
20211110220732  -662.0 -80.4 -185.0
20211110220733  -662.0 -80.4 -185.0
20211110220734  -661.8 -80.3 -185.1
20211110220735  -662.2 -80.3 -185.1
20211110220736  -662.2 -80.4 -185.1
20211110220737  -662.5 -80.6 -185.1
20211110220738  -662.6 -80.5 -185.2
20211110220739  -662.5 -80.5 -185.5
20211110220740  -662.2 -80.4 -185.5
20211110220741  -662.5 -80.4 -185.6
20211110220742  -662.3 -80.3 -185.7
20211110220743  -662.5 -80.4 -185.6
20211110220744  -662.5 -80.3 -185.5
20211110220745  -662.3 -80.5 -185.7
20211110220746  -662.3 -80.5 -185.6
20211110220747  -662.3 -80.6 -185.5
20211110220748  -662.4 -80.8 -185.6
20211110220749  -662.4 -80.5 -185.7
20211110220750  -662.6 -80.2 -185.9
20211110220751  -662.3 -80.3 -185.6
20211110220752  -662.6 -80.5 -185.7
20211110220753  -661.9 -80.1 -185.1
20211110220754  -661.9 -80.1 -184.9
20211110220755  -662.6 -80.2 -185.0
20211110220756  -662.6 -80.3 -185.2
20211110220757  -662.5 -80.3 -185.3
20211110220758  -663.0 -80.3 -185.5
20211110220759  -662.9 -80.4 -185.6
20211110220800  -663.0 -80.5 -185.7
20211110220801  -662.7 -80.5 -185.6
20211110220802  -662.9 -80.6 -185.5
20211110220803  -663.1 -80.6 -185.5
20211110220804  -663.1 -80.7 -185.5
20211110220805  -662.9 -80.8 -186.1
20211110220806  -662.8 -80.7 -185.8
20211110220807  -662.9 -80.5 -185.6
20211110220808  -663.2 -80.6 -186.0
20211110220809  -663.1 -80.6 -185.8
20211110220810  -662.9 -80.9 -185.7
20211110220811  -663.0 -80.9 -186.0
20211110220812  -663.0 -80.8 -185.9
20211110220813  -662.9 -80.9 -185.8
20211110220814  -662.8 -80.8 -185.6
20211110220815  -663.0 -80.9 -185.7
20211110220816  -662.9 -81.0 -185.5
20211110220817  -663.0 -80.8 -185.7
20211110220818  -662.9 -80.7 -185.9
20211110220819  -662.5 -80.9 -185.4
20211110220820  -662.8 -80.4 -185.3
20211110220821  -663.3 -80.6 -185.6
20211110220822  -662.8 -80.4 -186.0
20211110220823  -663.0 -80.7 -186.1
20211110220824  -663.5 -81.1 -186.1
20211110220825  -663.3 -80.9 -186.1
20211110220826  -663.1 -80.8 -185.8
20211110220827  -663.4 -80.7 -186.2
20211110220828  -663.1 -80.7 -186.3
20211110220829  -663.5 -80.6 -186.3
20211110220830  -663.4 -80.3 -186.3
20211110220831  -663.5 -80.7 -186.2
20211110220832  -663.6 -80.9 -186.3
20211110220833  -663.3 -80.8 -186.3
20211110220834  -663.4 -81.0 -186.3
20211110220835  -663.5 -80.8 -186.4
20211110220836  -663.6 -80.8 -186.5
20211110220837  -663.7 -80.8 -186.2
20211110220838  -663.4 -81.1 -186.4
20211110220839  -663.7 -80.9 -186.6
20211110220840  -663.8 -80.9 -186.4
20211110220841  -663.6 -80.5 -186.4
20211110220842  -663.8 -80.8 -186.4
20211110220843  -663.4 -80.9 -186.4
20211110220844  -663.9 -81.1 -186.6
20211110220845  -663.3 -81.0 -186.2
20211110220846  -662.9 -80.7 -186.0
20211110220847  -663.8 -80.7 -186.5
20211110220848  -663.5 -80.9 -186.2
20211110220849  -663.6 -81.0 -186.4
20211110220850  -663.7 -81.0 -186.6
20211110220851  -663.5 -81.0 -186.5
20211110220852  -663.5 -81.1 -186.9
20211110220853  -663.8 -80.9 -187.0
20211110220854  -664.0 -81.0 -186.9
20211110220855  -664.2 -80.9 -186.9
20211110220856  -664.1 -81.1 -187.0
20211110220857  -664.0 -81.0 -187.0
20211110220858  -664.0 -81.1 -187.0
20211110220859  -664.2 -81.2 -186.8
20211110220900  -664.1 -81.1 -186.9
20211110220901  -664.0 -81.2 -186.9
20211110220902  -664.3 -81.2 -186.8
20211110220903  -664.5 -81.0 -186.7
20211110220904  -664.4 -81.2 -187.0
20211110220905  -664.2 -81.2 -186.8
20211110220906  -664.3 -80.9 -186.8
20211110220907  -664.3 -80.8 -186.7
20211110220908  -664.1 -81.0 -187.3
20211110220909  -664.3 -81.3 -187.1
20211110220910  -664.0 -81.1 -187.0
20211110220911  -663.1 -81.2 -186.5
20211110220912  -663.4 -80.9 -186.6
20211110220913  -664.0 -81.1 -187.0
20211110220914  -664.0 -81.1 -187.2
20211110220915  -664.0 -80.9 -187.1
20211110220916  -664.2 -80.9 -186.8
20211110220917  -664.3 -81.0 -187.0
20211110220918  -664.2 -80.8 -186.9
20211110220919  -664.1 -80.8 -186.8
20211110220920  -664.2 -81.0 -186.8
20211110220921  -664.6 -81.3 -186.6
20211110220922  -664.6 -81.0 -186.8
20211110220923  -664.2 -81.2 -187.0
20211110220924  -664.2 -80.9 -186.8
20211110220925  -664.4 -81.2 -186.6
20211110220926  -664.5 -81.0 -186.9
20211110220927  -664.3 -81.2 -187.0
20211110220928  -664.4 -81.3 -187.1
20211110220929  -664.4 -81.1 -187.0
20211110220930  -664.6 -80.9 -187.3
20211110220931  -664.5 -80.8 -187.2
20211110220932  -664.3 -80.9 -187.0
20211110220933  -664.5 -81.0 -187.1
20211110220934  -664.6 -80.9 -187.0
20211110220935  -664.5 -81.1 -187.1
20211110220936  -664.3 -81.0 -186.9
20211110220937  -663.7 -80.9 -186.3
20211110220938  -663.9 -80.4 -186.5
20211110220939  -664.5 -80.7 -186.7
20211110220940  -664.2 -81.0 -186.9
20211110220941  -664.4 -80.8 -187.0
20211110220942  -664.4 -81.0 -187.0
20211110220943  -664.6 -80.9 -186.9
20211110220944  -664.5 -81.0 -187.0
20211110220945  -664.4 -81.0 -186.9
20211110220946  -664.6 -81.1 -186.7
20211110220947  -664.8 -81.3 -186.7
20211110220948  -664.8 -81.2 -187.1
20211110220949  -664.9 -80.8 -187.1
20211110220950  -664.9 -80.9 -187.1
20211110220951  -664.8 -81.0 -187.2
20211110220952  -665.5 -81.2 -187.3
20211110220953  -665.3 -81.0 -187.2
20211110220954  -665.1 -81.2 -187.3
20211110220955  -665.2 -81.3 -187.4
20211110220956  -665.3 -81.3 -187.4
20211110220957  -665.5 -81.2 -187.4
20211110220958  -665.5 -81.3 -187.4
20211110220959  -665.5 -81.3 -187.5
20211110221000  -665.7 -81.2 -187.5
20211110221001  -665.9 -81.1 -187.4
20211110221002  -666.0 -81.3 -187.5
20211110221003  -665.1 -81.5 -186.9
20211110221004  -665.0 -80.9 -186.7
20211110221005  -666.0 -81.2 -187.6
20211110221006  -665.8 -81.4 -187.5
20211110221007  -665.8 -81.6 -187.5
20211110221008  -665.9 -81.4 -187.7
20211110221009  -665.8 -81.2 -187.6
20211110221010  -666.0 -81.2 -187.4
20211110221011  -666.1 -81.4 -187.5
20211110221012  -666.2 -81.5 -187.6
20211110221013  -666.3 -81.7 -187.4
20211110221014  -666.3 -81.4 -187.5
20211110221015  -666.3 -81.5 -187.4
20211110221016  -666.2 -81.3 -187.5
20211110221017  -666.3 -81.2 -187.7
20211110221018  -666.0 -81.3 -187.5
20211110221019  -666.1 -81.3 -187.7
20211110221020  -665.7 -81.1 -187.5
20211110221021  -665.8 -81.2 -187.6
20211110221022  -666.0 -81.3 -187.9
20211110221023  -665.9 -81.2 -187.8
20211110221024  -666.0 -81.4 -187.8
20211110221025  -666.0 -81.3 -187.8
20211110221026  -666.3 -81.6 -187.8
20211110221027  -666.5 -81.3 -188.0
20211110221028  -666.3 -81.5 -187.9
20211110221029  -666.1 -81.4 -187.7
20211110221030  -665.1 -81.4 -187.2
20211110221031  -665.7 -81.3 -187.5
20211110221032  -665.9 -81.3 -187.8
20211110221033  -666.3 -81.1 -187.4
20211110221034  -666.0 -81.4 -187.5
20211110221035  -666.1 -81.2 -187.8
20211110221036  -666.0 -81.6 -187.9
20211110221037  -666.3 -81.7 -187.6
20211110221038  -666.2 -81.6 -187.5
20211110221039  -666.3 -81.5 -187.7
20211110221040  -666.0 -81.4 -187.7
20211110221041  -666.4 -81.5 -187.7
20211110221042  -666.4 -81.5 -187.7
20211110221043  -666.5 -81.5 -187.8
20211110221044  -666.3 -81.8 -188.2
20211110221045  -666.4 -81.6 -188.0
20211110221046  -666.3 -81.7 -188.0
20211110221047  -666.4 -81.4 -187.6
20211110221048  -666.4 -81.3 -187.9
20211110221049  -666.3 -81.3 -187.7
20211110221050  -666.2 -81.4 -187.8
20211110221051  -666.3 -81.5 -187.7
20211110221052  -666.3 -81.4 -187.5
20211110221053  -666.1 -81.5 -187.7
20211110221054  -666.3 -81.4 -188.0
20211110221055  -666.3 -81.8 -188.0
20211110221056  -666.0 -81.7 -187.7
20211110221057  -665.6 -81.5 -187.0
20211110221058  -665.5 -81.2 -186.7
20211110221059  -665.2 -81.1 -186.5
20211110221100  -665.5 -80.9 -186.6
20211110221101  -666.2 -81.1 -187.5
20211110221102  -666.2 -81.0 -187.2
20211110221103  -666.1 -81.1 -187.5
20211110221104  -666.0 -81.2 -187.1
20211110221105  -666.1 -81.1 -187.2
20211110221106  -666.1 -81.1 -187.1
20211110221107  -666.1 -81.4 -187.1
20211110221108  -666.2 -81.5 -186.6
20211110221109  -666.1 -81.4 -187.0
20211110221110  -666.1 -81.3 -187.2
20211110221111  -666.3 -81.4 -187.3
20211110221112  -666.7 -81.4 -187.4
20211110221113  -666.4 -81.6 -187.1
20211110221114  -666.4 -81.4 -187.2
20211110221115  -666.6 -81.3 -187.6
20211110221116  -666.6 -81.3 -187.6
20211110221117  -666.6 -81.1 -187.3
20211110221118  -666.6 -81.2 -187.6
20211110221119  -666.7 -81.4 -187.6
20211110221120  -666.3 -81.5 -187.5
20211110221121  -666.5 -81.5 -187.4
20211110221122  -666.5 -81.1 -187.6
20211110221123  -666.6 -81.1 -187.4
20211110221124  -666.6 -81.4 -187.3
20211110221125  -666.3 -81.3 -187.3
20211110221126  -666.3 -81.4 -187.3
20211110221127  -665.8 -80.9 -186.8
20211110221128  -665.8 -80.9 -186.6
20211110221129  -665.6 -80.9 -186.6
20211110221130  -666.2 -81.0 -186.6
20211110221131  -666.5 -80.8 -186.9
20211110221132  -666.4 -80.8 -186.7
20211110221133  -666.5 -81.1 -187.1
20211110221134  -666.4 -81.1 -187.0
20211110221135  -666.2 -81.3 -187.0
20211110221136  -666.6 -81.1 -186.9
20211110221137  -666.6 -81.0 -187.2
20211110221138  -666.4 -81.2 -187.2
20211110221139  -666.4 -81.4 -187.0
20211110221140  -666.2 -81.3 -187.1
20211110221141  -666.6 -81.0 -187.2
20211110221142  -666.6 -81.0 -187.2
20211110221143  -666.3 -81.1 -187.1
20211110221144  -666.7 -81.2 -187.0
20211110221145  -666.5 -81.1 -187.0
20211110221146  -666.6 -81.1 -187.3
20211110221147  -666.7 -81.0 -187.1
20211110221148  -666.6 -81.1 -187.4
20211110221149  -666.9 -81.1 -187.4
20211110221150  -666.7 -81.2 -187.3
20211110221151  -666.6 -80.8 -187.2
20211110221152  -666.7 -80.7 -187.4
20211110221153  -666.8 -81.0 -187.3
20211110221154  -666.9 -80.8 -187.2
20211110221155  -666.7 -81.0 -187.3
20211110221156  -666.1 -80.9 -187.2
20211110221157  -666.0 -80.7 -186.7
20211110221158  -665.8 -80.3 -186.7
20211110221159  -665.5 -80.5 -186.4
20211110221200  -666.0 -80.6 -186.5
20211110221201  -666.4 -80.8 -186.8
20211110221202  -666.6 -80.6 -186.7
20211110221203  -666.6 -80.6 -186.6
20211110221204  -666.9 -80.5 -186.8
20211110221205  -666.8 -80.6 -186.7
20211110221206  -666.7 -80.7 -186.7
20211110221207  -666.8 -80.5 -186.8
20211110221208  -667.0 -80.7 -186.9
20211110221209  -667.0 -81.0 -186.9
20211110221210  -667.0 -81.1 -186.8
20211110221211  -667.2 -80.9 -186.8
20211110221212  -667.2 -80.9 -187.0
20211110221213  -667.0 -80.8 -187.1
20211110221214  -666.6 -80.6 -187.1
20211110221215  -666.5 -80.8 -187.2
20211110221216  -666.8 -80.7 -187.0
20211110221217  -666.8 -80.6 -186.8
20211110221218  -666.6 -80.7 -187.1
20211110221219  -666.9 -80.6 -187.2
20211110221220  -667.2 -80.5 -187.1
20211110221221  -667.1 -80.4 -187.1
20211110221222  -667.1 -80.5 -187.0
20211110221223  -667.1 -80.6 -186.9
20211110221224  -666.9 -80.5 -187.2
20211110221225  -666.9 -80.6 -187.1
20211110221226  -666.8 -80.5 -186.8
20211110221227  -665.9 -80.6 -186.3
20211110221228  -666.1 -80.2 -186.3
20211110221229  -665.8 -80.1 -186.1
20211110221230  -666.4 -80.5 -186.6
20211110221231  -666.6 -80.4 -186.7
20211110221232  -666.6 -80.1 -186.6
20211110221233  -666.4 -80.4 -186.8
20211110221234  -666.6 -80.5 -186.6
20211110221235  -667.0 -80.3 -186.4
20211110221236  -666.9 -80.3 -186.7
20211110221237  -666.7 -80.1 -186.8
20211110221238  -666.8 -80.6 -186.7
20211110221239  -666.7 -80.3 -186.8
20211110221240  -666.8 -80.4 -186.4
20211110221241  -666.7 -80.7 -186.6
20211110221242  -666.6 -80.4 -186.5
20211110221243  -666.5 -80.6 -186.4
20211110221244  -666.6 -80.7 -186.5
20211110221245  -666.5 -80.8 -186.5
20211110221246  -666.6 -80.7 -186.6
20211110221247  -666.8 -80.6 -186.6
20211110221248  -666.8 -80.5 -186.7
20211110221249  -666.6 -80.6 -186.5
20211110221250  -666.5 -80.6 -186.6
20211110221251  -666.7 -80.6 -186.4
20211110221252  -666.8 -80.7 -186.8
20211110221253  -666.3 -80.5 -186.6
20211110221254  -666.6 -80.3 -187.0
20211110221255  -666.9 -80.4 -187.0
20211110221256  -667.0 -80.6 -187.1
20211110221257  -666.1 -80.6 -186.6
20211110221258  -666.0 -80.7 -186.2
20211110221259  -666.1 -80.6 -186.2
20211110221300  -666.8 -80.7 -186.9
20211110221301  -667.2 -80.5 -186.8
20211110221302  -667.1 -80.7 -186.7
20211110221303  -666.7 -80.6 -186.6
20211110221304  -666.6 -80.6 -186.6
20211110221305  -667.1 -80.6 -186.5
20211110221306  -666.9 -80.7 -186.7
20211110221307  -667.2 -80.5 -187.0
20211110221308  -666.8 -80.3 -187.0
20211110221309  -667.1 -80.7 -186.6
20211110221310  -666.9 -80.4 -186.6
20211110221311  -666.9 -80.5 -187.0
20211110221312  -666.9 -80.3 -187.3
20211110221313  -666.9 -80.6 -187.1
20211110221314  -666.7 -80.5 -187.0
20211110221315  -666.7 -80.3 -186.8
20211110221316  -666.7 -80.6 -187.0
20211110221317  -666.8 -80.4 -187.0
20211110221318  -666.9 -80.6 -186.9
20211110221319  -667.0 -80.5 -187.1
20211110221320  -667.0 -80.5 -187.2
20211110221321  -666.9 -80.6 -186.8
20211110221322  -667.3 -80.5 -187.0
20211110221323  -666.9 -80.8 -186.9
20211110221324  -667.1 -80.8 -186.9
20211110221325  -667.1 -80.5 -187.0
20211110221326  -667.1 -80.6 -187.0
20211110221327  -666.1 -80.4 -186.4
20211110221328  -665.6 -80.0 -186.2
20211110221329  -666.1 -80.2 -186.5
20211110221330  -666.3 -80.3 -186.7
20211110221331  -666.5 -80.3 -186.2
20211110221332  -666.7 -80.2 -186.5
20211110221333  -666.7 -80.4 -186.9
20211110221334  -666.5 -80.0 -186.8
20211110221335  -666.9 -79.7 -186.7
20211110221336  -666.9 -80.1 -186.6
20211110221337  -667.0 -80.3 -186.9
20211110221338  -666.9 -80.6 -187.0
20211110221339  -666.9 -80.5 -186.7
20211110221340  -667.1 -80.6 -186.8
20211110221341  -667.0 -80.2 -187.0
20211110221342  -666.9 -80.3 -187.0
20211110221343  -667.2 -80.1 -187.1
20211110221344  -667.3 -80.3 -187.1
20211110221345  -667.2 -80.2 -187.0
20211110221346  -667.2 -80.5 -186.9
20211110221347  -667.6 -80.5 -187.0
20211110221348  -667.2 -80.7 -186.7
20211110221349  -667.2 -80.6 -186.9
20211110221350  -667.3 -80.6 -187.0
20211110221351  -667.4 -80.5 -186.8
20211110221352  -667.5 -80.5 -187.0
20211110221353  -667.3 -80.4 -187.1
20211110221354  -667.5 -80.2 -187.1
20211110221355  -667.4 -80.4 -187.1
20211110221356  -667.0 -80.2 -187.0
20211110221357  -667.0 -80.4 -186.9
20211110221358  -666.3 -80.1 -186.4
20211110221359  -667.0 -80.3 -187.0
20211110221400  -667.1 -80.6 -187.0
20211110221401  -667.2 -80.6 -186.8
20211110221402  -667.5 -80.5 -187.2
20211110221403  -667.7 -80.3 -186.8
20211110221404  -667.3 -80.5 -186.8
20211110221405  -667.3 -80.6 -186.7
20211110221406  -667.6 -80.7 -186.7
20211110221407  -667.4 -80.5 -186.9
20211110221408  -667.2 -80.4 -186.8
20211110221409  -667.2 -80.5 -186.8
20211110221410  -667.3 -80.6 -187.1
20211110221411  -667.1 -80.5 -187.0
20211110221412  -667.0 -80.4 -187.2
20211110221413  -667.3 -80.7 -187.1
20211110221414  -667.4 -80.4 -187.1
20211110221415  -667.4 -80.4 -187.0
20211110221416  -667.3 -80.7 -187.1
20211110221417  -667.5 -80.6 -187.0
20211110221418  -667.7 -80.6 -187.0
20211110221419  -667.3 -80.6 -187.2
20211110221420  -667.5 -80.6 -187.0
20211110221421  -667.7 -80.5 -186.9
20211110221422  -667.7 -80.9 -187.1
20211110221423  -667.9 -80.9 -187.3
20211110221424  -667.4 -80.6 -187.4
20211110221425  -667.8 -80.7 -187.2
20211110221426  -667.3 -80.6 -187.0
20211110221427  -667.4 -80.7 -187.3
20211110221428  -667.3 -80.6 -186.5
20211110221429  -667.5 -80.7 -186.7
20211110221430  -667.4 -80.6 -187.0
20211110221431  -667.7 -81.0 -187.4
20211110221432  -667.6 -80.9 -187.3
20211110221433  -667.6 -81.0 -187.4
20211110221434  -667.6 -80.9 -187.6
20211110221435  -667.6 -81.0 -187.2
20211110221436  -667.5 -80.7 -187.3
20211110221437  -667.6 -80.7 -187.1
20211110221438  -667.5 -80.7 -187.4
20211110221439  -668.0 -80.8 -187.6
20211110221440  -667.8 -80.9 -187.4
20211110221441  -667.8 -80.9 -187.4
20211110221442  -668.1 -81.2 -187.3
20211110221443  -668.3 -81.0 -187.7
20211110221444  -668.1 -81.0 -187.7
20211110221445  -668.0 -81.1 -187.7
20211110221446  -668.1 -80.9 -187.7
20211110221447  -668.0 -80.8 -187.7
20211110221448  -668.0 -80.7 -187.6
20211110221449  -668.2 -80.7 -187.6
20211110221450  -668.3 -80.9 -187.6
20211110221451  -667.9 -81.0 -187.3
20211110221452  -667.8 -80.9 -187.4
20211110221453  -667.9 -80.9 -187.5
20211110221454  -668.1 -80.8 -187.4
20211110221455  -668.0 -80.8 -187.5
20211110221456  -668.0 -80.9 -187.3
20211110221457  -668.2 -80.8 -187.4
20211110221458  -668.2 -81.1 -187.6
20211110221459  -668.5 -81.0 -187.8
20211110221500  -668.5 -81.0 -187.6
20211110221501  -668.4 -80.9 -187.6
20211110221502  -668.6 -81.4 -187.6
20211110221503  -668.6 -81.1 -187.8
20211110221504  -668.8 -81.1 -187.9
20211110221505  -668.7 -81.3 -188.0
20211110221506  -668.6 -81.2 -187.5
20211110221507  -668.9 -80.9 -187.3
20211110221508  -668.9 -80.9 -187.5
20211110221509  -668.6 -80.9 -187.6
20211110221510  -668.7 -81.2 -187.7
20211110221511  -668.8 -81.2 -187.8
20211110221512  -668.8 -81.1 -187.7
20211110221513  -668.8 -81.3 -187.7
20211110221514  -668.8 -81.0 -187.9
20211110221515  -668.8 -81.0 -187.8
20211110221516  -668.8 -81.0 -188.0
20211110221517  -669.1 -81.0 -187.7
20211110221518  -669.0 -80.7 -187.7
20211110221519  -668.8 -80.6 -187.8
20211110221520  -669.0 -80.9 -188.1
20211110221521  -668.8 -80.5 -188.1
20211110221522  -669.0 -80.7 -188.1
20211110221523  -668.8 -81.0 -187.8
20211110221524  -669.0 -81.0 -188.1
20211110221525  -668.8 -81.1 -187.9
20211110221526  -669.0 -81.1 -188.0
20211110221527  -669.2 -81.1 -187.9
20211110221528  -668.8 -81.1 -188.1
20211110221529  -668.7 -81.0 -188.1
20211110221530  -669.0 -81.1 -188.1
20211110221531  -668.7 -81.3 -188.0
20211110221532  -668.9 -81.3 -187.8
20211110221533  -669.0 -81.4 -187.9
20211110221534  -668.8 -81.2 -187.7
20211110221535  -669.0 -81.2 -187.6
20211110221536  -668.9 -81.3 -187.6
20211110221537  -668.8 -81.3 -187.9
20211110221538  -668.8 -81.1 -188.1
20211110221539  -668.8 -81.2 -187.8
20211110221540  -669.0 -80.9 -187.9
20211110221541  -669.0 -81.4 -187.9
20211110221542  -669.0 -81.6 -187.9
20211110221543  -668.8 -81.3 -187.7
20211110221544  -668.8 -81.4 -187.8
20211110221545  -669.0 -81.2 -188.0
20211110221546  -669.1 -81.2 -187.7
20211110221547  -668.9 -81.1 -187.8
20211110221548  -669.0 -81.3 -188.0
20211110221549  -669.2 -81.2 -188.0
20211110221550  -669.0 -81.5 -188.2
20211110221551  -669.2 -81.7 -188.0
20211110221552  -668.9 -81.8 -187.9
20211110221553  -668.7 -81.5 -187.8
20211110221554  -668.9 -81.6 -187.9
20211110221555  -669.3 -81.3 -187.6
20211110221556  -669.4 -81.4 -187.5
20211110221557  -669.3 -81.5 -187.6
20211110221558  -669.2 -81.7 -187.6
20211110221559  -669.1 -81.8 -187.8
20211110221600  -668.8 -81.7 -187.6
20211110221601  -669.3 -81.6 -187.6
20211110221602  -669.2 -81.8 -188.0
20211110221603  -669.0 -81.9 -188.2
20211110221604  -668.9 -81.8 -188.1
20211110221605  -669.2 -81.3 -188.2
20211110221606  -669.4 -81.4 -188.1
20211110221607  -669.2 -81.2 -188.0
20211110221608  -669.2 -81.5 -187.6
20211110221609  -669.3 -81.2 -187.8
20211110221610  -669.4 -81.1 -187.7
20211110221611  -669.1 -81.4 -187.8
20211110221612  -669.0 -81.7 -187.5
20211110221613  -669.3 -81.4 -187.6
20211110221614  -669.2 -81.4 -187.8
20211110221615  -669.2 -81.7 -187.8
