20211031225043  -738.5 -31.9 -291.4
20211031225044  -738.6 -32.0 -291.5
20211031225045  -739.2 -31.8 -291.3
20211031225046  -739.6 -32.0 -291.3
20211031225047  -739.6 -32.1 -291.4
20211031225048  -739.8 -32.0 -291.4
20211031225049  -740.0 -32.0 -291.2
20211031225050  -740.0 -32.0 -291.0
20211031225051  -740.1 -32.0 -290.8
20211031225052  -740.4 -31.9 -291.0
20211031225053  -740.4 -32.1 -291.0
20211031225054  -740.6 -32.1 -290.6
20211031225055  -740.6 -31.9 -290.8
20211031225056  -740.8 -32.1 -291.0
20211031225057  -740.9 -31.7 -290.6
20211031225058  -741.1 -31.7 -290.8
20211031225059  -741.5 -31.8 -290.8
20211031225100  -741.6 -31.8 -291.1
20211031225101  -741.5 -31.7 -290.7
20211031225102  -741.7 -31.5 -290.7
20211031225103  -742.3 -31.7 -290.8
20211031225104  -742.2 -31.7 -290.6
20211031225105  -742.5 -32.1 -291.0
20211031225106  -742.4 -31.6 -291.1
20211031225107  -742.6 -31.8 -290.8
20211031225108  -742.7 -31.6 -290.6
20211031225109  -743.2 -31.8 -290.5
20211031225110  -743.3 -31.6 -290.4
20211031225111  -743.5 -31.7 -290.5
20211031225112  -743.6 -31.6 -290.6
20211031225113  -744.0 -31.5 -290.6
20211031225114  -744.5 -31.9 -290.6
20211031225115  -744.5 -32.1 -290.6
20211031225116  -744.6 -31.5 -290.6
20211031225117  -744.8 -31.8 -290.8
20211031225118  -744.8 -32.1 -290.5
20211031225119  -744.8 -32.0 -290.2
20211031225120  -745.0 -31.7 -290.0
20211031225121  -744.8 -31.9 -290.1
20211031225122  -745.0 -31.9 -289.7
20211031225123  -745.4 -31.9 -289.8
20211031225124  -745.6 -31.9 -290.1
20211031225125  -745.8 -32.1 -290.0
20211031225126  -746.0 -32.3 -290.4
20211031225127  -746.1 -32.3 -290.5
20211031225128  -746.5 -32.5 -290.0
20211031225129  -746.4 -32.4 -290.2
20211031225130  -746.7 -32.7 -290.1
20211031225131  -746.9 -32.7 -290.0
20211031225132  -746.9 -32.4 -289.7
20211031225133  -746.9 -32.1 -289.8
20211031225134  -746.8 -32.2 -289.7
20211031225135  -746.8 -32.4 -289.6
20211031225136  -746.7 -32.3 -289.4
20211031225137  -746.7 -32.3 -289.4
20211031225138  -746.4 -32.4 -289.3
20211031225139  -746.5 -32.2 -289.5
20211031225140  -746.6 -32.7 -289.5
20211031225141  -746.7 -33.1 -289.7
20211031225142  -746.4 -33.2 -289.5
20211031225143  -746.8 -33.5 -289.7
20211031225144  -747.1 -33.8 -289.7
20211031225145  -746.9 -33.9 -289.7
20211031225146  -746.8 -33.6 -289.6
20211031225147  -746.8 -33.8 -289.4
20211031225148  -746.9 -33.9 -289.8
20211031225149  -747.0 -33.8 -289.6
20211031225150  -747.0 -33.9 -289.7
20211031225151  -747.1 -33.9 -289.5
20211031225152  -747.3 -33.8 -289.6
20211031225153  -747.6 -33.9 -289.7
20211031225154  -747.6 -33.9 -289.8
20211031225155  -747.9 -33.9 -290.1
20211031225156  -747.8 -34.1 -289.8
20211031225157  -748.0 -34.3 -289.9
20211031225158  -747.8 -34.2 -289.8
20211031225159  -748.1 -34.2 -289.8
20211031225200  -748.0 -34.5 -290.0
20211031225201  -748.4 -34.7 -289.9
20211031225202  -748.7 -34.6 -290.4
20211031225203  -748.8 -34.8 -290.2
20211031225204  -749.2 -34.9 -290.0
20211031225205  -749.5 -34.7 -289.9
20211031225206  -749.5 -34.7 -289.8
20211031225207  -749.7 -34.6 -289.9
20211031225208  -750.3 -34.7 -290.0
20211031225209  -750.4 -34.3 -290.1
20211031225210  -750.4 -34.0 -289.8
20211031225211  -751.0 -34.1 -290.4
20211031225212  -751.1 -34.2 -290.4
20211031225213  -751.8 -34.2 -290.5
20211031225214  -752.1 -34.5 -290.4
20211031225215  -752.4 -34.5 -290.1
20211031225216  -752.6 -34.7 -290.0
20211031225217  -752.8 -34.5 -289.9
20211031225218  -753.1 -34.8 -289.9
20211031225219  -753.3 -35.2 -290.0
20211031225220  -753.6 -35.0 -289.9
20211031225221  -753.7 -35.0 -289.7
20211031225222  -754.1 -35.6 -289.7
20211031225223  -754.1 -35.8 -289.8
20211031225224  -754.2 -35.5 -289.8
20211031225225  -755.0 -35.6 -289.7
20211031225226  -755.2 -35.3 -289.6
20211031225227  -755.3 -35.3 -289.8
20211031225228  -755.4 -35.5 -289.5
20211031225229  -755.9 -35.4 -289.6
20211031225230  -756.1 -35.4 -289.4
20211031225231  -756.1 -35.1 -289.4
20211031225232  -756.0 -35.2 -289.0
20211031225233  -756.6 -35.1 -289.2
20211031225234  -756.6 -34.9 -289.0
20211031225235  -756.6 -34.7 -289.2
20211031225236  -756.7 -34.8 -289.5
20211031225237  -756.6 -35.0 -289.5
20211031225238  -756.6 -35.1 -289.6
20211031225239  -756.6 -34.9 -289.5
20211031225240  -756.9 -35.3 -289.5
20211031225241  -756.9 -35.2 -289.6
20211031225242  -757.1 -35.7 -289.5
20211031225243  -757.1 -35.7 -289.4
20211031225244  -757.1 -35.9 -289.2
20211031225245  -756.9 -35.7 -289.0
20211031225246  -757.3 -35.9 -289.1
20211031225247  -757.9 -35.9 -289.1
20211031225248  -757.8 -35.6 -289.2
20211031225249  -757.9 -35.7 -289.2
20211031225250  -758.3 -35.7 -289.5
20211031225251  -758.4 -36.0 -289.2
20211031225252  -758.7 -35.7 -289.7
20211031225253  -758.7 -35.8 -289.3
20211031225254  -758.6 -35.5 -289.4
20211031225255  -758.8 -35.4 -289.2
20211031225256  -758.7 -35.4 -289.4
20211031225257  -758.9 -35.1 -288.9
20211031225258  -758.9 -35.1 -288.7
20211031225259  -759.0 -35.3 -288.6
20211031225300  -759.3 -35.2 -288.6
20211031225301  -759.0 -35.0 -288.6
20211031225302  -759.6 -34.8 -288.7
20211031225303  -759.4 -35.1 -288.7
20211031225304  -759.2 -34.7 -288.4
20211031225305  -759.5 -34.8 -288.6
20211031225306  -759.8 -34.6 -288.8
20211031225307  -760.0 -34.5 -288.8
20211031225308  -760.3 -34.8 -288.8
20211031225309  -760.4 -34.7 -289.2
20211031225310  -760.9 -34.3 -289.2
20211031225311  -760.6 -34.6 -289.2
20211031225312  -760.9 -34.5 -288.9
20211031225313  -760.9 -34.3 -289.0
20211031225314  -761.3 -34.2 -289.4
20211031225315  -761.5 -34.2 -289.0
20211031225316  -761.8 -34.4 -288.9
20211031225317  -761.9 -34.2 -288.9
20211031225318  -762.1 -34.4 -288.9
20211031225319  -762.1 -34.3 -288.6
20211031225320  -762.4 -34.3 -288.6
20211031225321  -762.9 -34.4 -288.8
20211031225322  -762.8 -34.5 -288.7
20211031225323  -763.0 -34.4 -288.7
20211031225324  -763.0 -34.4 -288.5
20211031225325  -762.8 -34.4 -288.3
20211031225326  -762.8 -34.8 -288.1
20211031225327  -762.6 -34.8 -287.9
20211031225328  -762.6 -34.5 -287.8
20211031225329  -762.4 -34.6 -288.0
20211031225330  -762.2 -34.7 -287.9
20211031225331  -762.0 -34.5 -287.6
20211031225332  -761.7 -34.3 -287.6
20211031225333  -761.5 -34.3 -287.6
20211031225334  -761.2 -34.2 -287.4
20211031225335  -761.1 -34.3 -287.2
20211031225336  -760.9 -34.1 -287.3
20211031225337  -760.7 -34.1 -287.5
20211031225338  -760.8 -34.0 -287.9
20211031225339  -760.5 -33.9 -287.7
20211031225340  -760.7 -34.1 -287.6
20211031225341  -760.4 -33.9 -288.2
20211031225342  -760.4 -34.0 -287.2
20211031225343  -760.4 -34.0 -287.6
20211031225344  -760.3 -34.1 -287.7
20211031225345  -760.1 -34.0 -287.8
20211031225346  -759.8 -34.1 -287.7
20211031225347  -759.7 -34.3 -287.8
20211031225348  -759.8 -34.2 -287.9
20211031225349  -759.5 -34.1 -287.9
20211031225350  -759.2 -34.1 -287.7
20211031225351  -759.1 -34.0 -287.4
20211031225352  -759.1 -34.1 -287.2
20211031225353  -758.6 -34.1 -287.5
20211031225354  -758.3 -34.1 -287.5
20211031225355  -758.3 -34.1 -287.6
20211031225356  -758.2 -34.4 -288.0
20211031225357  -758.2 -34.5 -287.9
20211031225358  -757.9 -34.7 -288.0
20211031225359  -757.8 -34.6 -287.9
20211031225400  -757.6 -34.5 -287.9
20211031225401  -757.5 -34.9 -288.0
20211031225402  -757.5 -34.9 -287.9
20211031225403  -757.7 -35.1 -287.8
20211031225404  -757.1 -34.9 -287.7
20211031225405  -757.3 -35.1 -287.7
20211031225406  -757.0 -35.1 -287.8
20211031225407  -757.2 -35.3 -287.4
20211031225408  -757.0 -35.2 -287.7
20211031225409  -757.1 -35.1 -287.9
20211031225410  -757.4 -35.3 -288.0
20211031225411  -757.7 -35.4 -288.3
20211031225412  -757.2 -35.2 -287.6
20211031225413  -757.7 -35.1 -288.2
20211031225414  -758.0 -35.3 -288.1
20211031225415  -758.4 -35.3 -288.1
20211031225416  -758.4 -35.3 -288.2
20211031225417  -758.9 -35.5 -288.3
20211031225418  -759.2 -35.6 -288.1
20211031225419  -759.5 -35.8 -288.5
20211031225420  -760.2 -35.7 -288.3
20211031225421  -760.3 -35.7 -288.3
20211031225422  -760.6 -35.4 -288.6
