20211202223029  -706.3 -86.2 -757.0
20211202223030  -706.6 -85.9 -756.9
20211202223031  -706.8 -85.8 -757.0
20211202223032  -706.7 -86.2 -756.7
20211202223033  -706.9 -86.0 -756.9
20211202223034  -707.0 -85.8 -757.1
20211202223035  -707.0 -85.7 -756.8
20211202223036  -707.1 -86.0 -757.0
20211202223037  -707.1 -86.0 -757.1
20211202223038  -707.2 -85.8 -756.9
20211202223039  -707.3 -85.9 -756.9
20211202223040  -707.3 -86.0 -756.8
20211202223041  -706.9 -86.0 -756.6
20211202223042  -707.1 -85.6 -756.3
20211202223043  -707.6 -85.8 -756.8
20211202223044  -707.8 -86.0 -756.8
20211202223045  -707.8 -86.0 -756.7
20211202223046  -707.8 -86.0 -756.8
20211202223047  -707.7 -85.7 -756.7
20211202223048  -707.8 -85.6 -756.5
20211202223049  -707.8 -85.4 -756.5
20211202223050  -707.9 -85.4 -756.5
20211202223051  -707.9 -85.4 -756.4
20211202223052  -707.8 -85.4 -756.3
20211202223053  -707.8 -85.3 -756.3
20211202223054  -707.7 -85.7 -756.2
20211202223055  -707.7 -85.5 -756.3
20211202223056  -707.9 -85.4 -756.3
20211202223057  -708.1 -85.3 -756.4
20211202223058  -708.2 -85.5 -756.5
20211202223059  -708.1 -85.0 -756.6
20211202223100  -708.0 -84.9 -756.5
20211202223101  -708.2 -85.2 -756.5
20211202223102  -708.2 -85.0 -756.4
20211202223103  -708.5 -84.9 -756.3
20211202223104  -708.3 -84.9 -756.5
20211202223105  -708.3 -84.8 -756.2
20211202223106  -708.4 -84.6 -756.4
20211202223107  -708.2 -84.7 -756.1
20211202223108  -707.4 -84.5 -755.2
20211202223109  -707.1 -84.6 -755.2
20211202223110  -707.0 -84.4 -755.0
20211202223111  -706.8 -84.1 -755.0
20211202223112  -707.1 -84.1 -755.6
20211202223113  -707.6 -84.3 -755.7
20211202223114  -707.6 -84.3 -755.6
20211202223115  -707.7 -84.4 -755.9
20211202223116  -707.8 -84.1 -755.7
20211202223117  -708.1 -84.0 -755.3
20211202223118  -708.0 -83.9 -755.4
20211202223119  -708.2 -84.2 -755.6
20211202223120  -707.9 -84.6 -755.3
20211202223121  -708.0 -84.4 -755.7
20211202223122  -707.9 -84.3 -755.6
20211202223123  -708.0 -84.4 -755.7
20211202223124  -708.2 -84.2 -755.7
20211202223125  -708.1 -84.2 -755.6
20211202223126  -708.1 -84.3 -755.4
20211202223127  -708.4 -84.3 -755.5
20211202223128  -708.1 -84.2 -755.4
20211202223129  -708.1 -84.2 -755.3
20211202223130  -708.0 -84.0 -755.5
20211202223131  -708.3 -84.1 -755.5
20211202223132  -708.1 -84.1 -755.3
20211202223133  -708.1 -84.1 -755.2
20211202223134  -708.1 -84.0 -755.4
20211202223135  -708.0 -83.8 -755.4
20211202223136  -708.0 -83.8 -755.5
20211202223137  -707.7 -84.2 -755.6
20211202223138  -707.0 -83.9 -754.9
20211202223139  -707.1 -83.8 -754.7
20211202223140  -706.8 -83.8 -754.7
20211202223141  -706.7 -83.7 -754.5
20211202223142  -707.0 -83.5 -754.6
20211202223143  -707.3 -83.5 -755.0
20211202223144  -707.2 -83.3 -754.7
20211202223145  -707.1 -83.6 -754.8
20211202223146  -707.2 -83.5 -755.1
20211202223147  -707.0 -83.4 -755.2
20211202223148  -707.5 -83.5 -754.7
20211202223149  -707.4 -83.5 -754.9
20211202223150  -707.2 -83.6 -755.1
20211202223151  -707.3 -83.7 -754.8
20211202223152  -707.3 -83.3 -754.9
20211202223153  -707.5 -83.6 -754.8
20211202223154  -707.5 -83.5 -754.7
20211202223155  -707.9 -83.3 -754.7
20211202223156  -707.8 -83.4 -754.4
20211202223157  -708.0 -83.4 -754.5
20211202223158  -708.2 -83.6 -754.7
20211202223159  -708.2 -83.5 -754.8
20211202223200  -708.2 -83.8 -754.6
20211202223201  -708.2 -83.6 -754.4
20211202223202  -708.1 -83.4 -754.6
20211202223203  -708.3 -84.0 -754.5
20211202223204  -708.5 -83.9 -754.4
20211202223205  -708.5 -83.6 -754.6
20211202223206  -708.6 -83.9 -754.8
20211202223207  -708.8 -83.8 -755.0
20211202223208  -708.6 -84.1 -755.1
20211202223209  -708.5 -83.6 -754.6
20211202223210  -708.4 -83.9 -754.3
20211202223211  -708.6 -83.8 -754.3
20211202223212  -708.8 -83.6 -754.5
20211202223213  -709.3 -84.1 -755.1
20211202223214  -709.5 -83.9 -754.6
20211202223215  -709.7 -84.0 -754.9
20211202223216  -709.6 -83.9 -754.8
20211202223217  -709.9 -84.3 -754.5
20211202223218  -710.1 -84.0 -754.8
20211202223219  -710.2 -83.9 -754.8
20211202223220  -710.4 -84.2 -754.9
20211202223221  -710.5 -84.2 -754.8
20211202223222  -710.4 -84.1 -754.9
20211202223223  -710.7 -84.1 -754.9
20211202223224  -710.9 -84.2 -755.1
20211202223225  -710.9 -84.2 -754.9
20211202223226  -711.0 -84.2 -754.8
20211202223227  -711.3 -84.4 -754.9
20211202223228  -711.5 -84.6 -754.9
20211202223229  -711.6 -84.5 -755.0
20211202223230  -711.8 -84.2 -755.0
20211202223231  -711.9 -84.4 -755.0
20211202223232  -712.1 -84.5 -755.1
20211202223233  -712.1 -84.4 -755.0
20211202223234  -712.4 -84.4 -755.0
20211202223235  -712.3 -84.5 -755.2
20211202223236  -712.6 -84.5 -755.5
20211202223237  -712.8 -84.6 -755.1
20211202223238  -712.6 -84.6 -755.1
20211202223239  -711.9 -84.8 -755.0
20211202223240  -712.0 -84.4 -754.6
20211202223241  -711.9 -84.3 -754.3
20211202223242  -712.2 -84.3 -754.4
20211202223243  -713.0 -84.0 -754.9
20211202223244  -713.0 -84.3 -754.9
20211202223245  -713.4 -84.3 -755.2
20211202223246  -713.4 -84.2 -755.2
20211202223247  -713.2 -84.0 -754.8
20211202223248  -713.4 -84.0 -754.7
20211202223249  -713.5 -84.2 -754.9
20211202223250  -713.3 -84.2 -754.7
20211202223251  -713.4 -84.1 -754.7
20211202223252  -713.6 -83.9 -754.7
20211202223253  -713.8 -84.1 -754.7
20211202223254  -713.9 -84.2 -754.6
20211202223255  -713.8 -83.9 -754.8
20211202223256  -713.9 -84.2 -754.7
20211202223257  -713.8 -83.9 -754.6
20211202223258  -714.0 -83.7 -754.8
20211202223259  -713.8 -83.7 -754.8
20211202223300  -714.0 -83.9 -754.8
20211202223301  -713.9 -83.9 -754.6
20211202223302  -713.8 -83.8 -754.8
20211202223303  -714.2 -83.9 -755.0
20211202223304  -714.2 -83.8 -755.2
20211202223305  -714.1 -84.1 -754.8
20211202223306  -714.1 -83.8 -754.9
20211202223307  -714.1 -83.8 -755.0
20211202223308  -714.3 -84.0 -754.9
20211202223309  -713.6 -83.6 -754.5
20211202223310  -713.7 -83.5 -754.1
20211202223311  -713.6 -83.6 -753.8
20211202223312  -713.0 -83.3 -753.8
20211202223313  -713.6 -83.2 -753.5
20211202223314  -714.2 -83.5 -754.2
20211202223315  -714.0 -83.3 -754.7
20211202223316  -714.2 -83.2 -754.6
20211202223317  -714.0 -83.5 -754.4
20211202223318  -714.0 -83.5 -754.3
20211202223319  -714.3 -83.6 -754.4
20211202223320  -714.1 -83.1 -754.4
20211202223321  -714.1 -83.4 -754.8
20211202223322  -714.2 -83.2 -754.6
20211202223323  -714.1 -83.3 -754.4
20211202223324  -714.0 -83.2 -754.5
20211202223325  -714.1 -83.2 -754.4
20211202223326  -714.2 -83.1 -754.4
20211202223327  -714.1 -83.1 -754.7
20211202223328  -714.2 -83.2 -754.5
20211202223329  -714.2 -83.3 -754.5
20211202223330  -714.2 -83.4 -754.3
20211202223331  -714.4 -83.2 -754.2
20211202223332  -714.5 -83.2 -754.6
20211202223333  -714.2 -83.3 -754.5
20211202223334  -714.2 -83.1 -754.2
20211202223335  -714.4 -83.0 -754.2
20211202223336  -714.4 -83.1 -754.5
20211202223337  -714.3 -83.1 -754.5
20211202223338  -714.7 -82.9 -754.6
20211202223339  -714.1 -82.9 -754.2
20211202223340  -714.4 -82.8 -754.3
20211202223341  -714.7 -82.8 -754.6
20211202223342  -714.7 -83.0 -754.9
20211202223343  -714.9 -83.2 -755.1
20211202223344  -715.0 -82.9 -755.0
20211202223345  -715.1 -83.0 -754.7
20211202223346  -715.0 -83.0 -754.8
20211202223347  -715.2 -82.7 -754.9
20211202223348  -715.3 -83.0 -754.8
20211202223349  -715.4 -83.0 -755.1
20211202223350  -715.4 -83.0 -754.9
20211202223351  -715.4 -83.0 -755.0
20211202223352  -715.2 -82.9 -755.1
20211202223353  -715.6 -83.0 -754.7
20211202223354  -715.6 -83.0 -754.8
20211202223355  -715.6 -82.9 -754.6
20211202223356  -715.7 -83.0 -754.7
20211202223357  -715.5 -82.9 -754.7
20211202223358  -715.6 -83.1 -754.5
20211202223359  -715.7 -82.7 -754.7
20211202223400  -715.7 -83.0 -754.7
20211202223401  -715.6 -82.7 -754.7
20211202223402  -715.6 -82.7 -754.6
20211202223403  -715.6 -82.5 -754.4
20211202223404  -715.7 -82.7 -754.6
20211202223405  -715.4 -82.9 -754.7
20211202223406  -715.2 -82.8 -754.3
20211202223407  -715.7 -82.9 -754.8
20211202223408  -715.9 -82.8 -755.0
20211202223409  -716.1 -82.8 -754.7
20211202223410  -716.2 -82.5 -754.0
20211202223411  -716.1 -82.6 -754.2
20211202223412  -716.1 -82.7 -754.3
20211202223413  -716.0 -82.4 -754.1
20211202223414  -716.1 -82.4 -754.4
20211202223415  -715.8 -82.5 -754.2
20211202223416  -716.1 -82.7 -754.4
20211202223417  -716.3 -82.7 -754.5
20211202223418  -716.3 -82.4 -754.2
20211202223419  -716.2 -82.2 -754.5
20211202223420  -716.2 -82.4 -754.5
20211202223421  -716.2 -82.6 -754.3
20211202223422  -716.4 -82.3 -754.3
20211202223423  -716.3 -82.2 -754.1
20211202223424  -716.0 -82.4 -754.2
20211202223425  -716.3 -82.3 -754.4
20211202223426  -716.1 -82.0 -754.2
20211202223427  -715.8 -82.1 -754.1
20211202223428  -715.7 -82.3 -754.4
20211202223429  -715.7 -82.4 -754.3
20211202223430  -716.1 -82.3 -754.4
20211202223431  -715.7 -82.3 -753.9
20211202223432  -714.9 -81.9 -753.4
20211202223433  -715.5 -82.2 -753.9
20211202223434  -715.7 -82.3 -754.0
20211202223435  -715.5 -82.4 -754.0
20211202223436  -715.7 -82.0 -754.1
20211202223437  -715.6 -82.1 -754.2
20211202223438  -715.2 -82.3 -754.1
20211202223439  -715.3 -82.5 -754.0
20211202223440  -715.4 -82.7 -753.8
20211202223441  -715.5 -82.4 -753.8
20211202223442  -715.5 -82.3 -753.9
20211202223443  -715.2 -82.4 -754.0
20211202223444  -715.3 -82.5 -753.7
20211202223445  -715.2 -82.6 -753.8
20211202223446  -715.1 -82.4 -754.1
20211202223447  -715.3 -82.5 -754.0
20211202223448  -715.4 -82.5 -753.8
20211202223449  -715.4 -82.5 -753.5
20211202223450  -715.4 -82.3 -753.5
20211202223451  -715.2 -82.0 -753.9
20211202223452  -715.1 -82.2 -753.8
20211202223453  -715.3 -82.4 -753.9
20211202223454  -714.9 -82.2 -753.5
20211202223455  -715.1 -82.4 -753.3
20211202223456  -714.8 -82.4 -753.3
20211202223457  -714.5 -82.4 -753.3
20211202223458  -714.1 -82.0 -752.9
20211202223459  -714.4 -82.0 -753.2
20211202223500  -714.5 -82.0 -753.3
20211202223501  -714.8 -81.9 -753.2
20211202223502  -714.4 -82.0 -753.2
20211202223503  -714.3 -82.1 -753.1
20211202223504  -714.4 -81.8 -753.0
20211202223505  -714.5 -81.8 -753.5
20211202223506  -714.5 -81.6 -753.5
20211202223507  -714.3 -81.7 -753.8
20211202223508  -714.5 -81.6 -753.7
20211202223509  -714.5 -81.6 -753.9
20211202223510  -714.3 -81.8 -753.6
20211202223511  -714.4 -81.7 -753.6
20211202223512  -714.5 -81.6 -753.7
20211202223513  -714.7 -81.7 -753.7
20211202223514  -714.7 -81.7 -753.6
20211202223515  -714.8 -81.7 -753.6
20211202223516  -714.6 -81.6 -753.7
20211202223517  -714.6 -81.3 -753.6
20211202223518  -714.5 -81.6 -753.4
20211202223519  -714.7 -81.6 -753.5
20211202223520  -714.6 -81.6 -753.6
20211202223521  -714.7 -81.3 -753.8
20211202223522  -714.7 -81.3 -753.5
20211202223523  -714.3 -81.3 -753.1
20211202223524  -713.7 -81.0 -752.5
20211202223525  -713.9 -80.8 -752.6
20211202223526  -714.5 -81.2 -753.3
20211202223527  -714.5 -81.1 -753.5
20211202223528  -714.7 -81.4 -753.2
20211202223529  -714.4 -81.3 -752.9
20211202223530  -714.5 -81.4 -752.9
20211202223531  -714.6 -81.1 -753.1
20211202223532  -714.9 -81.3 -753.0
20211202223533  -714.7 -81.4 -753.2
20211202223534  -714.6 -81.4 -753.2
20211202223535  -714.6 -81.3 -753.3
20211202223536  -714.7 -81.4 -753.1
20211202223537  -714.5 -81.4 -753.0
20211202223538  -714.3 -81.6 -753.0
20211202223539  -714.4 -81.5 -753.0
20211202223540  -714.5 -81.2 -753.1
20211202223541  -714.3 -81.1 -752.9
20211202223542  -714.3 -81.1 -752.8
20211202223543  -714.4 -81.2 -753.0
20211202223544  -714.8 -81.3 -753.0
20211202223545  -714.5 -81.2 -753.0
20211202223546  -714.7 -81.2 -753.4
20211202223547  -714.5 -81.2 -753.1
20211202223548  -714.6 -81.2 -753.1
20211202223549  -714.2 -81.2 -753.2
20211202223550  -713.9 -81.0 -752.5
20211202223551  -714.1 -80.7 -752.6
20211202223552  -714.3 -81.0 -752.8
20211202223553  -714.4 -81.1 -753.3
20211202223554  -714.4 -80.7 -753.1
20211202223555  -714.3 -80.9 -752.9
20211202223556  -714.4 -80.9 -752.8
20211202223557  -714.6 -81.1 -753.1
20211202223558  -714.3 -81.0 -753.0
20211202223559  -714.3 -81.0 -753.0
20211202223600  -714.5 -80.9 -752.8
20211202223601  -714.5 -81.1 -752.9
20211202223602  -714.5 -80.8 -753.0
20211202223603  -714.4 -80.7 -753.3
20211202223604  -714.1 -80.9 -753.1
20211202223605  -714.3 -80.8 -753.0
20211202223606  -714.2 -80.5 -752.9
20211202223607  -714.2 -80.5 -752.8
20211202223608  -714.0 -80.5 -752.8
20211202223609  -714.1 -80.5 -752.6
20211202223610  -714.0 -80.9 -752.9
20211202223611  -714.0 -80.9 -753.1
20211202223612  -714.0 -80.9 -752.7
20211202223613  -714.2 -80.9 -752.6
20211202223614  -713.8 -80.5 -752.7
20211202223615  -714.0 -80.9 -752.8
20211202223616  -713.4 -80.7 -752.6
20211202223617  -713.2 -80.8 -752.4
20211202223618  -713.0 -80.6 -752.3
20211202223619  -713.1 -80.7 -752.1
20211202223620  -713.1 -80.5 -751.7
20211202223621  -713.9 -80.5 -752.4
20211202223622  -713.9 -80.8 -752.5
20211202223623  -713.9 -80.7 -752.4
20211202223624  -714.0 -80.9 -752.5
20211202223625  -713.9 -80.8 -752.6
20211202223626  -714.0 -80.9 -752.8
20211202223627  -713.9 -81.0 -752.7
20211202223628  -714.0 -81.0 -752.8
20211202223629  -713.9 -81.0 -752.5
20211202223630  -713.8 -81.2 -752.0
20211202223631  -714.0 -81.2 -752.2
20211202223632  -713.7 -81.0 -752.4
20211202223633  -713.5 -80.9 -752.3
20211202223634  -713.5 -80.6 -752.1
20211202223635  -713.4 -80.9 -752.2
20211202223636  -713.3 -80.8 -752.3
20211202223637  -713.1 -80.8 -752.3
20211202223638  -713.0 -80.7 -752.0
20211202223639  -712.8 -80.8 -752.1
20211202223640  -713.1 -80.9 -752.3
20211202223641  -713.0 -80.6 -752.2
20211202223642  -713.0 -80.6 -752.2
20211202223643  -713.2 -80.8 -752.1
20211202223644  -713.0 -80.9 -752.5
20211202223645  -713.1 -80.7 -752.9
20211202223646  -712.9 -80.9 -752.7
20211202223647  -712.6 -80.9 -752.5
20211202223648  -712.2 -80.8 -751.9
20211202223649  -711.9 -80.5 -751.8
20211202223650  -712.2 -80.6 -751.8
20211202223651  -713.0 -80.6 -752.4
20211202223652  -713.0 -80.4 -752.4
20211202223653  -713.1 -80.5 -752.6
20211202223654  -713.2 -80.5 -752.4
20211202223655  -713.3 -80.6 -752.3
20211202223656  -713.1 -80.4 -752.4
20211202223657  -713.3 -80.4 -752.3
20211202223658  -713.2 -80.8 -752.4
20211202223659  -713.4 -80.6 -752.5
20211202223700  -713.6 -80.7 -752.6
20211202223701  -713.5 -80.7 -752.7
20211202223702  -713.6 -80.9 -752.4
20211202223703  -713.7 -80.9 -752.3
20211202223704  -714.0 -80.9 -752.6
20211202223705  -713.6 -80.7 -752.8
20211202223706  -713.5 -80.8 -752.3
20211202223707  -713.7 -80.9 -752.5
20211202223708  -713.4 -81.0 -752.5
20211202223709  -713.5 -81.0 -752.4
20211202223710  -713.5 -80.7 -752.3
20211202223711  -713.5 -80.9 -752.3
20211202223712  -713.3 -80.9 -751.9
20211202223713  -713.2 -80.7 -751.9
20211202223714  -713.3 -80.9 -752.0
20211202223715  -713.0 -80.8 -751.9
20211202223716  -712.9 -81.0 -751.9
20211202223717  -712.1 -80.9 -751.1
20211202223718  -711.9 -80.5 -751.0
20211202223719  -711.9 -80.4 -750.9
20211202223720  -711.7 -80.1 -750.6
20211202223721  -712.2 -80.5 -751.2
20211202223722  -712.0 -80.5 -751.2
20211202223723  -711.9 -80.3 -751.1
20211202223724  -712.2 -80.4 -751.4
20211202223725  -711.8 -80.5 -751.4
20211202223726  -712.0 -80.4 -751.3
20211202223727  -711.8 -80.5 -751.3
20211202223728  -712.0 -80.5 -751.6
20211202223729  -711.5 -80.3 -751.6
20211202223730  -711.7 -80.4 -751.5
20211202223731  -711.6 -80.2 -751.6
20211202223732  -711.9 -80.4 -751.4
20211202223733  -712.0 -80.5 -751.4
20211202223734  -711.7 -80.5 -751.5
20211202223735  -711.8 -80.4 -751.7
20211202223736  -711.6 -80.6 -751.5
20211202223737  -711.8 -80.5 -751.3
20211202223738  -711.8 -80.4 -751.6
20211202223739  -711.4 -80.1 -751.5
20211202223740  -711.6 -80.1 -751.2
20211202223741  -711.4 -80.1 -751.1
20211202223742  -711.3 -80.2 -751.3
20211202223743  -711.3 -80.5 -751.0
20211202223744  -711.1 -80.3 -751.0
20211202223745  -711.0 -80.5 -751.0
20211202223746  -711.0 -80.4 -750.8
20211202223747  -710.4 -80.5 -751.0
20211202223748  -709.9 -80.2 -750.6
20211202223749  -709.7 -79.9 -750.6
20211202223750  -709.5 -79.7 -750.2
20211202223751  -709.9 -79.7 -750.2
20211202223752  -710.1 -80.1 -750.8
20211202223753  -709.9 -80.1 -750.8
20211202223754  -709.7 -80.0 -750.9
20211202223755  -709.6 -80.1 -750.6
20211202223756  -709.5 -79.8 -750.6
20211202223757  -709.2 -79.7 -750.7
20211202223758  -709.1 -79.9 -750.8
20211202223759  -709.0 -79.9 -750.6
20211202223800  -709.0 -79.7 -750.8
20211202223801  -708.8 -79.9 -750.7
20211202223802  -708.7 -79.8 -750.5
20211202223803  -708.8 -79.8 -750.3
20211202223804  -708.7 -79.6 -750.5
20211202223805  -708.7 -79.6 -750.5
20211202223806  -708.6 -79.3 -750.5
20211202223807  -708.3 -79.4 -750.4
20211202223808  -708.2 -79.8 -750.6
20211202223809  -708.1 -79.4 -750.6
20211202223810  -708.1 -79.4 -750.5
20211202223811  -708.3 -79.3 -750.7
20211202223812  -708.0 -79.6 -750.6
20211202223813  -708.3 -79.5 -750.5
20211202223814  -708.1 -79.3 -750.8
20211202223815  -708.2 -79.2 -750.6
20211202223816  -708.3 -79.0 -750.4
20211202223817  -708.0 -79.6 -750.6
