20211123232524  -670.7 -72.7 -215.6
20211123232525  -670.9 -72.8 -215.5
20211123232526  -670.9 -72.9 -215.4
20211123232527  -671.0 -72.7 -215.5
20211123232528  -671.1 -72.8 -215.7
20211123232529  -670.9 -72.8 -215.6
20211123232530  -671.0 -72.8 -215.7
20211123232531  -671.0 -72.7 -215.6
20211123232532  -671.2 -72.8 -215.5
20211123232533  -671.1 -72.8 -215.8
20211123232534  -671.3 -72.9 -215.9
20211123232535  -671.1 -73.0 -215.9
20211123232536  -670.2 -73.0 -215.6
20211123232537  -670.1 -72.9 -215.4
20211123232538  -670.1 -72.6 -214.7
20211123232539  -669.9 -72.6 -214.6
20211123232540  -669.5 -72.5 -214.3
20211123232541  -669.2 -72.3 -214.1
20211123232542  -669.0 -72.3 -214.0
20211123232543  -669.4 -72.4 -213.9
20211123232544  -670.0 -72.4 -214.7
20211123232545  -670.0 -72.7 -214.9
20211123232546  -670.1 -72.4 -214.9
20211123232547  -670.4 -72.4 -214.9
20211123232548  -670.2 -72.4 -214.7
20211123232549  -670.6 -72.3 -214.9
20211123232550  -670.6 -72.5 -215.2
20211123232551  -670.6 -72.4 -214.8
20211123232552  -670.5 -72.6 -215.0
20211123232553  -670.5 -72.3 -215.4
20211123232554  -670.4 -72.3 -215.4
20211123232555  -670.8 -72.5 -215.2
20211123232556  -670.9 -72.5 -214.9
20211123232557  -671.0 -72.3 -215.2
20211123232558  -670.8 -72.8 -215.0
20211123232559  -670.7 -72.7 -215.3
20211123232600  -670.7 -72.8 -215.2
20211123232601  -670.8 -72.7 -215.7
20211123232602  -670.7 -73.2 -215.8
20211123232603  -670.5 -73.0 -214.9
20211123232604  -670.3 -72.9 -214.9
20211123232605  -670.1 -72.8 -214.7
20211123232606  -669.9 -72.8 -214.4
20211123232607  -669.5 -72.5 -214.2
20211123232608  -669.6 -72.4 -214.1
20211123232609  -669.4 -72.4 -213.6
20211123232610  -669.7 -72.5 -213.9
20211123232611  -670.2 -72.6 -214.3
20211123232612  -670.5 -72.7 -214.6
20211123232613  -670.6 -73.0 -214.8
20211123232614  -670.6 -72.9 -214.5
20211123232615  -670.5 -72.8 -214.8
20211123232616  -670.7 -72.8 -214.7
20211123232617  -670.7 -72.9 -214.6
20211123232618  -670.7 -72.7 -214.9
20211123232619  -671.0 -72.9 -215.1
20211123232620  -670.9 -72.8 -215.0
20211123232621  -671.0 -73.1 -214.9
20211123232622  -670.8 -73.2 -215.0
20211123232623  -671.0 -73.2 -215.2
20211123232624  -670.6 -73.1 -215.2
20211123232625  -670.7 -73.3 -215.1
20211123232626  -670.5 -73.1 -215.3
20211123232627  -670.7 -73.1 -215.4
20211123232628  -671.1 -73.4 -215.2
20211123232629  -670.8 -73.3 -215.1
20211123232630  -670.3 -73.4 -214.7
20211123232631  -670.0 -73.2 -214.1
20211123232632  -670.1 -73.0 -214.3
20211123232633  -669.7 -72.9 -214.0
20211123232634  -669.6 -72.7 -214.2
20211123232635  -669.7 -72.7 -214.2
20211123232636  -669.9 -72.5 -213.9
20211123232637  -670.5 -72.5 -214.2
20211123232638  -671.1 -73.0 -214.6
20211123232639  -671.0 -73.1 -214.7
20211123232640  -671.0 -73.1 -214.5
20211123232641  -670.8 -73.3 -214.4
20211123232642  -671.0 -73.3 -214.6
20211123232643  -671.1 -73.3 -214.9
20211123232644  -671.1 -73.1 -214.7
20211123232645  -670.9 -73.1 -215.2
20211123232646  -671.2 -73.3 -215.4
20211123232647  -671.5 -73.4 -215.4
20211123232648  -671.4 -73.5 -215.6
20211123232649  -671.3 -73.4 -215.2
20211123232650  -671.3 -73.5 -215.2
20211123232651  -671.3 -73.2 -215.2
20211123232652  -671.4 -73.1 -215.2
20211123232653  -671.7 -73.2 -215.7
20211123232654  -671.7 -73.3 -215.4
20211123232655  -671.1 -73.6 -215.3
20211123232656  -670.6 -73.4 -214.7
20211123232657  -670.6 -73.4 -214.6
20211123232658  -670.4 -72.9 -214.3
20211123232659  -670.4 -72.8 -214.3
20211123232700  -670.1 -72.7 -214.2
20211123232701  -670.0 -72.7 -214.1
20211123232702  -669.8 -72.7 -214.0
20211123232703  -669.7 -72.6 -214.0
20211123232704  -670.9 -72.9 -214.5
20211123232705  -671.3 -72.7 -215.0
20211123232706  -671.1 -72.7 -215.0
20211123232707  -671.4 -72.9 -215.3
20211123232708  -671.5 -72.9 -215.3
20211123232709  -671.4 -72.8 -215.2
20211123232710  -671.5 -72.8 -215.2
20211123232711  -671.6 -72.5 -215.6
20211123232712  -671.9 -72.7 -215.3
20211123232713  -671.9 -72.7 -215.3
20211123232714  -671.8 -72.8 -215.5
20211123232715  -672.0 -73.0 -215.7
20211123232716  -672.3 -72.9 -215.7
20211123232717  -672.5 -72.9 -215.5
20211123232718  -672.5 -72.9 -215.7
20211123232719  -672.5 -73.2 -215.5
20211123232720  -672.6 -72.9 -215.5
20211123232721  -672.5 -73.3 -216.0
20211123232722  -672.5 -73.5 -215.9
20211123232723  -671.9 -73.1 -215.4
20211123232724  -671.9 -73.1 -215.4
20211123232725  -671.4 -73.0 -215.2
20211123232726  -671.5 -73.0 -215.0
20211123232727  -671.6 -72.7 -214.8
20211123232728  -671.6 -72.7 -214.7
20211123232729  -671.4 -72.9 -214.5
20211123232730  -671.5 -72.7 -214.7
20211123232731  -672.3 -72.5 -215.3
20211123232732  -672.5 -72.8 -215.2
20211123232733  -672.5 -72.7 -215.4
20211123232734  -672.8 -72.9 -215.6
20211123232735  -672.6 -72.7 -215.9
20211123232736  -672.9 -73.4 -215.8
20211123232737  -672.8 -73.5 -215.9
20211123232738  -672.8 -73.3 -216.1
20211123232739  -673.0 -73.4 -215.8
20211123232740  -673.1 -73.5 -216.0
20211123232741  -673.1 -73.4 -216.0
20211123232742  -673.2 -73.4 -216.0
20211123232743  -673.4 -73.3 -216.3
20211123232744  -673.6 -73.6 -216.6
20211123232745  -673.5 -73.6 -216.5
20211123232746  -673.4 -73.6 -216.4
20211123232747  -673.5 -73.4 -216.5
20211123232748  -673.4 -74.0 -216.8
20211123232749  -672.9 -73.9 -216.5
20211123232750  -673.0 -73.8 -216.1
20211123232751  -672.7 -73.5 -215.8
20211123232752  -672.6 -73.3 -215.3
20211123232753  -672.3 -73.6 -215.3
20211123232754  -672.2 -73.6 -215.3
20211123232755  -672.3 -73.7 -214.9
20211123232756  -671.8 -73.5 -214.9
20211123232757  -673.1 -73.6 -215.6
20211123232758  -673.3 -73.8 -216.0
20211123232759  -673.2 -73.7 -216.0
20211123232800  -673.5 -73.8 -216.3
20211123232801  -673.7 -73.7 -216.2
20211123232802  -673.8 -73.9 -216.2
20211123232803  -673.6 -74.0 -215.9
20211123232804  -673.7 -73.7 -216.2
20211123232805  -673.7 -73.8 -216.2
20211123232806  -673.9 -73.9 -216.2
20211123232807  -674.2 -74.0 -216.5
20211123232808  -674.2 -73.7 -216.5
20211123232809  -674.3 -73.7 -216.2
20211123232810  -674.3 -73.6 -216.6
20211123232811  -674.3 -73.9 -216.7
20211123232812  -674.2 -74.1 -216.7
20211123232813  -674.4 -74.3 -216.6
20211123232814  -674.2 -74.4 -217.0
20211123232815  -673.8 -74.1 -216.5
20211123232816  -673.5 -74.1 -216.1
20211123232817  -673.3 -74.2 -215.6
20211123232818  -673.1 -73.7 -215.5
20211123232819  -672.8 -73.6 -215.1
20211123232820  -672.8 -73.5 -214.9
20211123232821  -672.8 -73.6 -215.0
20211123232822  -672.6 -73.4 -214.8
20211123232823  -673.1 -73.5 -215.2
20211123232824  -673.7 -73.8 -215.7
20211123232825  -673.6 -73.8 -215.6
20211123232826  -673.7 -73.8 -215.9
20211123232827  -673.9 -73.9 -215.9
20211123232828  -674.2 -74.1 -215.9
20211123232829  -674.2 -74.1 -216.1
20211123232830  -674.1 -74.0 -215.8
20211123232831  -674.5 -74.0 -215.9
20211123232832  -674.3 -74.3 -216.2
20211123232833  -674.7 -74.1 -215.9
20211123232834  -674.6 -74.0 -216.1
20211123232835  -674.9 -73.9 -216.1
20211123232836  -674.8 -73.9 -216.0
20211123232837  -674.9 -73.6 -216.2
20211123232838  -675.2 -73.7 -216.3
20211123232839  -675.0 -73.9 -216.4
20211123232840  -675.2 -74.0 -216.1
20211123232841  -675.6 -74.4 -216.9
20211123232842  -674.9 -74.2 -216.0
20211123232843  -674.6 -73.8 -216.2
20211123232844  -674.3 -73.9 -216.0
20211123232845  -674.2 -74.0 -215.6
20211123232846  -674.0 -73.8 -215.5
20211123232847  -673.9 -73.9 -215.2
20211123232848  -673.9 -73.4 -215.2
20211123232849  -673.6 -73.5 -215.2
20211123232850  -674.5 -73.5 -216.2
20211123232851  -674.9 -73.6 -216.1
20211123232852  -675.1 -73.7 -216.0
20211123232853  -675.3 -73.7 -216.2
20211123232854  -675.3 -73.5 -216.3
20211123232855  -675.2 -73.3 -216.2
20211123232856  -675.2 -73.4 -216.2
20211123232857  -675.2 -73.7 -216.0
20211123232858  -675.3 -73.7 -216.3
20211123232859  -675.0 -73.6 -216.3
20211123232900  -675.4 -73.3 -216.3
20211123232901  -675.3 -73.5 -216.1
20211123232902  -675.1 -73.5 -216.3
20211123232903  -675.2 -73.7 -216.5
20211123232904  -675.1 -73.6 -216.4
20211123232905  -675.0 -73.6 -216.4
20211123232906  -674.9 -73.7 -216.2
20211123232907  -674.8 -73.8 -216.4
20211123232908  -674.2 -73.8 -216.1
20211123232909  -673.7 -73.4 -215.8
20211123232910  -673.4 -73.4 -215.4
20211123232911  -673.1 -73.4 -214.9
20211123232912  -672.9 -73.4 -215.0
20211123232913  -672.7 -72.9 -214.9
20211123232914  -672.1 -72.7 -214.6
20211123232915  -672.2 -72.5 -214.2
20211123232916  -672.7 -73.2 -214.7
20211123232917  -673.1 -73.1 -215.1
20211123232918  -673.0 -73.2 -215.3
20211123232919  -673.1 -73.0 -215.2
20211123232920  -672.9 -73.1 -215.0
20211123232921  -673.3 -72.9 -215.6
20211123232922  -673.1 -73.1 -215.6
20211123232923  -672.8 -73.4 -215.4
20211123232924  -672.9 -73.2 -215.4
20211123232925  -673.2 -73.2 -215.3
20211123232926  -672.9 -73.0 -215.6
20211123232927  -672.6 -72.8 -215.4
20211123232928  -672.8 -72.8 -215.7
20211123232929  -673.1 -73.1 -215.5
20211123232930  -673.2 -73.0 -215.4
20211123232931  -673.1 -72.9 -215.6
20211123232932  -673.1 -73.1 -215.3
20211123232933  -673.3 -72.9 -215.5
20211123232934  -673.3 -73.4 -215.8
20211123232935  -672.6 -73.4 -215.6
20211123232936  -672.1 -73.1 -214.8
20211123232937  -672.0 -72.8 -214.4
20211123232938  -671.8 -73.1 -214.4
20211123232939  -671.6 -72.9 -214.2
20211123232940  -671.6 -72.9 -214.1
20211123232941  -671.2 -72.8 -214.3
20211123232942  -672.2 -72.5 -214.8
20211123232943  -672.2 -72.7 -215.1
20211123232944  -672.3 -72.6 -215.2
20211123232945  -672.5 -72.8 -215.0
20211123232946  -672.3 -72.7 -214.8
20211123232947  -672.2 -72.9 -214.9
20211123232948  -672.3 -72.9 -214.9
20211123232949  -672.6 -73.0 -215.1
20211123232950  -672.3 -72.8 -215.2
20211123232951  -672.3 -73.1 -214.8
20211123232952  -672.6 -73.0 -215.2
20211123232953  -672.4 -73.0 -215.1
20211123232954  -672.4 -73.1 -215.1
20211123232955  -672.4 -72.9 -215.1
20211123232956  -672.6 -73.1 -215.2
20211123232957  -672.6 -73.1 -215.4
20211123232958  -672.7 -73.3 -215.5
20211123232959  -672.8 -73.2 -215.6
20211123233000  -672.9 -73.3 -215.5
20211123233001  -672.6 -73.5 -215.3
20211123233002  -672.4 -73.4 -215.1
20211123233003  -672.0 -73.1 -214.8
20211123233004  -671.9 -73.1 -214.1
20211123233005  -671.9 -72.9 -214.1
20211123233006  -671.8 -73.0 -214.0
20211123233007  -671.6 -72.5 -213.8
20211123233008  -672.7 -72.9 -214.3
20211123233009  -672.8 -73.1 -214.5
20211123233010  -673.2 -73.3 -214.8
20211123233011  -672.9 -73.4 -214.8
20211123233012  -673.1 -73.5 -214.7
20211123233013  -673.1 -73.4 -214.5
20211123233014  -673.3 -73.3 -214.9
20211123233015  -673.2 -73.1 -215.0
20211123233016  -673.4 -73.3 -215.0
20211123233017  -673.3 -73.2 -215.2
20211123233018  -673.3 -73.5 -215.3
20211123233019  -673.1 -73.3 -215.3
20211123233020  -673.7 -73.6 -215.0
20211123233021  -673.4 -73.1 -215.1
20211123233022  -673.4 -73.1 -215.2
20211123233023  -673.5 -73.3 -215.2
20211123233024  -673.6 -73.4 -215.5
20211123233025  -673.7 -73.4 -215.3
20211123233026  -673.6 -73.4 -215.2
20211123233027  -673.4 -73.7 -215.3
20211123233028  -673.0 -73.6 -214.8
20211123233029  -672.6 -73.4 -214.1
20211123233030  -672.2 -73.2 -214.1
20211123233031  -672.1 -73.1 -213.9
20211123233032  -672.0 -72.8 -213.9
20211123233033  -672.8 -72.9 -214.4
20211123233034  -673.2 -73.2 -214.7
20211123233035  -673.1 -73.3 -214.9
20211123233036  -673.5 -73.4 -214.4
20211123233037  -673.7 -73.4 -214.7
20211123233038  -673.7 -73.5 -214.6
20211123233039  -673.5 -73.4 -214.6
20211123233040  -673.6 -73.8 -214.5
20211123233041  -673.6 -73.4 -214.7
20211123233042  -673.5 -73.6 -214.6
20211123233043  -673.6 -73.2 -214.7
20211123233044  -673.7 -73.2 -214.7
20211123233045  -673.7 -73.4 -214.8
20211123233046  -673.8 -73.5 -215.0
20211123233047  -673.6 -73.3 -214.5
20211123233048  -673.7 -73.3 -214.8
20211123233049  -673.7 -73.2 -214.6
20211123233050  -673.7 -73.5 -214.8
20211123233051  -673.4 -73.3 -215.1
20211123233052  -673.6 -73.3 -215.4
20211123233053  -673.8 -73.5 -215.0
20211123233054  -673.5 -73.4 -214.8
20211123233055  -672.9 -73.3 -214.7
20211123233056  -672.8 -73.3 -214.5
20211123233057  -672.6 -73.2 -214.3
20211123233058  -672.7 -73.1 -214.1
20211123233059  -673.4 -73.2 -214.8
20211123233100  -673.5 -73.3 -214.8
20211123233101  -673.6 -73.3 -214.9
20211123233102  -673.7 -73.4 -215.0
20211123233103  -673.6 -73.6 -214.9
20211123233104  -673.6 -73.2 -214.9
20211123233105  -673.4 -73.3 -214.8
20211123233106  -673.7 -73.3 -214.7
20211123233107  -673.7 -73.2 -215.1
20211123233108  -673.6 -73.2 -215.1
20211123233109  -673.6 -73.5 -215.0
20211123233110  -673.6 -73.5 -214.8
20211123233111  -673.7 -73.1 -215.1
20211123233112  -673.9 -73.1 -215.0
20211123233113  -674.0 -73.1 -215.4
20211123233114  -673.7 -73.1 -215.3
20211123233115  -673.9 -73.4 -215.3
20211123233116  -674.2 -73.4 -215.2
20211123233117  -674.0 -73.6 -215.3
20211123233118  -673.8 -73.4 -215.3
20211123233119  -674.0 -73.4 -215.5
20211123233120  -673.7 -73.5 -215.6
20211123233121  -673.6 -73.7 -214.9
20211123233122  -673.2 -73.4 -214.6
20211123233123  -672.9 -73.2 -214.8
20211123233124  -673.4 -73.2 -214.9
20211123233125  -673.4 -73.5 -215.6
20211123233126  -673.5 -73.4 -215.6
20211123233127  -673.9 -73.2 -215.3
20211123233128  -673.7 -73.2 -215.2
20211123233129  -673.8 -73.4 -215.4
20211123233130  -674.1 -73.3 -215.2
20211123233131  -674.4 -73.5 -215.2
20211123233132  -674.1 -73.4 -215.4
20211123233133  -674.1 -73.6 -215.7
20211123233134  -674.3 -73.6 -215.6
20211123233135  -674.5 -73.5 -215.7
20211123233136  -674.7 -73.6 -215.3
20211123233137  -674.5 -73.2 -215.5
20211123233138  -674.6 -73.6 -215.4
20211123233139  -674.6 -73.6 -215.5
20211123233140  -674.5 -73.6 -215.7
20211123233141  -674.3 -73.6 -215.5
20211123233142  -674.3 -73.7 -215.6
20211123233143  -674.3 -73.8 -215.5
20211123233144  -674.5 -73.9 -215.6
20211123233145  -674.5 -73.9 -215.7
20211123233146  -674.5 -74.0 -215.7
20211123233147  -674.1 -74.1 -215.2
20211123233148  -674.0 -73.8 -214.7
20211123233149  -674.0 -73.5 -214.8
20211123233150  -674.5 -73.7 -215.4
20211123233151  -674.7 -73.8 -215.7
20211123233152  -674.4 -73.8 -215.6
20211123233153  -674.6 -73.9 -215.6
20211123233154  -674.8 -73.9 -215.6
20211123233155  -674.9 -74.0 -215.6
20211123233156  -675.0 -73.9 -215.9
20211123233157  -675.1 -73.8 -215.7
20211123233158  -675.2 -73.9 -215.8
20211123233159  -674.9 -73.9 -215.8
20211123233200  -675.0 -74.2 -215.6
20211123233201  -675.2 -74.1 -215.8
20211123233202  -675.2 -73.6 -215.9
20211123233203  -675.4 -73.9 -215.8
20211123233204  -675.5 -73.9 -215.6
20211123233205  -675.4 -74.0 -215.6
20211123233206  -675.5 -74.0 -215.9
20211123233207  -675.6 -74.3 -215.5
20211123233208  -675.5 -74.1 -215.6
20211123233209  -675.6 -74.2 -215.6
20211123233210  -675.5 -74.4 -215.5
20211123233211  -675.7 -74.0 -215.6
20211123233212  -675.4 -74.6 -215.4
