20211028213524  -653.9 -91.4 -197.1
20211028213525  -654.0 -91.4 -197.1
20211028213526  -653.5 -91.7 -197.2
20211028213527  -653.6 -91.5 -197.3
20211028213528  -653.8 -91.9 -197.7
20211028213529  -653.6 -91.8 -197.4
20211028213530  -654.0 -91.7 -197.5
20211028213531  -654.0 -91.5 -197.3
20211028213532  -653.9 -91.8 -197.2
20211028213533  -653.9 -91.5 -197.3
20211028213534  -654.1 -91.6 -197.4
20211028213535  -653.7 -91.8 -197.3
20211028213536  -653.2 -91.4 -196.5
20211028213537  -654.0 -91.6 -196.9
20211028213538  -654.1 -91.5 -197.0
20211028213539  -654.3 -91.9 -197.3
20211028213540  -653.9 -91.6 -197.2
20211028213541  -654.0 -91.4 -197.2
20211028213542  -654.0 -91.5 -197.1
20211028213543  -653.9 -91.3 -197.2
20211028213544  -653.7 -91.6 -197.3
20211028213545  -653.8 -91.6 -197.3
20211028213546  -653.9 -91.4 -197.1
20211028213547  -654.1 -91.6 -197.1
20211028213548  -653.8 -91.3 -197.1
20211028213549  -653.8 -91.3 -196.7
20211028213550  -653.9 -91.3 -197.0
20211028213551  -653.8 -91.7 -197.0
20211028213552  -654.1 -91.7 -196.9
20211028213553  -653.9 -91.8 -197.0
20211028213554  -654.2 -91.8 -196.8
20211028213555  -654.3 -92.1 -196.9
20211028213556  -654.1 -91.7 -197.0
20211028213557  -654.3 -91.5 -197.2
20211028213558  -654.3 -91.7 -197.2
20211028213559  -654.1 -91.9 -197.0
20211028213600  -654.1 -92.1 -196.8
20211028213601  -654.3 -92.0 -197.1
20211028213602  -654.2 -92.1 -197.0
20211028213603  -654.5 -91.8 -196.9
20211028213604  -654.5 -91.7 -196.8
20211028213605  -654.0 -91.8 -196.7
20211028213606  -653.1 -91.8 -195.8
20211028213607  -653.8 -91.8 -196.4
20211028213608  -654.0 -92.0 -196.9
20211028213609  -654.2 -92.2 -196.9
20211028213610  -654.3 -91.6 -196.5
20211028213611  -654.3 -91.9 -196.8
20211028213612  -654.0 -91.8 -196.7
20211028213613  -654.0 -92.0 -196.6
20211028213614  -653.9 -91.8 -196.5
20211028213615  -654.2 -92.2 -196.6
20211028213616  -654.0 -92.0 -196.8
20211028213617  -654.3 -92.0 -196.8
20211028213618  -654.6 -92.1 -196.7
20211028213619  -654.7 -92.2 -197.0
20211028213620  -654.7 -91.9 -197.0
20211028213621  -654.6 -92.1 -196.7
20211028213622  -654.6 -91.9 -196.8
20211028213623  -654.5 -92.3 -196.9
20211028213624  -654.6 -92.3 -196.9
20211028213625  -654.6 -92.0 -196.8
20211028213626  -654.4 -92.1 -197.1
20211028213627  -654.6 -92.1 -196.8
20211028213628  -654.8 -92.2 -197.1
20211028213629  -654.6 -92.1 -197.3
20211028213630  -654.4 -92.0 -197.0
20211028213631  -654.5 -91.9 -196.9
20211028213632  -654.7 -92.0 -196.9
20211028213633  -654.7 -92.0 -197.1
20211028213634  -654.3 -92.0 -196.9
20211028213635  -654.2 -92.0 -196.7
20211028213636  -653.5 -91.8 -196.1
20211028213637  -654.2 -91.9 -196.5
20211028213638  -654.5 -91.8 -196.8
20211028213639  -654.5 -92.1 -197.1
20211028213640  -654.2 -92.0 -196.9
20211028213641  -654.3 -92.2 -196.9
20211028213642  -654.3 -92.0 -197.0
20211028213643  -654.3 -92.0 -197.2
20211028213644  -654.1 -92.0 -196.8
20211028213645  -654.2 -92.3 -196.6
20211028213646  -654.2 -92.5 -197.0
20211028213647  -654.5 -92.5 -196.9
20211028213648  -654.4 -92.8 -196.8
20211028213649  -654.7 -92.7 -196.9
20211028213650  -654.6 -92.5 -196.9
20211028213651  -655.0 -92.6 -197.0
20211028213652  -655.0 -92.3 -197.1
20211028213653  -655.0 -92.2 -196.9
20211028213654  -654.6 -92.2 -197.0
20211028213655  -655.0 -92.0 -196.9
20211028213656  -655.1 -92.1 -197.0
20211028213657  -654.9 -92.1 -197.2
20211028213658  -654.8 -92.1 -196.7
20211028213659  -654.8 -92.4 -196.6
20211028213700  -655.1 -92.3 -196.5
20211028213701  -655.0 -92.3 -196.6
20211028213702  -654.9 -92.2 -196.5
20211028213703  -654.9 -92.4 -196.7
20211028213704  -654.9 -92.7 -196.7
20211028213705  -654.7 -92.6 -196.6
20211028213706  -653.9 -92.5 -196.2
20211028213707  -654.0 -92.2 -196.2
20211028213708  -654.5 -92.2 -196.7
20211028213709  -654.2 -92.2 -196.8
20211028213710  -654.4 -92.5 -196.9
20211028213711  -654.5 -92.3 -196.8
20211028213712  -654.3 -92.1 -197.0
20211028213713  -654.3 -92.1 -197.2
20211028213714  -654.1 -92.1 -197.2
20211028213715  -654.1 -92.1 -197.1
20211028213716  -653.9 -92.1 -197.0
20211028213717  -654.0 -92.2 -196.9
20211028213718  -654.5 -92.2 -196.8
20211028213719  -654.3 -91.9 -196.6
20211028213720  -654.0 -92.0 -196.6
20211028213721  -653.9 -92.3 -196.6
20211028213722  -654.3 -92.3 -196.7
20211028213723  -654.3 -92.4 -196.4
20211028213724  -654.5 -91.9 -196.4
20211028213725  -654.5 -92.1 -196.6
20211028213726  -654.4 -92.0 -196.7
20211028213727  -654.3 -92.3 -196.8
20211028213728  -654.5 -92.2 -196.8
20211028213729  -654.4 -92.2 -196.7
20211028213730  -654.2 -92.0 -197.1
20211028213731  -654.4 -92.1 -196.9
20211028213732  -654.4 -92.3 -197.1
20211028213733  -654.3 -92.1 -197.1
20211028213734  -654.4 -92.2 -197.1
20211028213735  -654.4 -92.3 -197.2
20211028213736  -653.5 -91.8 -196.6
20211028213737  -653.4 -92.0 -196.4
20211028213738  -654.0 -92.1 -196.6
20211028213739  -654.2 -92.2 -196.6
20211028213740  -654.2 -92.1 -196.8
20211028213741  -654.1 -92.2 -196.7
20211028213742  -654.1 -92.3 -197.0
20211028213743  -654.1 -91.9 -196.7
20211028213744  -654.0 -92.0 -196.7
20211028213745  -654.1 -92.0 -196.8
20211028213746  -654.2 -91.9 -196.7
20211028213747  -654.5 -91.8 -197.0
20211028213748  -654.6 -92.0 -197.3
20211028213749  -654.4 -92.2 -197.2
20211028213750  -654.2 -92.1 -197.2
20211028213751  -654.3 -92.2 -197.1
20211028213752  -654.4 -92.1 -196.9
20211028213753  -654.2 -92.2 -197.1
20211028213754  -654.3 -92.1 -196.9
20211028213755  -654.3 -92.1 -197.0
20211028213756  -654.5 -91.9 -197.0
20211028213757  -654.6 -92.1 -197.0
20211028213758  -654.5 -92.1 -197.2
20211028213759  -654.5 -92.2 -197.1
20211028213800  -654.4 -92.0 -197.2
20211028213801  -654.3 -92.0 -197.2
20211028213802  -654.6 -91.9 -197.2
20211028213803  -654.6 -92.3 -197.1
20211028213804  -654.1 -92.2 -197.2
20211028213805  -654.4 -92.0 -197.3
20211028213806  -653.5 -92.3 -196.5
20211028213807  -653.7 -92.1 -196.7
20211028213808  -654.3 -92.0 -196.7
20211028213809  -654.5 -91.9 -197.0
20211028213810  -654.5 -91.9 -197.1
20211028213811  -654.0 -91.8 -197.1
20211028213812  -654.2 -91.8 -196.9
20211028213813  -654.1 -92.0 -197.1
20211028213814  -654.4 -91.8 -197.1
20211028213815  -654.0 -92.0 -197.1
20211028213816  -654.2 -92.1 -196.7
20211028213817  -654.2 -91.9 -197.0
20211028213818  -654.1 -91.7 -196.9
20211028213819  -654.4 -91.9 -197.1
20211028213820  -654.4 -91.8 -197.2
20211028213821  -654.1 -92.0 -197.0
20211028213822  -654.3 -92.0 -196.8
20211028213823  -654.4 -92.1 -196.9
20211028213824  -654.3 -91.9 -197.0
20211028213825  -654.4 -91.6 -197.4
20211028213826  -654.3 -91.8 -196.6
20211028213827  -654.4 -91.9 -197.0
20211028213828  -654.4 -91.9 -197.0
20211028213829  -654.3 -92.1 -196.7
20211028213830  -654.2 -91.9 -197.1
20211028213831  -654.0 -91.7 -197.1
20211028213832  -654.0 -92.1 -196.9
20211028213833  -654.2 -91.7 -197.0
20211028213834  -654.2 -91.9 -197.3
20211028213835  -654.2 -92.1 -197.1
20211028213836  -653.4 -91.8 -196.8
20211028213837  -653.7 -91.7 -197.1
20211028213838  -654.0 -92.1 -197.2
20211028213839  -654.1 -91.9 -197.4
20211028213840  -654.3 -91.8 -196.9
20211028213841  -654.2 -92.1 -196.7
20211028213842  -654.4 -92.0 -196.7
20211028213843  -654.2 -92.1 -196.8
20211028213844  -654.1 -91.9 -196.8
20211028213845  -654.0 -91.9 -196.8
20211028213846  -654.1 -92.2 -196.6
20211028213847  -654.0 -91.9 -196.8
20211028213848  -654.3 -92.1 -196.8
20211028213849  -654.3 -92.1 -196.8
20211028213850  -654.3 -91.9 -196.7
20211028213851  -654.6 -92.0 -196.6
20211028213852  -654.3 -91.9 -196.8
20211028213853  -654.3 -91.9 -196.9
20211028213854  -654.4 -91.7 -196.8
20211028213855  -654.6 -92.0 -196.8
20211028213856  -654.3 -91.8 -196.7
20211028213857  -654.4 -91.9 -196.6
20211028213858  -654.3 -91.8 -196.7
20211028213859  -654.0 -91.9 -196.7
20211028213900  -654.0 -91.9 -196.6
20211028213901  -654.0 -92.0 -196.6
20211028213902  -654.1 -92.1 -196.7
20211028213903  -654.2 -92.0 -196.8
20211028213904  -654.4 -91.9 -196.7
20211028213905  -654.3 -91.9 -196.4
20211028213906  -653.6 -91.9 -196.5
20211028213907  -653.7 -91.7 -196.4
20211028213908  -654.1 -92.0 -196.9
20211028213909  -654.0 -92.2 -196.8
20211028213910  -654.2 -92.3 -196.8
20211028213911  -654.4 -92.1 -197.0
20211028213912  -654.2 -92.3 -197.2
20211028213913  -654.4 -92.3 -197.1
20211028213914  -654.2 -91.8 -197.3
20211028213915  -654.2 -91.9 -197.1
20211028213916  -654.4 -91.8 -197.0
20211028213917  -654.4 -92.0 -197.1
20211028213918  -654.5 -92.1 -197.0
20211028213919  -654.6 -92.1 -197.2
20211028213920  -654.5 -92.1 -197.1
20211028213921  -654.5 -92.2 -196.8
20211028213922  -654.3 -92.3 -196.9
20211028213923  -654.3 -91.9 -197.0
20211028213924  -654.3 -91.6 -197.1
20211028213925  -654.5 -91.7 -197.1
20211028213926  -654.4 -92.0 -197.0
20211028213927  -654.5 -92.0 -197.0
20211028213928  -654.5 -91.9 -196.9
20211028213929  -654.7 -92.1 -196.9
20211028213930  -654.5 -92.1 -197.0
20211028213931  -654.3 -92.0 -197.1
20211028213932  -654.4 -92.1 -197.1
20211028213933  -654.3 -92.0 -196.9
20211028213934  -654.3 -91.7 -196.9
20211028213935  -654.5 -91.8 -197.0
20211028213936  -654.1 -92.1 -197.0
20211028213937  -654.0 -91.9 -196.6
20211028213938  -654.5 -92.2 -196.8
20211028213939  -654.5 -91.8 -196.8
20211028213940  -654.4 -92.2 -196.8
20211028213941  -654.6 -91.9 -196.8
20211028213942  -654.4 -91.7 -197.0
20211028213943  -654.6 -91.7 -197.0
20211028213944  -654.5 -91.7 -196.7
20211028213945  -654.3 -92.2 -197.0
20211028213946  -654.2 -92.2 -196.8
20211028213947  -654.4 -92.0 -196.8
20211028213948  -654.5 -91.8 -196.8
20211028213949  -654.4 -91.8 -196.9
20211028213950  -654.3 -92.0 -196.9
20211028213951  -654.7 -92.1 -197.0
20211028213952  -654.7 -92.0 -196.9
20211028213953  -654.6 -92.2 -196.9
20211028213954  -654.4 -92.3 -196.8
20211028213955  -654.5 -92.2 -197.0
20211028213956  -654.6 -92.2 -197.0
20211028213957  -654.7 -91.8 -196.9
20211028213958  -654.6 -92.0 -196.9
20211028213959  -654.6 -91.9 -196.8
20211028214000  -654.6 -91.6 -196.9
20211028214001  -654.6 -91.6 -196.8
20211028214002  -654.8 -91.8 -196.6
20211028214003  -654.7 -91.8 -196.7
20211028214004  -654.7 -91.7 -196.8
20211028214005  -654.7 -91.9 -196.9
20211028214006  -654.3 -92.1 -196.8
20211028214007  -654.3 -92.1 -196.4
20211028214008  -654.9 -92.0 -196.8
20211028214009  -654.6 -91.7 -196.9
20211028214010  -654.7 -91.9 -196.9
20211028214011  -654.9 -92.1 -196.9
20211028214012  -654.6 -92.1 -196.9
20211028214013  -654.5 -92.2 -196.9
20211028214014  -654.9 -92.0 -196.7
20211028214015  -654.7 -91.9 -196.9
20211028214016  -655.0 -91.6 -196.6
20211028214017  -654.8 -91.6 -196.6
20211028214018  -654.8 -91.7 -196.8
20211028214019  -655.0 -91.9 -196.9
20211028214020  -655.0 -92.1 -196.8
20211028214021  -654.9 -92.2 -197.1
20211028214022  -654.9 -92.1 -197.3
20211028214023  -654.7 -91.7 -197.2
20211028214024  -654.6 -91.7 -197.1
20211028214025  -654.9 -91.9 -197.0
20211028214026  -654.8 -92.0 -197.0
20211028214027  -654.7 -92.1 -196.8
20211028214028  -654.6 -92.3 -196.8
20211028214029  -654.7 -92.2 -196.9
20211028214030  -654.6 -92.1 -196.9
20211028214031  -654.7 -92.2 -196.8
20211028214032  -654.7 -92.2 -197.1
20211028214033  -654.6 -92.1 -197.0
20211028214034  -655.0 -91.8 -196.8
20211028214035  -655.1 -92.1 -196.9
20211028214036  -655.2 -92.1 -196.8
20211028214037  -654.9 -91.9 -196.6
20211028214038  -655.0 -92.0 -197.1
20211028214039  -655.0 -92.0 -197.3
20211028214040  -655.1 -92.0 -197.1
20211028214041  -655.2 -92.0 -197.1
20211028214042  -655.2 -91.9 -197.1
20211028214043  -655.3 -92.0 -196.9
20211028214044  -655.4 -92.0 -197.0
20211028214045  -655.2 -92.2 -196.8
20211028214046  -655.3 -92.3 -196.9
20211028214047  -655.1 -92.0 -196.8
20211028214048  -654.8 -92.0 -196.7
20211028214049  -654.9 -92.3 -196.7
20211028214050  -654.9 -92.2 -196.7
20211028214051  -655.1 -92.0 -196.5
20211028214052  -655.2 -92.1 -196.6
20211028214053  -655.1 -92.3 -196.7
20211028214054  -654.9 -92.0 -196.7
20211028214055  -654.7 -92.0 -196.7
20211028214056  -654.8 -92.0 -196.6
20211028214057  -654.9 -92.2 -196.2
20211028214058  -655.2 -91.9 -196.7
20211028214059  -655.0 -92.1 -196.6
20211028214100  -654.9 -92.3 -196.4
20211028214101  -654.8 -92.2 -196.7
20211028214102  -655.0 -92.2 -196.7
20211028214103  -654.8 -92.1 -196.6
20211028214104  -655.1 -91.7 -196.5
20211028214105  -655.0 -92.1 -196.8
20211028214106  -654.8 -92.0 -196.8
20211028214107  -654.1 -91.7 -196.2
20211028214108  -654.7 -92.1 -196.6
20211028214109  -654.8 -91.9 -196.6
20211028214110  -654.9 -91.9 -196.6
20211028214111  -654.8 -92.1 -196.4
20211028214112  -654.6 -92.1 -196.7
20211028214113  -654.4 -91.9 -196.4
20211028214114  -654.6 -92.0 -196.6
20211028214115  -654.5 -91.8 -196.6
20211028214116  -654.5 -91.8 -196.4
20211028214117  -654.8 -91.7 -196.3
20211028214118  -654.7 -91.9 -196.2
20211028214119  -654.6 -91.8 -196.4
20211028214120  -654.5 -91.8 -196.5
20211028214121  -654.5 -91.6 -196.4
20211028214122  -654.7 -91.9 -196.4
20211028214123  -654.8 -91.9 -196.5
20211028214124  -654.7 -92.0 -196.6
20211028214125  -655.2 -92.0 -196.4
20211028214126  -655.0 -92.0 -196.2
20211028214127  -655.1 -91.9 -196.6
20211028214128  -654.9 -92.0 -196.7
20211028214129  -655.0 -91.7 -196.4
20211028214130  -654.9 -91.5 -196.4
20211028214131  -654.9 -92.1 -196.4
20211028214132  -655.0 -92.2 -196.8
20211028214133  -654.9 -92.0 -196.7
20211028214134  -655.1 -92.2 -197.0
20211028214135  -654.8 -92.1 -196.8
20211028214136  -654.8 -92.2 -196.6
20211028214137  -654.1 -91.8 -196.0
20211028214138  -654.3 -91.6 -195.9
20211028214139  -654.8 -91.7 -196.3
20211028214140  -655.0 -91.6 -196.5
20211028214141  -655.0 -91.6 -196.5
20211028214142  -654.8 -91.6 -196.4
20211028214143  -654.7 -92.0 -196.4
20211028214144  -654.9 -91.7 -196.4
20211028214145  -654.9 -91.8 -196.3
20211028214146  -654.9 -92.0 -196.2
20211028214147  -655.1 -91.6 -196.3
20211028214148  -655.3 -91.7 -196.4
20211028214149  -655.2 -91.6 -196.6
20211028214150  -655.1 -91.8 -196.4
20211028214151  -655.1 -91.8 -196.2
20211028214152  -655.4 -91.7 -196.4
20211028214153  -655.2 -92.0 -196.7
20211028214154  -655.0 -91.9 -196.5
20211028214155  -655.0 -91.8 -196.2
20211028214156  -655.1 -91.9 -196.4
20211028214157  -655.0 -92.1 -196.1
20211028214158  -655.1 -91.9 -196.2
20211028214159  -655.1 -91.7 -196.2
20211028214200  -655.0 -91.8 -196.2
20211028214201  -655.1 -91.8 -196.5
20211028214202  -655.0 -91.6 -196.2
20211028214203  -655.2 -91.8 -196.3
20211028214204  -655.0 -91.8 -196.2
20211028214205  -655.2 -91.8 -196.1
20211028214206  -655.2 -92.1 -196.2
20211028214207  -654.5 -92.1 -195.6
20211028214208  -654.1 -91.9 -195.5
20211028214209  -655.0 -91.9 -196.1
20211028214210  -654.9 -92.0 -196.2
20211028214211  -654.7 -91.8 -196.2
20211028214212  -655.0 -91.8 -196.2
