20211117212024  -689.6 -83.6 -202.3
20211117212025  -689.2 -83.6 -202.1
20211117212026  -689.4 -83.9 -202.1
20211117212027  -689.4 -83.5 -201.8
20211117212028  -689.3 -83.2 -201.7
20211117212029  -689.3 -83.0 -201.9
20211117212030  -689.3 -83.4 -201.8
20211117212031  -689.3 -83.3 -202.0
20211117212032  -689.1 -83.3 -202.0
20211117212033  -689.1 -83.3 -201.9
20211117212034  -689.0 -82.8 -201.8
20211117212035  -689.0 -83.3 -202.0
20211117212036  -689.1 -82.8 -201.9
20211117212037  -688.9 -83.1 -201.8
20211117212038  -688.9 -83.2 -201.8
20211117212039  -688.7 -83.1 -201.7
20211117212040  -688.8 -83.0 -201.6
20211117212041  -688.4 -83.2 -201.4
20211117212042  -688.5 -83.2 -201.8
20211117212043  -688.3 -83.0 -201.4
20211117212044  -688.3 -83.0 -201.3
20211117212045  -688.2 -82.8 -201.4
20211117212046  -688.4 -82.9 -201.4
20211117212047  -688.0 -82.8 -201.3
20211117212048  -687.6 -82.8 -201.6
20211117212049  -687.5 -82.8 -201.5
20211117212050  -687.4 -82.8 -201.6
20211117212051  -687.7 -82.7 -201.5
20211117212052  -687.7 -82.6 -201.5
20211117212053  -687.4 -82.8 -201.5
20211117212054  -686.9 -82.8 -201.6
20211117212055  -687.3 -82.5 -201.3
20211117212056  -687.4 -82.5 -201.2
20211117212057  -687.4 -82.7 -201.2
20211117212058  -687.1 -82.6 -201.2
20211117212059  -686.9 -82.6 -201.2
20211117212100  -686.7 -82.4 -201.1
20211117212101  -686.6 -82.4 -201.1
20211117212102  -686.4 -82.4 -201.3
20211117212103  -686.4 -82.3 -201.2
20211117212104  -686.2 -82.3 -201.3
20211117212105  -685.9 -82.3 -201.0
20211117212106  -685.8 -82.3 -201.0
20211117212107  -685.5 -82.4 -200.8
20211117212108  -685.5 -82.3 -201.1
20211117212109  -685.2 -82.4 -201.0
20211117212110  -684.9 -82.3 -200.9
20211117212111  -685.1 -82.2 -200.9
20211117212112  -685.1 -82.2 -201.0
20211117212113  -684.9 -82.3 -200.9
20211117212114  -684.4 -82.2 -200.6
20211117212115  -684.3 -82.1 -200.5
20211117212116  -684.3 -82.2 -200.7
20211117212117  -683.7 -81.9 -200.5
20211117212118  -683.6 -82.2 -200.5
20211117212119  -683.2 -82.2 -200.7
20211117212120  -682.9 -82.3 -200.5
20211117212121  -682.6 -82.0 -200.2
20211117212122  -682.4 -81.8 -200.3
20211117212123  -682.3 -82.0 -200.0
20211117212124  -682.1 -82.3 -200.0
20211117212125  -682.0 -82.3 -200.1
20211117212126  -681.9 -82.1 -200.1
20211117212127  -681.6 -82.0 -200.1
20211117212128  -681.7 -81.8 -200.0
20211117212129  -681.3 -81.7 -200.0
20211117212130  -681.3 -81.7 -200.0
20211117212131  -681.2 -81.4 -200.2
20211117212132  -681.2 -81.5 -200.1
20211117212133  -681.2 -81.5 -200.1
20211117212134  -681.1 -81.2 -200.2
20211117212135  -680.9 -81.0 -200.2
20211117212136  -680.9 -81.2 -200.0
20211117212137  -680.9 -81.0 -200.0
20211117212138  -680.7 -81.1 -199.6
20211117212139  -680.8 -81.3 -199.6
20211117212140  -680.7 -81.1 -199.7
20211117212141  -680.4 -80.9 -199.7
20211117212142  -680.3 -81.1 -199.5
20211117212143  -680.1 -81.0 -199.7
20211117212144  -680.0 -81.1 -199.8
20211117212145  -679.8 -81.2 -199.8
20211117212146  -679.6 -81.2 -199.7
20211117212147  -679.5 -81.1 -199.6
20211117212148  -679.2 -81.4 -199.3
20211117212149  -679.1 -81.0 -199.7
20211117212150  -678.8 -81.0 -199.6
20211117212151  -678.7 -81.0 -199.6
20211117212152  -678.7 -81.0 -199.4
20211117212153  -679.1 -81.0 -199.5
20211117212154  -678.8 -80.8 -199.5
20211117212155  -678.8 -80.8 -199.4
20211117212156  -678.6 -80.6 -199.4
20211117212157  -678.8 -80.4 -199.5
20211117212158  -678.8 -80.6 -199.5
20211117212159  -678.7 -80.6 -199.4
20211117212200  -678.4 -80.4 -199.6
20211117212201  -678.5 -80.4 -199.5
20211117212202  -678.6 -80.4 -199.2
20211117212203  -678.3 -80.2 -199.4
20211117212204  -678.3 -79.8 -199.3
20211117212205  -678.6 -79.9 -199.1
20211117212206  -678.1 -79.9 -199.2
20211117212207  -678.1 -79.9 -199.0
20211117212208  -678.1 -79.9 -198.9
20211117212209  -678.0 -80.1 -199.0
20211117212210  -678.3 -79.8 -199.1
20211117212211  -678.3 -79.8 -199.2
20211117212212  -678.2 -79.6 -199.1
20211117212213  -678.3 -80.0 -198.8
20211117212214  -678.7 -79.8 -198.9
20211117212215  -678.6 -79.6 -199.1
20211117212216  -678.6 -79.8 -198.8
20211117212217  -679.0 -79.7 -199.1
20211117212218  -678.8 -79.8 -199.4
20211117212219  -679.0 -80.1 -199.1
20211117212220  -679.3 -79.8 -199.5
20211117212221  -679.4 -79.9 -199.7
20211117212222  -679.6 -79.9 -199.7
20211117212223  -679.6 -80.0 -199.8
20211117212224  -679.9 -80.0 -199.8
20211117212225  -680.4 -80.1 -199.9
20211117212226  -680.5 -80.1 -199.7
20211117212227  -680.8 -80.3 -199.6
20211117212228  -680.7 -80.1 -199.7
20211117212229  -680.9 -80.3 -199.6
20211117212230  -680.9 -80.4 -199.5
20211117212231  -681.1 -80.3 -199.7
20211117212232  -681.0 -80.3 -199.4
20211117212233  -681.2 -80.3 -199.4
20211117212234  -681.2 -80.3 -199.3
20211117212235  -681.3 -80.3 -199.2
20211117212236  -681.3 -80.2 -199.4
20211117212237  -681.2 -80.5 -199.5
20211117212238  -681.3 -80.3 -199.3
20211117212239  -681.6 -80.5 -198.9
20211117212240  -681.2 -80.7 -198.8
20211117212241  -681.6 -80.9 -199.0
20211117212242  -681.5 -81.1 -199.2
20211117212243  -681.3 -80.8 -199.3
20211117212244  -681.7 -80.7 -199.6
20211117212245  -681.7 -80.9 -199.4
20211117212246  -681.7 -81.0 -199.7
20211117212247  -681.6 -80.9 -199.8
20211117212248  -681.5 -81.0 -199.6
20211117212249  -681.7 -80.9 -199.6
20211117212250  -681.7 -81.0 -199.8
20211117212251  -681.6 -80.9 -199.5
20211117212252  -681.9 -80.9 -199.9
20211117212253  -682.0 -80.9 -199.7
20211117212254  -682.3 -80.9 -199.7
20211117212255  -681.9 -80.9 -199.8
20211117212256  -682.0 -80.8 -199.5
20211117212257  -682.2 -80.9 -199.7
20211117212258  -681.9 -80.8 -199.5
20211117212259  -681.7 -81.0 -199.7
20211117212300  -682.0 -81.2 -199.7
20211117212301  -681.9 -81.4 -199.7
20211117212302  -681.6 -81.1 -199.5
20211117212303  -681.8 -80.8 -199.3
20211117212304  -681.7 -81.0 -199.5
20211117212305  -681.6 -81.1 -199.5
20211117212306  -680.9 -81.4 -199.4
20211117212307  -680.9 -81.1 -199.4
20211117212308  -681.1 -81.0 -198.9
20211117212309  -680.8 -80.9 -199.0
20211117212310  -680.7 -80.8 -198.9
20211117212311  -680.4 -81.0 -198.7
20211117212312  -680.0 -80.8 -198.6
20211117212313  -679.8 -80.9 -198.6
20211117212314  -680.0 -81.0 -198.6
20211117212315  -680.2 -81.1 -198.8
20211117212316  -679.7 -80.9 -198.6
20211117212317  -679.8 -80.8 -198.6
20211117212318  -679.8 -80.9 -198.5
20211117212319  -679.5 -80.8 -198.5
20211117212320  -679.5 -81.1 -198.8
20211117212321  -679.2 -81.0 -198.8
20211117212322  -679.4 -80.7 -198.7
20211117212323  -679.2 -80.7 -198.7
20211117212324  -679.0 -80.6 -198.8
20211117212325  -678.7 -80.4 -198.4
20211117212326  -679.1 -80.5 -198.5
20211117212327  -679.3 -80.2 -198.6
20211117212328  -679.1 -80.4 -198.8
20211117212329  -679.1 -80.4 -198.5
20211117212330  -679.2 -80.4 -198.5
20211117212331  -679.1 -80.4 -198.4
20211117212332  -679.1 -80.2 -198.4
20211117212333  -679.0 -80.0 -198.6
20211117212334  -679.0 -80.1 -198.8
20211117212335  -679.5 -80.2 -198.9
20211117212336  -679.7 -80.3 -199.1
20211117212337  -679.8 -80.2 -198.9
20211117212338  -679.9 -80.3 -199.0
20211117212339  -680.3 -80.2 -199.0
20211117212340  -680.2 -80.6 -199.1
20211117212341  -680.5 -80.7 -198.9
20211117212342  -680.7 -80.7 -199.1
20211117212343  -680.6 -80.8 -199.1
20211117212344  -680.9 -80.8 -199.0
20211117212345  -681.1 -81.0 -199.3
20211117212346  -681.4 -80.7 -199.4
20211117212347  -681.3 -80.9 -198.9
20211117212348  -681.4 -80.9 -198.9
20211117212349  -681.3 -80.8 -198.7
20211117212350  -681.3 -80.9 -198.9
20211117212351  -681.6 -80.8 -198.8
20211117212352  -681.4 -81.1 -198.9
20211117212353  -681.7 -81.0 -199.1
20211117212354  -681.8 -80.9 -199.2
20211117212355  -681.7 -80.9 -199.0
20211117212356  -681.5 -80.8 -198.7
20211117212357  -682.1 -80.9 -199.0
20211117212358  -682.0 -81.0 -198.6
20211117212359  -682.0 -81.1 -199.0
20211117212400  -682.2 -81.2 -199.1
20211117212401  -682.5 -81.3 -199.2
20211117212402  -682.6 -81.3 -199.3
20211117212403  -682.9 -81.3 -199.2
20211117212404  -683.1 -81.5 -199.4
20211117212405  -683.1 -81.4 -199.3
20211117212406  -683.3 -81.3 -199.1
20211117212407  -683.4 -81.2 -199.2
20211117212408  -683.8 -81.4 -199.0
20211117212409  -683.8 -81.2 -199.0
20211117212410  -683.7 -81.3 -199.0
20211117212411  -684.1 -81.2 -199.2
20211117212412  -684.0 -81.3 -199.1
20211117212413  -684.4 -81.3 -198.9
20211117212414  -684.2 -81.3 -199.0
20211117212415  -684.4 -81.6 -198.6
20211117212416  -684.4 -81.5 -198.9
20211117212417  -684.4 -81.7 -198.9
20211117212418  -684.4 -81.8 -198.9
20211117212419  -684.3 -81.5 -198.8
20211117212420  -684.1 -81.7 -198.6
20211117212421  -683.9 -81.6 -198.5
20211117212422  -683.9 -81.8 -198.8
20211117212423  -683.7 -81.9 -199.0
20211117212424  -683.7 -81.8 -198.7
20211117212425  -683.4 -81.8 -198.3
20211117212426  -682.9 -81.8 -198.2
20211117212427  -683.1 -81.8 -198.7
20211117212428  -683.1 -81.7 -198.8
20211117212429  -683.0 -81.6 -198.6
20211117212430  -683.1 -81.6 -198.6
20211117212431  -683.0 -81.7 -198.9
20211117212432  -683.2 -81.7 -199.1
20211117212433  -683.3 -81.6 -199.0
20211117212434  -683.2 -82.0 -198.8
20211117212435  -683.3 -82.0 -199.1
20211117212436  -683.3 -82.0 -198.7
20211117212437  -683.6 -82.0 -198.9
20211117212438  -683.8 -82.0 -199.0
20211117212439  -683.4 -82.1 -199.0
20211117212440  -683.6 -82.1 -199.2
20211117212441  -683.8 -82.2 -199.2
20211117212442  -683.8 -82.2 -199.2
20211117212443  -684.0 -82.4 -199.5
20211117212444  -684.0 -82.0 -199.6
20211117212445  -684.0 -82.5 -199.4
20211117212446  -684.3 -82.3 -199.2
20211117212447  -684.5 -82.4 -199.1
20211117212448  -684.9 -82.4 -199.2
20211117212449  -684.8 -82.2 -199.1
20211117212450  -684.8 -82.5 -199.5
20211117212451  -684.5 -82.4 -199.5
20211117212452  -684.7 -82.6 -199.6
20211117212453  -684.6 -82.4 -199.6
20211117212454  -684.8 -82.6 -199.6
20211117212455  -684.7 -82.4 -199.4
20211117212456  -684.0 -82.6 -198.9
20211117212457  -684.3 -82.4 -199.1
20211117212458  -684.4 -82.3 -199.3
20211117212459  -684.4 -82.3 -199.1
20211117212500  -684.3 -82.2 -199.1
20211117212501  -684.3 -82.2 -199.3
20211117212502  -684.2 -82.5 -199.4
20211117212503  -684.7 -82.3 -199.4
20211117212504  -684.5 -82.2 -199.6
20211117212505  -684.7 -81.9 -199.9
20211117212506  -684.9 -82.0 -199.7
20211117212507  -684.7 -82.2 -199.6
20211117212508  -684.8 -82.1 -199.5
20211117212509  -684.6 -82.4 -199.8
20211117212510  -684.7 -82.3 -199.8
20211117212511  -684.9 -82.3 -199.9
20211117212512  -685.0 -82.6 -199.8
20211117212513  -685.1 -82.6 -199.7
20211117212514  -685.3 -82.6 -200.1
20211117212515  -685.5 -82.7 -200.3
20211117212516  -685.8 -82.5 -200.3
20211117212517  -686.2 -82.6 -200.5
20211117212518  -686.2 -82.4 -200.5
20211117212519  -686.5 -82.3 -200.5
20211117212520  -686.8 -82.6 -200.4
20211117212521  -686.8 -82.5 -200.6
20211117212522  -686.8 -82.4 -200.6
20211117212523  -687.4 -82.8 -200.7
20211117212524  -687.4 -82.6 -200.2
20211117212525  -687.6 -82.4 -200.4
20211117212526  -687.5 -82.2 -200.2
20211117212527  -687.9 -82.3 -200.4
20211117212528  -687.9 -82.5 -200.9
20211117212529  -688.2 -82.4 -201.0
20211117212530  -688.1 -82.3 -201.1
20211117212531  -688.6 -82.2 -201.2
20211117212532  -688.8 -82.0 -201.4
20211117212533  -688.6 -82.0 -201.2
20211117212534  -688.9 -82.0 -201.2
20211117212535  -689.0 -82.1 -201.4
20211117212536  -689.1 -82.3 -201.0
20211117212537  -689.3 -82.0 -201.4
20211117212538  -689.4 -82.0 -201.1
20211117212539  -689.4 -82.3 -201.1
20211117212540  -689.6 -82.0 -201.3
20211117212541  -689.5 -82.0 -201.2
20211117212542  -689.7 -81.8 -201.4
20211117212543  -689.9 -81.9 -201.4
20211117212544  -690.1 -81.7 -201.3
20211117212545  -690.0 -82.1 -201.3
20211117212546  -690.2 -82.2 -201.4
20211117212547  -690.3 -82.4 -201.3
20211117212548  -690.6 -82.2 -201.3
20211117212549  -690.6 -82.2 -201.3
20211117212550  -690.8 -82.2 -201.5
20211117212551  -690.5 -82.2 -201.4
20211117212552  -690.4 -82.2 -201.1
20211117212553  -690.5 -82.2 -201.2
20211117212554  -690.6 -82.3 -201.1
20211117212555  -690.8 -82.3 -201.0
20211117212556  -690.8 -82.5 -201.0
20211117212557  -690.8 -82.4 -200.9
20211117212558  -690.9 -82.2 -200.9
20211117212559  -691.1 -82.3 -201.1
20211117212600  -691.0 -82.3 -201.3
20211117212601  -691.0 -82.2 -201.3
20211117212602  -691.3 -82.5 -201.1
20211117212603  -690.8 -82.2 -201.3
20211117212604  -690.8 -82.4 -201.4
20211117212605  -690.8 -82.2 -201.2
20211117212606  -690.8 -82.5 -201.4
20211117212607  -690.9 -82.4 -201.4
20211117212608  -690.5 -82.4 -201.3
20211117212609  -690.6 -82.3 -201.3
20211117212610  -690.8 -82.6 -201.5
20211117212611  -690.5 -82.1 -201.6
20211117212612  -690.7 -82.3 -201.7
20211117212613  -690.6 -82.3 -201.9
20211117212614  -690.4 -82.6 -201.8
20211117212615  -690.6 -82.6 -202.0
20211117212616  -690.3 -82.7 -202.0
20211117212617  -690.2 -82.6 -201.9
20211117212618  -690.1 -82.5 -201.9
20211117212619  -690.0 -82.6 -201.5
20211117212620  -690.1 -82.5 -201.5
20211117212621  -689.8 -82.5 -201.6
20211117212622  -689.3 -82.3 -201.6
20211117212623  -689.1 -82.5 -201.6
20211117212624  -688.7 -82.4 -201.4
20211117212625  -688.6 -82.6 -201.4
20211117212626  -688.7 -82.3 -201.4
20211117212627  -688.3 -82.3 -201.0
20211117212628  -688.3 -82.3 -201.3
20211117212629  -688.1 -82.1 -201.7
20211117212630  -687.9 -82.1 -201.5
20211117212631  -687.8 -82.7 -201.6
20211117212632  -687.8 -82.4 -201.6
20211117212633  -687.7 -81.9 -201.2
20211117212634  -687.6 -81.9 -201.2
20211117212635  -687.7 -82.2 -200.9
20211117212636  -687.5 -81.9 -201.4
20211117212637  -687.4 -81.8 -201.3
20211117212638  -687.3 -81.5 -201.2
20211117212639  -687.4 -81.4 -201.4
20211117212640  -686.9 -81.6 -201.4
20211117212641  -686.9 -81.6 -201.4
20211117212642  -686.9 -81.4 -201.4
20211117212643  -686.6 -81.4 -201.0
20211117212644  -686.7 -81.5 -201.0
20211117212645  -686.6 -81.1 -201.0
20211117212646  -686.4 -81.0 -201.0
20211117212647  -686.5 -81.0 -201.0
20211117212648  -686.5 -80.7 -200.9
20211117212649  -686.4 -80.5 -200.9
20211117212650  -686.2 -80.7 -200.8
20211117212651  -686.2 -80.6 -200.8
20211117212652  -686.2 -80.4 -200.9
20211117212653  -686.0 -80.6 -201.0
20211117212654  -685.9 -80.8 -200.8
20211117212655  -685.8 -80.5 -200.8
20211117212656  -685.9 -80.4 -200.7
20211117212657  -685.7 -80.4 -200.5
20211117212658  -685.8 -80.3 -200.8
20211117212659  -685.2 -80.0 -200.7
20211117212700  -685.3 -80.2 -201.0
20211117212701  -685.6 -80.3 -201.1
20211117212702  -685.6 -80.5 -201.0
20211117212703  -685.4 -80.4 -200.8
20211117212704  -685.3 -80.1 -200.7
20211117212705  -685.2 -80.2 -201.1
20211117212706  -685.1 -80.0 -200.7
20211117212707  -685.4 -80.0 -201.0
20211117212708  -685.3 -80.1 -200.8
20211117212709  -685.4 -80.2 -201.0
20211117212710  -685.3 -80.0 -200.7
20211117212711  -685.4 -79.9 -200.8
20211117212712  -685.2 -79.7 -200.6
20211117212713  -685.2 -79.8 -200.5
20211117212714  -684.9 -79.7 -200.9
20211117212715  -685.0 -79.8 -200.6
20211117212716  -685.1 -79.7 -200.8
20211117212717  -685.3 -80.0 -201.1
20211117212718  -685.2 -79.9 -201.0
20211117212719  -685.0 -80.0 -200.8
20211117212720  -685.1 -79.8 -200.5
20211117212721  -685.0 -80.0 -200.7
20211117212722  -685.1 -80.1 -200.7
20211117212723  -684.9 -80.0 -200.7
20211117212724  -684.9 -80.0 -200.8
20211117212725  -684.9 -80.0 -200.6
20211117212726  -685.1 -79.9 -200.5
20211117212727  -684.8 -80.0 -200.2
20211117212728  -684.8 -79.8 -200.8
20211117212729  -684.5 -80.0 -200.6
20211117212730  -684.3 -79.9 -200.1
20211117212731  -684.5 -80.2 -200.4
20211117212732  -684.4 -79.9 -200.2
20211117212733  -684.4 -80.0 -200.6
20211117212734  -684.5 -79.9 -200.5
20211117212735  -684.2 -80.0 -200.3
20211117212736  -684.3 -80.1 -200.6
20211117212737  -684.7 -80.0 -200.3
20211117212738  -684.3 -80.1 -200.5
20211117212739  -684.0 -80.3 -200.5
20211117212740  -684.4 -79.8 -200.4
20211117212741  -683.9 -79.8 -200.3
20211117212742  -683.9 -79.7 -200.5
20211117212743  -684.2 -80.0 -200.4
20211117212744  -683.8 -80.0 -200.0
20211117212745  -683.9 -80.2 -200.3
20211117212746  -683.7 -80.0 -200.2
20211117212747  -683.6 -80.4 -200.2
20211117212748  -683.7 -80.4 -200.0
20211117212749  -683.7 -80.3 -200.0
20211117212750  -683.3 -80.4 -200.2
20211117212751  -683.1 -80.4 -199.9
20211117212752  -682.9 -80.2 -199.8
20211117212753  -682.9 -80.5 -199.6
20211117212754  -682.4 -80.5 -199.8
20211117212755  -682.0 -80.5 -200.1
20211117212756  -682.0 -80.6 -200.1
20211117212757  -682.0 -80.8 -200.0
20211117212758  -681.3 -80.9 -200.2
20211117212759  -681.1 -80.8 -200.4
20211117212800  -681.2 -80.7 -200.2
20211117212801  -680.9 -80.8 -200.1
20211117212802  -681.0 -80.6 -200.4
20211117212803  -681.1 -80.8 -200.3
20211117212804  -680.9 -80.9 -200.5
20211117212805  -681.0 -80.6 -200.1
20211117212806  -680.6 -80.8 -200.1
20211117212807  -680.6 -80.9 -200.2
20211117212808  -680.4 -81.2 -200.0
20211117212809  -680.3 -81.1 -200.2
20211117212810  -680.0 -80.6 -200.0
20211117212811  -680.1 -80.7 -200.1
20211117212812  -679.8 -80.9 -200.4
