20211026222052  -702.0 -67.0 -204.1
20211026222053  -702.0 -66.8 -204.0
20211026222054  -702.0 -66.9 -204.1
20211026222055  -701.6 -67.1 -204.0
20211026222056  -701.3 -66.7 -203.6
20211026222057  -701.0 -66.6 -203.3
20211026222058  -700.8 -66.4 -202.8
20211026222059  -701.6 -66.7 -202.9
20211026222100  -701.1 -66.5 -202.6
20211026222101  -701.0 -66.2 -202.5
20211026222102  -701.0 -66.2 -202.6
20211026222103  -700.6 -66.0 -202.5
20211026222104  -700.5 -65.9 -202.7
20211026222105  -700.2 -65.9 -202.4
20211026222106  -700.1 -65.8 -202.5
20211026222107  -699.9 -65.5 -202.1
20211026222108  -699.5 -65.4 -201.9
20211026222109  -699.1 -65.8 -201.6
20211026222110  -698.7 -65.3 -201.6
20211026222111  -698.6 -64.7 -201.7
20211026222112  -698.3 -64.9 -201.6
20211026222113  -697.4 -64.4 -201.9
20211026222114  -697.2 -64.4 -201.9
20211026222115  -696.9 -64.4 -201.6
20211026222116  -696.6 -64.4 -201.4
20211026222117  -696.2 -64.3 -201.6
20211026222118  -695.9 -64.3 -201.6
20211026222119  -695.5 -64.4 -201.6
20211026222120  -695.6 -64.2 -201.4
20211026222121  -695.5 -64.3 -201.9
20211026222122  -695.1 -64.1 -201.7
20211026222123  -695.0 -63.9 -201.8
20211026222124  -695.0 -63.6 -202.0
20211026222125  -695.0 -63.5 -202.1
20211026222126  -694.3 -63.4 -201.7
20211026222127  -694.2 -63.1 -201.3
20211026222128  -694.6 -62.8 -201.7
20211026222129  -695.0 -63.1 -201.9
20211026222130  -694.7 -63.0 -201.7
20211026222131  -694.9 -63.4 -202.2
20211026222132  -695.0 -63.2 -202.1
20211026222133  -695.1 -63.1 -202.1
20211026222134  -695.3 -63.0 -202.0
20211026222135  -695.6 -62.7 -201.9
20211026222136  -695.5 -62.8 -202.2
20211026222137  -695.8 -63.0 -202.4
20211026222138  -696.3 -62.6 -202.6
20211026222139  -696.8 -62.8 -202.9
20211026222140  -696.9 -62.7 -202.6
20211026222141  -697.1 -62.8 -202.7
20211026222142  -697.5 -62.8 -202.7
20211026222143  -698.0 -62.6 -202.3
20211026222144  -698.1 -62.8 -202.5
20211026222145  -698.6 -62.6 -202.7
20211026222146  -699.0 -63.1 -202.7
20211026222147  -699.1 -63.2 -202.6
20211026222148  -699.1 -63.1 -202.3
20211026222149  -699.1 -63.2 -202.0
20211026222150  -699.2 -62.8 -202.2
20211026222151  -699.1 -62.9 -202.3
20211026222152  -699.2 -63.0 -202.4
20211026222153  -699.0 -63.2 -202.1
20211026222154  -699.3 -63.1 -202.3
20211026222155  -699.2 -63.0 -202.1
20211026222156  -699.3 -63.2 -202.2
20211026222157  -698.9 -63.2 -202.0
20211026222158  -699.1 -63.1 -201.7
20211026222159  -699.8 -63.3 -202.3
20211026222200  -699.6 -63.3 -202.4
20211026222201  -699.8 -63.4 -202.6
20211026222202  -700.2 -63.1 -202.6
20211026222203  -700.4 -63.3 -202.8
20211026222204  -700.4 -63.5 -202.7
20211026222205  -700.7 -63.4 -202.8
20211026222206  -700.8 -63.4 -202.8
20211026222207  -700.8 -63.3 -202.6
20211026222208  -700.9 -63.8 -202.3
20211026222209  -701.3 -63.7 -202.4
20211026222210  -701.4 -63.6 -202.8
20211026222211  -701.5 -63.4 -202.6
20211026222212  -701.4 -63.4 -202.6
20211026222213  -701.5 -63.6 -202.7
20211026222214  -701.6 -63.1 -202.5
20211026222215  -701.9 -63.3 -202.5
20211026222216  -701.9 -63.3 -202.6
20211026222217  -702.2 -63.2 -202.4
20211026222218  -702.4 -63.2 -202.3
20211026222219  -702.7 -63.3 -202.3
20211026222220  -702.8 -63.0 -202.3
20211026222221  -703.2 -62.8 -202.2
20211026222222  -703.2 -62.5 -202.0
20211026222223  -703.5 -62.6 -201.8
20211026222224  -703.6 -62.9 -201.8
20211026222225  -703.5 -62.8 -201.6
20211026222226  -703.4 -62.9 -201.6
20211026222227  -703.0 -63.0 -201.2
20211026222228  -703.0 -62.7 -201.0
20211026222229  -703.3 -62.7 -201.2
20211026222230  -703.6 -62.6 -201.5
20211026222231  -703.7 -62.4 -201.6
20211026222232  -703.6 -62.3 -201.5
20211026222233  -703.4 -62.3 -201.3
20211026222234  -703.4 -62.0 -201.2
20211026222235  -703.4 -61.7 -201.2
20211026222236  -703.4 -61.5 -201.0
20211026222237  -703.1 -61.4 -201.1
20211026222238  -702.9 -61.3 -201.2
20211026222239  -702.6 -61.2 -201.4
20211026222240  -702.9 -61.1 -201.2
20211026222241  -702.9 -61.0 -201.2
20211026222242  -702.8 -61.1 -201.3
20211026222243  -702.6 -61.1 -201.3
20211026222244  -702.6 -61.3 -201.5
20211026222245  -702.8 -61.1 -201.4
20211026222246  -702.7 -61.2 -201.5
20211026222247  -702.7 -61.2 -201.6
20211026222248  -702.4 -61.2 -201.6
20211026222249  -702.5 -61.1 -201.3
20211026222250  -702.4 -61.3 -201.1
20211026222251  -702.4 -61.3 -201.2
20211026222252  -702.3 -61.5 -201.2
20211026222253  -702.4 -61.4 -201.3
20211026222254  -702.2 -61.6 -201.1
20211026222255  -702.0 -61.9 -201.0
20211026222256  -701.7 -62.1 -200.7
20211026222257  -701.1 -62.1 -200.3
20211026222258  -700.7 -62.0 -199.9
20211026222259  -701.2 -62.1 -200.5
20211026222300  -701.2 -62.4 -200.6
20211026222301  -701.2 -62.7 -200.5
20211026222302  -701.1 -62.8 -200.6
20211026222303  -700.9 -63.0 -200.5
20211026222304  -700.9 -63.0 -200.5
20211026222305  -700.8 -63.4 -200.7
20211026222306  -700.3 -63.4 -200.4
20211026222307  -700.3 -63.3 -200.6
20211026222308  -700.2 -63.3 -200.2
20211026222309  -700.2 -63.4 -200.2
20211026222310  -699.3 -63.5 -200.0
20211026222311  -699.4 -63.4 -199.8
20211026222312  -699.4 -63.6 -199.7
20211026222313  -698.7 -63.9 -200.0
20211026222314  -698.8 -63.7 -199.9
20211026222315  -698.6 -64.0 -199.7
20211026222316  -698.2 -64.3 -199.5
20211026222317  -697.9 -64.3 -199.6
20211026222318  -697.6 -64.4 -199.5
20211026222319  -697.4 -64.5 -199.5
20211026222320  -697.1 -64.4 -199.2
20211026222321  -696.9 -64.4 -199.3
20211026222322  -696.6 -64.3 -199.2
20211026222323  -696.3 -64.5 -199.2
20211026222324  -696.0 -64.7 -199.4
20211026222325  -696.2 -64.8 -199.4
20211026222326  -695.9 -64.9 -199.4
20211026222327  -694.8 -64.8 -198.4
20211026222328  -694.3 -64.6 -198.2
20211026222329  -694.1 -65.0 -198.1
20211026222330  -694.5 -65.1 -198.9
20211026222331  -694.1 -65.2 -198.8
20211026222332  -694.1 -65.0 -198.7
20211026222333  -694.2 -65.3 -198.5
20211026222334  -693.5 -65.2 -198.6
20211026222335  -693.6 -65.4 -198.8
20211026222336  -693.2 -65.2 -198.4
20211026222337  -693.1 -65.3 -198.6
20211026222338  -693.1 -65.2 -198.5
20211026222339  -693.1 -64.9 -199.0
20211026222340  -693.0 -65.1 -198.7
20211026222341  -692.9 -65.4 -198.9
20211026222342  -693.1 -65.2 -198.8
20211026222343  -693.0 -65.4 -198.9
20211026222344  -692.8 -65.5 -198.8
20211026222345  -692.6 -65.3 -198.5
20211026222346  -692.7 -65.6 -199.0
20211026222347  -692.6 -65.4 -198.8
20211026222348  -692.8 -65.2 -198.8
20211026222349  -692.6 -65.4 -199.0
20211026222350  -692.3 -65.3 -198.8
20211026222351  -692.4 -65.2 -198.8
20211026222352  -692.2 -65.3 -199.0
20211026222353  -692.1 -65.1 -198.9
20211026222354  -692.1 -65.1 -199.1
20211026222355  -691.9 -65.1 -198.8
20211026222356  -691.9 -65.0 -198.8
20211026222357  -691.0 -64.7 -198.6
20211026222358  -690.7 -64.5 -198.3
20211026222359  -690.4 -64.5 -198.2
20211026222400  -690.6 -64.5 -198.4
20211026222401  -690.8 -64.4 -198.3
20211026222402  -690.5 -64.3 -198.4
20211026222403  -690.4 -64.2 -198.4
20211026222404  -690.4 -64.4 -198.8
20211026222405  -690.6 -64.2 -198.8
20211026222406  -690.4 -64.1 -198.5
20211026222407  -690.2 -64.1 -198.6
20211026222408  -690.0 -63.8 -198.4
20211026222409  -690.2 -63.9 -198.7
20211026222410  -690.0 -63.7 -198.7
20211026222411  -689.9 -63.6 -198.6
20211026222412  -689.7 -63.6 -198.8
20211026222413  -689.2 -63.3 -198.6
20211026222414  -689.5 -63.4 -198.7
20211026222415  -689.3 -63.4 -198.6
20211026222416  -689.5 -63.1 -198.8
20211026222417  -689.4 -63.6 -199.3
20211026222418  -689.6 -63.2 -199.3
20211026222419  -689.6 -63.1 -199.3
20211026222420  -689.6 -63.4 -199.5
20211026222421  -689.2 -63.2 -199.8
20211026222422  -689.2 -63.3 -199.5
20211026222423  -689.2 -63.2 -199.7
20211026222424  -689.3 -63.4 -199.7
20211026222425  -689.2 -63.3 -199.8
20211026222426  -689.0 -63.5 -199.8
20211026222427  -688.7 -63.4 -199.0
20211026222428  -688.1 -63.1 -198.9
20211026222429  -688.0 -63.0 -198.4
20211026222430  -687.6 -62.9 -198.5
20211026222431  -688.5 -62.7 -199.1
20211026222432  -688.2 -62.5 -199.1
20211026222433  -687.8 -62.2 -199.3
20211026222434  -687.9 -62.1 -199.1
20211026222435  -687.9 -61.8 -199.1
20211026222436  -687.6 -61.6 -199.7
20211026222437  -687.9 -61.1 -199.6
20211026222438  -687.6 -60.6 -199.6
20211026222439  -687.9 -60.5 -199.6
20211026222440  -688.2 -60.4 -199.8
20211026222441  -688.1 -60.2 -200.2
20211026222442  -688.4 -60.2 -200.5
20211026222443  -688.8 -59.8 -200.6
20211026222444  -689.2 -59.8 -200.7
20211026222445  -689.5 -59.5 -200.4
20211026222446  -689.7 -59.4 -200.4
20211026222447  -690.1 -59.2 -200.4
20211026222448  -690.3 -59.2 -200.4
20211026222449  -690.5 -59.2 -200.5
20211026222450  -690.9 -59.2 -200.8
20211026222451  -691.0 -59.3 -200.8
20211026222452  -691.3 -59.1 -200.5
20211026222453  -691.6 -58.9 -200.8
20211026222454  -691.8 -58.9 -200.8
20211026222455  -692.1 -58.6 -200.7
20211026222456  -692.4 -58.7 -200.9
20211026222457  -692.1 -58.9 -200.4
20211026222458  -692.8 -58.7 -200.6
20211026222459  -693.2 -58.8 -200.9
20211026222500  -693.4 -58.9 -200.9
20211026222501  -693.6 -59.0 -200.7
20211026222502  -693.9 -59.3 -200.7
20211026222503  -694.2 -59.2 -200.7
20211026222504  -693.9 -59.2 -200.7
20211026222505  -694.3 -59.5 -200.8
20211026222506  -694.5 -59.6 -201.1
20211026222507  -694.7 -59.4 -201.4
20211026222508  -694.9 -59.7 -201.2
20211026222509  -695.2 -60.0 -201.1
20211026222510  -695.4 -60.1 -200.6
20211026222511  -695.3 -60.1 -200.7
20211026222512  -695.4 -60.5 -200.8
20211026222513  -695.5 -60.5 -201.0
20211026222514  -695.5 -60.7 -200.7
20211026222515  -695.9 -60.7 -200.7
20211026222516  -696.1 -60.8 -200.8
20211026222517  -696.2 -61.2 -200.9
20211026222518  -696.1 -61.4 -200.7
20211026222519  -695.7 -61.4 -200.7
20211026222520  -695.8 -61.8 -200.5
20211026222521  -695.7 -61.9 -200.8
20211026222522  -695.9 -62.0 -200.5
20211026222523  -695.5 -62.0 -200.5
20211026222524  -694.6 -61.8 -199.9
20211026222525  -694.5 -61.8 -199.5
20211026222526  -694.4 -61.8 -199.6
20211026222527  -693.8 -61.8 -199.2
20211026222528  -694.5 -61.6 -199.9
20211026222529  -694.8 -61.6 -199.9
20211026222530  -694.8 -61.6 -200.0
20211026222531  -694.7 -61.7 -200.0
20211026222532  -693.8 -61.6 -199.9
20211026222533  -694.1 -61.7 -200.0
20211026222534  -693.8 -61.6 -199.9
20211026222535  -693.7 -61.8 -199.7
20211026222536  -693.2 -61.7 -199.8
20211026222537  -693.2 -61.5 -199.7
20211026222538  -692.8 -61.3 -199.9
20211026222539  -692.5 -61.2 -199.7
20211026222540  -692.5 -61.1 -199.8
20211026222541  -692.2 -61.3 -199.5
20211026222542  -691.7 -60.8 -199.3
20211026222543  -691.5 -60.8 -199.2
20211026222544  -691.2 -60.9 -199.3
20211026222545  -690.7 -60.7 -199.4
20211026222546  -690.4 -60.4 -199.3
20211026222547  -690.1 -60.3 -199.6
20211026222548  -689.8 -60.2 -199.6
20211026222549  -689.5 -60.1 -199.7
20211026222550  -689.2 -60.2 -200.1
20211026222551  -688.9 -60.1 -200.2
20211026222552  -688.8 -60.3 -200.3
20211026222553  -688.7 -60.4 -200.3
20211026222554  -687.9 -60.3 -199.7
20211026222555  -687.1 -60.2 -199.1
20211026222556  -686.7 -60.4 -199.1
20211026222557  -686.7 -60.4 -199.2
20211026222558  -686.7 -60.5 -199.2
20211026222559  -686.7 -60.6 -199.8
20211026222600  -686.4 -60.5 -200.1
20211026222601  -686.5 -60.5 -200.4
20211026222602  -686.2 -60.6 -200.1
20211026222603  -685.9 -60.7 -200.2
20211026222604  -685.7 -60.7 -200.4
20211026222605  -685.3 -60.6 -200.4
20211026222606  -685.5 -60.6 -200.4
20211026222607  -685.2 -60.5 -200.2
20211026222608  -685.4 -60.6 -200.4
20211026222609  -685.3 -60.5 -200.8
20211026222610  -685.2 -60.7 -200.8
20211026222611  -685.2 -60.8 -200.7
20211026222612  -684.9 -60.9 -200.9
20211026222613  -685.1 -60.7 -201.0
20211026222614  -685.0 -61.3 -201.3
20211026222615  -685.0 -61.6 -201.0
20211026222616  -684.9 -61.7 -201.0
20211026222617  -684.8 -61.6 -201.4
20211026222618  -684.4 -61.5 -201.3
20211026222619  -684.5 -61.7 -201.3
20211026222620  -684.1 -61.8 -200.7
20211026222621  -684.0 -61.8 -201.0
20211026222622  -683.5 -61.6 -201.0
20211026222623  -683.7 -61.7 -201.2
20211026222624  -683.6 -61.9 -201.0
20211026222625  -683.1 -61.6 -200.8
20211026222626  -682.8 -61.7 -200.7
20211026222627  -682.5 -61.4 -200.5
20211026222628  -683.1 -61.6 -201.0
20211026222629  -683.2 -61.8 -201.3
20211026222630  -683.2 -61.8 -201.5
20211026222631  -683.2 -62.0 -201.6
20211026222632  -683.3 -61.7 -201.8
20211026222633  -683.3 -61.7 -202.0
20211026222634  -683.2 -61.7 -202.3
20211026222635  -683.6 -61.5 -202.2
20211026222636  -683.8 -61.5 -202.2
20211026222637  -684.3 -61.4 -202.4
20211026222638  -684.1 -61.6 -202.6
20211026222639  -684.2 -61.7 -202.4
20211026222640  -684.2 -61.8 -202.4
20211026222641  -684.1 -62.0 -202.6
20211026222642  -684.8 -62.0 -202.8
20211026222643  -684.6 -61.8 -203.2
20211026222644  -684.8 -61.6 -203.2
20211026222645  -684.9 -61.5 -203.2
20211026222646  -685.2 -61.5 -203.3
20211026222647  -685.3 -61.6 -203.4
20211026222648  -685.4 -61.5 -204.0
20211026222649  -685.6 -61.3 -204.1
20211026222650  -685.7 -61.4 -203.9
20211026222651  -685.9 -61.4 -204.4
20211026222652  -686.2 -61.4 -204.2
20211026222653  -686.4 -61.2 -204.7
20211026222654  -686.4 -61.4 -204.8
20211026222655  -686.4 -61.2 -204.3
20211026222656  -686.5 -61.3 -204.3
20211026222657  -686.5 -61.3 -204.1
20211026222658  -687.7 -61.0 -204.5
20211026222659  -688.3 -61.2 -204.7
20211026222700  -688.8 -60.8 -204.6
20211026222701  -688.9 -60.7 -204.9
20211026222702  -689.5 -60.7 -204.8
20211026222703  -690.0 -60.7 -205.0
20211026222704  -690.1 -60.8 -205.3
20211026222705  -690.5 -61.1 -205.3
20211026222706  -690.7 -61.2 -205.2
20211026222707  -690.8 -61.1 -205.1
20211026222708  -691.0 -61.5 -205.2
20211026222709  -691.3 -61.5 -205.1
20211026222710  -691.8 -61.4 -205.7
20211026222711  -692.3 -61.3 -205.5
20211026222712  -692.7 -61.6 -205.4
20211026222713  -693.3 -61.9 -205.4
20211026222714  -693.3 -61.7 -205.0
20211026222715  -693.5 -62.0 -205.0
20211026222716  -693.5 -62.1 -205.0
20211026222717  -693.6 -61.9 -204.7
20211026222718  -693.5 -62.0 -204.3
20211026222719  -693.7 -62.2 -204.1
20211026222720  -693.8 -62.1 -203.4
20211026222721  -693.8 -61.7 -203.5
20211026222722  -693.5 -61.8 -203.4
20211026222723  -693.3 -61.5 -203.1
20211026222724  -692.8 -61.0 -202.6
20211026222725  -691.7 -61.0 -201.9
20211026222726  -690.8 -60.7 -201.5
20211026222727  -690.0 -60.4 -201.4
20211026222728  -690.5 -60.5 -202.0
20211026222729  -690.4 -60.1 -202.0
20211026222730  -690.2 -59.9 -202.4
20211026222731  -689.8 -59.8 -202.5
20211026222732  -690.1 -59.7 -202.3
20211026222733  -690.1 -59.7 -202.1
20211026222734  -690.2 -59.5 -202.7
20211026222735  -690.4 -59.7 -202.8
20211026222736  -690.3 -59.6 -202.9
20211026222737  -689.9 -59.6 -202.8
20211026222738  -689.8 -59.3 -202.9
20211026222739  -689.8 -59.1 -203.0
20211026222740  -690.1 -58.8 -203.2
20211026222741  -689.9 -58.9 -203.1
20211026222742  -689.9 -59.3 -203.2
20211026222743  -690.2 -59.3 -203.3
20211026222744  -690.4 -59.2 -203.2
20211026222745  -690.4 -58.9 -203.5
20211026222746  -690.6 -58.8 -203.4
20211026222747  -690.5 -59.0 -203.3
20211026222748  -691.0 -59.1 -203.9
20211026222749  -691.3 -59.0 -204.0
20211026222750  -691.3 -59.0 -204.0
20211026222751  -691.8 -58.9 -204.5
20211026222752  -692.3 -59.0 -204.2
20211026222753  -692.6 -59.5 -204.4
20211026222754  -692.3 -59.3 -204.2
20211026222755  -692.1 -59.5 -204.1
20211026222756  -692.1 -59.6 -203.5
20211026222757  -692.0 -59.9 -203.3
20211026222758  -692.5 -59.9 -203.7
20211026222759  -692.8 -60.2 -203.8
20211026222800  -692.7 -60.5 -204.2
20211026222801  -692.6 -60.3 -204.1
20211026222802  -693.0 -60.4 -204.1
20211026222803  -693.3 -60.2 -204.1
20211026222804  -693.5 -60.1 -204.0
20211026222805  -693.9 -60.1 -204.0
20211026222806  -694.0 -59.8 -203.9
20211026222807  -694.7 -60.1 -204.2
20211026222808  -694.8 -59.9 -204.0
20211026222809  -695.0 -60.0 -203.7
20211026222810  -695.0 -59.7 -203.6
20211026222811  -695.0 -59.5 -203.5
20211026222812  -695.0 -59.5 -203.3
20211026222813  -695.1 -59.5 -203.7
20211026222814  -695.2 -59.6 -203.6
20211026222815  -695.0 -59.6 -203.4
20211026222816  -695.1 -59.7 -203.6
20211026222817  -695.1 -59.6 -203.5
20211026222818  -695.3 -59.6 -203.6
20211026222819  -695.5 -59.4 -203.9
20211026222820  -695.5 -59.7 -204.3
20211026222821  -695.5 -60.0 -204.3
20211026222822  -695.6 -60.4 -204.4
20211026222823  -695.7 -60.3 -204.3
20211026222824  -695.6 -60.8 -204.2
20211026222825  -695.2 -60.9 -203.9
20211026222826  -694.9 -60.8 -203.6
20211026222827  -694.6 -60.8 -203.1
20211026222828  -695.2 -61.0 -203.6
20211026222829  -695.0 -61.3 -203.6
20211026222830  -694.6 -61.3 -203.8
20211026222831  -694.3 -61.5 -203.8
20211026222832  -694.2 -61.4 -203.6
20211026222833  -693.9 -61.4 -203.7
