20211031011435  -700.7 -58.3 -268.5
20211031011436  -700.6 -58.1 -268.3
20211031011437  -700.2 -58.3 -268.4
20211031011438  -700.2 -58.1 -268.3
20211031011439  -700.1 -58.0 -268.1
20211031011440  -699.5 -58.2 -268.4
20211031011441  -699.6 -58.4 -268.2
20211031011442  -699.2 -58.4 -268.2
20211031011443  -699.6 -58.5 -268.1
20211031011444  -699.5 -58.4 -268.0
20211031011445  -699.3 -58.6 -267.8
20211031011446  -699.0 -58.1 -267.6
20211031011447  -699.1 -57.9 -267.7
20211031011448  -698.2 -57.9 -267.4
20211031011449  -698.0 -57.4 -267.5
20211031011450  -698.1 -57.8 -268.3
20211031011451  -698.2 -57.8 -268.3
20211031011452  -698.2 -58.2 -268.6
20211031011453  -698.0 -58.2 -268.7
20211031011454  -698.0 -58.2 -268.6
20211031011455  -698.0 -58.3 -269.0
20211031011456  -697.8 -58.4 -269.0
20211031011457  -697.6 -58.5 -268.7
20211031011458  -697.5 -58.6 -268.5
20211031011459  -697.7 -58.5 -268.6
20211031011500  -697.5 -58.5 -268.4
20211031011501  -697.2 -58.6 -268.2
20211031011502  -696.8 -58.5 -268.2
20211031011503  -696.6 -58.5 -268.5
20211031011504  -696.5 -58.7 -268.4
20211031011505  -696.7 -58.8 -268.5
20211031011506  -696.7 -58.8 -268.2
20211031011507  -696.6 -58.9 -268.1
20211031011508  -696.3 -58.4 -268.2
20211031011509  -695.7 -58.5 -268.1
20211031011510  -695.4 -58.6 -268.2
20211031011511  -695.1 -58.5 -268.3
20211031011512  -694.6 -59.0 -268.2
20211031011513  -694.5 -59.1 -268.2
20211031011514  -694.1 -58.8 -268.4
20211031011515  -694.1 -58.8 -268.3
20211031011516  -693.7 -58.8 -268.2
20211031011517  -693.3 -59.0 -267.9
20211031011518  -692.7 -59.3 -267.6
20211031011519  -692.3 -59.0 -267.6
20211031011520  -692.6 -59.0 -268.0
20211031011521  -692.2 -59.1 -268.0
20211031011522  -692.1 -59.0 -267.7
20211031011523  -691.8 -59.2 -267.9
20211031011524  -692.0 -59.6 -268.2
20211031011525  -691.6 -59.6 -268.1
20211031011526  -691.6 -59.8 -268.0
20211031011527  -691.5 -59.8 -268.1
20211031011528  -691.4 -60.1 -268.0
20211031011529  -691.1 -59.9 -267.8
20211031011530  -691.0 -59.8 -267.6
20211031011531  -690.3 -59.5 -267.7
20211031011532  -690.2 -59.8 -267.8
20211031011533  -690.0 -59.7 -267.9
20211031011534  -689.5 -60.0 -268.0
20211031011535  -689.5 -59.9 -268.1
20211031011536  -689.5 -60.0 -268.0
20211031011537  -689.0 -60.3 -268.1
20211031011538  -689.0 -60.5 -268.1
20211031011539  -689.0 -60.3 -268.2
20211031011540  -688.8 -60.5 -268.0
20211031011541  -688.8 -60.6 -268.2
20211031011542  -688.7 -60.7 -267.7
20211031011543  -688.5 -60.7 -267.5
20211031011544  -688.4 -60.5 -267.3
20211031011545  -688.2 -60.3 -267.1
20211031011546  -688.0 -60.6 -267.1
20211031011547  -687.7 -60.4 -266.9
20211031011548  -687.1 -60.2 -267.1
20211031011549  -686.5 -59.9 -266.8
20211031011550  -686.8 -60.1 -266.9
20211031011551  -686.4 -60.0 -267.2
20211031011552  -686.1 -60.1 -267.2
20211031011553  -686.0 -59.9 -267.3
20211031011554  -686.0 -59.8 -267.1
20211031011555  -685.5 -59.9 -267.2
20211031011556  -685.4 -59.7 -267.5
20211031011557  -685.3 -59.9 -267.1
20211031011558  -685.2 -59.9 -267.1
20211031011559  -684.8 -59.8 -267.3
20211031011600  -684.7 -59.8 -267.2
20211031011601  -684.5 -59.6 -267.3
20211031011602  -684.1 -59.7 -267.1
20211031011603  -684.1 -59.7 -267.2
20211031011604  -683.9 -59.4 -267.1
20211031011605  -683.4 -59.4 -266.6
20211031011606  -683.4 -59.3 -267.0
20211031011607  -683.3 -59.3 -267.5
20211031011608  -683.0 -58.8 -267.3
20211031011609  -682.8 -58.8 -267.7
20211031011610  -682.4 -58.9 -268.0
20211031011611  -682.5 -59.1 -267.8
20211031011612  -682.2 -59.4 -267.9
20211031011613  -682.1 -59.4 -267.9
20211031011614  -682.1 -59.4 -267.5
20211031011615  -681.8 -59.2 -267.5
20211031011616  -681.8 -59.3 -267.4
20211031011617  -681.5 -59.5 -267.3
20211031011618  -681.1 -59.4 -267.0
20211031011619  -680.5 -59.3 -267.1
20211031011620  -680.4 -59.1 -267.0
20211031011621  -680.2 -59.3 -266.9
20211031011622  -679.9 -59.5 -267.0
20211031011623  -679.7 -59.4 -267.1
20211031011624  -679.3 -59.4 -267.2
20211031011625  -679.1 -59.1 -267.1
20211031011626  -678.6 -59.0 -267.1
20211031011627  -678.5 -58.9 -267.3
20211031011628  -678.3 -58.9 -267.4
20211031011629  -677.8 -59.1 -267.5
20211031011630  -677.9 -59.2 -267.7
20211031011631  -677.5 -59.1 -267.5
20211031011632  -677.0 -59.2 -267.5
20211031011633  -677.0 -59.2 -267.4
20211031011634  -676.9 -59.3 -267.3
20211031011635  -676.6 -59.5 -267.4
20211031011636  -676.1 -59.3 -267.0
20211031011637  -676.2 -59.5 -267.2
20211031011638  -676.0 -59.4 -267.2
20211031011639  -676.1 -59.6 -267.2
20211031011640  -675.9 -59.4 -267.1
20211031011641  -675.7 -59.6 -266.7
20211031011642  -675.5 -59.7 -266.8
20211031011643  -675.3 -59.4 -266.6
20211031011644  -675.1 -59.7 -266.3
20211031011645  -675.0 -59.3 -266.2
20211031011646  -674.8 -59.0 -266.0
20211031011647  -674.5 -58.9 -266.4
20211031011648  -674.2 -59.0 -266.4
20211031011649  -673.5 -58.8 -265.9
20211031011650  -673.4 -58.7 -266.5
20211031011651  -672.9 -58.7 -266.4
20211031011652  -672.9 -58.7 -266.5
20211031011653  -672.7 -59.2 -266.6
20211031011654  -672.3 -58.9 -266.7
20211031011655  -671.9 -59.2 -266.5
20211031011656  -671.8 -59.2 -267.0
20211031011657  -672.0 -59.1 -266.9
20211031011658  -671.7 -59.1 -266.7
20211031011659  -671.6 -58.7 -266.4
20211031011700  -671.8 -58.9 -266.3
20211031011701  -671.6 -58.7 -266.3
20211031011702  -671.5 -58.0 -265.8
20211031011703  -671.3 -57.8 -265.7
20211031011704  -670.9 -57.7 -265.7
20211031011705  -670.6 -57.5 -265.9
20211031011706  -670.3 -57.5 -266.1
20211031011707  -670.2 -57.3 -266.2
20211031011708  -670.1 -57.4 -266.1
20211031011709  -670.5 -57.6 -266.2
20211031011710  -670.6 -57.6 -266.3
20211031011711  -670.8 -57.6 -266.5
20211031011712  -670.9 -57.8 -266.4
20211031011713  -671.0 -57.7 -266.3
20211031011714  -671.1 -57.6 -266.5
20211031011715  -671.0 -57.7 -266.2
20211031011716  -671.0 -57.5 -266.2
20211031011717  -670.9 -57.5 -266.0
20211031011718  -670.9 -57.4 -265.9
20211031011719  -670.3 -57.3 -265.1
20211031011720  -670.2 -57.1 -265.1
20211031011721  -669.9 -57.1 -265.4
20211031011722  -670.0 -56.9 -265.6
20211031011723  -669.7 -56.7 -266.1
20211031011724  -670.0 -56.5 -266.4
20211031011725  -670.3 -56.9 -266.6
20211031011726  -670.2 -56.9 -266.7
20211031011727  -670.6 -57.2 -266.6
20211031011728  -670.9 -57.1 -266.6
20211031011729  -671.1 -57.1 -266.5
20211031011730  -671.4 -57.0 -266.4
20211031011731  -671.3 -56.9 -266.4
20211031011732  -671.3 -57.0 -266.4
20211031011733  -671.1 -57.2 -266.4
20211031011734  -671.1 -56.9 -266.5
20211031011735  -671.2 -57.2 -266.2
20211031011736  -671.3 -57.1 -266.3
20211031011737  -671.1 -57.1 -266.0
20211031011738  -670.9 -57.2 -265.9
20211031011739  -670.8 -57.1 -266.1
20211031011740  -670.8 -56.9 -266.1
20211031011741  -670.7 -56.9 -266.2
20211031011742  -670.8 -56.9 -266.0
20211031011743  -671.0 -56.4 -266.3
20211031011744  -671.3 -56.6 -266.1
20211031011745  -671.4 -56.6 -266.2
20211031011746  -671.5 -56.5 -266.2
20211031011747  -671.7 -56.7 -266.2
20211031011748  -671.8 -56.7 -266.0
20211031011749  -671.3 -56.4 -265.6
20211031011750  -671.7 -56.2 -265.6
20211031011751  -671.7 -56.2 -265.6
20211031011752  -671.7 -56.1 -265.5
20211031011753  -671.7 -55.6 -265.2
20211031011754  -671.9 -55.5 -265.2
20211031011755  -671.7 -55.4 -265.2
20211031011756  -671.5 -55.7 -265.2
20211031011757  -671.8 -55.3 -265.1
20211031011758  -672.2 -55.0 -265.4
20211031011759  -672.2 -55.1 -265.5
20211031011800  -672.6 -55.2 -265.5
20211031011801  -672.8 -55.3 -265.7
20211031011802  -672.9 -55.4 -265.7
20211031011803  -673.0 -55.4 -265.5
20211031011804  -673.4 -55.0 -265.4
20211031011805  -673.5 -54.9 -265.1
20211031011806  -673.9 -54.6 -265.0
20211031011807  -674.1 -54.6 -264.9
20211031011808  -674.1 -54.4 -264.3
20211031011809  -674.1 -54.4 -264.4
20211031011810  -674.4 -54.1 -264.5
20211031011811  -674.7 -54.4 -264.6
20211031011812  -674.8 -54.0 -264.7
20211031011813  -675.0 -54.2 -264.7
20211031011814  -675.4 -54.4 -264.8
20211031011815  -675.6 -54.3 -264.8
20211031011816  -675.7 -54.6 -264.6
20211031011817  -675.9 -54.5 -264.4
