20211203211530  -710.9 -83.4 -790.1
20211203211531  -711.1 -83.5 -790.2
20211203211532  -711.1 -83.7 -790.2
20211203211533  -711.1 -83.9 -790.2
20211203211534  -711.0 -83.7 -790.3
20211203211535  -711.0 -83.5 -790.6
20211203211536  -710.9 -84.0 -790.7
20211203211537  -711.1 -83.8 -790.8
20211203211538  -711.3 -83.6 -790.8
20211203211539  -711.5 -84.1 -790.9
20211203211540  -711.4 -84.2 -791.1
20211203211541  -711.5 -84.1 -791.4
20211203211542  -711.9 -84.4 -791.1
20211203211543  -711.9 -84.4 -791.2
20211203211544  -711.8 -84.4 -790.8
20211203211545  -711.9 -84.9 -790.7
20211203211546  -711.9 -84.7 -790.8
20211203211547  -712.0 -85.0 -791.0
20211203211548  -712.3 -85.4 -790.9
20211203211549  -712.1 -85.4 -791.1
20211203211550  -712.2 -85.6 -790.9
20211203211551  -711.9 -85.8 -791.1
20211203211552  -711.6 -85.9 -790.4
20211203211553  -712.4 -85.8 -790.9
20211203211554  -712.4 -85.7 -791.1
20211203211555  -712.5 -86.0 -791.3
20211203211556  -712.7 -86.1 -791.2
20211203211557  -712.8 -86.1 -791.4
20211203211558  -712.8 -86.0 -791.0
20211203211559  -712.8 -86.0 -791.1
20211203211600  -712.7 -86.1 -791.1
20211203211601  -712.9 -86.3 -791.5
20211203211602  -713.0 -86.3 -791.6
20211203211603  -713.7 -86.3 -791.7
20211203211604  -713.7 -86.2 -791.8
20211203211605  -713.9 -86.3 -791.7
20211203211606  -714.0 -86.3 -791.9
20211203211607  -714.2 -86.4 -791.6
20211203211608  -714.6 -86.6 -791.8
20211203211609  -714.9 -86.5 -791.5
20211203211610  -714.9 -86.4 -791.5
20211203211611  -714.7 -86.9 -791.3
20211203211612  -715.0 -87.4 -791.6
20211203211613  -715.1 -87.4 -791.4
20211203211614  -715.0 -87.4 -791.7
20211203211615  -715.2 -87.2 -792.0
20211203211616  -715.8 -87.2 -791.9
20211203211617  -715.1 -87.6 -791.8
20211203211618  -714.9 -87.6 -791.1
20211203211619  -715.3 -87.5 -791.8
20211203211620  -715.9 -87.8 -792.2
20211203211621  -716.2 -87.6 -792.6
20211203211622  -716.5 -87.8 -792.5
20211203211623  -716.6 -87.6 -792.7
20211203211624  -716.9 -87.7 -792.8
20211203211625  -717.0 -88.0 -792.7
20211203211626  -717.4 -87.9 -792.7
20211203211627  -717.7 -87.8 -792.6
20211203211628  -718.0 -87.6 -792.8
20211203211629  -718.3 -87.8 -792.9
20211203211630  -718.7 -87.8 -792.9
20211203211631  -718.8 -88.0 -793.2
20211203211632  -719.1 -88.2 -793.0
20211203211633  -719.3 -88.2 -793.1
20211203211634  -719.2 -88.5 -792.9
20211203211635  -719.7 -88.1 -793.3
20211203211636  -719.7 -87.8 -793.0
20211203211637  -719.9 -87.8 -793.2
20211203211638  -720.1 -87.7 -793.2
20211203211639  -720.2 -87.8 -793.2
20211203211640  -720.3 -87.9 -793.7
20211203211641  -720.5 -87.8 -793.8
20211203211642  -720.5 -87.9 -793.8
20211203211643  -720.6 -88.1 -793.9
20211203211644  -720.2 -88.0 -793.1
20211203211645  -720.3 -88.0 -793.0
20211203211646  -721.2 -88.1 -793.6
20211203211647  -721.3 -87.9 -793.9
20211203211648  -721.6 -88.2 -794.1
20211203211649  -721.6 -88.0 -794.0
20211203211650  -721.9 -88.1 -794.3
20211203211651  -722.1 -87.9 -794.2
20211203211652  -722.5 -88.1 -793.9
20211203211653  -722.5 -88.4 -794.1
20211203211654  -722.6 -88.2 -794.1
20211203211655  -723.0 -88.2 -793.9
20211203211656  -723.1 -88.0 -793.6
20211203211657  -723.4 -88.1 -793.5
20211203211658  -723.7 -87.6 -793.5
20211203211659  -723.9 -87.7 -793.6
20211203211700  -723.8 -87.8 -793.7
20211203211701  -724.0 -87.7 -793.4
20211203211702  -723.5 -87.9 -793.8
20211203211703  -724.0 -87.7 -793.8
20211203211704  -724.0 -87.7 -793.4
20211203211705  -723.9 -87.6 -793.4
20211203211706  -723.9 -87.6 -793.4
20211203211707  -724.0 -87.5 -793.5
20211203211708  -723.8 -87.3 -793.4
20211203211709  -723.4 -87.4 -793.2
20211203211710  -723.1 -87.1 -792.6
20211203211711  -722.8 -87.2 -792.4
20211203211712  -722.9 -86.9 -792.4
20211203211713  -723.2 -87.3 -792.8
20211203211714  -723.4 -87.5 -792.8
20211203211715  -723.3 -87.5 -792.9
20211203211716  -723.3 -87.5 -792.8
20211203211717  -723.3 -87.1 -792.9
20211203211718  -723.0 -87.2 -792.7
20211203211719  -722.8 -87.2 -792.7
20211203211720  -722.8 -87.0 -793.2
20211203211721  -723.0 -86.9 -793.1
20211203211722  -723.0 -87.2 -793.0
20211203211723  -723.0 -87.1 -793.1
20211203211724  -723.0 -86.8 -792.7
20211203211725  -722.8 -86.7 -792.8
20211203211726  -722.8 -86.9 -793.1
20211203211727  -722.7 -87.3 -792.9
20211203211728  -722.7 -87.3 -793.1
20211203211729  -722.6 -87.3 -793.3
20211203211730  -722.9 -87.5 -792.9
20211203211731  -723.1 -87.1 -792.8
20211203211732  -723.4 -87.4 -793.1
20211203211733  -723.6 -87.2 -792.9
20211203211734  -723.8 -87.0 -792.7
20211203211735  -723.8 -86.9 -792.7
20211203211736  -723.5 -87.0 -792.1
20211203211737  -723.1 -86.7 -791.8
20211203211738  -723.2 -86.8 -791.6
20211203211739  -723.5 -86.8 -792.4
20211203211740  -723.7 -86.8 -792.8
20211203211741  -724.1 -86.9 -792.7
20211203211742  -724.2 -86.9 -792.5
20211203211743  -724.2 -87.1 -792.7
20211203211744  -724.2 -86.9 -792.4
20211203211745  -724.4 -86.8 -792.6
20211203211746  -724.5 -86.8 -792.6
20211203211747  -724.6 -86.9 -792.4
20211203211748  -724.3 -86.9 -792.4
20211203211749  -724.3 -86.9 -792.4
20211203211750  -724.4 -86.7 -792.4
20211203211751  -724.4 -86.8 -792.1
20211203211752  -724.7 -86.7 -792.3
20211203211753  -724.3 -86.7 -792.0
20211203211754  -724.4 -86.9 -792.0
20211203211755  -724.4 -86.8 -792.8
20211203211756  -724.3 -86.7 -792.6
20211203211757  -724.1 -86.5 -792.3
20211203211758  -723.7 -86.4 -792.3
20211203211759  -723.9 -86.6 -792.5
20211203211800  -723.7 -86.5 -792.2
20211203211801  -723.5 -86.8 -792.2
20211203211802  -723.2 -86.6 -791.9
20211203211803  -723.1 -86.7 -791.3
20211203211804  -723.0 -86.8 -790.9
20211203211805  -723.7 -86.7 -791.1
20211203211806  -723.5 -86.9 -791.6
20211203211807  -723.5 -87.0 -791.4
20211203211808  -723.5 -87.0 -791.4
20211203211809  -723.4 -86.7 -791.3
20211203211810  -723.2 -86.7 -791.3
20211203211811  -723.0 -86.6 -791.4
20211203211812  -723.4 -86.8 -791.6
20211203211813  -723.1 -86.6 -791.6
20211203211814  -723.1 -86.3 -791.3
20211203211815  -723.3 -86.7 -791.3
20211203211816  -722.9 -86.6 -791.3
20211203211817  -722.8 -86.7 -791.3
20211203211818  -722.7 -86.6 -791.1
20211203211819  -722.8 -86.7 -791.2
20211203211820  -722.5 -86.7 -791.1
20211203211821  -722.6 -86.5 -791.1
20211203211822  -722.3 -86.5 -791.1
20211203211823  -722.1 -86.5 -790.9
20211203211824  -721.8 -86.2 -791.0
20211203211825  -721.6 -86.1 -791.3
20211203211826  -721.2 -86.3 -791.3
20211203211827  -721.2 -86.5 -791.5
20211203211828  -720.6 -86.4 -790.9
20211203211829  -720.4 -86.2 -790.6
20211203211830  -720.2 -85.9 -790.3
20211203211831  -720.4 -85.9 -790.4
20211203211832  -720.6 -86.1 -791.0
20211203211833  -720.7 -86.2 -790.8
20211203211834  -720.8 -86.4 -790.8
20211203211835  -720.7 -86.2 -790.5
20211203211836  -720.7 -86.6 -790.9
20211203211837  -720.3 -86.4 -790.9
20211203211838  -720.1 -86.4 -791.2
20211203211839  -720.2 -86.2 -791.1
20211203211840  -720.6 -86.5 -791.3
20211203211841  -720.7 -86.7 -791.1
20211203211842  -720.6 -86.8 -791.4
20211203211843  -720.6 -86.7 -791.2
20211203211844  -720.5 -86.4 -790.9
20211203211845  -720.5 -86.3 -791.4
20211203211846  -720.4 -86.0 -791.2
20211203211847  -720.3 -86.0 -790.9
20211203211848  -720.4 -85.9 -790.7
20211203211849  -720.4 -85.8 -790.6
20211203211850  -720.3 -85.7 -790.6
20211203211851  -720.3 -86.0 -790.6
20211203211852  -720.3 -85.6 -790.5
20211203211853  -720.1 -85.6 -790.5
20211203211854  -719.2 -85.5 -789.8
20211203211855  -719.2 -85.5 -789.7
20211203211856  -718.9 -85.5 -789.4
20211203211857  -718.9 -85.5 -789.1
20211203211858  -719.3 -85.3 -789.7
20211203211859  -719.3 -85.3 -789.7
20211203211900  -719.2 -85.0 -789.6
20211203211901  -719.0 -84.9 -789.5
20211203211902  -718.9 -85.1 -789.3
20211203211903  -719.0 -84.9 -789.3
20211203211904  -719.0 -84.9 -789.6
20211203211905  -719.0 -84.9 -789.3
20211203211906  -719.0 -85.1 -789.5
20211203211907  -718.7 -84.7 -789.5
20211203211908  -718.8 -84.8 -789.0
20211203211909  -718.8 -84.8 -789.2
20211203211910  -718.5 -84.8 -789.3
20211203211911  -718.5 -84.4 -789.1
20211203211912  -718.5 -84.4 -789.1
20211203211913  -718.5 -84.0 -789.1
20211203211914  -718.4 -84.2 -789.3
20211203211915  -718.0 -84.1 -789.4
20211203211916  -718.4 -84.0 -789.5
20211203211917  -718.4 -83.8 -789.4
20211203211918  -718.6 -83.9 -789.5
20211203211919  -718.6 -83.8 -789.6
20211203211920  -718.3 -83.9 -789.0
20211203211921  -717.9 -83.7 -788.3
20211203211922  -718.0 -83.7 -788.1
20211203211923  -718.0 -83.2 -788.1
20211203211924  -718.5 -83.4 -788.6
20211203211925  -718.9 -83.4 -788.6
20211203211926  -718.6 -83.5 -788.7
20211203211927  -718.9 -83.3 -788.6
20211203211928  -718.8 -83.4 -788.6
20211203211929  -718.8 -83.4 -788.7
20211203211930  -718.8 -83.3 -788.5
20211203211931  -718.6 -83.1 -788.4
20211203211932  -718.8 -83.1 -788.5
20211203211933  -718.6 -83.2 -788.5
20211203211934  -718.6 -83.1 -788.6
20211203211935  -718.7 -83.1 -788.5
20211203211936  -718.5 -82.9 -788.1
20211203211937  -718.5 -83.2 -788.0
20211203211938  -718.6 -83.0 -788.2
20211203211939  -718.4 -83.0 -788.4
20211203211940  -718.5 -82.8 -788.3
20211203211941  -718.5 -83.0 -788.2
20211203211942  -718.4 -83.1 -788.2
20211203211943  -718.3 -83.4 -788.3
20211203211944  -718.5 -83.2 -788.1
20211203211945  -718.6 -83.5 -788.2
20211203211946  -717.6 -83.9 -788.0
20211203211947  -717.1 -83.4 -787.3
20211203211948  -716.8 -83.4 -787.3
20211203211949  -717.2 -83.6 -787.5
20211203211950  -717.7 -83.6 -787.6
20211203211951  -717.4 -83.7 -788.1
20211203211952  -717.6 -83.5 -788.1
20211203211953  -717.8 -83.5 -788.1
20211203211954  -718.2 -83.8 -788.0
20211203211955  -718.0 -83.3 -788.4
20211203211956  -717.8 -83.7 -788.1
20211203211957  -717.4 -83.5 -787.9
20211203211958  -717.6 -83.3 -787.7
20211203211959  -717.6 -83.3 -787.7
20211203212000  -717.7 -83.3 -788.2
20211203212001  -717.7 -83.2 -788.1
20211203212002  -717.5 -83.3 -788.0
20211203212003  -717.3 -83.2 -788.1
20211203212004  -717.6 -83.5 -788.1
20211203212005  -717.5 -83.7 -787.9
20211203212006  -717.6 -83.4 -787.5
20211203212007  -717.8 -83.7 -787.6
20211203212008  -717.5 -83.7 -787.4
20211203212009  -717.2 -83.3 -787.3
20211203212010  -717.1 -83.4 -787.3
20211203212011  -717.1 -83.0 -787.2
20211203212012  -716.6 -83.1 -787.4
20211203212013  -716.2 -82.7 -786.5
20211203212014  -716.1 -82.7 -786.8
20211203212015  -716.5 -82.5 -786.9
20211203212016  -716.6 -82.6 -786.8
20211203212017  -716.7 -82.5 -786.8
20211203212018  -716.6 -82.7 -786.8
20211203212019  -716.7 -82.6 -786.9
20211203212020  -716.6 -82.4 -786.6
20211203212021  -716.8 -82.3 -786.6
20211203212022  -716.7 -82.4 -786.6
20211203212023  -716.8 -82.3 -786.6
20211203212024  -716.3 -82.6 -786.2
20211203212025  -716.5 -82.7 -786.3
20211203212026  -716.5 -82.6 -786.4
20211203212027  -716.5 -82.4 -786.3
20211203212028  -716.5 -82.4 -786.3
20211203212029  -716.8 -82.2 -786.4
20211203212030  -716.6 -82.1 -786.1
20211203212031  -716.7 -82.0 -786.1
20211203212032  -716.6 -82.0 -786.2
20211203212033  -716.8 -82.0 -786.1
20211203212034  -716.7 -81.9 -786.3
20211203212035  -717.1 -82.0 -785.8
20211203212036  -717.0 -82.1 -785.5
20211203212037  -716.9 -82.1 -785.6
20211203212038  -716.8 -82.2 -785.6
20211203212039  -716.2 -82.1 -785.1
20211203212040  -716.0 -81.9 -784.6
20211203212041  -716.4 -81.7 -784.9
20211203212042  -716.5 -81.9 -785.1
20211203212043  -716.7 -81.8 -785.1
20211203212044  -716.8 -81.6 -785.4
20211203212045  -716.4 -81.5 -785.0
20211203212046  -716.5 -81.6 -784.9
20211203212047  -716.5 -81.5 -785.2
20211203212048  -716.4 -81.2 -785.1
20211203212049  -716.5 -81.5 -785.2
20211203212050  -716.6 -81.5 -784.9
20211203212051  -716.6 -81.7 -784.8
20211203212052  -716.5 -81.6 -785.0
20211203212053  -716.5 -81.8 -785.0
20211203212054  -716.8 -81.8 -784.8
20211203212055  -716.8 -81.8 -785.0
20211203212056  -717.0 -81.8 -785.0
20211203212057  -717.2 -81.8 -784.8
20211203212058  -717.4 -81.7 -784.6
20211203212059  -717.5 -81.5 -784.6
20211203212100  -717.3 -81.2 -784.3
20211203212101  -717.3 -81.3 -784.3
20211203212102  -717.5 -81.6 -784.6
20211203212103  -717.4 -81.6 -784.5
20211203212104  -717.6 -81.5 -784.5
20211203212105  -717.1 -81.5 -784.0
20211203212106  -716.7 -81.3 -783.9
20211203212107  -717.5 -81.0 -784.1
20211203212108  -717.6 -81.1 -784.1
20211203212109  -717.9 -81.0 -784.4
20211203212110  -717.9 -80.9 -784.4
20211203212111  -717.8 -81.2 -784.2
20211203212112  -717.8 -81.0 -783.8
20211203212113  -717.7 -80.9 -783.9
20211203212114  -717.6 -80.6 -783.8
20211203212115  -717.6 -80.6 -783.7
20211203212116  -717.9 -81.0 -784.0
20211203212117  -717.9 -80.9 -783.4
20211203212118  -717.8 -81.0 -783.2
20211203212119  -717.8 -81.0 -783.5
20211203212120  -717.9 -81.1 -783.4
20211203212121  -717.8 -81.3 -783.6
20211203212122  -718.0 -81.1 -783.4
20211203212123  -718.1 -80.6 -783.3
20211203212124  -718.3 -80.6 -783.3
20211203212125  -718.2 -80.9 -783.0
20211203212126  -718.0 -80.9 -782.9
20211203212127  -717.8 -80.7 -782.9
20211203212128  -717.7 -80.8 -782.8
20211203212129  -717.6 -80.7 -782.6
20211203212130  -717.0 -80.7 -782.6
20211203212131  -716.4 -80.6 -782.0
20211203212132  -715.8 -80.3 -781.9
20211203212133  -715.9 -80.4 -782.0
20211203212134  -716.6 -80.5 -782.4
20211203212135  -716.4 -80.0 -782.4
20211203212136  -716.5 -80.5 -782.4
20211203212137  -716.5 -80.4 -782.3
20211203212138  -716.7 -80.6 -782.2
20211203212139  -716.5 -80.4 -782.0
20211203212140  -716.6 -80.2 -782.1
20211203212141  -716.7 -79.9 -781.9
20211203212142  -716.4 -80.0 -781.7
20211203212143  -716.4 -80.1 -781.6
20211203212144  -716.1 -80.0 -781.7
20211203212145  -716.0 -79.8 -782.0
20211203212146  -716.3 -79.7 -781.9
20211203212147  -716.1 -79.6 -781.7
20211203212148  -716.0 -79.8 -781.6
20211203212149  -716.2 -79.5 -781.5
20211203212150  -715.8 -79.3 -781.8
20211203212151  -715.8 -79.1 -781.6
20211203212152  -715.5 -79.0 -781.2
20211203212153  -715.7 -79.1 -781.3
20211203212154  -715.5 -79.2 -781.5
20211203212155  -715.7 -79.0 -781.5
20211203212156  -715.8 -79.0 -781.4
20211203212157  -715.2 -78.7 -780.8
20211203212158  -714.9 -78.6 -780.3
20211203212159  -714.5 -78.4 -780.0
20211203212200  -715.1 -78.2 -780.5
20211203212201  -715.4 -78.2 -781.0
20211203212202  -715.6 -78.2 -780.8
20211203212203  -715.2 -78.1 -780.8
20211203212204  -715.2 -78.4 -780.5
20211203212205  -715.5 -78.2 -780.5
20211203212206  -715.3 -78.0 -780.7
20211203212207  -715.1 -78.2 -780.8
20211203212208  -714.7 -78.4 -780.9
20211203212209  -714.5 -78.5 -780.5
20211203212210  -714.4 -78.2 -780.6
20211203212211  -714.1 -78.0 -780.6
20211203212212  -714.0 -78.2 -780.5
20211203212213  -714.2 -78.1 -780.8
20211203212214  -714.1 -78.1 -781.0
20211203212215  -714.4 -77.7 -780.7
20211203212216  -714.6 -77.6 -780.6
20211203212217  -714.6 -77.7 -780.4
