20211108233434  -798.6 -37.1 -262.8
20211108233435  -798.3 -37.1 -262.6
20211108233436  -799.1 -37.1 -263.2
20211108233437  -799.3 -37.1 -263.3
20211108233438  -799.1 -37.2 -263.4
20211108233439  -799.2 -37.4 -263.4
20211108233440  -799.3 -37.3 -263.7
20211108233441  -798.9 -37.2 -263.9
20211108233442  -799.0 -37.0 -263.8
20211108233443  -799.0 -36.9 -263.6
20211108233444  -798.4 -37.4 -264.0
20211108233445  -798.2 -37.2 -263.9
20211108233446  -798.4 -37.4 -263.9
20211108233447  -798.1 -37.5 -263.8
20211108233448  -797.8 -37.9 -263.5
20211108233449  -797.5 -37.8 -263.7
20211108233450  -797.3 -37.9 -263.9
20211108233451  -797.3 -38.0 -264.1
20211108233452  -797.2 -37.9 -263.9
20211108233453  -797.3 -37.7 -263.8
20211108233454  -797.2 -37.7 -263.5
20211108233455  -796.9 -38.1 -263.5
20211108233456  -796.5 -37.5 -263.0
20211108233457  -796.3 -37.0 -262.6
20211108233458  -796.0 -37.0 -262.3
20211108233459  -795.7 -36.2 -262.2
20211108233500  -795.4 -36.2 -261.9
20211108233501  -795.1 -36.0 -261.6
20211108233502  -794.7 -36.2 -261.5
20211108233503  -795.1 -36.4 -262.2
20211108233504  -795.1 -36.6 -262.2
20211108233505  -794.8 -36.2 -262.1
20211108233506  -794.7 -35.8 -262.1
20211108233507  -794.6 -36.0 -261.9
20211108233508  -794.2 -35.8 -261.9
20211108233509  -794.2 -35.8 -262.2
20211108233510  -794.3 -35.8 -262.1
20211108233511  -794.0 -35.4 -262.2
20211108233512  -793.9 -35.4 -262.3
20211108233513  -793.7 -35.3 -262.4
20211108233514  -793.7 -35.2 -262.5
20211108233515  -793.7 -35.2 -262.5
20211108233516  -793.8 -35.3 -262.8
20211108233517  -793.8 -35.1 -262.9
20211108233518  -793.9 -34.7 -263.1
20211108233519  -793.7 -34.9 -263.1
20211108233520  -793.6 -34.7 -263.1
20211108233521  -793.4 -34.8 -263.3
20211108233522  -792.7 -34.3 -262.8
20211108233523  -792.4 -33.9 -262.4
20211108233524  -792.1 -33.9 -262.0
20211108233525  -791.9 -33.4 -261.6
20211108233526  -791.8 -33.4 -261.6
20211108233527  -791.7 -33.5 -261.6
20211108233528  -791.6 -33.4 -261.5
20211108233529  -791.4 -33.4 -261.4
20211108233530  -792.4 -33.6 -261.9
20211108233531  -792.3 -33.2 -261.7
20211108233532  -792.5 -33.1 -262.0
20211108233533  -792.3 -33.3 -262.0
20211108233534  -792.0 -33.2 -261.9
20211108233535  -792.1 -33.1 -261.8
20211108233536  -792.1 -32.9 -262.0
20211108233537  -792.0 -32.8 -261.6
20211108233538  -791.7 -32.7 -261.8
20211108233539  -791.5 -32.8 -261.7
20211108233540  -791.1 -32.8 -261.6
20211108233541  -791.0 -32.7 -261.8
20211108233542  -790.8 -32.8 -261.7
20211108233543  -790.8 -32.6 -261.6
20211108233544  -790.6 -32.7 -261.9
20211108233545  -790.3 -32.7 -261.9
20211108233546  -790.3 -32.4 -261.7
20211108233547  -790.3 -32.4 -261.7
20211108233548  -790.0 -32.3 -261.6
20211108233549  -789.2 -32.3 -261.1
20211108233550  -788.9 -32.0 -260.6
20211108233551  -788.8 -31.7 -260.8
20211108233552  -788.4 -32.1 -260.3
20211108233553  -788.2 -31.6 -259.9
20211108233554  -787.7 -31.5 -259.5
20211108233555  -787.0 -31.4 -259.5
20211108233556  -787.0 -31.4 -259.5
20211108233557  -787.6 -31.4 -260.1
20211108233558  -787.0 -31.4 -260.1
20211108233559  -786.9 -31.5 -259.9
20211108233600  -786.4 -31.4 -260.1
20211108233601  -786.4 -31.2 -260.0
20211108233602  -786.2 -31.1 -259.8
20211108233603  -786.0 -31.4 -259.4
20211108233604  -785.8 -31.5 -259.2
20211108233605  -785.6 -31.3 -259.3
20211108233606  -785.1 -31.4 -259.1
20211108233607  -784.5 -31.7 -259.1
20211108233608  -784.0 -31.9 -259.0
20211108233609  -783.8 -31.8 -259.1
20211108233610  -783.4 -31.9 -259.0
20211108233611  -783.1 -31.9 -258.9
20211108233612  -782.6 -31.9 -258.8
20211108233613  -782.6 -32.1 -258.5
20211108233614  -782.3 -32.0 -258.4
20211108233615  -781.4 -31.7 -258.2
20211108233616  -780.8 -31.1 -257.9
20211108233617  -780.5 -30.7 -257.7
20211108233618  -780.3 -30.4 -257.4
20211108233619  -779.4 -30.0 -256.8
20211108233620  -779.1 -29.8 -256.6
20211108233621  -778.3 -29.5 -256.0
20211108233622  -777.9 -29.3 -255.6
20211108233623  -778.0 -29.1 -256.0
20211108233624  -778.3 -29.1 -256.7
20211108233625  -778.1 -29.0 -256.5
20211108233626  -778.0 -29.2 -256.4
20211108233627  -777.7 -29.1 -256.4
20211108233628  -777.4 -29.0 -256.6
20211108233629  -777.2 -29.1 -256.4
20211108233630  -777.3 -28.9 -256.3
20211108233631  -777.2 -29.2 -256.7
20211108233632  -777.1 -29.3 -256.7
20211108233633  -777.0 -29.4 -256.8
20211108233634  -776.5 -29.4 -256.8
20211108233635  -776.4 -29.4 -256.9
20211108233636  -776.3 -29.7 -257.0
20211108233637  -776.3 -29.4 -257.1
20211108233638  -775.9 -29.3 -257.0
20211108233639  -775.8 -29.4 -257.2
20211108233640  -775.6 -29.0 -257.1
20211108233641  -775.5 -29.2 -257.5
20211108233642  -774.9 -29.0 -256.8
20211108233643  -774.7 -28.9 -256.5
20211108233644  -774.6 -28.6 -256.2
20211108233645  -774.0 -28.8 -256.1
20211108233646  -773.8 -28.9 -256.1
20211108233647  -773.2 -28.8 -255.6
20211108233648  -773.1 -28.9 -255.6
20211108233649  -772.7 -28.8 -255.4
20211108233650  -773.7 -28.7 -255.8
20211108233651  -773.6 -28.8 -256.2
20211108233652  -773.8 -29.0 -256.5
20211108233653  -773.9 -29.0 -256.3
20211108233654  -773.8 -28.9 -256.6
20211108233655  -774.1 -29.1 -256.5
20211108233656  -773.7 -29.4 -256.3
20211108233657  -773.8 -29.7 -256.5
20211108233658  -773.8 -29.8 -256.6
20211108233659  -773.4 -29.8 -256.6
20211108233700  -773.4 -29.6 -256.4
20211108233701  -773.0 -30.0 -256.5
20211108233702  -773.2 -30.1 -256.5
20211108233703  -772.8 -30.2 -256.7
20211108233704  -772.8 -30.4 -256.7
20211108233705  -772.6 -30.5 -256.6
20211108233706  -772.9 -30.9 -256.6
20211108233707  -772.5 -30.7 -256.4
20211108233708  -772.0 -30.9 -255.9
20211108233709  -771.8 -30.7 -255.5
20211108233710  -771.3 -30.5 -255.3
20211108233711  -770.9 -30.4 -255.2
20211108233712  -770.5 -30.3 -255.0
20211108233713  -770.4 -30.4 -254.9
20211108233714  -770.2 -30.1 -254.7
20211108233715  -769.6 -30.5 -254.7
20211108233716  -769.4 -30.2 -254.2
20211108233717  -770.4 -30.6 -254.8
20211108233718  -770.4 -30.7 -255.2
20211108233719  -770.3 -30.5 -255.4
20211108233720  -770.2 -30.6 -255.5
20211108233721  -769.9 -30.9 -255.8
20211108233722  -770.1 -31.1 -255.6
20211108233723  -769.9 -31.5 -255.6
20211108233724  -769.7 -31.1 -255.7
20211108233725  -769.9 -31.1 -255.9
20211108233726  -770.0 -31.2 -255.6
20211108233727  -770.3 -31.3 -255.9
20211108233728  -769.8 -31.5 -255.7
20211108233729  -769.7 -31.2 -255.5
20211108233730  -769.5 -31.4 -255.5
20211108233731  -769.8 -31.5 -255.8
20211108233732  -769.6 -31.5 -255.6
20211108233733  -769.5 -31.4 -255.9
20211108233734  -769.6 -31.6 -256.1
20211108233735  -769.1 -31.7 -255.1
20211108233736  -768.7 -31.7 -255.1
20211108233737  -768.1 -31.6 -254.7
20211108233738  -767.8 -31.3 -254.8
20211108233739  -767.5 -30.9 -254.2
20211108233740  -767.2 -30.9 -253.8
20211108233741  -766.8 -30.8 -254.0
20211108233742  -766.6 -30.8 -253.5
20211108233743  -766.4 -30.8 -253.3
20211108233744  -766.8 -30.9 -253.9
20211108233745  -767.1 -31.0 -254.0
20211108233746  -766.9 -31.1 -254.3
20211108233747  -766.8 -31.3 -254.2
20211108233748  -766.9 -31.7 -254.4
20211108233749  -767.1 -31.5 -254.5
20211108233750  -766.8 -32.0 -254.2
20211108233751  -766.8 -31.9 -254.4
20211108233752  -766.5 -32.1 -254.4
20211108233753  -766.6 -32.2 -254.1
20211108233754  -766.5 -31.9 -254.2
20211108233755  -766.6 -32.2 -254.3
20211108233756  -766.4 -32.3 -254.3
20211108233757  -766.4 -31.9 -254.2
20211108233758  -766.1 -32.3 -254.1
20211108233759  -766.0 -32.2 -254.4
20211108233800  -766.1 -32.6 -254.0
20211108233801  -765.8 -33.3 -254.3
20211108233802  -765.1 -33.1 -253.8
20211108233803  -764.8 -33.1 -253.6
20211108233804  -764.6 -32.9 -253.3
20211108233805  -764.6 -33.1 -252.8
20211108233806  -764.3 -33.1 -252.6
20211108233807  -764.0 -32.6 -252.3
20211108233808  -763.7 -32.5 -252.1
20211108233809  -763.5 -32.4 -251.7
20211108233810  -763.9 -32.3 -252.1
20211108233811  -764.4 -32.4 -252.5
20211108233812  -764.7 -32.3 -252.5
20211108233813  -764.4 -32.1 -252.9
20211108233814  -764.8 -32.3 -253.0
20211108233815  -764.5 -32.8 -253.1
