20211101222444  -671.9 -90.5 -193.5
20211101222445  -672.0 -90.8 -193.6
20211101222446  -672.1 -91.0 -193.5
20211101222447  -672.2 -90.6 -193.7
20211101222448  -672.1 -90.7 -193.7
20211101222449  -672.3 -90.5 -193.8
20211101222450  -672.4 -90.5 -193.9
20211101222451  -672.3 -90.7 -193.6
20211101222452  -672.3 -90.9 -193.8
20211101222453  -672.2 -90.6 -194.0
20211101222454  -672.4 -90.6 -193.5
20211101222455  -672.2 -90.4 -193.7
20211101222456  -672.2 -90.5 -193.4
20211101222457  -672.1 -90.5 -193.7
20211101222458  -671.9 -90.5 -193.9
20211101222459  -671.9 -90.3 -194.1
20211101222500  -671.6 -90.2 -194.2
20211101222501  -671.0 -90.0 -193.4
20211101222502  -671.4 -90.2 -193.6
20211101222503  -671.8 -90.0 -193.9
20211101222504  -671.6 -89.7 -193.7
20211101222505  -671.8 -89.9 -193.8
20211101222506  -671.7 -89.9 -193.9
20211101222507  -671.7 -90.0 -194.2
20211101222508  -671.4 -90.7 -194.1
20211101222509  -671.6 -90.5 -194.2
20211101222510  -671.7 -90.5 -194.2
20211101222511  -671.6 -90.1 -194.3
20211101222512  -671.8 -90.1 -194.4
20211101222513  -671.7 -90.2 -194.4
20211101222514  -671.3 -90.5 -194.4
20211101222515  -671.4 -90.6 -194.3
20211101222516  -671.5 -90.1 -194.5
20211101222517  -671.5 -90.4 -194.3
20211101222518  -671.6 -90.4 -194.3
20211101222519  -671.4 -90.2 -194.3
20211101222520  -671.5 -90.4 -194.2
20211101222521  -671.4 -90.1 -194.5
20211101222522  -671.2 -90.0 -194.4
20211101222523  -671.6 -90.1 -194.3
20211101222524  -671.4 -89.9 -194.3
20211101222525  -671.1 -89.7 -194.2
20211101222526  -671.0 -90.1 -194.0
20211101222527  -671.3 -90.1 -194.2
20211101222528  -671.2 -90.0 -194.3
20211101222529  -671.2 -90.0 -194.3
20211101222530  -671.3 -90.3 -194.2
20211101222531  -670.7 -90.2 -194.2
20211101222532  -670.7 -89.9 -194.2
20211101222533  -671.2 -90.0 -194.5
20211101222534  -671.1 -89.9 -194.8
20211101222535  -670.8 -89.9 -194.4
20211101222536  -670.8 -90.0 -194.5
20211101222537  -670.7 -89.9 -194.4
20211101222538  -670.8 -89.8 -194.6
20211101222539  -670.7 -89.9 -194.7
20211101222540  -670.6 -89.7 -194.5
20211101222541  -670.7 -89.8 -194.6
20211101222542  -670.6 -89.8 -194.6
20211101222543  -670.3 -89.9 -194.5
20211101222544  -670.5 -89.9 -194.6
20211101222545  -670.3 -89.6 -194.4
20211101222546  -670.1 -89.6 -194.4
20211101222547  -670.4 -89.6 -194.5
20211101222548  -670.0 -89.8 -194.7
20211101222549  -670.1 -89.2 -194.6
20211101222550  -670.0 -89.2 -194.6
20211101222551  -670.0 -89.7 -194.7
20211101222552  -669.9 -89.5 -194.4
20211101222553  -670.3 -89.6 -194.4
20211101222554  -670.2 -89.6 -194.4
20211101222555  -670.2 -89.7 -194.5
20211101222556  -670.0 -89.9 -194.5
20211101222557  -669.8 -89.6 -194.6
20211101222558  -669.6 -89.5 -195.0
20211101222559  -669.4 -89.7 -194.9
20211101222600  -669.6 -89.5 -194.7
20211101222601  -669.5 -89.5 -194.3
20211101222602  -669.5 -89.4 -194.3
20211101222603  -669.9 -89.6 -194.7
20211101222604  -670.0 -89.5 -194.8
20211101222605  -669.9 -89.6 -194.7
20211101222606  -670.0 -89.6 -194.2
20211101222607  -669.7 -89.4 -194.7
20211101222608  -669.8 -89.5 -194.6
20211101222609  -670.0 -89.6 -194.5
20211101222610  -669.7 -89.7 -194.5
20211101222611  -670.0 -89.4 -194.7
20211101222612  -670.1 -89.5 -194.7
20211101222613  -670.1 -89.7 -194.8
20211101222614  -670.2 -89.4 -194.8
20211101222615  -669.8 -89.8 -194.8
20211101222616  -670.1 -89.6 -195.0
20211101222617  -670.2 -89.4 -195.0
20211101222618  -670.2 -89.6 -194.9
20211101222619  -670.3 -89.5 -195.0
20211101222620  -670.7 -89.6 -195.1
20211101222621  -670.4 -90.0 -194.9
20211101222622  -670.4 -89.9 -195.0
20211101222623  -671.0 -89.8 -195.2
20211101222624  -671.2 -89.8 -195.3
20211101222625  -671.2 -90.1 -195.2
20211101222626  -671.3 -89.8 -195.3
20211101222627  -671.4 -89.8 -195.4
20211101222628  -671.6 -90.0 -195.2
20211101222629  -671.4 -89.8 -195.2
20211101222630  -671.6 -90.1 -195.3
20211101222631  -671.6 -90.1 -195.3
20211101222632  -671.5 -90.0 -195.2
20211101222633  -671.9 -90.3 -195.4
20211101222634  -671.7 -89.8 -195.4
20211101222635  -672.1 -89.8 -195.4
20211101222636  -672.2 -89.8 -195.6
20211101222637  -672.2 -89.9 -195.8
20211101222638  -672.3 -90.2 -195.6
20211101222639  -672.4 -90.3 -195.6
20211101222640  -672.1 -89.9 -195.1
20211101222641  -672.3 -90.1 -195.3
20211101222642  -672.7 -90.3 -195.3
20211101222643  -672.3 -90.2 -195.3
20211101222644  -672.2 -90.0 -195.2
20211101222645  -672.3 -90.2 -195.2
20211101222646  -672.3 -90.1 -195.4
20211101222647  -672.2 -90.0 -195.3
20211101222648  -672.7 -90.0 -195.3
20211101222649  -672.9 -89.9 -195.2
20211101222650  -672.8 -90.0 -195.4
20211101222651  -672.9 -89.9 -195.4
20211101222652  -673.1 -89.9 -195.5
20211101222653  -672.7 -89.9 -195.2
20211101222654  -672.8 -89.9 -195.1
20211101222655  -672.9 -89.9 -195.4
20211101222656  -673.0 -89.7 -195.4
20211101222657  -673.1 -89.8 -195.6
20211101222658  -673.3 -89.6 -195.6
20211101222659  -673.1 -89.8 -195.3
20211101222700  -673.0 -89.8 -195.2
20211101222701  -672.9 -89.8 -195.4
20211101222702  -672.7 -89.6 -194.9
20211101222703  -672.9 -89.8 -195.2
20211101222704  -672.8 -89.7 -195.2
20211101222705  -672.9 -89.8 -195.3
20211101222706  -673.0 -89.7 -195.6
20211101222707  -673.1 -89.7 -195.4
20211101222708  -672.9 -89.4 -195.2
20211101222709  -672.7 -89.8 -195.3
20211101222710  -672.7 -90.0 -195.3
20211101222711  -672.6 -89.9 -195.3
20211101222712  -672.4 -89.7 -195.2
20211101222713  -672.7 -89.7 -195.1
20211101222714  -672.8 -89.6 -195.5
20211101222715  -672.7 -89.6 -195.4
20211101222716  -672.7 -89.5 -195.3
20211101222717  -672.5 -89.6 -195.0
20211101222718  -672.5 -89.5 -195.4
20211101222719  -672.5 -89.5 -195.3
20211101222720  -672.5 -89.5 -195.4
20211101222721  -672.4 -89.6 -195.3
20211101222722  -672.6 -89.6 -195.4
20211101222723  -672.5 -89.5 -195.5
20211101222724  -672.1 -89.4 -195.2
20211101222725  -672.0 -89.3 -195.2
20211101222726  -672.0 -89.5 -195.1
20211101222727  -672.0 -89.4 -195.0
20211101222728  -671.9 -89.7 -194.8
20211101222729  -671.7 -89.5 -195.4
20211101222730  -671.9 -89.6 -195.5
20211101222731  -671.8 -89.8 -195.4
20211101222732  -671.4 -89.6 -195.0
20211101222733  -671.5 -89.5 -195.4
20211101222734  -671.6 -89.8 -194.9
20211101222735  -671.4 -90.0 -195.1
20211101222736  -671.4 -89.7 -195.1
20211101222737  -671.3 -89.7 -195.2
20211101222738  -671.0 -89.6 -195.2
20211101222739  -671.0 -89.6 -195.0
20211101222740  -670.9 -89.6 -195.0
20211101222741  -670.7 -89.5 -194.9
20211101222742  -670.7 -89.4 -194.9
20211101222743  -670.6 -89.5 -194.9
20211101222744  -670.7 -89.5 -195.2
20211101222745  -670.8 -89.5 -195.2
20211101222746  -670.6 -89.5 -195.1
20211101222747  -670.3 -89.2 -195.1
20211101222748  -670.3 -89.3 -195.1
20211101222749  -670.3 -89.1 -195.1
20211101222750  -670.5 -89.5 -195.0
20211101222751  -670.4 -89.2 -195.2
20211101222752  -670.3 -89.0 -195.1
20211101222753  -670.2 -89.2 -195.0
20211101222754  -670.1 -89.0 -195.0
20211101222755  -670.1 -88.9 -194.9
20211101222756  -670.0 -89.1 -195.1
20211101222757  -670.0 -89.0 -195.0
20211101222758  -669.9 -89.0 -195.1
20211101222759  -669.8 -89.0 -195.0
20211101222800  -669.8 -88.9 -195.0
20211101222801  -670.1 -89.1 -194.8
20211101222802  -669.3 -88.9 -194.5
20211101222803  -669.9 -88.9 -194.6
20211101222804  -669.7 -88.9 -194.7
20211101222805  -669.4 -88.9 -195.0
20211101222806  -669.5 -89.2 -195.0
20211101222807  -669.5 -89.0 -194.9
20211101222808  -669.3 -89.3 -194.8
20211101222809  -669.3 -89.0 -194.6
20211101222810  -669.3 -89.1 -194.8
20211101222811  -669.2 -89.3 -194.7
20211101222812  -668.9 -89.0 -194.6
20211101222813  -669.1 -88.9 -194.6
20211101222814  -669.1 -88.9 -194.4
20211101222815  -669.1 -88.9 -194.6
20211101222816  -668.8 -88.8 -194.4
20211101222817  -668.8 -88.9 -194.4
20211101222818  -668.6 -89.0 -194.4
20211101222819  -668.5 -88.8 -194.2
20211101222820  -668.5 -88.9 -194.2
