20211025215035  -657.5 -87.1 -190.5
20211025215036  -657.7 -87.1 -190.3
20211025215037  -657.8 -87.0 -190.2
20211025215038  -657.6 -86.9 -190.3
20211025215039  -657.8 -86.8 -190.5
20211025215040  -657.9 -86.9 -190.4
20211025215041  -657.8 -86.7 -190.3
20211025215042  -657.7 -86.8 -190.5
20211025215043  -657.7 -86.9 -190.4
20211025215044  -657.9 -87.1 -190.5
20211025215045  -657.9 -87.3 -190.6
20211025215046  -657.8 -87.0 -190.3
20211025215047  -658.0 -86.9 -190.2
20211025215048  -658.0 -86.8 -190.4
20211025215049  -657.7 -86.9 -190.5
20211025215050  -657.6 -87.2 -190.4
20211025215051  -657.6 -87.1 -190.2
20211025215052  -657.9 -87.0 -190.4
20211025215053  -657.7 -87.1 -190.5
20211025215054  -657.6 -87.3 -190.3
20211025215055  -658.1 -87.3 -190.4
20211025215056  -658.3 -87.4 -190.4
20211025215057  -658.3 -87.1 -190.5
20211025215058  -658.5 -87.4 -190.5
20211025215059  -658.7 -87.5 -190.7
20211025215100  -658.6 -87.5 -191.0
20211025215101  -658.5 -87.2 -190.9
20211025215102  -658.6 -87.4 -190.8
20211025215103  -658.9 -87.3 -190.8
20211025215104  -659.0 -87.5 -190.8
20211025215105  -658.8 -87.6 -191.0
20211025215106  -658.8 -87.7 -191.5
20211025215107  -658.6 -87.3 -191.3
20211025215108  -658.7 -87.7 -191.0
20211025215109  -658.9 -87.4 -191.0
20211025215110  -659.1 -87.7 -191.1
20211025215111  -659.0 -87.9 -191.1
20211025215112  -659.3 -87.9 -191.0
20211025215113  -659.3 -87.9 -191.1
20211025215114  -658.9 -87.6 -191.1
20211025215115  -659.0 -88.0 -191.2
20211025215116  -659.0 -87.7 -191.2
20211025215117  -658.9 -87.5 -191.1
20211025215118  -658.7 -87.8 -191.2
20211025215119  -659.0 -87.6 -191.3
20211025215120  -659.0 -87.9 -191.3
20211025215121  -658.8 -87.6 -191.5
20211025215122  -659.0 -87.6 -191.1
20211025215123  -658.9 -87.5 -191.2
20211025215124  -659.1 -87.7 -191.4
20211025215125  -658.9 -87.6 -191.1
20211025215126  -659.2 -87.5 -191.4
20211025215127  -658.9 -87.7 -191.3
20211025215128  -658.8 -88.0 -191.0
20211025215129  -658.7 -87.8 -191.1
20211025215130  -658.9 -87.8 -191.3
20211025215131  -659.1 -87.8 -191.4
20211025215132  -659.1 -88.1 -191.3
20211025215133  -659.4 -88.1 -191.3
20211025215134  -659.1 -87.8 -191.3
20211025215135  -659.2 -88.0 -191.2
20211025215136  -659.2 -87.9 -191.3
20211025215137  -659.3 -87.7 -191.2
20211025215138  -659.0 -87.9 -191.3
20211025215139  -658.8 -88.0 -191.5
20211025215140  -658.7 -88.1 -191.3
20211025215141  -659.0 -88.0 -191.2
20211025215142  -659.0 -88.2 -191.2
20211025215143  -658.9 -88.4 -191.4
20211025215144  -659.0 -88.3 -191.4
20211025215145  -659.3 -88.4 -191.3
20211025215146  -659.3 -88.5 -191.3
20211025215147  -659.3 -88.3 -191.6
20211025215148  -659.5 -88.2 -191.5
20211025215149  -659.4 -88.1 -191.5
20211025215150  -659.1 -88.3 -191.1
20211025215151  -659.2 -88.5 -191.3
20211025215152  -659.2 -88.2 -191.4
20211025215153  -659.2 -88.5 -191.5
20211025215154  -659.1 -88.5 -191.7
20211025215155  -659.1 -88.8 -191.6
20211025215156  -659.4 -88.7 -191.7
20211025215157  -659.1 -88.5 -191.1
20211025215158  -659.5 -88.6 -191.6
20211025215159  -659.5 -88.6 -191.2
20211025215200  -659.2 -88.7 -191.5
20211025215201  -659.2 -88.6 -191.7
20211025215202  -659.1 -88.8 -191.7
20211025215203  -659.2 -88.6 -192.0
20211025215204  -659.2 -88.5 -192.1
20211025215205  -659.2 -88.6 -192.0
20211025215206  -659.3 -88.4 -192.0
20211025215207  -659.3 -88.6 -191.9
20211025215208  -659.5 -88.4 -191.7
20211025215209  -659.5 -88.4 -191.6
20211025215210  -659.5 -88.3 -191.7
20211025215211  -659.4 -88.4 -191.7
20211025215212  -659.2 -88.5 -191.6
20211025215213  -659.7 -88.6 -191.8
20211025215214  -659.7 -88.3 -191.8
20211025215215  -659.8 -88.6 -192.0
20211025215216  -659.9 -88.3 -192.0
20211025215217  -659.8 -88.1 -191.7
20211025215218  -659.9 -88.3 -191.6
20211025215219  -659.9 -88.3 -191.7
20211025215220  -659.7 -88.3 -191.8
20211025215221  -659.8 -88.3 -191.7
20211025215222  -660.0 -88.3 -191.8
20211025215223  -659.7 -88.1 -191.9
20211025215224  -659.8 -88.1 -192.0
20211025215225  -659.8 -88.4 -191.9
20211025215226  -659.5 -88.4 -191.9
20211025215227  -659.6 -88.2 -192.1
20211025215228  -659.8 -88.1 -191.9
20211025215229  -659.9 -88.2 -191.9
20211025215230  -660.1 -88.6 -192.2
20211025215231  -660.1 -88.4 -192.2
20211025215232  -660.3 -88.3 -191.8
20211025215233  -660.2 -88.2 -192.1
20211025215234  -660.3 -88.7 -192.2
20211025215235  -660.4 -88.5 -192.3
20211025215236  -660.5 -88.7 -192.3
20211025215237  -660.5 -88.3 -192.1
20211025215238  -660.7 -88.4 -192.2
20211025215239  -660.2 -88.4 -192.0
20211025215240  -660.2 -88.4 -192.3
20211025215241  -660.3 -88.3 -192.4
20211025215242  -660.2 -88.5 -192.0
20211025215243  -660.5 -88.7 -192.2
20211025215244  -660.5 -88.4 -192.3
20211025215245  -660.4 -88.3 -192.0
20211025215246  -660.3 -88.4 -192.4
20211025215247  -660.5 -88.4 -192.4
20211025215248  -660.2 -88.5 -192.5
20211025215249  -660.2 -88.5 -192.5
20211025215250  -660.5 -88.5 -192.5
20211025215251  -660.5 -88.4 -192.3
20211025215252  -660.3 -88.4 -192.3
20211025215253  -660.3 -88.4 -192.5
20211025215254  -660.7 -88.3 -192.5
20211025215255  -661.0 -88.6 -192.3
20211025215256  -660.9 -88.2 -192.5
20211025215257  -660.7 -88.2 -192.8
20211025215258  -660.3 -88.3 -192.5
20211025215259  -660.5 -88.4 -192.2
20211025215300  -660.7 -88.4 -192.2
20211025215301  -660.6 -88.4 -192.4
20211025215302  -660.5 -88.2 -192.6
20211025215303  -660.8 -88.3 -192.6
20211025215304  -660.8 -88.4 -192.7
20211025215305  -660.7 -88.6 -192.6
20211025215306  -660.9 -88.3 -192.5
20211025215307  -661.0 -88.4 -192.7
20211025215308  -660.7 -88.3 -192.7
20211025215309  -661.2 -88.3 -192.4
20211025215310  -661.2 -88.2 -192.6
20211025215311  -661.1 -88.3 -192.5
20211025215312  -661.0 -88.4 -192.6
20211025215313  -660.9 -88.2 -192.9
20211025215314  -660.8 -88.2 -192.6
20211025215315  -660.8 -88.0 -192.6
20211025215316  -660.9 -87.9 -192.5
20211025215317  -661.0 -87.8 -192.4
20211025215318  -661.2 -87.7 -192.6
20211025215319  -660.9 -87.7 -192.7
20211025215320  -661.2 -87.8 -192.8
20211025215321  -660.8 -87.6 -193.0
20211025215322  -660.9 -87.9 -192.8
20211025215323  -661.2 -87.7 -192.6
20211025215324  -661.2 -87.8 -192.5
20211025215325  -660.7 -87.7 -192.5
20211025215326  -661.0 -87.8 -192.6
20211025215327  -661.0 -87.7 -192.6
20211025215328  -660.8 -87.6 -192.6
20211025215329  -660.1 -87.5 -192.0
20211025215330  -660.7 -87.5 -192.5
20211025215331  -660.8 -87.8 -192.6
20211025215332  -660.5 -87.8 -192.4
20211025215333  -660.8 -87.7 -192.0
20211025215334  -660.5 -87.8 -191.9
20211025215335  -660.4 -87.8 -192.2
20211025215336  -660.3 -87.8 -192.1
20211025215337  -660.2 -88.0 -192.1
20211025215338  -660.2 -87.8 -192.5
20211025215339  -660.5 -87.6 -192.0
20211025215340  -660.2 -87.3 -191.9
20211025215341  -660.3 -87.4 -191.9
20211025215342  -660.5 -87.4 -191.9
20211025215343  -660.6 -87.6 -191.5
20211025215344  -660.4 -87.5 -191.7
20211025215345  -660.4 -87.3 -191.7
20211025215346  -660.4 -87.4 -191.8
20211025215347  -660.2 -87.6 -191.8
20211025215348  -659.9 -87.2 -191.6
20211025215349  -659.8 -87.2 -191.7
20211025215350  -660.2 -87.1 -191.7
20211025215351  -660.3 -87.3 -191.5
20211025215352  -660.5 -86.9 -191.6
20211025215353  -660.4 -87.2 -192.0
20211025215354  -660.4 -87.1 -192.1
20211025215355  -660.2 -87.2 -191.9
20211025215356  -660.5 -87.3 -191.8
20211025215357  -660.5 -87.3 -191.7
20211025215358  -660.2 -86.9 -191.6
20211025215359  -659.9 -86.7 -191.4
20211025215400  -660.3 -86.6 -191.8
20211025215401  -660.3 -86.6 -191.9
20211025215402  -660.2 -86.7 -191.8
20211025215403  -660.3 -86.8 -191.7
20211025215404  -660.3 -86.7 -191.6
20211025215405  -660.1 -86.6 -191.5
20211025215406  -660.1 -86.1 -191.5
20211025215407  -660.2 -86.2 -191.7
20211025215408  -659.9 -86.6 -191.6
20211025215409  -660.1 -86.4 -191.5
20211025215410  -660.2 -86.4 -191.3
20211025215411  -660.3 -86.2 -191.5
20211025215412  -660.3 -86.4 -191.7
20211025215413  -660.1 -86.3 -191.4
20211025215414  -660.3 -86.4 -191.2
20211025215415  -660.3 -86.4 -191.4
20211025215416  -660.5 -86.3 -191.6
20211025215417  -660.2 -86.5 -191.3
20211025215418  -660.0 -86.3 -191.4
20211025215419  -660.2 -86.1 -191.3
20211025215420  -660.3 -86.0 -191.1
20211025215421  -660.5 -86.2 -191.4
20211025215422  -660.3 -86.2 -191.5
20211025215423  -660.4 -86.1 -191.7
20211025215424  -660.5 -85.9 -191.9
20211025215425  -660.3 -86.1 -191.6
20211025215426  -660.4 -86.3 -191.4
20211025215427  -660.1 -86.3 -191.5
20211025215428  -660.3 -86.3 -191.6
20211025215429  -660.2 -86.3 -191.5
20211025215430  -660.4 -86.2 -191.4
20211025215431  -660.6 -86.3 -191.4
20211025215432  -660.3 -86.1 -191.6
20211025215433  -660.3 -85.9 -191.4
20211025215434  -660.4 -86.2 -191.5
20211025215435  -660.7 -86.4 -191.6
20211025215436  -660.2 -86.0 -191.6
20211025215437  -660.5 -86.1 -191.5
20211025215438  -660.4 -86.2 -191.5
20211025215439  -660.4 -86.1 -191.6
20211025215440  -660.3 -86.1 -191.8
20211025215441  -660.5 -86.4 -191.7
20211025215442  -660.5 -86.3 -191.6
20211025215443  -660.5 -86.4 -191.8
20211025215444  -660.7 -86.2 -191.9
20211025215445  -660.6 -86.2 -191.5
20211025215446  -660.7 -86.1 -191.6
20211025215447  -660.8 -86.0 -191.8
20211025215448  -660.5 -85.8 -191.7
20211025215449  -660.6 -85.9 -191.9
20211025215450  -660.6 -86.1 -192.0
20211025215451  -660.6 -86.3 -192.1
20211025215452  -660.7 -86.3 -192.0
20211025215453  -660.5 -85.9 -191.7
20211025215454  -660.8 -86.2 -191.8
20211025215455  -660.6 -86.3 -191.7
20211025215456  -660.4 -86.1 -191.6
20211025215457  -660.6 -86.0 -191.5
20211025215458  -660.5 -86.0 -191.7
20211025215459  -660.7 -86.2 -191.6
20211025215500  -660.3 -86.1 -191.6
20211025215501  -660.6 -86.3 -191.8
20211025215502  -660.7 -86.3 -192.1
20211025215503  -660.7 -86.2 -191.8
20211025215504  -660.7 -86.2 -191.9
20211025215505  -660.9 -86.2 -191.8
20211025215506  -661.0 -86.3 -191.6
20211025215507  -661.1 -86.2 -191.9
20211025215508  -661.3 -86.4 -192.0
20211025215509  -660.9 -86.6 -192.1
20211025215510  -661.1 -86.2 -192.0
20211025215511  -660.9 -86.1 -192.0
20211025215512  -661.2 -86.3 -192.2
20211025215513  -661.0 -86.2 -192.3
20211025215514  -661.1 -86.3 -192.1
20211025215515  -661.2 -86.4 -191.7
20211025215516  -660.8 -86.1 -191.9
20211025215517  -660.7 -86.3 -191.8
20211025215518  -661.1 -86.3 -191.9
20211025215519  -661.0 -86.3 -191.8
20211025215520  -661.0 -86.2 -192.2
20211025215521  -661.0 -86.2 -192.1
20211025215522  -661.1 -86.4 -192.1
20211025215523  -661.3 -86.4 -191.7
20211025215524  -661.0 -86.3 -191.7
20211025215525  -661.1 -86.0 -191.8
20211025215526  -661.1 -86.3 -192.0
20211025215527  -661.1 -86.4 -191.8
20211025215528  -661.1 -86.2 -191.9
20211025215529  -661.1 -86.2 -191.6
20211025215530  -660.8 -86.4 -191.5
20211025215531  -660.9 -86.4 -191.8
20211025215532  -660.9 -86.2 -191.8
20211025215533  -661.1 -86.1 -191.8
20211025215534  -661.0 -86.0 -191.9
20211025215535  -661.3 -85.9 -192.0
20211025215536  -661.3 -86.1 -192.2
20211025215537  -661.3 -86.2 -192.2
20211025215538  -661.0 -86.1 -192.3
20211025215539  -661.1 -86.1 -192.2
20211025215540  -661.3 -86.2 -192.1
20211025215541  -661.5 -86.3 -192.1
20211025215542  -661.2 -86.2 -192.2
20211025215543  -661.1 -86.0 -192.3
20211025215544  -661.3 -86.0 -192.4
20211025215545  -661.3 -86.2 -192.4
20211025215546  -661.1 -86.1 -192.3
20211025215547  -661.2 -86.3 -192.0
20211025215548  -661.1 -86.3 -191.9
20211025215549  -661.5 -86.4 -191.9
20211025215550  -661.3 -86.1 -191.8
20211025215551  -661.1 -86.3 -191.8
20211025215552  -661.4 -86.5 -192.0
20211025215553  -661.5 -86.2 -192.1
20211025215554  -661.5 -86.4 -192.0
20211025215555  -661.4 -86.3 -191.7
20211025215556  -661.6 -86.1 -191.9
20211025215557  -661.7 -86.0 -192.1
20211025215558  -661.5 -86.4 -191.9
20211025215559  -661.5 -86.1 -192.3
20211025215600  -661.7 -86.0 -191.7
20211025215601  -661.4 -85.9 -191.3
20211025215602  -661.6 -86.1 -191.6
20211025215603  -661.6 -86.1 -191.7
20211025215604  -661.6 -86.1 -191.6
20211025215605  -661.4 -85.8 -191.6
20211025215606  -661.4 -86.2 -191.7
20211025215607  -661.5 -86.3 -191.8
20211025215608  -661.7 -86.1 -191.6
20211025215609  -661.4 -86.1 -191.6
20211025215610  -661.4 -86.3 -191.7
20211025215611  -661.5 -86.1 -191.6
20211025215612  -661.2 -86.3 -191.6
20211025215613  -661.7 -86.3 -191.3
20211025215614  -661.2 -86.3 -191.5
20211025215615  -661.4 -86.0 -191.3
20211025215616  -661.6 -86.0 -191.4
20211025215617  -661.4 -85.9 -191.5
20211025215618  -661.6 -85.8 -191.2
20211025215619  -661.4 -85.8 -191.4
20211025215620  -661.1 -85.8 -191.3
20211025215621  -661.7 -86.0 -191.3
20211025215622  -661.6 -86.2 -191.5
20211025215623  -661.8 -86.0 -191.2
20211025215624  -661.8 -85.9 -191.3
20211025215625  -661.8 -86.0 -191.3
20211025215626  -661.7 -85.9 -191.5
20211025215627  -661.8 -86.1 -191.4
20211025215628  -661.7 -85.8 -191.3
20211025215629  -661.7 -85.7 -191.3
20211025215630  -661.6 -85.9 -191.7
20211025215631  -661.6 -86.0 -191.3
20211025215632  -661.9 -86.1 -191.1
20211025215633  -661.9 -86.1 -191.4
20211025215634  -662.2 -85.9 -191.5
20211025215635  -662.1 -86.1 -191.2
20211025215636  -662.0 -85.9 -191.4
20211025215637  -662.4 -86.0 -191.4
20211025215638  -662.1 -86.2 -191.4
20211025215639  -662.5 -86.4 -191.3
20211025215640  -662.4 -86.5 -191.2
20211025215641  -662.2 -86.4 -191.2
20211025215642  -662.1 -86.4 -191.3
20211025215643  -662.4 -86.3 -191.3
20211025215644  -662.5 -86.3 -191.5
20211025215645  -662.4 -86.5 -191.2
20211025215646  -662.5 -86.5 -191.3
20211025215647  -662.5 -86.6 -191.6
20211025215648  -662.1 -86.4 -191.6
20211025215649  -662.6 -86.8 -191.7
20211025215650  -662.4 -86.7 -191.5
20211025215651  -662.5 -86.4 -191.5
20211025215652  -662.4 -86.8 -191.3
20211025215653  -662.4 -86.7 -191.3
20211025215654  -662.6 -86.6 -191.2
20211025215655  -662.4 -86.7 -191.1
20211025215656  -662.7 -86.5 -191.2
20211025215657  -662.7 -86.5 -191.3
20211025215658  -662.4 -86.6 -191.6
20211025215659  -662.5 -86.5 -191.4
20211025215700  -662.8 -86.5 -191.1
20211025215701  -662.0 -86.4 -191.0
20211025215702  -662.4 -86.3 -190.7
20211025215703  -662.6 -86.6 -191.3
20211025215704  -662.4 -86.6 -191.4
20211025215705  -662.4 -86.7 -191.1
20211025215706  -662.7 -86.7 -191.4
20211025215707  -662.4 -86.7 -191.5
20211025215708  -662.5 -86.8 -191.7
20211025215709  -662.5 -86.9 -191.5
20211025215710  -662.4 -87.0 -191.0
20211025215711  -662.6 -86.9 -191.1
20211025215712  -662.7 -86.8 -190.9
20211025215713  -662.5 -86.8 -191.0
20211025215714  -662.2 -86.7 -191.1
20211025215715  -662.2 -86.5 -190.9
20211025215716  -662.2 -86.7 -191.1
20211025215717  -662.2 -86.7 -191.0
20211025215718  -662.5 -86.8 -191.2
20211025215719  -662.5 -86.7 -191.1
20211025215720  -662.5 -86.7 -190.8
20211025215721  -662.3 -86.7 -190.9
20211025215722  -662.5 -86.4 -191.0
20211025215723  -662.2 -86.5 -190.7
20211025215724  -662.5 -87.0 -191.0
20211025215725  -662.3 -86.5 -190.8
20211025215726  -662.7 -86.7 -190.7
20211025215727  -662.4 -86.7 -190.8
20211025215728  -662.4 -86.7 -190.8
20211025215729  -662.2 -86.5 -191.1
20211025215730  -662.2 -86.6 -191.1
20211025215731  -662.2 -86.9 -190.9
20211025215732  -661.1 -86.8 -190.1
20211025215733  -661.9 -86.8 -190.7
20211025215734  -661.9 -86.6 -190.7
20211025215735  -661.8 -86.8 -190.7
20211025215736  -661.8 -86.8 -190.8
20211025215737  -661.7 -86.5 -191.0
20211025215738  -661.8 -86.8 -190.8
20211025215739  -661.8 -86.6 -190.7
20211025215740  -661.4 -86.6 -190.9
20211025215741  -661.5 -86.7 -191.2
20211025215742  -661.6 -86.6 -191.0
20211025215743  -661.3 -86.5 -191.1
20211025215744  -661.5 -86.5 -191.1
20211025215745  -661.6 -86.5 -191.2
20211025215746  -661.7 -86.6 -191.2
20211025215747  -661.8 -86.6 -190.9
20211025215748  -661.8 -86.6 -191.2
20211025215749  -661.9 -86.6 -191.1
20211025215750  -662.0 -86.6 -191.0
20211025215751  -661.7 -86.6 -191.2
20211025215752  -661.8 -86.7 -191.2
20211025215753  -662.0 -86.5 -191.4
20211025215754  -662.1 -86.5 -191.2
20211025215755  -661.8 -86.6 -191.5
20211025215756  -661.9 -86.6 -191.5
20211025215757  -662.0 -86.7 -191.8
20211025215758  -662.2 -86.5 -191.7
20211025215759  -661.9 -86.4 -191.8
20211025215800  -661.9 -86.5 -191.5
20211025215801  -662.0 -86.4 -191.6
20211025215802  -661.3 -86.3 -191.1
20211025215803  -661.4 -86.1 -191.0
20211025215804  -662.4 -86.4 -191.4
20211025215805  -662.3 -87.0 -191.4
20211025215806  -662.4 -86.7 -191.3
20211025215807  -662.4 -86.5 -191.6
20211025215808  -662.5 -86.6 -191.6
20211025215809  -662.5 -86.5 -191.6
20211025215810  -662.5 -86.7 -191.7
20211025215811  -662.6 -87.0 -191.9
20211025215812  -662.7 -86.8 -192.0
20211025215813  -662.9 -87.1 -191.8
20211025215814  -662.8 -87.0 -192.0
20211025215815  -662.8 -87.0 -191.9
20211025215816  -663.0 -87.0 -191.8
20211025215817  -662.9 -87.2 -191.9
20211025215818  -663.0 -87.3 -191.8
