-687.1 -97.7 -127.7
20211030221439  -686.8 -97.7 -127.5
20211030221440  -686.5 -97.7 -127.7
20211030221441  -686.3 -97.9 -127.8
20211030221442  -686.0 -97.6 -127.8
20211030221443  -685.9 -97.8 -127.9
20211030221444  -685.7 -97.9 -128.3
20211030221445  -685.5 -97.8 -128.4
20211030221446  -685.2 -98.2 -128.7
20211030221447  -685.1 -97.8 -128.5
20211030221448  -684.9 -97.8 -128.8
20211030221449  -684.5 -97.6 -128.9
20211030221450  -684.4 -97.5 -129.4
20211030221451  -684.5 -97.7 -129.4
20211030221452  -684.2 -97.5 -129.2
20211030221453  -684.2 -97.6 -129.5
20211030221454  -684.1 -97.5 -129.4
20211030221455  -684.0 -97.4 -129.7
20211030221456  -684.0 -97.4 -129.8
20211030221457  -683.7 -97.9 -129.7
20211030221458  -683.5 -97.5 -129.8
20211030221459  -683.7 -97.9 -130.0
20211030221500  -683.4 -97.8 -129.9
20211030221501  -683.4 -97.9 -130.2
20211030221502  -683.5 -97.8 -130.1
20211030221503  -683.2 -98.1 -130.4
20211030221504  -683.3 -98.2 -130.5
20211030221505  -683.1 -98.1 -130.7
20211030221506  -683.0 -98.0 -131.0
20211030221507  -683.1 -98.2 -130.6
20211030221508  -682.8 -98.4 -130.6
20211030221509  -682.2 -98.5 -130.7
20211030221510  -682.3 -98.3 -130.9
20211030221511  -682.4 -98.1 -131.2
20211030221512  -682.3 -98.4 -131.4
20211030221513  -682.4 -98.2 -131.7
20211030221514  -682.3 -98.3 -131.8
20211030221515  -682.3 -98.4 -131.8
20211030221516  -682.3 -98.5 -131.9
20211030221517  -682.1 -98.4 -131.8
20211030221518  -682.1 -98.5 -131.9
20211030221519  -682.3 -98.4 -131.9
20211030221520  -682.4 -98.5 -132.1
20211030221521  -682.5 -98.6 -132.3
20211030221522  -682.2 -98.5 -132.4
20211030221523  -682.1 -98.5 -132.3
20211030221524  -682.0 -98.3 -132.5
20211030221525  -682.1 -98.2 -132.6
20211030221526  -682.4 -98.4 -132.6
20211030221527  -682.6 -98.4 -133.1
20211030221528  -682.7 -98.3 -133.0
20211030221529  -682.9 -98.3 -132.7
20211030221530  -682.9 -98.2 -133.2
20211030221531  -683.1 -98.0 -133.2
20211030221532  -683.3 -98.4 -133.2
20211030221533  -683.7 -98.5 -133.2
20211030221534  -683.7 -98.3 -133.1
20211030221535  -684.0 -98.6 -133.5
20211030221536  -683.9 -98.5 -133.2
20211030221537  -683.7 -98.5 -133.4
20211030221538  -684.0 -98.4 -133.4
20211030221539  -684.2 -98.7 -133.4
20211030221540  -683.8 -98.4 -133.4
20211030221541  -684.2 -98.7 -133.4
20211030221542  -684.3 -98.5 -133.5
20211030221543  -684.1 -98.2 -133.7
20211030221544  -684.4 -98.4 -133.7
20211030221545  -684.4 -98.5 -133.9
20211030221546  -684.4 -98.2 -133.8
20211030221547  -684.2 -98.0 -133.7
20211030221548  -684.5 -97.8 -133.9
20211030221549  -684.4 -98.1 -133.6
20211030221550  -684.3 -98.0 -133.7
20211030221551  -684.2 -97.6 -133.6
20211030221552  -684.3 -97.8 -133.8
20211030221553  -684.2 -98.0 -133.6
20211030221554  -684.0 -97.7 -133.2
20211030221555  -683.7 -97.9 -133.5
20211030221556  -683.6 -97.9 -133.4
20211030221557  -683.6 -97.8 -133.2
20211030221558  -683.4 -97.7 -133.3
20211030221559  -683.2 -98.1 -133.0
20211030221600  -683.1 -98.2 -133.1
20211030221601  -682.6 -98.2 -132.9
20211030221602  -682.5 -98.1 -133.1
20211030221603  -682.2 -98.1 -133.1
20211030221604  -681.8 -98.1 -132.9
20211030221605  -681.7 -97.8 -133.1
20211030221606  -681.4 -97.6 -132.8
20211030221607  -681.3 -97.9 -132.9
20211030221608  -681.2 -97.8 -132.9
20211030221609  -681.1 -97.8 -132.7
20211030221610  -680.8 -97.9 -132.8
20211030221611  -680.6 -97.5 -132.7
20211030221612  -680.2 -97.4 -132.9
20211030221613  -680.0 -97.6 -132.6
20211030221614  -679.3 -97.7 -132.6
20211030221615  -679.0 -97.6 -132.7
20211030221616  -678.7 -97.5 -132.6
20211030221617  -679.0 -97.5 -132.7
20211030221618  -678.7 -97.4 -132.9
20211030221619  -678.5 -97.6 -133.3
20211030221620  -678.3 -97.5 -133.4
20211030221621  -678.3 -97.3 -133.6
20211030221622  -677.9 -97.3 -133.4
20211030221623  -677.8 -96.9 -133.7
20211030221624  -677.7 -96.8 -133.0
20211030221625  -677.8 -96.9 -133.4
20211030221626  -677.5 -97.0 -133.7
20211030221627  -677.2 -96.9 -133.5
20211030221628  -677.5 -96.8 -133.7
20211030221629  -677.2 -97.5 -133.8
20211030221630  -677.5 -97.5 -133.9
20211030221631  -677.3 -97.2 -134.0
20211030221632  -677.8 -97.2 -134.3
20211030221633  -677.5 -97.4 -134.0
20211030221634  -677.3 -97.6 -133.9
20211030221635  -677.5 -97.4 -133.9
20211030221636  -677.5 -97.2 -133.8
20211030221637  -677.7 -97.2 -134.1
20211030221638  -677.6 -97.1 -134.2
20211030221639  -677.5 -97.0 -134.0
20211030221640  -677.7 -96.9 -134.0
20211030221641  -677.7 -96.9 -134.0
20211030221642  -677.5 -96.9 -133.9
20211030221643  -677.5 -97.0 -133.9
20211030221644  -677.7 -97.0 -133.8
20211030221645  -678.0 -97.1 -134.0
20211030221646  -677.7 -96.8 -133.7
20211030221647  -677.9 -96.5 -133.7
20211030221648  -678.0 -96.6 -133.7
20211030221649  -678.1 -96.7 -133.8
20211030221650  -678.2 -96.3 -133.6
20211030221651  -678.0 -96.7 -133.6
20211030221652  -678.0 -96.5 -133.3
20211030221653  -678.4 -96.3 -133.2
20211030221654  -678.5 -96.3 -133.0
20211030221655  -678.3 -96.3 -133.0
20211030221656  -678.3 -96.4 -132.8
20211030221657  -678.4 -96.5 -133.1
20211030221658  -678.3 -96.4 -132.6
20211030221659  -677.9 -96.4 -132.4
20211030221700  -678.2 -96.2 -132.4
20211030221701  -678.1 -96.3 -132.3
20211030221702  -678.1 -96.2 -132.1
20211030221703  -677.8 -96.6 -131.8
20211030221704  -678.1 -96.3 -132.2
20211030221705  -677.9 -96.2 -131.8
20211030221706  -677.9 -96.6 -131.8
20211030221707  -677.6 -96.6 -131.7
20211030221708  -677.4 -96.6 -131.8
20211030221709  -677.8 -96.9 -131.6
20211030221710  -677.9 -97.1 -131.8
20211030221711  -677.8 -97.1 -131.9
20211030221712  -677.7 -97.3 -131.5
20211030221713  -677.7 -97.4 -131.7
20211030221714  -677.5 -97.5 -131.9
20211030221715  -677.7 -97.9 -132.0
20211030221716  -677.8 -98.0 -132.0
20211030221717  -678.0 -98.3 -132.0
20211030221718  -678.1 -98.1 -131.6
20211030221719  -678.7 -98.3 -132.0
20211030221720  -678.7 -98.7 -131.7
20211030221721  -678.8 -98.8 -131.7
20211030221722  -678.9 -98.8 -131.5
20211030221723  -679.2 -99.0 -131.6
20211030221724  -679.3 -99.3 -131.7
20211030221725  -679.7 -99.4 -131.6
20211030221726  -679.9 -99.4 -131.5
20211030221727  -680.1 -99.8 -131.0
20211030221728  -680.0 -99.9 -130.8
20211030221729  -680.1 -100.2 -130.7
20211030221730  -680.3 -100.4 -130.6
20211030221731  -680.3 -100.5 -130.9
20211030221732  -680.6 -100.8 -130.7
20211030221733  -680.6 -100.9 -130.5
20211030221734  -680.5 -100.9 -130.4
20211030221735  -680.5 -100.8 -130.4
20211030221736  -680.3 -101.0 -130.7
20211030221737  -680.4 -101.1 -130.5
20211030221738  -680.6 -101.1 -130.5
20211030221739  -680.9 -100.9 -130.0
20211030221740  -681.2 -101.2 -129.7
20211030221741  -681.0 -101.4 -129.9
20211030221742  -681.2 -101.5 -129.9
20211030221743  -681.1 -101.9 -129.9
20211030221744  -681.0 -102.1 -129.6
20211030221745  -680.7 -102.3 -129.4
20211030221746  -680.7 -102.2 -129.5
20211030221747  -680.8 -102.4 -129.8
20211030221748  -680.9 -102.5 -129.2
20211030221749  -680.9 -102.6 -128.9
20211030221750  -680.8 -102.6 -128.8
20211030221751  -680.9 -102.7 -129.3
20211030221752  -680.8 -102.8 -129.0
20211030221753  -680.7 -102.8 -128.8
20211030221754  -680.6 -102.8 -128.8
20211030221755  -680.6 -103.0 -128.8
20211030221756  -680.7 -103.1 -128.9
20211030221757  -680.9 -102.7 -129.0
20211030221758  -681.2 -103.1 -129.2
20211030221759  -681.1 -102.8 -129.0
20211030221800  -680.7 -103.0 -129.1
20211030221801  -680.9 -102.8 -129.0
20211030221802  -680.9 -102.8 -129.3
20211030221803  -681.3 -103.1 -129.4
20211030221804  -681.4 -102.9 -129.5
20211030221805  -681.6 -102.9 -129.5
20211030221806  -681.4 -102.7 -129.5
20211030221807  -681.8 -102.7 -129.8
20211030221808  -681.8 -102.4 -129.6
20211030221809  -681.8 -102.2 -130.0
20211030221810  -681.9 -102.1 -129.8
20211030221811  -682.1 -102.1 -130.0
20211030221812  -682.2 -101.9 -130.0
20211030221813  -682.6 -101.7 -129.8
20211030221814  -683.0 -101.4 -129.9
20211030221815  -683.2 -101.5 -130.0
20211030221816  -683.6 -101.2 -130.1
20211030221817  -683.8 -101.3 -130.2
20211030221818  -684.0 -101.1 -130.2
20211030221819  -684.2 -101.0 -129.7
20211030221820  -684.0 -100.9 -129.5
