20211203223529  -680.7 -78.1 -733.7
20211203223530  -680.7 -78.0 -733.7
20211203223531  -680.9 -77.9 -733.6
20211203223532  -680.7 -78.1 -733.9
20211203223533  -680.6 -78.0 -733.5
20211203223534  -680.8 -78.2 -733.7
20211203223535  -680.5 -78.2 -733.7
20211203223536  -680.5 -78.3 -733.6
20211203223537  -680.5 -78.4 -733.7
20211203223538  -680.4 -78.4 -734.0
20211203223539  -680.4 -78.3 -733.8
20211203223540  -680.2 -78.0 -733.9
20211203223541  -680.2 -78.1 -733.8
20211203223542  -680.1 -78.1 -734.0
20211203223543  -680.1 -78.2 -734.1
20211203223544  -680.1 -78.4 -734.3
20211203223545  -680.0 -78.2 -733.9
20211203223546  -679.8 -78.2 -733.6
20211203223547  -679.5 -78.0 -733.1
20211203223548  -679.6 -77.9 -732.7
20211203223549  -679.4 -77.9 -732.8
20211203223550  -680.2 -77.9 -733.7
20211203223551  -680.4 -78.0 -733.5
20211203223552  -680.1 -78.0 -733.7
20211203223553  -680.5 -78.0 -733.5
20211203223554  -680.5 -78.0 -733.8
20211203223555  -680.3 -78.2 -734.0
20211203223556  -680.2 -78.2 -733.8
20211203223557  -680.2 -77.9 -734.0
20211203223558  -680.1 -78.2 -733.8
20211203223559  -680.1 -78.1 -733.9
20211203223600  -680.2 -78.2 -733.8
20211203223601  -680.2 -77.9 -733.8
20211203223602  -680.2 -78.0 -733.6
20211203223603  -680.2 -78.2 -733.7
20211203223604  -680.3 -78.3 -733.6
20211203223605  -680.2 -78.2 -733.7
20211203223606  -680.3 -78.3 -733.5
20211203223607  -680.2 -78.2 -733.5
20211203223608  -680.6 -78.4 -733.2
20211203223609  -680.4 -78.4 -733.7
20211203223610  -680.3 -78.3 -733.9
20211203223611  -679.9 -78.6 -733.6
20211203223612  -679.8 -78.2 -732.9
20211203223613  -679.5 -78.4 -733.0
20211203223614  -679.4 -78.3 -732.9
20211203223615  -679.6 -78.3 -732.9
20211203223616  -680.1 -78.1 -733.3
20211203223617  -680.0 -78.2 -733.4
20211203223618  -679.7 -78.1 -733.7
20211203223619  -679.6 -78.3 -733.4
20211203223620  -679.5 -78.5 -733.2
20211203223621  -679.7 -78.4 -733.5
20211203223622  -679.8 -78.2 -733.6
20211203223623  -679.4 -78.4 -733.5
20211203223624  -679.5 -78.4 -733.5
20211203223625  -679.5 -78.2 -733.6
20211203223626  -679.5 -78.5 -733.9
20211203223627  -679.3 -78.4 -733.6
20211203223628  -679.5 -78.3 -733.8
20211203223629  -679.6 -78.4 -733.8
20211203223630  -679.8 -78.6 -734.0
20211203223631  -679.7 -78.3 -733.8
20211203223632  -679.6 -78.3 -733.6
20211203223633  -679.7 -78.2 -733.8
20211203223634  -679.3 -78.1 -733.8
20211203223635  -679.6 -78.1 -733.8
20211203223636  -679.4 -78.4 -733.7
20211203223637  -679.2 -78.6 -733.7
20211203223638  -678.9 -78.6 -733.2
20211203223639  -678.7 -78.5 -732.9
20211203223640  -678.6 -78.4 -733.0
20211203223641  -678.7 -78.2 -733.0
20211203223642  -678.9 -78.3 -733.4
20211203223643  -679.1 -78.3 -733.7
20211203223644  -679.1 -77.7 -733.4
20211203223645  -678.7 -78.1 -733.1
20211203223646  -678.7 -78.4 -733.2
20211203223647  -678.8 -78.4 -733.1
20211203223648  -679.1 -78.6 -733.2
20211203223649  -678.9 -78.5 -733.2
20211203223650  -679.0 -78.6 -733.3
20211203223651  -679.2 -78.4 -733.4
20211203223652  -679.3 -78.4 -733.7
20211203223653  -679.2 -78.5 -733.3
20211203223654  -679.1 -78.5 -733.3
20211203223655  -679.3 -78.5 -733.7
20211203223656  -679.3 -78.7 -733.5
20211203223657  -679.1 -78.6 -733.4
20211203223658  -679.0 -78.5 -734.1
20211203223659  -679.0 -78.6 -734.0
20211203223700  -678.8 -78.8 -733.6
20211203223701  -678.9 -78.8 -733.5
20211203223702  -678.9 -78.8 -733.7
20211203223703  -678.9 -78.7 -733.7
20211203223704  -678.4 -78.7 -733.2
20211203223705  -678.1 -78.7 -732.9
20211203223706  -678.0 -78.6 -732.9
20211203223707  -678.2 -78.5 -732.9
20211203223708  -678.9 -78.6 -733.7
20211203223709  -678.8 -78.4 -733.4
20211203223710  -679.0 -78.4 -733.5
20211203223711  -678.9 -78.4 -733.7
20211203223712  -678.8 -78.2 -733.7
20211203223713  -679.0 -78.2 -733.4
20211203223714  -679.1 -78.1 -733.3
20211203223715  -679.3 -78.3 -733.5
20211203223716  -679.1 -78.5 -733.6
20211203223717  -678.9 -78.4 -733.9
20211203223718  -679.2 -78.6 -733.6
20211203223719  -679.1 -78.7 -733.8
20211203223720  -679.3 -78.6 -733.9
20211203223721  -678.9 -78.4 -733.8
20211203223722  -678.7 -78.3 -734.0
20211203223723  -678.8 -78.6 -733.9
20211203223724  -679.1 -78.5 -733.9
20211203223725  -679.1 -78.6 -733.6
20211203223726  -679.0 -78.5 -733.8
20211203223727  -678.9 -78.5 -733.7
20211203223728  -678.8 -78.4 -733.6
20211203223729  -679.0 -78.6 -733.8
20211203223730  -678.3 -78.8 -733.2
20211203223731  -678.0 -78.5 -732.8
20211203223732  -677.7 -78.2 -732.5
20211203223733  -677.6 -78.1 -732.7
20211203223734  -678.7 -78.1 -733.3
20211203223735  -678.6 -78.2 -733.5
20211203223736  -678.5 -78.2 -733.5
20211203223737  -678.4 -78.4 -733.3
20211203223738  -678.7 -78.2 -733.5
20211203223739  -678.5 -78.3 -733.5
20211203223740  -678.6 -78.4 -733.6
20211203223741  -678.3 -78.2 -733.5
20211203223742  -678.5 -78.2 -733.7
20211203223743  -678.5 -78.4 -733.4
20211203223744  -678.3 -78.2 -733.7
20211203223745  -678.4 -78.5 -733.7
20211203223746  -678.5 -78.2 -733.9
20211203223747  -678.7 -78.5 -733.8
20211203223748  -678.6 -78.5 -733.7
20211203223749  -678.9 -78.6 -733.8
20211203223750  -678.9 -78.6 -733.7
20211203223751  -678.9 -78.7 -733.7
20211203223752  -678.9 -78.6 -733.9
20211203223753  -679.1 -78.9 -733.9
20211203223754  -678.8 -78.8 -734.0
20211203223755  -679.0 -78.6 -734.0
20211203223756  -679.1 -79.2 -734.2
20211203223757  -678.6 -78.9 -733.6
20211203223758  -678.1 -78.7 -733.4
20211203223759  -678.1 -78.6 -733.2
20211203223800  -678.8 -78.7 -733.9
20211203223801  -679.3 -78.8 -733.9
20211203223802  -679.3 -78.9 -734.1
20211203223803  -679.3 -79.2 -734.1
20211203223804  -679.2 -79.1 -734.3
20211203223805  -679.2 -78.6 -734.3
20211203223806  -679.7 -78.9 -734.2
20211203223807  -679.6 -78.8 -733.9
20211203223808  -679.6 -78.9 -734.4
20211203223809  -679.6 -79.0 -734.1
20211203223810  -679.8 -79.0 -734.3
20211203223811  -679.7 -79.0 -734.5
20211203223812  -679.8 -78.8 -734.6
20211203223813  -679.8 -79.1 -734.5
20211203223814  -679.8 -79.2 -734.3
20211203223815  -680.0 -79.1 -734.2
20211203223816  -679.9 -79.1 -734.1
20211203223817  -679.9 -79.1 -734.3
20211203223818  -680.1 -79.1 -734.7
20211203223819  -680.2 -79.2 -734.5
20211203223820  -680.0 -79.2 -734.4
20211203223821  -680.3 -79.5 -734.8
20211203223822  -680.2 -79.5 -734.8
20211203223823  -679.7 -79.8 -734.2
20211203223824  -679.4 -79.6 -734.2
20211203223825  -679.2 -79.2 -734.0
20211203223826  -679.9 -79.1 -734.2
20211203223827  -680.0 -79.4 -734.6
20211203223828  -680.1 -79.4 -734.7
20211203223829  -680.2 -79.3 -734.8
20211203223830  -680.3 -79.3 -734.9
20211203223831  -680.6 -79.3 -734.7
20211203223832  -680.4 -79.3 -734.6
20211203223833  -680.4 -79.5 -734.7
20211203223834  -680.6 -79.5 -734.9
20211203223835  -680.6 -79.5 -734.8
20211203223836  -680.8 -79.5 -734.8
20211203223837  -680.6 -79.2 -734.9
20211203223838  -680.8 -79.4 -735.1
20211203223839  -680.8 -79.2 -735.1
20211203223840  -681.0 -79.1 -734.9
20211203223841  -681.1 -79.5 -735.3
20211203223842  -681.1 -79.5 -735.4
20211203223843  -681.2 -79.4 -735.3
20211203223844  -681.2 -79.3 -735.4
20211203223845  -681.1 -79.4 -735.4
20211203223846  -681.2 -79.4 -735.7
20211203223847  -681.4 -79.4 -735.6
20211203223848  -680.9 -79.7 -735.4
20211203223849  -680.5 -79.7 -735.1
20211203223850  -680.2 -79.3 -734.9
20211203223851  -680.1 -79.4 -734.8
20211203223852  -680.2 -79.4 -734.7
20211203223853  -680.7 -79.2 -734.9
20211203223854  -680.9 -79.5 -735.0
20211203223855  -681.2 -79.1 -735.1
20211203223856  -681.6 -79.3 -734.9
20211203223857  -681.2 -79.4 -734.8
20211203223858  -681.4 -79.6 -735.0
20211203223859  -681.4 -79.9 -734.7
20211203223900  -681.7 -80.0 -735.3
20211203223901  -681.8 -79.9 -734.9
20211203223902  -681.6 -79.9 -734.9
20211203223903  -681.7 -79.9 -735.0
20211203223904  -681.6 -79.7 -734.9
20211203223905  -681.9 -79.5 -734.9
20211203223906  -681.8 -79.4 -735.2
20211203223907  -681.9 -79.6 -735.3
20211203223908  -682.0 -79.7 -735.3
20211203223909  -682.0 -79.2 -735.2
20211203223910  -682.0 -79.4 -735.3
20211203223911  -682.3 -79.6 -735.5
20211203223912  -682.0 -79.6 -735.4
20211203223913  -682.3 -79.3 -735.4
20211203223914  -682.3 -79.7 -735.7
20211203223915  -681.7 -79.8 -735.4
20211203223916  -681.3 -79.4 -734.9
20211203223917  -681.5 -79.6 -734.8
20211203223918  -681.4 -79.6 -734.7
20211203223919  -681.4 -79.6 -734.4
20211203223920  -682.0 -79.9 -735.1
20211203223921  -682.4 -79.8 -735.3
20211203223922  -682.7 -79.7 -735.1
20211203223923  -682.7 -79.4 -735.3
20211203223924  -683.0 -79.7 -735.3
20211203223925  -683.1 -79.7 -735.7
20211203223926  -682.9 -79.8 -736.0
20211203223927  -683.3 -79.7 -736.0
20211203223928  -683.3 -79.9 -735.8
20211203223929  -683.5 -79.8 -735.8
20211203223930  -683.5 -80.1 -736.0
20211203223931  -683.7 -80.1 -736.0
20211203223932  -683.9 -80.0 -736.1
20211203223933  -683.8 -79.8 -736.1
20211203223934  -683.7 -79.8 -736.1
20211203223935  -683.3 -79.8 -736.2
20211203223936  -683.5 -79.9 -736.2
20211203223937  -683.8 -79.8 -736.4
20211203223938  -684.0 -80.2 -736.4
20211203223939  -684.5 -80.0 -736.1
20211203223940  -684.5 -80.0 -736.2
20211203223941  -684.2 -80.2 -736.2
20211203223942  -684.0 -80.1 -736.3
20211203223943  -684.1 -79.8 -736.1
20211203223944  -683.8 -79.6 -735.7
20211203223945  -683.9 -79.5 -735.7
20211203223946  -684.2 -79.6 -736.0
20211203223947  -684.7 -79.8 -736.4
20211203223948  -685.0 -79.8 -736.8
20211203223949  -685.1 -79.5 -736.7
20211203223950  -685.3 -79.6 -736.5
20211203223951  -685.4 -79.5 -736.6
20211203223952  -685.3 -79.7 -736.8
20211203223953  -685.4 -80.0 -736.6
20211203223954  -685.5 -80.0 -736.7
20211203223955  -685.8 -79.8 -736.5
20211203223956  -685.8 -79.8 -736.7
20211203223957  -685.6 -79.8 -737.0
20211203223958  -685.9 -79.7 -737.0
20211203223959  -686.1 -79.6 -736.8
20211203224000  -686.4 -79.8 -736.9
20211203224001  -686.4 -79.9 -736.9
20211203224002  -686.5 -79.9 -736.8
20211203224003  -686.5 -79.8 -736.9
20211203224004  -686.6 -79.7 -736.9
20211203224005  -686.3 -79.7 -737.1
20211203224006  -686.5 -79.7 -737.2
20211203224007  -686.5 -79.7 -737.2
20211203224008  -686.0 -79.8 -736.6
20211203224009  -686.0 -79.5 -736.6
20211203224010  -685.5 -79.4 -736.2
20211203224011  -685.4 -79.2 -736.0
20211203224012  -685.7 -79.1 -735.8
20211203224013  -686.6 -79.3 -736.5
20211203224014  -686.9 -79.3 -736.8
20211203224015  -687.1 -79.1 -737.0
20211203224016  -686.8 -79.4 -736.7
20211203224017  -687.4 -79.4 -736.6
20211203224018  -687.0 -79.2 -736.9
20211203224019  -687.3 -79.6 -736.9
20211203224020  -687.7 -79.3 -736.8
20211203224021  -688.0 -79.5 -737.0
20211203224022  -688.0 -79.2 -737.1
20211203224023  -687.9 -79.0 -737.4
20211203224024  -687.9 -79.0 -737.4
20211203224025  -688.1 -79.0 -737.3
20211203224026  -688.4 -79.1 -737.5
20211203224027  -688.3 -79.2 -737.7
20211203224028  -688.4 -79.3 -737.9
20211203224029  -688.4 -79.4 -738.0
20211203224030  -688.5 -79.3 -737.9
20211203224031  -688.6 -79.2 -737.8
20211203224032  -688.6 -79.3 -737.8
20211203224033  -688.5 -79.5 -738.0
20211203224034  -688.4 -79.3 -738.2
20211203224035  -688.0 -78.9 -737.7
20211203224036  -688.0 -78.9 -737.2
20211203224037  -688.0 -78.5 -737.2
20211203224038  -687.7 -79.0 -737.2
20211203224039  -688.1 -78.9 -736.9
20211203224040  -688.9 -79.2 -737.5
20211203224041  -688.7 -79.1 -737.6
20211203224042  -688.8 -79.1 -737.6
20211203224043  -688.9 -78.9 -737.6
20211203224044  -689.1 -79.0 -737.6
20211203224045  -689.1 -79.1 -737.5
20211203224046  -689.4 -79.0 -737.8
20211203224047  -689.4 -79.0 -737.8
20211203224048  -689.4 -79.0 -737.6
20211203224049  -689.6 -78.9 -737.5
20211203224050  -689.5 -78.9 -738.0
20211203224051  -689.7 -78.8 -738.2
20211203224052  -690.0 -79.0 -738.1
20211203224053  -689.7 -78.9 -738.0
20211203224054  -689.8 -79.0 -738.2
20211203224055  -690.0 -78.9 -738.1
20211203224056  -690.1 -78.9 -738.1
20211203224057  -689.9 -79.2 -738.0
20211203224058  -690.0 -79.0 -738.1
20211203224059  -690.3 -78.9 -738.0
20211203224100  -690.1 -79.0 -738.0
20211203224101  -689.5 -78.7 -737.5
20211203224102  -689.4 -78.6 -737.5
20211203224103  -689.2 -78.9 -737.4
20211203224104  -689.4 -78.7 -737.2
20211203224105  -689.2 -78.7 -737.2
20211203224106  -689.7 -78.4 -737.6
20211203224107  -689.9 -78.6 -737.8
20211203224108  -689.9 -78.5 -738.1
20211203224109  -689.8 -78.3 -738.0
20211203224110  -689.8 -78.5 -737.9
20211203224111  -689.9 -78.7 -738.1
20211203224112  -690.1 -78.8 -738.3
20211203224113  -690.0 -78.5 -738.3
20211203224114  -690.0 -78.5 -738.2
20211203224115  -689.9 -78.7 -738.3
20211203224116  -690.1 -78.4 -738.4
20211203224117  -690.3 -78.6 -738.3
20211203224118  -690.1 -78.4 -738.2
20211203224119  -690.3 -78.6 -738.2
20211203224120  -690.0 -78.6 -738.2
20211203224121  -690.3 -78.4 -738.5
20211203224122  -690.3 -78.4 -738.4
20211203224123  -690.0 -78.3 -738.4
20211203224124  -690.4 -78.2 -738.4
20211203224125  -690.6 -78.6 -738.7
20211203224126  -690.5 -78.8 -738.6
20211203224127  -690.2 -78.5 -738.3
20211203224128  -689.7 -78.0 -737.7
20211203224129  -689.5 -78.0 -737.8
20211203224130  -689.1 -77.9 -737.7
20211203224131  -689.4 -77.5 -737.5
20211203224132  -689.4 -77.6 -737.2
20211203224133  -690.4 -77.7 -738.3
20211203224134  -690.5 -77.8 -737.7
20211203224135  -690.5 -77.8 -738.1
20211203224136  -690.6 -77.8 -738.3
20211203224137  -690.6 -77.8 -738.4
20211203224138  -690.8 -77.6 -738.3
20211203224139  -691.0 -77.7 -738.1
20211203224140  -691.0 -77.7 -738.2
20211203224141  -690.9 -77.5 -738.0
20211203224142  -690.9 -77.7 -738.2
20211203224143  -691.1 -77.6 -738.2
20211203224144  -691.3 -77.7 -737.9
20211203224145  -691.0 -77.5 -738.2
20211203224146  -690.7 -77.6 -738.5
20211203224147  -690.7 -77.3 -738.4
20211203224148  -691.0 -77.6 -738.2
20211203224149  -690.9 -77.5 -738.1
20211203224150  -691.0 -77.5 -738.7
20211203224151  -691.0 -77.7 -738.7
20211203224152  -691.2 -77.3 -738.6
20211203224153  -690.5 -77.5 -738.5
20211203224154  -690.3 -77.2 -737.9
20211203224155  -690.0 -76.9 -738.0
20211203224156  -689.9 -76.9 -737.4
20211203224157  -689.6 -76.6 -737.6
20211203224158  -689.3 -76.4 -737.1
20211203224159  -689.7 -76.1 -737.2
20211203224200  -689.9 -76.3 -738.0
20211203224201  -690.3 -76.4 -738.1
20211203224202  -690.2 -76.4 -737.9
20211203224203  -690.4 -76.1 -737.7
20211203224204  -690.3 -76.1 -737.6
20211203224205  -690.6 -76.2 -737.9
20211203224206  -690.2 -76.3 -737.8
20211203224207  -690.4 -76.1 -738.1
20211203224208  -690.5 -76.2 -738.1
20211203224209  -690.6 -76.1 -738.0
20211203224210  -690.7 -76.2 -737.8
20211203224211  -690.4 -76.2 -737.7
20211203224212  -690.5 -76.1 -737.8
20211203224213  -690.9 -76.1 -737.8
20211203224214  -690.8 -76.0 -738.0
20211203224215  -690.7 -76.1 -737.8
20211203224216  -690.6 -76.0 -737.8
20211203224217  -690.6 -76.3 -737.9
20211203224218  -690.5 -76.0 -737.7
