20211030212243  -696.8 -81.2 -191.8
20211030212244  -697.0 -80.9 -191.7
20211030212245  -696.5 -81.1 -192.0
20211030212246  -696.3 -81.0 -192.1
20211030212247  -696.6 -81.0 -192.3
20211030212248  -696.6 -81.0 -191.9
20211030212249  -696.3 -81.0 -191.9
20211030212250  -696.5 -81.0 -192.0
20211030212251  -696.1 -80.7 -191.9
20211030212252  -696.1 -80.8 -192.1
20211030212253  -696.3 -80.5 -192.0
20211030212254  -696.3 -80.6 -191.9
20211030212255  -696.6 -80.6 -192.0
20211030212256  -696.5 -80.4 -191.9
20211030212257  -696.7 -80.5 -192.2
20211030212258  -696.7 -80.4 -192.0
20211030212259  -696.8 -80.2 -192.2
20211030212300  -697.1 -80.2 -192.3
20211030212301  -697.3 -80.1 -192.3
20211030212302  -697.4 -80.3 -192.2
20211030212303  -697.3 -80.4 -192.0
20211030212304  -697.2 -80.4 -191.9
20211030212305  -697.6 -80.5 -191.8
20211030212306  -697.4 -80.3 -191.9
20211030212307  -697.3 -80.3 -191.9
20211030212308  -697.2 -79.9 -191.6
20211030212309  -697.5 -80.0 -192.0
20211030212310  -697.3 -79.9 -191.6
20211030212311  -697.5 -80.2 -192.0
20211030212312  -697.8 -80.1 -192.0
20211030212313  -697.8 -80.3 -192.1
20211030212314  -697.7 -80.1 -191.8
20211030212315  -697.8 -80.1 -191.8
20211030212316  -698.0 -80.1 -191.6
20211030212317  -697.9 -80.2 -191.8
20211030212318  -698.2 -80.1 -191.8
20211030212319  -698.2 -79.9 -191.6
20211030212320  -698.1 -79.7 -191.7
20211030212321  -697.9 -79.8 -191.8
20211030212322  -698.0 -80.1 -191.6
20211030212323  -697.7 -80.1 -191.7
20211030212324  -697.8 -80.2 -191.4
20211030212325  -697.9 -80.4 -191.5
20211030212326  -697.7 -80.5 -191.8
20211030212327  -697.7 -80.5 -191.6
20211030212328  -698.0 -80.6 -191.7
20211030212329  -698.1 -80.6 -191.4
20211030212330  -697.9 -80.9 -191.3
20211030212331  -697.8 -81.1 -191.5
20211030212332  -697.9 -81.3 -191.4
20211030212333  -698.0 -81.3 -191.4
20211030212334  -698.1 -81.6 -191.4
20211030212335  -697.9 -81.7 -191.4
20211030212336  -698.0 -81.6 -191.7
20211030212337  -697.9 -81.7 -191.6
20211030212338  -697.9 -81.9 -192.0
20211030212339  -698.0 -81.6 -191.7
20211030212340  -697.7 -81.7 -191.7
20211030212341  -697.9 -82.0 -192.0
20211030212342  -697.7 -81.9 -191.9
20211030212343  -697.5 -82.1 -191.9
20211030212344  -697.3 -82.2 -191.8
20211030212345  -697.2 -82.3 -191.8
20211030212346  -697.3 -82.3 -191.6
20211030212347  -697.2 -82.1 -191.6
20211030212348  -697.3 -81.9 -191.8
20211030212349  -697.1 -81.8 -192.0
20211030212350  -697.1 -82.0 -192.2
20211030212351  -697.0 -82.3 -192.1
20211030212352  -696.8 -82.5 -192.1
20211030212353  -697.1 -82.3 -192.0
20211030212354  -696.9 -82.3 -191.8
20211030212355  -696.6 -82.4 -192.0
20211030212356  -697.0 -82.3 -192.2
20211030212357  -696.8 -82.6 -191.9
20211030212358  -696.9 -82.6 -191.8
20211030212359  -696.7 -82.2 -192.0
20211030212400  -697.0 -82.1 -192.0
20211030212401  -696.7 -82.3 -191.8
20211030212402  -696.7 -82.5 -191.7
20211030212403  -696.8 -82.6 -191.7
20211030212404  -697.0 -82.4 -191.9
20211030212405  -696.9 -82.5 -192.1
20211030212406  -696.3 -82.5 -192.1
20211030212407  -696.2 -82.3 -191.9
20211030212408  -696.3 -82.4 -192.4
20211030212409  -696.4 -82.5 -192.3
20211030212410  -696.3 -82.6 -192.1
20211030212411  -696.3 -82.6 -192.2
20211030212412  -696.3 -82.1 -192.4
20211030212413  -696.2 -82.1 -192.3
20211030212414  -696.1 -82.1 -192.2
20211030212415  -696.3 -82.2 -192.3
20211030212416  -696.2 -82.4 -192.4
20211030212417  -696.4 -82.2 -192.5
20211030212418  -696.2 -82.2 -192.3
20211030212419  -696.2 -82.3 -192.3
20211030212420  -696.3 -82.3 -191.9
20211030212421  -696.3 -82.4 -192.7
20211030212422  -696.3 -82.4 -192.6
20211030212423  -696.4 -82.2 -192.5
20211030212424  -696.3 -82.4 -192.5
20211030212425  -696.5 -82.4 -192.3
20211030212426  -696.3 -82.2 -192.1
20211030212427  -696.5 -82.4 -192.3
20211030212428  -696.4 -82.3 -192.1
20211030212429  -696.6 -82.4 -192.5
20211030212430  -696.5 -82.4 -192.4
20211030212431  -696.3 -82.5 -192.6
20211030212432  -696.4 -82.5 -192.2
20211030212433  -696.3 -82.6 -192.5
20211030212434  -696.5 -82.7 -192.8
20211030212435  -696.8 -82.5 -192.7
20211030212436  -696.6 -82.9 -192.6
20211030212437  -696.7 -82.8 -192.5
20211030212438  -696.8 -82.9 -192.7
20211030212439  -696.9 -83.1 -192.7
20211030212440  -696.8 -83.3 -192.7
20211030212441  -696.8 -83.4 -192.6
20211030212442  -697.0 -83.3 -192.6
20211030212443  -697.0 -83.4 -192.9
20211030212444  -697.2 -83.3 -193.1
20211030212445  -697.0 -83.6 -193.2
20211030212446  -697.2 -83.5 -193.4
20211030212447  -697.4 -83.7 -193.3
20211030212448  -697.8 -83.6 -193.3
20211030212449  -697.9 -83.7 -193.0
20211030212450  -697.6 -83.9 -193.1
20211030212451  -697.9 -84.3 -193.0
20211030212452  -698.0 -83.9 -193.0
20211030212453  -698.1 -84.0 -192.8
20211030212454  -698.1 -84.2 -193.0
20211030212455  -698.2 -84.6 -192.8
20211030212456  -698.5 -84.6 -192.7
20211030212457  -698.3 -84.6 -193.0
20211030212458  -698.4 -84.6 -192.9
20211030212459  -698.6 -84.6 -193.0
20211030212500  -698.8 -84.7 -193.1
20211030212501  -698.9 -84.8 -193.0
20211030212502  -699.1 -84.8 -193.2
20211030212503  -699.2 -84.8 -193.2
20211030212504  -699.0 -85.0 -192.9
20211030212505  -699.5 -84.7 -193.1
20211030212506  -699.4 -84.9 -192.9
20211030212507  -699.5 -85.1 -193.2
20211030212508  -699.4 -84.9 -192.9
20211030212509  -699.3 -85.1 -192.8
20211030212510  -699.5 -85.1 -193.0
20211030212511  -699.9 -85.3 -192.9
20211030212512  -700.2 -85.5 -192.9
20211030212513  -700.1 -85.5 -193.0
20211030212514  -700.3 -85.6 -193.0
20211030212515  -700.4 -85.5 -193.0
20211030212516  -700.8 -85.6 -192.8
20211030212517  -700.9 -85.7 -192.9
20211030212518  -700.7 -85.6 -192.8
20211030212519  -700.9 -85.8 -193.1
20211030212520  -701.1 -86.1 -193.2
20211030212521  -701.1 -86.1 -193.3
20211030212522  -701.0 -86.2 -193.2
20211030212523  -701.0 -86.0 -193.0
20211030212524  -701.0 -86.3 -193.0
20211030212525  -701.3 -86.2 -192.8
20211030212526  -701.4 -86.5 -193.2
20211030212527  -701.5 -86.7 -193.1
20211030212528  -701.5 -86.5 -192.9
20211030212529  -701.3 -86.7 -192.9
20211030212530  -701.5 -86.8 -192.9
20211030212531  -701.6 -86.9 -192.6
20211030212532  -701.5 -86.9 -192.6
20211030212533  -701.8 -87.1 -192.5
20211030212534  -701.6 -87.0 -192.5
20211030212535  -701.8 -87.2 -192.5
20211030212536  -701.9 -87.2 -192.5
20211030212537  -701.7 -87.2 -192.3
20211030212538  -701.7 -87.4 -192.3
20211030212539  -701.6 -87.5 -192.3
20211030212540  -701.9 -87.5 -192.6
20211030212541  -701.9 -87.3 -192.7
20211030212542  -702.0 -87.8 -192.7
20211030212543  -702.1 -88.0 -192.5
20211030212544  -701.8 -87.9 -192.2
20211030212545  -702.0 -88.0 -192.2
20211030212546  -701.8 -88.3 -192.1
20211030212547  -701.7 -88.3 -192.4
20211030212548  -702.0 -88.3 -192.5
20211030212549  -701.9 -88.2 -192.3
20211030212550  -701.8 -88.0 -192.3
20211030212551  -701.7 -88.4 -192.2
20211030212552  -701.8 -88.3 -192.4
20211030212553  -701.8 -88.1 -192.3
20211030212554  -701.5 -88.3 -192.1
20211030212555  -701.6 -88.4 -192.4
20211030212556  -701.7 -88.2 -192.3
20211030212557  -701.8 -88.6 -192.1
20211030212558  -701.8 -88.7 -192.3
20211030212559  -701.8 -88.4 -192.2
20211030212600  -701.7 -88.5 -192.2
20211030212601  -701.5 -88.4 -192.2
20211030212602  -701.7 -88.6 -192.1
20211030212603  -701.6 -88.5 -192.2
20211030212604  -701.7 -88.4 -192.0
20211030212605  -701.7 -88.6 -192.3
20211030212606  -701.7 -88.5 -192.2
20211030212607  -701.8 -88.6 -192.1
20211030212608  -701.6 -88.7 -191.9
20211030212609  -701.0 -88.1 -191.2
20211030212610  -701.5 -88.6 -191.4
20211030212611  -701.6 -88.4 -191.1
20211030212612  -701.6 -88.3 -191.4
20211030212613  -701.7 -88.4 -191.3
20211030212614  -702.1 -88.5 -191.2
20211030212615  -701.9 -88.5 -191.2
20211030212616  -701.8 -88.4 -191.2
20211030212617  -701.7 -88.5 -191.1
20211030212618  -701.7 -88.4 -191.5
20211030212619  -701.8 -88.5 -191.7
20211030212620  -701.7 -88.8 -191.4
20211030212621  -701.6 -88.9 -191.5
20211030212622  -701.8 -88.7 -191.2
20211030212623  -702.0 -88.7 -191.5
20211030212624  -702.0 -88.9 -191.5
20211030212625  -701.7 -88.7 -191.1
20211030212626  -701.7 -88.9 -191.2
20211030212627  -701.8 -88.9 -191.3
20211030212628  -701.7 -88.6 -191.4
20211030212629  -701.9 -88.7 -191.2
20211030212630  -701.6 -88.9 -191.3
20211030212631  -701.9 -89.0 -191.0
20211030212632  -702.0 -89.0 -191.1
20211030212633  -702.2 -89.2 -191.0
20211030212634  -701.8 -88.7 -190.9
20211030212635  -702.1 -88.8 -190.9
20211030212636  -702.0 -88.5 -190.7
20211030212637  -701.8 -88.7 -190.7
20211030212638  -701.7 -88.8 -190.9
20211030212639  -701.3 -89.0 -190.4
20211030212640  -701.8 -89.3 -190.8
20211030212641  -701.9 -89.1 -190.6
20211030212642  -702.0 -89.0 -190.6
20211030212643  -702.0 -89.1 -190.5
20211030212644  -702.1 -88.8 -190.6
20211030212645  -702.0 -88.8 -190.7
20211030212646  -702.3 -89.0 -190.4
20211030212647  -702.3 -88.8 -190.4
20211030212648  -702.2 -88.9 -190.1
20211030212649  -702.3 -88.7 -190.3
20211030212650  -702.4 -88.7 -190.1
20211030212651  -702.4 -88.7 -190.1
20211030212652  -702.3 -88.7 -190.4
20211030212653  -702.3 -88.8 -190.5
20211030212654  -702.3 -88.7 -190.1
20211030212655  -702.5 -88.6 -190.3
20211030212656  -702.4 -88.5 -190.3
20211030212657  -702.4 -88.5 -190.0
20211030212658  -702.6 -88.7 -190.2
20211030212659  -702.7 -88.4 -190.0
20211030212700  -702.7 -88.7 -189.7
20211030212701  -703.1 -88.6 -189.5
20211030212702  -702.8 -88.5 -189.8
20211030212703  -703.0 -88.4 -189.5
20211030212704  -703.0 -88.7 -189.6
20211030212705  -703.1 -88.3 -189.7
20211030212706  -703.1 -88.6 -189.6
20211030212707  -703.3 -88.5 -189.7
20211030212708  -703.2 -88.6 -189.2
20211030212709  -703.0 -88.5 -188.7
20211030212710  -703.4 -88.4 -189.3
20211030212711  -703.2 -88.4 -189.1
20211030212712  -703.3 -88.5 -188.9
20211030212713  -703.3 -88.7 -188.9
20211030212714  -703.5 -88.5 -188.6
20211030212715  -703.2 -88.6 -188.8
20211030212716  -703.6 -88.2 -189.0
20211030212717  -703.7 -88.3 -188.9
20211030212718  -703.8 -88.2 -188.5
20211030212719  -703.5 -88.2 -188.5
20211030212720  -703.4 -88.1 -188.2
20211030212721  -703.4 -88.3 -188.4
20211030212722  -703.2 -88.3 -188.3
20211030212723  -703.3 -88.1 -188.3
20211030212724  -703.2 -88.0 -188.3
20211030212725  -703.2 -87.6 -188.3
20211030212726  -703.4 -87.3 -188.1
20211030212727  -703.4 -87.6 -188.0
20211030212728  -703.4 -87.5 -188.0
20211030212729  -703.4 -87.3 -187.9
20211030212730  -703.3 -87.1 -187.9
20211030212731  -703.6 -86.8 -187.7
20211030212732  -703.3 -86.8 -187.6
20211030212733  -703.0 -86.8 -187.4
20211030212734  -703.1 -86.7 -187.4
20211030212735  -703.1 -86.9 -187.4
20211030212736  -702.9 -86.6 -187.2
20211030212737  -702.9 -86.2 -187.6
20211030212738  -702.9 -86.1 -187.2
20211030212739  -702.8 -86.0 -186.8
20211030212740  -702.5 -86.1 -186.8
20211030212741  -702.6 -85.9 -187.1
20211030212742  -702.4 -85.9 -187.0
20211030212743  -702.1 -85.5 -186.5
20211030212744  -702.0 -85.4 -186.5
20211030212745  -701.7 -84.9 -186.5
20211030212746  -701.7 -84.7 -186.7
20211030212747  -701.8 -84.5 -186.5
20211030212748  -701.6 -84.5 -186.9
20211030212749  -701.1 -84.2 -186.5
20211030212750  -701.2 -84.1 -186.4
20211030212751  -700.8 -83.9 -186.3
20211030212752  -700.4 -83.8 -186.3
20211030212753  -700.3 -83.5 -186.2
20211030212754  -700.0 -83.6 -185.9
20211030212755  -699.9 -83.5 -186.0
20211030212756  -699.6 -83.3 -186.0
20211030212757  -699.6 -83.3 -186.0
20211030212758  -699.2 -83.0 -186.1
20211030212759  -699.1 -82.9 -186.2
20211030212800  -699.0 -82.5 -186.1
20211030212801  -699.0 -82.7 -186.1
20211030212802  -698.9 -82.6 -186.1
20211030212803  -698.8 -82.5 -186.1
20211030212804  -698.9 -82.1 -185.7
20211030212805  -698.9 -82.1 -186.0
20211030212806  -699.1 -82.2 -186.0
20211030212807  -698.7 -82.2 -186.0
20211030212808  -698.8 -82.2 -185.7
20211030212809  -698.6 -82.0 -185.9
20211030212810  -697.9 -82.1 -185.4
20211030212811  -697.9 -82.0 -185.6
20211030212812  -697.9 -81.9 -185.3
20211030212813  -697.8 -81.9 -185.3
20211030212814  -697.9 -82.4 -185.4
20211030212815  -697.4 -82.4 -185.2
20211030212816  -697.5 -82.4 -185.2
20211030212817  -697.3 -82.1 -185.3
20211030212818  -697.1 -82.1 -185.2
20211030212819  -696.9 -81.8 -184.9
20211030212820  -696.9 -82.1 -185.2
20211030212821  -696.7 -82.0 -185.3
20211030212822  -696.5 -81.6 -185.1
20211030212823  -696.3 -81.3 -185.1
20211030212824  -696.3 -81.3 -185.1
