20211117211525  -684.2 -80.8 -196.3
20211117211526  -684.3 -80.8 -196.5
20211117211527  -684.6 -80.6 -196.5
20211117211528  -684.6 -80.8 -196.4
20211117211529  -684.9 -80.9 -196.6
20211117211530  -684.9 -81.1 -196.4
20211117211531  -685.2 -80.9 -196.7
20211117211532  -685.1 -80.7 -196.6
20211117211533  -684.8 -80.9 -196.9
20211117211534  -685.0 -80.7 -196.8
20211117211535  -685.1 -80.9 -196.5
20211117211536  -685.5 -80.8 -196.5
20211117211537  -685.8 -80.8 -196.5
20211117211538  -685.6 -80.6 -196.7
20211117211539  -685.7 -80.8 -196.7
20211117211540  -685.8 -80.9 -196.9
20211117211541  -685.8 -81.0 -196.9
20211117211542  -685.9 -81.1 -196.7
20211117211543  -685.9 -81.3 -196.8
20211117211544  -686.1 -81.0 -197.0
20211117211545  -686.4 -81.0 -196.7
20211117211546  -686.3 -81.2 -197.0
20211117211547  -686.5 -81.3 -197.3
20211117211548  -686.7 -81.3 -197.3
20211117211549  -686.5 -81.3 -197.4
20211117211550  -686.3 -81.4 -197.4
20211117211551  -686.6 -81.5 -197.5
20211117211552  -686.7 -81.8 -197.5
20211117211553  -686.8 -81.6 -197.3
20211117211554  -686.8 -81.7 -197.6
20211117211555  -686.6 -81.7 -197.7
20211117211556  -686.8 -81.4 -197.4
20211117211557  -686.7 -82.0 -197.6
20211117211558  -686.9 -82.0 -197.5
20211117211559  -687.1 -82.0 -197.7
20211117211600  -687.2 -81.9 -197.9
20211117211601  -687.2 -82.1 -198.0
20211117211602  -687.4 -82.1 -198.0
20211117211603  -687.5 -82.3 -198.2
20211117211604  -687.6 -82.4 -198.6
20211117211605  -687.3 -82.3 -198.3
20211117211606  -687.3 -82.4 -198.3
20211117211607  -687.5 -81.9 -198.1
20211117211608  -687.6 -82.3 -198.1
20211117211609  -687.8 -82.7 -198.3
20211117211610  -687.9 -82.5 -198.5
20211117211611  -688.0 -82.2 -198.5
20211117211612  -688.1 -82.2 -198.3
20211117211613  -688.3 -82.2 -198.7
20211117211614  -688.1 -82.4 -198.3
20211117211615  -688.1 -82.5 -198.4
20211117211616  -687.9 -82.7 -198.6
20211117211617  -688.2 -82.8 -198.5
20211117211618  -688.2 -83.0 -198.7
20211117211619  -688.3 -82.8 -198.8
20211117211620  -688.3 -82.5 -198.7
20211117211621  -688.3 -82.4 -198.3
20211117211622  -688.6 -82.4 -198.5
20211117211623  -688.6 -82.5 -198.4
20211117211624  -688.7 -82.6 -198.5
20211117211625  -688.8 -82.7 -198.5
20211117211626  -688.9 -82.7 -198.5
20211117211627  -688.6 -82.4 -198.4
20211117211628  -688.6 -82.3 -198.3
20211117211629  -688.6 -82.4 -198.4
20211117211630  -688.6 -82.5 -198.2
20211117211631  -688.4 -82.5 -198.6
20211117211632  -688.4 -82.7 -198.5
20211117211633  -688.1 -82.7 -198.4
20211117211634  -688.1 -82.5 -198.2
20211117211635  -688.2 -82.7 -198.3
20211117211636  -688.1 -82.8 -198.3
20211117211637  -687.9 -82.7 -198.3
20211117211638  -687.8 -82.7 -198.8
20211117211639  -688.1 -82.7 -198.4
20211117211640  -687.8 -82.7 -198.4
20211117211641  -687.9 -82.6 -198.7
20211117211642  -688.1 -82.5 -198.5
20211117211643  -687.9 -82.7 -198.5
20211117211644  -687.9 -83.1 -198.5
20211117211645  -687.9 -83.0 -198.5
20211117211646  -688.0 -83.0 -198.5
20211117211647  -687.3 -83.0 -198.5
20211117211648  -687.7 -82.7 -198.6
20211117211649  -687.7 -82.3 -198.7
20211117211650  -687.9 -82.7 -198.9
20211117211651  -687.7 -82.5 -199.0
20211117211652  -687.6 -82.8 -199.0
20211117211653  -687.5 -82.8 -199.1
20211117211654  -687.6 -83.0 -198.8
20211117211655  -687.9 -83.0 -199.2
20211117211656  -687.9 -82.7 -199.3
20211117211657  -688.1 -82.6 -199.5
20211117211658  -688.2 -82.5 -199.4
20211117211659  -688.3 -82.9 -199.4
20211117211700  -688.6 -82.8 -199.4
20211117211701  -688.8 -82.9 -199.6
20211117211702  -688.9 -82.5 -199.4
20211117211703  -688.7 -82.6 -199.4
20211117211704  -689.0 -82.7 -199.4
20211117211705  -689.3 -82.7 -199.3
20211117211706  -689.6 -82.7 -199.4
20211117211707  -689.4 -82.5 -199.2
20211117211708  -689.8 -82.4 -199.5
20211117211709  -689.7 -82.4 -199.6
20211117211710  -690.3 -82.6 -199.7
20211117211711  -690.5 -82.9 -199.5
20211117211712  -690.5 -82.8 -199.6
20211117211713  -690.6 -82.6 -199.3
20211117211714  -690.6 -82.5 -199.5
20211117211715  -691.0 -82.4 -199.8
20211117211716  -691.0 -82.7 -199.8
20211117211717  -691.4 -82.8 -199.9
20211117211718  -691.4 -82.6 -199.7
20211117211719  -691.7 -82.6 -199.8
20211117211720  -691.8 -82.7 -199.7
20211117211721  -692.0 -82.7 -199.9
20211117211722  -692.1 -82.7 -200.0
20211117211723  -692.3 -82.7 -199.8
20211117211724  -692.4 -82.4 -199.9
20211117211725  -692.7 -82.7 -200.1
20211117211726  -692.5 -82.9 -200.1
20211117211727  -692.7 -82.7 -200.1
20211117211728  -692.7 -82.7 -199.9
20211117211729  -692.8 -82.9 -199.9
20211117211730  -692.6 -83.0 -200.2
20211117211731  -692.4 -83.2 -199.9
20211117211732  -692.4 -82.9 -199.8
20211117211733  -692.4 -82.9 -200.0
20211117211734  -692.5 -83.0 -200.0
20211117211735  -692.0 -83.1 -199.9
20211117211736  -692.0 -83.3 -199.9
20211117211737  -692.0 -83.7 -199.8
20211117211738  -691.8 -83.3 -199.9
20211117211739  -691.4 -83.1 -199.9
20211117211740  -691.8 -83.0 -199.9
20211117211741  -691.4 -83.1 -199.7
20211117211742  -691.2 -83.2 -199.8
20211117211743  -691.3 -82.9 -199.7
20211117211744  -691.3 -82.9 -199.6
20211117211745  -690.8 -83.1 -199.4
20211117211746  -690.7 -82.9 -199.7
20211117211747  -690.7 -83.0 -199.6
20211117211748  -690.4 -83.1 -199.4
20211117211749  -690.3 -82.7 -199.1
20211117211750  -690.1 -83.0 -199.3
20211117211751  -690.0 -82.9 -199.5
20211117211752  -689.8 -82.8 -199.6
20211117211753  -689.6 -82.8 -199.8
20211117211754  -690.1 -83.0 -199.5
20211117211755  -689.8 -83.0 -199.9
20211117211756  -689.6 -82.9 -199.9
20211117211757  -689.6 -82.9 -199.6
20211117211758  -689.5 -83.0 -200.1
20211117211759  -689.5 -82.8 -199.9
20211117211800  -689.2 -83.0 -199.9
20211117211801  -689.1 -83.0 -200.1
20211117211802  -689.3 -82.8 -200.0
20211117211803  -689.3 -82.9 -199.9
20211117211804  -689.1 -82.9 -199.9
20211117211805  -689.1 -83.0 -199.8
20211117211806  -689.0 -83.1 -199.6
20211117211807  -688.9 -83.1 -199.8
20211117211808  -688.8 -83.1 -199.9
20211117211809  -688.8 -83.4 -199.7
20211117211810  -688.8 -83.4 -199.5
20211117211811  -688.3 -83.6 -199.6
20211117211812  -688.2 -83.6 -199.6
20211117211813  -688.5 -83.6 -199.7
20211117211814  -688.1 -83.4 -199.6
20211117211815  -688.0 -83.4 -199.5
20211117211816  -687.7 -83.6 -199.3
20211117211817  -687.5 -83.6 -199.2
20211117211818  -687.3 -83.6 -199.5
20211117211819  -687.0 -83.3 -198.9
20211117211820  -687.1 -83.5 -199.3
20211117211821  -687.1 -83.9 -199.5
20211117211822  -687.1 -83.7 -199.3
20211117211823  -686.9 -83.7 -199.4
20211117211824  -686.7 -83.7 -199.7
20211117211825  -686.6 -83.7 -199.9
20211117211826  -686.7 -83.6 -199.3
20211117211827  -687.0 -83.6 -199.4
20211117211828  -686.9 -83.5 -199.4
20211117211829  -687.0 -83.2 -199.1
20211117211830  -686.8 -83.4 -199.3
20211117211831  -687.0 -83.5 -199.2
20211117211832  -687.2 -83.5 -199.4
20211117211833  -687.3 -83.3 -199.3
20211117211834  -687.4 -83.1 -199.5
20211117211835  -687.3 -82.9 -199.6
20211117211836  -687.5 -83.2 -199.4
20211117211837  -687.7 -83.5 -199.3
20211117211838  -687.9 -83.6 -199.5
20211117211839  -687.9 -82.9 -199.4
20211117211840  -687.8 -83.1 -199.4
20211117211841  -687.9 -83.3 -199.8
20211117211842  -688.0 -83.3 -199.7
20211117211843  -688.3 -82.8 -199.5
20211117211844  -688.2 -83.1 -199.7
20211117211845  -688.5 -82.9 -199.5
20211117211846  -688.8 -82.8 -199.8
20211117211847  -688.7 -83.0 -199.9
20211117211848  -688.9 -82.7 -200.1
20211117211849  -688.2 -82.3 -199.0
20211117211850  -688.9 -82.5 -199.4
20211117211851  -689.3 -82.5 -199.5
20211117211852  -689.7 -82.8 -199.7
20211117211853  -689.8 -82.9 -199.5
20211117211854  -690.1 -83.1 -199.8
20211117211855  -690.2 -83.3 -200.2
20211117211856  -690.6 -82.8 -200.2
20211117211857  -691.1 -82.9 -200.0
20211117211858  -691.1 -82.8 -200.0
20211117211859  -691.2 -82.9 -199.9
20211117211900  -691.5 -83.2 -200.2
20211117211901  -691.9 -83.0 -200.5
20211117211902  -692.5 -83.3 -200.5
20211117211903  -692.3 -83.3 -200.3
20211117211904  -692.6 -83.5 -200.2
20211117211905  -692.8 -83.5 -200.6
20211117211906  -692.9 -83.5 -200.6
20211117211907  -692.8 -83.6 -200.5
20211117211908  -693.3 -83.9 -200.8
20211117211909  -693.5 -83.7 -201.1
20211117211910  -693.5 -83.6 -201.0
20211117211911  -693.7 -83.9 -200.9
20211117211912  -693.7 -84.1 -200.9
20211117211913  -693.8 -84.0 -200.7
20211117211914  -694.0 -84.2 -200.8
20211117211915  -694.2 -84.3 -201.2
20211117211916  -694.4 -84.5 -201.4
20211117211917  -694.7 -84.8 -201.5
20211117211918  -694.7 -84.8 -201.5
20211117211919  -694.4 -85.0 -201.4
20211117211920  -694.9 -85.0 -201.5
20211117211921  -694.8 -85.2 -201.6
20211117211922  -694.9 -84.8 -201.4
20211117211923  -694.9 -84.8 -201.5
20211117211924  -695.0 -85.1 -201.5
20211117211925  -695.0 -85.3 -201.8
20211117211926  -695.1 -85.2 -201.5
20211117211927  -695.1 -85.4 -201.4
20211117211928  -695.1 -85.2 -201.7
20211117211929  -695.3 -84.9 -201.8
20211117211930  -695.5 -85.1 -201.7
20211117211931  -695.4 -85.2 -201.9
20211117211932  -695.3 -85.5 -201.8
20211117211933  -695.2 -85.4 -202.3
20211117211934  -695.2 -85.6 -202.0
20211117211935  -695.0 -85.4 -202.0
20211117211936  -695.2 -85.3 -201.9
20211117211937  -695.0 -85.6 -202.2
20211117211938  -695.3 -85.3 -202.0
20211117211939  -695.1 -85.5 -202.0
20211117211940  -694.9 -85.5 -202.1
20211117211941  -694.9 -85.7 -202.1
20211117211942  -694.6 -85.6 -202.1
20211117211943  -694.5 -85.5 -202.0
20211117211944  -694.7 -85.7 -202.1
20211117211945  -694.4 -85.5 -202.2
20211117211946  -694.3 -85.6 -202.3
20211117211947  -694.1 -85.8 -202.2
20211117211948  -694.3 -85.6 -202.2
20211117211949  -693.9 -85.6 -202.2
20211117211950  -694.0 -85.5 -202.0
20211117211951  -693.6 -85.9 -202.2
20211117211952  -693.6 -85.6 -202.2
20211117211953  -693.5 -85.6 -202.0
20211117211954  -693.3 -85.6 -202.1
20211117211955  -692.9 -85.3 -202.2
20211117211956  -692.8 -85.3 -201.9
20211117211957  -692.5 -85.4 -202.0
20211117211958  -692.2 -85.0 -202.2
20211117211959  -691.9 -85.1 -202.0
20211117212000  -691.9 -84.7 -202.1
20211117212001  -691.8 -85.0 -201.9
20211117212002  -691.3 -84.9 -201.9
20211117212003  -691.4 -84.4 -202.1
20211117212004  -691.3 -84.6 -202.2
20211117212005  -691.1 -84.7 -202.0
20211117212006  -691.1 -84.6 -202.1
20211117212007  -691.3 -85.0 -202.2
20211117212008  -691.1 -84.5 -202.0
20211117212009  -691.0 -84.4 -202.3
20211117212010  -690.8 -84.5 -202.2
20211117212011  -690.4 -84.7 -202.0
20211117212012  -690.2 -84.4 -201.7
20211117212013  -690.1 -83.9 -201.9
20211117212014  -690.3 -84.1 -201.8
20211117212015  -690.3 -84.0 -201.7
20211117212016  -689.9 -83.9 -202.1
20211117212017  -690.0 -84.1 -202.1
20211117212018  -690.0 -84.1 -201.9
20211117212019  -689.9 -83.8 -202.0
20211117212020  -689.5 -83.9 -201.9
20211117212021  -689.8 -83.9 -201.9
20211117212022  -689.7 -83.4 -202.1
20211117212023  -689.8 -83.5 -202.2
20211117212024  -689.6 -83.6 -202.3
20211117212025  -689.2 -83.6 -202.1
20211117212026  -689.4 -83.9 -202.1
20211117212027  -689.4 -83.5 -201.8
20211117212028  -689.3 -83.2 -201.7
20211117212029  -689.3 -83.0 -201.9
20211117212030  -689.3 -83.4 -201.8
20211117212031  -689.3 -83.3 -202.0
20211117212032  -689.1 -83.3 -202.0
20211117212033  -689.1 -83.3 -201.9
20211117212034  -689.0 -82.8 -201.8
20211117212035  -689.0 -83.3 -202.0
20211117212036  -689.1 -82.8 -201.9
20211117212037  -688.9 -83.1 -201.8
20211117212038  -688.9 -83.2 -201.8
20211117212039  -688.7 -83.1 -201.7
20211117212040  -688.8 -83.0 -201.6
20211117212041  -688.4 -83.2 -201.4
20211117212042  -688.5 -83.2 -201.8
20211117212043  -688.3 -83.0 -201.4
20211117212044  -688.3 -83.0 -201.3
20211117212045  -688.2 -82.8 -201.4
20211117212046  -688.4 -82.9 -201.4
20211117212047  -688.0 -82.8 -201.3
20211117212048  -687.6 -82.8 -201.6
20211117212049  -687.5 -82.8 -201.5
20211117212050  -687.4 -82.8 -201.6
20211117212051  -687.7 -82.7 -201.5
20211117212052  -687.7 -82.6 -201.5
20211117212053  -687.4 -82.8 -201.5
20211117212054  -686.9 -82.8 -201.6
20211117212055  -687.3 -82.5 -201.3
20211117212056  -687.4 -82.5 -201.2
20211117212057  -687.4 -82.7 -201.2
20211117212058  -687.1 -82.6 -201.2
20211117212059  -686.9 -82.6 -201.2
20211117212100  -686.7 -82.4 -201.1
20211117212101  -686.6 -82.4 -201.1
20211117212102  -686.4 -82.4 -201.3
20211117212103  -686.4 -82.3 -201.2
20211117212104  -686.2 -82.3 -201.3
20211117212105  -685.9 -82.3 -201.0
20211117212106  -685.8 -82.3 -201.0
20211117212107  -685.5 -82.4 -200.8
20211117212108  -685.5 -82.3 -201.1
20211117212109  -685.2 -82.4 -201.0
20211117212110  -684.9 -82.3 -200.9
20211117212111  -685.1 -82.2 -200.9
20211117212112  -685.1 -82.2 -201.0
20211117212113  -684.9 -82.3 -200.9
20211117212114  -684.4 -82.2 -200.6
20211117212115  -684.3 -82.1 -200.5
20211117212116  -684.3 -82.2 -200.7
20211117212117  -683.7 -81.9 -200.5
20211117212118  -683.6 -82.2 -200.5
20211117212119  -683.2 -82.2 -200.7
20211117212120  -682.9 -82.3 -200.5
20211117212121  -682.6 -82.0 -200.2
20211117212122  -682.4 -81.8 -200.3
20211117212123  -682.3 -82.0 -200.0
20211117212124  -682.1 -82.3 -200.0
20211117212125  -682.0 -82.3 -200.1
20211117212126  -681.9 -82.1 -200.1
20211117212127  -681.6 -82.0 -200.1
20211117212128  -681.7 -81.8 -200.0
20211117212129  -681.3 -81.7 -200.0
20211117212130  -681.3 -81.7 -200.0
20211117212131  -681.2 -81.4 -200.2
20211117212132  -681.2 -81.5 -200.1
20211117212133  -681.2 -81.5 -200.1
20211117212134  -681.1 -81.2 -200.2
20211117212135  -680.9 -81.0 -200.2
20211117212136  -680.9 -81.2 -200.0
20211117212137  -680.9 -81.0 -200.0
20211117212138  -680.7 -81.1 -199.6
20211117212139  -680.8 -81.3 -199.6
20211117212140  -680.7 -81.1 -199.7
20211117212141  -680.4 -80.9 -199.7
20211117212142  -680.3 -81.1 -199.5
20211117212143  -680.1 -81.0 -199.7
20211117212144  -680.0 -81.1 -199.8
20211117212145  -679.8 -81.2 -199.8
20211117212146  -679.6 -81.2 -199.7
20211117212147  -679.5 -81.1 -199.6
20211117212148  -679.2 -81.4 -199.3
20211117212149  -679.1 -81.0 -199.7
20211117212150  -678.8 -81.0 -199.6
20211117212151  -678.7 -81.0 -199.6
20211117212152  -678.7 -81.0 -199.4
20211117212153  -679.1 -81.0 -199.5
20211117212154  -678.8 -80.8 -199.5
20211117212155  -678.8 -80.8 -199.4
20211117212156  -678.6 -80.6 -199.4
20211117212157  -678.8 -80.4 -199.5
20211117212158  -678.8 -80.6 -199.5
20211117212159  -678.7 -80.6 -199.4
20211117212200  -678.4 -80.4 -199.6
20211117212201  -678.5 -80.4 -199.5
20211117212202  -678.6 -80.4 -199.2
20211117212203  -678.3 -80.2 -199.4
20211117212204  -678.3 -79.8 -199.3
20211117212205  -678.6 -79.9 -199.1
20211117212206  -678.1 -79.9 -199.2
20211117212207  -678.1 -79.9 -199.0
20211117212208  -678.1 -79.9 -198.9
20211117212209  -678.0 -80.1 -199.0
20211117212210  -678.3 -79.8 -199.1
20211117212211  -678.3 -79.8 -199.2
20211117212212  -678.2 -79.6 -199.1
