20211206230024  -685.0 -62.2 -740.5
20211206230025  -685.2 -62.1 -740.5
20211206230026  -684.9 -62.1 -740.0
20211206230027  -684.4 -62.0 -739.9
20211206230028  -684.2 -61.8 -739.3
20211206230029  -684.1 -61.5 -739.3
20211206230030  -683.9 -61.5 -739.4
20211206230031  -683.6 -61.3 -739.1
20211206230032  -683.3 -61.3 -738.7
20211206230033  -683.2 -61.4 -738.8
20211206230034  -683.5 -61.2 -738.6
20211206230035  -683.0 -61.0 -738.7
20211206230036  -682.8 -60.8 -738.6
20211206230037  -683.6 -61.1 -738.8
20211206230038  -684.1 -61.8 -739.2
20211206230039  -684.4 -61.6 -739.6
20211206230040  -684.1 -61.6 -739.5
20211206230041  -684.4 -61.6 -739.9
20211206230042  -684.2 -61.7 -739.9
20211206230043  -684.3 -61.7 -739.8
20211206230044  -684.3 -62.0 -740.0
20211206230045  -684.6 -62.0 -740.1
20211206230046  -684.0 -62.1 -740.0
20211206230047  -684.4 -61.8 -740.2
20211206230048  -684.2 -61.6 -740.2
20211206230049  -684.8 -62.5 -741.2
20211206230050  -684.6 -62.5 -740.8
20211206230051  -684.1 -62.2 -740.4
20211206230052  -683.8 -62.1 -740.2
20211206230053  -683.6 -62.0 -739.8
20211206230054  -683.4 -61.8 -739.6
20211206230055  -683.2 -61.5 -739.3
20211206230056  -682.7 -61.7 -739.2
20211206230057  -682.6 -61.5 -739.2
20211206230058  -682.6 -61.4 -739.2
20211206230059  -682.6 -61.7 -739.1
20211206230100  -682.5 -61.5 -738.5
20211206230101  -682.3 -61.4 -738.7
20211206230102  -682.0 -61.5 -738.3
20211206230103  -681.5 -61.8 -738.1
20211206230104  -681.8 -61.5 -738.3
20211206230105  -682.7 -61.9 -739.1
20211206230106  -682.7 -62.1 -739.0
20211206230107  -682.8 -62.2 -739.1
20211206230108  -682.7 -62.1 -739.1
20211206230109  -682.6 -61.9 -739.3
20211206230110  -682.9 -61.8 -739.3
20211206230111  -683.0 -61.9 -739.3
20211206230112  -683.1 -62.1 -739.2
20211206230113  -683.3 -62.0 -739.6
20211206230114  -683.2 -62.2 -739.7
20211206230115  -683.2 -62.4 -739.6
20211206230116  -683.7 -62.3 -739.7
20211206230117  -683.6 -62.8 -740.6
20211206230118  -682.9 -62.6 -739.6
20211206230119  -682.6 -62.5 -739.5
20211206230120  -682.4 -62.2 -739.2
20211206230121  -682.1 -62.2 -738.9
20211206230122  -682.1 -62.1 -738.9
20211206230123  -681.7 -62.1 -738.7
20211206230124  -681.6 -62.3 -738.6
20211206230125  -681.5 -62.1 -738.7
20211206230126  -681.2 -62.1 -738.4
20211206230127  -681.2 -62.1 -738.4
20211206230128  -680.8 -61.9 -738.1
20211206230129  -680.8 -61.7 -738.1
20211206230130  -680.6 -61.7 -737.6
20211206230131  -680.7 -61.5 -737.9
20211206230132  -680.9 -61.8 -738.2
20211206230133  -681.6 -62.1 -738.8
20211206230134  -681.9 -62.1 -738.9
20211206230135  -681.9 -62.2 -739.0
20211206230136  -682.0 -62.2 -739.0
20211206230137  -682.2 -62.2 -739.1
20211206230138  -682.2 -62.3 -739.2
20211206230139  -682.4 -62.4 -739.3
20211206230140  -682.5 -62.6 -739.3
20211206230141  -682.3 -62.5 -739.8
20211206230142  -682.5 -62.3 -740.0
20211206230143  -682.3 -62.2 -740.0
20211206230144  -682.5 -62.3 -740.6
20211206230145  -682.4 -62.3 -739.9
20211206230146  -682.2 -62.3 -739.5
20211206230147  -681.8 -62.0 -739.2
20211206230148  -681.4 -61.9 -738.6
20211206230149  -681.3 -61.7 -738.4
20211206230150  -681.2 -61.5 -738.3
20211206230151  -680.9 -62.0 -738.1
20211206230152  -680.8 -61.6 -737.9
20211206230153  -680.9 -61.7 -737.7
20211206230154  -680.6 -61.5 -737.5
20211206230155  -680.6 -61.6 -737.6
20211206230156  -680.2 -61.5 -737.5
20211206230157  -680.1 -61.5 -737.5
20211206230158  -680.0 -61.3 -737.5
20211206230159  -680.1 -61.2 -737.1
20211206230200  -680.9 -61.5 -737.8
20211206230201  -681.4 -62.0 -738.3
20211206230202  -681.4 -62.2 -738.6
20211206230203  -681.4 -62.2 -738.5
20211206230204  -681.4 -62.1 -738.9
20211206230205  -681.5 -62.4 -738.9
20211206230206  -681.6 -62.4 -738.9
20211206230207  -681.7 -62.2 -738.9
20211206230208  -681.6 -62.3 -739.1
20211206230209  -681.7 -62.5 -738.9
20211206230210  -681.8 -62.3 -738.8
20211206230211  -681.9 -62.4 -739.1
20211206230212  -682.4 -63.5 -740.2
20211206230213  -681.9 -63.2 -739.5
20211206230214  -681.6 -62.9 -739.0
20211206230215  -681.6 -62.5 -738.7
20211206230216  -681.3 -62.5 -738.6
20211206230217  -680.9 -62.2 -738.5
20211206230218  -680.6 -62.1 -738.4
20211206230219  -680.5 -62.1 -738.3
20211206230220  -680.6 -62.0 -738.2
20211206230221  -680.2 -62.1 -737.9
20211206230222  -680.2 -62.1 -737.7
20211206230223  -680.0 -61.9 -737.5
20211206230224  -679.8 -61.9 -737.2
20211206230225  -679.8 -61.7 -737.1
20211206230226  -679.2 -61.6 -737.4
20211206230227  -679.7 -61.7 -737.6
20211206230228  -680.6 -61.8 -738.4
20211206230229  -680.6 -61.9 -738.0
20211206230230  -680.9 -62.0 -738.3
20211206230231  -681.2 -62.0 -738.4
20211206230232  -681.1 -61.9 -738.2
20211206230233  -681.3 -62.1 -738.5
20211206230234  -681.3 -62.2 -738.4
20211206230235  -681.2 -62.2 -738.7
20211206230236  -681.2 -62.2 -738.4
20211206230237  -681.3 -62.1 -738.7
20211206230238  -681.7 -62.3 -738.7
20211206230239  -682.0 -62.6 -739.4
20211206230240  -681.6 -62.4 -739.1
20211206230241  -681.2 -62.3 -738.8
20211206230242  -680.8 -62.2 -738.8
20211206230243  -680.8 -62.1 -738.5
20211206230244  -680.7 -62.2 -738.6
20211206230245  -680.6 -62.2 -738.5
20211206230246  -680.7 -61.9 -737.8
20211206230247  -680.7 -62.0 -738.0
20211206230248  -680.4 -62.1 -738.0
20211206230249  -680.4 -62.3 -737.7
20211206230250  -680.2 -62.1 -737.7
20211206230251  -680.0 -61.9 -737.5
20211206230252  -679.7 -61.7 -737.6
20211206230253  -679.8 -61.7 -737.6
20211206230254  -679.4 -61.7 -737.5
20211206230255  -680.2 -61.7 -738.0
20211206230256  -680.8 -61.9 -738.6
20211206230257  -680.8 -62.0 -738.7
20211206230258  -681.0 -62.1 -738.4
20211206230259  -680.8 -62.1 -739.0
20211206230300  -680.7 -61.9 -738.9
20211206230301  -680.9 -62.1 -739.0
20211206230302  -681.1 -62.2 -738.7
20211206230303  -681.4 -62.2 -738.8
20211206230304  -681.4 -62.1 -738.7
20211206230305  -681.4 -62.3 -738.9
20211206230306  -681.3 -62.3 -739.0
20211206230307  -681.6 -62.6 -739.7
20211206230308  -681.1 -62.5 -738.8
20211206230309  -680.6 -62.4 -738.4
20211206230310  -680.3 -62.0 -738.0
20211206230311  -680.0 -61.7 -737.7
20211206230312  -679.9 -61.8 -737.8
20211206230313  -679.4 -61.8 -737.3
20211206230314  -679.4 -61.7 -737.2
20211206230315  -679.1 -61.7 -737.0
20211206230316  -679.1 -61.5 -736.8
20211206230317  -679.2 -61.4 -736.8
20211206230318  -678.7 -61.5 -736.6
20211206230319  -678.8 -61.4 -736.7
20211206230320  -678.8 -60.7 -736.4
20211206230321  -678.3 -60.8 -736.4
20211206230322  -678.2 -60.6 -736.2
20211206230323  -679.7 -61.0 -737.0
20211206230324  -679.7 -61.2 -737.2
20211206230325  -679.5 -61.2 -737.4
20211206230326  -679.8 -61.5 -737.5
20211206230327  -679.8 -61.5 -737.4
20211206230328  -679.6 -61.4 -737.3
20211206230329  -679.9 -61.6 -737.5
20211206230330  -680.0 -61.5 -737.8
20211206230331  -680.0 -61.4 -737.6
20211206230332  -680.2 -61.6 -737.8
20211206230333  -680.0 -61.5 -737.9
20211206230334  -680.2 -61.9 -738.5
20211206230335  -680.8 -62.5 -738.8
20211206230336  -680.3 -62.2 -738.3
20211206230337  -679.8 -62.1 -737.6
20211206230338  -679.8 -62.1 -737.5
20211206230339  -679.5 -61.9 -737.3
20211206230340  -679.0 -61.8 -737.2
20211206230341  -678.7 -62.0 -737.0
20211206230342  -678.8 -61.8 -736.9
20211206230343  -678.4 -61.4 -736.5
20211206230344  -678.1 -61.4 -736.6
20211206230345  -678.3 -61.6 -736.5
20211206230346  -678.1 -61.4 -736.3
20211206230347  -678.0 -61.4 -736.0
20211206230348  -677.9 -61.2 -736.2
20211206230349  -677.8 -61.0 -735.6
20211206230350  -678.4 -61.0 -736.2
20211206230351  -678.9 -61.4 -736.8
20211206230352  -679.3 -61.6 -736.8
20211206230353  -679.3 -61.6 -736.8
20211206230354  -679.4 -61.6 -737.0
20211206230355  -679.5 -61.7 -737.3
20211206230356  -679.4 -61.5 -737.2
20211206230357  -679.5 -61.7 -737.4
20211206230358  -679.4 -61.6 -737.5
20211206230359  -679.5 -61.6 -737.6
20211206230400  -679.7 -61.8 -737.8
20211206230401  -679.6 -61.8 -737.7
20211206230402  -680.0 -62.6 -738.4
20211206230403  -679.6 -62.2 -737.5
20211206230404  -679.1 -61.9 -737.0
20211206230405  -678.7 -61.9 -737.0
20211206230406  -678.5 -61.8 -736.7
20211206230407  -678.2 -61.7 -736.9
20211206230408  -678.1 -61.4 -736.9
20211206230409  -678.2 -61.5 -736.8
20211206230410  -677.8 -61.4 -736.7
20211206230411  -677.8 -61.6 -736.7
20211206230412  -677.9 -61.4 -736.6
20211206230413  -677.8 -61.4 -736.6
20211206230414  -677.5 -61.6 -736.2
20211206230415  -677.6 -61.5 -736.2
20211206230416  -677.5 -61.4 -736.3
20211206230417  -677.5 -61.4 -736.3
20211206230418  -678.5 -61.7 -736.8
20211206230419  -678.5 -61.5 -737.0
20211206230420  -678.6 -61.6 -737.3
20211206230421  -678.4 -61.5 -737.3
20211206230422  -678.8 -61.7 -737.4
20211206230423  -679.0 -61.7 -737.5
20211206230424  -679.0 -62.0 -737.5
20211206230425  -679.2 -61.8 -737.8
20211206230426  -679.2 -61.9 -737.9
20211206230427  -679.1 -62.0 -737.6
20211206230428  -679.0 -61.9 -737.7
20211206230429  -679.2 -62.0 -737.8
20211206230430  -679.3 -62.5 -738.5
20211206230431  -678.8 -62.4 -738.0
20211206230432  -678.3 -62.0 -737.4
20211206230433  -678.2 -62.1 -737.3
20211206230434  -678.0 -61.8 -737.0
20211206230435  -677.9 -62.0 -736.8
20211206230436  -677.6 -61.8 -737.0
20211206230437  -677.2 -62.0 -736.5
20211206230438  -677.1 -61.8 -735.8
20211206230439  -677.2 -61.7 -736.0
20211206230440  -676.9 -61.7 -736.2
20211206230441  -676.5 -61.3 -735.8
20211206230442  -676.2 -61.5 -735.8
20211206230443  -676.2 -61.6 -735.5
20211206230444  -676.7 -61.7 -735.5
20211206230445  -677.5 -62.0 -736.4
20211206230446  -677.6 -61.7 -736.6
20211206230447  -677.5 -61.8 -736.9
20211206230448  -677.7 -61.8 -737.1
20211206230449  -677.4 -61.7 -737.1
20211206230450  -677.4 -62.1 -737.2
20211206230451  -677.6 -62.4 -737.2
20211206230452  -677.7 -62.1 -737.2
20211206230453  -677.8 -62.4 -737.4
20211206230454  -678.0 -62.5 -737.4
20211206230455  -677.9 -62.5 -737.2
20211206230456  -678.4 -62.5 -737.3
20211206230457  -678.4 -62.8 -738.4
20211206230458  -678.7 -63.0 -738.3
20211206230459  -678.3 -63.0 -737.8
20211206230500  -677.7 -62.8 -737.5
20211206230501  -677.9 -62.7 -737.5
20211206230502  -677.8 -62.5 -737.3
20211206230503  -677.5 -62.4 -737.2
20211206230504  -677.3 -62.1 -736.6
20211206230505  -677.1 -62.2 -736.5
20211206230506  -676.9 -62.1 -736.6
20211206230507  -676.6 -62.0 -736.4
20211206230508  -676.4 -61.8 -736.4
20211206230509  -676.3 -62.0 -736.3
20211206230510  -676.3 -61.7 -736.1
20211206230511  -676.5 -61.9 -736.3
20211206230512  -677.1 -62.2 -737.2
20211206230513  -677.2 -62.4 -737.1
20211206230514  -677.1 -62.3 -737.0
20211206230515  -677.1 -62.3 -737.1
20211206230516  -677.4 -62.3 -737.3
20211206230517  -677.4 -62.8 -737.4
20211206230518  -677.9 -62.9 -737.5
20211206230519  -677.8 -62.8 -737.3
20211206230520  -677.5 -62.8 -737.5
20211206230521  -677.3 -63.1 -737.2
20211206230522  -677.6 -63.0 -737.2
20211206230523  -677.4 -63.2 -737.2
20211206230524  -677.7 -63.4 -737.6
20211206230525  -678.0 -63.4 -738.0
20211206230526  -677.5 -63.0 -737.4
20211206230527  -676.9 -63.1 -737.3
20211206230528  -676.6 -62.7 -736.7
20211206230529  -676.4 -62.6 -736.7
20211206230530  -676.2 -62.6 -736.4
20211206230531  -675.8 -62.8 -736.6
20211206230532  -675.8 -62.8 -736.5
20211206230533  -675.8 -62.5 -735.9
20211206230534  -675.8 -62.1 -735.9
20211206230535  -675.7 -62.5 -735.9
20211206230536  -675.3 -62.3 -735.9
20211206230537  -675.3 -62.3 -735.6
20211206230538  -675.2 -62.2 -735.4
20211206230539  -676.2 -62.5 -736.2
20211206230540  -676.1 -62.7 -736.6
20211206230541  -676.4 -62.7 -736.5
20211206230542  -676.3 -62.8 -736.7
20211206230543  -676.4 -62.9 -737.0
20211206230544  -676.4 -62.9 -737.0
20211206230545  -676.5 -63.2 -736.6
20211206230546  -676.4 -63.3 -737.0
20211206230547  -676.7 -63.3 -737.1
20211206230548  -676.6 -63.3 -737.0
20211206230549  -676.6 -63.1 -737.0
20211206230550  -676.8 -63.2 -737.2
20211206230551  -676.5 -63.3 -737.1
20211206230552  -677.0 -63.7 -737.9
20211206230553  -676.8 -63.4 -737.7
20211206230554  -676.3 -63.4 -737.1
20211206230555  -675.9 -63.4 -736.8
20211206230556  -675.6 -63.1 -736.3
20211206230557  -675.4 -63.1 -736.5
20211206230558  -675.5 -63.0 -736.2
20211206230559  -675.2 -62.8 -736.2
20211206230600  -675.3 -62.9 -736.0
20211206230601  -675.0 -62.7 -736.1
20211206230602  -674.9 -62.7 -735.7
20211206230603  -674.7 -62.6 -735.6
20211206230604  -674.6 -63.0 -735.4
20211206230605  -674.8 -62.8 -735.4
20211206230606  -676.1 -63.1 -736.1
20211206230607  -676.2 -63.4 -736.3
20211206230608  -676.5 -63.4 -736.2
20211206230609  -676.5 -63.4 -736.5
20211206230610  -676.2 -63.4 -736.5
20211206230611  -676.6 -63.9 -736.5
20211206230612  -676.6 -63.7 -736.7
20211206230613  -676.4 -63.8 -736.4
20211206230614  -676.5 -63.7 -736.6
20211206230615  -676.5 -63.8 -736.8
20211206230616  -676.8 -63.8 -736.9
20211206230617  -676.5 -63.7 -737.1
20211206230618  -677.0 -63.9 -737.1
20211206230619  -677.4 -64.3 -737.8
20211206230620  -677.7 -64.4 -738.0
20211206230621  -677.0 -64.4 -737.6
20211206230622  -676.8 -64.0 -737.1
20211206230623  -676.6 -64.1 -736.8
20211206230624  -676.1 -63.9 -736.3
20211206230625  -676.0 -63.7 -736.3
20211206230626  -675.6 -63.5 -736.4
20211206230627  -675.5 -63.7 -736.0
20211206230628  -675.4 -63.6 -735.9
20211206230629  -675.4 -63.8 -735.7
20211206230630  -675.2 -63.4 -735.3
20211206230631  -675.0 -63.4 -735.6
20211206230632  -675.0 -63.3 -735.1
20211206230633  -675.9 -63.5 -736.0
20211206230634  -676.4 -63.6 -736.0
20211206230635  -676.4 -64.0 -736.4
20211206230636  -676.4 -64.0 -736.5
20211206230637  -676.6 -63.8 -736.5
20211206230638  -676.4 -64.0 -736.7
20211206230639  -676.2 -63.9 -736.6
20211206230640  -676.4 -64.0 -736.5
20211206230641  -676.3 -63.9 -736.7
20211206230642  -676.4 -63.8 -736.9
20211206230643  -676.5 -63.9 -737.1
20211206230644  -676.5 -63.9 -736.8
20211206230645  -676.6 -63.8 -736.9
20211206230646  -677.0 -64.3 -737.1
20211206230647  -677.2 -64.6 -737.8
20211206230648  -676.8 -64.5 -737.3
20211206230649  -676.4 -64.3 -736.8
20211206230650  -676.1 -64.2 -736.7
20211206230651  -676.0 -64.2 -736.5
20211206230652  -676.0 -64.0 -736.3
20211206230653  -675.6 -64.0 -736.1
20211206230654  -675.3 -64.1 -735.9
20211206230655  -675.2 -64.0 -735.9
20211206230656  -675.2 -63.8 -735.7
20211206230657  -675.2 -63.8 -735.4
20211206230658  -674.9 -63.6 -735.4
20211206230659  -675.2 -63.4 -735.4
20211206230700  -675.9 -63.9 -736.3
20211206230701  -676.0 -64.3 -736.4
20211206230702  -676.2 -64.2 -736.3
20211206230703  -675.9 -64.4 -736.6
20211206230704  -676.1 -64.6 -737.0
20211206230705  -676.5 -64.5 -736.8
20211206230706  -676.5 -64.3 -737.3
20211206230707  -676.5 -64.3 -737.4
20211206230708  -677.0 -64.4 -737.3
20211206230709  -676.8 -64.7 -737.4
20211206230710  -676.9 -64.7 -737.8
20211206230711  -677.0 -64.7 -737.6
20211206230712  -677.0 -64.8 -737.8
20211206230713  -677.1 -64.7 -737.9
20211206230714  -677.8 -65.4 -738.6
20211206230715  -677.5 -65.0 -737.9
20211206230716  -677.1 -64.7 -737.7
20211206230717  -676.8 -64.8 -737.5
20211206230718  -676.5 -64.8 -737.3
20211206230719  -676.3 -64.8 -736.8
20211206230720  -676.3 -64.4 -736.7
20211206230721  -676.1 -64.1 -736.5
20211206230722  -676.1 -64.0 -736.5
20211206230723  -675.9 -63.9 -736.3
20211206230724  -676.0 -64.0 -736.1
20211206230725  -675.6 -63.8 -736.1
20211206230726  -675.8 -63.8 -735.8
20211206230727  -676.8 -63.9 -736.6
20211206230728  -677.1 -64.1 -736.7
20211206230729  -677.6 -64.1 -736.7
20211206230730  -677.7 -63.9 -736.9
20211206230731  -677.7 -64.0 -737.0
20211206230732  -678.0 -64.3 -737.2
20211206230733  -678.1 -64.1 -737.1
20211206230734  -678.4 -64.5 -737.3
20211206230735  -678.4 -64.5 -737.4
20211206230736  -678.1 -64.5 -737.4
20211206230737  -678.4 -64.4 -737.5
20211206230738  -678.5 -64.5 -738.1
20211206230739  -678.6 -64.6 -737.7
20211206230740  -678.8 -64.8 -737.7
20211206230741  -679.2 -65.6 -738.7
20211206230742  -679.4 -65.5 -738.8
20211206230743  -679.2 -65.4 -738.5
20211206230744  -678.8 -65.1 -737.9
20211206230745  -678.3 -65.0 -737.8
20211206230746  -678.2 -64.7 -737.2
20211206230747  -678.1 -64.4 -737.2
20211206230748  -677.8 -64.5 -737.0
20211206230749  -677.5 -64.5 -736.7
20211206230750  -677.6 -64.2 -736.6
20211206230751  -677.4 -64.1 -736.3
20211206230752  -677.0 -63.9 -736.2
20211206230753  -677.5 -63.8 -736.1
20211206230754  -678.4 -64.1 -737.0
20211206230755  -678.7 -64.6 -737.1
20211206230756  -679.1 -64.3 -737.3
20211206230757  -679.0 -64.2 -737.3
20211206230758  -679.1 -64.5 -737.8
20211206230759  -679.2 -64.8 -737.7
20211206230800  -679.3 -64.8 -737.8
20211206230801  -679.6 -64.7 -737.9
20211206230802  -679.8 -64.8 -737.7
20211206230803  -679.7 -65.0 -737.8
20211206230804  -679.7 -65.1 -738.1
20211206230805  -680.1 -65.3 -738.4
20211206230806  -680.0 -65.5 -738.5
20211206230807  -679.9 -65.4 -738.4
20211206230808  -680.6 -66.0 -738.9
20211206230809  -680.6 -65.9 -738.9
20211206230810  -680.1 -65.4 -738.4
20211206230811  -679.5 -65.8 -738.2
20211206230812  -679.3 -65.4 -737.8
