20211101232448  -669.8 -90.9 -203.4
20211101232449  -669.6 -90.9 -203.1
20211101232450  -669.8 -90.8 -203.3
20211101232451  -669.9 -90.9 -203.2
20211101232452  -669.8 -90.8 -203.2
20211101232453  -669.6 -90.7 -203.2
20211101232454  -669.7 -90.6 -203.1
20211101232455  -670.1 -90.8 -202.9
20211101232456  -669.9 -90.5 -202.8
20211101232457  -669.8 -90.5 -203.2
20211101232458  -669.5 -90.5 -203.3
20211101232459  -669.6 -90.6 -203.0
20211101232500  -669.4 -90.5 -203.0
20211101232501  -669.7 -90.7 -203.2
20211101232502  -669.6 -90.8 -203.2
20211101232503  -669.3 -90.8 -203.0
20211101232504  -668.7 -90.6 -202.7
20211101232505  -669.0 -90.6 -203.0
20211101232506  -669.1 -90.8 -202.8
20211101232507  -669.2 -90.5 -202.7
20211101232508  -669.0 -90.7 -202.8
20211101232509  -668.8 -90.4 -202.8
20211101232510  -668.9 -90.5 -202.6
20211101232511  -669.2 -90.8 -202.8
20211101232512  -669.1 -90.5 -202.8
20211101232513  -669.0 -90.4 -203.0
20211101232514  -668.7 -90.6 -202.8
20211101232515  -668.9 -90.7 -202.8
20211101232516  -669.0 -90.6 -202.5
20211101232517  -669.1 -90.8 -202.6
20211101232518  -669.1 -90.7 -202.4
20211101232519  -669.1 -90.8 -202.5
20211101232520  -669.2 -90.8 -202.5
20211101232521  -669.3 -90.6 -202.2
20211101232522  -669.2 -90.9 -202.4
20211101232523  -669.1 -90.9 -202.5
20211101232524  -668.9 -90.8 -202.5
20211101232525  -669.0 -90.9 -202.6
20211101232526  -668.7 -91.0 -202.5
20211101232527  -669.0 -90.8 -202.6
20211101232528  -668.8 -90.7 -202.6
20211101232529  -668.7 -90.7 -202.6
20211101232530  -668.8 -90.7 -202.3
20211101232531  -668.9 -90.7 -202.2
20211101232532  -668.6 -90.6 -202.4
20211101232533  -669.0 -90.8 -202.6
20211101232534  -668.6 -90.7 -202.4
20211101232535  -668.7 -90.8 -202.7
20211101232536  -668.7 -90.8 -202.4
20211101232537  -668.4 -90.8 -202.0
20211101232538  -668.6 -90.8 -202.2
20211101232539  -668.7 -91.0 -202.2
20211101232540  -668.6 -90.9 -202.2
20211101232541  -668.6 -90.8 -202.1
20211101232542  -668.7 -90.7 -202.1
20211101232543  -668.6 -91.2 -202.3
20211101232544  -668.5 -90.9 -202.3
20211101232545  -668.5 -90.7 -202.4
20211101232546  -668.7 -90.9 -202.2
20211101232547  -668.7 -90.8 -202.2
20211101232548  -668.5 -90.7 -202.3
20211101232549  -668.6 -91.0 -202.1
20211101232550  -668.5 -90.6 -202.3
20211101232551  -668.4 -90.8 -202.1
20211101232552  -668.5 -91.0 -202.1
20211101232553  -668.1 -90.6 -202.0
20211101232554  -668.2 -90.6 -202.0
20211101232555  -668.2 -90.6 -201.9
20211101232556  -668.1 -90.3 -201.7
20211101232557  -668.2 -90.4 -201.8
20211101232558  -668.1 -90.5 -202.2
20211101232559  -667.9 -90.3 -202.0
20211101232600  -667.9 -90.4 -202.1
20211101232601  -667.9 -90.3 -201.9
20211101232602  -667.8 -90.6 -202.0
20211101232603  -668.1 -90.8 -202.2
20211101232604  -667.7 -90.6 -202.0
20211101232605  -668.0 -90.6 -202.3
20211101232606  -667.7 -90.5 -202.3
20211101232607  -668.1 -90.7 -202.1
20211101232608  -667.9 -90.6 -202.1
20211101232609  -667.6 -90.7 -202.0
20211101232610  -667.9 -90.6 -201.9
20211101232611  -667.9 -90.7 -201.8
20211101232612  -667.7 -90.7 -201.8
20211101232613  -667.9 -90.6 -201.8
20211101232614  -667.7 -90.9 -201.7
20211101232615  -667.7 -90.6 -201.7
20211101232616  -667.6 -90.7 -201.5
20211101232617  -667.7 -90.6 -201.8
20211101232618  -667.9 -90.5 -202.0
20211101232619  -668.0 -90.4 -202.1
20211101232620  -667.8 -90.4 -202.0
20211101232621  -667.8 -90.2 -202.0
20211101232622  -667.6 -90.1 -202.0
20211101232623  -667.6 -90.3 -201.8
20211101232624  -667.6 -90.2 -201.8
20211101232625  -667.4 -90.4 -201.9
20211101232626  -667.5 -90.3 -201.9
20211101232627  -667.5 -90.2 -201.8
20211101232628  -667.7 -90.4 -202.0
20211101232629  -667.6 -90.3 -201.5
20211101232630  -667.5 -90.2 -201.7
20211101232631  -667.6 -90.1 -201.3
20211101232632  -667.5 -89.9 -201.4
20211101232633  -667.6 -90.2 -201.8
20211101232634  -667.5 -90.2 -201.7
20211101232635  -667.5 -90.3 -201.5
20211101232636  -667.4 -90.2 -201.6
20211101232637  -667.3 -90.4 -201.5
20211101232638  -667.2 -90.5 -201.6
20211101232639  -667.2 -90.3 -201.7
20211101232640  -667.0 -90.3 -201.8
20211101232641  -667.0 -90.4 -201.9
20211101232642  -667.2 -90.3 -202.0
20211101232643  -667.2 -90.0 -202.0
20211101232644  -666.8 -89.7 -201.8
20211101232645  -666.7 -90.0 -201.5
20211101232646  -666.9 -89.9 -201.4
20211101232647  -666.7 -90.0 -201.8
20211101232648  -666.5 -90.1 -201.7
20211101232649  -666.6 -90.0 -201.5
20211101232650  -666.8 -89.8 -201.9
20211101232651  -666.7 -90.3 -201.2
20211101232652  -666.6 -90.3 -201.5
20211101232653  -666.4 -90.1 -201.6
20211101232654  -666.7 -90.1 -201.9
20211101232655  -666.6 -90.1 -201.6
20211101232656  -666.7 -90.2 -201.4
20211101232657  -667.0 -90.0 -201.6
20211101232658  -666.6 -90.2 -201.6
20211101232659  -666.7 -90.1 -201.2
20211101232700  -666.9 -90.0 -201.2
20211101232701  -666.7 -89.9 -201.3
20211101232702  -666.9 -89.8 -201.4
20211101232703  -666.8 -89.9 -201.3
20211101232704  -666.5 -90.0 -201.6
20211101232705  -666.5 -89.7 -201.4
20211101232706  -666.5 -89.7 -201.2
20211101232707  -666.5 -89.9 -201.3
20211101232708  -666.6 -89.8 -201.5
20211101232709  -666.7 -89.6 -201.4
20211101232710  -666.7 -89.8 -201.7
20211101232711  -666.5 -89.8 -201.6
20211101232712  -666.6 -89.7 -201.7
20211101232713  -666.6 -89.5 -201.5
20211101232714  -666.5 -89.9 -201.6
20211101232715  -666.8 -89.7 -201.3
20211101232716  -666.5 -90.0 -201.4
20211101232717  -666.5 -90.2 -201.6
20211101232718  -666.6 -90.1 -201.4
20211101232719  -666.6 -90.1 -201.6
20211101232720  -666.7 -90.2 -201.1
20211101232721  -666.9 -89.9 -201.3
20211101232722  -666.4 -90.0 -201.1
20211101232723  -666.5 -89.9 -201.3
20211101232724  -666.7 -90.0 -201.5
20211101232725  -666.5 -89.7 -201.5
20211101232726  -666.3 -89.9 -201.3
20211101232727  -666.2 -89.9 -201.6
20211101232728  -666.8 -90.1 -201.9
20211101232729  -666.6 -89.9 -201.6
20211101232730  -666.4 -90.0 -201.4
20211101232731  -666.4 -90.0 -201.6
20211101232732  -666.4 -90.3 -201.7
20211101232733  -666.6 -90.0 -201.7
20211101232734  -666.3 -89.8 -202.0
20211101232735  -666.0 -90.0 -201.7
20211101232736  -666.2 -89.5 -201.4
20211101232737  -666.3 -89.7 -201.5
20211101232738  -666.3 -89.9 -201.7
20211101232739  -666.4 -89.9 -201.6
20211101232740  -666.5 -89.8 -201.6
20211101232741  -666.3 -89.8 -201.4
20211101232742  -666.4 -90.0 -201.5
20211101232743  -666.5 -89.9 -201.6
20211101232744  -666.7 -89.9 -201.4
20211101232745  -666.8 -89.9 -201.4
20211101232746  -666.8 -89.9 -201.5
20211101232747  -666.7 -89.7 -201.7
20211101232748  -666.8 -89.6 -201.7
20211101232749  -666.8 -89.9 -201.8
20211101232750  -666.8 -89.6 -201.9
20211101232751  -666.6 -89.7 -201.7
20211101232752  -667.0 -89.7 -201.7
20211101232753  -666.9 -90.0 -201.4
20211101232754  -667.1 -89.8 -201.4
20211101232755  -667.0 -90.0 -201.7
20211101232756  -666.9 -89.7 -201.5
20211101232757  -666.9 -89.8 -201.7
20211101232758  -666.9 -90.1 -201.8
20211101232759  -667.3 -90.2 -201.5
20211101232800  -667.4 -90.1 -201.6
20211101232801  -667.3 -90.1 -201.6
20211101232802  -667.2 -90.1 -201.8
20211101232803  -666.9 -90.2 -201.8
20211101232804  -667.2 -90.3 -201.8
20211101232805  -667.1 -90.2 -201.7
20211101232806  -667.2 -89.7 -202.0
20211101232807  -667.2 -90.2 -201.7
20211101232808  -667.5 -90.5 -202.0
20211101232809  -667.5 -90.5 -201.8
20211101232810  -667.7 -90.4 -201.8
20211101232811  -667.7 -90.3 -201.9
20211101232812  -667.6 -90.5 -202.0
20211101232813  -667.7 -90.4 -201.7
20211101232814  -667.9 -90.4 -201.8
20211101232815  -668.1 -90.2 -201.9
20211101232816  -668.0 -90.4 -202.1
20211101232817  -668.2 -90.4 -201.9
20211101232818  -668.0 -90.6 -202.1
20211101232819  -668.0 -90.7 -202.0
