20211110225231  -668.0 -82.7 -191.7
20211110225232  -668.0 -83.0 -191.8
20211110225233  -667.9 -83.2 -192.0
20211110225234  -667.9 -82.9 -191.9
20211110225235  -667.9 -82.8 -192.2
20211110225236  -667.7 -83.0 -192.3
20211110225237  -667.9 -83.0 -192.4
20211110225238  -667.4 -83.1 -191.9
20211110225239  -667.7 -83.1 -192.0
20211110225240  -667.9 -83.0 -192.2
20211110225241  -667.9 -83.0 -192.3
20211110225242  -667.9 -83.0 -191.8
20211110225243  -668.0 -83.1 -192.1
20211110225244  -668.1 -83.3 -192.2
20211110225245  -668.3 -83.2 -192.1
20211110225246  -668.3 -83.3 -192.1
20211110225247  -668.2 -83.3 -192.4
20211110225248  -668.3 -83.3 -192.0
20211110225249  -668.2 -83.5 -191.8
20211110225250  -668.3 -83.6 -192.0
20211110225251  -668.2 -83.5 -191.8
20211110225252  -667.4 -83.6 -191.3
20211110225253  -667.2 -83.2 -191.2
20211110225254  -666.9 -83.1 -191.0
20211110225255  -667.7 -83.4 -191.7
20211110225256  -667.4 -83.4 -191.9
20211110225257  -667.9 -83.3 -192.0
20211110225258  -667.6 -83.5 -192.2
20211110225259  -667.7 -83.3 -192.3
20211110225300  -667.8 -83.6 -191.9
20211110225301  -667.9 -83.6 -191.9
20211110225302  -667.7 -83.4 -191.9
20211110225303  -667.7 -83.7 -191.8
20211110225304  -667.5 -83.7 -191.8
20211110225305  -668.1 -83.9 -191.7
20211110225306  -667.7 -83.7 -192.3
20211110225307  -667.5 -83.8 -192.1
20211110225308  -667.8 -83.8 -192.0
20211110225309  -667.8 -83.9 -192.1
20211110225310  -667.8 -83.8 -192.0
20211110225311  -667.7 -83.8 -192.1
20211110225312  -667.6 -83.5 -192.0
20211110225313  -667.6 -83.5 -192.2
20211110225314  -667.4 -83.3 -192.2
20211110225315  -667.6 -83.4 -192.4
20211110225316  -667.3 -83.7 -192.4
20211110225317  -667.8 -83.6 -192.3
20211110225318  -667.6 -83.1 -192.2
20211110225319  -667.5 -83.4 -192.2
20211110225320  -667.5 -83.6 -192.0
20211110225321  -667.5 -83.5 -192.1
20211110225322  -666.7 -83.7 -191.9
20211110225323  -666.2 -83.6 -191.7
20211110225324  -666.2 -83.6 -191.8
20211110225325  -666.9 -83.5 -192.1
20211110225326  -666.7 -83.8 -192.0
20211110225327  -667.0 -83.6 -192.0
20211110225328  -666.9 -83.5 -192.1
20211110225329  -666.8 -83.8 -192.3
20211110225330  -667.0 -83.7 -192.4
20211110225331  -667.0 -83.6 -192.5
20211110225332  -667.0 -83.9 -192.6
20211110225333  -667.1 -83.8 -192.4
20211110225334  -666.9 -83.8 -192.5
20211110225335  -667.1 -83.9 -192.8
20211110225336  -666.9 -83.7 -192.5
20211110225337  -667.2 -83.7 -192.3
20211110225338  -666.9 -84.1 -192.5
20211110225339  -667.1 -84.3 -192.5
20211110225340  -667.2 -84.4 -192.4
20211110225341  -667.1 -84.4 -192.4
20211110225342  -667.0 -84.4 -192.5
20211110225343  -666.9 -84.4 -192.4
20211110225344  -667.2 -84.2 -192.7
20211110225345  -667.3 -84.1 -192.6
20211110225346  -667.2 -84.2 -192.7
20211110225347  -667.2 -84.4 -192.6
20211110225348  -667.7 -84.3 -192.7
20211110225349  -667.6 -84.4 -192.6
20211110225350  -667.6 -84.4 -192.9
20211110225351  -667.4 -84.5 -193.0
20211110225352  -667.0 -84.6 -192.5
20211110225353  -666.7 -84.2 -192.2
20211110225354  -666.3 -84.3 -191.6
20211110225355  -666.2 -83.6 -191.9
20211110225356  -666.9 -83.9 -192.4
20211110225357  -666.7 -83.9 -192.5
20211110225358  -667.0 -84.0 -192.4
20211110225359  -666.9 -83.9 -192.5
20211110225400  -666.7 -84.1 -192.5
20211110225401  -666.8 -84.2 -192.4
20211110225402  -666.5 -84.3 -192.6
20211110225403  -666.7 -84.2 -192.8
20211110225404  -666.6 -84.5 -192.5
20211110225405  -666.6 -84.4 -192.5
20211110225406  -666.5 -84.2 -192.6
20211110225407  -666.6 -84.1 -192.8
20211110225408  -666.4 -84.0 -192.7
20211110225409  -666.2 -84.3 -192.6
20211110225410  -666.2 -84.4 -192.6
20211110225411  -666.1 -84.6 -192.8
20211110225412  -666.1 -84.7 -192.8
20211110225413  -666.1 -84.6 -192.7
20211110225414  -666.1 -84.9 -192.7
20211110225415  -666.3 -84.9 -192.8
20211110225416  -666.0 -84.8 -192.7
20211110225417  -666.1 -85.0 -192.7
20211110225418  -666.1 -85.1 -192.8
20211110225419  -666.2 -85.2 -192.7
20211110225420  -666.2 -84.9 -192.6
20211110225421  -666.4 -85.1 -192.6
20211110225422  -665.5 -85.1 -192.0
20211110225423  -665.3 -85.0 -191.8
20211110225424  -664.6 -84.9 -191.5
20211110225425  -664.9 -84.8 -191.8
20211110225426  -665.4 -84.9 -192.1
20211110225427  -665.5 -85.1 -192.3
20211110225428  -665.5 -84.9 -192.4
20211110225429  -665.8 -85.0 -192.2
20211110225430  -665.6 -85.1 -192.5
20211110225431  -665.6 -85.1 -192.4
20211110225432  -665.7 -85.2 -192.6
20211110225433  -665.5 -85.1 -192.7
20211110225434  -665.6 -85.0 -192.7
20211110225435  -665.5 -85.0 -192.5
20211110225436  -665.4 -85.1 -192.6
20211110225437  -665.4 -85.2 -192.5
20211110225438  -665.3 -85.2 -192.8
20211110225439  -665.3 -85.3 -192.6
20211110225440  -665.5 -85.3 -192.6
20211110225441  -665.3 -85.2 -192.6
20211110225442  -665.2 -85.2 -192.5
20211110225443  -665.3 -85.2 -192.7
20211110225444  -665.2 -85.3 -192.3
20211110225445  -665.4 -85.5 -192.5
20211110225446  -665.2 -85.4 -192.6
20211110225447  -665.3 -85.3 -192.5
20211110225448  -665.5 -85.6 -192.5
20211110225449  -665.4 -85.5 -192.3
20211110225450  -665.2 -85.4 -192.2
20211110225451  -665.1 -85.3 -192.4
20211110225452  -664.9 -85.4 -192.2
20211110225453  -664.5 -85.1 -191.8
20211110225454  -664.1 -85.0 -191.9
20211110225455  -664.1 -85.1 -191.7
20211110225456  -664.7 -85.0 -192.3
20211110225457  -665.2 -85.2 -192.2
20211110225458  -664.9 -85.2 -192.3
20211110225459  -665.0 -85.2 -192.5
20211110225500  -664.8 -85.1 -192.6
20211110225501  -664.7 -85.1 -192.7
20211110225502  -664.9 -85.1 -192.8
20211110225503  -664.8 -85.1 -192.3
20211110225504  -665.0 -85.0 -192.4
20211110225505  -664.6 -85.2 -192.5
20211110225506  -664.5 -84.9 -192.5
20211110225507  -664.9 -85.1 -192.6
20211110225508  -664.5 -84.7 -192.5
20211110225509  -664.7 -85.0 -192.7
20211110225510  -664.8 -84.9 -192.7
20211110225511  -664.8 -84.9 -192.8
20211110225512  -664.6 -84.9 -192.5
20211110225513  -664.5 -84.8 -192.5
20211110225514  -664.8 -85.0 -192.5
20211110225515  -664.7 -85.0 -192.6
20211110225516  -664.8 -85.1 -192.7
20211110225517  -664.9 -85.1 -192.6
20211110225518  -664.8 -85.3 -192.4
20211110225519  -665.1 -85.2 -192.4
20211110225520  -665.1 -85.3 -192.7
20211110225521  -665.0 -85.4 -192.7
20211110225522  -664.8 -85.3 -192.3
20211110225523  -663.9 -85.3 -191.7
20211110225524  -663.8 -85.1 -191.5
20211110225525  -663.5 -84.9 -191.3
20211110225526  -664.0 -84.6 -191.6
20211110225527  -664.2 -84.8 -192.1
20211110225528  -664.4 -84.6 -192.3
20211110225529  -664.6 -84.9 -192.1
20211110225530  -664.5 -84.9 -192.3
20211110225531  -664.5 -84.8 -192.5
20211110225532  -664.5 -84.8 -192.4
20211110225533  -664.6 -85.0 -192.6
20211110225534  -664.8 -84.7 -192.5
20211110225535  -664.7 -84.8 -192.6
20211110225536  -664.6 -84.8 -192.7
20211110225537  -664.4 -84.8 -192.7
20211110225538  -664.4 -84.9 -192.7
20211110225539  -664.4 -84.9 -192.7
20211110225540  -664.7 -85.1 -192.4
20211110225541  -664.8 -85.1 -192.3
20211110225542  -664.7 -85.1 -192.3
20211110225543  -665.1 -85.0 -192.6
20211110225544  -665.0 -85.3 -192.6
20211110225545  -665.1 -85.2 -192.9
20211110225546  -665.0 -85.2 -192.6
20211110225547  -664.8 -85.2 -192.7
20211110225548  -664.7 -85.2 -193.0
20211110225549  -664.9 -85.3 -193.2
20211110225550  -665.0 -85.4 -193.3
20211110225551  -664.8 -85.4 -193.3
20211110225552  -664.5 -85.5 -193.2
20211110225553  -664.2 -85.4 -192.9
20211110225554  -663.8 -85.5 -192.8
20211110225555  -663.8 -85.6 -192.5
20211110225556  -664.4 -85.6 -192.9
20211110225557  -664.7 -85.5 -192.8
20211110225558  -664.8 -85.6 -193.1
20211110225559  -664.8 -85.7 -193.0
20211110225600  -664.7 -85.7 -193.1
20211110225601  -664.6 -85.8 -192.9
20211110225602  -664.8 -85.8 -193.3
20211110225603  -664.5 -86.0 -193.0
20211110225604  -664.5 -86.0 -192.8
20211110225605  -664.4 -86.3 -192.8
20211110225606  -664.6 -86.2 -193.2
20211110225607  -664.5 -86.1 -193.3
20211110225608  -664.7 -86.1 -193.1
20211110225609  -664.7 -86.2 -193.1
20211110225610  -664.7 -86.1 -193.1
20211110225611  -664.8 -86.0 -193.5
20211110225612  -664.3 -86.1 -193.6
20211110225613  -664.7 -86.0 -193.5
20211110225614  -664.8 -86.2 -193.6
20211110225615  -664.8 -86.2 -193.7
