20211108231235  -752.8 -38.6 -245.0
20211108231236  -752.9 -38.6 -244.7
20211108231237  -752.9 -38.3 -244.3
20211108231238  -752.8 -38.1 -244.1
20211108231239  -753.2 -38.3 -244.5
20211108231240  -753.9 -38.7 -245.2
20211108231241  -754.1 -38.3 -245.2
20211108231242  -754.1 -38.4 -245.4
20211108231243  -754.4 -38.5 -246.0
20211108231244  -754.7 -38.7 -246.0
20211108231245  -754.9 -38.9 -246.0
20211108231246  -754.9 -38.9 -246.2
20211108231247  -755.2 -38.8 -246.4
20211108231248  -755.6 -38.7 -246.2
20211108231249  -755.6 -38.4 -246.2
20211108231250  -755.4 -38.5 -246.1
20211108231251  -755.7 -38.8 -246.3
20211108231252  -755.4 -39.0 -246.6
20211108231253  -755.8 -39.3 -246.6
20211108231254  -756.1 -39.8 -246.9
20211108231255  -756.2 -39.7 -247.1
20211108231256  -756.4 -40.0 -247.1
20211108231257  -756.3 -39.6 -246.9
20211108231258  -756.2 -39.5 -247.1
20211108231259  -756.5 -39.9 -247.0
20211108231300  -756.3 -39.7 -246.5
20211108231301  -756.6 -39.0 -246.6
20211108231302  -756.4 -38.9 -246.5
20211108231303  -756.4 -38.7 -246.3
20211108231304  -756.3 -38.5 -246.0
20211108231305  -756.9 -38.5 -246.0
20211108231306  -757.4 -38.7 -246.6
20211108231307  -757.6 -39.0 -246.8
20211108231308  -757.8 -39.4 -247.0
20211108231309  -757.8 -39.2 -247.3
20211108231310  -758.0 -39.1 -247.4
20211108231311  -758.2 -39.2 -247.5
20211108231312  -758.3 -39.0 -247.2
20211108231313  -758.4 -38.9 -247.3
20211108231314  -758.7 -38.9 -247.6
20211108231315  -758.7 -39.1 -247.6
20211108231316  -758.9 -39.0 -247.9
20211108231317  -759.1 -39.3 -247.9
20211108231318  -759.5 -39.1 -247.8
20211108231319  -759.3 -38.9 -248.0
20211108231320  -759.2 -39.0 -248.0
20211108231321  -759.5 -38.8 -247.9
20211108231322  -759.9 -38.4 -248.5
20211108231323  -760.0 -38.5 -248.3
20211108231324  -760.1 -38.4 -248.4
20211108231325  -760.0 -38.3 -248.1
20211108231326  -759.6 -37.9 -248.0
20211108231327  -759.5 -37.5 -247.7
20211108231328  -759.1 -37.2 -247.2
20211108231329  -759.0 -36.9 -247.0
20211108231330  -758.7 -36.6 -246.6
20211108231331  -758.9 -36.4 -247.0
20211108231332  -759.1 -36.4 -247.1
20211108231333  -759.0 -36.3 -247.2
20211108231334  -759.5 -36.6 -247.8
20211108231335  -759.7 -36.5 -248.3
20211108231336  -759.8 -36.6 -248.1
20211108231337  -759.9 -36.5 -248.3
20211108231338  -760.0 -36.4 -248.4
20211108231339  -760.0 -36.5 -248.4
20211108231340  -760.2 -36.4 -248.7
20211108231341  -760.4 -36.3 -248.9
20211108231342  -760.4 -36.6 -248.7
20211108231343  -760.4 -36.3 -248.9
20211108231344  -760.7 -36.0 -249.0
20211108231345  -760.3 -36.1 -249.2
20211108231346  -760.5 -36.1 -249.3
20211108231347  -760.8 -36.2 -249.1
20211108231348  -760.6 -36.2 -249.2
20211108231349  -760.6 -36.0 -249.2
20211108231350  -760.4 -36.1 -249.4
20211108231351  -760.5 -36.1 -249.5
20211108231352  -760.2 -35.9 -249.4
20211108231353  -759.4 -35.4 -248.8
20211108231354  -759.3 -35.3 -248.8
20211108231355  -758.9 -35.0 -248.7
20211108231356  -758.8 -35.0 -248.3
20211108231357  -759.5 -35.0 -248.6
20211108231358  -760.2 -35.1 -249.1
20211108231359  -760.1 -34.9 -249.4
20211108231400  -760.3 -34.8 -249.3
20211108231401  -760.3 -34.6 -249.5
20211108231402  -760.3 -34.3 -249.8
20211108231403  -760.8 -34.0 -249.8
20211108231404  -760.5 -33.8 -249.6
20211108231405  -760.6 -34.1 -249.8
20211108231406  -760.7 -33.8 -249.9
20211108231407  -760.4 -33.9 -249.9
20211108231408  -760.4 -33.7 -250.1
20211108231409  -760.6 -33.8 -250.1
20211108231410  -760.6 -33.7 -250.4
20211108231411  -760.5 -33.1 -250.4
20211108231412  -760.5 -33.1 -250.6
20211108231413  -760.3 -32.9 -250.4
20211108231414  -760.2 -32.8 -250.3
20211108231415  -760.0 -32.5 -250.1
20211108231416  -760.3 -32.5 -249.9
20211108231417  -759.9 -32.7 -249.9
20211108231418  -759.8 -32.8 -250.3
20211108231419  -759.4 -32.7 -250.1
20211108231420  -759.2 -32.5 -249.8
20211108231421  -758.7 -32.4 -249.6
20211108231422  -758.5 -32.3 -249.2
20211108231423  -759.1 -32.4 -249.6
20211108231424  -759.2 -32.5 -250.1
20211108231425  -758.8 -33.0 -250.1
20211108231426  -758.8 -33.2 -250.3
20211108231427  -758.6 -33.0 -250.5
20211108231428  -758.4 -32.9 -250.6
20211108231429  -758.2 -32.9 -250.8
20211108231430  -758.2 -32.7 -250.8
20211108231431  -758.0 -33.0 -250.9
20211108231432  -757.7 -32.8 -251.2
20211108231433  -757.8 -33.0 -250.7
20211108231434  -757.8 -32.9 -250.7
20211108231435  -757.8 -33.0 -250.9
20211108231436  -757.7 -33.0 -250.9
20211108231437  -757.9 -32.9 -251.2
20211108231438  -758.2 -33.1 -251.2
20211108231439  -758.0 -33.6 -251.1
20211108231440  -758.0 -33.6 -251.3
20211108231441  -757.8 -33.7 -251.6
20211108231442  -758.2 -33.8 -252.2
20211108231443  -758.3 -33.8 -251.9
20211108231444  -758.2 -33.8 -251.9
20211108231445  -757.6 -33.7 -251.4
20211108231446  -757.7 -33.7 -251.0
20211108231447  -757.7 -33.5 -250.8
20211108231448  -757.6 -33.2 -250.4
20211108231449  -758.6 -33.3 -251.2
20211108231450  -758.5 -33.6 -251.5
20211108231451  -759.0 -33.7 -251.6
20211108231452  -759.4 -33.8 -251.8
20211108231453  -759.6 -33.5 -252.0
20211108231454  -759.8 -33.8 -252.2
20211108231455  -759.8 -33.5 -252.5
20211108231456  -759.9 -33.4 -252.4
20211108231457  -760.0 -33.2 -252.2
20211108231458  -760.2 -33.3 -252.1
20211108231459  -760.4 -33.2 -252.0
20211108231500  -760.2 -33.5 -252.3
20211108231501  -760.0 -33.6 -252.6
20211108231502  -760.5 -33.9 -252.7
20211108231503  -760.5 -33.7 -253.1
20211108231504  -760.4 -34.0 -253.0
20211108231505  -760.8 -34.1 -252.9
20211108231506  -761.0 -34.1 -253.0
20211108231507  -761.2 -34.2 -253.4
20211108231508  -760.9 -34.2 -253.3
20211108231509  -761.2 -34.3 -253.4
20211108231510  -761.3 -34.4 -253.3
20211108231511  -761.2 -34.1 -253.2
20211108231512  -761.2 -33.9 -252.9
20211108231513  -761.2 -33.8 -252.9
20211108231514  -761.2 -33.7 -252.7
20211108231515  -762.4 -33.7 -252.9
20211108231516  -762.3 -33.8 -253.1
20211108231517  -762.5 -33.6 -253.2
20211108231518  -762.5 -33.5 -253.3
20211108231519  -762.6 -33.2 -253.0
20211108231520  -762.6 -33.5 -253.5
20211108231521  -762.8 -33.3 -253.4
20211108231522  -762.5 -33.2 -253.1
20211108231523  -762.9 -33.0 -252.9
20211108231524  -763.2 -33.3 -253.2
20211108231525  -763.1 -33.4 -253.0
20211108231526  -763.2 -33.5 -252.9
20211108231527  -763.2 -33.6 -253.0
20211108231528  -763.3 -33.9 -253.1
20211108231529  -763.5 -34.1 -253.2
20211108231530  -763.4 -34.1 -253.4
20211108231531  -763.3 -33.9 -253.5
20211108231532  -763.3 -33.7 -253.2
20211108231533  -763.2 -33.6 -253.1
20211108231534  -763.2 -33.6 -253.3
20211108231535  -763.1 -33.6 -253.5
20211108231536  -762.9 -33.7 -253.7
20211108231537  -762.6 -33.6 -253.6
20211108231538  -762.2 -33.3 -253.2
20211108231539  -762.1 -33.5 -253.2
20211108231540  -761.6 -33.5 -252.8
20211108231541  -762.4 -33.8 -253.6
20211108231542  -762.2 -34.0 -253.8
20211108231543  -762.2 -34.0 -253.7
20211108231544  -761.9 -34.5 -253.8
20211108231545  -761.9 -34.4 -253.8
20211108231546  -761.9 -34.3 -253.9
20211108231547  -761.8 -34.3 -254.0
20211108231548  -761.8 -34.8 -253.9
20211108231549  -761.5 -34.8 -254.2
20211108231550  -761.1 -34.8 -254.1
20211108231551  -761.1 -35.1 -253.9
20211108231552  -761.0 -35.5 -254.1
20211108231553  -761.1 -35.0 -254.2
20211108231554  -760.8 -35.0 -254.1
20211108231555  -760.7 -35.1 -253.9
20211108231556  -760.1 -35.3 -253.9
20211108231557  -760.2 -35.1 -254.1
20211108231558  -760.1 -35.2 -254.2
20211108231559  -759.8 -35.2 -254.5
20211108231600  -759.6 -35.4 -254.2
20211108231601  -759.7 -35.3 -254.1
20211108231602  -759.8 -35.6 -254.2
20211108231603  -758.8 -35.6 -253.8
20211108231604  -758.0 -35.7 -253.3
20211108231605  -757.8 -35.4 -253.5
20211108231606  -757.3 -35.3 -253.5
20211108231607  -757.7 -35.5 -253.7
20211108231608  -758.0 -36.1 -254.1
20211108231609  -758.1 -36.0 -254.3
20211108231610  -758.3 -36.5 -254.8
20211108231611  -758.5 -36.4 -254.7
20211108231612  -758.3 -35.9 -255.0
20211108231613  -758.3 -36.1 -255.1
20211108231614  -758.3 -36.4 -255.3
20211108231615  -758.5 -36.4 -255.0
20211108231616  -758.6 -36.6 -255.2
20211108231617  -758.6 -36.7 -255.3
20211108231618  -759.0 -36.7 -255.5
20211108231619  -758.8 -36.6 -255.2
20211108231620  -758.8 -36.6 -255.3
