20211031235439  -824.4 -59.6 -240.3
20211031235440  -824.5 -59.6 -240.0
20211031235441  -824.3 -59.7 -239.9
20211031235442  -823.8 -59.8 -240.0
20211031235443  -824.1 -60.3 -240.2
20211031235444  -824.1 -60.7 -240.4
20211031235445  -823.9 -60.4 -240.3
20211031235446  -823.7 -60.3 -240.3
20211031235447  -823.7 -60.2 -240.5
20211031235448  -823.5 -60.3 -240.6
20211031235449  -823.3 -60.4 -240.5
20211031235450  -823.3 -60.3 -240.6
20211031235451  -823.3 -60.3 -240.6
20211031235452  -823.1 -60.2 -240.6
20211031235453  -823.2 -60.4 -240.7
20211031235454  -823.2 -60.2 -240.6
20211031235455  -823.1 -60.5 -240.7
20211031235456  -822.7 -60.3 -240.4
20211031235457  -822.6 -60.4 -240.3
20211031235458  -822.5 -60.3 -240.4
20211031235459  -822.6 -60.8 -240.4
20211031235500  -822.3 -60.8 -240.3
20211031235501  -822.2 -61.1 -240.5
20211031235502  -822.0 -61.1 -240.6
20211031235503  -821.5 -61.4 -240.6
20211031235504  -821.2 -61.8 -240.2
20211031235505  -821.7 -61.5 -240.3
20211031235506  -821.3 -61.9 -240.4
20211031235507  -821.0 -62.2 -240.6
20211031235508  -820.9 -62.4 -240.5
20211031235509  -820.8 -62.8 -240.5
20211031235510  -820.5 -62.9 -240.9
20211031235511  -820.3 -62.7 -240.9
20211031235512  -820.0 -62.8 -240.9
20211031235513  -819.9 -63.0 -241.2
20211031235514  -819.6 -63.2 -241.1
20211031235515  -819.5 -63.5 -241.1
20211031235516  -819.5 -63.5 -241.4
20211031235517  -819.4 -63.8 -241.3
20211031235518  -819.0 -63.8 -241.5
20211031235519  -818.8 -64.2 -241.6
20211031235520  -818.7 -64.4 -241.9
20211031235521  -818.4 -64.9 -241.6
20211031235522  -818.2 -64.8 -241.9
20211031235523  -818.2 -64.7 -241.9
20211031235524  -818.0 -64.9 -241.7
20211031235525  -817.8 -64.8 -242.1
20211031235526  -817.6 -65.0 -242.2
20211031235527  -817.5 -65.1 -242.5
20211031235528  -817.6 -65.2 -242.4
20211031235529  -817.1 -65.2 -242.4
20211031235530  -817.3 -65.4 -242.4
20211031235531  -817.3 -65.8 -242.5
20211031235532  -817.2 -65.8 -242.6
20211031235533  -817.4 -65.9 -242.9
20211031235534  -817.5 -66.1 -243.1
20211031235535  -817.3 -66.0 -243.2
20211031235536  -817.4 -66.1 -242.9
20211031235537  -817.1 -66.0 -242.9
20211031235538  -817.3 -66.4 -242.8
20211031235539  -817.0 -66.2 -243.1
20211031235540  -817.1 -66.5 -243.3
20211031235541  -817.2 -66.6 -243.6
20211031235542  -817.5 -67.0 -243.2
20211031235543  -817.2 -67.0 -243.4
20211031235544  -817.1 -67.0 -243.5
20211031235545  -817.1 -67.3 -243.6
20211031235546  -817.5 -67.6 -243.8
20211031235547  -817.6 -67.9 -244.1
20211031235548  -817.7 -68.2 -244.1
20211031235549  -817.8 -68.3 -244.3
20211031235550  -817.9 -68.4 -244.4
20211031235551  -818.0 -68.6 -244.3
20211031235552  -818.1 -68.6 -244.6
20211031235553  -818.6 -68.4 -244.5
20211031235554  -818.8 -68.1 -244.9
20211031235555  -819.1 -68.2 -244.8
20211031235556  -819.4 -68.2 -245.1
20211031235557  -819.3 -68.2 -244.9
20211031235558  -819.7 -67.9 -244.8
20211031235559  -819.8 -67.9 -244.8
20211031235600  -819.9 -68.0 -244.7
20211031235601  -820.2 -67.9 -244.7
20211031235602  -820.4 -68.2 -244.8
20211031235603  -820.0 -68.3 -245.0
20211031235604  -820.1 -68.4 -244.8
20211031235605  -820.3 -68.5 -244.9
20211031235606  -820.4 -68.3 -244.9
20211031235607  -820.6 -68.4 -245.0
20211031235608  -820.6 -68.7 -245.2
20211031235609  -820.7 -68.8 -245.5
20211031235610  -821.0 -69.1 -245.3
20211031235611  -821.1 -69.0 -245.3
20211031235612  -821.3 -69.2 -245.1
20211031235613  -821.3 -69.6 -245.1
20211031235614  -821.5 -69.6 -245.1
20211031235615  -821.7 -69.8 -244.9
20211031235616  -821.8 -70.1 -245.0
20211031235617  -821.5 -70.2 -244.8
20211031235618  -821.6 -70.5 -244.7
20211031235619  -821.7 -70.2 -244.9
20211031235620  -821.6 -70.2 -244.6
20211031235621  -821.7 -70.5 -244.8
20211031235622  -821.4 -70.6 -244.8
20211031235623  -820.9 -70.7 -244.6
20211031235624  -820.9 -70.3 -244.5
20211031235625  -820.8 -70.7 -244.7
20211031235626  -820.2 -70.8 -244.5
20211031235627  -820.3 -70.5 -244.4
20211031235628  -820.2 -70.9 -244.1
20211031235629  -819.8 -71.3 -244.4
20211031235630  -819.4 -71.7 -244.1
20211031235631  -819.3 -71.8 -244.2
20211031235632  -818.9 -71.8 -243.9
20211031235633  -818.6 -72.1 -243.9
20211031235634  -818.1 -72.2 -244.2
20211031235635  -818.3 -72.4 -244.4
20211031235636  -817.8 -72.6 -244.2
20211031235637  -817.5 -72.8 -244.2
20211031235638  -817.2 -72.5 -244.3
20211031235639  -817.0 -72.8 -244.2
20211031235640  -816.7 -73.0 -244.3
20211031235641  -816.4 -73.2 -244.4
20211031235642  -816.1 -73.5 -244.4
20211031235643  -816.0 -73.3 -244.7
20211031235644  -815.6 -73.5 -244.7
20211031235645  -815.5 -73.9 -244.8
20211031235646  -815.3 -74.1 -245.0
20211031235647  -815.3 -74.1 -244.9
20211031235648  -814.9 -74.1 -245.1
20211031235649  -815.4 -74.2 -245.1
20211031235650  -815.2 -74.5 -245.2
20211031235651  -815.3 -74.4 -245.2
20211031235652  -814.9 -74.7 -245.0
20211031235653  -814.6 -74.8 -245.5
20211031235654  -814.8 -75.1 -245.2
20211031235655  -814.8 -75.2 -245.1
20211031235656  -814.9 -75.1 -245.2
20211031235657  -814.6 -75.3 -245.3
20211031235658  -814.8 -75.7 -245.5
20211031235659  -814.5 -76.0 -245.4
20211031235700  -814.4 -75.6 -245.5
20211031235701  -814.2 -75.9 -245.9
20211031235702  -814.0 -76.2 -245.7
20211031235703  -813.8 -76.5 -245.8
20211031235704  -813.5 -76.5 -245.5
20211031235705  -813.2 -76.5 -245.6
20211031235706  -812.9 -76.2 -245.6
20211031235707  -812.8 -75.9 -245.8
20211031235708  -812.0 -76.1 -245.8
20211031235709  -811.9 -76.1 -245.7
20211031235710  -811.7 -76.2 -245.8
20211031235711  -811.3 -76.4 -245.8
20211031235712  -811.1 -76.3 -245.9
20211031235713  -810.9 -76.5 -246.0
20211031235714  -810.7 -76.4 -246.0
20211031235715  -810.3 -76.5 -246.1
20211031235716  -810.1 -76.5 -246.3
20211031235717  -809.4 -76.5 -246.3
20211031235718  -809.4 -76.7 -246.3
20211031235719  -808.9 -76.7 -246.3
20211031235720  -808.8 -76.8 -246.4
20211031235721  -809.0 -76.8 -246.8
20211031235722  -809.0 -77.0 -247.2
20211031235723  -809.0 -77.4 -247.5
20211031235724  -808.9 -77.6 -247.0
20211031235725  -808.9 -77.8 -247.5
20211031235726  -809.2 -77.9 -247.4
20211031235727  -809.2 -78.0 -247.5
20211031235728  -809.2 -78.1 -247.6
20211031235729  -809.0 -78.0 -247.7
20211031235730  -808.9 -78.1 -247.6
20211031235731  -808.8 -77.9 -247.5
20211031235732  -808.7 -77.8 -247.5
20211031235733  -808.8 -77.9 -247.2
20211031235734  -808.8 -78.1 -247.5
20211031235735  -808.6 -78.1 -247.5
20211031235736  -808.5 -78.1 -247.4
20211031235737  -808.3 -78.0 -247.6
20211031235738  -808.5 -78.3 -247.7
20211031235739  -808.6 -78.1 -247.8
20211031235740  -808.3 -78.1 -248.0
20211031235741  -808.2 -78.2 -248.1
20211031235742  -808.2 -78.4 -247.9
20211031235743  -808.1 -78.7 -247.9
20211031235744  -808.1 -78.7 -247.8
20211031235745  -808.0 -78.9 -247.8
20211031235746  -808.0 -78.8 -247.7
20211031235747  -807.8 -78.8 -247.9
20211031235748  -807.7 -78.8 -248.2
20211031235749  -807.4 -78.8 -248.0
20211031235750  -806.3 -78.8 -247.6
20211031235751  -806.5 -78.6 -247.6
20211031235752  -806.4 -78.8 -247.9
20211031235753  -806.0 -78.6 -247.7
20211031235754  -805.8 -78.9 -248.0
20211031235755  -805.3 -79.1 -248.2
20211031235756  -805.2 -79.1 -248.3
20211031235757  -805.4 -79.1 -248.3
20211031235758  -805.1 -79.2 -248.4
20211031235759  -805.2 -79.3 -248.4
20211031235800  -805.0 -79.3 -248.4
20211031235801  -805.0 -79.5 -248.6
20211031235802  -805.0 -79.3 -248.5
20211031235803  -805.0 -79.3 -248.3
20211031235804  -805.1 -79.4 -248.4
20211031235805  -804.7 -79.2 -248.4
20211031235806  -804.8 -79.3 -248.5
20211031235807  -804.8 -79.2 -248.5
20211031235808  -805.3 -79.1 -248.7
20211031235809  -805.4 -78.9 -248.7
20211031235810  -805.1 -79.0 -248.6
20211031235811  -805.3 -79.0 -248.9
20211031235812  -805.2 -78.5 -248.9
20211031235813  -805.4 -78.7 -249.1
20211031235814  -805.3 -78.9 -249.3
20211031235815  -805.4 -78.7 -249.0
20211031235816  -805.7 -78.6 -248.9
20211031235817  -805.5 -78.3 -249.0
20211031235818  -805.7 -78.4 -248.9
20211031235819  -806.0 -78.1 -249.1
