.5 -195.9
20211026214631  -661.5 -87.5 -195.7
20211026214632  -661.8 -87.9 -195.9
20211026214633  -661.7 -87.9 -195.5
20211026214634  -661.5 -87.8 -195.4
20211026214635  -661.2 -87.7 -195.6
20211026214636  -661.2 -87.8 -195.5
20211026214637  -661.4 -88.0 -195.9
20211026214638  -661.2 -87.7 -196.0
20211026214639  -661.4 -87.7 -195.7
20211026214640  -661.3 -87.6 -195.7
20211026214641  -661.2 -87.6 -195.7
20211026214642  -661.1 -88.3 -195.6
20211026214643  -660.9 -87.9 -195.3
20211026214644  -660.8 -87.5 -195.0
20211026214645  -660.5 -87.7 -194.8
20211026214646  -660.8 -87.3 -194.9
20211026214647  -661.1 -87.5 -195.3
20211026214648  -661.4 -87.6 -195.8
20211026214649  -661.2 -87.3 -195.3
20211026214650  -661.2 -87.6 -195.4
20211026214651  -661.2 -87.3 -195.4
20211026214652  -661.3 -87.3 -195.6
20211026214653  -661.4 -87.4 -195.8
20211026214654  -661.3 -87.3 -195.8
20211026214655  -661.0 -87.2 -195.7
20211026214656  -660.8 -87.1 -195.8
20211026214657  -660.7 -87.1 -195.6
20211026214658  -661.1 -86.9 -195.8
20211026214659  -661.0 -87.0 -195.5
20211026214700  -661.2 -86.9 -195.4
20211026214701  -661.0 -86.5 -195.4
20211026214702  -660.7 -87.1 -195.5
20211026214703  -660.8 -87.1 -195.7
20211026214704  -660.8 -86.7 -195.9
20211026214705  -660.8 -87.0 -196.1
20211026214706  -660.7 -87.0 -195.6
20211026214707  -660.5 -87.1 -195.6
20211026214708  -660.8 -86.9 -195.7
20211026214709  -660.6 -87.2 -195.6
20211026214710  -661.0 -86.7 -195.6
20211026214711  -661.1 -86.6 -195.6
20211026214712  -660.5 -86.6 -195.3
20211026214713  -659.9 -86.1 -194.8
20211026214714  -660.5 -86.4 -195.4
20211026214715  -660.7 -86.7 -195.2
20211026214716  -660.5 -86.8 -195.4
20211026214717  -660.5 -86.9 -195.3
20211026214718  -660.5 -86.9 -195.3
20211026214719  -660.5 -86.8 -195.3
20211026214720  -660.4 -86.8 -195.2
20211026214721  -660.4 -87.0 -195.4
20211026214722  -660.6 -87.0 -195.3
20211026214723  -660.7 -86.9 -195.4
20211026214724  -660.4 -86.9 -195.2
20211026214725  -660.4 -87.1 -195.3
20211026214726  -660.3 -86.8 -195.6
20211026214727  -660.1 -86.8 -195.7
20211026214728  -660.3 -86.8 -195.5
20211026214729  -660.1 -86.9 -195.4
20211026214730  -660.3 -86.9 -195.3
20211026214731  -660.2 -86.7 -195.5
20211026214732  -660.2 -86.6 -195.6
20211026214733  -660.3 -86.6 -195.5
20211026214734  -660.3 -87.0 -195.2
20211026214735  -660.1 -86.7 -195.5
20211026214736  -660.0 -86.8 -195.6
20211026214737  -660.2 -86.6 -195.7
20211026214738  -659.8 -86.9 -195.4
20211026214739  -659.2 -86.6 -194.7
20211026214740  -659.0 -86.4 -194.5
20211026214741  -658.9 -86.3 -194.4
20211026214742  -659.0 -86.3 -194.4
20211026214743  -659.1 -86.4 -194.3
20211026214744  -659.7 -86.4 -194.9
20211026214745  -659.6 -86.3 -194.8
20211026214746  -659.8 -86.4 -194.7
20211026214747  -659.8 -86.2 -195.0
20211026214748  -659.8 -86.2 -195.1
20211026214749  -659.8 -86.4 -195.1
20211026214750  -659.7 -86.5 -195.1
20211026214751  -659.9 -86.5 -195.1
20211026214752  -659.8 -86.3 -194.9
20211026214753  -660.1 -86.3 -194.9
20211026214754  -659.8 -86.5 -194.9
20211026214755  -659.6 -86.4 -194.9
20211026214756  -659.6 -86.6 -195.2
20211026214757  -659.5 -86.5 -195.0
20211026214758  -659.8 -86.5 -194.9
20211026214759  -660.0 -86.3 -195.1
20211026214800  -660.0 -86.5 -195.5
20211026214801  -659.9 -86.8 -195.3
20211026214802  -659.8 -86.7 -195.3
20211026214803  -659.8 -86.7 -195.3
20211026214804  -659.9 -86.2 -195.2
20211026214805  -659.9 -86.4 -195.4
20211026214806  -660.1 -86.7 -195.3
20211026214807  -660.0 -86.4 -195.4
20211026214808  -659.9 -86.5 -195.5
20211026214809  -659.3 -86.6 -195.2
20211026214810  -659.2 -86.5 -194.6
20211026214811  -659.1 -86.3 -194.5
20211026214812  -658.6 -86.2 -194.4
20211026214813  -659.1 -86.3 -194.6
20211026214814  -659.6 -86.4 -195.0
20211026214815  -660.0 -86.4 -194.8
20211026214816  -660.0 -86.2 -195.0
20211026214817  -660.2 -86.4 -195.1
20211026214818  -659.9 -86.2 -195.1
20211026214819  -660.1 -86.4 -195.0
20211026214820  -660.0 -86.3 -195.4
20211026214821  -659.9 -86.3 -195.2
20211026214822  -659.9 -86.3 -195.3
20211026214823  -660.1 -86.2 -195.4
20211026214824  -660.1 -86.4 -195.1
20211026214825  -660.2 -86.5 -195.2
20211026214826  -660.2 -86.4 -195.1
20211026214827  -660.3 -86.5 -195.2
20211026214828  -660.1 -86.7 -195.4
20211026214829  -660.1 -86.8 -195.5
20211026214830  -660.2 -86.7 -195.6
20211026214831  -660.4 -86.8 -195.2
20211026214832  -660.7 -86.7 -195.4
20211026214833  -660.4 -86.9 -195.5
20211026214834  -660.2 -86.6 -195.5
20211026214835  -660.6 -86.6 -195.6
20211026214836  -660.5 -86.8 -195.4
20211026214837  -660.4 -86.8 -195.6
20211026214838  -660.4 -86.7 -195.9
20211026214839  -659.8 -86.8 -195.5
20211026214840  -659.4 -86.9 -195.2
20211026214841  -659.3 -86.9 -195.1
20211026214842  -659.5 -86.8 -194.7
20211026214843  -659.8 -86.4 -195.1
20211026214844  -660.4 -86.5 -195.4
20211026214845  -660.1 -86.7 -195.6
20211026214846  -660.0 -86.5 -195.3
20211026214847  -660.3 -86.8 -196.0
20211026214848  -660.1 -86.6 -195.7
20211026214849  -660.0 -86.5 -195.9
20211026214850  -660.3 -86.6 -195.9
20211026214851  -660.6 -86.7 -195.7
20211026214852  -660.7 -86.8 -196.0
20211026214853  -660.4 -86.8 -196.0
20211026214854  -660.6 -86.8 -195.6
20211026214855  -660.6 -86.8 -195.6
20211026214856  -660.5 -86.6 -196.0
20211026214857  -661.0 -86.8 -195.9
20211026214858  -660.6 -86.9 -195.6
20211026214859  -660.9 -86.9 -195.8
20211026214900  -661.0 -86.8 -195.8
20211026214901  -660.8 -86.7 -195.8
20211026214902  -660.7 -86.8 -195.7
20211026214903  -661.1 -86.6 -195.9
20211026214904  -661.2 -86.7 -195.8
20211026214905  -661.3 -86.9 -195.8
20211026214906  -661.1 -87.0 -195.9
20211026214907  -661.3 -87.0 -196.0
20211026214908  -661.3 -86.8 -196.3
20211026214909  -661.6 -87.1 -196.4
20211026214910  -660.5 -87.2 -195.7
20211026214911  -660.5 -87.2 -195.5
20211026214912  -660.1 -87.1 -195.4
20211026214913  -660.6 -86.9 -195.5
20211026214914  -661.0 -87.3 -195.8
20211026214915  -661.4 -87.4 -195.9
20211026214916  -661.3 -87.3 -195.9
20211026214917  -661.4 -87.5 -196.0
20211026214918  -661.7 -87.5 -196.0
20211026214919  -662.0 -87.4 -196.2
20211026214920  -662.0 -87.5 -196.2
20211026214921  -662.2 -87.6 -196.4
20211026214922  -662.4 -87.6 -196.5
20211026214923  -662.5 -87.6 -196.5
20211026214924  -662.6 -87.8 -196.6
20211026214925  -662.8 -87.5 -196.7
20211026214926  -662.9 -87.9 -196.8
20211026214927  -662.7 -87.7 -196.7
20211026214928  -663.2 -87.7 -196.8
20211026214929  -663.1 -87.5 -196.8
20211026214930  -663.4 -87.7 -196.9
20211026214931  -663.3 -87.8 -196.9
20211026214932  -663.0 -88.1 -197.0
20211026214933  -663.3 -88.1 -197.2
20211026214934  -663.5 -87.9 -197.1
20211026214935  -663.5 -88.2 -197.4
20211026214936  -663.6 -88.4 -197.3
20211026214937  -663.9 -88.3 -197.3
20211026214938  -663.9 -88.3 -197.4
20211026214939  -664.2 -88.2 -197.6
20211026214940  -664.0 -88.5 -197.2
20211026214941  -663.8 -88.3 -196.8
20211026214942  -663.6 -88.4 -196.9
20211026214943  -664.3 -88.4 -197.3
20211026214944  -664.8 -88.5 -197.6
20211026214945  -664.8 -88.3 -197.6
20211026214946  -664.7 -88.5 -197.8
20211026214947  -664.6 -88.5 -197.7
20211026214948  -664.8 -88.6 -197.8
20211026214949  -664.8 -88.3 -198.0
20211026214950  -664.9 -88.3 -197.7
20211026214951  -665.0 -88.6 -198.0
20211026214952  -665.5 -88.8 -198.3
20211026214953  -665.4 -88.8 -198.5
20211026214954  -665.4 -89.1 -198.2
20211026214955  -665.2 -89.1 -198.5
20211026214956  -665.6 -89.0 -198.4
20211026214957  -665.6 -88.9 -198.4
20211026214958  -666.0 -89.3 -198.6
20211026214959  -666.3 -89.0 -198.6
20211026215000  -666.1 -89.1 -198.8
20211026215001  -666.1 -89.3 -198.9
20211026215002  -666.2 -89.3 -198.8
20211026215003  -666.5 -89.6 -198.9
20211026215004  -666.6 -89.8 -198.9
20211026215005  -666.6 -89.6 -199.2
20211026215006  -666.6 -89.7 -199.2
20211026215007  -666.6 -89.7 -199.4
20211026215008  -666.7 -90.0 -199.3
20211026215009  -666.8 -89.5 -199.4
20211026215010  -666.4 -89.8 -199.4
20211026215011  -666.3 -89.7 -198.9
20211026215012  -666.1 -89.8 -198.6
20211026215013  -666.8 -90.0 -199.1
20211026215014  -667.1 -89.8 -199.4
20211026215015  -667.1 -89.8 -199.6
20211026215016  -667.3 -89.9 -199.3
20211026215017  -667.3 -89.9 -199.5
20211026215018  -667.5 -90.1 -199.7
20211026215019  -667.3 -89.9 -200.1
20211026215020  -667.6 -89.9 -199.9
20211026215021  -667.8 -90.0 -199.8
20211026215022  -667.7 -90.1 -200.1
20211026215023  -667.8 -90.1 -200.0
20211026215024  -668.2 -90.2 -200.3
20211026215025  -668.1 -90.0 -200.5
20211026215026  -668.2 -90.2 -200.4
20211026215027  -668.1 -90.0 -200.2
20211026215028  -668.1 -90.1 -200.6
20211026215029  -668.2 -90.0 -200.9
20211026215030  -668.2 -90.0 -200.5
20211026215031  -668.3 -90.0 -200.8
20211026215032  -668.6 -89.6 -200.9
20211026215033  -668.7 -89.4 -200.8
20211026215034  -668.9 -89.8 -200.7
20211026215035  -669.1 -89.8 -200.7
20211026215036  -668.9 -90.1 -200.7
20211026215037  -669.1 -90.2 -200.8
20211026215038  -668.9 -89.9 -200.8
20211026215039  -669.2 -89.8 -201.1
20211026215040  -668.9 -90.1 -200.9
20211026215041  -668.6 -89.5 -200.7
20211026215042  -668.6 -89.7 -200.4
20211026215043  -668.6 -89.6 -200.6
20211026215044  -669.2 -89.9 -201.2
20211026215045  -669.4 -90.0 -201.2
20211026215046  -669.6 -90.3 -201.6
20211026215047  -669.9 -90.1 -201.4
20211026215048  -669.7 -90.0 -201.5
20211026215049  -669.9 -90.0 -201.4
20211026215050  -670.1 -90.3 -201.4
20211026215051  -670.2 -90.2 -201.8
20211026215052  -670.4 -90.4 -201.8
20211026215053  -670.3 -90.3 -202.1
20211026215054  -670.3 -90.7 -202.0
20211026215055  -670.5 -90.7 -202.2
20211026215056  -670.9 -90.8 -202.2
20211026215057  -671.2 -91.0 -202.1
20211026215058  -671.2 -90.7 -202.1
20211026215059  -671.2 -91.0 -202.6
20211026215100  -671.4 -91.1 -202.7
20211026215101  -671.5 -91.1 -202.8
20211026215102  -671.7 -91.2 -202.8
20211026215103  -671.9 -91.4 -203.0
20211026215104  -672.0 -91.3 -203.1
20211026215105  -671.9 -91.2 -203.1
20211026215106  -672.0 -91.4 -203.2
20211026215107  -671.9 -91.3 -203.3
20211026215108  -672.0 -91.6 -203.5
20211026215109  -671.9 -91.9 -203.5
20211026215110  -671.5 -91.8 -203.6
20211026215111  -671.4 -91.8 -202.8
20211026215112  -671.1 -91.8 -202.7
20211026215113  -671.1 -91.8 -202.9
20211026215114  -672.1 -91.5 -203.0
20211026215115  -672.2 -91.9 -203.3
20211026215116  -672.4 -91.7 -203.4
20211026215117  -672.2 -92.1 -203.7
20211026215118  -672.3 -92.1 -203.7
20211026215119  -672.5 -92.3 -204.3
20211026215120  -672.5 -92.3 -204.2
20211026215121  -672.8 -92.3 -204.1
20211026215122  -673.3 -92.2 -204.3
20211026215123  -673.3 -92.2 -204.3
20211026215124  -673.7 -92.4 -204.7
20211026215125  -673.5 -92.6 -204.6
20211026215126  -673.8 -92.9 -204.8
20211026215127  -673.8 -93.0 -204.9
20211026215128  -673.9 -93.1 -204.9
20211026215129  -673.8 -93.0 -205.0
20211026215130  -673.9 -93.0 -205.0
20211026215131  -674.6 -93.2 -205.4
20211026215132  -674.8 -93.3 -205.3
20211026215133  -674.9 -93.4 -205.5
20211026215134  -675.0 -93.2 -205.9
20211026215135  -674.8 -93.3 -205.6
20211026215136  -675.1 -93.2 -205.7
20211026215137  -675.1 -93.1 -206.1
20211026215138  -675.6 -93.2 -206.0
20211026215139  -675.6 -93.3 -206.3
20211026215140  -675.2 -93.1 -206.2
20211026215141  -675.2 -93.1 -205.9
20211026215142  -675.2 -93.4 -205.8
20211026215143  -675.1 -93.1 -206.0
20211026215144  -675.6 -93.2 -206.3
20211026215145  -676.2 -93.3 -206.9
20211026215146  -676.8 -93.5 -206.9
20211026215147  -676.8 -93.5 -206.9
20211026215148  -677.1 -93.7 -207.2
20211026215149  -677.1 -93.4 -207.3
20211026215150  -677.3 -93.5 -207.4
20211026215151  -677.7 -93.2 -207.0
20211026215152  -677.7 -93.3 -207.6
20211026215153  -677.8 -93.2 -207.7
20211026215154  -677.8 -93.3 -207.7
20211026215155  -677.9 -93.2 -208.0
20211026215156  -678.1 -93.2 -208.1
20211026215157  -678.0 -93.0 -208.0
20211026215158  -678.1 -92.7 -208.5
20211026215159  -678.3 -92.8 -208.3
20211026215200  -678.4 -92.5 -208.4
20211026215201  -678.4 -92.5 -208.4
20211026215202  -678.3 -92.4 -208.6
20211026215203  -678.2 -92.5 -208.7
20211026215204  -678.4 -92.7 -208.8
20211026215205  -678.6 -92.6 -209.2
20211026215206  -678.6 -92.4 -209.1
20211026215207  -678.9 -92.3 -209.1
20211026215208  -678.8 -92.3 -209.1
20211026215209  -679.1 -92.1 -209.5
20211026215210  -678.9 -92.4 -209.4
20211026215211  -678.8 -92.4 -209.1
20211026215212  -678.5 -92.8 -208.9
20211026215213  -678.3 -92.4 -208.6
20211026215214  -678.0 -92.2 -208.4
20211026215215  -678.9 -92.3 -208.7
20211026215216  -678.8 -92.4 -209.1
20211026215217  -678.9 -92.1 -209.2
20211026215218  -678.8 -92.2 -209.2
20211026215219  -678.7 -91.8 -209.3
20211026215220  -678.9 -91.8 -209.2
20211026215221  -679.1 -91.7 -209.3
20211026215222  -679.0 -91.8 -209.5
20211026215223  -679.0 -91.4 -209.7
20211026215224  -679.1 -91.5 -209.6
20211026215225  -679.4 -91.3 -209.6
20211026215226  -679.6 -91.2 -210.1
20211026215227  -679.2 -91.1 -209.8
20211026215228  -679.2 -91.4 -209.5
20211026215229  -679.2 -91.6 -209.6
20211026215230  -678.8 -91.9 -209.6
20211026215231  -678.6 -91.7 -209.6
20211026215232  -678.6 -91.5 -209.8
20211026215233  -678.5 -91.7 -210.0
20211026215234  -678.5 -91.5 -209.9
20211026215235  -678.6 -91.4 -210.1
20211026215236  -678.6 -91.5 -210.0
20211026215237  -678.4 -91.4 -209.8
20211026215238  -678.1 -91.3 -209.7
20211026215239  -678.3 -91.2 -210.0
20211026215240  -678.0 -91.2 -209.8
20211026215241  -676.8 -90.8 -209.5
20211026215242  -676.5 -90.3 -208.8
20211026215243  -676.2 -90.0 -208.4
20211026215244  -675.6 -89.9 -208.4
20211026215245  -675.7 -89.5 -208.6
20211026215246  -675.9 -89.4 -209.2
20211026215247  -675.8 -88.8 -209.2
20211026215248  -676.2 -88.6 -209.7
20211026215249  -676.0 -88.4 -209.8
20211026215250  -676.1 -87.9 -209.7
20211026215251  -675.9 -87.8 -209.7
20211026215252  -675.6 -87.4 -209.9
20211026215253  -675.4 -87.1 -209.8
20211026215254  -675.4 -86.9 -209.8
20211026215255  -675.2 -86.5 -209.9
20211026215256  -674.7 -86.5 -209.6
20211026215257  -674.9 -86.2 -209.9
20211026215258  -674.7 -85.7 -209.9
20211026215259  -674.9 -85.5 -209.9
20211026215300  -675.2 -85.4 -209.9
20211026215301  -674.8 -85.2 -210.0
20211026215302  -674.9 -85.1 -210.1
20211026215303  -674.5 -84.8 -209.8
20211026215304  -674.7 -84.9 -210.1
20211026215305  -674.5 -85.1 -210.3
20211026215306  -674.5 -84.7 -210.2
20211026215307  -674.5 -84.4 -210.1
20211026215308  -674.2 -84.2 -210.3
20211026215309  -674.3 -83.9 -210.4
20211026215310  -674.7 -83.9 -210.3
20211026215311  -674.7 -84.3 -210.0
20211026215312  -674.1 -84.1 -209.5
20211026215313  -674.1 -83.7 -209.4
20211026215314  -673.9 -83.5 -209.1
20211026215315  -674.5 -83.1 -209.4
20211026215316  -674.2 -83.2 -209.4
20211026215317  -674.0 -83.1 -209.4
20211026215318  -673.4 -83.0 -208.9
20211026215319  -673.2 -83.1 -208.6
20211026215320  -672.4 -83.3 -208.3
20211026215321  -671.6 -83.6 -208.5
20211026215322  -670.8 -83.5 -208.5
20211026215323  -670.5 -83.6 -208.8
20211026215324  -670.2 -83.9 -209.4
20211026215325  -669.8 -84.0 -209.3
20211026215326  -669.6 -84.3 -209.3
20211026215327  -668.5 -84.4 -209.0
20211026215328  -667.9 -84.5 -208.8
20211026215329  -667.2 -84.7 -208.8
20211026215330  -666.7 -85.1 -208.8
20211026215331  -666.4 -85.4 -209.3
20211026215332  -666.1 -86.3 -209.6
20211026215333  -665.8 -86.9 -209.8
20211026215334  -665.2 -87.8 -209.7
20211026215335  -664.8 -88.6 -210.1
20211026215336  -664.6 -89.4 -210.0
20211026215337  -664.3 -89.8 -210.1
20211026215338  -664.2 -90.1 -210.2
20211026215339  -663.4 -90.7 -210.0
20211026215340  -663.6 -91.4 -210.1
20211026215341  -662.6 -91.9 -209.9
20211026215342  -661.4 -92.5 -209.4
20211026215343  -660.5 -92.6 -208.8
20211026215344  -659.4 -92.8 -208.5
20211026215345  -659.5 -93.3 -209.3
20211026215346  -658.8 -93.5 -209.1
20211026215347  -657.9 -93.2 -208.8
20211026215348  -657.2 -93.1 -209.0
20211026215349  -656.2 -93.0 -209.2
20211026215350  -656.3 -93.3 -209.7
20211026215351  -656.1 -93.3 -210.4
20211026215352  -656.2 -93.8 -210.7
20211026215353  -655.9 -93.8 -211.2
20211026215354  -655.9 -93.9 -211.2
20211026215355  -655.8 -94.0 -211.8
20211026215356  -655.5 -93.9 -211.7
20211026215357  -655.5 -94.0 -212.1
20211026215358  -655.5 -93.9 -212.4
20211026215359  -655.4 -93.8 -212.8
20211026215400  -654.9 -93.8 -213.2
20211026215401  -654.9 -93.7 -213.3
20211026215402  -654.9 -93.7 -213.2
20211026215403  -654.1 -93.2 -212.9
20211026215404  -653.2 -93.1 -212.8
20211026215405  -652.2 -92.7 -212.1
20211026215406  -651.2 -92.2 -211.5
20211026215407  -650.5 -91.0 -211.4
20211026215408  -649.6 -90.7 -211.5
20211026215409  -648.7 -90.2 -211.7
20211026215410  -648.4 -90.0 -212.0
20211026215411  -648.1 -89.5 -212.5
20211026215412  -647.2 -89.0 -212.0
20211026215413  -646.4 -88.4 -211.9
20211026215414  -646.0 -88.0 -211.9
20211026215415  -646.5 -87.7 -212.4
20211026215416  -646.3 -87.5 -212.6
20211026215417  -646.1 -87.1 -212.6
20211026215418  -645.8 -86.7 -213.1
20211026215419  -645.6 -86.3 -213.3
20211026215420  -645.3 -85.9 -213.8
20211026215421  -645.7 -85.6 -214.2
20211026215422  -646.0 -85.3 -214.5
20211026215423  -645.7 -85.3 -214.4
20211026215424  -645.8 -85.3 -214.7
20211026215425  -645.6 -85.3 -215.0
20211026215426  -645.6 -84.8 -214.9
20211026215427  -645.4 -84.9 -215.0
20211026215428  -644.8 -84.6 -215.0
20211026215429  -644.4 -84.6 -214.8
20211026215430  -643.7 -84.5 -214.5
20211026215431  -643.2 -84.3 -214.8
20211026215432  -642.6 -84.1 -214.8
20211026215433  -642.0 -83.6 -215.1
20211026215434  -641.4 -83.1 -215.3
20211026215435  -641.2 -82.9 -215.4
20211026215436  -641.7 -82.9 -216.2
20211026215437  -641.8 -82.8 -216.5
20211026215438  -642.3 -82.8 -216.8
20211026215439  -643.3 -82.8 -217.6
20211026215440  -644.1 -83.1 -217.9
20211026215441  -644.5 -82.8 -218.3
20211026215442  -645.0 -82.5 -218.0
20211026215443  -645.2 -82.2 -217.9
20211026215444  -645.9 -81.8 -217.5
20211026215445  -647.0 -81.9 -217.7
20211026215446  -647.1 -81.9 -218.0
20211026215447  -647.7 -81.5 -218.1
20211026215448  -648.0 -81.5 -218.2
20211026215449  -648.4 -81.7 -218.4
20211026215450  -648.7 -81.3 -218.3
20211026215451  -648.5 -81.3 -218.3
20211026215452  -648.8 -81.3 -218.4
20211026215453  -648.5 -81.2 -218.5
20211026215454  -648.3 -81.0 -218.4
20211026215455  -648.2 -81.2 -218.4
20211026215456  -648.5 -81.2 -218.4
20211026215457  -648.1 -80.8 -218.2
20211026215458  -648.0 -80.2 -218.3
20211026215459  -647.6 -80.0 -218.2
20211026215500  -647.9 -79.8 -218.3
20211026215501  -647.8 -79.2 -218.2
20211026215502  -647.7 -78.5 -218.1
20211026215503  -647.5 -78.1 -217.8
20211026215504  -647.1 -77.8 -217.7
20211026215505  -647.2 -77.6 -217.7
20211026215506  -647.1 -77.1 -218.0
20211026215507  -647.0 -76.8 -218.0
20211026215508  -646.9 -76.6 -217.9
20211026215509  -646.7 -76.5 -218.0
20211026215510  -646.5 -76.3 -218.1
20211026215511  -646.8 -76.4 -218.3
20211026215512  -647.0 -75.9 -218.2
20211026215513  -646.8 -75.4 -217.7
20211026215514  -647.0 -74.9 -217.8
20211026215515  -647.3 -74.8 -218.2
20211026215516  -647.3 -74.0 -218.3
20211026215517  -647.6 -73.6 -218.7
20211026215518  -647.3 -73.3 -218.2
20211026215519  -647.6 -73.1 -218.1
20211026215520  -647.8 -72.8 -218.2
20211026215521  -647.8 -72.8 -218.6
20211026215522  -647.8 -72.5 -218.5
20211026215523  -648.0 -72.3 -218.6
20211026215524  -647.9 -72.1 -218.5
20211026215525  -648.0 -72.1 -218.9
20211026215526  -648.0 -71.5 -218.8
20211026215527  -648.2 -71.8 -218.7
20211026215528  -648.8 -71.6 -218.8
20211026215529  -649.0 -71.5 -218.8
20211026215530  -649.3 -71.8 -219.0
20211026215531  -649.8 -71.7 -218.7
20211026215532  -650.0 -71.7 -218.6
20211026215533  -650.1 -71.7 -219.0
20211026215534  -650.5 -72.0 -218.9
20211026215535  -650.9 -72.1 -219.2
20211026215536  -651.4 -72.4 -219.2
20211026215537  -652.0 -72.6 -219.1
20211026215538  -652.1 -72.8 -219.3
20211026215539  -652.5 -73.4 -219.2
20211026215540  -653.1 -73.8 -219.2
20211026215541  -653.2 -74.2 -219.3
20211026215542  -653.5 -74.8 -219.3
20211026215543  -653.0 -75.0 -218.6
20211026215544  -653.4 -75.0 -218.4
20211026215545  -653.9 -75.3 -219.2
20211026215546  -653.9 -76.1 -219.0
20211026215547  -653.7 -76.6 -218.8
20211026215548  -653.5 -77.1 -218.6
20211026215549  -653.1 -77.3 -218.4
20211026215550  -652.6 -77.7 -218.4
20211026215551  -652.6 -78.1 -218.9
20211026215552  -652.1 -78.6 -219.0
20211026215553  -652.0 -79.3 -219.1
20211026215554  -652.0 -80.1 -219.5
20211026215555  -651.6 -80.6 -219.6
20211026215556  -651.4 -81.0 -220.0
20211026215557  -651.6 -81.3 -220.4
20211026215558  -651.7 -81.8 -220.5
20211026215559  -651.6 -82.1 -220.6
20211026215600  -651.6 -82.9 -220.7
20211026215601  -651.4 -83.8 -220.7
20211026215602  -651.0 -84.1 -221.2
20211026215603  -651.1 -84.4 -221.7
20211026215604  -651.2 -85.4 -221.6
20211026215605  -651.6 -85.8 -222.0
20211026215606  -651.8 -86.5 -222.5
20211026215607  -652.1 -87.1 -223.0
20211026215608  -652.4 -87.6 -223.3
20211026215609  -653.0 -87.8 -223.7
20211026215610  -653.7 -88.2 -223.8
20211026215611  -654.3 -88.3 -224.2
20211026215612  -654.8 -88.7 -224.4
20211026215613  -654.8 -89.2 -224.5
20211026215614  -654.9 -89.3 -224.5
20211026215615  -655.9 -90.2 -224.9
20211026215616  -656.1 -90.5 -224.6
20211026215617  -656.1 -91.0 -224.5
20211026215618  -656.4 -91.9 -224.4
20211026215619  -655.7 -92.5 -223.8
20211026215620  -655.3 -93.1 -223.8
20211026215621  -654.8 -94.0 -223.8
20211026215622  -654.4 -94.5 -223.9
20211026215623  -654.0 -94.7 -223.7
20211026215624  -653.5 -95.5 -223.6
20211026215625  -653.4 -95.8 -223.6
20211026215626  -652.9 -96.2 -224.2
20211026215627  -652.8 -96.8 -224.6
20211026215628  -653.1 -97.1 -224.9
20211026215629  -653.3 -97.3 -225.2
20211026215630  -653.3 -97.7 -225.7
20211026215631  -653.7 -97.9 -225.7
20211026215632  -653.5 -98.6 -225.6
20211026215633  -653.6 -99.0 -225.8
20211026215634  -653.4 -99.2 -226.0
20211026215635  -653.5 -99.9 -226.1
20211026215636  -653.5 -100.1 -226.2
20211026215637  -653.2 -100.6 -226.4
20211026215638  -653.2 -100.9 -226.7
20211026215639  -653.4 -101.3 -226.9
20211026215640  -653.2 -101.6 -227.0
20211026215641  -653.0 -101.8 -227.3
20211026215642  -653.4 -102.0 -227.4
20211026215643  -652.6 -101.7 -227.5
20211026215644  -652.5 -101.5 -227.4
20211026215645  -653.0 -101.4 -227.6
20211026215646  -653.6 -101.2 -228.0
20211026215647  -653.6 -101.2 -228.1
20211026215648  -653.3 -101.1 -227.8
20211026215649  -653.1 -100.7 -228.0
20211026215650  -653.1 -100.7 -228.2
20211026215651  -653.2 -100.8 -228.4
20211026215652  -653.1 -100.8 -228.4
20211026215653  -653.3 -101.0 -228.4
20211026215654  -653.3 -100.8 -228.3
20211026215655  -653.4 -100.8 -228.7
20211026215656  -653.1 -100.8 -228.8
20211026215657  -653.0 -100.8 -229.0
20211026215658  -652.9 -100.3 -229.1
20211026215659  -653.0 -100.3 -229.2
20211026215700  -652.6 -100.0 -228.8
20211026215701  -652.5 -99.7 -229.2
20211026215702  -652.8 -99.7 -229.1
20211026215703  -652.7 -99.8 -229.7
20211026215704  -652.8 -100.0 -229.9
20211026215705  -652.8 -99.8 -229.5
20211026215706  -652.2 -99.7 -229.1
20211026215707  -651.9 -99.3 -229.2
20211026215708  -651.6 -98.8 -229.0
20211026215709  -650.9 -98.4 -228.7
20211026215710  -650.3 -98.0 -228.4
20211026215711  -649.9 -97.4 -227.9
20211026215712  -648.8 -97.0 -228.0
20211026215713  -647.6 -96.8 -228.1
20211026215714  -647.1 -96.5 -227.8
20211026215715  -646.7 -96.4 -228.2
20211026215716  -647.5 -96.4 -229.1
20211026215717  -647.6 -96.4 -229.5
20211026215718  -647.0 -96.6 -229.6
20211026215719  -647.1 -96.4 -229.6
20211026215720  -646.6 -96.3 -229.7
20211026215721  -646.7 -95.9 -229.4
20211026215722  -646.5 -95.8 -229.4
20211026215723  -645.9 -96.0 -229.4
20211026215724  -645.5 -95.7 -229.9
20211026215725  -645.3 -95.6 -229.8
20211026215726  -645.1 -95.5 -229.8
20211026215727  -644.7 -95.0 -230.0
20211026215728  -644.7 -95.0 -230.1
20211026215729  -644.0 -94.5 -230.0
20211026215730  -644.1 -94.5 -230.1
20211026215731  -644.0 -94.0 -230.3
20211026215732  -643.9 -94.2 -230.2
20211026215733  -643.5 -93.9 -230.4
20211026215734  -643.6 -93.6 -230.8
20211026215735  -643.3 -93.4 -231.0
20211026215736  -643.6 -93.3 -231.2
20211026215737  -643.8 -93.5 -231.4
20211026215738  -643.8 -93.2 -231.5
20211026215739  -643.8 -93.2 -231.4
20211026215740  -644.0 -93.1 -231.8
20211026215741  -644.0 -93.1 -231.5
20211026215742  -644.0 -93.0 -231.7
20211026215743  -643.6 -92.9 -231.1
20211026215744  -642.9 -92.5 -231.0
20211026215745  -642.7 -92.0 -231.1
20211026215746  -643.1 -91.8 -231.4
20211026215747  -643.4 -91.6 -231.6
20211026215748  -643.5 -91.3 -231.8
20211026215749  -643.2 -91.4 -232.5
20211026215750  -643.4 -91.2 -233.1
20211026215751  -643.9 -90.8 -233.3
20211026215752  -644.4 -90.6 -233.8
20211026215753  -644.9 -90.2 -233.7
20211026215754  -645.5 -90.0 -234.0
20211026215755  -646.0 -89.7 -234.0
20211026215756  -646.2 -89.1 -234.3
20211026215757  -646.9 -89.1 -234.5
20211026215758  -647.4 -88.7 -234.6
20211026215759  -647.6 -88.6 -234.7
20211026215800  -647.5 -88.1 -234.2
20211026215801  -647.6 -87.9 -233.9
20211026215802  -647.6 -87.4 -234.0
20211026215803  -647.7 -87.0 -234.0
20211026215804  -647.7 -86.7 -233.9
20211026215805  -647.8 -86.4 -234.2
20211026215806  -647.8 -86.3 -234.3
20211026215807  -648.3 -86.1 -234.6
20211026215808  -648.5 -86.0 -235.0
20211026215809  -648.7 -85.8 -235.3
20211026215810  -649.1 -86.1 -235.5
20211026215811  -649.7 -86.0 -235.6
20211026215812  -650.2 -86.2 -235.7
20211026215813  -650.5 -86.5 -235.8
20211026215814  -650.4 -86.2 -235.4
20211026215815  -650.6 -85.9 -235.2
20211026215816  -651.4 -85.6 -235.2
20211026215817  -652.2 -85.8 -235.8
