20211101232251  -670.6 -92.2 -204.1
20211101232252  -670.6 -92.0 -203.8
20211101232253  -671.0 -91.9 -203.9
20211101232254  -670.8 -91.6 -204.0
20211101232255  -670.7 -92.0 -204.0
20211101232256  -670.9 -92.2 -204.2
20211101232257  -670.8 -92.3 -204.4
20211101232258  -671.0 -92.3 -204.1
20211101232259  -671.1 -92.1 -204.0
20211101232300  -671.1 -92.3 -203.8
20211101232301  -671.2 -92.1 -203.8
20211101232302  -670.8 -92.2 -203.4
20211101232303  -671.0 -92.2 -203.5
20211101232304  -670.8 -92.3 -203.9
20211101232305  -671.0 -92.2 -203.8
20211101232306  -671.0 -92.3 -203.7
20211101232307  -671.0 -92.2 -203.8
20211101232308  -671.1 -92.3 -203.9
20211101232309  -671.1 -92.1 -203.9
20211101232310  -671.2 -92.3 -204.0
20211101232311  -671.1 -92.4 -204.0
20211101232312  -670.8 -91.8 -204.2
20211101232313  -670.9 -91.7 -203.9
20211101232314  -671.0 -91.8 -204.1
20211101232315  -670.9 -91.6 -203.7
20211101232316  -671.0 -91.9 -204.0
20211101232317  -671.0 -92.0 -204.0
20211101232318  -670.7 -91.9 -204.1
20211101232319  -671.2 -91.9 -203.9
20211101232320  -671.2 -92.0 -204.0
20211101232321  -671.3 -92.0 -203.8
20211101232322  -671.1 -92.1 -204.0
20211101232323  -670.8 -91.7 -203.8
20211101232324  -670.8 -91.8 -204.1
20211101232325  -670.8 -91.8 -203.8
20211101232326  -671.0 -91.8 -203.6
20211101232327  -671.1 -91.9 -203.7
20211101232328  -671.1 -91.6 -203.5
20211101232329  -671.1 -91.9 -203.8
20211101232330  -671.2 -91.8 -203.4
20211101232331  -671.2 -91.7 -203.7
20211101232332  -671.3 -91.7 -203.7
20211101232333  -671.4 -91.7 -203.6
20211101232334  -671.5 -91.4 -203.5
20211101232335  -671.3 -91.8 -203.6
20211101232336  -671.6 -91.7 -203.7
20211101232337  -671.4 -91.6 -203.7
20211101232338  -671.3 -91.6 -204.0
20211101232339  -671.4 -91.5 -203.8
20211101232340  -671.3 -91.9 -203.9
20211101232341  -671.3 -91.9 -204.0
20211101232342  -671.5 -91.8 -204.0
20211101232343  -671.3 -91.6 -204.1
20211101232344  -671.5 -91.6 -204.0
20211101232345  -671.7 -91.4 -204.3
20211101232346  -671.3 -91.4 -204.1
20211101232347  -671.5 -91.1 -204.0
20211101232348  -671.6 -91.1 -203.7
20211101232349  -671.4 -91.2 -203.5
20211101232350  -671.3 -91.3 -203.7
20211101232351  -671.5 -91.1 -203.9
20211101232352  -671.5 -91.2 -203.8
20211101232353  -671.4 -91.1 -203.6
20211101232354  -671.2 -91.4 -203.5
20211101232355  -670.9 -91.1 -203.4
20211101232356  -671.0 -91.4 -203.6
20211101232357  -671.4 -91.4 -203.9
20211101232358  -671.4 -91.4 -203.8
20211101232359  -671.3 -91.7 -203.7
20211101232400  -671.2 -91.5 -203.6
20211101232401  -671.4 -91.3 -203.7
20211101232402  -671.1 -91.2 -203.8
20211101232403  -671.1 -91.5 -204.1
20211101232404  -671.2 -91.1 -204.0
20211101232405  -671.0 -91.3 -204.0
20211101232406  -670.8 -91.3 -204.0
20211101232407  -671.0 -91.4 -204.1
20211101232408  -671.0 -91.0 -204.2
20211101232409  -671.3 -91.1 -204.1
20211101232410  -671.2 -91.2 -204.0
20211101232411  -670.7 -91.0 -203.9
20211101232412  -671.4 -90.8 -203.9
20211101232413  -671.2 -91.0 -203.7
20211101232414  -671.0 -91.2 -203.7
20211101232415  -670.8 -91.1 -203.9
20211101232416  -670.8 -91.2 -203.7
20211101232417  -671.0 -91.2 -203.7
20211101232418  -670.8 -91.1 -203.6
20211101232419  -671.0 -91.2 -203.6
20211101232420  -670.8 -91.1 -203.8
20211101232421  -670.7 -91.1 -203.5
20211101232422  -670.9 -91.1 -203.7
20211101232423  -670.8 -91.0 -203.9
20211101232424  -670.8 -90.9 -203.6
20211101232425  -670.9 -90.9 -203.5
20211101232426  -670.8 -91.2 -203.5
20211101232427  -670.5 -91.1 -203.2
20211101232428  -670.7 -91.4 -203.2
20211101232429  -670.6 -91.1 -203.6
20211101232430  -670.6 -90.9 -203.5
20211101232431  -670.4 -91.1 -203.4
20211101232432  -670.5 -91.2 -203.2
20211101232433  -670.4 -91.4 -203.4
20211101232434  -670.3 -91.1 -203.1
20211101232435  -670.4 -91.3 -203.4
20211101232436  -670.2 -91.2 -203.3
20211101232437  -670.3 -91.2 -203.3
20211101232438  -670.4 -91.6 -203.7
20211101232439  -670.1 -91.1 -203.5
20211101232440  -670.2 -91.2 -203.3
20211101232441  -670.1 -91.1 -203.5
20211101232442  -670.0 -91.1 -203.3
20211101232443  -670.0 -91.1 -203.5
20211101232444  -670.0 -91.0 -203.5
20211101232445  -669.6 -91.1 -203.5
20211101232446  -669.9 -90.9 -203.7
20211101232447  -669.7 -90.7 -203.7
20211101232448  -669.8 -90.9 -203.4
20211101232449  -669.6 -90.9 -203.1
20211101232450  -669.8 -90.8 -203.3
20211101232451  -669.9 -90.9 -203.2
20211101232452  -669.8 -90.8 -203.2
20211101232453  -669.6 -90.7 -203.2
20211101232454  -669.7 -90.6 -203.1
20211101232455  -670.1 -90.8 -202.9
20211101232456  -669.9 -90.5 -202.8
20211101232457  -669.8 -90.5 -203.2
20211101232458  -669.5 -90.5 -203.3
20211101232459  -669.6 -90.6 -203.0
20211101232500  -669.4 -90.5 -203.0
20211101232501  -669.7 -90.7 -203.2
20211101232502  -669.6 -90.8 -203.2
20211101232503  -669.3 -90.8 -203.0
20211101232504  -668.7 -90.6 -202.7
20211101232505  -669.0 -90.6 -203.0
20211101232506  -669.1 -90.8 -202.8
20211101232507  -669.2 -90.5 -202.7
20211101232508  -669.0 -90.7 -202.8
20211101232509  -668.8 -90.4 -202.8
20211101232510  -668.9 -90.5 -202.6
20211101232511  -669.2 -90.8 -202.8
20211101232512  -669.1 -90.5 -202.8
20211101232513  -669.0 -90.4 -203.0
20211101232514  -668.7 -90.6 -202.8
20211101232515  -668.9 -90.7 -202.8
20211101232516  -669.0 -90.6 -202.5
20211101232517  -669.1 -90.8 -202.6
20211101232518  -669.1 -90.7 -202.4
20211101232519  -669.1 -90.8 -202.5
20211101232520  -669.2 -90.8 -202.5
20211101232521  -669.3 -90.6 -202.2
20211101232522  -669.2 -90.9 -202.4
20211101232523  -669.1 -90.9 -202.5
20211101232524  -668.9 -90.8 -202.5
20211101232525  -669.0 -90.9 -202.6
20211101232526  -668.7 -91.0 -202.5
20211101232527  -669.0 -90.8 -202.6
20211101232528  -668.8 -90.7 -202.6
20211101232529  -668.7 -90.7 -202.6
20211101232530  -668.8 -90.7 -202.3
20211101232531  -668.9 -90.7 -202.2
20211101232532  -668.6 -90.6 -202.4
20211101232533  -669.0 -90.8 -202.6
20211101232534  -668.6 -90.7 -202.4
20211101232535  -668.7 -90.8 -202.7
20211101232536  -668.7 -90.8 -202.4
20211101232537  -668.4 -90.8 -202.0
20211101232538  -668.6 -90.8 -202.2
20211101232539  -668.7 -91.0 -202.2
20211101232540  -668.6 -90.9 -202.2
20211101232541  -668.6 -90.8 -202.1
20211101232542  -668.7 -90.7 -202.1
20211101232543  -668.6 -91.2 -202.3
20211101232544  -668.5 -90.9 -202.3
20211101232545  -668.5 -90.7 -202.4
20211101232546  -668.7 -90.9 -202.2
20211101232547  -668.7 -90.8 -202.2
20211101232548  -668.5 -90.7 -202.3
20211101232549  -668.6 -91.0 -202.1
20211101232550  -668.5 -90.6 -202.3
20211101232551  -668.4 -90.8 -202.1
20211101232552  -668.5 -91.0 -202.1
20211101232553  -668.1 -90.6 -202.0
20211101232554  -668.2 -90.6 -202.0
20211101232555  -668.2 -90.6 -201.9
20211101232556  -668.1 -90.3 -201.7
20211101232557  -668.2 -90.4 -201.8
20211101232558  -668.1 -90.5 -202.2
20211101232559  -667.9 -90.3 -202.0
20211101232600  -667.9 -90.4 -202.1
20211101232601  -667.9 -90.3 -201.9
20211101232602  -667.8 -90.6 -202.0
20211101232603  -668.1 -90.8 -202.2
20211101232604  -667.7 -90.6 -202.0
20211101232605  -668.0 -90.6 -202.3
20211101232606  -667.7 -90.5 -202.3
20211101232607  -668.1 -90.7 -202.1
20211101232608  -667.9 -90.6 -202.1
20211101232609  -667.6 -90.7 -202.0
20211101232610  -667.9 -90.6 -201.9
20211101232611  -667.9 -90.7 -201.8
20211101232612  -667.7 -90.7 -201.8
20211101232613  -667.9 -90.6 -201.8
20211101232614  -667.7 -90.9 -201.7
20211101232615  -667.7 -90.6 -201.7
20211101232616  -667.6 -90.7 -201.5
20211101232617  -667.7 -90.6 -201.8
20211101232618  -667.9 -90.5 -202.0
20211101232619  -668.0 -90.4 -202.1
20211101232620  -667.8 -90.4 -202.0
20211101232621  -667.8 -90.2 -202.0
20211101232622  -667.6 -90.1 -202.0
20211101232623  -667.6 -90.3 -201.8
20211101232624  -667.6 -90.2 -201.8
20211101232625  -667.4 -90.4 -201.9
20211101232626  -667.5 -90.3 -201.9
20211101232627  -667.5 -90.2 -201.8
20211101232628  -667.7 -90.4 -202.0
20211101232629  -667.6 -90.3 -201.5
