20211110130829  -657.8 -99.4 -172.4
20211110130830  -658.1 -99.5 -172.1
20211110130831  -657.9 -99.2 -171.8
20211110130832  -658.6 -99.1 -172.9
20211110130833  -658.6 -99.1 -172.8
20211110130834  -658.5 -98.9 -172.5
20211110130835  -658.5 -98.8 -172.7
20211110130836  -658.3 -98.7 -172.5
20211110130837  -658.4 -98.9 -172.5
20211110130838  -658.3 -98.9 -172.5
20211110130839  -658.1 -99.1 -172.5
20211110130840  -658.3 -99.2 -172.6
20211110130841  -658.2 -99.0 -172.6
20211110130842  -658.6 -99.1 -172.4
20211110130843  -658.6 -99.0 -172.3
20211110130844  -658.6 -99.2 -172.4
20211110130845  -658.8 -99.3 -172.4
20211110130846  -658.9 -99.1 -172.5
20211110130847  -658.8 -99.2 -172.8
20211110130848  -659.1 -99.0 -172.7
20211110130849  -659.3 -99.1 -172.8
20211110130850  -659.3 -99.0 -172.6
20211110130851  -659.3 -99.0 -172.7
20211110130852  -659.6 -99.1 -172.5
20211110130853  -659.6 -99.1 -172.3
20211110130854  -659.7 -99.1 -172.3
20211110130855  -659.6 -98.9 -171.9
20211110130856  -659.7 -98.9 -172.2
20211110130857  -659.7 -99.0 -172.0
20211110130858  -659.6 -98.9 -171.9
20211110130859  -658.9 -98.8 -171.4
20211110130900  -658.4 -98.9 -171.1
20211110130901  -658.0 -98.5 -171.2
20211110130902  -658.5 -98.8 -171.9
20211110130903  -658.8 -98.7 -171.8
20211110130904  -658.7 -98.6 -171.9
20211110130905  -658.5 -98.7 -172.1
20211110130906  -658.2 -98.6 -171.8
20211110130907  -658.2 -98.7 -171.8
20211110130908  -658.2 -98.9 -172.2
20211110130909  -658.1 -99.0 -172.2
20211110130910  -658.1 -99.1 -172.2
20211110130911  -658.1 -99.3 -172.0
20211110130912  -658.3 -99.1 -172.0
20211110130913  -658.3 -98.7 -172.4
20211110130914  -658.2 -98.7 -172.2
20211110130915  -658.1 -98.3 -172.3
20211110130916  -658.1 -98.5 -172.4
20211110130917  -658.1 -98.5 -172.5
20211110130918  -658.2 -98.5 -172.5
20211110130919  -658.1 -98.5 -172.2
20211110130920  -658.5 -98.2 -172.4
20211110130921  -658.6 -98.5 -172.7
20211110130922  -658.5 -98.1 -172.5
20211110130923  -658.7 -98.4 -172.5
20211110130924  -658.9 -98.3 -172.0
20211110130925  -658.9 -98.3 -172.1
20211110130926  -658.6 -98.3 -172.1
20211110130927  -658.5 -98.3 -172.2
20211110130928  -658.6 -98.0 -172.4
20211110130929  -658.0 -98.2 -171.9
20211110130930  -657.8 -97.8 -171.5
20211110130931  -657.1 -97.9 -171.4
20211110130932  -657.8 -97.9 -171.9
20211110130933  -657.9 -98.1 -171.7
20211110130934  -657.6 -97.7 -171.9
20211110130935  -657.8 -97.9 -172.0
20211110130936  -657.9 -97.9 -172.1
20211110130937  -657.5 -97.8 -172.2
20211110130938  -657.7 -97.7 -172.1
20211110130939  -657.7 -97.9 -172.1
20211110130940  -657.5 -97.9 -172.2
20211110130941  -657.4 -97.8 -172.1
20211110130942  -657.2 -97.7 -172.3
20211110130943  -657.2 -97.7 -172.2
20211110130944  -657.2 -97.9 -172.1
20211110130945  -657.4 -97.9 -172.2
20211110130946  -657.4 -98.2 -172.2
20211110130947  -657.5 -98.0 -172.5
20211110130948  -657.4 -97.9 -172.4
20211110130949  -657.2 -97.8 -172.4
20211110130950  -657.5 -98.0 -172.3
20211110130951  -657.3 -97.7 -172.1
20211110130952  -657.4 -97.6 -172.2
20211110130953  -657.4 -97.5 -172.4
20211110130954  -657.3 -97.5 -172.3
20211110130955  -657.5 -97.6 -172.2
20211110130956  -657.5 -97.4 -172.3
20211110130957  -657.3 -97.5 -172.3
20211110130958  -657.5 -97.3 -172.7
20211110130959  -657.1 -97.6 -172.2
20211110131000  -656.5 -97.3 -172.2
20211110131001  -656.3 -97.1 -171.5
20211110131002  -657.0 -97.3 -172.1
20211110131003  -657.2 -97.4 -172.2
20211110131004  -657.4 -97.0 -172.2
20211110131005  -657.0 -96.8 -172.4
20211110131006  -656.8 -96.8 -172.4
20211110131007  -657.1 -97.0 -172.3
20211110131008  -656.7 -96.9 -172.2
20211110131009  -656.5 -96.9 -172.3
20211110131010  -656.3 -97.2 -172.2
20211110131011  -656.4 -96.9 -172.2
20211110131012  -656.6 -96.9 -172.4
20211110131013  -656.4 -97.0 -172.5
20211110131014  -656.2 -97.0 -172.3
20211110131015  -656.5 -97.1 -172.4
20211110131016  -656.2 -97.1 -172.3
20211110131017  -656.3 -96.9 -172.3
20211110131018  -656.3 -96.9 -172.3
20211110131019  -656.2 -96.9 -172.2
20211110131020  -656.3 -96.9 -172.4
20211110131021  -656.4 -96.6 -172.5
20211110131022  -656.4 -96.7 -172.2
20211110131023  -656.5 -96.9 -172.4
20211110131024  -656.7 -97.0 -172.6
20211110131025  -656.7 -97.0 -172.6
20211110131026  -657.1 -97.1 -172.7
20211110131027  -657.0 -97.0 -172.9
20211110131028  -657.1 -96.9 -172.8
20211110131029  -657.1 -97.3 -172.5
20211110131030  -656.5 -97.0 -171.9
20211110131031  -656.2 -96.9 -171.8
20211110131032  -656.8 -97.1 -172.1
20211110131033  -656.9 -97.3 -172.3
20211110131034  -656.9 -97.0 -172.4
20211110131035  -656.9 -97.0 -172.4
20211110131036  -657.5 -97.2 -172.1
20211110131037  -656.8 -97.3 -172.3
20211110131038  -656.8 -97.4 -172.2
20211110131039  -656.9 -97.1 -172.2
20211110131040  -657.0 -97.0 -172.1
20211110131041  -657.1 -96.9 -172.1
20211110131042  -657.0 -97.0 -172.1
20211110131043  -657.1 -97.2 -172.2
20211110131044  -657.3 -97.0 -172.3
20211110131045  -657.3 -97.1 -172.2
20211110131046  -657.4 -97.2 -172.1
20211110131047  -657.4 -97.2 -172.3
20211110131048  -657.0 -96.9 -172.1
20211110131049  -657.0 -96.9 -172.0
20211110131050  -657.2 -96.7 -172.0
20211110131051  -657.0 -96.5 -172.4
20211110131052  -657.2 -96.8 -172.3
20211110131053  -657.1 -96.6 -172.4
20211110131054  -657.1 -96.3 -172.3
20211110131055  -656.8 -96.3 -172.2
20211110131056  -656.9 -96.4 -172.4
20211110131057  -657.0 -96.3 -172.4
20211110131058  -657.0 -96.2 -172.4
20211110131059  -657.3 -96.1 -172.2
20211110131100  -656.5 -96.7 -172.2
20211110131101  -656.7 -96.5 -171.7
20211110131102  -657.6 -96.7 -172.4
20211110131103  -657.5 -96.7 -172.3
20211110131104  -657.8 -96.6 -172.4
20211110131105  -658.0 -96.8 -172.3
20211110131106  -658.2 -96.7 -172.5
20211110131107  -658.6 -96.9 -172.5
20211110131108  -658.8 -97.0 -172.6
20211110131109  -658.7 -96.8 -172.5
20211110131110  -658.8 -96.5 -172.6
20211110131111  -659.2 -96.5 -172.8
20211110131112  -659.3 -96.5 -172.7
20211110131113  -659.8 -96.6 -172.6
20211110131114  -659.9 -96.9 -172.5
20211110131115  -659.7 -96.8 -172.7
20211110131116  -660.0 -97.2 -172.5
20211110131117  -660.1 -97.3 -172.4
20211110131118  -660.1 -97.2 -172.3
20211110131119  -660.3 -96.9 -172.4
20211110131120  -660.5 -97.3 -172.4
20211110131121  -660.5 -97.1 -172.6
20211110131122  -660.6 -96.9 -172.6
20211110131123  -660.7 -97.0 -172.5
20211110131124  -660.5 -97.1 -172.9
20211110131125  -660.7 -97.1 -173.2
20211110131126  -661.1 -97.1 -173.0
20211110131127  -661.0 -97.2 -172.8
20211110131128  -661.1 -96.8 -172.9
20211110131129  -661.2 -96.7 -172.8
20211110131130  -660.8 -96.7 -172.3
20211110131131  -660.3 -96.5 -172.2
20211110131132  -661.5 -96.1 -172.5
20211110131133  -661.6 -96.4 -172.5
20211110131134  -661.5 -96.3 -172.6
20211110131135  -661.4 -96.5 -172.6
20211110131136  -661.8 -96.6 -172.5
20211110131137  -662.0 -96.6 -172.3
20211110131138  -662.0 -96.7 -172.3
20211110131139  -662.2 -96.7 -172.6
20211110131140  -662.0 -96.5 -172.3
20211110131141  -662.6 -96.8 -172.3
20211110131142  -662.6 -97.0 -172.5
20211110131143  -662.8 -97.3 -172.8
20211110131144  -663.0 -97.4 -172.9
20211110131145  -663.2 -97.4 -172.8
20211110131146  -663.3 -97.6 -172.7
20211110131147  -663.6 -97.5 -172.8
20211110131148  -663.8 -97.9 -172.5
20211110131149  -663.9 -97.9 -172.6
20211110131150  -664.1 -97.6 -172.7
20211110131151  -664.3 -97.5 -172.7
20211110131152  -664.5 -97.6 -172.7
20211110131153  -664.6 -97.6 -172.7
20211110131154  -664.6 -97.5 -173.1
20211110131155  -664.8 -97.5 -172.8
20211110131156  -665.0 -97.1 -173.0
20211110131157  -665.0 -96.8 -173.0
20211110131158  -665.2 -97.1 -173.1
20211110131159  -665.5 -96.7 -173.0
20211110131200  -664.8 -96.8 -173.1
20211110131201  -664.4 -96.8 -172.5
20211110131202  -664.6 -96.7 -172.3
20211110131203  -665.0 -96.6 -172.9
20211110131204  -665.2 -96.7 -172.7
20211110131205  -665.2 -96.7 -173.0
20211110131206  -665.3 -97.0 -172.8
20211110131207  -665.2 -97.4 -172.9
20211110131208  -665.4 -97.5 -173.0
20211110131209  -665.3 -97.7 -173.2
20211110131210  -665.5 -97.9 -172.8
20211110131211  -665.5 -98.1 -173.1
20211110131212  -665.2 -98.1 -173.0
20211110131213  -665.5 -98.4 -173.2
20211110131214  -665.6 -98.3 -173.0
