20211110162630  -670.2 -92.9 -185.5
20211110162631  -670.2 -92.8 -185.6
20211110162632  -670.0 -92.7 -185.8
20211110162633  -670.0 -92.7 -185.6
20211110162634  -669.7 -92.7 -185.7
20211110162635  -669.3 -92.8 -185.9
20211110162636  -669.1 -92.7 -185.4
20211110162637  -669.1 -92.6 -185.8
20211110162638  -669.0 -92.5 -185.8
20211110162639  -669.1 -92.5 -186.0
20211110162640  -669.1 -92.5 -186.1
20211110162641  -668.7 -92.3 -185.8
20211110162642  -668.5 -92.0 -186.0
20211110162643  -668.7 -92.3 -186.0
20211110162644  -668.0 -92.2 -185.8
20211110162645  -667.5 -92.1 -185.3
20211110162646  -667.2 -91.9 -185.0
20211110162647  -667.8 -92.0 -185.2
20211110162648  -667.8 -91.9 -185.7
20211110162649  -667.4 -92.1 -185.9
20211110162650  -667.5 -92.1 -186.0
20211110162651  -667.3 -91.9 -186.1
20211110162652  -667.0 -92.0 -186.0
20211110162653  -666.8 -91.8 -186.1
20211110162654  -666.5 -91.6 -186.3
20211110162655  -666.3 -91.7 -186.0
20211110162656  -666.3 -91.9 -186.3
20211110162657  -666.5 -91.7 -186.4
20211110162658  -666.5 -91.9 -186.5
20211110162659  -666.3 -91.6 -186.6
20211110162700  -666.3 -91.7 -186.5
20211110162701  -665.8 -91.5 -186.4
20211110162702  -666.1 -91.6 -186.5
20211110162703  -665.9 -91.8 -186.3
20211110162704  -666.1 -91.4 -186.5
20211110162705  -665.9 -91.4 -186.6
20211110162706  -666.0 -91.4 -186.8
20211110162707  -665.8 -91.6 -186.6
20211110162708  -666.3 -91.3 -186.7
20211110162709  -666.0 -91.1 -186.7
20211110162710  -665.8 -91.4 -186.4
20211110162711  -666.1 -91.3 -186.5
20211110162712  -665.9 -91.3 -186.4
20211110162713  -666.0 -91.3 -186.5
20211110162714  -665.5 -91.2 -186.6
20211110162715  -665.1 -90.9 -186.1
20211110162716  -664.9 -90.7 -185.8
20211110162717  -664.8 -90.4 -185.6
20211110162718  -665.7 -90.4 -185.9
20211110162719  -665.4 -90.5 -186.2
20211110162720  -665.0 -90.3 -186.0
20211110162721  -665.1 -90.2 -186.2
20211110162722  -665.1 -90.3 -186.1
20211110162723  -665.3 -90.2 -186.1
20211110162724  -665.0 -90.4 -186.3
20211110162725  -665.1 -90.5 -186.5
20211110162726  -665.0 -90.8 -186.1
20211110162727  -665.0 -90.7 -185.7
20211110162728  -665.0 -90.6 -186.0
20211110162729  -665.1 -90.4 -186.0
20211110162730  -664.8 -90.6 -185.9
20211110162731  -664.9 -90.4 -186.1
20211110162732  -664.7 -90.7 -186.2
20211110162733  -664.6 -90.7 -186.0
20211110162734  -664.6 -90.6 -186.1
20211110162735  -664.4 -90.4 -186.2
20211110162736  -664.8 -90.2 -186.4
20211110162737  -664.6 -90.1 -186.5
20211110162738  -664.5 -90.4 -186.6
20211110162739  -664.7 -90.4 -186.3
20211110162740  -664.7 -90.2 -186.4
20211110162741  -664.7 -90.3 -186.3
20211110162742  -664.8 -90.3 -186.5
20211110162743  -664.9 -90.4 -186.5
20211110162744  -664.7 -90.3 -186.0
20211110162745  -664.2 -90.0 -185.5
20211110162746  -663.8 -89.9 -185.0
20211110162747  -664.0 -89.7 -184.9
20211110162748  -664.4 -89.7 -185.3
20211110162749  -664.4 -89.7 -185.5
20211110162750  -664.6 -89.8 -185.8
20211110162751  -664.5 -90.0 -185.6
20211110162752  -664.4 -89.9 -186.1
20211110162753  -664.7 -89.7 -185.9
20211110162754  -664.2 -90.0 -186.1
20211110162755  -664.3 -89.7 -186.0
20211110162756  -664.5 -89.8 -186.1
20211110162757  -664.4 -90.1 -185.7
20211110162758  -664.5 -90.0 -185.9
20211110162759  -664.1 -90.1 -186.0
20211110162800  -664.4 -89.9 -185.8
20211110162801  -664.5 -89.8 -185.8
20211110162802  -664.5 -89.8 -185.8
20211110162803  -664.2 -89.9 -185.9
20211110162804  -664.6 -90.0 -185.9
20211110162805  -664.6 -89.7 -185.9
20211110162806  -664.5 -90.2 -185.6
20211110162807  -664.4 -89.8 -185.8
20211110162808  -664.6 -90.0 -185.7
20211110162809  -664.7 -90.0 -185.5
20211110162810  -664.6 -89.9 -185.8
20211110162811  -664.8 -90.0 -185.7
20211110162812  -664.7 -90.1 -185.9
20211110162813  -664.5 -90.5 -186.2
20211110162814  -664.3 -90.2 -186.2
20211110162815  -664.2 -90.3 -185.9
20211110162816  -663.5 -90.0 -185.3
20211110162817  -663.7 -90.1 -184.9
20211110162818  -664.4 -90.4 -185.7
20211110162819  -664.6 -90.2 -185.9
20211110162820  -664.6 -90.0 -185.9
20211110162821  -664.4 -90.0 -185.8
20211110162822  -664.5 -89.7 -185.6
20211110162823  -664.4 -90.0 -185.6
20211110162824  -664.5 -90.3 -185.7
20211110162825  -664.4 -90.0 -185.6
20211110162826  -664.6 -89.8 -185.5
20211110162827  -664.2 -90.0 -185.9
20211110162828  -664.2 -90.0 -185.8
20211110162829  -664.2 -90.1 -185.9
20211110162830  -664.2 -90.2 -186.2
20211110162831  -664.4 -90.2 -186.0
20211110162832  -664.4 -90.2 -185.9
20211110162833  -664.4 -90.5 -186.2
20211110162834  -664.4 -90.5 -186.6
20211110162835  -664.4 -90.5 -186.2
20211110162836  -664.4 -90.5 -186.4
20211110162837  -664.5 -90.2 -186.5
20211110162838  -664.7 -90.1 -186.4
20211110162839  -664.7 -90.1 -186.3
20211110162840  -664.8 -90.3 -186.6
20211110162841  -664.6 -90.2 -186.8
20211110162842  -664.7 -90.3 -186.6
20211110162843  -664.8 -90.4 -186.4
20211110162844  -664.9 -90.5 -186.6
20211110162845  -664.1 -90.3 -185.9
20211110162846  -663.6 -90.1 -185.4
20211110162847  -663.8 -90.0 -185.7
20211110162848  -664.4 -89.9 -185.7
20211110162849  -664.6 -89.9 -185.9
20211110162850  -664.5 -90.2 -186.0
20211110162851  -664.7 -90.3 -186.1
20211110162852  -664.8 -90.5 -186.2
20211110162853  -664.8 -90.2 -185.9
20211110162854  -664.7 -90.0 -186.1
20211110162855  -664.5 -90.1 -186.2
20211110162856  -664.5 -90.2 -186.3
20211110162857  -664.6 -90.2 -186.2
20211110162858  -664.7 -90.0 -186.2
20211110162859  -664.8 -89.9 -186.6
20211110162900  -664.9 -89.7 -186.4
20211110162901  -664.9 -89.9 -186.6
20211110162902  -664.9 -90.0 -186.5
20211110162903  -664.9 -90.0 -186.2
20211110162904  -664.8 -90.1 -186.0
20211110162905  -664.8 -90.2 -186.2
20211110162906  -664.8 -90.0 -186.3
20211110162907  -664.8 -89.9 -186.1
20211110162908  -664.6 -89.9 -186.3
20211110162909  -664.6 -89.8 -186.1
20211110162910  -664.4 -90.0 -186.1
20211110162911  -664.2 -89.9 -186.1
20211110162912  -664.0 -90.0 -186.1
20211110162913  -663.9 -89.7 -186.0
20211110162914  -663.9 -90.0 -186.3
20211110162915  -663.6 -90.1 -186.1
20211110162916  -663.0 -89.8 -185.7
20211110162917  -662.5 -89.5 -185.7
20211110162918  -663.0 -89.8 -186.1
20211110162919  -663.2 -90.0 -186.3
20211110162920  -663.4 -89.9 -186.1
20211110162921  -663.2 -89.8 -186.4
20211110162922  -663.0 -90.1 -186.2
20211110162923  -662.7 -89.6 -186.2
20211110162924  -663.0 -89.7 -186.6
20211110162925  -662.8 -89.6 -186.8
20211110162926  -662.8 -89.7 -186.4
20211110162927  -662.9 -89.6 -186.9
20211110162928  -662.6 -89.8 -186.6
20211110162929  -663.0 -89.4 -186.8
20211110162930  -663.1 -89.6 -186.9
20211110162931  -662.7 -89.3 -186.8
20211110162932  -662.7 -89.3 -187.0
20211110162933  -662.6 -89.4 -187.0
20211110162934  -662.7 -89.6 -186.7
20211110162935  -662.9 -89.2 -186.9
20211110162936  -662.6 -89.3 -187.0
20211110162937  -662.7 -89.4 -187.2
20211110162938  -662.7 -89.1 -187.3
20211110162939  -662.7 -89.1 -187.1
20211110162940  -662.8 -89.1 -187.1
20211110162941  -662.6 -89.0 -187.0
20211110162942  -662.7 -89.2 -187.0
20211110162943  -662.6 -89.1 -187.1
20211110162944  -662.5 -89.3 -187.0
20211110162945  -662.5 -89.2 -187.3
20211110162946  -662.0 -89.1 -186.5
20211110162947  -661.8 -89.1 -186.6
20211110162948  -662.3 -89.0 -186.9
20211110162949  -662.8 -89.3 -186.9
20211110162950  -662.9 -89.4 -186.8
20211110162951  -662.8 -89.3 -186.9
20211110162952  -662.9 -89.4 -186.8
20211110162953  -662.7 -89.4 -186.6
20211110162954  -662.6 -89.5 -187.1
20211110162955  -662.9 -89.5 -187.0
20211110162956  -662.9 -89.8 -187.4
20211110162957  -662.8 -89.7 -187.4
20211110162958  -662.8 -89.9 -187.3
20211110162959  -663.0 -90.1 -187.4
20211110163000  -662.9 -90.1 -187.5
20211110163001  -662.9 -90.0 -187.3
20211110163002  -663.0 -89.8 -187.2
20211110163003  -663.1 -89.8 -187.3
20211110163004  -663.0 -89.8 -187.3
20211110163005  -662.8 -89.9 -187.4
20211110163006  -662.8 -89.9 -187.7
20211110163007  -663.0 -90.1 -187.2
20211110163008  -662.9 -89.6 -187.2
20211110163009  -662.8 -89.7 -187.5
20211110163010  -662.7 -89.6 -187.0
20211110163011  -663.0 -89.4 -187.1
20211110163012  -663.0 -89.3 -187.1
20211110163013  -663.0 -89.2 -186.9
20211110163014  -663.1 -89.4 -187.3
20211110163015  -663.2 -89.3 -187.1
20211110163016  -662.5 -89.4 -186.7
20211110163017  -662.0 -89.5 -186.3
20211110163018  -662.1 -89.0 -186.6
20211110163019  -662.7 -89.1 -187.0
20211110163020  -662.7 -89.2 -187.0
20211110163021  -662.8 -89.2 -186.9
20211110163022  -662.7 -88.9 -187.0
20211110163023  -662.8 -89.0 -186.9
20211110163024  -662.4 -89.1 -187.0
20211110163025  -662.5 -89.2 -187.3
20211110163026  -662.4 -89.0 -187.2
20211110163027  -662.4 -89.3 -187.1
20211110163028  -662.6 -89.2 -187.1
20211110163029  -662.3 -89.0 -187.1
20211110163030  -662.5 -89.3 -186.8
20211110163031  -662.3 -89.3 -187.0
20211110163032  -662.1 -89.2 -187.0
20211110163033  -661.8 -89.3 -186.9
20211110163034  -662.2 -89.3 -187.1
20211110163035  -662.1 -89.0 -187.2
20211110163036  -662.2 -89.1 -187.3
20211110163037  -662.1 -88.9 -187.3
20211110163038  -662.2 -88.7 -187.5
20211110163039  -662.4 -89.0 -187.2
20211110163040  -662.2 -88.8 -187.5
20211110163041  -662.3 -88.6 -187.5
20211110163042  -662.2 -88.6 -187.5
20211110163043  -662.2 -88.6 -187.3
20211110163044  -662.4 -88.7 -187.3
20211110163045  -662.4 -88.8 -187.4
20211110163046  -661.9 -88.7 -186.8
20211110163047  -661.5 -88.6 -186.6
20211110163048  -661.3 -88.6 -186.2
20211110163049  -662.3 -88.6 -186.6
20211110163050  -662.4 -88.7 -186.5
20211110163051  -662.1 -88.7 -186.7
20211110163052  -662.4 -88.5 -186.6
20211110163053  -662.5 -88.7 -186.8
20211110163054  -662.5 -88.8 -186.9
20211110163055  -662.7 -88.7 -186.9
20211110163056  -662.5 -88.8 -187.2
20211110163057  -662.4 -88.6 -187.2
20211110163058  -662.4 -88.6 -186.8
20211110163059  -662.4 -88.8 -186.7
20211110163100  -662.4 -89.0 -186.7
20211110163101  -662.4 -88.9 -186.6
20211110163102  -662.4 -88.8 -186.6
20211110163103  -662.3 -88.8 -186.9
20211110163104  -662.5 -88.9 -186.9
20211110163105  -662.1 -88.8 -187.0
20211110163106  -662.0 -88.8 -187.1
20211110163107  -662.2 -88.7 -187.0
20211110163108  -662.2 -88.8 -187.0
20211110163109  -662.2 -88.9 -186.6
20211110163110  -662.3 -88.5 -186.8
20211110163111  -662.2 -88.5 -186.9
20211110163112  -662.2 -88.4 -186.7
20211110163113  -662.4 -88.5 -186.8
20211110163114  -662.3 -88.7 -186.9
20211110163115  -661.9 -88.4 -186.8
20211110163116  -661.8 -88.7 -186.4
20211110163117  -661.3 -88.6 -185.9
20211110163118  -661.1 -88.5 -185.9
20211110163119  -661.5 -88.1 -186.4
20211110163120  -662.1 -88.4 -186.8
20211110163121  -662.2 -88.5 -186.6
20211110163122  -662.2 -88.2 -186.3
20211110163123  -662.2 -88.3 -186.6
20211110163124  -662.1 -88.4 -186.5
20211110163125  -662.1 -88.1 -186.5
20211110163126  -662.2 -88.2 -186.5
20211110163127  -662.0 -88.0 -186.4
20211110163128  -662.5 -88.2 -186.4
20211110163129  -662.4 -88.2 -186.7
20211110163130  -662.8 -88.2 -186.5
20211110163131  -662.6 -88.4 -186.5
20211110163132  -662.6 -88.5 -186.6
20211110163133  -662.6 -88.4 -186.6
20211110163134  -662.5 -88.3 -186.5
20211110163135  -662.4 -88.5 -186.6
20211110163136  -662.6 -88.1 -186.3
20211110163137  -662.5 -88.4 -186.4
20211110163138  -662.6 -88.4 -186.3
20211110163139  -662.3 -88.3 -186.5
20211110163140  -662.7 -88.5 -186.5
20211110163141  -662.5 -88.4 -186.4
20211110163142  -662.7 -88.7 -186.3
20211110163143  -662.7 -88.7 -186.4
20211110163144  -662.6 -88.6 -186.0
20211110163145  -662.9 -88.5 -185.9
20211110163146  -662.0 -88.6 -185.8
20211110163147  -662.6 -88.4 -186.4
20211110163148  -663.0 -88.2 -186.5
20211110163149  -663.0 -88.3 -186.4
20211110163150  -663.0 -88.6 -186.4
20211110163151  -663.2 -88.6 -186.2
20211110163152  -663.2 -88.6 -186.3
20211110163153  -663.4 -88.5 -186.3
20211110163154  -663.3 -88.4 -186.4
20211110163155  -663.3 -88.8 -186.5
20211110163156  -663.3 -88.9 -186.7
20211110163157  -663.6 -88.8 -186.5
20211110163158  -663.5 -88.3 -186.3
20211110163159  -663.7 -88.6 -186.5
20211110163200  -663.7 -88.7 -186.5
20211110163201  -663.4 -88.6 -186.2
20211110163202  -663.6 -88.5 -186.4
20211110163203  -663.9 -88.9 -186.5
20211110163204  -664.2 -88.9 -186.2
20211110163205  -664.0 -88.7 -186.0
20211110163206  -664.0 -88.8 -186.5
20211110163207  -664.2 -88.7 -186.0
20211110163208  -664.0 -89.0 -186.2
20211110163209  -664.4 -88.7 -186.2
20211110163210  -664.7 -88.7 -186.2
20211110163211  -664.6 -88.9 -186.1
20211110163212  -664.5 -89.0 -186.0
20211110163213  -663.8 -88.7 -185.6
20211110163214  -663.7 -88.8 -185.2
20211110163215  -663.4 -88.5 -184.9
