20211201225025  -875.5 -32.4 -780.8
20211201225026  -875.9 -32.0 -781.2
20211201225027  -876.5 -31.8 -781.1
20211201225028  -876.8 -31.5 -781.1
20211201225029  -877.2 -31.4 -780.6
20211201225030  -877.5 -31.9 -780.6
20211201225031  -877.6 -32.2 -780.4
20211201225032  -877.7 -31.9 -780.4
20211201225033  -878.0 -31.8 -780.0
20211201225034  -878.4 -31.5 -779.8
20211201225035  -878.6 -31.0 -779.8
20211201225036  -879.1 -30.8 -779.5
20211201225037  -879.2 -30.7 -779.6
20211201225038  -879.9 -30.8 -779.6
20211201225039  -879.8 -31.0 -779.2
20211201225040  -879.8 -30.8 -778.9
20211201225041  -880.1 -31.1 -779.0
20211201225042  -880.1 -31.3 -779.0
20211201225043  -880.2 -31.3 -778.7
20211201225044  -880.4 -31.4 -778.5
20211201225045  -880.7 -31.6 -778.6
20211201225046  -881.2 -31.6 -778.3
20211201225047  -881.1 -31.6 -778.2
20211201225048  -881.3 -32.0 -777.9
20211201225049  -881.2 -32.2 -778.1
20211201225050  -881.0 -32.1 -777.7
20211201225051  -880.9 -31.8 -777.2
20211201225052  -881.4 -31.5 -776.9
20211201225053  -882.0 -31.7 -777.2
20211201225054  -882.3 -31.7 -776.9
20211201225055  -882.3 -31.4 -776.4
20211201225056  -882.4 -31.5 -776.2
20211201225057  -882.9 -31.2 -776.1
20211201225058  -882.8 -31.2 -776.3
20211201225059  -882.8 -31.1 -776.6
20211201225100  -882.7 -31.2 -776.8
20211201225101  -883.0 -31.1 -777.0
20211201225102  -883.7 -30.4 -776.6
20211201225103  -884.1 -30.2 -776.3
20211201225104  -884.0 -30.0 -776.0
20211201225105  -884.3 -30.0 -775.7
20211201225106  -884.2 -29.8 -775.7
20211201225107  -884.2 -30.3 -775.5
20211201225108  -884.4 -30.3 -775.4
20211201225109  -884.0 -30.4 -775.3
20211201225110  -884.3 -30.4 -775.6
20211201225111  -884.2 -30.2 -776.0
20211201225112  -884.4 -30.1 -776.5
20211201225113  -884.5 -29.2 -776.6
20211201225114  -884.2 -29.2 -776.4
20211201225115  -884.2 -29.5 -776.1
20211201225116  -884.1 -29.2 -776.0
20211201225117  -884.1 -29.3 -775.9
20211201225118  -883.8 -29.7 -775.9
20211201225119  -884.2 -30.0 -775.9
20211201225120  -883.8 -30.3 -775.8
20211201225121  -883.6 -30.2 -775.7
20211201225122  -883.4 -30.1 -775.8
20211201225123  -884.0 -30.0 -776.3
20211201225124  -884.5 -30.2 -776.9
20211201225125  -885.0 -30.5 -777.1
20211201225126  -884.9 -30.5 -776.7
20211201225127  -885.2 -30.6 -776.5
20211201225128  -885.2 -30.8 -776.4
20211201225129  -885.2 -30.9 -776.0
20211201225130  -885.4 -31.1 -776.1
20211201225131  -885.5 -31.1 -776.1
20211201225132  -885.7 -31.1 -775.7
20211201225133  -885.5 -31.3 -775.6
20211201225134  -885.6 -31.5 -775.5
20211201225135  -885.6 -31.3 -775.4
20211201225136  -885.7 -31.4 -775.4
20211201225137  -886.0 -31.3 -775.9
20211201225138  -885.9 -30.9 -775.5
20211201225139  -886.5 -31.3 -775.5
20211201225140  -886.3 -31.2 -775.6
20211201225141  -886.1 -31.3 -775.6
20211201225142  -886.0 -31.5 -775.4
20211201225143  -885.9 -31.2 -775.6
20211201225144  -886.0 -31.2 -775.8
20211201225145  -886.0 -31.3 -776.1
20211201225146  -885.8 -31.4 -775.9
20211201225147  -885.9 -31.5 -776.4
20211201225148  -886.2 -31.6 -776.4
20211201225149  -886.2 -31.5 -776.2
20211201225150  -885.8 -31.5 -776.3
20211201225151  -885.7 -31.6 -775.4
20211201225152  -885.3 -31.2 -774.9
20211201225153  -885.6 -30.8 -774.6
20211201225154  -886.1 -30.9 -775.2
20211201225155  -886.3 -30.8 -775.1
20211201225156  -886.7 -31.0 -774.9
20211201225157  -886.2 -31.2 -775.3
20211201225158  -886.3 -31.1 -775.4
20211201225159  -886.2 -31.1 -775.4
20211201225200  -886.5 -31.2 -775.3
20211201225201  -886.2 -30.9 -775.2
20211201225202  -886.8 -30.5 -774.8
20211201225203  -886.7 -30.4 -774.7
20211201225204  -886.7 -30.2 -774.6
20211201225205  -887.0 -30.0 -774.5
20211201225206  -886.9 -29.7 -774.6
20211201225207  -886.8 -29.9 -775.0
20211201225208  -886.7 -29.9 -775.2
20211201225209  -886.7 -30.4 -775.1
20211201225210  -886.9 -30.3 -775.2
20211201225211  -886.9 -30.7 -775.4
20211201225212  -886.8 -30.7 -775.2
20211201225213  -887.0 -30.5 -775.2
20211201225214  -887.6 -30.6 -775.5
20211201225215  -887.7 -30.9 -775.3
20211201225216  -887.6 -31.1 -775.3
20211201225217  -888.0 -30.9 -775.1
20211201225218  -888.2 -30.5 -775.3
20211201225219  -888.5 -30.1 -775.6
20211201225220  -888.4 -29.5 -775.7
20211201225221  -888.2 -29.2 -774.7
20211201225222  -887.7 -29.4 -774.7
20211201225223  -887.6 -29.7 -774.1
20211201225224  -888.1 -29.7 -774.6
20211201225225  -888.3 -30.2 -774.9
20211201225226  -888.3 -30.4 -775.0
20211201225227  -888.5 -30.7 -774.8
20211201225228  -888.5 -30.9 -774.9
20211201225229  -888.2 -30.8 -774.9
20211201225230  -888.4 -30.8 -774.7
20211201225231  -888.0 -31.0 -774.5
20211201225232  -888.2 -30.9 -774.7
20211201225233  -888.3 -30.9 -774.6
20211201225234  -888.4 -31.4 -774.7
20211201225235  -888.2 -31.5 -774.4
20211201225236  -888.4 -31.5 -774.3
20211201225237  -888.6 -31.0 -774.3
20211201225238  -888.6 -30.8 -774.2
20211201225239  -888.7 -30.2 -774.4
20211201225240  -888.7 -29.6 -774.4
20211201225241  -888.8 -29.8 -774.5
20211201225242  -889.1 -30.2 -774.4
20211201225243  -888.7 -30.3 -774.4
20211201225244  -888.9 -30.5 -774.3
20211201225245  -888.9 -30.7 -774.1
20211201225246  -889.2 -30.8 -774.3
20211201225247  -888.8 -30.9 -774.0
20211201225248  -888.7 -30.8 -773.6
20211201225249  -889.0 -30.8 -773.7
20211201225250  -889.3 -30.9 -773.5
20211201225251  -889.0 -30.7 -773.5
20211201225252  -888.7 -30.8 -773.2
20211201225253  -888.5 -30.9 -773.1
20211201225254  -888.7 -30.9 -773.4
20211201225255  -889.1 -30.2 -773.6
20211201225256  -889.3 -30.1 -773.5
20211201225257  -889.4 -29.7 -773.2
20211201225258  -889.7 -29.3 -773.6
20211201225259  -889.8 -29.1 -773.7
20211201225300  -889.8 -28.8 -773.6
20211201225301  -889.8 -28.8 -773.7
20211201225302  -890.0 -28.6 -773.9
20211201225303  -890.2 -28.5 -774.0
20211201225304  -890.2 -28.6 -773.9
20211201225305  -890.5 -28.5 -773.9
20211201225306  -890.5 -28.1 -773.6
20211201225307  -890.7 -28.1 -773.7
20211201225308  -891.0 -27.9 -774.1
20211201225309  -891.3 -27.9 -774.2
20211201225310  -891.2 -28.0 -774.2
20211201225311  -891.1 -28.4 -774.0
20211201225312  -891.2 -28.6 -774.4
20211201225313  -891.0 -28.6 -774.4
20211201225314  -891.1 -28.8 -774.3
20211201225315  -891.1 -28.8 -774.2
20211201225316  -890.9 -29.1 -774.0
20211201225317  -890.7 -29.5 -774.1
20211201225318  -891.0 -29.3 -774.1
20211201225319  -890.6 -29.1 -773.8
20211201225320  -890.3 -29.5 -774.1
20211201225321  -889.8 -29.6 -774.2
20211201225322  -889.4 -29.9 -773.5
20211201225323  -889.1 -30.1 -773.2
20211201225324  -889.2 -29.9 -773.2
20211201225325  -889.3 -29.7 -774.1
20211201225326  -889.2 -30.1 -774.3
20211201225327  -888.9 -30.2 -774.1
20211201225328  -888.4 -30.1 -774.1
20211201225329  -888.3 -30.3 -774.2
20211201225330  -888.1 -30.2 -774.5
20211201225331  -887.7 -30.2 -774.7
20211201225332  -887.6 -30.7 -775.2
20211201225333  -887.3 -30.8 -775.1
20211201225334  -887.1 -30.7 -775.2
20211201225335  -887.0 -30.8 -775.3
20211201225336  -886.9 -30.7 -775.5
20211201225337  -886.6 -30.5 -775.6
20211201225338  -886.5 -30.5 -775.8
20211201225339  -886.4 -30.6 -776.1
20211201225340  -885.9 -30.3 -776.4
20211201225341  -885.9 -30.2 -776.4
20211201225342  -885.8 -30.0 -776.2
20211201225343  -885.9 -29.8 -776.8
20211201225344  -886.3 -29.6 -777.0
20211201225345  -886.3 -29.6 -776.9
20211201225346  -886.4 -29.7 -777.0
20211201225347  -886.6 -29.7 -777.1
20211201225348  -887.1 -29.8 -777.3
20211201225349  -887.4 -30.1 -777.2
20211201225350  -887.4 -29.6 -777.2
20211201225351  -887.6 -29.8 -777.7
20211201225352  -887.2 -30.1 -777.4
20211201225353  -886.7 -29.7 -777.4
20211201225354  -887.0 -29.8 -777.4
20211201225355  -887.8 -29.7 -778.1
20211201225356  -887.9 -30.0 -778.0
20211201225357  -888.0 -30.1 -778.1
20211201225358  -888.1 -30.3 -778.4
20211201225359  -888.2 -30.7 -778.8
20211201225400  -888.6 -30.5 -778.5
20211201225401  -888.7 -30.5 -778.2
20211201225402  -888.7 -30.1 -778.1
20211201225403  -888.7 -29.7 -777.9
20211201225404  -888.7 -29.8 -778.0
20211201225405  -888.7 -30.1 -778.1
20211201225406  -888.5 -30.3 -778.2
20211201225407  -888.2 -30.2 -778.1
20211201225408  -888.4 -30.4 -778.3
20211201225409  -888.2 -30.6 -778.5
20211201225410  -888.5 -30.6 -778.5
20211201225411  -888.4 -31.0 -778.5
20211201225412  -888.4 -31.0 -778.6
20211201225413  -888.2 -30.8 -778.5
20211201225414  -888.3 -30.5 -778.6
20211201225415  -888.2 -30.3 -778.5
20211201225416  -888.3 -30.4 -778.7
20211201225417  -888.1 -30.3 -778.7
20211201225418  -888.2 -30.1 -778.5
20211201225419  -888.4 -30.3 -778.7
20211201225420  -888.3 -30.5 -778.7
20211201225421  -888.3 -30.5 -778.5
20211201225422  -888.3 -30.8 -778.8
20211201225423  -888.2 -30.7 -778.6
20211201225424  -888.2 -30.7 -778.6
20211201225425  -888.7 -31.0 -779.0
20211201225426  -888.8 -31.0 -779.2
20211201225427  -888.3 -31.2 -778.8
20211201225428  -888.7 -31.1 -778.7
20211201225429  -888.5 -31.4 -778.9
20211201225430  -888.7 -31.9 -779.1
20211201225431  -888.3 -32.3 -779.2
20211201225432  -888.1 -32.9 -779.3
20211201225433  -888.0 -33.1 -779.4
20211201225434  -888.0 -33.5 -779.1
20211201225435  -887.6 -33.6 -779.4
20211201225436  -887.7 -33.8 -779.8
20211201225437  -887.5 -34.1 -779.8
20211201225438  -887.6 -34.2 -779.7
20211201225439  -887.6 -34.6 -779.8
20211201225440  -887.3 -35.0 -779.8
20211201225441  -887.2 -35.2 -779.7
20211201225442  -887.2 -35.2 -779.5
20211201225443  -887.1 -35.4 -779.8
20211201225444  -887.0 -35.6 -779.9
20211201225445  -887.1 -36.1 -779.7
20211201225446  -887.2 -36.4 -779.5
20211201225447  -887.4 -36.5 -779.4
20211201225448  -887.2 -36.4 -779.5
20211201225449  -887.0 -36.6 -779.1
20211201225450  -887.0 -36.7 -779.4
20211201225451  -886.9 -37.0 -779.3
20211201225452  -886.6 -37.0 -778.9
20211201225453  -886.2 -37.1 -778.6
20211201225454  -885.6 -37.2 -777.8
20211201225455  -886.0 -37.0 -778.2
20211201225456  -886.3 -37.1 -778.5
20211201225457  -886.6 -37.4 -778.6
20211201225458  -886.4 -37.7 -778.5
20211201225459  -886.3 -37.9 -778.6
20211201225500  -886.2 -38.1 -778.6
20211201225501  -886.3 -38.2 -778.5
20211201225502  -886.1 -38.4 -778.4
20211201225503  -885.8 -38.7 -778.4
20211201225504  -885.5 -39.0 -778.1
20211201225505  -885.5 -39.1 -777.5
20211201225506  -885.3 -39.1 -777.2
20211201225507  -885.1 -39.4 -777.2
20211201225508  -884.8 -39.6 -776.8
20211201225509  -884.7 -39.2 -776.7
20211201225510  -884.6 -39.3 -776.9
20211201225511  -884.7 -39.7 -776.9
20211201225512  -884.7 -39.6 -776.7
20211201225513  -885.1 -39.5 -777.0
20211201225514  -885.1 -39.6 -777.1
20211201225515  -885.2 -39.9 -776.8
20211201225516  -885.1 -40.0 -776.9
20211201225517  -885.3 -39.9 -776.6
20211201225518  -885.6 -40.0 -776.3
20211201225519  -885.3 -39.9 -776.1
20211201225520  -885.5 -39.9 -776.1
20211201225521  -885.4 -40.0 -776.0
20211201225522  -885.3 -40.0 -775.8
20211201225523  -884.9 -40.0 -775.9
20211201225524  -884.7 -39.8 -775.3
20211201225525  -884.8 -39.6 -774.9
20211201225526  -885.3 -39.5 -775.5
20211201225527  -885.2 -39.6 -775.3
20211201225528  -885.2 -39.5 -775.5
20211201225529  -884.6 -39.6 -775.2
20211201225530  -884.7 -39.3 -775.2
20211201225531  -884.9 -39.5 -775.2
20211201225532  -885.0 -39.6 -775.4
20211201225533  -884.7 -39.6 -775.4
20211201225534  -884.6 -39.5 -775.5
20211201225535  -884.8 -39.6 -775.9
20211201225536  -884.4 -39.8 -776.2
20211201225537  -884.4 -39.8 -776.2
20211201225538  -884.2 -39.6 -776.1
20211201225539  -884.6 -39.6 -776.2
20211201225540  -884.5 -40.0 -776.3
20211201225541  -884.3 -39.7 -776.4
20211201225542  -884.1 -39.8 -776.8
20211201225543  -884.1 -39.6 -776.7
20211201225544  -884.6 -39.4 -776.7
20211201225545  -884.3 -39.2 -777.0
20211201225546  -884.8 -39.0 -777.2
20211201225547  -884.7 -39.0 -777.3
20211201225548  -884.7 -39.0 -777.1
20211201225549  -885.1 -39.1 -777.5
20211201225550  -885.0 -38.9 -777.8
20211201225551  -885.2 -39.3 -777.8
20211201225552  -884.7 -39.7 -778.1
20211201225553  -884.5 -39.6 -778.1
20211201225554  -884.2 -39.5 -777.8
20211201225555  -884.4 -39.6 -778.0
20211201225556  -884.4 -39.8 -778.4
20211201225557  -885.2 -40.1 -778.8
20211201225558  -885.4 -40.0 -778.8
20211201225559  -885.4 -40.0 -778.5
20211201225600  -885.7 -39.8 -778.8
20211201225601  -885.6 -39.7 -778.7
20211201225602  -885.8 -39.7 -778.9
20211201225603  -885.6 -39.8 -778.7
20211201225604  -885.7 -40.0 -778.7
20211201225605  -885.4 -40.3 -779.1
20211201225606  -885.7 -40.4 -779.2
20211201225607  -885.3 -40.6 -779.3
20211201225608  -884.9 -40.5 -779.4
20211201225609  -885.0 -40.7 -779.5
20211201225610  -885.2 -40.7 -779.7
20211201225611  -885.3 -40.8 -780.0
20211201225612  -885.2 -40.9 -780.0
20211201225613  -885.5 -40.9 -780.1
20211201225614  -885.7 -40.7 -780.0
20211201225615  -885.7 -40.9 -780.0
20211201225616  -885.9 -40.9 -779.7
20211201225617  -885.9 -41.1 -779.8
20211201225618  -886.1 -41.4 -779.7
20211201225619  -886.1 -41.2 -780.0
20211201225620  -885.8 -41.5 -779.9
20211201225621  -886.1 -41.7 -779.8
20211201225622  -885.9 -41.7 -779.7
20211201225623  -885.8 -42.1 -779.7
20211201225624  -885.3 -42.4 -779.3
20211201225625  -885.2 -42.5 -779.3
20211201225626  -885.1 -42.7 -779.1
20211201225627  -885.0 -42.7 -779.3
20211201225628  -885.7 -43.0 -779.7
20211201225629  -885.5 -43.3 -779.8
20211201225630  -885.5 -43.4 -779.7
20211201225631  -885.5 -43.4 -780.0
20211201225632  -885.4 -43.6 -779.8
20211201225633  -885.2 -44.0 -779.8
20211201225634  -885.0 -43.8 -779.8
20211201225635  -885.0 -43.8 -779.9
20211201225636  -885.1 -43.7 -779.8
20211201225637  -884.8 -43.7 -779.8
20211201225638  -884.8 -43.7 -779.8
20211201225639  -884.7 -43.7 -780.0
20211201225640  -884.8 -43.3 -780.0
20211201225641  -884.2 -43.7 -779.9
20211201225642  -884.3 -43.6 -780.1
20211201225643  -884.4 -43.5 -780.1
20211201225644  -884.3 -43.4 -780.5
20211201225645  -884.4 -43.5 -780.5
20211201225646  -884.6 -43.4 -780.3
20211201225647  -884.5 -43.4 -780.2
20211201225648  -884.3 -43.6 -780.5
20211201225649  -884.4 -43.4 -780.6
20211201225650  -884.4 -43.1 -780.4
20211201225651  -884.5 -43.4 -780.5
20211201225652  -884.6 -43.4 -780.7
20211201225653  -884.2 -43.5 -780.5
20211201225654  -884.5 -43.3 -780.7
20211201225655  -884.2 -42.9 -780.2
20211201225656  -884.0 -42.4 -780.3
20211201225657  -883.7 -42.2 -779.5
20211201225658  -884.1 -42.1 -779.7
20211201225659  -884.4 -42.0 -779.8
20211201225700  -884.4 -41.8 -779.9
20211201225701  -884.3 -41.7 -779.9
20211201225702  -884.4 -41.4 -779.9
20211201225703  -884.4 -41.5 -779.8
20211201225704  -884.5 -41.3 -779.6
20211201225705  -884.3 -41.3 -779.6
20211201225706  -884.4 -41.3 -779.7
20211201225707  -884.4 -41.2 -779.6
20211201225708  -884.8 -40.8 -780.0
20211201225709  -884.7 -40.7 -779.5
20211201225710  -885.0 -40.5 -779.9
20211201225711  -885.5 -40.4 -779.7
20211201225712  -885.9 -40.0 -779.1
20211201225713  -886.3 -39.8 -779.2
20211201225714  -886.3 -39.3 -779.0
20211201225715  -886.4 -39.5 -778.7
20211201225716  -886.8 -39.4 -778.6
20211201225717  -886.6 -39.1 -778.3
20211201225718  -886.8 -39.5 -778.3
20211201225719  -886.6 -39.2 -778.4
20211201225720  -886.5 -39.1 -778.3
20211201225721  -887.0 -38.9 -778.2
20211201225722  -886.8 -38.8 -778.3
20211201225723  -886.9 -39.1 -778.1
20211201225724  -886.4 -39.6 -777.8
20211201225725  -886.0 -39.4 -777.7
20211201225726  -886.1 -39.1 -777.3
20211201225727  -885.8 -38.5 -777.0
20211201225728  -885.8 -38.3 -777.0
20211201225729  -886.4 -38.4 -777.3
20211201225730  -886.1 -38.4 -777.4
20211201225731  -886.5 -38.6 -777.4
20211201225732  -886.2 -38.5 -777.5
20211201225733  -885.9 -38.7 -777.3
20211201225734  -886.0 -38.7 -777.4
20211201225735  -886.0 -38.8 -777.7
20211201225736  -886.2 -38.9 -777.7
20211201225737  -886.2 -39.2 -777.8
20211201225738  -886.2 -39.2 -777.6
20211201225739  -886.6 -39.1 -778.0
20211201225740  -886.6 -38.9 -777.3
20211201225741  -886.6 -38.3 -777.3
20211201225742  -886.5 -38.3 -777.2
20211201225743  -886.2 -38.2 -777.1
20211201225744  -886.3 -38.3 -777.2
20211201225745  -886.3 -38.3 -777.0
20211201225746  -886.5 -38.2 -777.2
20211201225747  -886.5 -38.3 -777.1
20211201225748  -886.3 -38.4 -777.3
20211201225749  -886.5 -38.5 -777.4
20211201225750  -886.6 -38.8 -777.5
20211201225751  -886.2 -39.1 -777.4
20211201225752  -886.6 -39.4 -777.7
20211201225753  -886.8 -39.5 -778.0
20211201225754  -886.6 -39.7 -778.0
20211201225755  -886.1 -39.3 -777.4
20211201225756  -886.5 -39.1 -777.1
20211201225757  -886.2 -39.1 -776.9
20211201225758  -886.3 -38.8 -776.7
20211201225759  -886.5 -38.6 -776.4
20211201225800  -887.3 -38.6 -777.1
20211201225801  -887.7 -38.6 -777.2
20211201225802  -888.2 -38.5 -777.4
20211201225803  -888.3 -38.5 -777.2
20211201225804  -888.8 -38.3 -777.4
20211201225805  -888.8 -38.1 -777.6
20211201225806  -888.9 -38.5 -777.6
20211201225807  -888.8 -38.5 -777.0
20211201225808  -888.9 -38.5 -776.6
20211201225809  -888.7 -38.8 -776.7
20211201225810  -889.1 -38.9 -776.6
20211201225811  -889.2 -38.5 -776.7
20211201225812  -889.4 -38.4 -776.2
20211201225813  -889.8 -38.2 -776.3
