20211110174230  -670.1 -86.7 -184.5
20211110174231  -670.0 -86.8 -184.5
20211110174232  -669.2 -86.7 -183.8
20211110174233  -669.0 -86.4 -183.7
20211110174234  -669.6 -86.4 -184.1
20211110174235  -669.4 -86.7 -184.1
20211110174236  -669.3 -86.5 -183.9
20211110174237  -669.2 -86.3 -184.1
20211110174238  -669.4 -86.3 -184.0
20211110174239  -669.5 -86.4 -184.2
20211110174240  -669.2 -86.5 -184.0
20211110174241  -669.3 -86.4 -184.3
20211110174242  -669.2 -86.2 -184.4
20211110174243  -669.3 -86.2 -184.4
20211110174244  -669.4 -86.4 -184.2
20211110174245  -669.4 -86.4 -184.2
20211110174246  -669.4 -86.5 -184.0
20211110174247  -669.6 -86.5 -184.3
20211110174248  -669.5 -86.4 -184.2
20211110174249  -669.7 -86.2 -184.1
20211110174250  -669.6 -86.4 -184.0
20211110174251  -669.6 -86.1 -184.3
20211110174252  -669.9 -86.2 -184.2
20211110174253  -670.0 -86.3 -184.4
20211110174254  -670.0 -86.1 -184.4
20211110174255  -670.0 -86.2 -184.4
20211110174256  -670.0 -86.3 -184.4
20211110174257  -670.1 -86.2 -184.2
20211110174258  -670.1 -86.3 -184.3
20211110174259  -669.9 -86.3 -184.4
20211110174300  -670.3 -86.4 -184.2
20211110174301  -670.4 -86.5 -184.3
20211110174302  -670.3 -86.6 -184.1
20211110174303  -670.0 -86.4 -184.1
20211110174304  -670.4 -86.5 -184.2
20211110174305  -670.5 -86.5 -184.0
20211110174306  -670.7 -86.4 -184.0
20211110174307  -670.6 -86.3 -184.0
20211110174308  -670.5 -86.3 -184.1
20211110174309  -670.6 -86.4 -183.9
20211110174310  -670.3 -86.2 -184.0
20211110174311  -670.3 -86.3 -183.9
20211110174312  -670.5 -86.4 -183.8
20211110174313  -670.5 -86.5 -183.7
20211110174314  -670.4 -86.3 -184.2
20211110174315  -670.6 -86.6 -183.8
20211110174316  -670.6 -86.6 -183.9
20211110174317  -670.7 -86.6 -183.5
20211110174318  -670.9 -86.6 -183.8
20211110174319  -670.8 -86.5 -183.7
20211110174320  -670.9 -86.6 -184.1
20211110174321  -671.0 -86.6 -184.1
20211110174322  -671.3 -86.6 -184.1
20211110174323  -671.0 -86.6 -184.0
20211110174324  -670.8 -86.6 -184.0
20211110174325  -671.0 -86.4 -183.9
20211110174326  -670.9 -86.4 -184.0
20211110174327  -670.9 -86.7 -183.9
20211110174328  -671.0 -86.6 -184.1
20211110174329  -671.3 -86.5 -184.2
20211110174330  -671.4 -86.5 -184.1
20211110174331  -671.2 -86.8 -184.2
20211110174332  -671.2 -86.4 -184.0
20211110174333  -671.0 -86.6 -183.7
20211110174334  -671.4 -86.9 -184.1
20211110174335  -671.3 -86.6 -184.0
20211110174336  -671.4 -86.5 -184.0
20211110174337  -671.4 -86.7 -184.1
20211110174338  -671.6 -86.8 -184.0
20211110174339  -671.8 -86.7 -183.9
20211110174340  -672.0 -86.7 -184.1
20211110174341  -671.9 -86.8 -184.3
20211110174342  -671.8 -86.8 -184.0
20211110174343  -671.9 -87.0 -184.2
20211110174344  -671.9 -86.9 -184.0
20211110174345  -672.0 -87.0 -184.3
20211110174346  -671.8 -86.8 -183.9
20211110174347  -672.0 -87.1 -184.3
20211110174348  -671.9 -87.0 -184.4
20211110174349  -672.1 -87.1 -184.4
20211110174350  -671.9 -87.0 -184.2
20211110174351  -671.8 -86.9 -184.2
20211110174352  -671.8 -87.2 -184.2
20211110174353  -671.8 -87.4 -184.1
20211110174354  -671.9 -87.4 -184.3
20211110174355  -672.1 -87.3 -184.0
20211110174356  -672.1 -87.5 -183.9
20211110174357  -671.9 -87.3 -184.0
20211110174358  -671.8 -87.4 -183.9
20211110174359  -671.7 -87.4 -184.0
20211110174400  -671.9 -87.2 -184.2
20211110174401  -671.9 -87.4 -184.2
20211110174402  -671.7 -87.2 -184.4
20211110174403  -671.5 -87.5 -184.2
20211110174404  -671.8 -87.2 -183.9
20211110174405  -671.7 -87.0 -184.2
20211110174406  -671.7 -87.3 -184.2
20211110174407  -671.8 -87.3 -184.3
20211110174408  -671.5 -86.8 -184.2
20211110174409  -671.6 -87.2 -184.2
20211110174410  -671.9 -87.1 -184.2
20211110174411  -671.8 -87.1 -184.0
20211110174412  -671.7 -87.0 -183.9
20211110174413  -671.6 -86.9 -183.8
20211110174414  -671.8 -87.0 -184.1
20211110174415  -671.9 -86.9 -184.0
20211110174416  -671.6 -86.7 -184.3
20211110174417  -671.6 -86.8 -184.6
20211110174418  -671.6 -86.8 -184.3
20211110174419  -671.6 -86.9 -184.3
20211110174420  -671.5 -86.7 -184.2
20211110174421  -671.5 -86.5 -184.2
20211110174422  -671.6 -86.9 -184.2
20211110174423  -671.5 -86.9 -184.2
20211110174424  -671.7 -86.9 -184.2
20211110174425  -671.5 -86.9 -183.9
20211110174426  -671.3 -86.8 -184.1
20211110174427  -671.4 -87.0 -184.1
20211110174428  -671.4 -86.7 -184.0
20211110174429  -671.5 -86.8 -184.2
20211110174430  -671.3 -86.7 -184.3
20211110174431  -671.3 -86.6 -184.5
20211110174432  -671.2 -86.8 -184.3
20211110174433  -671.3 -86.8 -184.1
20211110174434  -671.4 -86.8 -184.2
20211110174435  -671.4 -86.8 -184.2
20211110174436  -671.3 -86.9 -184.1
20211110174437  -671.2 -86.6 -184.1
20211110174438  -671.3 -86.8 -184.1
20211110174439  -671.2 -86.9 -184.3
20211110174440  -671.1 -86.7 -184.4
20211110174441  -671.3 -86.8 -184.1
20211110174442  -671.0 -86.6 -184.0
20211110174443  -671.3 -86.2 -184.3
20211110174444  -671.3 -86.4 -184.1
20211110174445  -671.1 -86.6 -184.2
20211110174446  -671.3 -86.6 -184.2
20211110174447  -671.4 -86.5 -184.1
20211110174448  -671.2 -86.6 -184.2
20211110174449  -671.4 -86.4 -184.1
20211110174450  -671.3 -86.6 -184.2
20211110174451  -671.3 -86.7 -184.1
20211110174452  -671.4 -86.4 -184.3
20211110174453  -671.2 -86.3 -184.1
20211110174454  -670.8 -86.4 -184.1
20211110174455  -670.9 -86.4 -184.4
20211110174456  -670.8 -86.3 -184.3
20211110174457  -670.8 -86.5 -184.5
20211110174458  -670.7 -86.4 -184.0
20211110174459  -670.9 -86.5 -184.4
20211110174500  -670.8 -86.7 -184.4
20211110174501  -670.9 -86.8 -184.3
20211110174502  -670.8 -86.8 -184.2
20211110174503  -670.9 -86.7 -184.5
20211110174504  -670.9 -86.6 -184.4
20211110174505  -670.9 -86.8 -184.7
20211110174506  -670.8 -86.7 -184.6
20211110174507  -671.1 -86.8 -184.9
20211110174508  -671.3 -87.3 -184.9
20211110174509  -671.2 -86.9 -184.6
20211110174510  -671.3 -86.9 -184.6
20211110174511  -671.1 -87.0 -184.6
20211110174512  -671.2 -87.4 -184.8
20211110174513  -671.1 -87.2 -184.6
20211110174514  -671.3 -87.1 -184.6
20211110174515  -671.1 -87.1 -184.6
20211110174516  -671.1 -87.2 -184.7
20211110174517  -671.1 -87.2 -184.5
20211110174518  -671.1 -87.4 -184.6
20211110174519  -670.9 -87.1 -184.7
20211110174520  -671.1 -87.1 -184.6
20211110174521  -671.1 -87.2 -184.5
20211110174522  -671.1 -87.0 -184.6
20211110174523  -671.2 -86.9 -184.6
20211110174524  -670.8 -86.9 -184.5
20211110174525  -671.0 -87.2 -184.3
20211110174526  -670.9 -87.0 -184.3
20211110174527  -671.1 -87.1 -184.2
20211110174528  -671.3 -87.1 -184.6
20211110174529  -671.0 -87.3 -184.5
20211110174530  -671.2 -86.9 -184.8
20211110174531  -671.4 -86.9 -184.7
20211110174532  -671.5 -86.7 -184.5
20211110174533  -671.5 -86.9 -184.4
20211110174534  -671.1 -87.0 -184.4
20211110174535  -671.4 -86.9 -184.5
20211110174536  -671.3 -86.8 -184.2
20211110174537  -671.4 -86.8 -184.3
20211110174538  -671.3 -87.0 -184.7
20211110174539  -671.5 -86.7 -184.7
20211110174540  -671.4 -86.8 -184.8
20211110174541  -671.2 -86.7 -184.9
20211110174542  -670.8 -86.9 -184.5
20211110174543  -670.9 -87.0 -184.4
20211110174544  -671.2 -86.8 -184.6
20211110174545  -671.1 -87.0 -184.5
20211110174546  -671.2 -87.1 -184.3
20211110174547  -671.6 -86.9 -184.3
20211110174548  -671.6 -87.1 -184.6
20211110174549  -671.4 -87.0 -184.5
20211110174550  -671.4 -87.1 -184.7
20211110174551  -671.5 -87.1 -184.7
20211110174552  -671.4 -87.0 -184.5
20211110174553  -671.6 -87.0 -184.9
20211110174554  -671.6 -86.9 -184.7
20211110174555  -671.7 -86.9 -184.4
20211110174556  -671.8 -87.2 -184.5
20211110174557  -671.7 -86.9 -184.4
20211110174558  -671.8 -87.2 -184.8
20211110174559  -671.7 -87.0 -184.6
20211110174600  -671.6 -86.8 -184.6
20211110174601  -671.8 -87.1 -184.8
20211110174602  -671.8 -87.1 -184.8
20211110174603  -672.0 -87.0 -184.7
20211110174604  -671.8 -87.0 -184.5
20211110174605  -671.8 -87.1 -184.4
20211110174606  -672.0 -87.1 -184.6
20211110174607  -672.1 -87.2 -184.3
20211110174608  -672.1 -87.0 -184.3
20211110174609  -672.3 -87.4 -184.4
20211110174610  -672.2 -87.3 -184.2
20211110174611  -672.2 -87.3 -184.5
20211110174612  -672.0 -87.3 -184.6
20211110174613  -672.0 -87.1 -184.5
20211110174614  -672.1 -87.4 -184.6
20211110174615  -672.4 -87.6 -184.6
20211110174616  -672.1 -87.8 -184.7
20211110174617  -672.1 -87.5 -184.6
20211110174618  -672.2 -87.6 -184.5
20211110174619  -672.2 -87.5 -184.6
20211110174620  -672.6 -87.5 -184.5
20211110174621  -672.5 -87.3 -184.7
20211110174622  -672.2 -87.5 -184.8
20211110174623  -672.2 -87.5 -184.7
20211110174624  -672.4 -87.3 -184.5
20211110174625  -672.5 -87.5 -184.7
20211110174626  -672.6 -87.5 -184.9
20211110174627  -672.4 -87.7 -184.9
20211110174628  -672.3 -87.3 -184.7
20211110174629  -672.5 -87.4 -184.6
20211110174630  -672.8 -87.6 -184.7
20211110174631  -672.6 -87.4 -184.8
20211110174632  -672.7 -87.7 -185.1
20211110174633  -672.7 -87.8 -185.0
20211110174634  -672.6 -87.4 -184.8
20211110174635  -672.6 -87.5 -184.8
20211110174636  -672.7 -87.3 -184.9
20211110174637  -672.7 -87.6 -184.3
20211110174638  -672.9 -87.6 -184.7
20211110174639  -672.8 -87.6 -184.6
20211110174640  -672.8 -87.8 -184.6
20211110174641  -672.5 -88.0 -184.4
20211110174642  -672.7 -87.6 -184.7
20211110174643  -673.0 -87.8 -184.6
20211110174644  -672.8 -87.6 -184.5
20211110174645  -672.8 -87.8 -184.4
20211110174646  -673.0 -87.7 -184.5
20211110174647  -672.9 -87.5 -184.5
20211110174648  -672.9 -87.5 -184.5
20211110174649  -672.9 -87.2 -184.8
20211110174650  -672.9 -87.6 -184.2
20211110174651  -672.8 -87.5 -184.3
20211110174652  -672.6 -87.7 -184.4
20211110174653  -672.8 -87.8 -184.3
20211110174654  -673.2 -87.9 -184.3
20211110174655  -673.0 -88.1 -184.7
20211110174656  -672.8 -87.6 -184.6
20211110174657  -672.9 -87.8 -184.3
20211110174658  -673.0 -87.8 -184.4
20211110174659  -673.2 -87.8 -184.4
20211110174700  -673.1 -87.7 -184.2
20211110174701  -673.3 -88.0 -184.2
20211110174702  -673.2 -88.0 -184.2
20211110174703  -673.0 -87.9 -184.6
20211110174704  -673.1 -87.8 -184.7
20211110174705  -673.2 -87.8 -184.4
20211110174706  -673.0 -87.7 -184.5
20211110174707  -672.8 -87.6 -184.5
20211110174708  -672.9 -87.7 -184.5
20211110174709  -673.0 -87.7 -184.6
20211110174710  -672.8 -88.2 -184.7
20211110174711  -672.0 -87.7 -184.0
20211110174712  -672.5 -87.7 -184.1
20211110174713  -672.5 -87.9 -183.9
20211110174714  -672.6 -87.7 -184.2
20211110174715  -672.6 -87.6 -184.4
20211110174716  -672.6 -87.7 -184.6
20211110174717  -672.6 -87.5 -184.6
20211110174718  -672.5 -87.3 -184.4
20211110174719  -672.4 -87.6 -184.5
20211110174720  -672.7 -87.4 -184.5
20211110174721  -672.5 -87.3 -184.3
20211110174722  -672.4 -87.3 -184.3
20211110174723  -672.3 -87.4 -184.6
20211110174724  -672.1 -87.5 -184.4
20211110174725  -672.1 -87.2 -184.4
20211110174726  -672.4 -87.3 -184.5
20211110174727  -672.6 -87.2 -184.7
20211110174728  -672.6 -87.3 -184.7
20211110174729  -672.3 -87.5 -184.7
20211110174730  -672.4 -87.5 -184.5
20211110174731  -672.2 -87.1 -184.6
20211110174732  -672.2 -87.3 -184.3
20211110174733  -672.3 -87.6 -184.6
20211110174734  -672.0 -87.3 -184.8
20211110174735  -672.0 -87.3 -184.6
20211110174736  -672.1 -87.1 -184.4
20211110174737  -672.0 -87.3 -184.4
20211110174738  -671.8 -87.2 -184.4
20211110174739  -672.1 -87.2 -184.2
20211110174740  -672.0 -87.2 -184.2
20211110174741  -671.3 -87.0 -183.8
20211110174742  -671.0 -86.9 -183.6
20211110174743  -671.7 -87.1 -184.2
20211110174744  -671.5 -87.1 -184.1
20211110174745  -671.6 -86.9 -184.1
20211110174746  -671.6 -87.0 -184.2
20211110174747  -671.6 -87.2 -184.2
20211110174748  -671.3 -86.9 -184.4
20211110174749  -671.3 -87.0 -184.3
20211110174750  -671.4 -87.1 -184.2
20211110174751  -671.4 -86.9 -184.2
20211110174752  -671.5 -86.8 -184.2
20211110174753  -671.6 -87.0 -184.2
20211110174754  -671.7 -87.2 -184.4
20211110174755  -671.5 -86.9 -184.5
20211110174756  -671.3 -86.8 -184.4
20211110174757  -671.4 -87.0 -184.4
20211110174758  -671.5 -86.7 -184.5
20211110174759  -671.5 -86.7 -184.3
20211110174800  -671.4 -86.7 -184.4
20211110174801  -671.1 -86.7 -184.5
20211110174802  -671.5 -86.5 -184.5
20211110174803  -671.1 -86.4 -184.1
20211110174804  -671.2 -86.7 -184.4
20211110174805  -671.3 -86.6 -184.3
20211110174806  -670.9 -86.4 -184.4
20211110174807  -671.1 -86.7 -184.5
20211110174808  -671.0 -86.5 -184.4
20211110174809  -671.1 -86.4 -184.5
20211110174810  -670.6 -86.4 -184.6
20211110174811  -670.0 -86.5 -183.7
20211110174812  -669.9 -86.1 -183.5
20211110174813  -670.0 -85.9 -183.8
20211110174814  -670.7 -86.4 -184.3
20211110174815  -670.5 -86.2 -184.4
20211110174816  -670.4 -86.1 -184.4
20211110174817  -670.7 -86.5 -184.2
