11108220838  -962.2 -106.2 -350.5
20211108220839  -962.1 -106.1 -350.3
20211108220840  -962.1 -106.2 -350.4
20211108220841  -961.8 -106.0 -350.3
20211108220842  -961.6 -106.7 -350.7
20211108220843  -961.7 -107.3 -350.8
20211108220844  -961.8 -107.7 -351.5
20211108220845  -961.8 -108.2 -351.3
20211108220846  -961.3 -108.5 -351.4
20211108220847  -961.2 -108.3 -351.4
20211108220848  -961.1 -108.4 -351.1
20211108220849  -961.2 -108.1 -351.3
20211108220850  -961.5 -108.0 -351.2
20211108220851  -961.2 -108.3 -351.1
20211108220852  -960.8 -108.3 -350.7
20211108220853  -960.3 -108.3 -350.2
20211108220854  -960.1 -108.1 -349.9
20211108220855  -959.6 -108.4 -350.0
20211108220856  -959.6 -108.6 -349.8
20211108220857  -960.1 -109.1 -350.2
20211108220858  -960.2 -109.6 -349.8
20211108220859  -960.0 -110.2 -349.7
20211108220900  -960.3 -110.9 -349.7
20211108220901  -960.1 -111.2 -349.7
20211108220902  -959.8 -111.5 -349.4
20211108220903  -959.6 -112.0 -349.2
20211108220904  -959.6 -111.9 -349.1
20211108220905  -959.5 -112.1 -348.9
20211108220906  -959.0 -112.5 -348.9
20211108220907  -959.1 -112.8 -349.3
20211108220908  -959.3 -113.1 -349.6
20211108220909  -959.5 -113.5 -349.6
20211108220910  -959.5 -113.8 -349.9
20211108220911  -959.5 -114.2 -349.9
20211108220912  -959.5 -115.0 -350.0
20211108220913  -959.6 -115.1 -350.1
20211108220914  -959.6 -115.6 -350.5
20211108220915  -960.1 -116.4 -350.5
20211108220916  -960.1 -116.8 -350.7
20211108220917  -960.3 -116.9 -350.3
20211108220918  -960.3 -117.3 -350.1
20211108220919  -960.1 -116.7 -350.0
20211108220920  -960.3 -116.6 -349.3
20211108220921  -959.9 -116.3 -348.7
20211108220922  -959.4 -116.1 -348.1
20211108220923  -959.7 -115.9 -348.2
20211108220924  -959.9 -115.7 -348.8
20211108220925  -959.6 -115.5 -348.8
20211108220926  -959.3 -115.8 -349.1
20211108220927  -959.6 -115.7 -349.3
20211108220928  -959.7 -115.7 -350.0
20211108220929  -960.1 -115.9 -350.2
20211108220930  -960.6 -115.5 -350.3
20211108220931  -961.1 -115.2 -350.8
20211108220932  -961.2 -114.7 -350.1
20211108220933  -961.2 -114.4 -349.9
20211108220934  -961.5 -114.0 -350.0
20211108220935  -961.9 -114.0 -350.5
20211108220936  -962.3 -113.4 -350.5
20211108220937  -962.5 -112.9 -350.2
20211108220938  -962.6 -112.5 -350.0
20211108220939  -962.8 -112.0 -350.0
20211108220940  -963.1 -111.9 -350.3
20211108220941  -963.0 -111.3 -350.2
20211108220942  -962.9 -110.9 -350.3
20211108220943  -962.9 -110.8 -350.5
20211108220944  -962.7 -111.1 -351.2
20211108220945  -962.1 -111.1 -351.1
20211108220946  -962.2 -111.4 -352.0
20211108220947  -962.7 -111.7 -352.4
20211108220948  -962.9 -112.2 -352.6
20211108220949  -963.8 -112.4 -353.0
20211108220950  -964.8 -112.9 -354.0
20211108220951  -965.1 -113.1 -354.1
20211108220952  -965.4 -113.3 -354.7
20211108220953  -965.7 -113.6 -354.9
20211108220954  -965.9 -114.1 -355.6
20211108220955  -966.3 -113.9 -355.7
20211108220956  -966.8 -113.8 -355.5
20211108220957  -966.9 -113.6 -354.9
20211108220958  -967.0 -112.8 -354.9
20211108220959  -966.9 -112.6 -354.8
20211108221000  -966.9 -112.6 -354.7
20211108221001  -967.0 -112.2 -354.8
20211108221002  -967.0 -112.3 -355.2
20211108221003  -967.3 -112.6 -355.4
20211108221004  -967.7 -112.4 -355.5
20211108221005  -967.9 -112.6 -355.3
20211108221006  -968.0 -112.9 -355.1
20211108221007  -968.1 -113.1 -355.4
20211108221008  -968.4 -113.3 -355.1
20211108221009  -969.0 -113.4 -355.0
20211108221010  -968.9 -113.9 -354.9
20211108221011  -968.4 -114.0 -354.5
20211108221012  -968.5 -113.5 -354.5
20211108221013  -968.8 -113.6 -354.4
20211108221014  -968.7 -113.8 -354.0
20211108221015  -968.5 -113.7 -353.6
20211108221016  -969.4 -114.2 -353.5
20211108221017  -969.8 -114.1 -353.6
20211108221018  -970.0 -114.2 -353.3
20211108221019  -970.5 -113.8 -353.5
20211108221020  -970.9 -113.8 -353.5
20211108221021  -971.3 -113.9 -353.6
20211108221022  -971.7 -114.2 -354.0
20211108221023  -972.2 -114.5 -354.0
20211108221024  -972.1 -115.0 -353.7
20211108221025  -971.8 -115.5 -353.7
20211108221026  -972.0 -115.1 -353.4
20211108221027  -971.6 -115.4 -353.2
20211108221028  -971.3 -115.7 -353.5
20211108221029  -971.2 -115.8 -353.3
20211108221030  -970.8 -116.1 -353.6
20211108221031  -970.8 -115.8 -353.6
20211108221032  -970.3 -115.6 -353.7
20211108221033  -969.9 -115.4 -353.3
20211108221034  -969.6 -115.3 -353.4
20211108221035  -969.3 -115.3 -353.5
20211108221036  -968.6 -115.4 -353.8
20211108221037  -968.1 -115.6 -353.7
20211108221038  -967.2 -115.8 -353.4
20211108221039  -966.4 -116.2 -353.1
20211108221040  -965.7 -116.2 -353.3
20211108221041  -965.3 -116.2 -353.5
20211108221042  -965.0 -115.9 -353.8
20211108221043  -965.4 -116.3 -354.6
20211108221044  -965.4 -116.7 -355.0
20211108221045  -965.3 -117.0 -355.5
20211108221046  -965.2 -117.3 -355.7
20211108221047  -965.4 -117.6 -356.1
20211108221048  -965.3 -117.7 -356.4
20211108221049  -965.1 -117.8 -356.8
20211108221050  -965.0 -117.7 -356.9
20211108221051  -965.2 -118.1 -357.1
20211108221052  -964.6 -118.5 -357.3
20211108221053  -964.2 -118.7 -357.2
20211108221054  -964.5 -119.0 -357.4
20211108221055  -964.3 -118.8 -357.7
20211108221056  -964.3 -118.6 -357.8
20211108221057  -964.1 -118.2 -357.6
20211108221058  -964.3 -117.8 -357.6
20211108221059  -964.0 -117.9 -357.6
20211108221100  -964.2 -118.3 -357.9
20211108221101  -963.7 -118.2 -358.1
20211108221102  -963.7 -118.3 -357.9
20211108221103  -962.8 -118.3 -357.2
20211108221104  -962.1 -118.1 -356.5
20211108221105  -961.5 -117.6 -356.5
20211108221106  -961.4 -117.4 -356.6
20211108221107  -961.2 -117.5 -356.7
20211108221108  -961.6 -117.5 -357.0
20211108221109  -962.7 -117.4 -357.8
20211108221110  -963.2 -117.4 -357.6
20211108221111  -963.7 -116.9 -357.4
20211108221112  -964.1 -116.6 -357.7
20211108221113  -964.3 -116.3 -358.1
20211108221114  -965.0 -116.1 -357.8
20211108221115  -965.3 -116.0 -357.9
20211108221116  -965.6 -115.5 -357.9
20211108221117  -965.8 -115.3 -357.6
20211108221118  -966.1 -114.9 -357.5
20211108221119  -966.1 -114.9 -357.5
20211108221120  -966.3 -114.8 -357.3
20211108221121  -966.0 -114.8 -357.5
20211108221122  -965.9 -114.9 -357.5
20211108221123  -966.0 -114.9 -357.6
20211108221124  -965.9 -114.6 -357.6
20211108221125  -965.9 -114.4 -357.4
20211108221126  -965.9 -114.5 -357.7
20211108221127  -965.7 -114.7 -357.9
20211108221128  -966.0 -114.9 -357.9
20211108221129  -965.8 -115.2 -357.9
20211108221130  -965.6 -115.4 -357.8
20211108221131  -965.2 -115.3 -357.4
20211108221132  -965.0 -115.2 -357.6
20211108221133  -965.0 -115.2 -357.7
20211108221134  -965.3 -115.0 -357.6
20211108221135  -965.5 -114.9 -358.1
20211108221136  -965.3 -114.3 -357.7
20211108221137  -964.8 -113.7 -357.5
20211108221138  -964.9 -113.5 -358.0
20211108221139  -964.8 -113.6 -358.2
20211108221140  -964.8 -113.7 -358.6
20211108221141  -965.2 -114.4 -359.4
20211108221142  -965.5 -115.2 -359.9
20211108221143  -965.7 -115.8 -359.9
20211108221144  -965.9 -116.4 -359.9
20211108221145  -965.7 -117.0 -359.7
20211108221146  -965.9 -117.5 -359.4
20211108221147  -965.8 -118.1 -359.1
20211108221148  -965.5 -118.6 -359.3
20211108221149  -965.4 -119.6 -359.6
20211108221150  -965.6 -120.2 -359.6
20211108221151  -965.1 -120.5 -359.3
20211108221152  -964.9 -120.6 -358.9
20211108221153  -964.5 -120.5 -359.0
20211108221154  -964.0 -120.8 -358.8
20211108221155  -963.8 -121.4 -358.9
20211108221156  -962.7 -122.1 -358.4
20211108221157  -961.8 -121.9 -357.8
20211108221158  -961.4 -122.2 -357.4
20211108221159  -960.5 -122.1 -357.2
20211108221200  -960.1 -122.1 -356.9
20211108221201  -960.2 -122.6 -357.4
20211108221202  -959.9 -123.0 -357.5
20211108221203  -959.7 -123.4 -357.7
20211108221204  -959.5 -123.4 -357.8
20211108221205  -959.3 -123.9 -357.9
20211108221206  -959.2 -124.3 -357.9
20211108221207  -959.2 -124.3 -358.0
20211108221208  -958.8 -124.9 -357.9
20211108221209  -958.7 -125.6 -357.8
20211108221210  -958.6 -125.7 -357.7
20211108221211  -958.1 -125.8 -357.9
20211108221212  -957.8 -125.9 -357.5
20211108221213  -957.5 -125.7 -357.2
20211108221214  -957.4 -125.8 -357.1
20211108221215  -957.2 -125.5 -357.3
20211108221216  -957.2 -125.5 -357.1
