20211031073231  -660.4 -73.8 -189.3
20211031073232  -660.3 -74.0 -189.3
20211031073233  -660.0 -74.1 -188.9
20211031073234  -659.8 -74.1 -189.2
20211031073235  -659.5 -73.8 -189.1
20211031073236  -659.8 -74.1 -189.1
20211031073237  -659.9 -73.8 -189.1
20211031073238  -659.7 -74.3 -189.4
20211031073239  -659.5 -74.0 -189.0
20211031073240  -659.5 -74.0 -189.1
20211031073241  -659.2 -74.1 -189.4
20211031073242  -659.3 -74.3 -189.4
20211031073243  -659.4 -74.4 -189.4
20211031073244  -659.3 -74.6 -189.4
20211031073245  -659.4 -74.4 -189.4
20211031073246  -659.4 -74.4 -189.4
20211031073247  -659.5 -74.4 -189.6
20211031073248  -659.7 -74.5 -189.7
20211031073249  -660.1 -74.6 -189.3
20211031073250  -660.1 -74.9 -189.6
20211031073251  -660.0 -75.0 -189.5
20211031073252  -659.7 -75.0 -189.1
20211031073253  -659.6 -75.0 -189.0
20211031073254  -659.8 -74.9 -188.8
20211031073255  -660.8 -75.0 -189.5
20211031073256  -660.7 -75.1 -189.6
20211031073257  -661.1 -75.0 -189.3
20211031073258  -661.2 -75.1 -189.1
20211031073259  -661.0 -75.1 -189.3
20211031073300  -661.3 -75.1 -189.6
20211031073301  -661.5 -75.3 -189.6
20211031073302  -661.3 -75.3 -189.6
20211031073303  -661.4 -75.4 -189.8
20211031073304  -661.5 -75.4 -189.8
20211031073305  -661.4 -75.5 -189.6
20211031073306  -661.4 -75.6 -189.5
20211031073307  -661.6 -75.7 -189.5
20211031073308  -661.4 -75.5 -189.6
20211031073309  -661.2 -75.5 -189.3
20211031073310  -661.4 -75.1 -189.6
20211031073311  -661.6 -75.3 -189.7
20211031073312  -661.7 -75.6 -190.0
20211031073313  -661.5 -75.0 -189.8
20211031073314  -661.7 -75.2 -189.7
20211031073315  -661.7 -75.1 -189.8
20211031073316  -661.7 -74.9 -189.8
20211031073317  -661.5 -74.7 -190.0
20211031073318  -661.8 -74.7 -190.0
20211031073319  -661.8 -74.6 -190.0
20211031073320  -662.0 -74.9 -189.9
20211031073321  -661.4 -74.6 -190.0
20211031073322  -661.1 -74.3 -189.5
20211031073323  -661.0 -74.4 -189.3
20211031073324  -660.9 -74.0 -189.2
20211031073325  -661.3 -74.0 -189.5
20211031073326  -661.4 -74.0 -189.8
20211031073327  -661.5 -74.2 -190.0
20211031073328  -661.6 -74.0 -190.0
20211031073329  -661.7 -73.9 -190.2
20211031073330  -661.6 -73.9 -190.5
20211031073331  -661.3 -74.1 -190.2
20211031073332  -661.0 -74.2 -190.4
20211031073333  -660.9 -74.1 -190.4
20211031073334  -660.9 -74.5 -190.4
20211031073335  -660.6 -74.6 -190.3
20211031073336  -660.5 -74.5 -190.5
20211031073337  -660.4 -74.7 -190.4
20211031073338  -660.2 -75.2 -190.1
20211031073339  -660.0 -75.2 -190.3
20211031073340  -659.7 -75.3 -190.7
20211031073341  -659.7 -75.7 -190.5
20211031073342  -659.4 -75.7 -190.4
20211031073343  -659.4 -75.9 -190.2
20211031073344  -659.3 -76.0 -190.1
20211031073345  -658.7 -76.3 -190.1
20211031073346  -658.6 -76.6 -190.2
20211031073347  -658.3 -76.7 -190.1
20211031073348  -658.2 -76.8 -190.3
20211031073349  -658.1 -76.9 -190.2
20211031073350  -657.9 -76.6 -190.4
20211031073351  -657.5 -76.7 -190.2
20211031073352  -657.4 -76.6 -190.3
20211031073353  -657.7 -76.7 -190.4
20211031073354  -657.5 -76.9 -190.8
20211031073355  -657.3 -76.8 -190.8
20211031073356  -657.4 -76.9 -190.7
20211031073357  -657.1 -76.7 -190.8
20211031073358  -657.1 -77.2 -190.7
20211031073359  -656.7 -77.0 -190.6
20211031073400  -657.1 -77.0 -190.7
20211031073401  -656.9 -76.9 -190.9
20211031073402  -656.9 -76.8 -190.9
20211031073403  -657.2 -76.8 -191.2
20211031073404  -657.1 -76.9 -191.1
20211031073405  -657.1 -76.7 -190.9
20211031073406  -657.0 -77.1 -191.3
20211031073407  -656.8 -77.1 -191.3
20211031073408  -657.1 -77.1 -191.1
20211031073409  -657.1 -77.2 -191.1
20211031073410  -657.2 -77.4 -191.2
20211031073411  -657.1 -77.4 -191.2
20211031073412  -657.2 -77.5 -191.2
20211031073413  -657.3 -77.7 -191.5
20211031073414  -657.6 -78.0 -191.3
20211031073415  -657.8 -77.7 -191.2
20211031073416  -658.2 -77.9 -191.4
20211031073417  -658.1 -78.0 -191.4
20211031073418  -657.4 -77.7 -191.1
20211031073419  -657.9 -77.6 -190.9
20211031073420  -658.2 -77.4 -191.1
20211031073421  -658.4 -77.2 -191.2
20211031073422  -658.8 -77.0 -191.3
20211031073423  -658.8 -76.7 -191.3
20211031073424  -659.0 -76.5 -191.4
20211031073425  -659.2 -76.3 -191.3
20211031073426  -659.3 -76.1 -191.2
20211031073427  -659.6 -75.9 -191.0
20211031073428  -659.9 -75.5 -190.9
20211031073429  -659.9 -74.9 -190.9
20211031073430  -660.2 -75.0 -190.9
20211031073431  -660.4 -74.8 -190.9
20211031073432  -660.2 -74.4 -190.8
20211031073433  -660.7 -74.0 -190.5
20211031073434  -660.9 -73.6 -190.3
20211031073435  -661.0 -73.4 -190.3
20211031073436  -661.4 -73.6 -190.4
20211031073437  -661.2 -73.0 -190.6
20211031073438  -661.8 -72.8 -190.4
20211031073439  -661.8 -72.2 -190.5
20211031073440  -662.1 -72.1 -190.2
20211031073441  -662.3 -71.9 -190.2
20211031073442  -662.6 -71.8 -190.2
20211031073443  -662.3 -71.4 -190.0
20211031073444  -661.9 -71.2 -189.7
20211031073445  -661.8 -70.5 -189.1
20211031073446  -662.3 -70.6 -189.9
20211031073447  -662.4 -70.1 -189.6
20211031073448  -662.3 -69.9 -189.2
20211031073449  -662.4 -69.8 -189.5
20211031073450  -662.2 -69.8 -189.1
20211031073451  -662.2 -69.6 -189.1
20211031073452  -661.8 -69.3 -189.1
20211031073453  -661.5 -69.2 -188.9
20211031073454  -661.2 -69.7 -189.0
20211031073455  -660.9 -69.8 -188.9
20211031073456  -660.5 -69.8 -189.0
20211031073457  -660.2 -69.8 -189.3
20211031073458  -660.1 -70.0 -189.0
20211031073459  -659.8 -70.1 -189.4
20211031073500  -659.1 -70.4 -189.6
20211031073501  -658.8 -70.8 -189.4
20211031073502  -658.6 -71.4 -189.9
20211031073503  -658.4 -71.8 -189.4
20211031073504  -658.0 -71.7 -189.7
20211031073505  -657.6 -72.6 -190.1
20211031073506  -656.9 -72.9 -190.4
20211031073507  -657.0 -73.7 -190.8
20211031073508  -656.7 -74.1 -190.8
20211031073509  -656.1 -74.7 -190.7
20211031073510  -656.2 -75.2 -190.6
20211031073511  -655.5 -75.4 -190.3
20211031073512  -654.9 -76.2 -190.0
20211031073513  -654.6 -76.6 -190.1
20211031073514  -654.6 -77.1 -190.2
20211031073515  -654.4 -77.5 -190.0
20211031073516  -655.1 -78.3 -191.1
20211031073517  -655.1 -78.7 -190.9
20211031073518  -655.4 -79.3 -191.0
20211031073519  -655.6 -79.4 -191.5
20211031073520  -655.6 -79.6 -191.2
20211031073521  -655.6 -79.9 -191.2
20211031073522  -655.8 -80.3 -191.2
20211031073523  -656.0 -80.1 -191.3
20211031073524  -655.9 -80.3 -191.6
20211031073525  -656.1 -80.4 -191.4
20211031073526  -656.2 -80.5 -191.6
20211031073527  -656.7 -80.7 -191.4
20211031073528  -656.6 -80.5 -191.4
20211031073529  -656.8 -80.5 -191.1
20211031073530  -656.8 -80.7 -191.1
20211031073531  -656.8 -80.9 -191.1
20211031073532  -656.8 -80.4 -191.4
20211031073533  -657.1 -80.3 -191.3
20211031073534  -657.3 -80.0 -191.3
20211031073535  -657.5 -80.0 -191.2
20211031073536  -657.6 -79.7 -190.7
20211031073537  -657.6 -79.2 -190.9
20211031073538  -657.7 -78.7 -190.8
20211031073539  -657.8 -78.3 -191.0
20211031073540  -658.1 -78.3 -191.1
20211031073541  -657.7 -78.0 -190.7
20211031073542  -657.4 -77.4 -190.1
20211031073543  -657.2 -77.1 -190.0
20211031073544  -657.4 -76.7 -189.6
20211031073545  -657.3 -76.3 -189.4
20211031073546  -657.8 -76.1 -189.4
20211031073547  -658.2 -76.0 -189.4
20211031073548  -658.6 -75.5 -189.4
20211031073549  -658.8 -75.1 -189.6
20211031073550  -658.9 -74.9 -189.6
20211031073551  -658.9 -74.7 -189.5
20211031073552  -659.0 -74.4 -189.6
20211031073553  -659.2 -74.1 -189.5
20211031073554  -659.5 -73.8 -189.3
20211031073555  -659.5 -73.9 -189.2
20211031073556  -659.6 -73.5 -189.1
20211031073557  -659.5 -73.4 -189.1
20211031073558  -659.8 -73.4 -189.0
20211031073559  -659.6 -73.3 -189.0
20211031073600  -659.9 -73.1 -189.1
20211031073601  -660.1 -73.0 -189.1
20211031073602  -660.0 -73.1 -188.9
20211031073603  -660.5 -73.3 -189.0
20211031073604  -660.5 -73.3 -189.3
20211031073605  -660.3 -73.2 -189.2
20211031073606  -660.4 -73.2 -189.3
20211031073607  -660.7 -73.0 -189.0
20211031073608  -660.4 -73.2 -189.0
20211031073609  -660.3 -73.3 -189.2
20211031073610  -660.5 -74.0 -189.3
20211031073611  -660.1 -74.1 -189.5
20211031073612  -659.9 -74.1 -189.0
20211031073613  -659.7 -74.1 -189.0
20211031073614  -659.4 -74.2 -188.8
20211031073615  -659.9 -74.5 -189.1
20211031073616  -660.6 -74.8 -189.3
20211031073617  -660.4 -75.0 -189.5
20211031073618  -660.4 -75.2 -189.5
