-103.8 -169.7
20211030191045  -600.4 -103.9 -169.8
20211030191046  -600.5 -103.9 -169.8
20211030191047  -600.2 -103.8 -169.8
20211030191048  -600.6 -103.7 -169.6
20211030191049  -600.4 -103.6 -169.7
20211030191050  -600.4 -103.9 -169.8
20211030191051  -600.5 -104.0 -169.5
20211030191052  -600.7 -103.7 -169.6
20211030191053  -600.2 -104.0 -169.5
20211030191054  -600.5 -103.9 -169.3
20211030191055  -600.3 -103.6 -169.6
20211030191056  -600.3 -103.8 -169.5
20211030191057  -600.2 -103.3 -168.8
20211030191058  -600.4 -103.5 -169.2
20211030191059  -600.7 -103.4 -169.2
20211030191100  -600.4 -103.4 -169.1
20211030191101  -600.0 -103.1 -169.1
20211030191102  -600.0 -103.0 -169.2
20211030191103  -600.0 -102.9 -169.1
20211030191104  -600.4 -102.7 -169.3
20211030191105  -600.1 -103.0 -169.2
20211030191106  -600.1 -102.9 -169.2
20211030191107  -600.2 -103.1 -169.0
20211030191108  -599.9 -103.2 -169.2
20211030191109  -599.7 -102.9 -169.1
20211030191110  -599.9 -102.9 -169.0
20211030191111  -599.7 -102.9 -168.8
20211030191112  -599.9 -103.0 -169.0
20211030191113  -599.9 -102.8 -168.9
20211030191114  -599.6 -102.6 -168.7
20211030191115  -599.4 -102.7 -168.6
20211030191116  -599.3 -102.8 -168.8
20211030191117  -599.2 -102.6 -168.4
20211030191118  -599.4 -102.8 -168.6
20211030191119  -599.3 -102.7 -168.7
20211030191120  -599.1 -102.9 -168.4
20211030191121  -599.2 -103.1 -168.7
20211030191122  -599.1 -103.0 -168.8
20211030191123  -599.2 -102.7 -168.8
20211030191124  -599.0 -102.6 -168.7
20211030191125  -599.0 -102.4 -168.5
20211030191126  -599.1 -102.3 -168.6
20211030191127  -598.7 -102.3 -168.4
20211030191128  -598.6 -102.3 -168.5
20211030191129  -598.7 -102.2 -168.6
20211030191130  -598.8 -102.2 -168.7
20211030191131  -599.2 -102.4 -168.4
20211030191132  -598.9 -102.2 -168.4
20211030191133  -598.8 -102.3 -168.4
20211030191134  -598.7 -102.2 -168.3
20211030191135  -598.8 -102.2 -168.5
20211030191136  -598.8 -102.2 -168.5
20211030191137  -598.5 -102.7 -168.6
20211030191138  -598.7 -102.6 -168.4
20211030191139  -598.6 -102.6 -168.5
20211030191140  -598.5 -102.1 -168.4
20211030191141  -598.7 -102.2 -168.1
20211030191142  -598.6 -102.1 -168.1
20211030191143  -598.6 -102.1 -168.3
20211030191144  -598.7 -102.0 -168.3
20211030191145  -598.6 -101.9 -168.2
20211030191146  -598.6 -101.9 -168.5
20211030191147  -598.8 -102.1 -168.3
20211030191148  -598.2 -102.0 -168.2
20211030191149  -598.7 -101.8 -168.4
20211030191150  -598.7 -101.8 -168.4
20211030191151  -598.8 -101.7 -168.5
20211030191152  -598.6 -101.8 -168.5
20211030191153  -598.8 -101.8 -168.4
20211030191154  -598.9 -101.7 -168.4
20211030191155  -598.8 -101.5 -168.3
20211030191156  -598.8 -101.8 -168.1
20211030191157  -599.1 -102.0 -168.1
20211030191158  -598.8 -101.8 -167.8
20211030191159  -599.0 -101.6 -168.2
20211030191200  -599.0 -101.7 -168.2
20211030191201  -599.3 -101.7 -168.2
20211030191202  -599.2 -101.5 -168.2
20211030191203  -599.3 -101.6 -167.9
20211030191204  -599.4 -101.4 -168.0
20211030191205  -599.3 -101.3 -168.1
20211030191206  -599.7 -101.2 -168.1
20211030191207  -599.7 -101.2 -168.0
20211030191208  -599.8 -101.2 -168.1
20211030191209  -599.8 -101.2 -168.1
20211030191210  -599.9 -101.4 -168.0
20211030191211  -600.0 -100.8 -167.9
20211030191212  -600.1 -101.0 -167.9
20211030191213  -600.0 -101.0 -167.9
20211030191214  -600.0 -101.1 -167.9
20211030191215  -600.1 -101.0 -168.0
20211030191216  -600.0 -100.9 -168.1
20211030191217  -599.9 -100.7 -168.1
20211030191218  -600.0 -100.8 -168.0
20211030191219  -600.3 -100.9 -168.2
20211030191220  -600.4 -100.9 -168.1
20211030191221  -600.0 -100.7 -167.9
20211030191222  -600.1 -100.6 -168.1
20211030191223  -600.2 -101.1 -168.1
20211030191224  -600.3 -100.9 -168.0
20211030191225  -599.9 -101.0 -168.2
20211030191226  -600.4 -101.3 -168.7
20211030191227  -600.7 -101.0 -168.2
20211030191228  -600.5 -101.1 -168.2
20211030191229  -599.8 -101.0 -167.8
20211030191230  -600.1 -100.8 -167.8
20211030191231  -600.4 -101.0 -168.2
20211030191232  -600.6 -101.2 -168.1
20211030191233  -600.5 -101.3 -168.1
20211030191234  -600.4 -101.4 -168.3
20211030191235  -600.5 -101.5 -168.5
20211030191236  -600.6 -101.5 -168.5
20211030191237  -600.7 -101.4 -168.3
20211030191238  -600.9 -101.3 -168.4
20211030191239  -600.9 -101.6 -168.6
20211030191240  -601.1 -101.6 -168.7
20211030191241  -601.4 -101.5 -168.3
20211030191242  -601.6 -101.6 -168.6
20211030191243  -601.8 -101.7 -168.5
20211030191244  -601.9 -101.7 -168.4
20211030191245  -602.2 -102.2 -168.2
20211030191246  -602.0 -102.0 -168.6
20211030191247  -602.2 -102.0 -168.9
20211030191248  -602.2 -101.9 -169.1
20211030191249  -601.9 -102.2 -168.8
20211030191250  -602.3 -102.3 -169.0
20211030191251  -602.2 -102.3 -168.9
20211030191252  -602.6 -102.2 -168.8
20211030191253  -602.8 -102.2 -168.9
20211030191254  -602.8 -102.2 -168.9
20211030191255  -602.9 -102.4 -168.8
20211030191256  -602.8 -102.4 -169.1
20211030191257  -603.1 -102.8 -169.0
20211030191258  -603.2 -102.8 -168.9
20211030191259  -602.4 -102.8 -168.5
20211030191300  -602.5 -102.9 -168.5
20211030191301  -602.9 -102.9 -168.5
20211030191302  -603.1 -102.9 -168.6
20211030191303  -602.9 -102.9 -168.6
20211030191304  -602.8 -103.0 -168.7
20211030191305  -602.9 -103.0 -168.7
20211030191306  -603.1 -103.2 -168.5
20211030191307  -603.1 -103.3 -168.8
20211030191308  -603.2 -103.4 -168.7
20211030191309  -603.2 -103.4 -169.0
20211030191310  -603.3 -103.1 -168.8
20211030191311  -603.7 -103.3 -168.7
20211030191312  -603.8 -102.9 -168.7
20211030191313  -603.8 -103.2 -168.7
20211030191314  -604.0 -103.5 -168.7
20211030191315  -604.1 -103.3 -168.9
20211030191316  -603.8 -103.3 -169.0
20211030191317  -604.3 -103.0 -168.8
20211030191318  -604.3 -103.2 -168.9
20211030191319  -604.3 -103.3 -168.8
20211030191320  -604.3 -103.6 -168.9
20211030191321  -604.4 -103.5 -169.0
20211030191322  -604.6 -103.3 -169.0
20211030191323  -604.6 -103.2 -169.2
20211030191324  -604.5 -103.3 -169.1
20211030191325  -604.5 -102.9 -168.9
20211030191326  -604.4 -102.8 -168.8
20211030191327  -604.5 -103.3 -168.6
20211030191328  -604.4 -103.2 -168.7
20211030191329  -604.4 -103.1 -168.8
20211030191330  -603.9 -102.9 -168.4
20211030191331  -604.4 -103.0 -169.0
20211030191332  -604.6 -102.9 -168.8
20211030191333  -604.6 -102.9 -168.6
20211030191334  -604.5 -102.9 -168.8
20211030191335  -604.4 -102.9 -168.6
20211030191336  -604.3 -103.0 -168.3
20211030191337  -604.4 -102.8 -168.6
20211030191338  -604.4 -102.8 -168.5
20211030191339  -604.4 -102.8 -168.6
20211030191340  -604.4 -102.7 -168.5
20211030191341  -604.4 -102.5 -168.6
20211030191342  -604.7 -102.7 -168.3
20211030191343  -604.7 -102.8 -168.2
20211030191344  -604.7 -102.7 -168.6
20211030191345  -604.7 -103.0 -168.6
20211030191346  -605.0 -102.9 -168.6
20211030191347  -604.9 -102.9 -168.8
20211030191348  -605.0 -102.5 -168.7
20211030191349  -605.0 -102.6 -168.8
20211030191350  -604.9 -102.5 -168.9
20211030191351  -604.7 -102.7 -168.9
20211030191352  -604.8 -102.6 -168.8
20211030191353  -605.1 -102.5 -168.7
20211030191354  -605.2 -102.7 -169.0
20211030191355  -605.2 -102.8 -169.0
20211030191356  -605.5 -102.8 -168.9
20211030191357  -605.4 -102.7 -169.1
20211030191358  -605.6 -102.6 -169.1
20211030191359  -605.7 -103.2 -168.9
20211030191400  -605.0 -103.0 -168.5
20211030191401  -605.7 -102.9 -168.7
20211030191402  -605.6 -102.8 -168.8
20211030191403  -605.8 -102.8 -169.0
20211030191404  -605.9 -102.9 -169.0
20211030191405  -605.7 -102.8 -168.8
20211030191406  -605.5 -103.2 -168.7
20211030191407  -605.6 -103.3 -168.9
20211030191408  -605.6 -103.1 -169.0
20211030191409  -605.5 -102.7 -169.0
20211030191410  -605.6 -102.8 -169.1
20211030191411  -605.8 -102.8 -169.0
20211030191412  -605.9 -102.6 -169.0
20211030191413  -606.0 -102.8 -169.3
20211030191414  -605.7 -102.7 -169.1
20211030191415  -605.9 -103.0 -169.0
20211030191416  -606.1 -102.9 -169.4
20211030191417  -606.0 -103.1 -169.2
20211030191418  -606.1 -103.2 -169.2
20211030191419  -605.7 -103.1 -169.3
20211030191420  -606.3 -103.1 -168.9
20211030191421  -606.2 -102.9 -168.9
20211030191422  -606.4 -103.2 -169.1
20211030191423  -606.3 -103.3 -169.0
20211030191424  -606.5 -103.4 -169.0
20211030191425  -606.7 -103.3 -168.9
20211030191426  -606.8 -103.1 -169.0
20211030191427  -606.9 -103.3 -169.1
20211030191428  -606.5 -103.4 -169.2
20211030191429  -606.3 -103.4 -169.2
20211030191430  -606.5 -103.4 -169.2
20211030191431  -606.5 -103.3 -169.4
20211030191432  -606.5 -103.7 -169.3
20211030191433  -606.6 -103.6 -169.4
20211030191434  -606.3 -103.3 -169.3
20211030191435  -606.3 -103.4 -168.9
20211030191436  -606.4 -103.5 -169.1
20211030191437  -606.5 -103.4 -169.1
20211030191438  -606.5 -103.6 -169.0
20211030191439  -606.3 -103.4 -168.9
20211030191440  -606.5 -103.6 -169.1
20211030191441  -606.3 -103.4 -169.1
20211030191442  -606.3 -103.3 -169.3
20211030191443  -606.2 -103.2 -169.1
20211030191444  -606.4 -103.3 -169.2
20211030191445  -606.8 -103.1 -169.3
20211030191446  -606.9 -103.2 -169.2
20211030191447  -606.8 -103.1 -169.3
20211030191448  -606.8 -103.0 -169.2
20211030191449  -606.8 -103.0 -169.4
20211030191450  -607.1 -102.9 -169.2
20211030191451  -606.9 -103.0 -169.4
20211030191452  -607.0 -103.1 -169.1
20211030191453  -606.8 -102.9 -169.2
20211030191454  -606.8 -103.1 -169.2
20211030191455  -606.6 -103.1 -169.4
20211030191456  -606.7 -102.6 -169.4
20211030191457  -606.7 -102.8 -169.6
20211030191458  -606.9 -103.0 -169.4
20211030191459  -606.7 -102.9 -169.3
20211030191500  -606.6 -103.1 -169.1
20211030191501  -606.6 -103.0 -169.1
20211030191502  -606.8 -103.0 -169.5
20211030191503  -606.9 -103.1 -169.2
20211030191504  -607.1 -103.3 -169.2
20211030191505  -607.0 -103.0 -169.2
20211030191506  -607.3 -102.8 -169.4
20211030191507  -607.1 -103.0 -169.5
20211030191508  -607.1 -102.8 -169.4
20211030191509  -607.0 -102.9 -169.6
20211030191510  -607.0 -102.9 -169.5
20211030191511  -607.0 -102.7 -169.3
20211030191512  -607.1 -102.5 -169.5
20211030191513  -607.1 -102.4 -169.6
20211030191514  -607.4 -102.3 -169.6
20211030191515  -607.3 -102.5 -169.4
20211030191516  -607.4 -102.6 -169.3
20211030191517  -607.1 -102.7 -169.2
20211030191518  -607.3 -102.3 -169.7
20211030191519  -607.2 -102.1 -169.6
20211030191520  -607.3 -102.2 -169.8
20211030191521  -607.6 -102.0 -169.8
20211030191522  -607.5 -101.9 -169.7
20211030191523  -607.5 -102.1 -169.6
20211030191524  -607.7 -102.0 -169.5
20211030191525  -607.6 -101.9 -169.5
20211030191526  -607.4 -102.0 -169.4
20211030191527  -607.6 -102.0 -169.4
20211030191528  -607.7 -102.1 -169.6
20211030191529  -607.7 -101.9 -169.4
20211030191530  -607.9 -102.0 -169.4
20211030191531  -607.7 -102.1 -169.3
20211030191532  -607.2 -101.7 -169.1
20211030191533  -607.6 -101.9 -169.5
20211030191534  -607.5 -102.2 -169.5
20211030191535  -607.8 -101.9 -169.6
20211030191536  -607.6 -101.9 -169.9
20211030191537  -607.4 -101.7 -169.7
20211030191538  -607.7 -101.5 -169.8
20211030191539  -607.6 -101.3 -169.8
20211030191540  -607.5 -101.4 -169.9
20211030191541  -607.5 -101.5 -169.7
20211030191542  -607.2 -101.7 -169.6
20211030191543  -607.4 -101.3 -169.7
20211030191544  -607.2 -101.3 -169.7
20211030191545  -607.2 -101.5 -170.0
20211030191546  -607.4 -101.4 -169.7
20211030191547  -607.5 -101.5 -169.7
20211030191548  -607.4 -101.6 -169.6
20211030191549  -607.5 -101.3 -169.7
20211030191550  -607.5 -101.3 -169.8
20211030191551  -607.1 -101.4 -170.0
20211030191552  -607.1 -101.4 -170.0
20211030191553  -607.2 -101.1 -170.2
20211030191554  -607.3 -101.3 -170.3
20211030191555  -607.1 -101.3 -170.5
20211030191556  -607.1 -101.3 -169.9
20211030191557  -607.1 -101.1 -170.3
20211030191558  -607.2 -101.1 -170.5
20211030191559  -606.9 -100.9 -170.5
20211030191600  -607.1 -100.9 -170.4
20211030191601  -607.3 -101.1 -170.4
20211030191602  -607.1 -101.4 -170.3
20211030191603  -606.9 -101.1 -170.2
20211030191604  -607.1 -101.2 -170.5
20211030191605  -607.1 -101.1 -170.3
20211030191606  -607.4 -101.0 -170.5
20211030191607  -607.1 -101.2 -170.6
20211030191608  -607.3 -101.0 -170.5
20211030191609  -607.1 -100.8 -170.5
20211030191610  -607.2 -100.9 -170.8
20211030191611  -607.3 -100.7 -170.5
20211030191612  -607.1 -100.5 -170.7
20211030191613  -607.3 -100.6 -170.6
20211030191614  -607.4 -100.6 -170.5
20211030191615  -607.3 -100.8 -170.5
20211030191616  -607.1 -100.5 -170.6
20211030191617  -606.9 -100.5 -170.6
20211030191618  -607.3 -100.5 -170.8
20211030191619  -607.1 -100.5 -171.0
20211030191620  -607.3 -100.6 -171.0
20211030191621  -607.0 -100.4 -170.6
20211030191622  -607.3 -100.8 -170.8
20211030191623  -607.3 -100.7 -170.5
20211030191624  -607.2 -100.6 -170.7
20211030191625  -607.6 -100.8 -170.9
20211030191626  -607.5 -100.6 -170.6
20211030191627  -607.6 -100.5 -170.8
20211030191628  -607.1 -100.6 -170.8
20211030191629  -607.1 -100.5 -171.0
20211030191630  -607.4 -100.5 -171.2
20211030191631  -607.3 -100.6 -171.1
20211030191632  -607.3 -100.4 -171.1
20211030191633  -607.0 -100.5 -170.9
20211030191634  -606.7 -100.6 -171.0
20211030191635  -606.4 -100.2 -171.0
20211030191636  -606.6 -100.3 -171.0
20211030191637  -606.6 -100.7 -171.2
20211030191638  -606.6 -100.6 -170.9
20211030191639  -606.5 -100.6 -171.4
20211030191640  -606.2 -100.7 -171.2
20211030191641  -606.4 -100.9 -171.2
20211030191642  -606.2 -100.8 -171.2
20211030191643  -606.2 -100.5 -171.1
20211030191644  -606.3 -100.7 -171.3
20211030191645  -606.2 -100.5 -171.5
20211030191646  -606.2 -100.4 -171.3
20211030191647  -606.3 -100.4 -171.4
20211030191648  -606.1 -100.3 -171.5
20211030191649  -606.3 -100.3 -171.8
20211030191650  -606.2 -100.2 -171.9
20211030191651  -605.8 -100.2 -171.9
20211030191652  -605.8 -100.3 -171.6
20211030191653  -605.7 -100.1 -171.7
20211030191654  -605.9 -100.4 -171.7
20211030191655  -605.8 -100.7 -171.6
20211030191656  -605.6 -100.6 -171.4
20211030191657  -605.9 -100.6 -171.5
20211030191658  -605.9 -100.5 -171.5
20211030191659  -605.5 -100.1 -171.8
20211030191700  -605.4 -100.4 -171.7
20211030191701  -605.4 -100.2 -171.6
20211030191702  -605.6 -100.2 -171.5
20211030191703  -605.5 -100.2 -171.6
20211030191704  -605.3 -100.2 -171.7
20211030191705  -605.1 -100.2 -171.6
20211030191706  -604.8 -100.0 -171.5
20211030191707  -605.1 -100.3 -171.8
20211030191708  -604.8 -100.3 -171.7
20211030191709  -604.9 -100.4 -171.9
20211030191710  -605.0 -100.4 -171.9
20211030191711  -605.0 -100.4 -171.9
20211030191712  -604.5 -100.6 -172.3
20211030191713  -604.7 -100.4 -172.0
20211030191714  -604.6 -100.3 -172.1
20211030191715  -604.6 -100.5 -171.9
20211030191716  -604.8 -100.5 -172.1
20211030191717  -604.7 -100.2 -172.2
20211030191718  -604.5 -100.3 -172.3
20211030191719  -604.2 -100.6 -172.3
20211030191720  -604.2 -100.4 -172.3
20211030191721  -604.3 -100.4 -172.2
20211030191722  -604.2 -100.5 -172.5
20211030191723  -603.9 -100.5 -172.4
20211030191724  -603.7 -100.3 -172.4
20211030191725  -603.7 -100.4 -172.4
20211030191726  -603.9 -100.3 -172.4
20211030191727  -603.8 -100.2 -172.3
20211030191728  -604.0 -100.4 -172.1
20211030191729  -603.5 -100.6 -172.2
20211030191730  -603.7 -100.5 -172.2
20211030191731  -603.7 -100.3 -172.6
20211030191732  -603.6 -100.4 -172.6
20211030191733  -603.7 -100.8 -172.7
20211030191734  -603.8 -100.6 -172.7
20211030191735  -603.7 -100.8 -172.6
20211030191736  -603.1 -100.8 -172.5
20211030191737  -603.3 -100.7 -172.3
20211030191738  -603.3 -100.6 -172.3
20211030191739  -603.1 -100.8 -172.4
20211030191740  -603.1 -100.5 -172.2
20211030191741  -603.6 -100.8 -172.3
20211030191742  -603.5 -100.7 -172.6
20211030191743  -603.4 -101.0 -172.7
20211030191744  -603.6 -101.1 -172.9
20211030191745  -603.5 -100.7 -172.7
20211030191746  -603.6 -101.0 -172.9
20211030191747  -603.6 -101.0 -173.0
20211030191748  -603.5 -100.9 -172.9
20211030191749  -603.7 -101.2 -173.0
20211030191750  -603.6 -101.0 -172.8
20211030191751  -603.5 -101.2 -173.0
20211030191752  -603.6 -101.2 -173.3
20211030191753  -603.8 -101.6 -173.0
20211030191754  -603.8 -101.5 -173.4
20211030191755  -603.9 -101.7 -173.4
20211030191756  -603.8 -101.4 -173.0
20211030191757  -603.9 -101.6 -173.2
20211030191758  -603.8 -101.4 -173.6
20211030191759  -603.9 -101.3 -173.4
20211030191800  -604.1 -101.4 -173.5
20211030191801  -604.1 -101.2 -173.5
20211030191802  -604.5 -101.6 -173.8
20211030191803  -604.3 -101.9 -173.7
20211030191804  -604.3 -101.7 -173.7
20211030191805  -604.3 -101.7 -173.6
20211030191806  -604.2 -102.0 -173.6
20211030191807  -603.8 -101.7 -173.3
20211030191808  -604.2 -101.9 -173.3
20211030191809  -604.3 -101.9 -173.4
20211030191810  -604.6 -101.9 -173.5
20211030191811  -604.5 -101.8 -173.7
20211030191812  -604.7 -101.7 -173.2
20211030191813  -604.5 -102.0 -173.4
20211030191814  -604.6 -102.1 -173.2
20211030191815  -604.5 -102.1 -173.4
20211030191816  -604.5 -102.0 -173.5
20211030191817  -604.6 -101.8 -173.6
20211030191818  -604.4 -101.9 -173.3
