20211101224709  -660.8 -91.3 -197.1
20211101224710  -660.4 -91.1 -196.3
20211101224711  -661.1 -90.9 -196.5
20211101224712  -660.9 -91.2 -196.8
20211101224713  -660.9 -91.2 -196.8
20211101224714  -660.9 -91.1 -196.8
20211101224715  -660.9 -91.2 -196.8
20211101224716  -661.0 -91.2 -196.6
20211101224717  -660.8 -91.4 -196.8
20211101224718  -661.0 -91.6 -196.8
20211101224719  -661.1 -91.3 -197.1
20211101224720  -661.3 -91.4 -196.6
20211101224721  -661.3 -91.4 -196.7
20211101224722  -661.2 -91.1 -196.7
20211101224723  -661.4 -91.2 -197.0
20211101224724  -661.3 -91.3 -197.0
20211101224725  -661.5 -91.3 -196.8
20211101224726  -661.3 -91.0 -197.2
20211101224727  -661.4 -91.3 -197.2
20211101224728  -661.1 -91.2 -197.1
20211101224729  -661.1 -91.2 -197.0
20211101224730  -661.2 -91.1 -196.9
20211101224731  -661.2 -91.2 -196.8
20211101224732  -661.5 -91.3 -197.1
20211101224733  -661.3 -91.2 -197.1
20211101224734  -661.4 -91.2 -196.9
20211101224735  -661.3 -91.2 -197.0
20211101224736  -661.2 -91.2 -196.7
20211101224737  -661.0 -91.3 -196.8
20211101224738  -661.1 -91.4 -196.9
20211101224739  -661.1 -91.5 -196.7
20211101224740  -660.9 -91.3 -196.5
20211101224741  -661.4 -91.1 -197.1
20211101224742  -661.4 -91.3 -197.1
20211101224743  -661.4 -91.3 -197.0
20211101224744  -661.4 -91.4 -197.1
20211101224745  -661.3 -91.1 -197.1
20211101224746  -661.6 -91.3 -197.2
20211101224747  -661.3 -91.1 -196.9
20211101224748  -661.5 -90.8 -197.2
20211101224749  -661.6 -91.0 -196.9
20211101224750  -661.7 -91.0 -196.7
20211101224751  -661.4 -90.7 -196.5
20211101224752  -661.6 -90.9 -196.6
20211101224753  -661.7 -90.7 -196.9
20211101224754  -661.7 -90.9 -196.6
20211101224755  -661.8 -90.9 -196.5
20211101224756  -661.4 -90.7 -196.7
20211101224757  -661.6 -90.7 -196.5
20211101224758  -661.6 -91.0 -196.8
20211101224759  -661.6 -91.0 -196.8
20211101224800  -661.1 -91.1 -196.7
20211101224801  -661.2 -91.1 -196.7
20211101224802  -661.3 -90.9 -196.7
20211101224803  -661.3 -90.6 -196.4
20211101224804  -661.4 -90.7 -196.7
20211101224805  -661.5 -91.0 -196.8
20211101224806  -661.1 -91.0 -196.7
20211101224807  -661.1 -91.0 -196.4
20211101224808  -660.7 -91.5 -196.1
20211101224809  -661.2 -91.1 -196.4
20211101224810  -660.5 -91.1 -196.2
20211101224811  -661.0 -91.0 -196.4
20211101224812  -661.1 -91.0 -196.4
20211101224813  -660.9 -90.9 -196.4
20211101224814  -661.0 -90.9 -196.3
20211101224815  -661.3 -90.9 -196.4
20211101224816  -661.2 -91.0 -196.4
20211101224817  -661.1 -90.9 -196.1
20211101224818  -661.3 -90.7 -196.2
20211101224819  -661.3 -90.4 -196.1
20211101224820  -661.2 -90.6 -196.1
20211101224821  -660.9 -90.5 -196.3
20211101224822  -661.1 -90.6 -196.3
20211101224823  -661.2 -90.7 -196.1
20211101224824  -661.0 -90.8 -196.5
20211101224825  -661.4 -90.4 -196.1
20211101224826  -661.3 -90.4 -195.9
20211101224827  -661.1 -90.6 -196.0
20211101224828  -661.4 -90.5 -196.0
20211101224829  -661.3 -90.6 -196.2
20211101224830  -661.3 -90.5 -196.3
20211101224831  -661.5 -90.6 -196.0
20211101224832  -661.6 -90.5 -196.2
20211101224833  -661.2 -90.3 -196.1
20211101224834  -661.3 -90.3 -195.8
20211101224835  -661.6 -90.4 -195.8
20211101224836  -661.6 -90.2 -195.9
20211101224837  -661.6 -90.1 -196.2
20211101224838  -661.3 -90.4 -196.3
20211101224839  -661.3 -90.4 -195.9
20211101224840  -660.6 -90.6 -195.7
20211101224841  -661.1 -90.5 -195.8
20211101224842  -661.3 -90.4 -196.2
20211101224843  -661.1 -90.4 -196.0
20211101224844  -661.4 -90.2 -196.0
20211101224845  -661.2 -90.4 -196.0
20211101224846  -661.0 -90.4 -195.8
20211101224847  -661.3 -90.8 -195.8
20211101224848  -661.4 -90.5 -195.7
20211101224849  -661.6 -90.7 -195.6
20211101224850  -661.3 -90.1 -195.9
20211101224851  -661.3 -90.3 -196.0
20211101224852  -661.3 -90.1 -195.8
20211101224853  -661.4 -89.9 -195.8
20211101224854  -661.6 -90.1 -195.9
20211101224855  -661.3 -90.0 -195.8
20211101224856  -661.4 -90.1 -195.6
20211101224857  -661.6 -90.2 -195.4
20211101224858  -661.4 -90.3 -195.8
20211101224859  -661.2 -90.1 -195.9
20211101224900  -661.6 -90.3 -195.9
20211101224901  -661.4 -90.5 -195.8
20211101224902  -661.4 -90.6 -195.7
20211101224903  -661.7 -90.8 -195.9
20211101224904  -661.5 -90.6 -195.7
20211101224905  -661.6 -90.6 -195.8
20211101224906  -661.7 -90.9 -196.2
20211101224907  -661.8 -90.7 -196.2
20211101224908  -661.8 -90.2 -196.0
20211101224909  -661.9 -90.2 -196.0
20211101224910  -661.4 -90.3 -195.9
20211101224911  -661.7 -90.1 -195.7
20211101224912  -661.8 -90.2 -195.7
20211101224913  -661.9 -90.4 -195.8
20211101224914  -661.8 -90.4 -196.1
20211101224915  -661.9 -90.3 -196.0
20211101224916  -661.8 -90.5 -195.8
20211101224917  -661.8 -90.4 -195.6
20211101224918  -662.3 -90.5 -195.6
20211101224919  -662.1 -90.3 -195.6
20211101224920  -662.2 -90.4 -195.7
20211101224921  -662.1 -90.4 -195.7
20211101224922  -662.5 -90.6 -195.6
20211101224923  -662.3 -90.5 -195.6
20211101224924  -662.3 -90.7 -195.3
20211101224925  -662.1 -90.7 -195.4
20211101224926  -662.3 -90.8 -195.8
20211101224927  -662.2 -90.8 -196.1
20211101224928  -662.2 -90.8 -196.1
20211101224929  -662.5 -90.7 -196.1
20211101224930  -662.4 -90.8 -196.1
20211101224931  -662.6 -90.7 -195.9
20211101224932  -662.8 -90.9 -195.8
20211101224933  -662.6 -90.9 -195.6
20211101224934  -662.8 -91.1 -195.4
20211101224935  -662.9 -90.9 -195.9
20211101224936  -663.1 -90.8 -195.8
20211101224937  -663.1 -90.8 -195.6
20211101224938  -663.0 -90.8 -195.7
20211101224939  -663.3 -91.0 -196.1
20211101224940  -663.0 -91.0 -195.9
20211101224941  -663.1 -90.7 -195.9
20211101224942  -663.3 -91.2 -196.1
20211101224943  -663.3 -91.1 -196.0
20211101224944  -663.4 -91.2 -196.3
20211101224945  -663.3 -91.3 -196.2
20211101224946  -663.2 -90.9 -195.9
20211101224947  -663.3 -91.2 -196.1
20211101224948  -663.6 -91.3 -196.3
20211101224949  -663.3 -91.3 -196.1
20211101224950  -663.5 -91.0 -196.0
20211101224951  -663.6 -90.9 -195.8
20211101224952  -663.6 -91.0 -195.7
20211101224953  -663.5 -91.0 -196.0
20211101224954  -663.9 -91.2 -196.0
20211101224955  -663.9 -91.2 -196.1
20211101224956  -663.8 -91.2 -196.2
20211101224957  -663.8 -91.0 -196.1
20211101224958  -663.7 -90.9 -196.1
20211101224959  -663.7 -91.2 -195.8
20211101225000  -663.8 -91.2 -195.7
20211101225001  -664.0 -91.1 -195.9
20211101225002  -664.0 -91.2 -195.7
20211101225003  -663.9 -91.2 -195.8
20211101225004  -663.7 -90.9 -195.5
20211101225005  -663.7 -91.0 -195.6
20211101225006  -664.1 -91.1 -195.6
20211101225007  -663.9 -91.3 -195.8
20211101225008  -664.2 -91.2 -195.9
20211101225009  -664.2 -91.2 -196.1
20211101225010  -663.9 -91.4 -195.8
20211101225011  -663.5 -91.1 -195.1
20211101225012  -664.0 -90.9 -195.6
20211101225013  -664.1 -91.0 -195.7
20211101225014  -664.1 -91.2 -195.7
20211101225015  -664.2 -91.0 -195.4
20211101225016  -664.1 -91.2 -195.6
20211101225017  -664.3 -91.2 -195.5
20211101225018  -664.3 -91.1 -195.6
20211101225019  -664.5 -91.0 -195.4
20211101225020  -664.5 -91.2 -195.4
20211101225021  -664.4 -90.9 -195.6
20211101225022  -664.4 -91.0 -195.6
20211101225023  -664.5 -90.7 -195.4
20211101225024  -664.4 -90.8 -195.5
20211101225025  -664.2 -90.9 -195.6
20211101225026  -664.2 -91.1 -195.6
20211101225027  -664.7 -90.9 -195.8
20211101225028  -664.4 -91.0 -195.8
20211101225029  -664.6 -91.3 -195.6
20211101225030  -664.6 -91.3 -195.6
20211101225031  -664.8 -91.4 -195.4
20211101225032  -665.0 -91.1 -196.1
20211101225033  -664.7 -91.0 -196.0
20211101225034  -664.9 -91.4 -195.9
20211101225035  -665.0 -90.9 -195.7
20211101225036  -665.2 -90.9 -195.9
