20211124000025  -664.1 -76.9 -205.9
20211124000026  -664.2 -77.3 -205.5
20211124000027  -663.7 -77.3 -205.7
20211124000028  -663.9 -77.3 -205.8
20211124000029  -663.9 -77.4 -206.1
20211124000030  -663.9 -77.5 -205.9
20211124000031  -664.0 -77.5 -205.8
20211124000032  -664.2 -77.7 -205.8
20211124000033  -664.1 -77.7 -205.6
20211124000034  -664.0 -77.8 -205.6
20211124000035  -663.7 -77.6 -205.5
20211124000036  -663.4 -78.0 -204.9
20211124000037  -662.8 -77.7 -205.0
20211124000038  -662.7 -77.7 -204.8
20211124000039  -662.6 -77.6 -204.5
20211124000040  -662.5 -77.6 -204.4
20211124000041  -663.1 -77.6 -205.0
20211124000042  -663.3 -77.7 -205.0
20211124000043  -663.3 -77.9 -205.2
20211124000044  -663.1 -77.9 -205.0
20211124000045  -663.4 -78.0 -205.0
20211124000046  -663.5 -78.3 -205.1
20211124000047  -663.5 -78.4 -205.2
20211124000048  -663.5 -78.6 -205.0
20211124000049  -663.6 -78.8 -205.4
20211124000050  -663.4 -78.8 -205.1
20211124000051  -663.6 -78.8 -205.4
20211124000052  -663.5 -78.9 -205.1
20211124000053  -663.6 -79.1 -205.2
20211124000054  -663.8 -79.1 -205.2
20211124000055  -663.6 -78.9 -205.2
20211124000056  -663.6 -79.3 -205.2
20211124000057  -663.9 -79.3 -205.3
20211124000058  -664.0 -79.0 -205.2
20211124000059  -664.0 -78.9 -205.1
20211124000100  -663.9 -79.2 -205.2
20211124000101  -663.8 -79.4 -205.3
20211124000102  -663.5 -79.4 -205.1
20211124000103  -663.1 -79.1 -204.8
20211124000104  -663.4 -79.1 -204.6
20211124000105  -662.9 -79.1 -204.2
20211124000106  -663.0 -79.0 -204.2
20211124000107  -663.7 -79.1 -204.6
20211124000108  -664.0 -79.2 -204.9
20211124000109  -664.1 -79.4 -204.7
20211124000110  -664.2 -79.3 -204.9
20211124000111  -664.3 -79.6 -205.1
20211124000112  -664.4 -79.3 -205.2
20211124000113  -664.4 -79.4 -205.0
20211124000114  -664.6 -79.8 -205.1
20211124000115  -664.7 -79.7 -205.1
20211124000116  -664.8 -79.8 -205.1
20211124000117  -664.7 -80.0 -205.3
20211124000118  -664.9 -80.1 -205.3
20211124000119  -664.8 -79.8 -205.4
20211124000120  -664.7 -80.0 -205.2
20211124000121  -664.8 -80.0 -205.3
20211124000122  -664.8 -80.2 -205.5
20211124000123  -664.8 -80.0 -205.7
20211124000124  -665.1 -80.2 -205.6
20211124000125  -664.9 -80.0 -205.6
20211124000126  -665.2 -80.4 -205.5
20211124000127  -665.0 -80.3 -205.6
20211124000128  -665.0 -80.4 -205.5
20211124000129  -664.9 -80.2 -205.2
20211124000130  -664.6 -79.8 -205.0
20211124000131  -664.6 -79.8 -204.8
20211124000132  -664.2 -79.8 -204.6
20211124000133  -664.5 -79.8 -204.5
20211124000134  -665.1 -79.6 -205.3
20211124000135  -665.1 -79.6 -205.2
20211124000136  -665.2 -79.9 -205.3
20211124000137  -665.4 -80.0 -205.6
20211124000138  -665.5 -79.9 -205.5
20211124000139  -665.7 -80.0 -205.3
20211124000140  -665.7 -79.9 -205.0
20211124000141  -665.7 -80.1 -205.4
20211124000142  -665.9 -80.0 -205.5
20211124000143  -665.6 -80.2 -205.4
20211124000144  -665.7 -80.2 -205.5
20211124000145  -665.7 -80.3 -205.6
20211124000146  -666.0 -80.3 -205.7
20211124000147  -666.1 -80.0 -205.5
20211124000148  -666.1 -80.2 -205.8
20211124000149  -665.9 -80.6 -205.7
20211124000150  -666.0 -80.3 -205.5
20211124000151  -665.8 -80.6 -205.8
20211124000152  -666.1 -80.6 -205.8
20211124000153  -666.1 -80.4 -205.5
20211124000154  -665.6 -80.5 -205.5
20211124000155  -665.2 -80.3 -205.0
20211124000156  -664.6 -80.3 -204.8
20211124000157  -664.7 -80.3 -204.9
20211124000158  -664.6 -80.2 -204.8
20211124000159  -664.4 -80.2 -204.7
20211124000200  -664.6 -80.3 -204.8
20211124000201  -665.2 -80.2 -205.5
20211124000202  -665.7 -80.3 -205.7
20211124000203  -665.8 -80.5 -205.7
20211124000204  -665.8 -80.4 -205.7
20211124000205  -665.7 -80.4 -205.5
20211124000206  -666.2 -80.7 -205.9
20211124000207  -666.1 -80.6 -205.8
20211124000208  -665.8 -80.6 -205.6
20211124000209  -666.1 -80.5 -205.7
20211124000210  -666.2 -80.8 -205.9
20211124000211  -666.3 -81.2 -206.3
20211124000212  -666.3 -81.2 -206.2
20211124000213  -666.3 -81.4 -206.3
20211124000214  -666.2 -81.0 -206.1
20211124000215  -666.4 -81.1 -206.1
20211124000216  -666.3 -81.2 -206.2
20211124000217  -666.4 -81.0 -206.4
20211124000218  -666.4 -81.3 -206.0
20211124000219  -666.2 -81.0 -206.3
20211124000220  -666.1 -81.2 -206.2
20211124000221  -665.3 -81.0 -205.3
20211124000222  -664.7 -80.8 -205.1
20211124000223  -665.0 -80.7 -204.9
20211124000224  -664.6 -80.6 -204.8
20211124000225  -664.6 -80.6 -204.5
20211124000226  -664.4 -80.5 -204.7
20211124000227  -664.8 -80.8 -205.1
20211124000228  -665.4 -80.7 -205.6
20211124000229  -665.3 -80.4 -205.5
20211124000230  -665.4 -80.6 -205.6
20211124000231  -665.8 -80.7 -205.5
20211124000232  -665.6 -80.5 -205.5
20211124000233  -665.5 -80.6 -205.5
20211124000234  -665.9 -80.7 -205.7
20211124000235  -666.0 -80.7 -206.0
20211124000236  -665.7 -80.3 -206.0
20211124000237  -665.8 -80.6 -205.9
20211124000238  -665.9 -80.4 -206.2
20211124000239  -665.9 -80.5 -206.2
20211124000240  -665.7 -80.5 -206.0
20211124000241  -666.0 -80.4 -206.0
20211124000242  -666.1 -80.4 -205.9
20211124000243  -666.1 -80.5 -206.0
20211124000244  -666.2 -80.5 -205.8
20211124000245  -666.1 -80.5 -205.8
20211124000246  -666.0 -80.3 -205.8
20211124000247  -665.8 -80.4 -205.8
20211124000248  -665.1 -80.0 -205.1
20211124000249  -665.1 -79.9 -205.3
20211124000250  -664.8 -80.1 -204.8
20211124000251  -665.0 -79.6 -204.8
20211124000252  -665.0 -79.5 -204.5
20211124000253  -665.3 -79.9 -204.9
20211124000254  -665.6 -79.9 -205.1
20211124000255  -665.4 -80.1 -205.4
20211124000256  -665.5 -79.9 -205.3
20211124000257  -665.8 -79.9 -205.3
20211124000258  -665.8 -79.9 -205.3
20211124000259  -665.6 -80.1 -205.3
20211124000300  -665.8 -80.2 -205.5
20211124000301  -665.9 -80.2 -205.5
20211124000302  -665.8 -79.7 -205.6
20211124000303  -665.9 -79.8 -205.4
20211124000304  -665.7 -79.6 -205.2
20211124000305  -666.0 -79.7 -205.6
20211124000306  -666.0 -79.8 -205.9
20211124000307  -666.0 -80.0 -206.1
20211124000308  -665.7 -80.0 -205.8
20211124000309  -665.8 -79.9 -206.0
20211124000310  -665.6 -79.7 -206.0
20211124000311  -665.5 -79.6 -205.9
20211124000312  -665.5 -80.0 -206.0
20211124000313  -665.1 -80.1 -205.7
20211124000314  -664.9 -79.8 -205.3
20211124000315  -664.4 -79.7 -204.9
20211124000316  -664.2 -79.6 -204.7
20211124000317  -664.0 -79.3 -204.4
20211124000318  -663.9 -79.4 -204.4
20211124000319  -664.1 -79.4 -204.3
20211124000320  -664.9 -79.5 -205.0
20211124000321  -665.0 -79.1 -205.0
20211124000322  -665.1 -79.2 -204.8
20211124000323  -664.9 -79.2 -205.2
20211124000324  -665.0 -79.5 -205.3
20211124000325  -664.9 -79.3 -205.1
20211124000326  -664.9 -79.5 -205.5
20211124000327  -664.9 -79.3 -205.3
20211124000328  -664.9 -79.2 -205.4
20211124000329  -665.2 -79.6 -205.4
20211124000330  -664.9 -79.4 -205.4
20211124000331  -665.1 -79.6 -205.3
20211124000332  -665.2 -79.2 -205.2
20211124000333  -665.1 -79.3 -205.3
20211124000334  -665.4 -79.4 -205.6
20211124000335  -665.4 -79.3 -205.2
20211124000336  -665.0 -79.1 -205.1
20211124000337  -664.7 -79.0 -205.2
20211124000338  -664.9 -79.5 -205.4
20211124000339  -664.8 -79.6 -205.1
20211124000340  -664.2 -79.5 -205.0
20211124000341  -664.1 -79.2 -204.8
20211124000342  -664.2 -79.0 -204.9
20211124000343  -663.9 -79.1 -204.6
20211124000344  -663.3 -78.8 -204.2
20211124000345  -663.7 -79.0 -204.1
20211124000346  -664.1 -79.3 -204.8
20211124000347  -664.0 -79.2 -204.9
20211124000348  -664.0 -79.2 -204.8
20211124000349  -664.6 -79.1 -204.8
20211124000350  -664.3 -79.2 -204.9
20211124000351  -664.4 -79.0 -205.0
20211124000352  -664.5 -79.1 -204.6
20211124000353  -664.5 -79.2 -204.7
20211124000354  -664.8 -79.1 -204.9
20211124000355  -664.8 -78.9 -205.1
20211124000356  -664.6 -78.9 -205.1
20211124000357  -664.6 -79.1 -204.9
20211124000358  -664.5 -79.1 -204.9
20211124000359  -664.3 -79.2 -205.3
20211124000400  -664.1 -78.9 -205.2
20211124000401  -664.2 -78.9 -205.3
20211124000402  -664.3 -78.9 -205.0
20211124000403  -664.1 -79.1 -205.1
20211124000404  -664.2 -78.8 -204.8
20211124000405  -664.0 -79.1 -204.9
20211124000406  -663.4 -79.1 -204.8
20211124000407  -663.1 -78.7 -204.3
20211124000408  -663.3 -78.6 -204.2
20211124000409  -662.9 -78.6 -204.1
20211124000410  -662.7 -78.5 -203.9
20211124000411  -663.0 -78.3 -203.8
20211124000412  -663.6 -78.3 -204.5
20211124000413  -663.7 -78.4 -204.8
20211124000414  -663.7 -78.7 -204.7
20211124000415  -663.9 -78.8 -204.7
20211124000416  -663.7 -79.1 -204.8
20211124000417  -664.0 -79.2 -204.8
20211124000418  -664.0 -79.1 -204.9
20211124000419  -663.9 -78.9 -204.8
20211124000420  -664.0 -78.7 -204.5
20211124000421  -663.8 -79.1 -204.8
20211124000422  -663.7 -79.1 -204.8
20211124000423  -663.9 -79.2 -204.9
20211124000424  -663.7 -79.3 -204.8
20211124000425  -663.7 -79.0 -204.7
20211124000426  -664.0 -78.7 -204.7
20211124000427  -664.0 -78.6 -204.9
20211124000428  -663.7 -78.7 -204.6
20211124000429  -663.9 -78.7 -204.6
20211124000430  -664.1 -78.8 -204.4
20211124000431  -664.0 -78.9 -204.6
20211124000432  -663.7 -78.9 -204.4
20211124000433  -663.0 -78.6 -204.1
20211124000434  -662.3 -78.7 -203.8
20211124000435  -662.3 -78.4 -203.8
20211124000436  -662.2 -78.3 -204.0
20211124000437  -662.5 -78.4 -203.5
20211124000438  -663.2 -78.6 -204.3
20211124000439  -663.2 -78.9 -204.3
20211124000440  -663.3 -78.9 -204.5
20211124000441  -663.5 -78.8 -204.5
20211124000442  -663.5 -78.7 -204.6
20211124000443  -663.7 -78.7 -204.6
20211124000444  -663.5 -78.9 -204.7
20211124000445  -663.7 -79.2 -204.9
20211124000446  -663.7 -79.3 -204.9
20211124000447  -663.8 -79.2 -205.0
20211124000448  -664.1 -79.2 -205.3
20211124000449  -664.0 -79.2 -205.1
20211124000450  -663.9 -79.3 -205.0
20211124000451  -664.2 -79.3 -205.0
20211124000452  -664.3 -79.0 -205.1
20211124000453  -664.4 -79.0 -205.3
20211124000454  -664.1 -79.2 -205.2
20211124000455  -664.2 -79.2 -205.4
20211124000456  -664.3 -79.2 -205.5
20211124000457  -664.2 -79.2 -205.4
20211124000458  -664.1 -79.3 -205.5
20211124000459  -663.8 -79.3 -205.1
20211124000500  -663.8 -79.2 -205.0
20211124000501  -663.4 -78.8 -204.6
20211124000502  -663.2 -79.0 -204.2
20211124000503  -662.9 -79.0 -204.1
20211124000504  -664.0 -79.3 -205.0
20211124000505  -663.9 -79.2 -205.2
20211124000506  -664.1 -79.6 -205.5
20211124000507  -664.4 -79.4 -205.4
20211124000508  -664.2 -79.1 -205.5
20211124000509  -664.2 -79.1 -205.3
20211124000510  -664.3 -79.7 -205.5
20211124000511  -664.1 -79.3 -205.5
20211124000512  -664.4 -79.7 -205.5
20211124000513  -664.5 -79.7 -205.6
20211124000514  -664.5 -79.5 -205.4
20211124000515  -664.5 -79.5 -205.6
20211124000516  -664.5 -79.3 -205.6
20211124000517  -664.6 -79.4 -205.8
20211124000518  -664.4 -79.3 -205.6
20211124000519  -664.5 -79.6 -205.4
20211124000520  -664.5 -79.7 -205.4
20211124000521  -664.5 -79.7 -205.2
20211124000522  -664.9 -79.5 -205.4
20211124000523  -664.8 -79.6 -205.3
20211124000524  -664.5 -79.9 -205.1
20211124000525  -664.1 -80.1 -204.8
20211124000526  -663.9 -79.8 -204.6
20211124000527  -663.6 -79.6 -204.5
20211124000528  -663.4 -79.5 -204.3
20211124000529  -663.1 -79.5 -204.1
20211124000530  -663.5 -79.6 -203.9
20211124000531  -664.3 -79.8 -204.6
20211124000532  -664.5 -79.8 -205.0
20211124000533  -664.6 -79.7 -205.2
20211124000534  -664.4 -79.8 -204.9
20211124000535  -664.3 -80.2 -204.9
20211124000536  -664.4 -79.8 -204.9
20211124000537  -664.2 -79.9 -204.9
20211124000538  -664.6 -79.8 -205.2
20211124000539  -664.3 -79.8 -205.2
20211124000540  -664.4 -79.8 -205.3
20211124000541  -664.4 -80.1 -205.4
20211124000542  -664.2 -80.1 -205.2
20211124000543  -664.5 -80.0 -205.2
20211124000544  -664.2 -80.1 -205.1
20211124000545  -664.4 -79.8 -205.2
20211124000546  -664.2 -79.9 -205.1
20211124000547  -664.3 -80.1 -204.9
20211124000548  -664.4 -79.9 -205.2
20211124000549  -664.5 -80.2 -205.5
20211124000550  -664.6 -80.3 -205.3
20211124000551  -663.7 -80.2 -204.8
20211124000552  -663.5 -80.0 -204.5
20211124000553  -663.2 -79.9 -204.1
20211124000554  -663.2 -79.8 -204.0
20211124000555  -663.1 -79.6 -203.9
20211124000556  -663.0 -79.8 -203.7
20211124000557  -663.5 -79.6 -204.0
20211124000558  -664.1 -80.0 -204.5
20211124000559  -664.0 -79.7 -204.6
20211124000600  -663.9 -79.9 -204.5
20211124000601  -664.2 -80.0 -204.8
20211124000602  -664.6 -79.9 -204.5
20211124000603  -664.3 -80.0 -204.4
20211124000604  -664.5 -79.8 -204.9
20211124000605  -664.4 -79.8 -204.9
20211124000606  -664.4 -79.8 -204.7
20211124000607  -664.4 -80.0 -205.1
20211124000608  -664.6 -80.0 -204.9
20211124000609  -664.6 -80.1 -204.8
20211124000610  -664.9 -80.3 -204.9
20211124000611  -664.7 -80.3 -204.9
20211124000612  -665.0 -80.3 -205.0
20211124000613  -664.8 -80.3 -205.3
20211124000614  -665.0 -80.4 -205.3
20211124000615  -665.0 -80.3 -205.3
20211124000616  -665.1 -80.4 -205.3
20211124000617  -664.7 -80.6 -205.4
20211124000618  -664.7 -80.4 -204.7
20211124000619  -664.4 -80.0 -204.7
20211124000620  -664.4 -80.0 -204.4
20211124000621  -664.2 -79.8 -204.4
20211124000622  -664.4 -79.8 -204.3
20211124000623  -663.9 -80.0 -204.0
20211124000624  -664.8 -80.0 -204.7
20211124000625  -665.0 -80.0 -205.0
20211124000626  -664.9 -80.3 -204.9
20211124000627  -665.2 -80.1 -205.2
20211124000628  -665.1 -80.3 -205.1
20211124000629  -665.1 -80.0 -205.1
20211124000630  -664.9 -80.1 -205.0
20211124000631  -665.3 -79.9 -205.0
20211124000632  -665.6 -80.1 -205.3
20211124000633  -665.6 -80.4 -205.1
20211124000634  -665.5 -80.3 -205.1
20211124000635  -665.5 -80.0 -205.4
20211124000636  -665.4 -80.5 -205.6
20211124000637  -665.1 -80.6 -205.4
20211124000638  -665.2 -80.7 -205.4
20211124000639  -665.4 -80.6 -205.4
20211124000640  -665.4 -80.4 -205.3
20211124000641  -665.3 -80.5 -205.4
20211124000642  -665.4 -80.8 -205.0
20211124000643  -664.9 -80.8 -205.2
20211124000644  -664.4 -80.6 -204.9
20211124000645  -664.1 -80.7 -204.3
20211124000646  -663.9 -80.5 -204.1
20211124000647  -663.9 -80.5 -204.0
20211124000648  -663.5 -80.4 -204.2
20211124000649  -663.7 -80.4 -204.0
20211124000650  -663.9 -80.4 -203.9
20211124000651  -664.7 -80.7 -205.1
20211124000652  -664.5 -80.6 -205.1
20211124000653  -664.8 -80.6 -204.8
20211124000654  -664.5 -80.6 -204.8
20211124000655  -664.9 -80.9 -205.0
20211124000656  -664.8 -80.5 -204.9
20211124000657  -664.8 -81.0 -205.1
20211124000658  -664.9 -80.5 -205.1
20211124000659  -665.1 -80.6 -205.3
20211124000700  -665.2 -80.6 -205.2
20211124000701  -665.1 -80.6 -205.3
20211124000702  -665.1 -80.8 -205.2
20211124000703  -665.1 -80.6 -205.2
20211124000704  -665.1 -80.8 -205.2
20211124000705  -665.1 -81.1 -205.4
20211124000706  -665.4 -80.9 -205.3
20211124000707  -665.5 -81.0 -205.4
20211124000708  -665.6 -81.3 -205.4
20211124000709  -665.5 -81.0 -205.4
20211124000710  -664.9 -80.9 -204.9
20211124000711  -664.6 -80.8 -204.7
20211124000712  -664.5 -80.6 -204.6
20211124000713  -664.3 -80.7 -204.5
20211124000714  -664.7 -80.5 -204.3
20211124000715  -664.4 -80.5 -204.2
20211124000716  -664.0 -80.5 -204.3
20211124000717  -664.0 -80.5 -204.2
20211124000718  -665.0 -80.6 -205.0
20211124000719  -665.2 -80.7 -205.0
20211124000720  -665.0 -81.0 -205.0
20211124000721  -665.2 -80.9 -205.5
20211124000722  -665.2 -80.7 -205.3
20211124000723  -665.1 -80.7 -205.4
20211124000724  -665.2 -80.9 -205.4
20211124000725  -665.1 -80.9 -205.3
20211124000726  -664.9 -80.8 -205.5
20211124000727  -665.3 -80.6 -205.4
20211124000728  -665.7 -80.8 -205.3
20211124000729  -665.3 -80.8 -205.2
20211124000730  -665.5 -81.0 -205.3
20211124000731  -665.4 -81.1 -205.5
20211124000732  -665.6 -80.7 -205.5
20211124000733  -665.8 -80.7 -205.6
20211124000734  -665.9 -81.1 -205.5
20211124000735  -665.6 -81.1 -205.4
20211124000736  -665.5 -81.5 -205.8
20211124000737  -665.3 -81.2 -205.3
20211124000738  -665.1 -81.0 -205.3
20211124000739  -664.8 -80.8 -204.7
20211124000740  -664.9 -80.7 -204.6
20211124000741  -664.7 -80.8 -204.7
20211124000742  -664.9 -81.0 -204.6
20211124000743  -664.6 -80.7 -204.2
20211124000744  -665.4 -80.4 -204.7
20211124000745  -665.4 -80.6 -205.1
20211124000746  -665.6 -80.8 -205.4
20211124000747  -665.6 -80.6 -205.4
20211124000748  -665.4 -80.6 -205.4
20211124000749  -665.8 -80.6 -205.7
20211124000750  -665.7 -80.9 -205.8
20211124000751  -665.8 -80.8 -205.8
20211124000752  -665.7 -80.7 -205.8
20211124000753  -665.6 -80.7 -205.9
20211124000754  -665.5 -80.6 -205.8
20211124000755  -665.7 -80.8 -206.1
20211124000756  -665.5 -80.9 -206.1
20211124000757  -665.9 -80.8 -206.4
20211124000758  -665.9 -80.9 -206.2
20211124000759  -665.8 -81.2 -206.2
20211124000800  -666.0 -80.9 -205.9
20211124000801  -665.9 -80.9 -206.1
20211124000802  -665.7 -80.8 -206.0
20211124000803  -664.9 -80.8 -205.6
20211124000804  -664.6 -80.6 -205.2
20211124000805  -664.5 -80.5 -205.0
20211124000806  -664.4 -80.5 -204.7
20211124000807  -664.2 -80.2 -204.3
20211124000808  -664.0 -80.3 -204.5
20211124000809  -663.7 -80.0 -204.3
20211124000810  -664.0 -80.3 -204.4
20211124000811  -664.4 -80.4 -205.1
20211124000812  -664.5 -80.3 -205.7
