20211110163234  -663.8 -87.7 -185.4
20211110163235  -663.9 -88.3 -185.3
20211110163236  -663.9 -88.3 -185.8
20211110163237  -664.1 -88.3 -185.8
20211110163238  -664.4 -88.2 -186.0
20211110163239  -664.4 -88.3 -186.2
20211110163240  -664.5 -88.5 -186.0
20211110163241  -664.7 -88.5 -185.8
20211110163242  -664.8 -88.6 -185.8
20211110163243  -664.2 -88.4 -185.4
20211110163244  -664.0 -88.1 -185.1
20211110163245  -664.1 -88.0 -185.0
20211110163246  -664.1 -88.2 -185.0
20211110163247  -664.7 -88.4 -185.3
20211110163248  -665.3 -88.5 -185.4
20211110163249  -665.1 -88.7 -185.4
20211110163250  -665.4 -88.8 -185.4
20211110163251  -665.7 -88.6 -185.3
20211110163252  -665.8 -88.5 -185.4
20211110163253  -666.0 -88.7 -185.7
20211110163254  -666.0 -88.8 -185.6
20211110163255  -665.9 -88.8 -185.3
20211110163256  -665.9 -88.7 -185.5
20211110163257  -666.1 -89.2 -185.4
20211110163258  -666.3 -89.0 -185.4
20211110163259  -666.1 -89.0 -185.4
20211110163300  -666.4 -89.2 -185.6
20211110163301  -666.3 -89.1 -185.5
20211110163302  -666.5 -89.4 -185.6
20211110163303  -666.3 -89.3 -185.4
20211110163304  -666.5 -89.6 -185.4
20211110163305  -666.5 -89.4 -185.6
20211110163306  -666.7 -89.4 -185.6
20211110163307  -666.9 -89.4 -185.4
20211110163308  -666.8 -89.5 -185.4
20211110163309  -667.1 -89.4 -185.1
20211110163310  -666.9 -89.1 -185.3
20211110163311  -667.1 -89.1 -185.4
20211110163312  -667.4 -89.3 -185.4
20211110163313  -666.5 -89.5 -185.0
20211110163314  -666.5 -89.0 -184.5
20211110163315  -666.3 -89.0 -184.6
20211110163316  -666.2 -89.0 -184.2
20211110163317  -667.0 -88.9 -184.8
20211110163318  -667.3 -89.3 -184.9
20211110163319  -667.2 -89.3 -184.9
20211110163320  -667.2 -89.1 -184.8
20211110163321  -667.5 -89.0 -185.0
20211110163322  -667.6 -89.3 -185.1
20211110163323  -667.4 -89.2 -185.0
20211110163324  -667.5 -89.3 -185.0
20211110163325  -667.6 -89.3 -184.9
20211110163326  -667.7 -89.2 -185.1
20211110163327  -667.7 -89.2 -184.9
20211110163328  -667.8 -89.1 -185.0
20211110163329  -667.6 -89.1 -185.1
20211110163330  -667.8 -89.1 -184.9
20211110163331  -667.5 -89.4 -185.2
20211110163332  -667.7 -89.3 -185.1
20211110163333  -667.5 -89.3 -185.2
20211110163334  -667.7 -89.6 -185.3
20211110163335  -667.9 -89.3 -185.2
20211110163336  -667.7 -89.5 -184.9
20211110163337  -667.9 -89.3 -185.1
20211110163338  -667.6 -89.7 -185.4
20211110163339  -667.9 -89.6 -185.3
20211110163340  -667.9 -89.3 -185.0
20211110163341  -667.9 -89.2 -185.2
20211110163342  -667.8 -89.1 -185.2
20211110163343  -667.5 -89.2 -185.0
20211110163344  -666.9 -89.3 -184.7
20211110163345  -666.8 -88.9 -184.7
20211110163346  -666.5 -89.1 -184.4
20211110163347  -667.0 -89.0 -184.4
20211110163348  -667.4 -88.9 -184.6
20211110163349  -667.5 -88.9 -184.7
20211110163350  -667.7 -89.3 -184.8
20211110163351  -667.6 -89.2 -184.8
20211110163352  -667.7 -89.5 -185.0
20211110163353  -667.6 -89.3 -185.0
20211110163354  -667.6 -89.5 -185.2
20211110163355  -667.9 -89.4 -185.2
20211110163356  -667.6 -89.3 -185.0
20211110163357  -667.7 -89.5 -185.2
20211110163358  -667.5 -89.7 -185.1
20211110163359  -667.5 -89.8 -185.3
20211110163400  -667.6 -89.3 -185.3
20211110163401  -667.6 -89.6 -185.5
20211110163402  -667.5 -89.9 -185.3
20211110163403  -667.3 -89.8 -185.5
20211110163404  -667.3 -89.8 -185.4
20211110163405  -667.5 -89.8 -185.4
20211110163406  -667.7 -89.8 -185.4
20211110163407  -667.5 -89.6 -185.2
20211110163408  -667.4 -89.5 -185.2
20211110163409  -667.2 -89.8 -185.3
20211110163410  -667.3 -89.7 -185.2
20211110163411  -667.2 -89.4 -185.6
20211110163412  -667.2 -89.7 -185.4
20211110163413  -667.3 -89.9 -185.2
20211110163414  -666.6 -89.9 -184.9
20211110163415  -666.3 -89.6 -184.6
20211110163416  -666.1 -89.8 -184.3
20211110163417  -666.8 -89.9 -184.7
20211110163418  -666.8 -89.6 -184.9
20211110163419  -667.1 -89.9 -185.1
20211110163420  -666.7 -89.7 -185.1
20211110163421  -666.9 -89.7 -185.5
20211110163422  -666.9 -89.9 -185.4
20211110163423  -666.8 -89.9 -185.7
20211110163424  -666.8 -89.9 -185.6
20211110163425  -666.6 -89.9 -185.5
20211110163426  -666.7 -89.7 -185.3
20211110163427  -666.6 -89.4 -185.5
20211110163428  -666.6 -89.7 -185.6
20211110163429  -666.7 -89.7 -185.6
20211110163430  -666.7 -89.7 -185.8
20211110163431  -666.7 -89.7 -185.7
20211110163432  -666.8 -89.8 -185.5
20211110163433  -666.8 -89.6 -185.5
20211110163434  -666.7 -89.7 -185.6
20211110163435  -666.7 -90.1 -185.7
20211110163436  -666.6 -90.0 -185.5
20211110163437  -666.6 -89.9 -185.6
20211110163438  -666.5 -90.1 -185.6
20211110163439  -666.6 -90.0 -185.9
20211110163440  -666.7 -89.9 -185.7
20211110163441  -666.7 -90.2 -185.5
20211110163442  -666.6 -89.8 -185.6
20211110163443  -666.3 -89.8 -185.7
20211110163444  -665.7 -89.9 -185.3
20211110163445  -665.3 -89.7 -185.0
20211110163446  -665.1 -90.1 -184.7
20211110163447  -666.0 -89.9 -185.3
20211110163448  -665.7 -90.0 -185.6
20211110163449  -665.9 -89.9 -185.4
20211110163450  -665.8 -90.0 -185.3
20211110163451  -665.8 -89.9 -185.6
20211110163452  -665.8 -89.8 -185.7
20211110163453  -666.0 -89.5 -185.8
20211110163454  -666.1 -89.5 -185.9
20211110163455  -666.1 -89.8 -185.8
20211110163456  -666.1 -89.6 -185.7
20211110163457  -666.1 -89.5 -185.8
20211110163458  -665.9 -89.6 -185.5
20211110163459  -666.1 -89.6 -185.4
20211110163500  -665.7 -89.3 -185.9
20211110163501  -665.8 -89.4 -186.0
20211110163502  -665.8 -89.3 -186.1
20211110163503  -666.1 -89.5 -186.0
20211110163504  -666.0 -89.5 -186.0
20211110163505  -665.9 -89.4 -185.8
20211110163506  -665.9 -89.5 -185.9
20211110163507  -665.7 -89.4 -185.6
20211110163508  -666.0 -89.2 -185.4
20211110163509  -666.1 -89.0 -185.6
20211110163510  -666.3 -89.3 -186.0
20211110163511  -666.4 -89.3 -185.6
20211110163512  -666.4 -89.3 -185.5
20211110163513  -666.4 -89.3 -185.5
20211110163514  -665.6 -89.4 -185.3
20211110163515  -665.3 -89.1 -184.5
20211110163516  -665.0 -88.9 -184.3
20211110163517  -665.5 -89.1 -185.3
20211110163518  -665.6 -89.2 -185.2
20211110163519  -665.7 -89.0 -185.2
20211110163520  -665.8 -89.1 -185.1
20211110163521  -665.7 -89.1 -185.2
20211110163522  -665.9 -88.8 -185.2
20211110163523  -665.8 -88.9 -185.6
20211110163524  -665.8 -89.2 -185.5
20211110163525  -666.1 -89.1 -185.4
20211110163526  -666.0 -89.2 -185.5
20211110163527  -666.0 -89.0 -185.2
20211110163528  -666.1 -89.1 -185.2
20211110163529  -665.8 -89.1 -185.3
20211110163530  -665.9 -89.1 -185.3
20211110163531  -665.9 -89.1 -185.3
20211110163532  -665.9 -88.9 -185.5
20211110163533  -666.1 -89.2 -185.5
20211110163534  -666.2 -89.3 -185.4
20211110163535  -666.0 -89.2 -185.6
20211110163536  -666.2 -89.1 -185.3
20211110163537  -666.4 -89.1 -185.4
20211110163538  -666.5 -89.3 -185.5
20211110163539  -666.6 -89.4 -185.5
20211110163540  -666.3 -89.3 -185.6
20211110163541  -666.7 -89.4 -185.8
20211110163542  -666.8 -89.5 -185.6
20211110163543  -666.5 -89.8 -185.6
20211110163544  -666.5 -89.6 -185.6
20211110163545  -666.0 -89.2 -185.4
20211110163546  -666.4 -89.3 -185.5
20211110163547  -666.8 -89.3 -185.6
20211110163548  -666.9 -89.2 -186.1
20211110163549  -666.8 -89.2 -185.8
20211110163550  -666.7 -89.3 -185.3
20211110163551  -666.8 -89.2 -185.4
20211110163552  -666.7 -88.9 -185.5
20211110163553  -666.8 -89.2 -185.8
20211110163554  -666.8 -89.2 -185.8
20211110163555  -666.7 -89.1 -185.8
20211110163556  -666.6 -89.2 -185.7
20211110163557  -666.6 -89.0 -186.0
20211110163558  -666.7 -89.2 -185.9
20211110163559  -666.7 -89.3 -185.7
20211110163600  -666.9 -89.1 -185.7
20211110163601  -667.1 -88.9 -185.9
20211110163602  -666.9 -89.3 -186.1
20211110163603  -666.8 -89.2 -185.8
20211110163604  -666.9 -89.2 -185.7
20211110163605  -666.9 -89.2 -185.7
20211110163606  -666.9 -89.2 -185.6
20211110163607  -666.8 -89.2 -185.4
20211110163608  -666.8 -89.3 -185.4
20211110163609  -667.0 -89.4 -185.4
20211110163610  -667.1 -89.4 -185.4
20211110163611  -667.2 -88.9 -185.5
20211110163612  -667.2 -89.0 -185.5
20211110163613  -667.3 -89.1 -185.5
20211110163614  -666.8 -89.0 -185.4
20211110163615  -666.9 -88.9 -184.7
20211110163616  -667.2 -88.8 -185.1
20211110163617  -667.5 -89.1 -185.3
20211110163618  -667.6 -88.9 -185.3
20211110163619  -667.5 -89.1 -185.4
20211110163620  -667.8 -89.1 -185.4
20211110163621  -667.6 -89.0 -185.5
20211110163622  -668.0 -89.3 -185.4
20211110163623  -667.9 -89.5 -185.5
20211110163624  -667.9 -89.3 -185.2
20211110163625  -668.0 -89.1 -185.2
20211110163626  -668.4 -89.5 -184.9
20211110163627  -668.7 -89.5 -185.0
20211110163628  -668.4 -89.5 -185.2
20211110163629  -668.5 -89.3 -184.9
20211110163630  -668.7 -89.3 -185.0
20211110163631  -668.5 -89.2 -185.2
20211110163632  -668.7 -89.3 -185.3
20211110163633  -668.5 -89.4 -185.1
20211110163634  -668.7 -89.7 -185.3
20211110163635  -669.0 -89.5 -185.1
20211110163636  -668.7 -89.6 -185.1
20211110163637  -668.9 -89.6 -185.1
20211110163638  -669.3 -89.5 -185.3
20211110163639  -669.3 -89.8 -185.2
20211110163640  -669.5 -89.8 -185.2
20211110163641  -669.3 -89.6 -185.0
20211110163642  -669.5 -89.4 -185.3
20211110163643  -669.4 -89.6 -185.2
20211110163644  -669.2 -89.6 -185.0
20211110163645  -668.5 -89.3 -184.5
20211110163646  -668.6 -89.5 -184.3
20211110163647  -669.2 -89.2 -184.7
20211110163648  -669.2 -89.4 -184.4
20211110163649  -669.1 -89.3 -184.7
20211110163650  -669.1 -89.2 -184.5
20211110163651  -669.3 -89.4 -184.8
20211110163652  -669.6 -89.2 -184.9
20211110163653  -669.5 -89.1 -184.6
20211110163654  -669.5 -89.2 -184.6
20211110163655  -669.5 -89.3 -184.5
20211110163656  -669.4 -89.3 -184.3
20211110163657  -669.6 -89.1 -184.7
20211110163658  -669.6 -89.0 -184.5
20211110163659  -669.5 -89.5 -184.5
20211110163700  -669.8 -89.4 -184.7
20211110163701  -669.7 -89.6 -184.8
20211110163702  -669.8 -89.5 -185.0
20211110163703  -670.1 -89.8 -184.9
20211110163704  -669.9 -89.9 -184.7
20211110163705  -669.8 -89.6 -184.8
20211110163706  -669.9 -89.7 -184.7
20211110163707  -669.8 -89.4 -184.6
20211110163708  -670.1 -89.5 -184.8
20211110163709  -669.8 -89.4 -184.6
20211110163710  -669.7 -89.5 -184.8
20211110163711  -669.9 -89.7 -184.5
20211110163712  -670.2 -89.6 -184.5
20211110163713  -670.2 -89.2 -184.7
20211110163714  -670.2 -89.3 -184.7
20211110163715  -669.9 -89.2 -183.9
20211110163716  -669.7 -89.3 -183.7
20211110163717  -670.6 -89.4 -183.9
20211110163718  -670.5 -89.8 -184.4
20211110163719  -670.8 -89.5 -184.5
20211110163720  -670.9 -89.5 -184.5
20211110163721  -670.8 -89.4 -184.3
20211110163722  -671.1 -89.2 -184.5
20211110163723  -671.0 -89.4 -184.5
20211110163724  -670.8 -89.7 -184.3
20211110163725  -670.9 -89.6 -184.2
20211110163726  -671.2 -89.4 -184.3
20211110163727  -671.2 -89.6 -184.3
20211110163728  -671.1 -89.5 -184.1
20211110163729  -671.3 -89.4 -184.3
20211110163730  -671.2 -89.7 -184.1
20211110163731  -671.2 -89.6 -184.2
20211110163732  -671.4 -89.8 -184.6
20211110163733  -671.2 -89.5 -184.4
20211110163734  -671.1 -89.6 -184.4
20211110163735  -671.2 -89.6 -184.3
20211110163736  -671.2 -89.6 -184.4
20211110163737  -671.3 -89.6 -184.3
20211110163738  -671.3 -89.6 -184.4
20211110163739  -671.3 -89.4 -184.6
20211110163740  -671.2 -89.9 -184.6
20211110163741  -671.3 -89.8 -184.6
20211110163742  -671.4 -89.8 -184.6
20211110163743  -671.5 -90.1 -184.7
20211110163744  -671.2 -90.2 -184.6
20211110163745  -670.8 -90.3 -184.4
20211110163746  -670.7 -89.8 -184.0
20211110163747  -671.3 -90.1 -184.5
20211110163748  -671.3 -90.3 -184.6
20211110163749  -671.3 -90.3 -184.2
20211110163750  -671.7 -90.4 -184.3
20211110163751  -671.5 -90.4 -184.4
20211110163752  -671.3 -90.2 -184.2
20211110163753  -671.4 -90.5 -184.1
20211110163754  -671.6 -90.6 -184.4
20211110163755  -671.6 -90.7 -184.1
20211110163756  -671.7 -90.6 -184.2
20211110163757  -671.6 -90.8 -184.3
20211110163758  -672.1 -90.6 -184.2
20211110163759  -672.0 -90.5 -183.9
20211110163800  -671.8 -90.3 -184.1
20211110163801  -672.1 -90.6 -184.6
20211110163802  -671.9 -90.6 -184.4
20211110163803  -672.1 -90.5 -184.0
20211110163804  -672.2 -90.5 -184.6
20211110163805  -672.3 -90.5 -184.6
20211110163806  -672.0 -90.5 -184.6
20211110163807  -672.1 -90.4 -184.7
20211110163808  -672.0 -90.0 -184.4
20211110163809  -671.9 -90.3 -184.6
20211110163810  -671.9 -90.3 -184.7
20211110163811  -672.0 -90.5 -184.8
20211110163812  -672.4 -90.4 -185.0
20211110163813  -672.1 -90.3 -184.9
20211110163814  -672.0 -90.3 -184.9
20211110163815  -671.1 -89.9 -184.1
20211110163816  -670.9 -90.0 -184.0
20211110163817  -671.3 -89.8 -184.3
20211110163818  -671.5 -90.0 -184.5
20211110163819  -671.7 -90.1 -184.5
