1030185438  -611.3 -105.2 -177.0
20211030185439  -611.4 -105.0 -176.8
20211030185440  -611.4 -104.9 -176.5
20211030185441  -611.2 -105.0 -176.5
20211030185442  -611.4 -105.1 -176.6
20211030185443  -611.3 -105.2 -176.6
20211030185444  -611.5 -105.0 -176.7
20211030185445  -611.5 -104.9 -176.6
20211030185446  -611.3 -105.0 -176.6
20211030185447  -611.3 -105.1 -176.7
20211030185448  -611.1 -105.3 -176.7
20211030185449  -611.1 -104.9 -176.7
20211030185450  -611.0 -104.9 -176.6
20211030185451  -611.0 -105.0 -176.3
20211030185452  -611.0 -104.9 -176.2
20211030185453  -611.1 -104.9 -176.3
20211030185454  -611.2 -104.9 -176.5
20211030185455  -610.8 -105.0 -176.4
20211030185456  -610.5 -105.0 -176.3
20211030185457  -610.5 -105.1 -176.4
20211030185458  -610.7 -105.1 -176.1
20211030185459  -610.7 -104.9 -176.2
20211030185500  -610.8 -105.1 -176.3
20211030185501  -610.6 -105.0 -176.4
20211030185502  -610.6 -105.1 -176.5
20211030185503  -610.9 -105.2 -176.6
20211030185504  -610.7 -105.1 -176.6
20211030185505  -610.4 -105.2 -176.6
20211030185506  -610.4 -105.3 -176.6
20211030185507  -610.3 -105.5 -176.4
20211030185508  -610.1 -105.2 -176.5
20211030185509  -609.9 -105.1 -176.5
20211030185510  -609.8 -105.0 -176.5
20211030185511  -609.8 -105.0 -176.5
20211030185512  -609.9 -105.3 -176.3
20211030185513  -609.9 -105.3 -176.5
20211030185514  -610.2 -105.4 -176.7
20211030185515  -609.9 -105.4 -176.6
20211030185516  -609.7 -105.1 -176.5
20211030185517  -609.8 -105.4 -176.4
20211030185518  -609.8 -105.4 -176.4
20211030185519  -609.7 -105.6 -176.3
20211030185520  -609.7 -105.6 -176.4
20211030185521  -609.3 -105.7 -176.2
20211030185522  -609.4 -105.5 -176.5
20211030185523  -609.4 -105.3 -176.6
20211030185524  -609.5 -105.6 -176.4
20211030185525  -609.3 -105.8 -176.5
20211030185526  -609.3 -105.6 -176.2
20211030185527  -609.2 -105.8 -175.9
20211030185528  -609.2 -105.6 -176.0
20211030185529  -609.5 -105.4 -176.2
20211030185530  -609.1 -105.3 -175.9
20211030185531  -609.1 -105.5 -175.9
20211030185532  -608.8 -105.4 -176.1
20211030185533  -608.7 -105.5 -176.1
20211030185534  -608.6 -105.7 -175.7
20211030185535  -608.5 -105.7 -175.9
20211030185536  -608.3 -105.6 -175.9
20211030185537  -608.4 -105.8 -176.1
20211030185538  -608.5 -106.1 -176.0
20211030185539  -608.3 -106.1 -176.2
20211030185540  -607.8 -106.3 -176.0
20211030185541  -608.0 -106.2 -176.1
20211030185542  -608.0 -106.0 -175.9
20211030185543  -608.0 -105.8 -175.6
20211030185544  -608.0 -106.0 -175.9
20211030185545  -608.0 -106.0 -175.7
20211030185546  -608.1 -105.8 -175.8
20211030185547  -607.9 -105.6 -175.8
20211030185548  -607.7 -105.6 -175.7
20211030185549  -607.6 -105.7 -175.6
20211030185550  -607.6 -105.7 -175.7
20211030185551  -607.9 -105.4 -175.6
20211030185552  -607.8 -105.4 -175.6
20211030185553  -607.9 -105.7 -175.6
20211030185554  -608.2 -105.8 -175.7
20211030185555  -607.7 -105.5 -175.5
20211030185556  -608.2 -105.6 -175.6
20211030185557  -608.1 -105.5 -175.5
20211030185558  -607.9 -105.4 -175.6
20211030185559  -608.0 -105.2 -175.3
20211030185600  -608.0 -105.7 -175.6
20211030185601  -608.4 -105.3 -175.5
20211030185602  -608.2 -105.4 -175.4
20211030185603  -608.1 -105.2 -175.5
20211030185604  -608.5 -105.0 -175.4
20211030185605  -608.3 -105.1 -175.6
20211030185606  -608.2 -105.0 -175.5
20211030185607  -608.6 -105.1 -175.5
20211030185608  -608.7 -105.3 -175.8
20211030185609  -608.3 -105.3 -175.6
20211030185610  -608.6 -105.5 -175.2
20211030185611  -608.6 -105.3 -175.5
20211030185612  -608.6 -105.6 -175.7
20211030185613  -608.8 -105.5 -175.5
20211030185614  -609.0 -105.3 -175.4
20211030185615  -609.2 -105.4 -175.5
20211030185616  -609.3 -105.5 -175.4
20211030185617  -609.1 -105.3 -175.3
20211030185618  -609.3 -105.4 -175.3
20211030185619  -609.3 -105.6 -175.4
20211030185620  -609.3 -105.5 -175.4
20211030185621  -609.7 -105.7 -175.5
20211030185622  -609.8 -105.6 -175.6
20211030185623  -609.5 -105.4 -175.6
20211030185624  -609.8 -105.9 -175.5
20211030185625  -610.0 -105.7 -175.5
20211030185626  -609.8 -105.5 -175.7
20211030185627  -609.9 -105.9 -175.8
20211030185628  -610.0 -106.0 -175.8
20211030185629  -610.0 -105.8 -175.8
20211030185630  -610.0 -106.2 -175.6
20211030185631  -610.0 -106.1 -175.7
20211030185632  -609.9 -106.1 -175.9
20211030185633  -609.9 -106.0 -176.0
20211030185634  -609.5 -106.0 -175.4
20211030185635  -610.0 -106.2 -175.9
20211030185636  -610.0 -106.3 -175.8
20211030185637  -610.0 -106.4 -175.5
20211030185638  -610.2 -106.2 -175.4
20211030185639  -610.0 -106.2 -175.6
20211030185640  -609.9 -106.3 -176.1
20211030185641  -610.0 -106.3 -175.8
20211030185642  -610.1 -106.3 -176.0
20211030185643  -610.0 -106.2 -176.2
20211030185644  -609.9 -106.3 -175.8
20211030185645  -609.7 -106.2 -176.1
20211030185646  -609.8 -106.3 -176.3
20211030185647  -609.7 -106.3 -176.0
20211030185648  -609.7 -106.3 -176.1
20211030185649  -609.7 -106.2 -176.1
20211030185650  -609.6 -106.1 -176.0
20211030185651  -609.5 -106.2 -176.1
20211030185652  -609.7 -106.4 -176.0
20211030185653  -609.8 -106.4 -176.0
20211030185654  -610.0 -106.3 -176.6
20211030185655  -609.9 -106.2 -176.5
20211030185656  -609.6 -106.4 -176.2
20211030185657  -609.7 -106.5 -176.3
20211030185658  -609.5 -106.3 -176.3
20211030185659  -609.6 -106.4 -176.8
20211030185700  -609.5 -106.4 -176.7
20211030185701  -609.7 -106.4 -176.5
20211030185702  -609.5 -106.7 -176.5
20211030185703  -609.5 -106.7 -176.6
20211030185704  -608.9 -106.8 -175.8
20211030185705  -609.5 -106.5 -176.2
20211030185706  -609.4 -106.4 -176.1
20211030185707  -609.7 -106.2 -176.2
20211030185708  -609.7 -106.4 -176.4
20211030185709  -609.8 -106.5 -176.3
20211030185710  -609.8 -106.5 -176.3
20211030185711  -609.8 -106.7 -176.3
20211030185712  -609.6 -106.5 -176.3
20211030185713  -609.4 -106.5 -176.2
20211030185714  -609.5 -106.7 -176.1
20211030185715  -609.4 -106.7 -176.0
20211030185716  -609.3 -106.5 -176.3
20211030185717  -609.4 -106.5 -176.2
20211030185718  -609.3 -106.7 -176.4
20211030185719  -609.6 -106.8 -176.3
20211030185720  -609.6 -106.3 -176.4
20211030185721  -609.5 -106.4 -176.6
20211030185722  -609.9 -106.4 -176.5
20211030185723  -609.9 -106.5 -176.5
20211030185724  -609.6 -106.5 -176.3
20211030185725  -609.5 -106.5 -176.5
20211030185726  -609.5 -106.3 -176.5
20211030185727  -609.3 -106.1 -176.1
20211030185728  -609.4 -106.4 -176.2
20211030185729  -609.5 -106.6 -176.0
20211030185730  -609.4 -106.6 -176.0
20211030185731  -609.4 -106.5 -175.8
20211030185732  -609.4 -106.5 -176.2
20211030185733  -609.5 -106.4 -175.9
20211030185734  -608.8 -106.7 -175.8
20211030185735  -608.8 -106.2 -175.4
20211030185736  -608.7 -106.3 -175.7
20211030185737  -608.9 -106.2 -176.0
20211030185738  -609.1 -106.2 -175.8
20211030185739  -608.9 -106.0 -175.9
20211030185740  -609.0 -106.1 -175.7
20211030185741  -608.9 -106.1 -175.6
20211030185742  -608.8 -105.9 -175.4
20211030185743  -608.7 -106.1 -175.3
20211030185744  -608.6 -106.1 -175.4
20211030185745  -608.6 -106.1 -175.2
20211030185746  -608.6 -105.7 -175.3
20211030185747  -608.6 -105.7 -175.3
20211030185748  -608.6 -105.8 -175.5
20211030185749  -608.4 -105.7 -175.3
20211030185750  -608.4 -105.7 -175.4
20211030185751  -608.2 -105.6 -175.4
20211030185752  -608.1 -105.6 -175.3
20211030185753  -608.2 -105.6 -175.3
20211030185754  -607.9 -105.6 -175.3
20211030185755  -607.8 -105.5 -175.4
20211030185756  -608.0 -105.5 -175.2
20211030185757  -607.9 -105.6 -174.9
20211030185758  -607.8 -105.4 -174.9
20211030185759  -607.7 -105.4 -175.0
20211030185800  -607.6 -105.6 -175.0
20211030185801  -607.5 -105.3 -175.3
20211030185802  -607.9 -104.8 -175.0
20211030185803  -607.6 -104.9 -174.9
20211030185804  -607.6 -105.0 -175.1
20211030185805  -607.3 -104.8 -174.5
20211030185806  -607.7 -105.0 -174.7
20211030185807  -607.4 -105.0 -174.9
20211030185808  -607.4 -105.2 -175.1
20211030185809  -607.5 -105.2 -175.2
20211030185810  -607.4 -105.2 -175.3
20211030185811  -607.3 -105.1 -175.0
20211030185812  -607.8 -105.0 -175.0
20211030185813  -607.6 -105.0 -175.3
20211030185814  -607.4 -104.8 -175.5
20211030185815  -607.7 -105.1 -175.3
20211030185816  -608.0 -104.8 -175.2
20211030185817  -607.9 -104.8 -175.0
