20211129215525  -660.8 -71.7 -197.4
20211129215526  -661.0 -72.0 -197.3
20211129215527  -660.9 -72.1 -197.5
20211129215528  -660.6 -72.2 -197.5
20211129215529  -660.6 -72.4 -197.4
20211129215530  -660.6 -72.7 -197.6
20211129215531  -660.8 -72.8 -197.7
20211129215532  -661.0 -73.0 -197.9
20211129215533  -661.1 -72.9 -198.0
20211129215534  -660.8 -72.9 -197.9
20211129215535  -660.8 -73.1 -197.7
20211129215536  -660.7 -73.0 -197.9
20211129215537  -660.7 -73.0 -198.2
20211129215538  -660.7 -73.1 -198.2
20211129215539  -660.7 -73.3 -198.2
20211129215540  -660.7 -73.2 -198.2
20211129215541  -660.6 -73.1 -198.2
20211129215542  -660.3 -73.3 -198.3
20211129215543  -659.8 -73.3 -197.9
20211129215544  -659.5 -73.2 -197.8
20211129215545  -659.0 -73.1 -197.4
20211129215546  -659.0 -72.9 -197.4
20211129215547  -658.7 -72.9 -196.9
20211129215548  -659.3 -73.0 -197.4
20211129215549  -659.4 -72.7 -197.7
20211129215550  -659.6 -73.1 -197.6
20211129215551  -659.7 -73.3 -197.9
20211129215552  -659.6 -73.5 -198.1
20211129215553  -659.7 -73.4 -198.0
20211129215554  -659.9 -73.5 -197.7
20211129215555  -659.9 -73.7 -198.0
20211129215556  -660.0 -73.6 -198.1
20211129215557  -660.1 -73.7 -198.2
20211129215558  -660.3 -73.6 -198.5
20211129215559  -660.0 -73.8 -198.3
20211129215600  -660.0 -73.7 -198.4
20211129215601  -660.3 -73.7 -198.1
20211129215602  -660.2 -73.9 -198.2
20211129215603  -660.4 -74.0 -198.4
20211129215604  -660.5 -74.1 -198.5
20211129215605  -660.3 -74.3 -198.6
20211129215606  -661.0 -74.3 -198.8
20211129215607  -661.0 -74.0 -198.5
20211129215608  -661.1 -74.3 -199.0
20211129215609  -660.5 -74.1 -198.5
20211129215610  -660.2 -74.1 -198.1
20211129215611  -660.3 -73.7 -197.7
20211129215612  -660.0 -73.6 -197.8
20211129215613  -659.7 -73.6 -197.4
20211129215614  -660.0 -73.5 -197.5
20211129215615  -660.7 -73.7 -198.0
20211129215616  -660.8 -74.0 -198.2
20211129215617  -661.1 -73.7 -198.3
20211129215618  -660.8 -73.7 -198.3
20211129215619  -660.9 -73.9 -198.4
20211129215620  -661.0 -73.6 -198.7
20211129215621  -661.1 -74.1 -199.0
20211129215622  -661.1 -74.1 -198.6
20211129215623  -661.2 -74.1 -198.2
20211129215624  -661.2 -74.4 -198.4
20211129215625  -661.3 -74.1 -198.4
20211129215626  -661.2 -74.2 -198.4
20211129215627  -661.0 -74.0 -198.6
20211129215628  -660.9 -73.6 -198.5
20211129215629  -661.0 -73.9 -199.0
20211129215630  -661.2 -74.0 -198.7
20211129215631  -660.9 -73.8 -198.9
20211129215632  -660.9 -73.6 -198.8
20211129215633  -661.2 -74.1 -199.1
20211129215634  -661.3 -74.2 -199.3
20211129215635  -661.0 -74.2 -199.1
20211129215636  -660.5 -74.1 -198.6
20211129215637  -660.3 -74.2 -198.5
20211129215638  -659.9 -74.1 -198.4
20211129215639  -659.6 -74.0 -198.2
20211129215640  -659.8 -73.7 -198.4
20211129215641  -660.7 -74.1 -199.0
20211129215642  -660.5 -74.1 -198.9
20211129215643  -660.8 -74.2 -199.0
20211129215644  -661.2 -74.1 -199.0
20211129215645  -660.8 -74.0 -199.0
20211129215646  -660.9 -74.2 -199.0
20211129215647  -661.1 -74.3 -199.2
20211129215648  -661.1 -74.5 -199.2
20211129215649  -660.9 -74.5 -199.1
20211129215650  -661.1 -74.5 -199.5
20211129215651  -661.0 -74.2 -199.4
20211129215652  -661.0 -74.7 -199.3
20211129215653  -661.0 -74.7 -199.3
20211129215654  -661.2 -74.5 -199.4
20211129215655  -661.1 -74.4 -199.3
20211129215656  -660.9 -74.3 -199.2
20211129215657  -660.7 -74.5 -199.5
20211129215658  -660.9 -74.5 -199.3
20211129215659  -660.9 -74.5 -199.5
20211129215700  -660.7 -74.6 -199.6
20211129215701  -660.4 -74.9 -199.5
20211129215702  -659.7 -74.7 -199.0
20211129215703  -659.7 -74.7 -198.8
20211129215704  -659.5 -74.4 -198.5
20211129215705  -659.5 -74.2 -198.4
20211129215706  -659.1 -74.1 -198.0
20211129215707  -660.2 -74.2 -199.0
20211129215708  -660.5 -74.4 -199.1
20211129215709  -660.6 -74.5 -198.9
20211129215710  -660.6 -74.3 -199.5
20211129215711  -660.9 -74.4 -199.6
20211129215712  -660.7 -74.4 -199.6
20211129215713  -661.0 -74.7 -199.5
20211129215714  -660.9 -74.9 -199.7
20211129215715  -660.7 -74.8 -199.8
20211129215716  -661.1 -74.6 -199.7
20211129215717  -661.1 -74.5 -199.8
20211129215718  -661.1 -74.8 -200.0
20211129215719  -661.1 -74.9 -200.2
20211129215720  -661.1 -75.2 -200.3
20211129215721  -660.9 -75.1 -200.2
20211129215722  -660.8 -75.2 -200.2
20211129215723  -661.2 -75.3 -200.3
20211129215724  -661.2 -75.3 -200.3
20211129215725  -661.3 -75.3 -199.9
20211129215726  -661.4 -75.4 -200.3
20211129215727  -661.3 -75.5 -200.4
20211129215728  -660.9 -75.5 -199.9
20211129215729  -660.5 -75.5 -199.8
20211129215730  -660.4 -75.5 -199.4
20211129215731  -660.3 -74.9 -199.3
20211129215732  -660.2 -74.9 -199.1
20211129215733  -660.5 -75.1 -199.2
20211129215734  -661.4 -74.8 -200.1
20211129215735  -661.5 -74.8 -199.9
20211129215736  -661.6 -75.1 -200.0
20211129215737  -661.4 -75.1 -200.1
20211129215738  -661.4 -75.3 -200.0
20211129215739  -661.6 -75.5 -200.3
20211129215740  -661.7 -75.5 -200.4
20211129215741  -661.6 -75.6 -200.3
20211129215742  -661.8 -75.6 -200.5
20211129215743  -662.0 -75.5 -200.3
20211129215744  -662.4 -75.5 -200.4
20211129215745  -662.2 -75.4 -200.7
20211129215746  -662.1 -75.8 -200.4
20211129215747  -662.4 -75.6 -200.3
20211129215748  -662.5 -75.4 -200.5
20211129215749  -662.6 -75.6 -200.3
20211129215750  -662.5 -75.7 -200.5
20211129215751  -662.5 -75.8 -200.4
20211129215752  -662.2 -75.6 -200.7
20211129215753  -662.4 -75.7 -200.9
20211129215754  -662.4 -76.0 -201.0
20211129215755  -662.2 -76.0 -200.4
20211129215756  -661.6 -76.1 -200.3
20211129215757  -661.4 -76.2 -200.0
20211129215758  -661.5 -76.1 -199.7
20211129215759  -661.9 -75.6 -200.1
20211129215800  -662.3 -75.8 -200.5
20211129215801  -662.2 -75.8 -200.5
20211129215802  -662.7 -75.8 -200.5
20211129215803  -662.6 -75.8 -200.6
20211129215804  -662.9 -75.7 -201.0
20211129215805  -662.6 -75.8 -200.8
20211129215806  -662.8 -75.9 -200.9
20211129215807  -662.7 -76.0 -201.1
20211129215808  -662.8 -76.1 -200.7
20211129215809  -662.9 -76.2 -200.8
20211129215810  -662.8 -76.1 -200.7
20211129215811  -663.0 -76.1 -200.8
20211129215812  -663.0 -76.6 -201.0
20211129215813  -663.2 -76.5 -200.8
20211129215814  -663.1 -76.0 -200.9
20211129215815  -663.2 -76.1 -201.1
20211129215816  -663.1 -76.3 -201.3
20211129215817  -663.2 -76.5 -201.1
20211129215818  -663.2 -76.2 -200.8
20211129215819  -663.0 -76.2 -200.7
20211129215820  -662.8 -76.3 -201.0
20211129215821  -662.4 -76.0 -200.5
20211129215822  -662.3 -75.9 -200.5
20211129215823  -662.2 -75.7 -200.4
20211129215824  -661.8 -75.8 -200.1
20211129215825  -662.2 -75.9 -200.1
20211129215826  -662.9 -75.7 -201.0
20211129215827  -662.8 -75.7 -200.9
20211129215828  -662.8 -75.7 -201.0
20211129215829  -662.7 -75.8 -200.8
20211129215830  -662.9 -75.9 -201.1
20211129215831  -662.9 -75.9 -200.9
20211129215832  -663.0 -75.9 -201.1
20211129215833  -663.1 -76.0 -201.2
20211129215834  -663.0 -75.8 -201.2
20211129215835  -663.0 -75.7 -201.1
20211129215836  -662.9 -76.1 -201.0
20211129215837  -663.3 -76.0 -200.9
20211129215838  -663.1 -75.7 -200.7
20211129215839  -663.1 -75.6 -201.2
20211129215840  -663.2 -75.5 -201.2
20211129215841  -663.4 -75.9 -201.4
20211129215842  -663.6 -76.0 -201.4
20211129215843  -663.4 -76.1 -201.5
20211129215844  -663.8 -75.8 -201.5
20211129215845  -663.8 -76.0 -201.4
20211129215846  -663.8 -76.1 -201.5
20211129215847  -663.3 -76.1 -201.2
20211129215848  -663.1 -75.8 -201.0
20211129215849  -662.8 -75.8 -200.7
20211129215850  -662.7 -75.8 -200.6
20211129215851  -662.4 -75.8 -200.4
20211129215852  -663.0 -75.7 -201.0
20211129215853  -663.2 -75.9 -201.1
20211129215854  -663.3 -76.0 -201.1
20211129215855  -663.4 -75.9 -201.4
20211129215856  -663.6 -75.9 -201.3
20211129215857  -663.6 -76.1 -201.5
20211129215858  -663.6 -76.3 -201.5
20211129215859  -663.6 -76.1 -201.2
20211129215900  -663.9 -76.4 -201.5
20211129215901  -664.0 -76.4 -201.4
20211129215902  -664.0 -76.1 -201.5
20211129215903  -664.1 -75.8 -201.4
20211129215904  -664.4 -76.4 -201.6
20211129215905  -664.4 -76.4 -201.4
20211129215906  -664.5 -76.5 -201.2
20211129215907  -664.6 -76.3 -201.6
20211129215908  -664.6 -76.5 -201.2
20211129215909  -664.5 -76.2 -201.3
20211129215910  -664.4 -76.4 -201.6
20211129215911  -664.3 -76.3 -201.7
20211129215912  -664.5 -76.3 -201.7
20211129215913  -664.2 -76.9 -201.8
20211129215914  -664.1 -76.5 -201.6
20211129215915  -663.8 -76.6 -201.1
20211129215916  -663.4 -76.4 -200.8
20211129215917  -663.4 -76.2 -200.5
20211129215918  -663.8 -76.2 -200.9
20211129215919  -664.3 -76.1 -201.5
20211129215920  -664.4 -76.2 -201.6
20211129215921  -664.8 -76.4 -201.5
20211129215922  -664.9 -76.4 -201.9
20211129215923  -664.8 -76.6 -201.8
20211129215924  -664.9 -76.6 -201.8
20211129215925  -664.7 -76.5 -201.9
20211129215926  -664.7 -76.5 -201.5
20211129215927  -664.9 -76.6 -202.0
20211129215928  -664.8 -76.7 -202.0
20211129215929  -665.1 -76.6 -201.9
20211129215930  -665.4 -76.9 -201.7
20211129215931  -665.5 -76.7 -202.0
20211129215932  -665.3 -76.6 -201.9
20211129215933  -665.5 -76.7 -202.1
20211129215934  -665.5 -76.7 -202.0
20211129215935  -665.8 -76.7 -202.1
20211129215936  -665.8 -77.0 -202.2
20211129215937  -665.9 -77.0 -202.5
20211129215938  -665.8 -76.8 -202.7
20211129215939  -665.8 -77.3 -202.6
20211129215940  -665.5 -77.0 -202.3
20211129215941  -665.0 -76.6 -201.8
20211129215942  -664.7 -76.8 -201.3
20211129215943  -664.9 -76.7 -201.2
20211129215944  -665.1 -76.4 -201.6
20211129215945  -665.7 -76.9 -201.9
20211129215946  -665.6 -77.2 -201.9
20211129215947  -665.7 -77.2 -202.5
20211129215948  -666.1 -77.3 -202.2
20211129215949  -666.1 -77.2 -202.2
20211129215950  -666.0 -77.2 -202.2
20211129215951  -665.9 -77.2 -202.3
20211129215952  -666.2 -77.1 -202.3
20211129215953  -666.3 -77.1 -202.6
20211129215954  -666.3 -77.3 -202.4
20211129215955  -666.4 -77.4 -202.5
20211129215956  -666.4 -77.4 -202.3
20211129215957  -666.2 -77.4 -202.3
20211129215958  -666.3 -77.6 -202.5
20211129215959  -666.3 -77.6 -202.6
20211129220000  -666.0 -77.5 -202.7
20211129220001  -666.3 -77.5 -202.5
20211129220002  -666.1 -77.5 -202.5
20211129220003  -666.0 -77.6 -202.7
20211129220004  -666.0 -77.5 -202.8
20211129220005  -666.2 -77.9 -202.6
20211129220006  -665.6 -77.8 -202.5
20211129220007  -665.3 -77.3 -202.3
20211129220008  -664.8 -77.3 -201.7
20211129220009  -664.8 -77.3 -201.7
20211129220010  -664.6 -77.3 -201.6
20211129220011  -665.4 -77.4 -202.3
20211129220012  -665.7 -77.4 -202.2
20211129220013  -665.9 -77.7 -202.6
20211129220014  -665.9 -77.6 -202.3
20211129220015  -666.1 -77.5 -202.4
20211129220016  -666.0 -77.5 -202.6
20211129220017  -665.9 -77.6 -202.9
20211129220018  -666.2 -77.9 -202.9
20211129220019  -666.1 -77.9 -202.8
20211129220020  -666.1 -77.9 -202.8
20211129220021  -666.3 -78.0 -202.8
20211129220022  -666.7 -77.9 -203.1
20211129220023  -666.8 -78.0 -202.8
20211129220024  -666.8 -78.2 -202.7
20211129220025  -666.7 -78.1 -203.0
20211129220026  -667.0 -78.2 -203.1
20211129220027  -667.0 -78.0 -202.9
20211129220028  -666.9 -78.2 -202.7
20211129220029  -666.8 -78.2 -202.7
20211129220030  -666.5 -78.2 -202.5
20211129220031  -666.5 -78.2 -202.8
20211129220032  -666.5 -78.4 -203.2
20211129220033  -666.2 -78.1 -202.6
20211129220034  -665.9 -78.1 -202.6
20211129220035  -665.5 -78.0 -202.3
20211129220036  -665.4 -77.8 -202.0
20211129220037  -666.0 -77.7 -202.5
20211129220038  -666.1 -77.9 -202.8
20211129220039  -666.5 -78.0 -202.8
20211129220040  -666.3 -78.2 -202.5
20211129220041  -666.3 -78.3 -202.7
20211129220042  -666.5 -78.4 -203.0
20211129220043  -666.4 -78.3 -203.0
20211129220044  -666.3 -78.2 -202.7
20211129220045  -666.4 -78.5 -203.1
20211129220046  -666.3 -78.5 -202.9
20211129220047  -666.3 -78.3 -203.1
20211129220048  -666.3 -78.1 -203.0
20211129220049  -666.3 -78.3 -203.1
20211129220050  -666.6 -78.4 -203.2
20211129220051  -666.5 -78.4 -203.0
20211129220052  -666.6 -78.3 -203.4
20211129220053  -666.7 -78.6 -203.1
20211129220054  -666.8 -78.5 -203.2
20211129220055  -666.5 -78.6 -203.2
20211129220056  -666.6 -78.7 -203.2
20211129220057  -666.5 -78.9 -203.5
20211129220058  -666.1 -78.7 -203.2
20211129220059  -665.7 -78.5 -202.4
20211129220100  -665.4 -78.4 -202.4
20211129220101  -665.3 -78.5 -202.1
20211129220102  -665.2 -78.4 -202.2
20211129220103  -665.4 -78.3 -201.8
20211129220104  -665.9 -78.5 -202.6
20211129220105  -666.1 -78.5 -202.5
20211129220106  -666.1 -78.8 -202.4
20211129220107  -666.1 -78.9 -202.5
20211129220108  -666.3 -78.5 -202.6
20211129220109  -666.1 -78.8 -202.5
20211129220110  -666.2 -78.8 -202.6
20211129220111  -666.1 -78.7 -202.9
20211129220112  -666.6 -78.9 -203.0
20211129220113  -666.5 -78.7 -203.1
20211129220114  -666.4 -78.6 -202.9
20211129220115  -666.3 -78.8 -202.9
20211129220116  -666.3 -78.9 -203.1
20211129220117  -666.5 -78.9 -203.1
20211129220118  -666.5 -78.6 -202.8
20211129220119  -666.3 -78.7 -203.2
20211129220120  -666.3 -78.8 -202.9
20211129220121  -666.5 -78.8 -203.3
20211129220122  -666.4 -78.8 -203.1
20211129220123  -666.5 -78.7 -203.1
20211129220124  -666.7 -79.1 -203.3
20211129220125  -665.9 -79.1 -202.9
20211129220126  -666.2 -78.8 -202.6
20211129220127  -665.8 -78.6 -202.5
20211129220128  -665.4 -78.6 -202.3
20211129220129  -665.1 -78.6 -201.8
20211129220130  -665.6 -78.7 -202.8
20211129220131  -665.8 -78.8 -203.1
20211129220132  -666.1 -79.2 -203.1
20211129220133  -665.9 -79.3 -203.2
20211129220134  -666.3 -79.3 -203.1
20211129220135  -666.0 -79.2 -203.0
20211129220136  -666.3 -79.0 -203.3
20211129220137  -666.2 -79.0 -203.0
20211129220138  -665.9 -78.9 -203.2
20211129220139  -665.9 -78.9 -203.3
20211129220140  -665.6 -78.6 -203.2
20211129220141  -665.8 -78.8 -203.0
20211129220142  -665.9 -79.0 -202.9
20211129220143  -665.6 -78.7 -202.8
20211129220144  -665.7 -78.9 -202.9
20211129220145  -665.5 -79.0 -203.2
20211129220146  -665.9 -79.3 -203.2
20211129220147  -665.8 -79.3 -203.1
20211129220148  -666.0 -79.1 -202.9
20211129220149  -665.9 -79.1 -203.1
20211129220150  -665.8 -79.0 -203.3
20211129220151  -665.5 -79.4 -203.0
20211129220152  -664.9 -79.3 -202.7
20211129220153  -664.5 -79.0 -202.2
20211129220154  -664.4 -79.3 -202.2
20211129220155  -664.2 -79.3 -201.9
20211129220156  -664.7 -78.9 -201.9
20211129220157  -665.3 -79.4 -202.7
20211129220158  -665.3 -79.2 -202.7
20211129220159  -665.5 -79.2 -202.8
20211129220200  -665.6 -79.3 -202.8
20211129220201  -665.9 -79.4 -202.8
20211129220202  -665.7 -79.4 -202.8
20211129220203  -665.7 -79.8 -202.9
20211129220204  -665.7 -79.6 -203.0
20211129220205  -665.8 -79.5 -202.9
20211129220206  -665.8 -79.7 -202.9
20211129220207  -665.9 -79.7 -203.1
20211129220208  -665.9 -79.6 -202.9
20211129220209  -666.0 -79.5 -203.0
20211129220210  -665.9 -79.4 -203.1
20211129220211  -666.0 -79.4 -203.2
20211129220212  -666.0 -79.7 -203.0
