20211128234528  -823.1 -20.9 -183.7
20211128234529  -823.0 -20.9 -183.6
20211128234530  -822.9 -21.0 -183.9
20211128234531  -823.1 -21.0 -184.0
20211128234532  -822.7 -20.6 -184.1
20211128234533  -822.7 -20.6 -184.0
20211128234534  -822.9 -20.5 -184.4
20211128234535  -822.5 -20.3 -184.4
20211128234536  -822.7 -20.9 -184.7
20211128234537  -822.1 -20.4 -184.4
20211128234538  -821.7 -20.1 -184.1
20211128234539  -821.2 -19.7 -183.8
20211128234540  -821.0 -19.9 -183.9
20211128234541  -820.5 -19.7 -183.7
20211128234542  -820.2 -19.4 -183.4
20211128234543  -819.8 -19.4 -182.9
20211128234544  -819.7 -18.9 -183.0
20211128234545  -819.3 -18.4 -182.6
20211128234546  -820.4 -18.3 -182.9
20211128234547  -820.3 -18.6 -183.4
20211128234548  -820.3 -18.7 -183.5
20211128234549  -820.6 -18.5 -184.0
20211128234550  -820.9 -18.3 -184.0
20211128234551  -820.8 -18.6 -184.2
20211128234552  -820.6 -18.2 -184.4
20211128234553  -820.9 -18.3 -184.4
20211128234554  -820.8 -18.1 -184.6
20211128234555  -820.7 -18.1 -184.5
20211128234556  -820.8 -18.1 -184.7
20211128234557  -820.8 -18.0 -184.5
20211128234558  -821.1 -17.9 -184.7
20211128234559  -821.0 -17.8 -184.6
20211128234600  -821.1 -17.6 -184.9
20211128234601  -821.3 -17.6 -184.9
20211128234602  -821.4 -17.6 -185.2
20211128234603  -821.5 -18.2 -185.8
20211128234604  -821.0 -17.9 -185.5
20211128234605  -820.9 -17.9 -185.2
20211128234606  -820.7 -17.5 -184.6
20211128234607  -820.6 -17.1 -184.4
20211128234608  -820.2 -17.4 -184.1
20211128234609  -820.0 -16.9 -183.7
20211128234610  -819.3 -17.0 -183.7
20211128234611  -819.3 -16.8 -183.8
20211128234612  -819.1 -16.3 -183.3
20211128234613  -820.0 -16.6 -184.1
20211128234614  -820.0 -16.7 -184.4
20211128234615  -819.8 -16.7 -184.6
20211128234616  -819.9 -16.7 -184.7
20211128234617  -820.0 -17.2 -185.2
20211128234618  -819.9 -17.1 -185.1
20211128234619  -819.9 -16.8 -185.2
20211128234620  -819.8 -16.7 -185.1
20211128234621  -819.9 -17.1 -185.7
20211128234622  -819.7 -17.0 -185.9
20211128234623  -819.9 -17.3 -185.9
20211128234624  -819.9 -17.2 -185.7
20211128234625  -819.9 -17.3 -186.0
20211128234626  -820.2 -16.9 -186.0
20211128234627  -820.2 -17.0 -186.1
20211128234628  -819.9 -16.7 -186.2
20211128234629  -820.0 -17.1 -186.2
20211128234630  -820.1 -17.5 -186.4
20211128234631  -819.5 -17.0 -185.8
20211128234632  -819.2 -16.9 -185.5
20211128234633  -818.9 -16.8 -185.3
20211128234634  -818.5 -16.5 -185.2
20211128234635  -818.1 -16.6 -185.0
20211128234636  -818.0 -16.5 -184.8
20211128234637  -817.4 -16.4 -184.6
20211128234638  -817.7 -16.2 -184.5
20211128234639  -817.5 -15.8 -184.6
20211128234640  -818.5 -16.0 -185.4
20211128234641  -818.2 -16.3 -185.7
20211128234642  -818.4 -16.3 -185.6
20211128234643  -818.4 -16.2 -185.9
20211128234644  -818.7 -16.5 -186.0
20211128234645  -818.4 -16.3 -186.2
20211128234646  -818.6 -16.4 -186.7
20211128234647  -818.4 -16.5 -186.4
20211128234648  -818.5 -16.4 -186.4
20211128234649  -818.2 -16.3 -186.5
20211128234650  -818.4 -16.3 -186.7
20211128234651  -818.7 -16.2 -186.9
20211128234652  -818.6 -16.4 -187.2
20211128234653  -818.5 -16.3 -187.2
20211128234654  -818.7 -16.5 -187.4
20211128234655  -818.6 -16.5 -187.6
20211128234656  -818.5 -16.9 -187.8
20211128234657  -818.2 -16.8 -187.9
20211128234658  -817.7 -16.7 -187.2
20211128234659  -817.3 -16.6 -186.8
20211128234700  -817.1 -16.5 -186.6
20211128234701  -817.0 -16.5 -186.9
20211128234702  -816.7 -16.4 -186.6
20211128234703  -816.1 -16.4 -186.4
20211128234704  -816.2 -16.3 -186.4
20211128234705  -815.6 -16.1 -186.4
20211128234706  -816.1 -16.2 -186.6
20211128234707  -816.6 -16.3 -187.3
20211128234708  -816.6 -16.3 -187.6
20211128234709  -816.7 -16.5 -187.5
20211128234710  -816.8 -16.4 -187.7
20211128234711  -817.1 -16.6 -188.0
20211128234712  -817.0 -16.5 -187.9
20211128234713  -816.9 -16.5 -187.9
20211128234714  -816.9 -16.7 -188.5
20211128234715  -817.0 -16.6 -188.6
20211128234716  -816.8 -16.7 -188.8
20211128234717  -817.0 -16.6 -189.0
20211128234718  -817.1 -16.8 -188.9
20211128234719  -817.3 -16.9 -189.1
20211128234720  -817.2 -16.9 -188.7
20211128234721  -817.0 -17.0 -188.8
20211128234722  -816.8 -17.0 -188.8
20211128234723  -817.3 -17.1 -189.0
20211128234724  -816.8 -17.3 -189.0
20211128234725  -816.7 -16.9 -188.8
20211128234726  -816.0 -16.7 -188.5
20211128234727  -815.9 -16.8 -188.1
20211128234728  -815.6 -16.5 -188.0
20211128234729  -815.4 -16.6 -188.0
20211128234730  -815.4 -16.5 -188.0
20211128234731  -815.1 -16.4 -187.7
20211128234732  -814.7 -16.0 -187.5
20211128234733  -815.0 -16.0 -187.9
20211128234734  -815.7 -16.3 -188.3
20211128234735  -815.9 -16.1 -188.7
20211128234736  -815.9 -16.5 -188.8
20211128234737  -816.0 -16.5 -188.8
20211128234738  -816.1 -16.4 -189.0
20211128234739  -816.4 -16.3 -189.2
20211128234740  -816.5 -16.5 -189.2
20211128234741  -816.4 -16.6 -189.6
20211128234742  -816.7 -16.7 -189.6
20211128234743  -816.9 -16.6 -189.3
20211128234744  -816.9 -16.8 -189.7
20211128234745  -817.0 -16.9 -189.7
20211128234746  -817.1 -17.0 -189.4
20211128234747  -817.0 -17.2 -189.4
20211128234748  -816.9 -17.0 -189.4
20211128234749  -817.1 -16.7 -189.5
20211128234750  -817.4 -17.2 -189.6
20211128234751  -816.8 -16.7 -189.2
20211128234752  -816.6 -16.5 -188.9
20211128234753  -816.3 -16.5 -188.9
20211128234754  -815.8 -16.5 -188.4
20211128234755  -815.5 -16.2 -187.9
20211128234756  -815.4 -16.1 -187.6
20211128234757  -815.2 -16.2 -187.4
20211128234758  -815.0 -16.2 -187.5
20211128234759  -814.8 -16.1 -187.0
20211128234800  -815.6 -16.0 -187.6
20211128234801  -815.9 -16.2 -188.0
20211128234802  -815.7 -16.4 -188.1
20211128234803  -815.8 -16.6 -188.3
20211128234804  -816.0 -16.4 -188.3
20211128234805  -815.9 -16.5 -188.2
20211128234806  -816.0 -16.3 -188.3
20211128234807  -816.0 -16.6 -188.5
20211128234808  -816.2 -16.5 -188.5
20211128234809  -815.9 -16.9 -188.6
20211128234810  -815.9 -16.8 -188.5
20211128234811  -816.1 -17.0 -188.6
20211128234812  -816.2 -16.9 -188.7
20211128234813  -816.1 -16.8 -188.8
20211128234814  -816.3 -17.1 -188.7
20211128234815  -816.5 -17.2 -188.7
20211128234816  -816.5 -17.3 -188.6
20211128234817  -816.5 -17.8 -188.7
20211128234818  -816.4 -17.6 -188.5
20211128234819  -815.7 -17.5 -187.9
20211128234820  -815.3 -17.2 -187.7
20211128234821  -815.2 -17.3 -187.5
20211128234822  -815.1 -17.3 -187.4
20211128234823  -814.9 -17.4 -187.1
20211128234824  -814.6 -17.3 -186.9
20211128234825  -814.3 -17.2 -186.6
20211128234826  -814.5 -17.3 -186.4
20211128234827  -815.5 -17.6 -186.9
20211128234828  -815.4 -17.6 -187.1
20211128234829  -815.9 -17.9 -187.3
20211128234830  -816.3 -18.1 -187.1
20211128234831  -816.0 -18.0 -187.3
20211128234832  -816.1 -18.2 -187.2
20211128234833  -816.2 -18.6 -187.0
20211128234834  -816.2 -18.3 -186.9
20211128234835  -816.3 -18.5 -187.0
20211128234836  -816.4 -18.6 -187.0
20211128234837  -816.6 -18.7 -186.9
20211128234838  -816.6 -18.9 -186.8
20211128234839  -816.6 -19.0 -187.1
20211128234840  -816.6 -18.9 -187.0
20211128234841  -816.4 -18.9 -186.8
20211128234842  -816.4 -18.8 -186.8
20211128234843  -816.2 -19.0 -187.0
20211128234844  -816.3 -19.3 -187.0
20211128234845  -815.9 -19.2 -186.6
20211128234846  -815.6 -19.1 -186.4
20211128234847  -815.1 -19.2 -186.0
20211128234848  -814.6 -18.7 -185.6
20211128234849  -814.2 -18.7 -185.5
20211128234850  -814.0 -18.6 -185.2
20211128234851  -813.6 -18.9 -184.9
20211128234852  -813.2 -18.8 -184.8
20211128234853  -813.7 -18.6 -185.1
20211128234854  -814.0 -18.8 -185.5
20211128234855  -814.2 -19.0 -185.7
20211128234856  -813.9 -19.1 -185.7
20211128234857  -814.1 -19.3 -185.9
20211128234858  -814.0 -19.2 -185.7
20211128234859  -814.0 -19.4 -185.9
20211128234900  -813.8 -19.3 -185.5
20211128234901  -814.1 -19.5 -185.9
20211128234902  -813.9 -19.7 -186.0
20211128234903  -813.8 -19.4 -186.1
20211128234904  -813.9 -19.3 -186.1
20211128234905  -813.6 -19.4 -186.1
20211128234906  -813.9 -19.6 -186.1
20211128234907  -813.8 -19.8 -186.0
20211128234908  -813.7 -19.4 -186.3
20211128234909  -813.9 -19.4 -186.4
20211128234910  -814.0 -19.8 -186.6
20211128234911  -814.1 -19.7 -186.0
20211128234912  -813.5 -19.8 -185.3
20211128234913  -813.3 -19.9 -185.0
20211128234914  -813.1 -19.6 -184.9
20211128234915  -812.9 -19.4 -184.9
20211128234916  -812.6 -19.7 -184.6
20211128234917  -812.3 -19.6 -184.5
20211128234918  -812.0 -19.5 -184.0
20211128234919  -811.7 -19.5 -183.8
20211128234920  -813.0 -19.7 -184.6
20211128234921  -813.3 -19.8 -184.6
20211128234922  -813.4 -20.3 -184.8
20211128234923  -813.4 -20.2 -184.9
20211128234924  -813.6 -20.4 -185.1
20211128234925  -813.7 -20.7 -185.0
20211128234926  -814.2 -21.0 -184.8
20211128234927  -814.1 -21.0 -184.9
20211128234928  -814.3 -21.2 -184.9
20211128234929  -814.3 -21.2 -184.8
20211128234930  -814.3 -21.3 -185.0
20211128234931  -814.2 -21.5 -185.1
20211128234932  -814.2 -21.7 -185.0
20211128234933  -814.1 -22.0 -184.8
20211128234934  -814.1 -21.9 -184.7
20211128234935  -813.9 -22.2 -184.6
20211128234936  -813.9 -22.3 -184.7
20211128234937  -813.7 -22.7 -184.7
20211128234938  -813.0 -22.6 -184.5
20211128234939  -812.8 -22.4 -184.0
20211128234940  -812.6 -22.6 -183.7
20211128234941  -812.3 -22.5 -183.4
20211128234942  -812.0 -22.6 -183.2
20211128234943  -811.7 -22.5 -182.8
20211128234944  -811.4 -22.5 -182.7
20211128234945  -811.1 -22.5 -182.3
20211128234946  -810.8 -22.4 -182.2
20211128234947  -811.7 -22.7 -182.9
20211128234948  -811.9 -23.0 -183.2
20211128234949  -811.8 -23.2 -183.0
20211128234950  -812.0 -23.3 -183.1
20211128234951  -812.1 -23.8 -183.2
20211128234952  -812.2 -23.7 -183.1
20211128234953  -812.1 -23.5 -183.1
20211128234954  -812.0 -23.7 -183.2
20211128234955  -811.8 -24.0 -183.2
20211128234956  -812.0 -23.8 -183.3
20211128234957  -812.2 -24.1 -183.2
20211128234958  -812.2 -24.3 -183.4
20211128234959  -812.2 -24.5 -183.1
20211128235000  -812.4 -24.3 -183.1
20211128235001  -812.1 -24.3 -183.1
20211128235002  -812.0 -24.5 -182.9
20211128235003  -812.3 -24.8 -182.8
20211128235004  -812.3 -25.6 -183.3
20211128235005  -811.8 -25.5 -183.1
20211128235006  -811.6 -25.3 -182.8
20211128235007  -811.4 -25.1 -182.3
20211128235008  -811.1 -25.0 -182.1
20211128235009  -811.0 -25.0 -181.9
20211128235010  -810.5 -24.7 -181.5
20211128235011  -810.2 -24.9 -181.2
20211128235012  -810.0 -24.8 -180.7
20211128235013  -809.5 -24.3 -180.4
20211128235014  -810.5 -24.5 -181.2
20211128235015  -810.6 -24.8 -181.1
20211128235016  -810.5 -25.0 -181.3
20211128235017  -810.7 -24.8 -181.7
20211128235018  -810.5 -25.0 -181.3
20211128235019  -810.4 -25.1 -181.3
20211128235020  -810.3 -25.1 -181.3
20211128235021  -810.2 -25.3 -181.5
20211128235022  -810.1 -25.4 -181.4
20211128235023  -810.0 -25.3 -181.4
20211128235024  -809.7 -25.0 -181.1
20211128235025  -809.5 -25.3 -181.3
20211128235026  -809.4 -25.2 -181.3
20211128235027  -809.5 -25.3 -181.6
20211128235028  -809.1 -25.4 -181.3
20211128235029  -808.9 -25.3 -181.5
20211128235030  -808.8 -25.4 -181.8
20211128235031  -808.4 -25.5 -181.4
20211128235032  -807.8 -25.2 -180.8
20211128235033  -807.3 -25.3 -180.3
20211128235034  -806.9 -24.9 -179.8
20211128235035  -806.3 -24.6 -180.0
20211128235036  -806.0 -24.6 -179.7
20211128235037  -805.7 -24.7 -179.5
20211128235038  -805.8 -24.8 -179.2
20211128235039  -805.3 -24.5 -179.1
20211128235040  -804.8 -24.4 -178.7
20211128235041  -805.4 -24.4 -179.1
20211128235042  -805.5 -24.2 -179.6
20211128235043  -805.7 -24.6 -179.9
20211128235044  -805.7 -25.0 -179.7
20211128235045  -805.7 -25.1 -180.0
20211128235046  -805.8 -25.1 -180.0
20211128235047  -805.6 -25.6 -179.9
20211128235048  -805.6 -25.4 -179.8
20211128235049  -805.6 -25.6 -179.8
20211128235050  -805.5 -25.3 -179.7
20211128235051  -805.6 -25.5 -180.1
20211128235052  -805.4 -25.7 -180.1
20211128235053  -805.3 -25.4 -180.1
20211128235054  -804.9 -25.8 -180.1
20211128235055  -804.8 -25.7 -179.7
20211128235056  -804.9 -26.0 -180.1
20211128235057  -804.8 -26.2 -180.3
20211128235058  -804.5 -26.4 -180.2
20211128235059  -804.2 -26.0 -179.6
20211128235100  -803.7 -25.9 -179.4
20211128235101  -803.4 -25.9 -179.0
20211128235102  -803.0 -25.6 -178.9
20211128235103  -802.8 -25.7 -179.0
20211128235104  -802.5 -25.4 -178.4
20211128235105  -802.1 -25.2 -178.2
20211128235106  -802.1 -25.2 -177.6
20211128235107  -801.4 -25.2 -177.6
20211128235108  -801.6 -24.6 -177.7
20211128235109  -802.4 -24.8 -178.3
20211128235110  -802.1 -24.9 -178.3
20211128235111  -802.3 -24.9 -178.4
20211128235112  -802.4 -25.0 -178.6
20211128235113  -802.5 -25.0 -178.6
20211128235114  -802.2 -24.9 -178.6
20211128235115  -801.8 -24.9 -178.8
20211128235116  -801.7 -24.7 -178.8
20211128235117  -801.7 -24.5 -179.1
20211128235118  -801.6 -24.6 -179.0
20211128235119  -801.6 -24.2 -179.0
20211128235120  -801.5 -24.4 -179.1
20211128235121  -801.6 -24.5 -179.0
20211128235122  -801.3 -24.4 -179.0
20211128235123  -801.4 -24.6 -178.9
20211128235124  -801.3 -24.9 -179.6
20211128235125  -801.3 -24.8 -179.7
20211128235126  -800.8 -24.7 -179.6
20211128235127  -800.6 -24.5 -179.1
20211128235128  -800.4 -24.2 -179.1
20211128235129  -800.0 -24.1 -178.5
20211128235130  -799.6 -24.0 -178.4
20211128235131  -799.5 -23.8 -178.0
20211128235132  -799.2 -23.8 -177.9
20211128235133  -799.0 -23.4 -177.6
20211128235134  -798.9 -23.3 -177.7
20211128235135  -799.3 -23.1 -177.9
20211128235136  -799.7 -23.1 -178.6
20211128235137  -799.6 -23.1 -179.2
20211128235138  -799.9 -23.1 -179.2
20211128235139  -799.8 -23.4 -179.3
20211128235140  -799.9 -23.3 -179.4
20211128235141  -800.3 -23.3 -179.5
20211128235142  -800.3 -23.4 -179.4
20211128235143  -800.2 -23.6 -179.4
20211128235144  -800.3 -23.5 -179.7
20211128235145  -800.5 -23.3 -179.4
20211128235146  -800.3 -23.3 -179.6
20211128235147  -800.6 -23.3 -179.7
20211128235148  -800.9 -23.6 -179.7
20211128235149  -801.3 -23.2 -179.9
20211128235150  -801.4 -23.3 -180.3
20211128235151  -801.2 -23.6 -180.5
20211128235152  -801.0 -23.4 -179.9
20211128235153  -800.6 -23.4 -179.7
20211128235154  -800.3 -23.5 -179.1
20211128235155  -800.1 -23.4 -179.0
20211128235156  -799.8 -23.3 -178.9
20211128235157  -799.7 -23.1 -178.7
20211128235158  -799.5 -23.0 -178.5
20211128235159  -799.6 -22.7 -178.5
20211128235200  -799.5 -22.6 -177.8
20211128235201  -799.8 -22.7 -177.4
20211128235202  -799.8 -22.7 -177.5
20211128235203  -800.8 -23.0 -178.5
20211128235204  -801.2 -23.4 -178.7
20211128235205  -801.6 -23.6 -178.8
20211128235206  -801.8 -23.5 -179.0
20211128235207  -802.2 -23.6 -179.0
20211128235208  -802.6 -23.6 -179.2
20211128235209  -802.9 -23.7 -179.2
20211128235210  -803.2 -23.5 -178.8
20211128235211  -803.4 -23.9 -179.3
20211128235212  -803.8 -23.9 -179.2
20211128235213  -804.0 -24.1 -179.1
20211128235214  -804.3 -24.2 -179.3
20211128235215  -804.6 -24.1 -179.4
20211128235216  -804.7 -24.1 -179.2
