20211110224432  -672.5 -79.0 -189.0
20211110224433  -672.7 -79.0 -189.1
20211110224434  -672.9 -78.9 -189.2
20211110224435  -672.9 -79.0 -188.9
20211110224436  -672.3 -79.0 -189.0
20211110224437  -672.2 -79.2 -189.1
20211110224438  -672.3 -79.0 -189.1
20211110224439  -672.4 -78.8 -189.2
20211110224440  -672.5 -78.8 -189.1
20211110224441  -672.1 -78.8 -189.0
20211110224442  -672.4 -79.1 -188.9
20211110224443  -672.2 -79.2 -189.1
20211110224444  -672.2 -79.2 -189.0
20211110224445  -672.3 -79.2 -189.0
20211110224446  -672.3 -78.9 -189.2
20211110224447  -672.1 -79.1 -189.4
20211110224448  -671.4 -79.0 -188.7
20211110224449  -671.9 -79.1 -189.1
20211110224450  -672.3 -79.3 -189.3
20211110224451  -672.4 -79.0 -189.3
20211110224452  -671.9 -78.9 -189.3
20211110224453  -672.2 -79.0 -189.2
20211110224454  -671.9 -79.3 -189.4
20211110224455  -672.0 -79.5 -189.5
20211110224456  -671.9 -79.2 -189.3
20211110224457  -672.1 -79.5 -189.4
20211110224458  -671.7 -79.5 -189.2
20211110224459  -671.9 -79.2 -189.2
20211110224500  -671.7 -79.1 -189.6
20211110224501  -671.8 -79.4 -189.4
20211110224502  -671.9 -79.1 -189.6
20211110224503  -671.8 -79.3 -189.7
20211110224504  -671.9 -79.4 -189.6
20211110224505  -671.8 -79.4 -189.2
20211110224506  -672.1 -79.2 -189.6
20211110224507  -672.0 -79.4 -189.6
20211110224508  -672.0 -79.2 -189.7
20211110224509  -671.7 -79.1 -189.7
20211110224510  -671.9 -79.4 -189.9
20211110224511  -672.0 -79.4 -189.5
20211110224512  -671.8 -79.4 -189.4
20211110224513  -671.8 -79.7 -189.3
20211110224514  -671.3 -79.8 -189.6
20211110224515  -671.5 -79.7 -189.6
20211110224516  -671.8 -79.8 -189.7
20211110224517  -671.5 -79.8 -189.4
20211110224518  -671.3 -79.8 -189.4
20211110224519  -671.7 -79.5 -189.1
20211110224520  -671.7 -79.5 -189.3
20211110224521  -672.0 -79.5 -189.1
20211110224522  -672.2 -79.7 -189.1
20211110224523  -672.2 -79.7 -189.6
20211110224524  -671.6 -79.9 -189.7
20211110224525  -671.9 -79.7 -189.3
20211110224526  -671.8 -79.6 -189.5
20211110224527  -671.5 -79.6 -189.3
20211110224528  -671.5 -79.3 -189.5
20211110224529  -671.6 -79.4 -189.7
20211110224530  -671.3 -79.4 -189.4
20211110224531  -671.2 -79.4 -189.3
20211110224532  -671.4 -79.4 -189.0
20211110224533  -671.4 -79.4 -189.5
20211110224534  -671.3 -79.5 -189.3
20211110224535  -671.5 -79.6 -189.6
20211110224536  -671.4 -79.7 -189.6
20211110224537  -671.6 -79.5 -189.5
20211110224538  -671.4 -79.8 -189.3
20211110224539  -671.5 -79.7 -189.6
20211110224540  -671.6 -79.6 -189.8
20211110224541  -671.5 -79.5 -189.5
20211110224542  -671.4 -79.8 -189.5
20211110224543  -671.5 -79.4 -189.4
20211110224544  -671.7 -79.7 -189.4
20211110224545  -671.8 -79.8 -189.6
20211110224546  -671.8 -79.9 -189.5
20211110224547  -671.9 -80.0 -189.4
20211110224548  -671.1 -80.1 -189.6
20211110224549  -670.9 -79.9 -189.1
20211110224550  -671.4 -80.0 -189.7
20211110224551  -671.4 -79.9 -189.6
20211110224552  -671.5 -79.8 -189.3
20211110224553  -671.4 -79.8 -189.3
20211110224554  -671.4 -80.0 -189.7
20211110224555  -671.5 -80.0 -189.8
20211110224556  -671.4 -79.7 -189.7
20211110224557  -671.5 -79.7 -189.9
20211110224558  -671.4 -80.0 -189.6
20211110224559  -671.4 -79.8 -189.8
20211110224600  -671.7 -80.0 -190.1
20211110224601  -671.4 -79.9 -190.1
20211110224602  -671.5 -79.5 -189.8
20211110224603  -671.7 -79.8 -189.7
20211110224604  -671.6 -80.1 -189.7
20211110224605  -671.7 -79.9 -189.7
20211110224606  -671.8 -79.5 -189.8
20211110224607  -671.6 -79.6 -189.9
20211110224608  -671.8 -79.6 -189.8
20211110224609  -671.8 -79.8 -190.1
20211110224610  -671.6 -79.8 -190.1
20211110224611  -671.5 -79.9 -190.1
20211110224612  -671.6 -80.0 -189.9
20211110224613  -671.5 -79.7 -189.8
20211110224614  -671.7 -79.8 -190.0
20211110224615  -671.7 -79.6 -190.2
20211110224616  -671.7 -79.9 -190.0
20211110224617  -671.8 -79.8 -190.0
20211110224618  -671.4 -79.8 -189.8
20211110224619  -670.8 -79.6 -189.4
20211110224620  -671.5 -79.7 -190.2
20211110224621  -671.7 -79.6 -190.1
20211110224622  -671.6 -79.6 -189.8
20211110224623  -671.9 -79.4 -190.2
20211110224624  -671.8 -79.7 -190.1
20211110224625  -671.7 -79.6 -189.8
20211110224626  -671.7 -79.8 -189.9
20211110224627  -671.6 -79.8 -189.8
20211110224628  -671.9 -79.8 -190.2
20211110224629  -671.9 -79.9 -190.1
20211110224630  -671.8 -79.6 -190.5
20211110224631  -671.6 -79.8 -190.5
20211110224632  -671.9 -80.3 -190.3
20211110224633  -671.7 -79.8 -190.4
20211110224634  -671.9 -80.0 -190.5
20211110224635  -671.9 -79.9 -190.5
20211110224636  -671.9 -79.7 -190.5
20211110224637  -671.6 -79.8 -190.3
20211110224638  -671.7 -79.9 -190.5
20211110224639  -672.1 -79.9 -190.5
20211110224640  -671.8 -79.9 -190.6
20211110224641  -671.9 -79.6 -190.7
20211110224642  -671.8 -79.6 -190.7
20211110224643  -671.9 -79.6 -190.5
20211110224644  -671.9 -79.6 -190.5
20211110224645  -671.9 -79.6 -190.6
20211110224646  -671.8 -80.0 -190.5
20211110224647  -672.0 -79.9 -190.7
20211110224648  -672.3 -80.0 -190.7
20211110224649  -671.7 -80.0 -190.3
20211110224650  -671.8 -80.1 -190.4
20211110224651  -671.8 -80.2 -190.4
20211110224652  -672.0 -80.2 -190.2
20211110224653  -672.1 -80.0 -190.5
20211110224654  -672.2 -80.2 -190.4
20211110224655  -672.1 -80.0 -190.4
20211110224656  -672.0 -80.1 -190.3
20211110224657  -672.2 -80.1 -190.7
20211110224658  -671.9 -80.1 -190.9
20211110224659  -672.0 -80.0 -190.7
20211110224700  -672.1 -80.4 -190.5
20211110224701  -672.1 -80.2 -190.7
20211110224702  -672.2 -80.3 -191.1
20211110224703  -672.0 -80.3 -190.6
20211110224704  -671.8 -80.0 -190.6
20211110224705  -672.3 -80.5 -190.7
20211110224706  -672.3 -80.5 -190.9
20211110224707  -672.3 -80.6 -190.8
20211110224708  -672.3 -80.3 -190.8
20211110224709  -672.0 -80.5 -191.0
20211110224710  -672.5 -80.6 -191.1
20211110224711  -672.1 -80.5 -191.1
20211110224712  -672.2 -80.8 -191.1
20211110224713  -672.3 -80.9 -191.1
20211110224714  -672.2 -80.7 -191.2
20211110224715  -672.2 -81.0 -191.4
20211110224716  -672.4 -80.5 -191.2
20211110224717  -672.3 -80.6 -190.9
20211110224718  -672.6 -80.8 -191.2
20211110224719  -672.2 -80.6 -191.0
20211110224720  -671.6 -80.3 -190.5
20211110224721  -672.1 -80.5 -190.7
20211110224722  -672.4 -80.8 -190.8
20211110224723  -672.2 -80.8 -191.0
20211110224724  -672.4 -81.1 -190.9
20211110224725  -672.1 -80.9 -191.3
20211110224726  -672.3 -80.9 -191.1
20211110224727  -672.2 -80.8 -190.9
20211110224728  -672.2 -81.1 -191.1
20211110224729  -671.9 -81.1 -191.3
20211110224730  -671.9 -81.0 -190.9
20211110224731  -672.0 -80.8 -191.0
20211110224732  -672.0 -81.0 -191.2
20211110224733  -672.0 -81.1 -191.1
20211110224734  -671.9 -81.0 -191.2
20211110224735  -671.9 -81.2 -191.1
20211110224736  -672.0 -81.2 -191.1
20211110224737  -672.2 -81.4 -191.1
20211110224738  -672.1 -81.2 -191.0
20211110224739  -672.1 -81.2 -190.9
20211110224740  -672.2 -81.3 -191.2
20211110224741  -672.0 -81.1 -191.1
20211110224742  -672.1 -81.3 -191.1
20211110224743  -671.9 -81.2 -191.5
20211110224744  -672.0 -81.0 -190.9
20211110224745  -671.9 -81.3 -191.1
20211110224746  -672.0 -81.0 -191.2
20211110224747  -672.0 -81.1 -191.1
20211110224748  -672.0 -81.0 -191.2
20211110224749  -671.8 -80.9 -191.2
20211110224750  -670.9 -81.1 -190.8
20211110224751  -671.4 -81.1 -191.0
20211110224752  -671.9 -81.2 -191.1
20211110224753  -671.8 -81.1 -191.5
20211110224754  -672.0 -81.0 -191.4
20211110224755  -672.1 -81.0 -191.0
20211110224756  -671.7 -81.1 -191.1
20211110224757  -671.7 -80.8 -191.4
20211110224758  -671.9 -80.9 -191.2
20211110224759  -672.0 -80.8 -191.3
20211110224800  -672.0 -81.0 -191.3
20211110224801  -672.1 -81.0 -191.9
20211110224802  -672.1 -80.6 -191.4
20211110224803  -672.1 -81.0 -191.4
20211110224804  -672.3 -81.0 -191.0
20211110224805  -672.1 -80.8 -191.3
20211110224806  -672.0 -80.9 -191.2
20211110224807  -671.9 -81.1 -191.5
20211110224808  -672.2 -81.0 -191.6
20211110224809  -672.2 -81.0 -191.4
20211110224810  -672.3 -81.1 -191.5
20211110224811  -672.2 -80.8 -191.5
20211110224812  -671.9 -81.0 -191.6
20211110224813  -672.1 -81.1 -191.5
20211110224814  -672.0 -81.1 -191.7
20211110224815  -671.9 -81.0 -191.5
20211110224816  -671.6 -81.0 -191.7
20211110224817  -671.6 -81.1 -191.7
