20211101222855  -664.3 -88.2 -192.6
20211101222856  -664.1 -88.1 -192.8
20211101222857  -663.9 -88.1 -192.7
20211101222858  -663.9 -88.0 -192.7
20211101222859  -663.8 -87.9 -192.7
20211101222900  -663.6 -88.2 -192.5
20211101222901  -663.1 -88.0 -192.5
20211101222902  -663.0 -88.1 -192.1
20211101222903  -662.9 -87.8 -192.1
20211101222904  -662.9 -87.9 -192.3
20211101222905  -662.8 -87.8 -191.9
20211101222906  -663.0 -88.1 -191.8
20211101222907  -662.7 -88.1 -191.7
20211101222908  -662.7 -88.1 -191.7
20211101222909  -662.4 -88.2 -191.8
20211101222910  -662.7 -88.1 -191.7
20211101222911  -662.5 -88.1 -191.4
20211101222912  -662.2 -88.1 -191.6
20211101222913  -662.4 -88.2 -191.6
20211101222914  -662.0 -88.1 -191.7
20211101222915  -662.1 -88.3 -191.7
20211101222916  -661.9 -88.4 -191.7
20211101222917  -662.0 -88.3 -191.5
20211101222918  -661.8 -87.9 -191.5
20211101222919  -661.9 -88.3 -191.6
20211101222920  -661.9 -88.3 -191.3
20211101222921  -662.1 -88.5 -191.4
20211101222922  -662.0 -88.6 -191.5
20211101222923  -661.9 -88.4 -191.6
20211101222924  -661.9 -88.3 -191.7
20211101222925  -662.0 -88.5 -191.5
20211101222926  -662.2 -88.8 -191.5
20211101222927  -662.2 -88.5 -191.5
20211101222928  -662.0 -88.7 -191.7
20211101222929  -662.1 -88.9 -191.9
20211101222930  -662.3 -88.8 -191.9
20211101222931  -662.4 -88.8 -192.0
20211101222932  -662.6 -89.1 -191.9
20211101222933  -662.1 -88.8 -191.4
20211101222934  -662.5 -89.0 -191.8
20211101222935  -662.7 -89.4 -191.5
20211101222936  -662.8 -89.3 -191.5
20211101222937  -662.9 -89.5 -191.7
20211101222938  -663.2 -89.8 -191.7
20211101222939  -663.4 -89.8 -191.8
20211101222940  -663.5 -89.7 -192.0
20211101222941  -664.0 -89.8 -192.0
20211101222942  -663.9 -89.8 -192.0
20211101222943  -664.1 -89.9 -192.1
20211101222944  -664.2 -89.7 -192.1
20211101222945  -664.3 -89.9 -192.1
20211101222946  -664.3 -89.7 -192.0
20211101222947  -664.6 -89.9 -192.2
20211101222948  -664.7 -89.9 -191.9
20211101222949  -664.8 -90.1 -192.1
20211101222950  -665.0 -90.1 -192.1
20211101222951  -665.3 -90.0 -192.2
20211101222952  -665.2 -90.4 -192.2
20211101222953  -665.6 -90.4 -192.2
20211101222954  -665.9 -90.3 -192.1
20211101222955  -665.8 -90.5 -192.2
20211101222956  -666.0 -90.7 -192.2
20211101222957  -666.2 -90.7 -192.2
20211101222958  -666.4 -90.7 -192.1
20211101222959  -666.8 -90.7 -192.3
20211101223000  -666.6 -90.9 -192.2
20211101223001  -666.8 -91.1 -192.4
20211101223002  -666.9 -91.0 -192.5
20211101223003  -666.4 -91.0 -191.9
20211101223004  -667.1 -91.3 -192.5
20211101223005  -667.4 -91.3 -192.2
20211101223006  -667.6 -91.1 -192.2
20211101223007  -667.9 -91.3 -192.6
20211101223008  -667.9 -91.1 -192.7
20211101223009  -668.2 -90.9 -192.8
20211101223010  -668.1 -91.3 -192.6
20211101223011  -668.6 -91.4 -192.9
20211101223012  -668.9 -91.3 -193.1
20211101223013  -668.9 -91.5 -193.0
20211101223014  -669.3 -91.7 -193.1
20211101223015  -669.4 -91.7 -192.9
20211101223016  -669.2 -91.8 -192.9
20211101223017  -669.8 -92.1 -192.9
20211101223018  -669.5 -91.8 -192.9
20211101223019  -669.9 -91.8 -193.1
20211101223020  -670.2 -91.6 -193.5
20211101223021  -670.4 -91.5 -193.1
20211101223022  -670.3 -91.5 -193.0
20211101223023  -670.5 -91.8 -193.2
20211101223024  -670.8 -91.6 -193.3
20211101223025  -670.8 -92.0 -193.5
20211101223026  -671.2 -92.0 -193.3
20211101223027  -671.5 -92.1 -193.2
20211101223028  -671.5 -91.8 -193.4
20211101223029  -671.5 -91.9 -193.2
20211101223030  -671.8 -92.1 -193.3
20211101223031  -672.1 -91.8 -193.3
20211101223032  -672.0 -91.7 -193.2
20211101223033  -671.6 -91.5 -192.5
20211101223034  -672.3 -91.3 -193.1
20211101223035  -672.7 -91.3 -193.4
20211101223036  -672.5 -91.3 -193.1
20211101223037  -672.6 -91.5 -193.0
20211101223038  -672.9 -91.4 -193.0
20211101223039  -673.1 -91.1 -193.1
20211101223040  -672.9 -91.3 -193.0
20211101223041  -672.8 -91.5 -192.9
20211101223042  -672.9 -91.4 -193.0
20211101223043  -673.1 -91.2 -192.9
20211101223044  -673.1 -91.5 -193.0
20211101223045  -673.1 -91.3 -193.1
20211101223046  -673.4 -91.6 -193.4
20211101223047  -673.1 -91.4 -193.2
20211101223048  -673.5 -91.4 -193.1
20211101223049  -673.4 -91.3 -193.4
20211101223050  -673.6 -91.4 -193.2
20211101223051  -673.6 -91.2 -193.1
20211101223052  -673.5 -91.6 -193.2
20211101223053  -673.6 -91.4 -193.1
20211101223054  -673.5 -91.4 -193.2
20211101223055  -673.6 -91.2 -193.3
20211101223056  -673.4 -91.2 -193.1
20211101223057  -673.4 -91.2 -193.5
20211101223058  -673.5 -91.0 -193.5
20211101223059  -673.4 -91.0 -193.4
20211101223100  -673.3 -91.1 -193.3
20211101223101  -673.4 -91.0 -193.4
20211101223102  -673.3 -90.8 -193.2
20211101223103  -672.7 -90.6 -193.0
20211101223104  -673.3 -90.3 -192.7
20211101223105  -673.4 -90.4 -193.1
20211101223106  -673.4 -90.2 -193.2
20211101223107  -673.3 -90.2 -193.2
20211101223108  -673.5 -90.0 -193.1
20211101223109  -673.8 -90.0 -193.3
20211101223110  -673.4 -90.2 -193.3
20211101223111  -673.5 -90.3 -193.4
20211101223112  -673.4 -90.2 -193.2
20211101223113  -673.2 -89.9 -193.2
20211101223114  -673.3 -89.8 -193.4
20211101223115  -673.4 -90.0 -193.3
20211101223116  -673.4 -89.7 -193.0
20211101223117  -673.3 -90.0 -193.1
20211101223118  -673.6 -90.0 -193.3
20211101223119  -673.5 -90.1 -193.4
20211101223120  -673.3 -89.8 -193.4
20211101223121  -673.2 -89.7 -193.4
20211101223122  -673.3 -89.6 -193.5
20211101223123  -673.4 -89.4 -193.1
20211101223124  -673.7 -89.1 -193.2
20211101223125  -673.6 -89.5 -193.3
20211101223126  -673.4 -89.4 -193.5
20211101223127  -673.5 -89.1 -193.2
20211101223128  -673.4 -89.1 -193.2
20211101223129  -673.4 -89.1 -193.1
20211101223130  -673.1 -89.1 -193.3
20211101223131  -673.2 -88.9 -193.3
20211101223132  -673.2 -88.8 -193.2
20211101223133  -672.7 -88.8 -193.0
20211101223134  -673.3 -88.7 -192.8
20211101223135  -673.0 -88.8 -193.1
20211101223136  -673.2 -88.8 -193.0
20211101223137  -673.0 -88.3 -192.9
20211101223138  -673.2 -88.5 -192.9
20211101223139  -673.5 -88.6 -192.9
20211101223140  -673.1 -88.4 -192.9
20211101223141  -673.1 -88.3 -192.9
20211101223142  -672.9 -88.6 -193.0
20211101223143  -672.9 -88.5 -192.9
20211101223144  -673.0 -88.7 -193.1
20211101223145  -673.1 -88.5 -193.2
20211101223146  -672.7 -88.6 -192.9
20211101223147  -672.8 -88.5 -192.9
20211101223148  -672.8 -88.5 -192.9
20211101223149  -672.3 -88.4 -192.6
20211101223150  -672.3 -88.3 -192.2
20211101223151  -672.4 -88.3 -192.4
20211101223152  -672.6 -88.4 -192.8
20211101223153  -672.0 -88.4 -192.9
20211101223154  -672.3 -88.3 -192.8
20211101223155  -672.2 -88.3 -192.5
20211101223156  -672.3 -88.3 -192.7
20211101223157  -671.8 -88.1 -192.6
20211101223158  -671.5 -87.9 -192.4
20211101223159  -671.5 -87.9 -192.5
20211101223200  -671.1 -87.6 -192.4
20211101223201  -671.1 -87.7 -192.3
20211101223202  -671.0 -87.7 -192.2
20211101223203  -670.8 -88.0 -191.9
20211101223204  -670.5 -87.5 -191.8
20211101223205  -670.8 -87.5 -192.0
20211101223206  -670.4 -87.7 -192.1
20211101223207  -670.3 -87.4 -192.1
20211101223208  -669.9 -87.3 -191.7
20211101223209  -670.0 -87.4 -191.7
20211101223210  -669.7 -87.4 -191.5
20211101223211  -669.5 -87.4 -191.3
20211101223212  -669.4 -87.3 -191.1
20211101223213  -669.3 -87.3 -191.4
20211101223214  -669.3 -87.1 -191.3
20211101223215  -668.7 -87.1 -191.1
20211101223216  -668.7 -87.3 -191.3
20211101223217  -668.5 -87.3 -191.3
20211101223218  -668.3 -87.2 -191.0
20211101223219  -668.4 -87.0 -191.1
20211101223220  -668.0 -87.2 -191.2
20211101223221  -667.8 -86.9 -191.0
20211101223222  -667.6 -86.8 -191.3
20211101223223  -667.3 -86.7 -191.3
20211101223224  -667.3 -86.5 -191.1
20211101223225  -667.1 -86.4 -191.2
20211101223226  -667.1 -86.8 -191.1
