20211101220850  -659.5 -88.9 -188.8
20211101220851  -659.7 -88.8 -188.5
20211101220852  -659.7 -88.6 -188.3
20211101220853  -659.4 -88.5 -188.2
20211101220854  -659.2 -88.5 -188.4
20211101220855  -659.5 -88.5 -188.5
20211101220856  -659.2 -88.4 -188.1
20211101220857  -659.3 -88.3 -188.0
20211101220858  -659.1 -88.5 -188.0
20211101220859  -659.3 -88.4 -187.8
20211101220900  -659.3 -88.0 -187.6
20211101220901  -659.0 -88.2 -187.4
20211101220902  -659.0 -88.0 -187.3
20211101220903  -658.8 -87.8 -187.7
20211101220904  -658.8 -88.0 -187.5
20211101220905  -659.0 -88.0 -187.5
20211101220906  -658.5 -87.9 -187.1
20211101220907  -658.6 -88.0 -187.4
20211101220908  -658.8 -87.9 -186.8
20211101220909  -659.0 -87.9 -186.9
20211101220910  -659.0 -88.1 -186.9
20211101220911  -659.2 -88.1 -186.9
20211101220912  -659.1 -88.1 -186.6
20211101220913  -658.7 -88.3 -186.8
20211101220914  -658.8 -88.3 -186.8
20211101220915  -658.7 -88.3 -186.4
20211101220916  -658.8 -88.4 -186.5
20211101220917  -659.0 -88.2 -186.6
20211101220918  -659.0 -88.3 -186.3
20211101220919  -658.9 -88.4 -186.5
20211101220920  -658.9 -88.4 -186.7
20211101220921  -659.1 -88.6 -186.4
20211101220922  -659.0 -88.6 -186.5
20211101220923  -659.0 -88.6 -186.2
20211101220924  -659.3 -88.6 -185.9
20211101220925  -659.3 -88.7 -185.6
20211101220926  -659.2 -88.6 -186.1
20211101220927  -659.2 -88.8 -185.9
20211101220928  -659.3 -88.8 -185.5
20211101220929  -659.4 -88.7 -185.5
20211101220930  -659.6 -88.8 -185.6
20211101220931  -660.0 -88.8 -185.6
20211101220932  -660.1 -88.9 -185.5
20211101220933  -659.9 -88.9 -185.6
20211101220934  -660.0 -89.1 -185.3
20211101220935  -659.9 -88.9 -185.4
20211101220936  -660.1 -89.2 -185.4
20211101220937  -660.1 -88.8 -185.5
20211101220938  -660.5 -89.1 -185.3
20211101220939  -660.4 -89.1 -185.4
20211101220940  -660.3 -89.2 -184.9
20211101220941  -660.2 -89.1 -185.0
20211101220942  -660.3 -89.2 -185.0
20211101220943  -660.1 -89.2 -185.2
20211101220944  -660.5 -89.4 -184.9
20211101220945  -660.7 -89.3 -184.7
20211101220946  -660.6 -89.2 -184.8
20211101220947  -660.7 -89.4 -185.0
20211101220948  -660.7 -89.5 -184.8
20211101220949  -660.5 -89.8 -184.7
20211101220950  -660.8 -89.8 -185.0
20211101220951  -660.9 -89.7 -185.0
20211101220952  -660.9 -89.8 -184.7
20211101220953  -660.9 -89.7 -184.6
20211101220954  -661.0 -89.6 -184.9
20211101220955  -661.1 -89.9 -185.1
20211101220956  -661.4 -89.7 -184.8
20211101220957  -661.6 -89.9 -184.8
20211101220958  -661.6 -89.7 -184.7
20211101220959  -661.7 -89.7 -185.0
20211101221000  -661.7 -89.9 -184.6
20211101221001  -662.0 -89.8 -184.7
20211101221002  -662.0 -89.4 -184.9
20211101221003  -662.3 -89.6 -184.8
20211101221004  -662.5 -89.7 -184.8
20211101221005  -662.3 -89.7 -184.9
20211101221006  -662.6 -89.6 -185.1
20211101221007  -662.8 -90.2 -184.9
20211101221008  -662.9 -90.0 -184.9
20211101221009  -663.3 -89.9 -185.1
20211101221010  -663.4 -90.0 -185.1
20211101221011  -663.4 -90.3 -185.1
20211101221012  -663.4 -90.3 -184.9
20211101221013  -663.6 -90.2 -185.2
20211101221014  -664.0 -90.5 -185.4
20211101221015  -664.0 -90.5 -185.1
20211101221016  -664.0 -90.5 -184.9
20211101221017  -664.4 -90.5 -185.0
20211101221018  -664.1 -90.5 -184.8
20211101221019  -664.4 -90.4 -185.1
20211101221020  -664.6 -90.7 -185.1
20211101221021  -664.6 -90.6 -184.8
20211101221022  -664.8 -90.4 -185.0
20211101221023  -664.6 -90.3 -184.8
20211101221024  -664.8 -90.4 -185.0
20211101221025  -664.7 -90.7 -184.9
20211101221026  -665.2 -90.4 -185.4
20211101221027  -665.3 -90.7 -185.2
20211101221028  -665.2 -90.7 -185.2
20211101221029  -665.3 -90.7 -185.2
20211101221030  -665.8 -90.7 -185.4
20211101221031  -665.4 -91.0 -185.5
20211101221032  -665.8 -90.9 -185.3
20211101221033  -665.9 -90.7 -185.7
20211101221034  -666.0 -91.1 -185.7
20211101221035  -666.1 -91.1 -185.7
20211101221036  -666.0 -90.9 -185.7
20211101221037  -666.2 -90.9 -186.0
20211101221038  -666.2 -91.2 -185.7
20211101221039  -666.1 -91.0 -185.7
20211101221040  -666.4 -90.9 -185.8
20211101221041  -666.6 -90.9 -185.2
20211101221042  -666.9 -91.4 -185.5
20211101221043  -667.1 -91.1 -185.2
20211101221044  -666.9 -91.1 -185.6
20211101221045  -667.0 -91.1 -185.8
20211101221046  -667.2 -90.9 -186.0
20211101221047  -667.4 -91.1 -186.1
20211101221048  -667.4 -91.1 -185.9
20211101221049  -667.2 -91.1 -185.9
20211101221050  -667.4 -91.1 -185.7
20211101221051  -667.4 -91.0 -185.8
20211101221052  -667.5 -91.1 -185.8
20211101221053  -667.6 -91.1 -186.0
20211101221054  -667.6 -91.0 -185.8
20211101221055  -667.7 -91.1 -186.1
20211101221056  -667.8 -91.1 -186.1
20211101221057  -667.7 -91.0 -186.0
20211101221058  -667.9 -91.1 -185.8
20211101221059  -667.8 -91.2 -186.0
20211101221100  -667.7 -91.2 -186.0
20211101221101  -667.7 -91.1 -185.8
20211101221102  -667.9 -90.8 -186.0
20211101221103  -668.1 -90.9 -185.9
20211101221104  -668.3 -90.7 -185.7
20211101221105  -668.1 -91.0 -185.9
20211101221106  -668.2 -90.7 -186.0
20211101221107  -668.2 -90.7 -185.9
20211101221108  -667.9 -90.9 -185.9
20211101221109  -668.4 -91.0 -186.0
20211101221110  -668.3 -91.0 -186.1
20211101221111  -668.2 -91.1 -186.0
20211101221112  -668.3 -91.0 -186.0
20211101221113  -668.2 -90.8 -186.0
20211101221114  -668.6 -90.8 -186.2
20211101221115  -668.5 -90.9 -186.8
20211101221116  -668.5 -90.8 -186.5
20211101221117  -668.8 -91.2 -186.5
20211101221118  -668.4 -90.9 -186.6
20211101221119  -668.4 -90.8 -186.5
20211101221120  -668.1 -90.9 -186.3
20211101221121  -668.1 -90.8 -186.3
20211101221122  -668.2 -90.7 -186.6
20211101221123  -668.2 -90.7 -186.6
20211101221124  -668.3 -90.7 -186.6
20211101221125  -668.1 -90.7 -186.6
20211101221126  -668.3 -90.7 -186.8
20211101221127  -668.5 -90.3 -187.0
20211101221128  -668.7 -90.7 -186.8
20211101221129  -668.5 -90.6 -187.0
20211101221130  -668.3 -90.7 -186.9
20211101221131  -668.3 -90.6 -187.2
20211101221132  -668.4 -90.6 -187.3
20211101221133  -668.2 -90.5 -187.3
20211101221134  -668.3 -90.6 -187.2
20211101221135  -668.4 -90.5 -187.3
20211101221136  -668.3 -90.2 -187.0
20211101221137  -668.4 -90.5 -187.0
20211101221138  -668.2 -90.4 -187.3
20211101221139  -668.2 -90.8 -187.2
20211101221140  -668.2 -90.3 -187.5
20211101221141  -668.3 -90.3 -187.4
20211101221142  -668.3 -90.3 -187.3
20211101221143  -668.2 -90.0 -187.5
20211101221144  -668.5 -90.1 -187.6
20211101221145  -668.6 -90.1 -187.1
20211101221146  -668.7 -90.2 -187.3
20211101221147  -668.3 -90.0 -187.3
20211101221148  -668.0 -89.8 -187.5
20211101221149  -668.2 -89.8 -187.3
20211101221150  -668.1 -90.0 -187.4
20211101221151  -668.0 -89.8 -187.5
20211101221152  -668.0 -89.7 -187.9
20211101221153  -668.2 -89.9 -187.8
20211101221154  -668.2 -89.6 -187.7
20211101221155  -668.1 -89.5 -187.9
20211101221156  -668.1 -89.5 -187.7
20211101221157  -667.9 -89.6 -187.9
20211101221158  -668.1 -89.2 -187.8
20211101221159  -668.2 -89.2 -187.8
20211101221200  -667.9 -89.4 -187.8
20211101221201  -668.2 -89.0 -187.9
20211101221202  -668.2 -89.0 -187.8
20211101221203  -668.0 -89.2 -188.1
20211101221204  -668.0 -89.0 -188.2
20211101221205  -668.1 -89.2 -188.2
20211101221206  -668.0 -88.9 -187.9
20211101221207  -668.1 -89.0 -188.0
20211101221208  -668.2 -89.1 -188.2
20211101221209  -668.2 -89.3 -188.4
20211101221210  -668.1 -89.3 -188.6
20211101221211  -667.7 -89.2 -188.6
20211101221212  -667.6 -88.9 -188.4
20211101221213  -667.9 -89.2 -188.6
20211101221214  -667.6 -89.2 -188.7
20211101221215  -667.8 -89.0 -189.3
20211101221216  -668.0 -89.2 -189.1
20211101221217  -667.8 -89.1 -189.1
20211101221218  -668.0 -89.2 -189.3
20211101221219  -667.8 -89.2 -189.2
20211101221220  -668.0 -89.2 -189.1
20211101221221  -667.6 -89.3 -189.1
20211101221222  -667.6 -88.9 -189.2
20211101221223  -667.3 -89.0 -189.4
20211101221224  -667.3 -89.2 -189.5
20211101221225  -667.5 -89.3 -189.8
20211101221226  -667.6 -89.2 -190.1
20211101221227  -667.3 -89.3 -190.0
20211101221228  -667.3 -89.1 -190.2
20211101221229  -667.4 -89.1 -190.4
