89.1 -200.5
20211220231028  -664.7 -89.0 -200.3
20211220231029  -664.3 -89.2 -200.2
20211220231030  -664.8 -88.8 -200.2
20211220231031  -664.3 -88.7 -199.8
20211220231032  -664.3 -88.4 -199.9
20211220231033  -664.0 -88.2 -200.1
20211220231034  -663.8 -88.1 -200.1
20211220231035  -663.8 -87.9 -200.3
20211220231036  -663.8 -88.0 -200.3
20211220231037  -663.4 -88.1 -200.5
20211220231038  -663.2 -87.7 -199.9
20211220231039  -662.8 -87.2 -199.6
20211220231040  -662.6 -87.0 -199.4
20211220231041  -662.3 -86.9 -198.8
20211220231042  -662.7 -87.0 -199.2
20211220231043  -662.6 -87.1 -199.7
20211220231044  -662.5 -87.0 -199.6
20211220231045  -662.4 -86.9 -199.6
20211220231046  -662.6 -87.1 -199.9
20211220231047  -662.4 -87.1 -200.1
20211220231048  -662.4 -86.7 -199.8
20211220231049  -662.1 -86.8 -199.7
20211220231050  -662.4 -86.9 -199.9
20211220231051  -662.1 -86.9 -199.7
20211220231052  -662.3 -87.0 -199.8
20211220231053  -662.2 -86.7 -199.7
20211220231054  -662.1 -86.7 -199.5
20211220231055  -662.1 -86.6 -199.5
20211220231056  -661.8 -86.6 -200.0
20211220231057  -661.8 -86.4 -199.8
20211220231058  -661.8 -86.3 -199.7
20211220231059  -661.6 -86.3 -199.7
20211220231100  -661.6 -86.4 -199.5
20211220231101  -661.7 -86.5 -199.4
20211220231102  -661.9 -86.2 -199.5
20211220231103  -661.6 -86.7 -199.4
20211220231104  -660.7 -86.6 -199.2
20211220231105  -660.3 -86.4 -198.4
20211220231106  -660.1 -86.1 -198.4
20211220231107  -659.7 -86.2 -198.2
20211220231108  -660.2 -85.6 -198.4
20211220231109  -660.6 -85.9 -198.6
20211220231110  -660.5 -86.1 -198.6
20211220231111  -660.3 -85.9 -198.8
20211220231112  -660.6 -86.0 -198.6
20211220231113  -660.2 -85.9 -199.0
20211220231114  -660.3 -86.1 -199.0
20211220231115  -660.2 -86.5 -199.0
20211220231116  -660.2 -86.4 -199.2
20211220231117  -660.2 -86.4 -198.6
20211220231118  -660.4 -86.4 -198.8
20211220231119  -660.6 -86.3 -199.2
20211220231120  -660.4 -86.4 -199.0
20211220231121  -660.9 -86.5 -198.9
20211220231122  -660.7 -86.7 -199.1
20211220231123  -660.7 -86.7 -199.2
20211220231124  -660.6 -86.7 -199.1
20211220231125  -660.9 -86.5 -199.1
20211220231126  -661.0 -86.4 -199.2
20211220231127  -661.3 -86.5 -199.5
20211220231128  -661.6 -86.7 -199.6
20211220231129  -661.6 -87.1 -199.6
20211220231130  -661.2 -86.9 -199.2
20211220231131  -661.0 -86.9 -198.5
20211220231132  -661.2 -87.0 -198.6
20211220231133  -661.0 -87.1 -198.0
20211220231134  -661.6 -87.3 -198.2
20211220231135  -661.9 -87.6 -198.6
20211220231136  -662.1 -87.6 -198.6
20211220231137  -662.1 -87.9 -198.7
20211220231138  -662.2 -88.0 -198.9
20211220231139  -662.7 -88.2 -198.9
20211220231140  -662.2 -88.1 -198.8
20211220231141  -662.3 -88.3 -198.7
20211220231142  -662.6 -88.4 -198.7
20211220231143  -662.8 -88.5 -198.7
20211220231144  -662.7 -88.5 -198.4
20211220231145  -662.5 -88.5 -198.6
20211220231146  -662.6 -88.9 -198.7
20211220231147  -662.8 -89.1 -198.7
20211220231148  -662.8 -89.3 -198.6
20211220231149  -662.4 -89.5 -198.8
20211220231150  -662.7 -89.4 -198.8
20211220231151  -662.8 -89.5 -199.1
20211220231152  -663.1 -89.8 -199.2
20211220231153  -663.3 -90.0 -198.9
20211220231154  -663.3 -90.3 -198.9
20211220231155  -663.3 -90.3 -199.0
20211220231156  -663.2 -90.7 -198.6
20211220231157  -663.0 -90.3 -198.5
20211220231158  -662.6 -90.5 -198.2
20211220231159  -662.6 -90.0 -198.0
20211220231200  -663.0 -90.3 -198.2
20211220231201  -663.4 -90.3 -198.5
20211220231202  -663.7 -90.5 -198.2
20211220231203  -663.5 -90.6 -198.3
20211220231204  -663.3 -90.9 -198.8
20211220231205  -663.3 -91.1 -198.6
20211220231206  -663.3 -91.0 -198.1
20211220231207  -663.5 -91.0 -198.2
20211220231208  -663.6 -91.5 -198.4
20211220231209  -663.7 -91.8 -198.4
20211220231210  -663.9 -91.4 -198.7
20211220231211  -663.9 -91.7 -198.7
20211220231212  -663.9 -91.9 -198.7
20211220231213  -664.2 -92.3 -199.0
20211220231214  -664.4 -92.5 -199.0
20211220231215  -664.6 -92.6 -198.8
20211220231216  -664.5 -92.7 -198.9
20211220231217  -664.6 -92.2 -199.0
20211220231218  -664.7 -92.6 -199.1
20211220231219  -665.0 -92.5 -199.2
20211220231220  -665.2 -92.7 -199.1
20211220231221  -665.5 -92.6 -199.0
20211220231222  -665.1 -92.9 -199.0
20211220231223  -664.6 -92.9 -198.3
20211220231224  -664.7 -92.9 -197.8
20211220231225  -664.8 -92.5 -197.7
20211220231226  -665.0 -92.5 -198.0
20211220231227  -665.8 -92.8 -198.3
20211220231228  -666.1 -93.0 -198.3
20211220231229  -666.4 -93.0 -198.2
20211220231230  -666.7 -93.2 -198.5
20211220231231  -667.0 -93.1 -198.7
20211220231232  -667.0 -93.4 -198.6
20211220231233  -667.1 -93.5 -198.7
20211220231234  -667.4 -93.5 -199.0
20211220231235  -667.7 -93.7 -198.9
20211220231236  -667.7 -93.8 -199.0
20211220231237  -668.0 -94.0 -199.0
20211220231238  -668.4 -94.3 -199.2
20211220231239  -668.4 -94.2 -199.1
20211220231240  -668.6 -94.5 -199.2
20211220231241  -668.9 -94.6 -198.9
20211220231242  -668.9 -95.0 -199.1
20211220231243  -669.1 -95.0 -198.9
20211220231244  -669.7 -94.8 -198.9
20211220231245  -669.7 -94.9 -198.8
20211220231246  -669.8 -95.2 -199.2
20211220231247  -670.1 -95.1 -199.3
20211220231248  -670.1 -95.4 -199.3
20211220231249  -669.9 -95.2 -198.9
20211220231250  -670.3 -94.9 -198.8
20211220231251  -670.2 -95.2 -198.7
20211220231252  -670.7 -95.2 -198.4
20211220231253  -672.0 -95.2 -198.9
20211220231254  -672.5 -95.4 -199.1
20211220231255  -672.9 -95.5 -199.2
20211220231256  -673.2 -95.9 -199.5
20211220231257  -673.7 -95.7 -199.4
20211220231258  -674.0 -96.2 -199.3
20211220231259  -674.7 -96.3 -199.6
20211220231300  -675.1 -96.6 -199.8
20211220231301  -675.8 -96.4 -199.7
20211220231302  -676.3 -96.8 -199.6
20211220231303  -676.5 -96.7 -199.7
20211220231304  -676.9 -96.9 -199.7
20211220231305  -677.4 -96.8 -199.5
20211220231306  -677.5 -96.9 -199.6
20211220231307  -678.0 -97.4 -199.4
20211220231308  -678.6 -97.6 -199.6
20211220231309  -679.2 -97.5 -199.4
20211220231310  -679.1 -97.9 -199.6
20211220231311  -679.7 -97.9 -199.5
20211220231312  -680.0 -98.2 -199.3
20211220231313  -680.2 -98.2 -199.2
20211220231314  -680.7 -98.2 -199.1
20211220231315  -680.3 -98.3 -198.6
20211220231316  -680.0 -97.9 -198.0
20211220231317  -679.8 -98.1 -197.9
20211220231318  -679.6 -97.9 -197.8
20211220231319  -680.0 -98.1 -197.8
20211220231320  -680.5 -98.4 -198.6
20211220231321  -680.7 -98.5 -198.8
20211220231322  -680.8 -98.7 -198.5
20211220231323  -680.6 -98.6 -198.3
20211220231324  -680.8 -98.5 -198.3
20211220231325  -680.8 -98.7 -198.5
20211220231326  -680.9 -99.1 -198.4
20211220231327  -680.8 -99.1 -198.6
20211220231328  -680.9 -99.5 -198.4
20211220231329  -680.7 -99.8 -198.4
20211220231330  -680.7 -99.7 -198.3
20211220231331  -680.6 -99.6 -198.5
20211220231332  -680.5 -99.8 -198.6
20211220231333  -680.3 -100.0 -198.6
20211220231334  -680.2 -100.1 -198.4
20211220231335  -680.2 -100.3 -198.3
20211220231336  -679.9 -100.1 -198.5
20211220231337  -679.7 -100.1 -198.1
20211220231338  -679.8 -100.0 -197.9
20211220231339  -679.8 -100.1 -197.9
20211220231340  -679.6 -100.1 -198.4
20211220231341  -679.0 -100.1 -198.1
20211220231342  -678.9 -100.1 -197.7
20211220231343  -678.7 -100.1 -197.5
20211220231344  -678.7 -100.0 -197.2
20211220231345  -678.6 -99.9 -197.2
20211220231346  -679.5 -100.0 -197.7
20211220231347  -679.5 -99.9 -198.2
20211220231348  -679.5 -100.0 -198.0
20211220231349  -679.9 -100.4 -198.0
20211220231350  -679.9 -100.5 -198.0
20211220231351  -680.0 -100.4 -198.2
20211220231352  -680.0 -100.3 -198.1
20211220231353  -679.9 -100.4 -197.6
20211220231354  -679.5 -100.4 -197.7
20211220231355  -679.1 -100.1 -197.6
20211220231356  -678.9 -100.5 -197.8
20211220231357  -678.7 -100.5 -197.3
20211220231358  -678.2 -100.8 -197.2
20211220231359  -678.5 -100.7 -197.1
20211220231400  -678.3 -100.8 -197.5
20211220231401  -678.4 -101.1 -197.5
20211220231402  -678.3 -101.0 -197.4
20211220231403  -678.1 -101.0 -197.6
20211220231404  -678.3 -100.9 -197.9
20211220231405  -678.2 -100.7 -197.7
20211220231406  -678.1 -100.9 -197.9
20211220231407  -678.2 -101.2 -197.6
20211220231408  -677.7 -100.9 -196.9
20211220231409  -677.3 -100.7 -197.0
20211220231410  -677.3 -100.5 -196.8
20211220231411  -677.1 -100.3 -196.3
20211220231412  -677.6 -100.5 -196.5
20211220231413  -677.8 -100.7 -196.6
20211220231414  -677.6 -100.8 -196.9
20211220231415  -677.7 -100.8 -196.8
20211220231416  -677.8 -100.9 -196.7
20211220231417  -677.9 -100.8 -196.6
20211220231418  -677.9 -101.1 -196.5
20211220231419  -678.0 -101.3 -196.4
20211220231420  -678.2 -101.2 -196.3
20211220231421  -677.7 -101.1 -196.5
20211220231422  -678.0 -101.4 -196.3
20211220231423  -677.8 -101.1 -196.2
20211220231424  -678.1 -101.3 -196.3
20211220231425  -678.1 -101.7 -196.3
20211220231426  -678.4 -102.1 -196.3
20211220231427  -678.6 -101.8 -196.3
20211220231428  -678.7 -102.2 -196.3
20211220231429  -678.8 -101.9 -196.1
20211220231430  -678.7 -102.0 -195.8
20211220231431  -678.2 -101.9 -195.8
20211220231432  -678.2 -102.1 -195.6
20211220231433  -677.7 -102.3 -195.5
20211220231434  -677.1 -102.2 -195.3
20211220231435  -676.2 -102.2 -194.8
20211220231436  -675.9 -102.2 -194.4
20211220231437  -675.5 -102.2 -194.2
20211220231438  -675.2 -101.9 -193.9
20211220231439  -675.4 -102.1 -194.1
20211220231440  -675.3 -102.2 -194.4
20211220231441  -674.9 -102.6 -194.3
20211220231442  -674.6 -102.7 -194.0
20211220231443  -674.4 -102.5 -194.2
20211220231444  -674.0 -102.8 -194.6
20211220231445  -674.0 -102.6 -194.3
20211220231446  -673.7 -102.7 -194.2
20211220231447  -673.4 -102.8 -194.3
20211220231448  -673.3 -103.2 -194.1
20211220231449  -673.1 -103.1 -194.1
20211220231450  -672.9 -103.2 -193.9
20211220231451  -673.1 -103.2 -193.9
20211220231452  -672.9 -103.3 -194.0
20211220231453  -672.9 -103.7 -194.0
20211220231454  -672.9 -103.5 -193.8
20211220231455  -672.8 -103.7 -193.9
20211220231456  -673.0 -103.8 -193.7
20211220231457  -672.8 -103.7 -193.6
20211220231458  -672.7 -103.7 -193.2
20211220231459  -672.6 -103.7 -192.9
20211220231500  -672.1 -103.7 -192.5
20211220231501  -671.9 -103.4 -192.3
20211220231502  -671.7 -103.1 -192.3
20211220231503  -671.5 -103.3 -191.7
20211220231504  -671.1 -103.1 -191.5
20211220231505  -670.8 -103.1 -191.2
20211220231506  -671.3 -103.1 -192.1
20211220231507  -671.4 -103.2 -191.8
20211220231508  -671.1 -103.3 -191.4
20211220231509  -671.0 -103.2 -191.3
20211220231510  -670.7 -103.0 -191.1
20211220231511  -670.7 -103.0 -190.8
20211220231512  -670.4 -103.0 -191.0
20211220231513  -670.3 -102.8 -191.0
20211220231514  -670.0 -102.9 -190.8
20211220231515  -669.8 -102.9 -190.7
20211220231516  -669.8 -102.8 -190.7
20211220231517  -669.8 -102.9 -191.0
20211220231518  -669.5 -102.8 -190.6
20211220231519  -669.7 -102.6 -190.3
20211220231520  -669.5 -102.8 -189.9
20211220231521  -669.5 -102.5 -190.2
20211220231522  -669.2 -102.3 -190.1
20211220231523  -669.2 -102.2 -189.6
20211220231524  -669.2 -102.4 -189.9
20211220231525  -669.1 -102.1 -189.8
20211220231526  -668.8 -102.5 -189.4
20211220231527  -668.4 -102.1 -188.8
20211220231528  -668.4 -102.0 -188.5
20211220231529  -668.0 -101.7 -188.1
20211220231530  -668.0 -101.8 -188.0
20211220231531  -667.3 -101.7 -187.7
20211220231532  -667.5 -101.8 -187.5
20211220231533  -668.1 -101.7 -188.1
20211220231534  -668.2 -101.6 -188.2
20211220231535  -668.4 -101.5 -188.2
20211220231536  -668.8 -101.1 -187.9
20211220231537  -668.5 -100.8 -187.8
20211220231538  -668.6 -100.9 -187.5
20211220231539  -668.7 -100.7 -187.6
20211220231540  -668.8 -100.8 -187.4
20211220231541  -668.8 -100.7 -187.5
20211220231542  -668.6 -100.8 -186.9
20211220231543  -668.6 -100.4 -186.8
20211220231544  -668.7 -100.4 -186.8
20211220231545  -668.9 -100.4 -186.5
20211220231546  -668.9 -100.0 -186.4
20211220231547  -668.9 -99.8 -186.6
20211220231548  -668.9 -99.8 -186.1
20211220231549  -668.8 -99.6 -186.2
20211220231550  -669.1 -99.7 -185.8
20211220231551  -669.0 -99.7 -185.9
20211220231552  -668.8 -99.8 -185.6
20211220231553  -668.5 -99.7 -185.1
20211220231554  -668.3 -99.4 -184.7
20211220231555  -668.1 -99.2 -184.6
20211220231556  -667.8 -98.9 -184.0
20211220231557  -667.8 -98.7 -183.6
20211220231558  -667.8 -98.8 -183.6
20211220231559  -668.4 -98.6 -183.7
20211220231600  -669.1 -98.9 -183.9
20211220231601  -669.0 -98.8 -184.0
20211220231602  -669.1 -98.9 -184.0
20211220231603  -668.9 -98.5 -183.8
20211220231604  -669.1 -98.4 -183.7
20211220231605  -669.3 -98.3 -183.6
20211220231606  -669.4 -98.0 -183.4
20211220231607  -669.4 -97.9 -183.3
20211220231608  -669.4 -97.8 -183.3
20211220231609  -669.5 -97.7 -183.5
20211220231610  -669.6 -97.9 -183.3
20211220231611  -669.3 -97.5 -183.0
20211220231612  -669.4 -97.6 -183.2
20211220231613  -669.5 -97.7 -182.9
20211220231614  -669.6 -97.4 -182.8
20211220231615  -669.6 -97.2 -182.6
20211220231616  -669.7 -97.3 -182.5
20211220231617  -669.6 -97.3 -182.6
20211220231618  -670.0 -97.4 -182.7
20211220231619  -669.4 -97.3 -182.0
20211220231620  -669.1 -97.1 -181.7
20211220231621  -669.1 -96.8 -181.8
20211220231622  -669.3 -96.6 -181.5
20211220231623  -669.0 -96.6 -181.0
20211220231624  -669.5 -96.2 -180.8
20211220231625  -669.9 -96.3 -180.6
20211220231626  -670.5 -96.2 -181.3
20211220231627  -670.7 -95.8 -181.3
20211220231628  -670.8 -96.0 -181.6
20211220231629  -671.4 -96.0 -181.5
20211220231630  -671.5 -95.9 -181.7
20211220231631  -671.8 -96.1 -181.5
20211220231632  -671.9 -95.9 -181.4
20211220231633  -672.0 -95.9 -181.0
20211220231634  -672.0 -95.8 -181.0
20211220231635  -672.4 -95.6 -180.8
20211220231636  -672.7 -95.6 -181.0
20211220231637  -672.9 -95.7 -181.2
20211220231638  -672.9 -95.5 -180.8
20211220231639  -673.1 -95.3 -180.9
20211220231640  -673.5 -95.1 -180.5
20211220231641  -673.6 -95.4 -180.6
20211220231642  -673.6 -95.4 -180.5
20211220231643  -673.7 -95.2 -180.4
20211220231644  -674.0 -95.1 -180.3
20211220231645  -674.0 -95.4 -180.5
20211220231646  -673.8 -95.2 -179.9
20211220231647  -674.0 -95.0 -179.4
20211220231648  -673.9 -95.0 -179.1
20211220231649  -673.8 -94.9 -179.0
20211220231650  -674.0 -94.9 -178.7
20211220231651  -674.4 -94.5 -178.8
20211220231652  -675.3 -94.7 -178.9
20211220231653  -675.7 -94.5 -179.1
20211220231654  -676.0 -94.7 -179.0
20211220231655  -676.1 -94.2 -178.9
20211220231656  -676.2 -93.9 -178.6
20211220231657  -676.6 -93.8 -178.4
20211220231658  -676.5 -93.7 -178.3
20211220231659  -676.7 -93.3 -178.0
20211220231700  -676.9 -93.6 -178.0
20211220231701  -677.0 -93.7 -178.0
20211220231702  -677.3 -93.7 -178.3
20211220231703  -677.6 -93.4 -178.4
20211220231704  -677.8 -93.0 -178.1
20211220231705  -677.9 -92.9 -178.1
20211220231706  -677.8 -92.9 -177.8
20211220231707  -677.8 -92.7 -177.7
20211220231708  -678.2 -92.5 -177.8
20211220231709  -678.4 -92.5 -177.5
20211220231710  -678.1 -92.3 -177.7
20211220231711  -678.3 -92.2 -177.7
20211220231712  -677.5 -92.2 -177.3
20211220231713  -677.7 -92.1 -176.8
20211220231714  -677.8 -91.8 -176.5
20211220231715  -677.4 -91.6 -176.3
20211220231716  -677.0 -91.3 -175.8
20211220231717  -677.3 -91.1 -175.9
20211220231718  -678.2 -91.6 -176.4
20211220231719  -678.7 -91.4 -176.5
20211220231720  -678.5 -91.3 -176.2
20211220231721  -678.9 -91.3 -176.2
20211220231722  -678.6 -90.8 -176.2
20211220231723  -679.0 -90.8 -176.3
20211220231724  -679.3 -90.6 -176.4
20211220231725  -679.1 -90.6 -176.5
20211220231726  -679.2 -90.6 -176.5
20211220231727  -679.5 -90.5 -176.4
20211220231728  -679.7 -90.7 -176.2
20211220231729  -679.9 -90.3 -176.2
20211220231730  -679.9 -90.1 -176.2
20211220231731  -680.0 -90.0 -176.1
20211220231732  -680.0 -89.9 -175.9
20211220231733  -680.2 -90.0 -176.0
20211220231734  -680.4 -90.1 -175.9
20211220231735  -680.4 -90.1 -175.6
20211220231736  -680.6 -90.1 -175.6
20211220231737  -680.8 -89.6 -175.4
20211220231738  -680.2 -89.8 -175.6
20211220231739  -680.1 -89.6 -175.0
20211220231740  -680.0 -89.3 -174.7
20211220231741  -680.1 -89.0 -174.6
20211220231742  -679.5 -88.7 -174.1
20211220231743  -679.5 -88.7 -173.7
20211220231744  -680.7 -88.3 -174.2
20211220231745  -681.1 -88.2 -174.5
20211220231746  -681.2 -88.4 -174.4
20211220231747  -681.5 -88.4 -174.5
20211220231748  -681.7 -88.5 -174.5
20211220231749  -682.2 -88.4 -174.4
20211220231750  -682.6 -88.0 -174.3
20211220231751  -682.9 -88.0 -174.4
20211220231752  -683.0 -87.8 -174.3
20211220231753  -683.4 -88.0 -174.2
20211220231754  -683.7 -87.9 -174.2
20211220231755  -684.0 -87.8 -174.3
20211220231756  -684.0 -87.5 -174.1
20211220231757  -684.7 -87.6 -173.9
20211220231758  -684.8 -87.7 -173.8
20211220231759  -684.9 -87.6 -173.6
20211220231800  -685.3 -87.7 -174.0
20211220231801  -685.5 -87.6 -173.8
20211220231802  -685.7 -87.3 -173.8
20211220231803  -686.0 -87.1 -173.7
20211220231804  -686.3 -87.6 -173.9
20211220231805  -686.3 -87.3 -173.6
20211220231806  -686.1 -87.3 -173.1
20211220231807  -686.4 -87.3 -172.9
20211220231808  -686.7 -87.0 -172.5
20211220231809  -687.1 -87.0 -172.6
20211220231810  -688.2 -87.3 -173.4
20211220231811  -688.6 -87.2 -173.5
20211220231812  -688.9 -87.3 -173.3
