20211029220026  -676.6 -83.7 -210.3
20211029220027  -676.9 -83.9 -210.3
20211029220028  -677.4 -84.0 -210.7
20211029220029  -677.7 -84.0 -210.9
20211029220030  -677.7 -83.8 -211.2
20211029220031  -677.6 -83.8 -211.3
20211029220032  -677.8 -83.9 -211.3
20211029220033  -677.8 -84.0 -211.2
20211029220034  -677.9 -83.7 -211.1
20211029220035  -677.9 -83.8 -211.1
20211029220036  -678.2 -83.6 -211.2
20211029220037  -678.0 -83.8 -211.5
20211029220038  -678.4 -83.8 -211.1
20211029220039  -678.3 -83.8 -211.2
20211029220040  -678.2 -83.9 -211.0
20211029220041  -678.2 -84.1 -210.9
20211029220042  -678.4 -84.2 -210.7
20211029220043  -678.4 -84.3 -211.4
20211029220044  -678.5 -84.4 -210.9
20211029220045  -678.7 -84.1 -210.9
20211029220046  -678.9 -84.2 -211.2
20211029220047  -678.8 -83.9 -211.0
20211029220048  -678.9 -84.4 -210.9
20211029220049  -679.0 -84.2 -210.8
20211029220050  -679.0 -84.1 -210.9
20211029220051  -678.8 -84.5 -211.1
20211029220052  -678.1 -84.4 -210.2
20211029220053  -678.2 -84.1 -209.8
20211029220054  -678.0 -83.9 -209.5
20211029220055  -677.7 -84.1 -209.4
20211029220056  -677.9 -83.6 -209.5
20211029220057  -678.5 -84.1 -210.1
20211029220058  -678.7 -84.2 -210.2
20211029220059  -678.6 -84.3 -210.4
20211029220100  -678.6 -84.3 -210.6
20211029220101  -678.7 -84.1 -210.6
20211029220102  -678.8 -84.5 -210.4
20211029220103  -679.0 -84.2 -210.4
20211029220104  -679.0 -84.3 -210.3
20211029220105  -679.0 -84.4 -209.9
20211029220106  -679.3 -84.2 -210.3
20211029220107  -679.4 -84.1 -210.4
20211029220108  -679.2 -84.3 -210.0
20211029220109  -679.5 -84.1 -209.9
20211029220110  -679.4 -83.9 -210.4
20211029220111  -679.7 -84.0 -210.4
20211029220112  -679.5 -83.9 -210.3
20211029220113  -679.9 -83.8 -210.3
20211029220114  -679.7 -84.0 -210.5
20211029220115  -680.0 -83.8 -210.4
20211029220116  -680.0 -83.9 -210.3
20211029220117  -680.0 -84.0 -210.2
20211029220118  -679.8 -83.6 -210.6
20211029220119  -680.0 -83.6 -210.5
20211029220120  -680.2 -83.9 -210.2
20211029220121  -680.7 -83.7 -210.1
20211029220122  -679.9 -83.7 -210.1
20211029220123  -679.5 -83.3 -209.6
20211029220124  -679.7 -83.0 -209.6
20211029220125  -679.7 -83.0 -209.1
20211029220126  -680.0 -82.7 -209.3
20211029220127  -680.0 -82.9 -209.9
20211029220128  -680.3 -82.9 -210.1
20211029220129  -680.5 -82.8 -209.8
20211029220130  -680.3 -82.8 -210.0
20211029220131  -680.7 -82.6 -210.0
20211029220132  -680.7 -82.6 -209.9
20211029220133  -680.9 -82.1 -209.7
20211029220134  -680.6 -81.8 -209.8
20211029220135  -680.7 -82.0 -209.8
20211029220136  -680.6 -81.8 -209.6
20211029220137  -680.5 -81.4 -209.8
20211029220138  -680.9 -81.4 -209.9
20211029220139  -680.6 -81.2 -209.8
20211029220140  -680.6 -81.6 -209.5
20211029220141  -680.8 -81.7 -209.7
20211029220142  -680.8 -81.4 -209.5
20211029220143  -680.6 -81.2 -209.1
20211029220144  -680.8 -81.0 -209.1
20211029220145  -680.7 -81.0 -209.0
20211029220146  -680.9 -80.7 -209.4
20211029220147  -681.2 -80.9 -209.3
20211029220148  -681.0 -80.8 -209.3
20211029220149  -681.1 -80.6 -209.1
20211029220150  -681.1 -80.6 -208.8
20211029220151  -681.2 -80.8 -208.8
20211029220152  -680.8 -80.7 -208.9
20211029220153  -680.5 -80.5 -208.4
20211029220154  -680.2 -80.4 -208.1
20211029220155  -680.1 -80.3 -207.9
20211029220156  -680.4 -80.2 -208.1
20211029220157  -681.0 -80.2 -208.5
20211029220158  -681.4 -80.0 -208.5
20211029220159  -681.0 -79.9 -208.4
20211029220200  -681.0 -79.8 -208.4
20211029220201  -680.8 -80.1 -208.6
20211029220202  -680.8 -79.8 -208.6
20211029220203  -681.1 -79.7 -208.4
20211029220204  -680.9 -79.9 -208.4
20211029220205  -681.0 -79.8 -208.6
20211029220206  -681.1 -79.6 -208.6
20211029220207  -681.4 -79.6 -208.6
20211029220208  -681.7 -79.3 -208.4
20211029220209  -681.5 -79.5 -208.3
20211029220210  -681.3 -79.6 -208.2
20211029220211  -681.2 -79.8 -208.3
20211029220212  -681.1 -79.9 -208.3
20211029220213  -681.0 -79.6 -208.4
20211029220214  -681.0 -79.8 -208.5
20211029220215  -680.9 -79.8 -208.4
20211029220216  -680.7 -79.5 -208.7
20211029220217  -681.2 -79.7 -208.6
20211029220218  -681.4 -79.4 -208.4
20211029220219  -681.6 -79.5 -208.4
20211029220220  -681.6 -79.8 -208.4
20211029220221  -681.6 -79.7 -208.5
20211029220222  -681.5 -79.6 -208.2
20211029220223  -680.9 -80.0 -208.2
20211029220224  -680.8 -79.5 -207.7
20211029220225  -680.7 -79.5 -207.3
20211029220226  -681.3 -79.7 -207.7
20211029220227  -681.3 -79.6 -208.0
20211029220228  -681.2 -79.6 -207.9
20211029220229  -681.4 -79.7 -208.2
20211029220230  -681.8 -79.8 -208.3
20211029220231  -681.3 -80.2 -208.1
20211029220232  -681.4 -79.8 -207.8
20211029220233  -681.6 -80.1 -208.3
20211029220234  -681.4 -80.1 -208.1
20211029220235  -681.5 -80.2 -208.0
20211029220236  -681.2 -80.2 -208.1
20211029220237  -681.2 -80.3 -208.0
20211029220238  -681.3 -80.4 -208.2
20211029220239  -681.2 -80.4 -208.2
20211029220240  -681.0 -80.2 -208.1
20211029220241  -681.1 -80.3 -208.2
20211029220242  -681.0 -80.5 -208.0
20211029220243  -681.1 -80.7 -207.9
20211029220244  -681.2 -80.7 -208.1
20211029220245  -681.3 -80.9 -208.4
20211029220246  -681.1 -80.9 -208.7
20211029220247  -681.2 -80.8 -208.5
20211029220248  -680.9 -80.9 -208.4
20211029220249  -680.5 -80.8 -208.2
20211029220250  -680.8 -81.1 -208.2
20211029220251  -680.9 -81.1 -208.3
20211029220252  -680.7 -80.9 -208.1
20211029220253  -680.2 -81.2 -207.8
20211029220254  -680.0 -80.9 -207.3
20211029220255  -679.5 -80.8 -206.8
20211029220256  -679.8 -80.5 -207.0
20211029220257  -680.1 -80.8 -207.6
20211029220258  -680.1 -80.9 -207.6
20211029220259  -679.9 -80.9 -207.6
20211029220300  -679.7 -80.9 -207.8
20211029220301  -679.8 -81.0 -207.5
20211029220302  -679.8 -81.4 -207.7
20211029220303  -679.4 -81.1 -207.8
20211029220304  -679.5 -81.3 -207.8
20211029220305  -679.6 -81.5 -207.7
20211029220306  -679.5 -81.5 -207.5
20211029220307  -679.5 -81.7 -207.3
20211029220308  -679.2 -81.8 -207.7
20211029220309  -679.2 -81.8 -207.5
20211029220310  -679.3 -82.1 -207.9
20211029220311  -679.3 -82.0 -207.8
20211029220312  -679.4 -81.8 -207.7
20211029220313  -679.3 -82.1 -207.7
20211029220314  -679.1 -81.6 -207.5
20211029220315  -678.9 -81.8 -207.9
20211029220316  -679.0 -81.7 -207.7
20211029220317  -679.1 -81.8 -207.5
20211029220318  -678.9 -81.7 -207.6
20211029220319  -679.2 -81.6 -207.5
20211029220320  -679.2 -82.0 -207.5
20211029220321  -679.0 -81.7 -207.4
20211029220322  -679.0 -81.6 -207.2
20211029220323  -678.6 -82.0 -207.3
20211029220324  -678.1 -81.8 -206.9
20211029220325  -678.0 -81.8 -206.8
20211029220326  -677.8 -81.5 -206.7
20211029220327  -678.5 -81.7 -206.7
20211029220328  -678.6 -81.7 -207.4
20211029220329  -678.8 -81.8 -207.1
20211029220330  -679.0 -81.9 -207.4
20211029220331  -678.7 -81.8 -207.2
20211029220332  -678.7 -81.8 -207.3
20211029220333  -678.8 -81.7 -207.5
20211029220334  -678.9 -81.8 -207.3
20211029220335  -678.7 -81.9 -207.2
20211029220336  -678.9 -81.9 -207.5
20211029220337  -678.7 -81.8 -207.4
20211029220338  -678.8 -81.6 -207.4
20211029220339  -678.8 -81.8 -207.7
20211029220340  -678.8 -82.1 -207.7
20211029220341  -679.0 -81.6 -207.7
20211029220342  -679.0 -81.8 -207.7
20211029220343  -679.2 -81.8 -207.8
20211029220344  -679.0 -81.7 -207.8
20211029220345  -678.7 -81.7 -207.6
20211029220346  -679.0 -81.8 -207.7
20211029220347  -678.9 -81.7 -207.8
20211029220348  -678.6 -81.6 -207.6
20211029220349  -678.7 -81.5 -207.8
20211029220350  -679.2 -81.6 -208.1
20211029220351  -679.2 -81.4 -207.7
20211029220352  -679.1 -81.5 -207.7
20211029220353  -678.8 -81.2 -207.6
20211029220354  -678.3 -81.1 -207.2
20211029220355  -678.3 -81.0 -206.8
20211029220356  -678.2 -81.4 -206.6
20211029220357  -678.3 -81.0 -206.5
20211029220358  -678.9 -81.3 -207.1
20211029220359  -679.0 -81.3 -207.4
20211029220400  -679.1 -81.3 -207.4
20211029220401  -679.0 -80.9 -207.0
20211029220402  -679.1 -80.9 -207.3
20211029220403  -679.2 -80.6 -207.1
20211029220404  -679.4 -80.7 -206.9
20211029220405  -679.4 -81.0 -207.1
20211029220406  -679.3 -80.8 -207.1
20211029220407  -679.5 -80.9 -207.1
20211029220408  -679.6 -80.9 -207.1
20211029220409  -679.5 -80.7 -207.2
20211029220410  -679.5 -80.9 -206.7
20211029220411  -679.8 -80.9 -206.9
20211029220412  -679.7 -80.7 -207.3
20211029220413  -679.9 -80.3 -207.3
20211029220414  -679.7 -80.2 -207.1
20211029220415  -679.5 -80.4 -206.9
20211029220416  -679.5 -80.1 -207.1
20211029220417  -679.6 -80.3 -207.0
20211029220418  -679.5 -80.3 -206.8
20211029220419  -679.3 -80.1 -206.9
20211029220420  -679.4 -80.2 -206.9
20211029220421  -679.6 -80.2 -206.7
20211029220422  -679.4 -79.9 -206.8
20211029220423  -679.2 -80.1 -206.7
20211029220424  -678.8 -80.0 -206.4
20211029220425  -678.6 -79.7 -206.1
20211029220426  -678.5 -79.4 -205.9
20211029220427  -678.2 -79.2 -205.4
20211029220428  -678.6 -79.0 -205.7
20211029220429  -679.0 -79.0 -206.1
20211029220430  -678.8 -79.1 -206.2
20211029220431  -678.8 -78.9 -206.2
20211029220432  -678.8 -79.0 -206.1
20211029220433  -678.9 -79.0 -206.0
20211029220434  -678.8 -78.5 -205.9
20211029220435  -678.6 -78.6 -206.0
20211029220436  -678.4 -78.4 -206.0
20211029220437  -678.1 -78.5 -206.1
20211029220438  -678.0 -78.7 -206.3
20211029220439  -678.0 -78.4 -205.8
20211029220440  -678.0 -78.4 -206.0
20211029220441  -677.7 -78.3 -205.5
20211029220442  -677.6 -78.2 -205.7
20211029220443  -677.6 -78.1 -205.7
20211029220444  -677.3 -78.4 -205.9
20211029220445  -677.1 -78.2 -206.1
20211029220446  -676.8 -78.1 -206.1
20211029220447  -676.8 -78.0 -205.8
20211029220448  -677.1 -78.0 -205.6
20211029220449  -676.9 -77.9 -205.5
20211029220450  -676.8 -78.2 -205.9
20211029220451  -676.8 -78.1 -205.8
20211029220452  -676.9 -78.3 -206.0
20211029220453  -676.8 -78.6 -206.2
20211029220454  -676.4 -78.2 -206.1
20211029220455  -676.8 -78.2 -206.2
20211029220456  -677.2 -78.2 -206.4
20211029220457  -677.1 -78.5 -206.5
20211029220458  -677.2 -78.6 -206.3
20211029220459  -677.4 -78.4 -206.4
20211029220500  -677.2 -78.3 -206.3
20211029220501  -677.2 -78.3 -206.6
20211029220502  -677.4 -78.4 -206.5
20211029220503  -677.1 -78.5 -206.4
20211029220504  -677.1 -78.6 -206.3
20211029220505  -677.0 -78.6 -206.4
20211029220506  -676.9 -78.6 -206.5
20211029220507  -676.9 -78.9 -206.5
20211029220508  -677.0 -78.9 -206.6
20211029220509  -677.2 -78.7 -206.6
20211029220510  -677.2 -78.8 -206.8
20211029220511  -677.2 -78.8 -206.5
20211029220512  -677.1 -78.7 -206.7
20211029220513  -677.4 -78.9 -206.9
20211029220514  -677.2 -78.5 -206.7
20211029220515  -677.4 -78.7 -206.6
20211029220516  -677.4 -78.5 -206.7
20211029220517  -677.3 -78.7 -207.0
20211029220518  -677.6 -78.5 -207.0
20211029220519  -677.8 -78.7 -206.9
20211029220520  -676.8 -78.4 -206.4
20211029220521  -676.9 -78.4 -206.2
20211029220522  -677.4 -78.6 -206.8
20211029220523  -677.6 -78.5 -207.0
20211029220524  -677.6 -78.3 -206.9
20211029220525  -677.7 -78.0 -207.1
20211029220526  -677.7 -78.2 -207.0
20211029220527  -678.0 -78.3 -207.4
20211029220528  -677.9 -77.9 -207.1
20211029220529  -678.0 -78.1 -207.3
20211029220530  -678.0 -77.9 -207.4
20211029220531  -678.0 -77.9 -207.1
20211029220532  -678.4 -77.9 -207.5
20211029220533  -678.1 -78.1 -207.2
20211029220534  -678.1 -77.9 -207.1
20211029220535  -678.6 -77.9 -207.1
20211029220536  -678.5 -77.7 -207.2
20211029220537  -678.2 -77.7 -207.4
20211029220538  -678.5 -77.8 -207.3
20211029220539  -678.7 -77.8 -207.4
20211029220540  -678.3 -78.0 -207.4
20211029220541  -678.5 -77.8 -207.7
20211029220542  -678.3 -77.8 -207.2
20211029220543  -678.5 -77.8 -207.2
20211029220544  -678.6 -77.6 -207.1
20211029220545  -678.1 -77.5 -207.0
20211029220546  -677.5 -77.5 -206.7
20211029220547  -677.2 -77.2 -206.2
20211029220548  -677.8 -77.5 -206.8
20211029220549  -678.0 -77.5 -207.0
20211029220550  -677.8 -77.8 -206.6
20211029220551  -677.8 -77.6 -206.7
20211029220552  -677.4 -77.2 -206.3
20211029220553  -677.1 -77.1 -205.9
20211029220554  -676.8 -77.1 -206.3
20211029220555  -676.6 -77.1 -206.3
20211029220556  -676.2 -77.0 -206.1
20211029220557  -676.1 -76.9 -206.2
20211029220558  -676.4 -76.8 -206.1
20211029220559  -675.6 -76.8 -206.0
20211029220600  -675.8 -76.9 -206.1
20211029220601  -675.2 -76.6 -205.7
20211029220602  -675.2 -76.7 -205.7
20211029220603  -674.8 -76.7 -205.8
20211029220604  -674.8 -76.5 -205.7
20211029220605  -674.3 -76.6 -205.7
20211029220606  -674.2 -76.7 -205.7
20211029220607  -673.9 -76.2 -205.6
20211029220608  -673.9 -76.2 -205.6
20211029220609  -673.5 -76.2 -205.6
20211029220610  -673.3 -76.2 -205.6
20211029220611  -673.1 -76.1 -205.5
20211029220612  -672.6 -76.2 -205.3
20211029220613  -672.1 -75.7 -204.7
20211029220614  -672.7 -75.6 -205.4
20211029220615  -672.5 -75.8 -205.5
20211029220616  -671.8 -75.4 -205.5
20211029220617  -671.7 -75.5 -205.6
20211029220618  -671.6 -75.6 -205.4
20211029220619  -671.1 -75.4 -205.4
20211029220620  -670.6 -75.3 -205.7
20211029220621  -670.3 -75.0 -205.7
20211029220622  -670.3 -75.1 -205.5
20211029220623  -669.7 -75.1 -205.2
20211029220624  -669.8 -74.7 -205.3
20211029220625  -669.6 -74.8 -205.3
20211029220626  -669.6 -74.9 -205.4
20211029220627  -669.5 -75.0 -205.7
20211029220628  -669.2 -75.0 -205.8
20211029220629  -669.0 -74.9 -205.9
20211029220630  -668.8 -74.7 -205.7
20211029220631  -668.8 -74.6 -205.6
20211029220632  -668.8 -74.5 -205.6
20211029220633  -668.8 -74.4 -205.6
20211029220634  -668.5 -74.4 -205.6
20211029220635  -668.5 -74.3 -206.0
20211029220636  -668.7 -74.4 -205.7
20211029220637  -668.8 -74.1 -205.9
20211029220638  -667.9 -73.9 -205.3
20211029220639  -667.2 -73.7 -204.9
20211029220640  -668.1 -73.8 -205.4
20211029220641  -668.0 -74.1 -205.5
20211029220642  -668.2 -73.9 -205.4
20211029220643  -668.3 -73.7 -205.4
20211029220644  -668.3 -73.6 -205.6
20211029220645  -668.3 -73.3 -205.8
20211029220646  -668.4 -73.3 -205.8
20211029220647  -668.5 -73.6 -205.8
20211029220648  -668.5 -72.9 -205.9
20211029220649  -668.7 -73.0 -206.0
20211029220650  -668.6 -73.0 -205.8
20211029220651  -668.5 -73.1 -206.0
20211029220652  -668.7 -73.0 -206.0
20211029220653  -668.7 -73.1 -206.1
20211029220654  -668.8 -73.2 -206.0
20211029220655  -668.9 -73.1 -206.1
20211029220656  -669.2 -73.0 -206.1
20211029220657  -669.1 -72.9 -206.1
20211029220658  -669.0 -73.0 -206.2
20211029220659  -669.2 -73.1 -206.0
20211029220700  -669.4 -73.2 -206.1
20211029220701  -669.1 -73.1 -205.9
20211029220702  -669.1 -73.2 -206.3
20211029220703  -669.0 -73.2 -206.4
20211029220704  -668.4 -73.2 -206.6
20211029220705  -668.2 -72.9 -206.1
20211029220706  -668.1 -72.8 -205.7
20211029220707  -668.2 -73.0 -205.4
20211029220708  -668.0 -72.8 -205.6
20211029220709  -668.2 -72.9 -206.0
20211029220710  -668.5 -72.7 -206.5
20211029220711  -669.0 -72.9 -206.6
20211029220712  -669.1 -72.8 -206.6
20211029220713  -669.2 -72.9 -206.4
20211029220714  -669.2 -72.8 -206.7
20211029220715  -669.5 -72.8 -206.9
20211029220716  -669.6 -73.2 -207.0
20211029220717  -669.5 -73.2 -207.3
20211029220718  -669.5 -73.4 -207.1
20211029220719  -669.7 -73.2 -206.6
20211029220720  -669.5 -73.4 -206.6
20211029220721  -669.6 -73.4 -206.7
20211029220722  -669.4 -73.6 -206.9
20211029220723  -669.4 -73.6 -206.9
20211029220724  -669.4 -73.7 -206.8
20211029220725  -669.1 -73.6 -207.0
20211029220726  -669.0 -73.6 -207.3
20211029220727  -669.2 -73.6 -207.4
20211029220728  -669.1 -73.6 -207.4
20211029220729  -668.9 -73.4 -207.1
20211029220730  -668.8 -73.4 -207.3
20211029220731  -668.5 -73.5 -207.2
20211029220732  -668.5 -73.5 -207.2
20211029220733  -668.4 -73.9 -207.5
20211029220734  -667.9 -73.9 -207.4
20211029220735  -667.6 -73.8 -207.3
20211029220736  -667.3 -73.8 -206.9
20211029220737  -667.0 -73.7 -206.8
20211029220738  -666.8 -73.6 -206.8
20211029220739  -667.1 -73.4 -207.0
20211029220740  -667.3 -73.7 -207.3
20211029220741  -667.3 -73.7 -207.4
20211029220742  -667.2 -73.7 -207.2
20211029220743  -667.2 -73.7 -207.5
20211029220744  -667.2 -73.8 -207.1
20211029220745  -666.9 -73.7 -207.4
20211029220746  -667.0 -73.8 -207.8
20211029220747  -666.6 -73.7 -207.7
20211029220748  -666.8 -73.8 -208.0
20211029220749  -666.6 -73.9 -207.6
20211029220750  -666.3 -73.8 -207.9
20211029220751  -666.1 -74.1 -207.8
20211029220752  -666.0 -74.2 -207.6
20211029220753  -665.7 -74.1 -207.6
20211029220754  -665.4 -73.8 -207.6
20211029220755  -665.4 -73.9 -207.9
20211029220756  -665.1 -73.9 -207.8
20211029220757  -664.9 -74.3 -207.8
20211029220758  -664.5 -74.1 -207.9
20211029220759  -664.7 -73.9 -207.5
20211029220800  -664.2 -73.8 -207.5
20211029220801  -664.1 -73.7 -207.5
20211029220802  -663.9 -74.0 -208.0
20211029220803  -663.8 -74.0 -208.1
20211029220804  -663.3 -73.9 -208.1
20211029220805  -662.5 -73.8 -207.6
20211029220806  -662.0 -73.7 -207.3
20211029220807  -661.8 -73.5 -207.1
20211029220808  -661.6 -73.7 -207.3
20211029220809  -661.9 -73.6 -207.3
20211029220810  -662.3 -73.9 -207.7
20211029220811  -662.0 -73.5 -207.7
20211029220812  -661.9 -73.5 -207.8
20211029220813  -661.8 -73.5 -207.9
20211029220814  -661.8 -73.7 -208.0
20211029220815  -661.4 -73.4 -208.1
