20211206001016  -769.2 -41.4 -781.2
20211206001017  -769.4 -42.0 -781.3
20211206001018  -769.0 -42.4 -781.6
20211206001019  -769.3 -43.0 -782.3
20211206001020  -768.2 -42.5 -781.5
20211206001021  -767.9 -42.2 -780.9
20211206001022  -767.6 -42.4 -780.9
20211206001023  -767.3 -42.3 -780.7
20211206001024  -767.1 -42.0 -780.4
20211206001025  -766.5 -42.2 -780.4
20211206001026  -766.2 -42.6 -780.3
20211206001027  -765.9 -42.6 -780.5
20211206001028  -765.6 -42.6 -780.4
20211206001029  -765.0 -42.5 -780.1
20211206001030  -765.1 -42.8 -779.8
20211206001031  -764.5 -42.5 -780.4
20211206001032  -764.3 -42.2 -780.4
20211206001033  -764.0 -42.1 -780.4
20211206001034  -763.7 -42.2 -780.5
20211206001035  -764.2 -42.6 -781.3
20211206001036  -764.6 -43.1 -781.7
20211206001037  -764.6 -43.4 -781.7
20211206001038  -764.7 -43.7 -781.7
20211206001039  -764.4 -43.5 -781.7
20211206001040  -764.4 -43.4 -781.4
20211206001041  -764.3 -43.3 -781.3
20211206001042  -763.9 -43.4 -781.0
20211206001043  -764.0 -43.4 -781.2
20211206001044  -763.9 -43.4 -781.2
20211206001045  -763.5 -43.7 -781.2
20211206001046  -763.9 -44.1 -782.2
20211206001047  -762.9 -43.9 -781.6
20211206001048  -762.7 -44.0 -781.3
20211206001049  -762.3 -44.2 -781.4
20211206001050  -761.8 -44.3 -781.2
20211206001051  -761.6 -44.5 -781.3
20211206001052  -761.2 -44.3 -781.1
20211206001053  -761.0 -44.1 -781.5
20211206001054  -760.7 -44.2 -781.0
20211206001055  -760.1 -44.3 -781.0
20211206001056  -759.5 -44.5 -781.3
20211206001057  -759.3 -44.4 -781.2
20211206001058  -759.3 -44.7 -781.2
20211206001059  -759.1 -44.6 -781.4
20211206001100  -758.8 -44.9 -781.3
20211206001101  -758.5 -44.7 -781.1
20211206001102  -759.6 -45.0 -781.7
20211206001103  -759.8 -45.0 -782.2
20211206001104  -759.7 -45.5 -782.2
20211206001105  -759.9 -45.2 -781.9
20211206001106  -759.8 -45.0 -781.9
20211206001107  -759.9 -45.3 -782.3
20211206001108  -759.9 -45.2 -782.0
20211206001109  -760.0 -45.5 -782.0
20211206001110  -760.0 -45.8 -782.4
20211206001111  -760.0 -45.9 -782.4
20211206001112  -760.5 -46.5 -782.9
20211206001113  -760.5 -46.6 -783.1
20211206001114  -760.2 -46.5 -782.9
20211206001115  -759.9 -46.5 -782.7
20211206001116  -759.6 -46.6 -782.6
20211206001117  -759.7 -46.7 -782.0
20211206001118  -759.6 -46.9 -782.2
20211206001119  -759.5 -46.6 -782.1
20211206001120  -759.2 -46.4 -781.7
20211206001121  -759.1 -46.2 -781.8
20211206001122  -758.9 -45.8 -781.7
20211206001123  -758.7 -45.8 -781.5
20211206001124  -758.5 -45.4 -781.4
20211206001125  -758.4 -45.3 -780.9
20211206001126  -758.0 -45.0 -780.8
20211206001127  -757.9 -45.1 -780.6
20211206001128  -757.9 -45.1 -780.8
20211206001129  -758.7 -45.9 -781.5
20211206001130  -758.8 -46.0 -781.8
20211206001131  -759.0 -46.5 -781.8
20211206001132  -759.0 -46.6 -782.1
20211206001133  -758.6 -46.4 -782.0
20211206001134  -758.2 -46.4 -782.1
20211206001135  -758.0 -46.3 -782.0
20211206001136  -758.2 -46.4 -781.9
20211206001137  -758.3 -46.3 -782.1
20211206001138  -758.4 -46.5 -782.1
20211206001139  -758.3 -47.0 -782.7
20211206001140  -758.1 -47.1 -782.9
20211206001141  -757.6 -47.0 -782.4
20211206001142  -757.1 -47.0 -782.1
20211206001143  -756.6 -47.1 -781.8
20211206001144  -756.6 -47.5 -781.8
20211206001145  -756.4 -47.6 -781.5
20211206001146  -756.5 -47.7 -781.6
20211206001147  -756.3 -48.1 -781.5
20211206001148  -756.1 -48.1 -781.5
20211206001149  -755.8 -48.2 -781.4
20211206001150  -755.7 -48.0 -781.2
20211206001151  -755.4 -47.7 -781.0
20211206001152  -755.3 -47.2 -780.8
20211206001153  -755.1 -47.2 -780.8
20211206001154  -755.3 -47.1 -781.0
20211206001155  -755.3 -46.9 -780.6
20211206001156  -755.7 -47.4 -780.7
20211206001157  -756.6 -47.7 -781.4
20211206001158  -756.5 -47.8 -781.6
20211206001159  -756.7 -47.9 -781.7
20211206001200  -756.7 -48.1 -782.0
20211206001201  -756.9 -48.1 -782.1
20211206001202  -756.8 -48.1 -782.1
20211206001203  -756.8 -48.2 -782.6
20211206001204  -756.9 -48.4 -782.6
20211206001205  -757.0 -48.5 -782.8
20211206001206  -757.2 -48.7 -783.1
20211206001207  -758.1 -49.4 -783.9
20211206001208  -757.9 -49.3 -783.6
20211206001209  -757.6 -49.4 -783.3
20211206001210  -757.5 -49.1 -782.9
20211206001211  -757.4 -49.0 -782.9
20211206001212  -757.2 -49.2 -782.7
20211206001213  -757.0 -49.0 -782.9
20211206001214  -757.2 -48.9 -783.0
20211206001215  -757.2 -48.8 -782.4
20211206001216  -757.1 -48.8 -782.2
20211206001217  -757.4 -48.6 -782.4
20211206001218  -757.5 -48.9 -781.9
20211206001219  -757.5 -48.8 -782.1
20211206001220  -757.4 -48.3 -782.0
20211206001221  -757.3 -48.3 -782.0
20211206001222  -757.4 -48.0 -781.8
20211206001223  -757.6 -47.9 -781.8
20211206001224  -758.7 -48.1 -782.5
20211206001225  -759.1 -48.8 -783.1
20211206001226  -759.2 -49.4 -783.2
20211206001227  -759.3 -49.3 -783.2
20211206001228  -759.6 -49.2 -782.8
20211206001229  -759.4 -49.0 -782.5
20211206001230  -759.3 -49.0 -782.6
20211206001231  -759.4 -49.1 -782.7
20211206001232  -759.0 -49.0 -783.0
20211206001233  -758.8 -48.9 -783.0
20211206001234  -758.9 -49.1 -783.3
20211206001235  -759.5 -49.8 -784.1
20211206001236  -759.0 -49.6 -783.3
20211206001237  -758.6 -49.5 -783.1
20211206001238  -758.3 -49.6 -782.9
20211206001239  -757.7 -49.2 -782.7
20211206001240  -757.5 -49.2 -782.5
20211206001241  -757.0 -48.8 -782.5
20211206001242  -756.8 -48.5 -782.3
20211206001243  -756.7 -48.6 -782.2
20211206001244  -756.3 -48.4 -782.2
20211206001245  -755.9 -48.4 -782.6
20211206001246  -755.6 -48.7 -782.2
20211206001247  -755.3 -48.8 -782.0
20211206001248  -754.9 -49.0 -781.6
20211206001249  -754.5 -49.0 -781.5
20211206001250  -754.1 -49.1 -781.5
20211206001251  -754.0 -49.4 -781.9
20211206001252  -754.3 -49.6 -782.5
20211206001253  -754.0 -50.0 -782.6
20211206001254  -753.7 -50.1 -782.6
20211206001255  -753.4 -50.1 -782.8
20211206001256  -753.1 -50.3 -782.8
20211206001257  -752.8 -50.4 -782.9
20211206001258  -752.5 -50.8 -782.9
20211206001259  -752.2 -51.0 -783.1
20211206001300  -751.5 -50.9 -783.5
20211206001301  -751.4 -51.3 -783.6
20211206001302  -751.4 -51.3 -783.7
20211206001303  -751.5 -51.6 -784.0
20211206001304  -750.4 -51.4 -783.2
20211206001305  -749.6 -51.3 -783.2
20211206001306  -749.2 -51.6 -783.2
20211206001307  -748.4 -51.9 -783.0
20211206001308  -748.0 -51.7 -782.8
20211206001309  -747.2 -51.6 -783.1
20211206001310  -746.9 -51.8 -783.1
20211206001311  -746.8 -51.7 -783.1
20211206001312  -746.2 -51.6 -783.1
20211206001313  -745.8 -51.5 -783.1
20211206001314  -745.5 -51.5 -783.3
20211206001315  -745.1 -51.5 -783.2
20211206001316  -745.0 -51.6 -783.2
20211206001317  -744.9 -51.6 -783.4
20211206001318  -744.6 -51.8 -783.6
20211206001319  -745.7 -52.5 -784.6
20211206001320  -746.0 -52.7 -785.0
20211206001321  -745.8 -52.9 -785.5
20211206001322  -746.0 -52.8 -785.4
20211206001323  -746.2 -52.8 -785.6
20211206001324  -746.6 -52.8 -785.8
20211206001325  -746.7 -52.9 -786.0
20211206001326  -746.7 -52.7 -786.2
20211206001327  -746.9 -52.7 -786.3
20211206001328  -747.0 -52.5 -786.4
20211206001329  -747.0 -52.1 -786.2
20211206001330  -747.7 -52.9 -787.4
20211206001331  -747.8 -53.2 -788.0
20211206001332  -747.7 -53.0 -788.1
20211206001333  -747.4 -52.5 -787.3
20211206001334  -747.1 -52.0 -787.2
20211206001335  -746.9 -51.4 -786.9
20211206001336  -746.4 -51.3 -786.8
20211206001337  -746.4 -51.1 -786.7
20211206001338  -746.2 -51.1 -786.5
20211206001339  -745.9 -50.7 -786.5
20211206001340  -745.3 -50.8 -786.5
20211206001341  -745.2 -51.0 -786.6
20211206001342  -745.1 -51.2 -786.6
20211206001343  -744.8 -51.7 -786.6
20211206001344  -744.3 -51.4 -786.2
20211206001345  -744.3 -51.7 -786.2
20211206001346  -745.1 -51.6 -786.8
20211206001347  -745.4 -51.9 -787.3
20211206001348  -745.3 -52.0 -787.2
20211206001349  -745.4 -52.0 -787.6
20211206001350  -745.0 -52.4 -787.8
20211206001351  -744.7 -52.4 -788.0
20211206001352  -744.6 -52.4 -788.4
20211206001353  -744.3 -52.4 -788.2
20211206001354  -743.9 -52.1 -788.4
20211206001355  -744.0 -52.6 -788.6
20211206001356  -743.8 -53.0 -788.7
20211206001357  -743.8 -53.3 -788.6
20211206001358  -744.1 -54.1 -789.3
20211206001359  -743.0 -54.0 -789.0
20211206001400  -742.8 -53.5 -788.8
20211206001401  -742.2 -53.1 -788.7
20211206001402  -741.7 -53.2 -789.0
20211206001403  -741.7 -53.1 -789.0
20211206001404  -741.3 -52.9 -789.2
20211206001405  -740.9 -53.1 -789.0
20211206001406  -740.7 -53.0 -789.0
20211206001407  -740.4 -52.8 -788.7
20211206001408  -740.0 -53.0 -788.8
20211206001409  -739.9 -53.0 -788.7
20211206001410  -739.9 -52.6 -788.7
20211206001411  -739.4 -52.8 -788.7
20211206001412  -739.1 -53.1 -788.6
20211206001413  -739.6 -53.2 -788.8
20211206001414  -740.5 -53.3 -789.8
20211206001415  -740.5 -53.5 -790.2
20211206001416  -740.5 -53.8 -790.4
20211206001417  -740.6 -53.7 -790.8
20211206001418  -741.0 -53.5 -790.9
20211206001419  -741.1 -53.8 -791.0
20211206001420  -741.2 -53.8 -791.1
20211206001421  -741.0 -53.8 -791.1
20211206001422  -741.7 -53.9 -791.4
20211206001423  -741.9 -54.1 -791.2
20211206001424  -742.0 -54.8 -791.5
20211206001425  -742.1 -55.1 -792.0
20211206001426  -742.1 -55.4 -791.9
20211206001427  -742.3 -55.2 -791.8
20211206001428  -741.9 -55.4 -791.1
20211206001429  -742.0 -55.3 -790.9
20211206001430  -741.8 -55.1 -790.9
20211206001431  -741.9 -55.3 -791.0
20211206001432  -741.8 -55.5 -791.3
20211206001433  -741.8 -55.2 -790.9
20211206001434  -742.3 -55.0 -791.0
20211206001435  -742.4 -54.8 -790.9
20211206001436  -742.6 -54.7 -790.7
20211206001437  -742.2 -54.6 -790.4
20211206001438  -742.3 -54.4 -790.3
20211206001439  -742.2 -54.8 -790.3
20211206001440  -742.5 -55.1 -790.5
20211206001441  -743.5 -55.3 -791.5
20211206001442  -743.8 -55.4 -791.9
20211206001443  -744.4 -55.4 -792.2
20211206001444  -744.6 -55.7 -792.2
20211206001445  -745.1 -55.6 -792.5
20211206001446  -745.0 -55.6 -792.6
20211206001447  -744.6 -55.6 -792.5
20211206001448  -745.0 -55.5 -792.5
20211206001449  -744.9 -55.9 -792.8
20211206001450  -745.0 -55.8 -792.9
20211206001451  -744.9 -55.7 -793.0
20211206001452  -744.9 -56.1 -793.6
20211206001453  -745.8 -56.7 -794.8
20211206001454  -745.5 -56.7 -794.1
20211206001455  -745.3 -56.3 -794.0
20211206001456  -745.0 -56.0 -793.6
20211206001457  -744.7 -56.0 -793.3
20211206001458  -744.8 -56.1 -793.2
20211206001459  -744.5 -56.0 -793.2
20211206001500  -744.3 -55.6 -793.0
20211206001501  -744.2 -55.4 -793.0
20211206001502  -744.2 -55.2 -793.4
20211206001503  -744.1 -54.9 -793.3
20211206001504  -744.2 -54.5 -793.1
20211206001505  -744.4 -54.5 -793.2
20211206001506  -744.3 -54.0 -793.0
20211206001507  -744.3 -53.8 -792.9
20211206001508  -744.5 -54.1 -793.1
20211206001509  -745.4 -54.7 -793.9
20211206001510  -745.5 -54.7 -794.0
20211206001511  -745.6 -55.0 -794.3
20211206001512  -746.1 -55.4 -794.4
20211206001513  -745.9 -55.5 -794.7
20211206001514  -746.1 -55.8 -794.8
20211206001515  -746.3 -56.0 -795.2
20211206001516  -746.5 -55.9 -795.3
20211206001517  -746.4 -55.8 -795.3
20211206001518  -747.1 -56.2 -795.8
20211206001519  -747.2 -56.2 -795.9
20211206001520  -747.7 -56.9 -796.4
20211206001521  -748.2 -57.2 -796.8
20211206001522  -747.7 -57.0 -796.8
20211206001523  -747.4 -56.8 -796.8
20211206001524  -747.7 -56.5 -797.0
20211206001525  -747.5 -56.8 -796.7
20211206001526  -747.6 -56.8 -797.0
20211206001527  -747.8 -56.8 -796.9
20211206001528  -747.9 -56.7 -796.5
20211206001529  -748.0 -56.5 -796.7
20211206001530  -748.5 -56.3 -796.4
20211206001531  -748.6 -56.2 -796.4
20211206001532  -748.8 -56.5 -796.2
20211206001533  -748.7 -56.9 -796.4
20211206001534  -748.8 -57.1 -796.3
20211206001535  -748.9 -57.5 -796.6
20211206001536  -749.9 -57.9 -797.4
20211206001537  -750.5 -57.9 -797.9
20211206001538  -750.7 -58.3 -798.1
20211206001539  -751.3 -58.4 -798.3
20211206001540  -751.6 -58.3 -798.4
20211206001541  -752.1 -58.8 -798.5
20211206001542  -752.4 -58.9 -798.8
20211206001543  -752.6 -59.0 -799.3
20211206001544  -753.2 -59.3 -799.2
20211206001545  -753.4 -59.5 -799.1
20211206001546  -754.0 -60.2 -799.3
20211206001547  -754.5 -60.2 -799.6
20211206001548  -754.9 -60.9 -800.4
20211206001549  -754.9 -61.2 -800.1
20211206001550  -754.9 -61.0 -799.6
20211206001551  -754.9 -61.3 -799.6
20211206001552  -754.9 -61.2 -799.0
20211206001553  -755.0 -61.2 -799.0
20211206001554  -755.3 -61.3 -799.1
20211206001555  -755.4 -60.8 -799.1
20211206001556  -755.6 -60.6 -798.9
20211206001557  -755.8 -60.7 -799.1
20211206001558  -755.5 -60.7 -799.0
20211206001559  -755.5 -60.9 -798.8
20211206001600  -755.3 -60.5 -798.9
20211206001601  -755.3 -60.3 -799.0
20211206001602  -755.3 -60.4 -798.7
20211206001603  -755.1 -59.9 -798.7
20211206001604  -756.1 -60.0 -799.0
20211206001605  -756.5 -60.4 -799.7
20211206001606  -756.3 -60.7 -799.7
20211206001607  -756.1 -60.8 -799.9
20211206001608  -756.2 -60.8 -799.9
20211206001609  -756.8 -60.7 -800.2
20211206001610  -756.8 -60.6 -800.1
20211206001611  -756.9 -60.6 -800.4
20211206001612  -757.3 -60.4 -800.2
20211206001613  -757.5 -60.2 -800.5
20211206001614  -757.8 -60.4 -800.9
20211206001615  -758.1 -60.7 -801.2
20211206001616  -758.5 -61.3 -801.6
20211206001617  -758.3 -61.2 -801.0
20211206001618  -758.3 -61.2 -800.8
20211206001619  -758.4 -61.1 -800.7
20211206001620  -758.1 -60.8 -800.6
20211206001621  -758.3 -60.9 -800.4
20211206001622  -758.2 -60.5 -800.6
20211206001623  -758.3 -60.2 -800.6
20211206001624  -758.3 -60.0 -800.4
20211206001625  -758.4 -59.8 -800.3
20211206001626  -758.2 -59.8 -800.1
20211206001627  -758.4 -59.8 -799.7
20211206001628  -758.6 -59.7 -799.5
20211206001629  -758.2 -59.5 -799.6
20211206001630  -758.4 -59.3 -799.5
20211206001631  -759.0 -59.0 -799.5
20211206001632  -759.7 -59.6 -800.5
20211206001633  -760.4 -59.9 -801.0
20211206001634  -760.7 -60.1 -800.9
20211206001635  -760.8 -60.0 -800.8
20211206001636  -760.8 -60.0 -801.1
20211206001637  -761.2 -59.7 -801.2
20211206001638  -761.5 -59.9 -801.4
20211206001639  -761.8 -59.9 -801.5
20211206001640  -762.2 -59.6 -801.5
20211206001641  -762.4 -59.9 -801.5
20211206001642  -762.4 -59.8 -801.4
20211206001643  -763.3 -60.2 -802.1
20211206001644  -762.9 -60.0 -801.9
20211206001645  -762.7 -60.4 -801.6
20211206001646  -762.9 -60.6 -801.5
20211206001647  -762.7 -60.7 -801.3
20211206001648  -762.5 -60.5 -801.2
20211206001649  -762.5 -60.3 -801.1
20211206001650  -762.4 -60.4 -800.9
20211206001651  -762.0 -60.5 -800.6
20211206001652  -762.1 -60.5 -800.3
20211206001653  -762.2 -60.3 -800.2
20211206001654  -762.0 -60.4 -800.2
20211206001655  -761.6 -60.5 -800.4
20211206001656  -761.0 -60.3 -800.2
20211206001657  -761.0 -60.4 -800.4
20211206001658  -761.0 -60.4 -800.2
20211206001659  -761.4 -60.5 -800.7
20211206001700  -762.0 -60.6 -801.3
20211206001701  -762.1 -60.7 -800.9
20211206001702  -762.2 -60.9 -801.1
20211206001703  -762.2 -61.1 -801.2
20211206001704  -762.4 -61.0 -801.4
20211206001705  -762.3 -61.5 -801.8
20211206001706  -762.0 -62.0 -801.8
20211206001707  -761.8 -62.0 -802.0
20211206001708  -761.9 -62.1 -802.0
20211206001709  -761.7 -62.1 -802.2
20211206001710  -761.9 -62.0 -802.6
20211206001711  -762.3 -62.3 -803.3
20211206001712  -761.5 -61.8 -802.7
20211206001713  -761.1 -61.4 -802.4
20211206001714  -761.0 -61.3 -802.2
20211206001715  -760.5 -61.0 -801.8
20211206001716  -760.3 -60.9 -801.7
20211206001717  -759.9 -60.5 -801.7
20211206001718  -759.8 -60.5 -802.1
20211206001719  -759.9 -60.5 -801.8
20211206001720  -759.8 -60.7 -801.5
20211206001721  -759.4 -60.6 -801.0
20211206001722  -759.5 -60.9 -800.8
20211206001723  -759.5 -61.2 -800.4
20211206001724  -758.9 -61.6 -800.6
20211206001725  -758.4 -62.0 -800.3
20211206001726  -758.3 -62.2 -800.4
20211206001727  -759.0 -62.6 -801.2
20211206001728  -759.3 -62.7 -801.5
20211206001729  -759.0 -62.6 -801.6
20211206001730  -759.0 -62.6 -801.9
20211206001731  -759.0 -62.5 -802.0
20211206001732  -758.9 -62.6 -802.0
20211206001733  -758.9 -62.4 -802.1
20211206001734  -758.7 -62.4 -802.4
20211206001735  -758.6 -62.4 -802.4
20211206001736  -758.4 -62.7 -802.7
20211206001737  -758.3 -63.0 -802.8
20211206001738  -758.7 -63.6 -803.3
20211206001739  -758.7 -64.0 -803.1
20211206001740  -758.1 -63.8 -802.7
20211206001741  -758.0 -63.5 -802.3
20211206001742  -757.3 -63.2 -802.0
20211206001743  -756.9 -63.4 -802.1
20211206001744  -756.9 -63.4 -801.7
20211206001745  -756.1 -63.3 -801.4
20211206001746  -756.0 -63.4 -801.4
20211206001747  -755.5 -63.4 -801.2
20211206001748  -755.3 -63.5 -801.2
20211206001749  -754.9 -63.1 -801.3
20211206001750  -754.4 -63.1 -801.0
20211206001751  -754.0 -63.0 -800.8
20211206001752  -753.8 -62.7 -800.7
20211206001753  -753.7 -62.8 -800.7
20211206001754  -753.4 -62.8 -800.4
20211206001755  -754.4 -63.3 -801.4
20211206001756  -754.3 -63.4 -801.6
20211206001757  -753.9 -63.7 -801.6
20211206001758  -754.2 -64.1 -802.0
20211206001759  -754.3 -64.2 -802.3
20211206001800  -753.7 -64.4 -802.3
20211206001801  -753.7 -64.7 -802.2
20211206001802  -753.5 -64.7 -802.5
20211206001803  -752.9 -65.1 -802.5
20211206001804  -753.0 -64.8 -802.7
20211206001805  -752.8 -65.4 -802.3
20211206001806  -753.0 -65.9 -803.1
20211206001807  -752.4 -65.9 -802.9
20211206001808  -752.0 -66.3 -803.0
