20211110142830  -674.4 -90.7 -174.9
20211110142831  -674.4 -90.5 -174.5
20211110142832  -675.0 -90.6 -175.0
20211110142833  -674.8 -90.5 -175.4
20211110142834  -675.1 -90.7 -175.1
20211110142835  -674.8 -90.9 -175.1
20211110142836  -675.1 -90.7 -175.2
20211110142837  -675.2 -90.8 -175.2
20211110142838  -675.4 -90.4 -175.2
20211110142839  -675.1 -91.0 -175.1
20211110142840  -675.0 -90.7 -175.5
20211110142841  -675.0 -90.7 -175.5
20211110142842  -675.3 -90.6 -175.2
20211110142843  -675.3 -90.7 -175.4
20211110142844  -675.4 -90.6 -175.3
20211110142845  -675.4 -90.4 -175.5
20211110142846  -675.1 -90.2 -175.3
20211110142847  -675.3 -90.5 -175.5
20211110142848  -675.5 -90.3 -175.5
20211110142849  -675.5 -90.6 -175.4
20211110142850  -675.1 -90.5 -175.1
20211110142851  -675.3 -90.5 -175.1
20211110142852  -675.4 -90.7 -175.3
20211110142853  -675.3 -90.5 -175.5
20211110142854  -675.4 -90.8 -175.6
20211110142855  -675.4 -90.6 -175.3
20211110142856  -675.3 -90.7 -175.5
20211110142857  -675.2 -90.7 -175.3
20211110142858  -675.3 -90.5 -175.7
20211110142859  -675.2 -90.6 -175.4
20211110142900  -674.6 -90.9 -174.9
20211110142901  -674.5 -90.4 -174.6
20211110142902  -675.1 -90.6 -175.0
20211110142903  -675.4 -90.8 -175.3
20211110142904  -675.6 -91.0 -175.3
20211110142905  -675.8 -90.9 -175.5
20211110142906  -675.9 -90.7 -175.2
20211110142907  -675.8 -90.9 -175.4
20211110142908  -675.9 -91.1 -175.2
20211110142909  -676.0 -90.8 -175.1
20211110142910  -676.1 -91.0 -175.2
20211110142911  -676.1 -90.8 -175.1
20211110142912  -676.0 -91.0 -175.4
20211110142913  -676.3 -90.7 -175.7
20211110142914  -676.0 -90.8 -175.8
20211110142915  -675.9 -90.8 -175.7
20211110142916  -676.3 -90.7 -175.5
20211110142917  -676.0 -91.0 -175.3
20211110142918  -676.1 -91.0 -175.3
20211110142919  -676.3 -91.2 -175.3
20211110142920  -676.3 -90.9 -175.2
20211110142921  -676.3 -90.8 -175.4
20211110142922  -676.4 -91.3 -175.5
20211110142923  -676.4 -91.3 -175.4
20211110142924  -676.4 -91.1 -175.2
20211110142925  -676.2 -91.1 -175.5
20211110142926  -675.9 -91.2 -175.7
20211110142927  -676.2 -91.2 -175.8
20211110142928  -676.3 -91.2 -175.5
20211110142929  -676.5 -91.1 -175.6
20211110142930  -675.8 -91.4 -175.2
20211110142931  -675.4 -91.1 -175.0
20211110142932  -675.7 -90.7 -175.1
20211110142933  -676.1 -91.1 -175.6
20211110142934  -676.2 -91.1 -175.5
20211110142935  -676.1 -90.7 -175.4
20211110142936  -676.0 -90.8 -175.7
20211110142937  -675.6 -90.8 -175.5
20211110142938  -675.9 -91.0 -175.8
20211110142939  -675.8 -90.9 -175.6
20211110142940  -675.6 -90.7 -175.5
20211110142941  -675.3 -90.5 -175.9
20211110142942  -675.4 -90.9 -175.7
20211110142943  -675.5 -90.8 -175.7
20211110142944  -675.4 -90.7 -175.6
20211110142945  -675.1 -91.0 -175.6
20211110142946  -675.4 -90.9 -175.6
20211110142947  -675.7 -90.9 -175.9
20211110142948  -675.4 -90.9 -175.9
20211110142949  -675.6 -90.8 -175.9
20211110142950  -675.3 -90.9 -175.8
20211110142951  -675.5 -90.9 -175.9
20211110142952  -675.3 -91.2 -175.7
20211110142953  -675.4 -91.2 -176.2
20211110142954  -675.7 -91.2 -176.0
20211110142955  -675.6 -91.2 -176.1
20211110142956  -675.4 -91.2 -176.0
20211110142957  -675.5 -90.9 -175.9
20211110142958  -675.8 -90.9 -176.0
20211110142959  -675.8 -90.8 -175.9
20211110143000  -675.5 -91.3 -175.6
20211110143001  -675.1 -91.0 -175.1
20211110143002  -675.1 -90.8 -175.0
20211110143003  -675.1 -91.1 -175.2
20211110143004  -675.5 -90.9 -175.5
20211110143005  -675.5 -90.8 -175.8
20211110143006  -675.8 -90.6 -175.6
20211110143007  -675.8 -90.6 -175.7
20211110143008  -675.7 -90.6 -175.7
20211110143009  -675.8 -90.7 -176.1
20211110143010  -675.8 -90.9 -176.0
20211110143011  -675.8 -91.2 -175.9
20211110143012  -675.7 -91.4 -176.1
20211110143013  -675.8 -91.4 -176.1
20211110143014  -675.6 -91.4 -176.0
20211110143015  -675.3 -91.3 -175.9
20211110143016  -675.5 -91.4 -175.8
20211110143017  -675.3 -91.5 -176.2
20211110143018  -675.2 -91.2 -176.1
20211110143019  -675.1 -90.9 -175.8
20211110143020  -675.0 -91.0 -176.1
20211110143021  -674.6 -91.0 -175.9
20211110143022  -674.7 -90.7 -176.2
20211110143023  -674.7 -90.9 -176.3
20211110143024  -674.6 -90.6 -176.3
20211110143025  -674.7 -90.6 -176.3
20211110143026  -674.4 -90.4 -176.3
20211110143027  -674.5 -90.4 -176.0
20211110143028  -674.4 -90.7 -176.0
20211110143029  -674.2 -90.7 -175.7
20211110143030  -673.4 -90.4 -175.9
20211110143031  -673.1 -90.0 -175.4
20211110143032  -673.3 -90.0 -175.7
20211110143033  -673.2 -89.6 -175.2
20211110143034  -674.0 -89.9 -175.6
20211110143035  -673.9 -90.1 -175.7
20211110143036  -674.1 -90.0 -175.6
20211110143037  -673.8 -90.1 -175.8
20211110143038  -673.9 -90.0 -175.8
20211110143039  -674.1 -90.4 -176.1
20211110143040  -674.1 -90.3 -176.1
20211110143041  -674.3 -90.6 -175.9
20211110143042  -674.0 -90.9 -175.9
20211110143043  -673.8 -90.9 -175.9
20211110143044  -674.1 -90.9 -175.8
20211110143045  -674.1 -90.9 -176.1
20211110143046  -674.0 -90.7 -176.1
20211110143047  -674.4 -90.9 -176.3
20211110143048  -674.0 -90.9 -176.1
20211110143049  -674.2 -90.8 -176.1
20211110143050  -674.0 -90.6 -176.0
20211110143051  -674.0 -90.7 -175.8
20211110143052  -674.0 -90.6 -176.0
20211110143053  -673.8 -90.7 -176.0
20211110143054  -674.0 -90.5 -175.9
20211110143055  -673.4 -90.3 -175.6
20211110143056  -673.7 -90.4 -175.8
20211110143057  -673.9 -90.6 -176.0
20211110143058  -673.8 -90.6 -176.0
20211110143059  -674.1 -90.6 -175.8
20211110143100  -673.4 -90.6 -175.6
20211110143101  -673.1 -90.5 -175.1
20211110143102  -672.5 -90.3 -175.0
20211110143103  -672.7 -90.0 -174.9
20211110143104  -673.0 -90.1 -175.2
20211110143105  -673.3 -90.3 -175.5
20211110143106  -673.1 -90.2 -175.8
20211110143107  -673.1 -90.5 -175.8
20211110143108  -673.3 -90.3 -175.8
20211110143109  -673.3 -90.2 -175.5
20211110143110  -673.5 -90.3 -175.2
20211110143111  -673.3 -90.2 -175.2
20211110143112  -673.3 -90.4 -175.4
20211110143113  -673.7 -90.1 -175.5
20211110143114  -673.4 -90.2 -175.5
20211110143115  -673.6 -90.4 -175.2
20211110143116  -673.6 -90.1 -175.3
20211110143117  -673.5 -89.9 -175.5
20211110143118  -673.4 -90.1 -175.8
20211110143119  -673.4 -90.1 -175.3
20211110143120  -673.7 -90.1 -175.3
20211110143121  -673.5 -90.2 -175.6
20211110143122  -673.7 -89.9 -175.8
20211110143123  -673.6 -89.7 -175.4
20211110143124  -673.9 -90.0 -175.5
20211110143125  -673.6 -90.1 -175.8
20211110143126  -673.3 -90.0 -175.7
20211110143127  -673.3 -89.8 -175.7
20211110143128  -673.6 -89.9 -175.7
20211110143129  -673.5 -89.8 -175.7
20211110143130  -673.3 -89.8 -175.7
20211110143131  -672.7 -89.9 -174.9
20211110143132  -672.7 -89.7 -174.7
20211110143133  -672.5 -89.6 -174.6
20211110143134  -672.8 -89.5 -174.8
20211110143135  -673.0 -89.2 -175.3
20211110143136  -673.1 -89.0 -175.2
20211110143137  -673.0 -89.1 -175.2
20211110143138  -672.8 -89.5 -175.2
20211110143139  -672.6 -89.8 -175.3
20211110143140  -672.8 -89.7 -175.2
20211110143141  -672.5 -89.6 -175.2
20211110143142  -672.7 -89.5 -174.9
20211110143143  -672.8 -89.6 -175.1
20211110143144  -672.7 -89.7 -175.2
20211110143145  -672.5 -89.8 -175.0
20211110143146  -672.4 -89.7 -175.0
20211110143147  -672.4 -89.7 -175.1
20211110143148  -672.6 -89.9 -175.3
20211110143149  -672.4 -90.3 -175.5
20211110143150  -672.4 -90.0 -175.2
20211110143151  -672.6 -89.9 -175.1
20211110143152  -672.7 -89.9 -175.1
20211110143153  -672.8 -89.8 -175.2
20211110143154  -672.6 -89.6 -175.4
20211110143155  -672.7 -89.6 -175.5
20211110143156  -672.7 -89.5 -175.2
20211110143157  -672.8 -89.8 -175.2
20211110143158  -672.7 -89.6 -175.6
20211110143159  -672.7 -89.4 -175.4
20211110143200  -672.7 -89.8 -175.4
20211110143201  -672.0 -89.3 -174.8
20211110143202  -671.8 -89.0 -174.5
20211110143203  -671.7 -89.0 -174.4
20211110143204  -671.6 -89.0 -174.6
20211110143205  -672.2 -89.3 -175.0
20211110143206  -672.2 -89.2 -175.4
20211110143207  -672.2 -89.3 -175.3
20211110143208  -672.5 -89.3 -175.2
20211110143209  -672.2 -89.3 -175.2
20211110143210  -672.2 -89.0 -175.3
20211110143211  -672.3 -89.2 -175.3
20211110143212  -672.2 -89.5 -175.1
20211110143213  -672.4 -89.4 -175.3
20211110143214  -671.9 -89.6 -175.0
20211110143215  -672.2 -89.8 -175.1
