20211202001716  -777.1 -80.7 -829.9
20211202001717  -776.6 -80.3 -830.0
20211202001718  -776.6 -80.5 -829.7
20211202001719  -776.1 -80.6 -829.5
20211202001720  -776.0 -80.7 -829.7
20211202001721  -775.5 -80.2 -829.8
20211202001722  -774.7 -79.9 -829.1
20211202001723  -774.6 -79.6 -828.9
20211202001724  -774.8 -79.6 -829.2
20211202001725  -774.5 -79.7 -829.3
20211202001726  -774.2 -79.8 -829.5
20211202001727  -773.9 -79.7 -829.1
20211202001728  -773.3 -79.5 -829.2
20211202001729  -773.4 -79.2 -829.2
20211202001730  -772.4 -79.3 -828.9
20211202001731  -772.1 -79.2 -829.1
20211202001732  -771.9 -79.0 -828.8
20211202001733  -771.6 -79.0 -828.8
20211202001734  -771.0 -78.5 -828.8
20211202001735  -770.4 -78.3 -828.7
20211202001736  -770.0 -78.0 -828.8
20211202001737  -769.4 -77.9 -828.8
20211202001738  -768.5 -77.8 -828.7
20211202001739  -768.4 -77.5 -828.5
20211202001740  -767.9 -77.4 -828.5
20211202001741  -767.2 -77.8 -828.7
20211202001742  -766.9 -77.7 -828.7
20211202001743  -766.4 -77.5 -828.6
20211202001744  -765.8 -77.3 -828.4
20211202001745  -765.4 -77.1 -828.6
20211202001746  -764.5 -77.0 -828.3
20211202001747  -764.0 -76.8 -828.3
20211202001748  -763.1 -77.1 -828.1
20211202001749  -762.2 -76.8 -827.4
20211202001750  -762.0 -76.6 -827.1
20211202001751  -761.0 -76.7 -827.1
20211202001752  -760.6 -76.4 -827.1
20211202001753  -760.7 -76.1 -827.3
20211202001754  -760.4 -76.3 -827.4
20211202001755  -760.0 -76.2 -827.6
20211202001756  -759.4 -76.3 -827.5
20211202001757  -759.0 -76.3 -827.8
20211202001758  -758.7 -76.5 -827.7
20211202001759  -758.1 -76.4 -828.1
20211202001800  -757.7 -76.3 -827.8
20211202001801  -757.4 -76.6 -828.2
20211202001802  -757.1 -76.6 -827.9
20211202001803  -757.0 -76.8 -827.8
20211202001804  -756.9 -76.7 -827.9
20211202001805  -756.7 -76.4 -828.1
20211202001806  -756.0 -76.6 -828.2
20211202001807  -756.0 -76.8 -827.9
20211202001808  -755.6 -76.9 -828.0
20211202001809  -755.0 -77.1 -828.3
20211202001810  -754.9 -77.1 -828.3
20211202001811  -754.7 -77.3 -828.1
20211202001812  -754.9 -77.5 -828.3
20211202001813  -754.9 -77.4 -828.6
20211202001814  -754.7 -77.2 -828.4
20211202001815  -754.5 -77.4 -828.6
20211202001816  -754.7 -77.2 -828.9
20211202001817  -754.5 -77.2 -828.8
20211202001818  -754.2 -77.5 -829.2
20211202001819  -753.6 -77.7 -829.1
20211202001820  -753.4 -77.4 -828.9
20211202001821  -753.4 -77.1 -829.0
20211202001822  -753.1 -77.2 -829.0
20211202001823  -754.0 -77.1 -829.7
20211202001824  -754.2 -77.2 -830.2
20211202001825  -754.1 -77.1 -830.2
20211202001826  -754.5 -77.1 -830.2
20211202001827  -754.8 -77.1 -830.9
20211202001828  -754.9 -77.2 -830.9
20211202001829  -755.4 -76.9 -830.9
20211202001830  -755.8 -77.0 -831.2
20211202001831  -756.1 -76.9 -831.3
20211202001832  -756.5 -76.8 -831.6
20211202001833  -756.6 -76.5 -831.6
20211202001834  -756.7 -76.4 -831.7
20211202001835  -757.1 -76.2 -831.7
20211202001836  -757.1 -76.1 -832.0
20211202001837  -757.5 -76.1 -832.0
20211202001838  -757.7 -76.1 -832.1
20211202001839  -758.1 -76.0 -832.4
20211202001840  -758.4 -75.7 -831.9
20211202001841  -758.9 -75.5 -832.0
20211202001842  -759.3 -75.2 -832.0
20211202001843  -759.4 -75.1 -831.8
20211202001844  -759.7 -75.0 -831.9
20211202001845  -760.0 -75.0 -831.6
20211202001846  -760.4 -74.7 -831.7
20211202001847  -760.8 -74.9 -831.9
20211202001848  -761.0 -74.9 -831.9
20211202001849  -760.9 -75.1 -832.1
20211202001850  -761.0 -74.9 -831.3
20211202001851  -760.9 -74.6 -830.8
20211202001852  -760.9 -74.3 -830.6
20211202001853  -761.8 -74.3 -831.2
20211202001854  -761.9 -74.3 -830.9
20211202001855  -761.8 -74.1 -830.8
20211202001856  -761.7 -73.7 -830.7
20211202001857  -761.4 -74.0 -830.7
20211202001858  -761.7 -74.1 -830.2
20211202001859  -761.7 -74.3 -830.4
20211202001900  -761.6 -74.1 -830.2
20211202001901  -761.5 -73.9 -830.3
20211202001902  -761.0 -73.6 -830.4
20211202001903  -761.1 -73.6 -830.4
20211202001904  -761.1 -73.3 -830.5
20211202001905  -760.9 -73.1 -830.5
20211202001906  -760.9 -72.9 -830.7
20211202001907  -761.0 -72.7 -830.7
20211202001908  -760.8 -72.4 -830.6
20211202001909  -760.9 -72.3 -831.0
20211202001910  -760.8 -71.9 -830.6
20211202001911  -760.8 -71.7 -830.9
20211202001912  -760.7 -71.5 -831.0
20211202001913  -760.7 -71.1 -831.2
20211202001914  -760.6 -71.1 -831.1
20211202001915  -760.5 -70.5 -831.1
20211202001916  -760.3 -70.4 -831.2
20211202001917  -760.1 -70.0 -831.2
20211202001918  -759.9 -69.9 -831.3
20211202001919  -760.0 -70.2 -831.4
20211202001920  -759.1 -69.8 -830.7
20211202001921  -758.4 -69.8 -830.4
20211202001922  -758.0 -69.6 -830.0
20211202001923  -758.3 -69.5 -830.6
20211202001924  -758.3 -69.8 -830.8
20211202001925  -758.5 -70.2 -831.0
20211202001926  -758.0 -70.4 -831.6
20211202001927  -757.9 -70.2 -831.4
20211202001928  -757.6 -70.3 -831.6
20211202001929  -757.5 -70.4 -831.8
20211202001930  -757.6 -70.3 -831.9
20211202001931  -757.4 -70.4 -831.8
20211202001932  -757.2 -70.7 -832.2
20211202001933  -757.2 -70.8 -832.5
20211202001934  -757.2 -71.3 -832.9
20211202001935  -757.2 -71.7 -833.2
20211202001936  -757.3 -72.1 -833.3
20211202001937  -757.2 -71.9 -833.6
20211202001938  -757.1 -72.2 -834.0
20211202001939  -756.7 -72.5 -834.0
20211202001940  -756.7 -72.6 -833.8
20211202001941  -756.7 -73.0 -833.6
20211202001942  -756.5 -73.4 -834.1
20211202001943  -756.3 -73.1 -833.8
20211202001944  -756.4 -73.3 -834.2
20211202001945  -756.3 -73.6 -834.6
20211202001946  -756.3 -73.7 -834.9
20211202001947  -756.1 -73.7 -835.2
20211202001948  -756.4 -73.7 -835.5
20211202001949  -756.5 -73.7 -835.9
20211202001950  -756.0 -74.0 -836.0
20211202001951  -756.2 -73.5 -835.7
20211202001952  -756.0 -73.4 -835.5
20211202001953  -756.1 -73.4 -835.6
20211202001954  -757.1 -73.8 -836.0
20211202001955  -757.4 -73.8 -836.3
20211202001956  -757.7 -73.8 -836.8
20211202001957  -757.4 -74.2 -836.9
20211202001958  -757.4 -74.2 -837.0
20211202001959  -757.8 -74.2 -837.3
20211202002000  -757.8 -74.4 -837.2
20211202002001  -757.6 -74.3 -837.6
20211202002002  -757.8 -74.6 -837.7
20211202002003  -757.4 -74.5 -837.5
20211202002004  -757.6 -74.5 -837.5
20211202002005  -758.0 -74.5 -837.9
20211202002006  -757.9 -74.4 -837.6
20211202002007  -757.9 -74.4 -837.6
20211202002008  -757.9 -74.4 -837.6
20211202002009  -757.9 -74.4 -837.4
20211202002010  -757.8 -74.3 -837.0
20211202002011  -757.4 -74.4 -837.5
20211202002012  -757.6 -74.7 -837.1
20211202002013  -757.5 -74.8 -837.1
20211202002014  -757.6 -75.1 -837.1
20211202002015  -757.6 -75.3 -836.8
20211202002016  -757.8 -75.5 -836.9
20211202002017  -757.7 -75.5 -836.8
20211202002018  -757.9 -75.7 -836.8
20211202002019  -757.8 -75.7 -836.8
20211202002020  -757.5 -76.1 -836.5
20211202002021  -757.0 -76.0 -836.3
20211202002022  -756.9 -76.2 -836.0
20211202002023  -756.9 -76.0 -835.9
20211202002024  -757.1 -76.4 -835.7
20211202002025  -758.0 -76.1 -836.2
20211202002026  -758.2 -76.3 -836.2
20211202002027  -758.3 -76.6 -836.7
20211202002028  -758.5 -76.4 -836.4
20211202002029  -758.8 -76.4 -836.2
20211202002030  -758.7 -76.4 -835.9
20211202002031  -758.7 -76.0 -835.7
20211202002032  -759.0 -75.7 -835.8
20211202002033  -759.0 -75.9 -835.3
20211202002034  -758.6 -76.2 -835.3
20211202002035  -758.3 -76.0 -835.1
20211202002036  -758.5 -76.1 -835.2
20211202002037  -758.0 -76.1 -834.9
20211202002038  -757.9 -76.0 -834.8
20211202002039  -757.7 -76.1 -835.0
20211202002040  -757.4 -76.0 -834.9
20211202002041  -757.4 -75.7 -835.1
20211202002042  -757.0 -75.6 -835.3
20211202002043  -756.9 -75.4 -835.5
20211202002044  -756.4 -75.4 -835.3
20211202002045  -756.2 -75.2 -835.3
20211202002046  -755.5 -74.9 -835.8
20211202002047  -755.0 -74.5 -835.8
20211202002048  -754.9 -74.4 -835.9
20211202002049  -754.9 -74.1 -836.1
20211202002050  -754.4 -74.0 -836.4
20211202002051  -754.0 -73.3 -836.3
20211202002052  -754.3 -72.9 -836.8
20211202002053  -754.3 -72.8 -837.2
20211202002054  -754.3 -72.8 -837.4
20211202002055  -754.3 -72.9 -837.8
20211202002056  -754.4 -72.8 -838.3
20211202002057  -754.5 -72.9 -838.5
20211202002058  -754.8 -72.8 -838.6
20211202002059  -754.8 -72.8 -839.0
20211202002100  -754.9 -72.3 -839.1
20211202002101  -754.7 -71.7 -839.1
20211202002102  -754.7 -71.3 -839.4
20211202002103  -754.7 -71.2 -839.2
20211202002104  -754.5 -70.9 -839.7
20211202002105  -754.6 -70.9 -840.0
20211202002106  -754.5 -70.5 -840.2
20211202002107  -754.7 -70.3 -840.5
20211202002108  -755.0 -69.9 -840.6
20211202002109  -754.8 -69.6 -840.7
20211202002110  -754.9 -69.6 -840.8
20211202002111  -755.3 -69.1 -841.2
20211202002112  -755.2 -68.4 -841.3
20211202002113  -755.4 -67.9 -841.3
20211202002114  -755.6 -67.7 -841.5
20211202002115  -755.5 -67.0 -841.9
20211202002116  -755.9 -66.8 -842.1
20211202002117  -755.1 -66.4 -841.9
20211202002118  -755.2 -65.7 -842.0
20211202002119  -756.3 -65.8 -842.9
20211202002120  -756.4 -65.5 -843.2
20211202002121  -756.5 -65.0 -843.5
20211202002122  -756.9 -64.8 -843.8
20211202002123  -757.4 -64.5 -844.0
20211202002124  -757.7 -64.1 -844.6
20211202002125  -758.3 -63.6 -844.7
20211202002126  -758.6 -63.2 -844.7
20211202002127  -759.2 -62.8 -844.9
20211202002128  -759.3 -62.9 -844.8
20211202002129  -759.7 -62.8 -844.8
20211202002130  -760.1 -62.4 -845.0
20211202002131  -760.6 -62.1 -845.2
20211202002132  -760.8 -61.8 -845.2
20211202002133  -760.9 -62.0 -845.2
20211202002134  -761.2 -61.4 -845.4
20211202002135  -761.4 -61.5 -845.5
20211202002136  -761.7 -61.6 -845.4
20211202002137  -761.4 -61.6 -845.7
20211202002138  -761.9 -61.4 -845.7
20211202002139  -762.3 -61.4 -845.9
20211202002140  -762.7 -61.3 -846.1
20211202002141  -762.8 -61.0 -846.4
20211202002142  -763.3 -61.2 -846.8
20211202002143  -763.1 -61.3 -846.5
20211202002144  -763.0 -61.2 -846.2
20211202002145  -763.8 -61.1 -846.2
20211202002146  -764.1 -61.1 -846.4
20211202002147  -764.7 -61.2 -846.7
20211202002148  -764.9 -61.1 -846.7
20211202002149  -765.4 -60.8 -847.0
20211202002150  -765.8 -60.7 -847.0
20211202002151  -766.3 -60.8 -846.8
20211202002152  -766.4 -60.6 -847.2
20211202002153  -766.5 -60.5 -847.3
20211202002154  -766.8 -60.6 -847.5
20211202002155  -767.2 -60.6 -847.4
20211202002156  -767.5 -60.6 -847.5
20211202002157  -767.9 -60.9 -847.5
20211202002158  -768.3 -61.1 -847.8
20211202002159  -768.6 -61.5 -848.0
20211202002200  -768.9 -61.4 -847.9
20211202002201  -769.4 -61.7 -848.1
20211202002202  -769.6 -61.4 -848.0
20211202002203  -770.1 -61.7 -848.0
20211202002204  -770.8 -61.5 -848.5
20211202002205  -771.2 -61.5 -848.6
20211202002206  -771.7 -61.4 -848.6
20211202002207  -772.3 -61.4 -848.5
20211202002208  -772.9 -61.6 -848.4
20211202002209  -772.7 -61.7 -848.2
20211202002210  -772.7 -61.4 -847.9
20211202002211  -773.2 -61.1 -848.0
20211202002212  -774.2 -61.2 -848.3
20211202002213  -774.3 -61.1 -848.2
20211202002214  -774.4 -61.2 -848.1
20211202002215  -774.6 -61.3 -847.9
20211202002216  -774.9 -61.2 -847.8
20211202002217  -774.9 -61.3 -847.7
20211202002218  -775.0 -61.0 -847.7
20211202002219  -774.5 -60.6 -847.9
20211202002220  -774.6 -60.1 -848.2
20211202002221  -774.5 -60.1 -848.1
20211202002222  -774.3 -60.0 -848.3
20211202002223  -774.2 -60.1 -848.5
20211202002224  -774.0 -60.0 -848.0
20211202002225  -774.3 -60.0 -848.2
20211202002226  -774.1 -60.1 -848.1
20211202002227  -773.8 -60.3 -848.4
20211202002228  -774.1 -60.4 -848.5
20211202002229  -774.2 -60.7 -848.4
20211202002230  -774.5 -61.2 -848.4
20211202002231  -774.5 -61.2 -848.5
20211202002232  -774.7 -60.9 -848.4
20211202002233  -774.8 -61.2 -848.1
20211202002234  -774.7 -61.4 -848.1
20211202002235  -774.2 -61.1 -848.2
20211202002236  -773.8 -60.7 -847.7
20211202002237  -773.7 -60.5 -847.6
20211202002238  -774.8 -60.6 -848.4
20211202002239  -774.9 -60.4 -848.4
20211202002240  -775.0 -60.2 -848.4
20211202002241  -775.0 -60.3 -848.5
20211202002242  -775.2 -60.3 -848.5
20211202002243  -775.2 -60.5 -848.5
20211202002244  -775.5 -60.4 -848.5
20211202002245  -775.9 -60.4 -848.7
20211202002246  -775.9 -60.4 -848.9
20211202002247  -775.6 -60.1 -848.6
20211202002248  -775.9 -59.8 -848.8
20211202002249  -775.8 -59.6 -848.7
20211202002250  -775.7 -59.3 -848.8
20211202002251  -775.4 -59.1 -848.9
20211202002252  -775.3 -58.9 -849.0
20211202002253  -775.2 -58.7 -848.9
20211202002254  -775.0 -58.5 -848.6
20211202002255  -774.8 -57.7 -848.7
20211202002256  -774.9 -57.0 -849.2
20211202002257  -775.0 -56.6 -849.2
20211202002258  -774.8 -56.2 -849.1
20211202002259  -774.7 -56.3 -849.5
20211202002300  -774.7 -56.3 -849.6
20211202002301  -774.8 -56.3 -849.5
20211202002302  -774.5 -55.4 -848.8
20211202002303  -774.3 -55.2 -848.8
20211202002304  -774.7 -55.0 -849.0
20211202002305  -775.1 -54.9 -849.2
20211202002306  -774.8 -54.3 -849.5
20211202002307  -774.7 -53.8 -849.5
20211202002308  -774.4 -53.8 -849.6
20211202002309  -774.4 -53.4 -849.8
20211202002310  -774.4 -53.0 -850.1
20211202002311  -774.5 -53.0 -850.1
20211202002312  -774.7 -52.7 -850.1
20211202002313  -774.5 -52.6 -850.2
20211202002314  -774.3 -52.3 -850.3
20211202002315  -774.5 -52.5 -850.3
20211202002316  -774.5 -52.4 -850.4
20211202002317  -774.6 -52.4 -850.2
20211202002318  -774.3 -52.5 -850.1
20211202002319  -774.6 -52.7 -850.5
20211202002320  -774.7 -52.6 -850.6
20211202002321  -775.1 -52.7 -850.6
20211202002322  -775.0 -53.0 -850.8
20211202002323  -775.3 -53.2 -850.8
20211202002324  -775.2 -53.4 -850.8
20211202002325  -775.9 -53.4 -851.0
20211202002326  -776.0 -53.7 -851.2
20211202002327  -776.5 -53.9 -851.4
20211202002328  -776.2 -53.9 -851.0
20211202002329  -776.4 -53.1 -850.3
20211202002330  -776.8 -52.9 -850.5
20211202002331  -777.4 -53.1 -851.0
20211202002332  -777.7 -52.9 -851.1
20211202002333  -777.8 -52.6 -851.2
20211202002334  -777.7 -52.6 -851.4
20211202002335  -777.9 -52.9 -851.2
20211202002336  -778.1 -53.1 -850.7
20211202002337  -778.2 -53.3 -851.2
20211202002338  -778.4 -53.5 -851.4
20211202002339  -778.5 -53.5 -850.9
20211202002340  -778.6 -53.3 -850.9
20211202002341  -778.7 -53.4 -851.1
20211202002342  -778.9 -53.1 -850.9
20211202002343  -779.1 -53.0 -851.0
20211202002344  -779.4 -53.3 -850.8
20211202002345  -779.4 -53.3 -851.0
20211202002346  -779.6 -53.1 -850.8
20211202002347  -779.7 -52.9 -850.9
20211202002348  -779.9 -52.9 -851.4
20211202002349  -780.1 -53.0 -851.0
20211202002350  -780.2 -52.7 -851.3
20211202002351  -780.5 -52.6 -850.9
20211202002352  -780.5 -52.8 -850.9
20211202002353  -780.6 -52.9 -850.9
20211202002354  -780.3 -52.8 -850.4
20211202002355  -779.8 -52.6 -849.8
20211202002356  -780.0 -52.9 -850.0
20211202002357  -780.6 -52.9 -850.3
20211202002358  -780.7 -53.1 -850.2
20211202002359  -780.7 -53.5 -850.3
20211202002400  -780.4 -53.5 -850.2
20211202002401  -780.4 -53.3 -850.1
20211202002402  -780.3 -52.9 -850.0
20211202002403  -780.0 -52.8 -850.0
20211202002404  -780.1 -52.5 -850.0
20211202002405  -779.6 -52.2 -850.2
20211202002406  -779.6 -51.9 -850.2
20211202002407  -779.7 -51.4 -850.2
20211202002408  -779.7 -51.4 -850.2
