20211031080828  -664.9 -74.8 -190.7
20211031080829  -665.0 -74.9 -190.7
20211031080830  -664.9 -75.1 -190.6
20211031080831  -665.2 -75.0 -190.9
20211031080832  -665.5 -75.3 -191.2
20211031080833  -665.3 -75.3 -191.0
20211031080834  -665.3 -75.5 -190.9
20211031080835  -665.1 -75.9 -190.8
20211031080836  -665.2 -75.8 -190.9
20211031080837  -665.2 -76.5 -190.6
20211031080838  -665.0 -76.6 -190.4
20211031080839  -664.8 -76.5 -190.5
20211031080840  -664.9 -76.8 -190.9
20211031080841  -664.8 -76.9 -190.9
20211031080842  -664.7 -77.1 -190.9
20211031080843  -664.6 -77.1 -190.9
20211031080844  -664.4 -77.3 -191.0
20211031080845  -664.2 -77.6 -191.1
20211031080846  -664.1 -77.4 -190.9
20211031080847  -664.1 -77.4 -190.9
20211031080848  -664.0 -77.6 -190.7
20211031080849  -663.6 -77.9 -191.0
20211031080850  -663.7 -77.8 -190.8
20211031080851  -663.9 -77.5 -190.7
20211031080852  -663.2 -77.5 -190.2
20211031080853  -663.0 -77.6 -190.0
20211031080854  -663.5 -77.4 -190.2
20211031080855  -663.7 -77.4 -190.5
20211031080856  -663.6 -77.3 -190.6
20211031080857  -663.9 -77.3 -190.6
20211031080858  -664.0 -77.0 -190.5
20211031080859  -664.0 -77.1 -190.5
20211031080900  -664.0 -77.0 -190.4
20211031080901  -664.2 -76.9 -190.2
20211031080902  -664.5 -76.7 -190.1
20211031080903  -664.8 -76.6 -190.0
20211031080904  -664.4 -76.4 -190.1
20211031080905  -664.6 -76.7 -190.0
20211031080906  -664.7 -76.4 -189.9
20211031080907  -664.7 -76.5 -190.1
20211031080908  -664.4 -76.5 -189.7
20211031080909  -664.5 -76.5 -189.8
20211031080910  -664.3 -76.5 -190.0
20211031080911  -664.3 -76.3 -190.1
20211031080912  -664.7 -76.1 -190.1
20211031080913  -664.6 -75.9 -189.9
20211031080914  -664.6 -76.1 -190.0
20211031080915  -664.7 -75.9 -189.9
20211031080916  -664.8 -76.2 -190.2
20211031080917  -665.0 -76.3 -190.0
20211031080918  -664.8 -76.1 -189.7
20211031080919  -664.8 -76.2 -190.3
20211031080920  -665.2 -76.3 -189.7
20211031080921  -665.2 -76.3 -189.7
20211031080922  -664.7 -76.1 -189.3
20211031080923  -664.9 -75.9 -189.0
20211031080924  -665.5 -76.1 -189.3
20211031080925  -665.8 -76.0 -189.4
20211031080926  -665.7 -76.0 -189.5
20211031080927  -665.6 -75.8 -189.4
20211031080928  -666.0 -75.8 -189.4
20211031080929  -665.8 -75.8 -189.3
20211031080930  -666.1 -75.9 -189.3
20211031080931  -666.2 -75.5 -189.3
20211031080932  -666.0 -75.1 -189.3
20211031080933  -666.2 -75.5 -189.5
20211031080934  -666.1 -75.5 -189.5
20211031080935  -666.1 -75.0 -189.6
20211031080936  -665.9 -74.9 -189.7
20211031080937  -665.9 -74.9 -189.8
20211031080938  -665.9 -74.5 -189.8
20211031080939  -665.9 -74.4 -190.2
20211031080940  -666.1 -74.4 -189.8
20211031080941  -665.9 -74.4 -189.9
20211031080942  -666.4 -74.6 -190.0
20211031080943  -666.4 -74.3 -189.8
20211031080944  -666.5 -74.1 -189.9
20211031080945  -666.5 -74.0 -190.1
20211031080946  -666.3 -73.6 -190.2
20211031080947  -666.2 -73.9 -190.3
20211031080948  -666.1 -74.1 -190.2
20211031080949  -666.1 -74.0 -190.1
20211031080950  -666.1 -74.3 -190.2
20211031080951  -666.0 -74.4 -190.3
20211031080952  -665.2 -74.3 -189.6
20211031080953  -665.0 -74.3 -189.3
20211031080954  -666.0 -74.6 -189.8
20211031080955  -665.8 -74.9 -190.2
20211031080956  -665.4 -75.4 -190.2
20211031080957  -665.3 -75.5 -190.4
20211031080958  -665.5 -75.9 -190.2
20211031080959  -665.5 -75.8 -190.1
20211031081000  -665.4 -76.2 -190.2
20211031081001  -665.5 -76.6 -190.1
20211031081002  -665.3 -76.9 -190.1
20211031081003  -665.0 -76.4 -190.1
20211031081004  -665.1 -77.0 -190.1
20211031081005  -665.1 -77.1 -190.1
20211031081006  -664.6 -77.1 -190.4
20211031081007  -664.7 -77.2 -190.3
20211031081008  -664.7 -77.4 -190.5
20211031081009  -664.8 -77.6 -190.4
20211031081010  -665.1 -77.8 -190.3
20211031081011  -665.0 -77.9 -190.7
20211031081012  -665.4 -77.8 -190.8
20211031081013  -665.4 -77.5 -190.8
20211031081014  -665.5 -77.6 -190.8
20211031081015  -665.5 -77.4 -190.8
20211031081016  -666.0 -77.5 -190.9
20211031081017  -665.7 -77.5 -190.5
20211031081018  -665.6 -77.2 -190.5
20211031081019  -665.9 -77.4 -190.6
20211031081020  -666.1 -77.4 -190.6
20211031081021  -666.1 -77.3 -190.7
20211031081022  -665.5 -77.2 -190.5
20211031081023  -665.2 -77.0 -190.1
20211031081024  -666.1 -76.9 -190.5
20211031081025  -666.1 -77.3 -190.8
20211031081026  -666.3 -77.4 -190.9
20211031081027  -666.4 -77.1 -190.8
20211031081028  -666.1 -77.2 -190.6
20211031081029  -666.2 -77.5 -190.4
20211031081030  -666.2 -77.6 -190.4
20211031081031  -666.1 -77.7 -190.2
20211031081032  -665.9 -77.7 -190.3
20211031081033  -665.8 -77.7 -190.1
20211031081034  -665.6 -78.1 -190.3
20211031081035  -665.4 -77.9 -190.5
20211031081036  -665.4 -77.8 -190.4
20211031081037  -665.1 -78.0 -190.3
20211031081038  -665.1 -78.1 -190.2
20211031081039  -665.0 -78.1 -189.9
20211031081040  -665.2 -78.2 -190.0
20211031081041  -665.1 -78.1 -189.9
20211031081042  -664.9 -77.9 -190.1
20211031081043  -665.2 -77.8 -190.0
20211031081044  -664.6 -77.5 -189.9
20211031081045  -665.1 -77.1 -190.1
20211031081046  -665.1 -77.2 -190.3
20211031081047  -665.2 -77.1 -189.9
20211031081048  -665.0 -77.0 -189.8
20211031081049  -664.8 -76.5 -190.0
20211031081050  -664.7 -76.5 -190.0
20211031081051  -664.6 -76.2 -190.1
20211031081052  -664.5 -76.2 -189.9
20211031081053  -664.2 -76.0 -189.5
20211031081054  -665.2 -75.8 -189.6
20211031081055  -665.4 -75.7 -189.8
20211031081056  -665.2 -75.3 -190.0
20211031081057  -665.1 -75.2 -189.9
20211031081058  -665.2 -75.5 -190.0
20211031081059  -665.1 -75.3 -190.0
20211031081100  -665.6 -75.0 -190.2
20211031081101  -665.9 -75.0 -190.0
20211031081102  -665.9 -74.9 -190.4
20211031081103  -666.0 -74.8 -189.9
20211031081104  -666.0 -74.4 -190.0
20211031081105  -665.7 -74.4 -189.9
20211031081106  -665.9 -74.2 -189.7
20211031081107  -666.2 -73.9 -189.6
20211031081108  -665.9 -74.0 -189.4
20211031081109  -665.8 -74.0 -189.4
20211031081110  -665.9 -74.0 -189.9
20211031081111  -665.7 -73.9 -189.5
20211031081112  -665.6 -73.9 -189.4
20211031081113  -665.5 -74.1 -189.5
20211031081114  -665.9 -73.8 -189.8
20211031081115  -665.9 -73.8 -189.5
20211031081116  -665.7 -73.9 -189.2
20211031081117  -666.1 -73.7 -189.6
20211031081118  -666.4 -73.5 -189.7
20211031081119  -666.2 -73.7 -189.5
20211031081120  -665.8 -73.8 -189.5
20211031081121  -666.0 -73.6 -189.6
20211031081122  -666.2 -73.8 -189.8
20211031081123  -665.4 -73.6 -189.1
20211031081124  -666.2 -73.7 -189.8
20211031081125  -666.3 -73.9 -189.6
20211031081126  -666.3 -73.7 -189.6
20211031081127  -666.4 -73.9 -189.5
20211031081128  -666.2 -74.0 -189.4
20211031081129  -666.5 -74.1 -189.2
20211031081130  -666.4 -74.0 -189.5
20211031081131  -666.7 -74.1 -189.2
20211031081132  -666.5 -74.0 -189.6
20211031081133  -666.3 -73.7 -189.5
20211031081134  -666.4 -73.8 -189.6
20211031081135  -666.7 -73.5 -189.6
20211031081136  -666.8 -73.3 -189.5
20211031081137  -667.0 -73.5 -189.5
20211031081138  -667.1 -73.3 -189.3
20211031081139  -666.8 -73.0 -189.3
20211031081140  -667.1 -73.3 -189.7
20211031081141  -667.0 -73.1 -189.4
20211031081142  -667.1 -73.3 -189.4
20211031081143  -667.1 -73.2 -189.4
20211031081144  -666.7 -73.1 -189.2
20211031081145  -666.9 -72.8 -188.8
20211031081146  -666.9 -72.9 -189.2
20211031081147  -666.9 -73.2 -189.1
20211031081148  -667.2 -73.4 -189.2
20211031081149  -666.8 -73.3 -189.1
20211031081150  -666.8 -73.4 -189.5
20211031081151  -666.9 -73.6 -189.5
20211031081152  -667.1 -73.5 -189.5
20211031081153  -666.4 -73.6 -188.8
20211031081154  -666.1 -74.1 -188.9
20211031081155  -666.7 -74.3 -189.2
20211031081156  -666.3 -74.3 -189.0
20211031081157  -666.3 -74.3 -189.1
20211031081158  -666.1 -74.5 -189.1
20211031081159  -666.3 -74.4 -189.1
20211031081200  -666.3 -74.5 -189.2
20211031081201  -666.2 -74.8 -189.3
20211031081202  -666.1 -74.7 -189.2
20211031081203  -666.1 -74.7 -189.3
20211031081204  -665.9 -74.8 -189.5
20211031081205  -665.9 -75.0 -189.3
20211031081206  -665.9 -74.8 -189.1
20211031081207  -665.8 -74.6 -189.1
20211031081208  -665.8 -74.5 -189.3
20211031081209  -665.9 -74.5 -189.4
20211031081210  -666.2 -74.2 -188.9
20211031081211  -666.3 -74.6 -189.1
20211031081212  -665.9 -74.7 -189.2
20211031081213  -666.1 -74.9 -189.3
20211031081214  -665.9 -75.0 -188.9
20211031081215  -666.2 -75.1 -189.0
