1110060004  -665.3 -84.3 -191.2
20211110060005  -665.7 -84.5 -191.3
20211110060006  -665.5 -84.4 -191.1
20211110060007  -665.8 -84.3 -191.6
20211110060008  -665.8 -84.1 -191.5
20211110060009  -666.1 -84.3 -191.2
20211110060010  -665.9 -84.3 -191.2
20211110060011  -665.9 -84.6 -191.2
20211110060012  -666.0 -84.5 -191.2
20211110060013  -665.5 -84.1 -190.6
20211110060014  -666.0 -84.3 -190.9
20211110060015  -666.3 -84.4 -191.3
20211110060016  -666.2 -84.3 -191.4
20211110060017  -666.6 -84.1 -191.4
20211110060018  -666.6 -84.0 -191.4
20211110060019  -666.4 -84.0 -191.5
20211110060020  -666.3 -84.2 -191.2
20211110060021  -666.6 -83.9 -191.2
20211110060022  -666.6 -84.0 -191.3
20211110060023  -666.7 -83.8 -191.3
20211110060024  -666.4 -83.6 -191.2
20211110060025  -666.2 -83.7 -191.0
20211110060026  -666.0 -83.6 -191.0
20211110060027  -666.0 -83.3 -191.1
20211110060028  -666.0 -83.8 -190.9
20211110060029  -666.1 -83.5 -191.1
20211110060030  -665.9 -83.6 -190.7
20211110060031  -665.9 -83.6 -190.6
20211110060032  -665.9 -83.7 -190.8
20211110060033  -665.8 -83.6 -191.1
20211110060034  -665.7 -83.7 -190.9
20211110060035  -665.8 -83.2 -190.9
20211110060036  -666.0 -83.2 -190.9
20211110060037  -666.0 -83.0 -191.1
20211110060038  -665.8 -83.2 -191.2
20211110060039  -666.2 -83.3 -191.1
20211110060040  -666.1 -83.8 -191.1
20211110060041  -665.9 -83.6 -191.0
20211110060042  -665.6 -83.6 -191.1
20211110060043  -664.8 -83.4 -190.2
20211110060044  -664.8 -83.3 -190.4
20211110060045  -664.8 -83.4 -190.9
20211110060046  -665.1 -83.3 -190.9
20211110060047  -665.1 -83.4 -190.9
20211110060048  -664.9 -83.3 -191.1
20211110060049  -664.7 -83.1 -190.7
20211110060050  -664.8 -83.2 -191.0
20211110060051  -664.6 -83.2 -191.1
20211110060052  -664.5 -83.4 -191.1
20211110060053  -664.5 -83.1 -191.0
20211110060054  -664.7 -83.1 -190.9
20211110060055  -664.7 -83.0 -191.1
20211110060056  -664.6 -83.1 -191.0
20211110060057  -664.6 -83.0 -191.1
20211110060058  -664.6 -83.1 -191.1
20211110060059  -664.6 -83.4 -191.2
20211110060100  -664.6 -83.5 -191.2
20211110060101  -664.6 -83.3 -191.5
20211110060102  -664.5 -83.4 -191.7
20211110060103  -664.3 -83.4 -191.5
20211110060104  -664.3 -83.4 -191.4
20211110060105  -664.3 -83.6 -191.2
20211110060106  -664.1 -83.4 -191.2
20211110060107  -664.0 -83.3 -191.2
20211110060108  -664.2 -83.2 -191.0
20211110060109  -664.1 -83.3 -191.5
20211110060110  -664.1 -83.0 -191.5
20211110060111  -663.9 -83.0 -191.3
20211110060112  -663.7 -83.2 -191.6
20211110060113  -663.1 -83.0 -191.0
20211110060114  -662.9 -83.3 -190.6
20211110060115  -663.5 -83.3 -191.0
20211110060116  -663.7 -83.4 -191.1
20211110060117  -663.7 -83.5 -191.0
20211110060118  -663.7 -83.6 -191.1
20211110060119  -663.6 -83.7 -191.5
20211110060120  -663.6 -83.5 -191.4
20211110060121  -663.6 -83.4 -191.2
20211110060122  -663.9 -83.8 -191.5
20211110060123  -664.0 -83.7 -191.5
20211110060124  -663.8 -83.5 -191.4
20211110060125  -663.9 -83.7 -191.3
20211110060126  -664.0 -83.7 -191.2
20211110060127  -663.7 -83.5 -191.4
20211110060128  -663.9 -83.5 -191.3
20211110060129  -663.5 -83.2 -191.2
20211110060130  -664.0 -83.3 -191.3
20211110060131  -663.9 -83.4 -191.3
20211110060132  -664.0 -83.4 -191.2
20211110060133  -664.0 -83.7 -191.2
20211110060134  -664.2 -83.6 -191.3
20211110060135  -664.3 -83.5 -191.5
20211110060136  -664.6 -83.7 -191.3
20211110060137  -664.3 -83.5 -191.7
20211110060138  -664.0 -83.4 -191.4
20211110060139  -664.3 -83.5 -191.3
20211110060140  -664.2 -83.5 -191.7
20211110060141  -664.4 -83.5 -191.5
20211110060142  -664.3 -83.7 -191.8
20211110060143  -663.6 -83.5 -191.1
20211110060144  -663.4 -83.5 -190.9
20211110060145  -663.6 -83.4 -190.8
20211110060146  -664.3 -83.4 -191.1
20211110060147  -664.6 -83.5 -191.5
20211110060148  -664.5 -83.5 -191.4
20211110060149  -664.7 -83.8 -191.4
20211110060150  -664.4 -83.6 -191.3
20211110060151  -664.1 -83.9 -191.3
20211110060152  -664.2 -84.2 -191.3
20211110060153  -664.5 -83.8 -191.5
20211110060154  -664.4 -84.1 -191.6
20211110060155  -664.1 -84.2 -191.5
20211110060156  -664.2 -84.3 -191.4
20211110060157  -664.0 -84.3 -191.4
20211110060158  -664.3 -83.9 -191.5
20211110060159  -664.3 -84.3 -191.7
20211110060200  -664.6 -84.2 -191.6
20211110060201  -664.5 -84.0 -191.7
20211110060202  -664.4 -84.3 -191.6
20211110060203  -664.7 -84.3 -191.3
20211110060204  -664.6 -84.0 -191.0
20211110060205  -664.8 -84.1 -191.1
20211110060206  -664.9 -84.0 -191.4
20211110060207  -665.1 -83.9 -191.5
20211110060208  -665.0 -84.1 -191.2
20211110060209  -665.1 -84.1 -191.2
20211110060210  -665.1 -84.0 -191.3
20211110060211  -664.9 -84.2 -191.1
20211110060212  -664.9 -84.3 -191.3
20211110060213  -664.2 -84.3 -190.8
20211110060214  -664.4 -84.3 -190.6
20211110060215  -664.1 -84.4 -190.6
20211110060216  -664.8 -84.4 -191.5
20211110060217  -664.8 -84.3 -191.3
20211110060218  -664.7 -84.3 -191.3
20211110060219  -664.7 -84.1 -191.6
20211110060220  -664.9 -84.1 -191.5
20211110060221  -664.9 -84.4 -191.8
20211110060222  -664.6 -84.4 -191.5
20211110060223  -664.7 -84.2 -191.7
20211110060224  -665.1 -84.2 -191.6
20211110060225  -665.1 -84.1 -191.6
20211110060226  -664.7 -84.2 -191.5
20211110060227  -664.7 -84.1 -191.4
20211110060228  -665.0 -84.1 -191.5
20211110060229  -664.9 -84.2 -191.6
20211110060230  -664.8 -84.4 -191.7
20211110060231  -664.8 -84.4 -191.7
20211110060232  -665.1 -84.2 -191.7
20211110060233  -665.2 -84.2 -191.9
20211110060234  -665.1 -84.3 -191.8
20211110060235  -665.2 -84.5 -191.8
20211110060236  -665.0 -84.4 -191.7
20211110060237  -664.8 -84.0 -191.7
20211110060238  -664.8 -84.2 -191.8
20211110060239  -665.0 -84.3 -191.8
20211110060240  -665.0 -84.0 -192.0
20211110060241  -664.9 -84.2 -192.0
20211110060242  -665.0 -84.4 -191.9
20211110060243  -664.3 -84.3 -191.6
20211110060244  -663.9 -84.0 -191.2
20211110060245  -663.6 -83.8 -190.8
20211110060246  -664.3 -83.6 -190.9
20211110060247  -664.8 -83.7 -191.5
20211110060248  -664.6 -83.8 -191.5
20211110060249  -664.8 -83.9 -191.6
20211110060250  -664.8 -83.8 -191.5
20211110060251  -664.8 -83.9 -191.6
20211110060252  -665.1 -83.8 -191.6
20211110060253  -664.9 -83.7 -191.5
20211110060254  -664.8 -83.5 -191.6
20211110060255  -664.9 -83.4 -191.7
20211110060256  -665.1 -83.7 -191.7
20211110060257  -664.8 -83.3 -191.7
20211110060258  -664.7 -83.5 -192.0
20211110060259  -665.0 -83.4 -191.6
20211110060300  -665.0 -83.2 -191.7
20211110060301  -664.9 -83.1 -191.5
20211110060302  -665.1 -83.2 -191.6
20211110060303  -664.8 -82.7 -191.8
20211110060304  -665.1 -82.9 -191.7
20211110060305  -665.0 -82.8 -191.8
20211110060306  -664.8 -82.8 -191.7
20211110060307  -664.8 -82.9 -191.7
20211110060308  -664.7 -83.0 -191.5
20211110060309  -664.6 -82.6 -191.3
20211110060310  -664.5 -82.7 -191.6
20211110060311  -664.6 -82.7 -191.6
20211110060312  -664.4 -82.7 -192.0
20211110060313  -663.8 -82.6 -191.1
20211110060314  -663.5 -82.3 -190.7
20211110060315  -663.3 -82.4 -190.5
20211110060316  -663.5 -82.2 -190.5
20211110060317  -664.3 -82.2 -191.0
20211110060318  -663.9 -82.0 -191.3
20211110060319  -663.8 -81.9 -191.5
20211110060320  -663.9 -81.7 -191.5
20211110060321  -664.1 -81.7 -191.6
20211110060322  -664.2 -81.8 -191.6
20211110060323  -664.2 -81.9 -191.7
20211110060324  -664.2 -81.8 -191.5
20211110060325  -664.1 -81.6 -191.5
20211110060326  -664.1 -81.6 -191.4
20211110060327  -664.1 -81.6 -191.7
20211110060328  -663.9 -81.4 -191.6
20211110060329  -664.2 -81.4 -191.6
20211110060330  -664.0 -81.4 -191.2
20211110060331  -663.9 -81.4 -191.5
20211110060332  -664.0 -81.5 -191.3
20211110060333  -663.8 -81.4 -190.9
20211110060334  -663.5 -81.2 -191.1
20211110060335  -663.7 -81.2 -191.3
20211110060336  -663.5 -81.2 -191.4
20211110060337  -663.7 -81.0 -191.5
20211110060338  -663.8 -81.2 -191.2
20211110060339  -663.7 -81.1 -191.3
20211110060340  -663.6 -81.2 -191.3
20211110060341  -663.6 -81.2 -191.3
20211110060342  -663.7 -81.2 -191.4
20211110060343  -663.1 -81.2 -191.0
20211110060344  -662.6 -81.3 -190.7
20211110060345  -662.5 -81.0 -190.6
20211110060346  -662.8 -80.9 -190.7
20211110060347  -663.4 -80.9 -191.1
2021