20211115234033  -757.6 -63.4 -182.1
20211115234034  -757.3 -63.5 -182.0
20211115234035  -756.7 -63.5 -181.5
20211115234036  -756.5 -63.1 -181.2
20211115234037  -756.8 -63.2 -181.6
20211115234038  -756.9 -63.3 -181.5
20211115234039  -756.4 -63.2 -181.7
20211115234040  -756.4 -63.1 -181.5
20211115234041  -756.6 -63.0 -181.3
20211115234042  -756.0 -63.1 -181.4
20211115234043  -756.0 -63.1 -181.4
20211115234044  -756.0 -63.3 -181.4
20211115234045  -755.5 -63.4 -181.5
20211115234046  -755.5 -63.2 -181.5
20211115234047  -755.4 -63.1 -181.3
20211115234048  -755.0 -63.1 -181.5
20211115234049  -754.9 -63.0 -181.3
20211115234050  -754.9 -63.0 -181.1
20211115234051  -754.9 -63.0 -181.3
20211115234052  -755.0 -63.1 -181.4
20211115234053  -755.3 -62.8 -181.8
20211115234054  -754.6 -62.8 -181.8
20211115234055  -754.6 -62.8 -181.7
20211115234056  -755.1 -63.2 -181.7
20211115234057  -755.0 -63.2 -181.4
20211115234058  -755.0 -63.2 -181.6
20211115234059  -755.0 -63.2 -181.6
20211115234100  -755.0 -63.1 -181.5
20211115234101  -755.1 -63.1 -181.6
20211115234102  -754.9 -63.3 -181.5
20211115234103  -755.1 -63.4 -182.0
20211115234104  -755.2 -63.1 -181.9
20211115234105  -754.4 -63.3 -181.3
20211115234106  -754.3 -62.8 -181.0
20211115234107  -754.8 -62.8 -181.3
20211115234108  -755.2 -62.7 -181.4
20211115234109  -755.4 -62.5 -181.8
20211115234110  -755.7 -62.5 -181.8
20211115234111  -755.4 -62.5 -181.5
20211115234112  -755.8 -62.6 -182.0
20211115234113  -755.9 -62.3 -181.6
20211115234114  -755.8 -62.7 -181.9
20211115234115  -755.7 -62.6 -181.7
20211115234116  -756.3 -62.9 -181.9
20211115234117  -756.2 -62.6 -181.8
20211115234118  -756.4 -62.6 -182.1
20211115234119  -756.6 -62.7 -182.2
20211115234120  -757.0 -62.7 -182.1
20211115234121  -757.3 -62.6 -182.1
20211115234122  -757.5 -62.8 -181.9
20211115234123  -757.7 -63.0 -182.1
20211115234124  -758.1 -62.7 -182.0
20211115234125  -758.3 -62.7 -182.1
20211115234126  -758.4 -62.8 -181.8
20211115234127  -759.0 -62.7 -181.9
20211115234128  -759.2 -62.7 -182.0
20211115234129  -759.3 -62.7 -181.9
20211115234130  -759.5 -62.5 -181.6
20211115234131  -759.9 -62.5 -181.6
20211115234132  -760.1 -62.5 -181.8
20211115234133  -760.2 -62.4 -181.6
20211115234134  -760.6 -62.7 -181.4
20211115234135  -760.0 -62.6 -181.1
20211115234136  -760.1 -62.5 -180.8
20211115234137  -760.1 -61.8 -180.2
20211115234138  -761.2 -62.0 -180.9
20211115234139  -761.5 -62.3 -181.3
20211115234140  -762.0 -62.1 -180.9
20211115234141  -762.3 -62.6 -181.4
20211115234142  -762.8 -62.4 -181.0
20211115234143  -762.7 -62.4 -181.1
20211115234144  -763.3 -62.3 -181.3
20211115234145  -763.5 -62.2 -181.0
20211115234146  -763.7 -62.4 -180.8
20211115234147  -764.1 -62.3 -181.0
20211115234148  -764.2 -62.6 -180.9
20211115234149  -764.4 -62.4 -181.0
20211115234150  -764.5 -62.5 -180.8
20211115234151  -764.9 -62.7 -180.9
20211115234152  -765.2 -62.1 -181.1
20211115234153  -765.6 -62.3 -181.1
20211115234154  -765.9 -62.4 -180.9
20211115234155  -765.9 -62.5 -180.9
20211115234156  -766.2 -62.4 -180.9
20211115234157  -766.3 -62.4 -180.7
20211115234158  -766.7 -62.1 -180.7
20211115234159  -766.8 -62.1 -180.4
20211115234200  -767.3 -62.3 -180.4
20211115234201  -767.5 -62.1 -180.3
20211115234202  -767.9 -62.2 -180.3
20211115234203  -768.1 -62.3 -180.2
20211115234204  -768.2 -62.1 -180.0
20211115234205  -768.1 -62.2 -180.2
20211115234206  -768.0 -62.5 -179.7
20211115234207  -767.8 -62.4 -179.4
20211115234208  -768.5 -62.2 -179.5
20211115234209  -768.7 -62.3 -179.7
20211115234210  -769.1 -62.2 -179.8
20211115234211  -769.4 -62.2 -179.6
20211115234212  -769.9 -62.2 -179.6
20211115234213  -770.0 -61.9 -179.8
20211115234214  -770.2 -62.2 -179.7
20211115234215  -770.5 -62.1 -179.5
20211115234216  -770.6 -62.4 -179.5
20211115234217  -770.8 -62.4 -179.3
20211115234218  -771.0 -62.2 -179.4
20211115234219  -770.9 -62.2 -179.0
20211115234220  -770.9 -62.4 -178.8
20211115234221  -770.9 -62.5 -179.1
20211115234222  -771.1 -62.5 -178.8
20211115234223  -771.0 -62.6 -178.5
20211115234224  -771.1 -62.5 -178.6
20211115234225  -771.1 -62.6 -178.2
20211115234226  -771.0 -62.5 -178.2
20211115234227  -770.6 -62.4 -178.2
20211115234228  -770.6 -62.6 -178.4
20211115234229  -770.4 -62.7 -178.3
20211115234230  -769.9 -63.0 -178.5
20211115234231  -769.7 -63.2 -178.4
20211115234232  -769.5 -63.3 -178.1
20211115234233  -769.5 -63.1 -178.1
20211115234234  -769.4 -63.4 -178.3
20211115234235  -769.2 -63.5 -178.0
20211115234236  -767.9 -63.3 -177.6
20211115234237  -767.5 -63.5 -177.0
20211115234238  -767.1 -63.3 -177.1
20211115234239  -767.2 -63.6 -177.3
20211115234240  -767.0 -64.0 -177.4
20211115234241  -766.5 -64.1 -177.1
20211115234242  -766.2 -64.1 -177.3
20211115234243  -766.1 -64.2 -177.4
20211115234244  -765.9 -64.4 -177.3
20211115234245  -765.7 -64.4 -177.7
20211115234246  -765.3 -64.2 -177.5
20211115234247  -765.2 -64.2 -177.8
20211115234248  -765.1 -64.4 -177.9
20211115234249  -764.9 -64.3 -177.9
20211115234250  -764.9 -64.6 -178.3
20211115234251  -764.7 -64.6 -178.2
20211115234252  -764.6 -64.9 -178.1
20211115234253  -764.7 -64.8 -178.0
20211115234254  -765.0 -65.0 -178.3
20211115234255  -764.8 -64.8 -178.3
20211115234256  -764.6 -64.7 -178.2
20211115234257  -764.5 -64.5 -178.2
20211115234258  -764.6 -64.4 -178.3
20211115234259  -764.4 -64.8 -178.2
20211115234300  -764.6 -64.9 -178.0
20211115234301  -764.5 -64.7 -178.0
20211115234302  -764.1 -64.6 -178.1
20211115234303  -764.2 -64.6 -178.1
20211115234304  -764.1 -64.7 -178.4
20211115234305  -763.8 -64.6 -178.2
20211115234306  -763.4 -64.8 -178.1
20211115234307  -763.1 -64.7 -177.6
20211115234308  -763.0 -64.4 -177.8
20211115234309  -763.9 -64.9 -178.0
20211115234310  -763.9 -64.6 -177.9
20211115234311  -763.9 -64.7 -178.3
20211115234312  -763.9 -64.8 -178.2
20211115234313  -763.8 -64.6 -178.0
20211115234314  -763.7 -64.6 -178.2
20211115234315  -763.4 -64.6 -177.9
20211115234316  -763.5 -64.6 -178.0
20211115234317  -763.7 -64.8 -178.1
20211115234318  -763.8 -64.8 -178.1
20211115234319  -764.2 -64.6 -178.0
20211115234320  -763.7 -64.6 -178.0
20211115234321  -764.2 -64.4 -177.9
20211115234322  -764.3 -64.4 -178.1
20211115234323  -764.4 -64.4 -177.8
20211115234324  -764.7 -64.3 -178.1
20211115234325  -764.7 -64.2 -178.1
20211115234326  -765.0 -64.2 -178.3
20211115234327  -764.8 -64.1 -178.0
20211115234328  -765.0 -64.0 -177.9
20211115234329  -765.4 -64.1 -178.3
20211115234330  -765.2 -64.1 -178.0
20211115234331  -765.4 -63.9 -178.0
20211115234332  -765.5 -64.0 -178.2
20211115234333  -765.9 -63.9 -178.2
20211115234334  -766.0 -64.0 -177.8
20211115234335  -766.1 -63.9 -177.9
20211115234336  -765.8 -63.8 -178.0
20211115234337  -765.5 -63.6 -177.2
20211115234338  -766.0 -63.5 -177.3
20211115234339  -766.6 -63.6 -177.6
20211115234340  -766.5 -63.4 -177.5
20211115234341  -766.8 -63.3 -177.4
20211115234342  -766.8 -63.4 -177.4
20211115234343  -767.2 -63.3 -177.2
20211115234344  -767.1 -63.0 -177.1
20211115234345  -767.3 -63.1 -177.2
20211115234346  -767.2 -63.1 -177.5
20211115234347  -767.2 -62.8 -177.2
20211115234348  -767.8 -63.1 -177.3
20211115234349  -767.9 -63.3 -177.3
20211115234350  -768.2 -62.9 -177.6
20211115234351  -768.4 -63.2 -177.3
20211115234352  -768.4 -62.9 -177.4
20211115234353  -768.6 -62.8 -177.4
20211115234354  -769.0 -62.8 -177.2
20211115234355  -769.3 -62.7 -177.3
20211115234356  -769.7 -62.6 -177.3
20211115234357  -769.9 -62.8 -177.3
20211115234358  -770.1 -62.9 -177.4
20211115234359  -770.4 -62.9 -177.2
20211115234400  -770.5 -63.1 -177.3
20211115234401  -770.5 -62.6 -177.3
20211115234402  -770.9 -62.6 -177.6
20211115234403  -770.8 -62.7 -177.5
20211115234404  -771.3 -62.7 -177.4
20211115234405  -771.4 -62.7 -177.5
20211115234406  -771.5 -63.1 -177.4
20211115234407  -771.3 -63.2 -176.9
20211115234408  -771.4 -63.0 -176.8
20211115234409  -772.3 -63.5 -177.1
20211115234410  -772.4 -63.2 -177.4
20211115234411  -772.2 -63.3 -177.4
20211115234412  -772.4 -63.4 -177.2
20211115234413  -772.4 -63.5 -176.9
20211115234414  -772.6 -63.6 -177.1
20211115234415  -772.5 -63.5 -177.5
20211115234416  -772.6 -63.4 -177.6
20211115234417  -773.0 -63.6 -177.2
20211115234418  -773.1 -63.6 -177.2
20211115234419  -772.9 -63.5 -177.3
20211115234420  -772.9 -63.4 -176.9
20211115234421  -773.2 -63.3 -177.0
20211115234422  -773.2 -63.6 -176.8
20211115234423  -773.4 -63.7 -177.3
20211115234424  -773.2 -63.4 -177.2
20211115234425  -773.1 -63.7 -177.1
20211115234426  -773.1 -63.7 -177.1
20211115234427  -773.1 -63.8 -177.1
20211115234428  -772.8 -63.7 -176.8
20211115234429  -772.9 -63.7 -177.2
20211115234430  -772.8 -63.8 -176.7
20211115234431  -772.8 -63.9 -176.7
20211115234432  -772.5 -64.1 -176.9
20211115234433  -772.6 -64.3 -177.1
20211115234434  -772.4 -64.3 -177.0
20211115234435  -772.7 -64.3 -177.2
20211115234436  -772.7 -64.2 -177.5
20211115234437  -772.7 -64.5 -177.1
20211115234438  -772.5 -64.2 -176.5
20211115234439  -773.3 -64.1 -177.1
20211115234440  -773.0 -63.9 -177.1
20211115234441  -772.9 -64.1 -177.3
20211115234442  -772.7 -64.1 -177.1
20211115234443  -772.4 -64.1 -177.0
20211115234444  -772.3 -64.2 -177.0
20211115234445  -772.4 -64.3 -176.9
20211115234446  -772.4 -64.2 -176.8
20211115234447  -773.0 -64.2 -177.1
20211115234448  -772.9 -64.4 -177.0
20211115234449  -772.7 -64.2 -177.1
20211115234450  -772.5 -64.2 -177.3
20211115234451  -772.8 -64.2 -177.4
20211115234452  -773.1 -64.1 -177.6
20211115234453  -773.2 -64.1 -177.7
20211115234454  -773.3 -64.1 -177.7
20211115234455  -773.2 -63.9 -177.6
20211115234456  -773.4 -64.0 -177.5
20211115234457  -773.6 -64.1 -177.2
20211115234458  -773.8 -64.0 -177.2
20211115234459  -773.8 -64.1 -177.2
20211115234500  -774.0 -64.0 -177.3
20211115234501  -774.2 -64.0 -177.2
20211115234502  -774.1 -64.4 -177.2
20211115234503  -774.2 -64.1 -177.5
20211115234504  -774.2 -64.1 -177.3
20211115234505  -774.5 -64.3 -177.3
20211115234506  -774.9 -64.2 -177.5
20211115234507  -775.0 -64.2 -177.5
20211115234508  -774.4 -63.8 -177.1
20211115234509  -775.1 -63.6 -177.6
20211115234510  -775.7 -63.5 -177.4
20211115234511  -775.8 -64.1 -177.7
20211115234512  -776.3 -64.2 -177.9
20211115234513  -776.4 -63.9 -177.5
20211115234514  -776.6 -64.0 -177.8
20211115234515  -777.1 -63.9 -177.7
20211115234516  -777.8 -63.9 -177.5
20211115234517  -777.8 -63.7 -177.4
20211115234518  -778.1 -63.9 -177.0
20211115234519  -778.5 -63.9 -177.3
20211115234520  -778.7 -64.0 -177.3
20211115234521  -779.5 -63.7 -177.2
20211115234522  -779.5 -63.8 -177.4
20211115234523  -779.7 -63.6 -177.2
20211115234524  -780.0 -63.4 -177.0
20211115234525  -780.1 -63.7 -177.3
20211115234526  -780.1 -63.7 -176.8
20211115234527  -780.5 -63.4 -176.7
20211115234528  -780.8 -63.6 -176.5
20211115234529  -780.9 -63.7 -176.7
20211115234530  -781.1 -63.4 -176.5
20211115234531  -781.3 -63.5 -176.6
20211115234532  -781.7 -63.7 -176.4
20211115234533  -781.8 -63.7 -176.6
20211115234534  -781.7 -63.6 -176.5
20211115234535  -781.7 -63.7 -176.5
20211115234536  -781.6 -63.6 -176.2
20211115234537  -781.8 -63.5 -176.2
20211115234538  -781.6 -63.7 -175.9
20211115234539  -782.0 -63.5 -175.8
20211115234540  -782.3 -63.8 -175.9
20211115234541  -782.1 -63.7 -176.2
20211115234542  -782.0 -63.5 -176.2
20211115234543  -782.2 -63.4 -176.0
20211115234544  -782.3 -63.6 -176.2
20211115234545  -782.2 -63.8 -176.1
20211115234546  -782.3 -63.7 -175.9
20211115234547  -782.4 -63.8 -176.0
20211115234548  -782.5 -63.6 -176.1
20211115234549  -782.6 -63.9 -176.2
20211115234550  -782.4 -64.0 -176.2
20211115234551  -782.3 -63.7 -176.1
20211115234552  -782.2 -63.9 -176.0
20211115234553  -782.6 -63.9 -175.9
20211115234554  -782.5 -63.9 -175.7
20211115234555  -782.5 -63.9 -175.9
20211115234556  -782.4 -63.8 -175.4
20211115234557  -782.2 -64.1 -175.5
20211115234558  -782.2 -64.1 -175.7
20211115234559  -782.3 -64.1 -175.5
20211115234600  -782.2 -64.3 -175.6
20211115234601  -782.2 -64.1 -175.9
20211115234602  -782.1 -64.2 -175.5
20211115234603  -782.2 -64.1 -175.7
20211115234604  -782.0 -64.3 -175.5
20211115234605  -781.9 -64.4 -175.4
20211115234606  -781.9 -64.6 -175.8
20211115234607  -782.0 -64.7 -175.6
20211115234608  -781.3 -64.7 -175.4
20211115234609  -780.9 -64.3 -174.9
20211115234610  -781.7 -64.7 -175.7
20211115234611  -781.8 -65.0 -175.5
20211115234612  -781.6 -65.2 -175.6
20211115234613  -781.5 -65.1 -175.5
20211115234614  -781.6 -64.9 -175.6
20211115234615  -781.7 -64.8 -175.5
20211115234616  -781.7 -64.9 -175.6
20211115234617  -782.1 -64.9 -175.7
20211115234618  -782.0 -65.1 -175.9
20211115234619  -782.3 -65.2 -175.5
20211115234620  -782.0 -65.3 -175.7
20211115234621  -782.5 -65.1 -175.7
20211115234622  -782.7 -65.2 -175.4
20211115234623  -782.7 -65.1 -175.5
20211115234624  -782.7 -65.3 -175.5
20211115234625  -782.7 -65.3 -175.5
20211115234626  -782.7 -65.4 -175.3
20211115234627  -783.0 -65.3 -175.4
20211115234628  -783.1 -64.9 -175.1
20211115234629  -783.0 -65.1 -175.2
20211115234630  -783.2 -65.3 -175.3
20211115234631  -783.3 -65.5 -175.3
20211115234632  -783.1 -65.7 -175.3
20211115234633  -783.2 -65.3 -175.6
20211115234634  -783.1 -65.5 -175.4
20211115234635  -783.0 -65.5 -175.6
20211115234636  -783.2 -65.7 -175.6
20211115234637  -783.1 -65.7 -175.4
20211115234638  -783.2 -66.1 -175.5
20211115234639  -782.6 -65.5 -174.7
20211115234640  -782.8 -65.2 -175.0
20211115234641  -783.3 -65.6 -175.6
20211115234642  -783.5 -65.8 -175.4
20211115234643  -783.6 -65.4 -175.7
20211115234644  -783.8 -65.6 -176.1
20211115234645  -783.9 -65.5 -175.8
20211115234646  -784.2 -65.6 -175.6
20211115234647  -784.2 -65.3 -175.6
20211115234648  -784.2 -65.3 -175.5
20211115234649  -784.4 -65.2 -175.6
20211115234650  -784.5 -65.3 -176.0
20211115234651  -784.7 -65.3 -175.5
20211115234652  -784.9 -65.2 -175.4
20211115234653  -784.9 -65.0 -175.8
20211115234654  -784.9 -64.9 -175.4
20211115234655  -784.9 -65.0 -175.6
20211115234656  -785.0 -65.2 -175.7
20211115234657  -785.0 -65.1 -175.7
20211115234658  -785.2 -65.0 -175.7
20211115234659  -785.0 -65.3 -175.9
20211115234700  -785.2 -65.1 -176.0
20211115234701  -785.8 -65.2 -175.8
20211115234702  -785.7 -65.4 -175.8
20211115234703  -785.6 -65.3 -175.8
20211115234704  -786.0 -65.3 -175.9
20211115234705  -786.1 -65.3 -175.6
20211115234706  -786.0 -65.2 -175.8
20211115234707  -786.4 -65.2 -175.6
20211115234708  -786.5 -65.2 -175.7
20211115234709  -786.0 -65.2 -175.0
20211115234710  -785.9 -65.0 -175.3
20211115234711  -787.0 -65.1 -175.8
20211115234712  -787.4 -65.2 -175.4
20211115234713  -787.6 -65.2 -175.5
20211115234714  -787.6 -65.4 -175.8
20211115234715  -788.2 -65.4 -175.5
20211115234716  -788.4 -65.0 -175.6
20211115234717  -788.6 -65.0 -175.2
20211115234718  -788.7 -65.3 -175.2
20211115234719  -789.2 -65.3 -175.6
20211115234720  -789.6 -65.0 -175.6
20211115234721  -789.8 -65.2 -175.7
20211115234722  -790.1 -65.2 -175.6
20211115234723  -790.0 -65.1 -175.6
20211115234724  -790.4 -65.0 -175.8
20211115234725  -790.9 -65.1 -175.6
20211115234726  -791.3 -65.2 -175.5
20211115234727  -791.5 -65.2 -175.6
20211115234728  -791.7 -65.1 -175.7
20211115234729  -791.8 -65.1 -175.5
20211115234730  -792.2 -65.1 -175.3
20211115234731  -792.4 -64.9 -175.4
20211115234732  -792.8 -65.0 -175.3
20211115234733  -793.3 -64.8 -175.3
20211115234734  -793.7 -64.8 -175.3
20211115234735  -794.0 -64.8 -175.2
20211115234736  -794.6 -64.8 -175.3
20211115234737  -795.0 -65.1 -175.3
20211115234738  -795.5 -64.9 -175.1
20211115234739  -795.4 -65.0 -174.9
20211115234740  -795.3 -64.9 -174.4
20211115234741  -796.0 -64.8 -174.6
20211115234742  -797.1 -64.7 -175.0
20211115234743  -797.5 -64.7 -175.0
20211115234744  -797.8 -65.0 -174.9
20211115234745  -798.3 -65.2 -174.9
20211115234746  -798.5 -65.3 -174.6
20211115234747  -799.2 -65.5 -174.6
20211115234748  -799.5 -65.5 -174.5
20211115234749  -799.7 -65.4 -174.4
20211115234750  -800.0 -65.5 -174.4
20211115234751  -800.5 -65.5 -174.1
20211115234752  -800.8 -65.2 -174.2
20211115234753  -801.2 -65.3 -174.1
20211115234754  -801.4 -65.4 -173.6
20211115234755  -801.8 -65.5 -173.6
20211115234756  -802.2 -65.3 -173.8
20211115234757  -802.4 -65.0 -173.6
20211115234758  -802.5 -65.1 -173.6
20211115234759  -802.7 -65.4 -173.4
20211115234800  -802.9 -65.3 -173.3
20211115234801  -803.4 -65.2 -173.3
20211115234802  -803.8 -65.2 -173.4
20211115234803  -804.0 -65.4 -173.3
20211115234804  -804.2 -65.4 -173.3
20211115234805  -804.5 -65.7 -173.1
20211115234806  -805.1 -65.7 -173.0
20211115234807  -805.3 -65.7 -173.0
20211115234808  -805.2 -65.7 -173.0
20211115234809  -805.7 -65.8 -172.6
20211115234810  -805.5 -65.7 -171.8
20211115234811  -805.5 -65.4 -171.6
20211115234812  -807.0 -65.7 -172.2
20211115234813  -807.2 -65.6 -171.9
20211115234814  -807.9 -65.8 -171.9
20211115234815  -807.7 -66.0 -172.4
20211115234816  -808.1 -66.0 -172.2
20211115234817  -808.4 -66.2 -172.3
