20211114233132  -666.5 -74.1 -200.7
20211114233133  -666.7 -74.0 -200.6
20211114233134  -667.0 -73.9 -201.1
20211114233135  -667.4 -74.2 -201.4
20211114233136  -667.3 -74.5 -201.5
20211114233137  -667.3 -74.5 -201.4
20211114233138  -667.5 -74.6 -201.4
20211114233139  -667.2 -74.6 -201.3
20211114233140  -667.2 -74.4 -201.4
20211114233141  -667.2 -74.5 -201.6
20211114233142  -667.4 -74.6 -201.7
20211114233143  -667.4 -75.1 -201.6
20211114233144  -667.3 -74.8 -201.6
20211114233145  -667.4 -75.0 -201.8
20211114233146  -667.1 -74.7 -201.7
20211114233147  -667.1 -74.6 -201.8
20211114233148  -667.0 -74.5 -201.9
20211114233149  -667.0 -74.5 -201.7
20211114233150  -667.1 -74.5 -201.9
20211114233151  -667.4 -74.4 -202.0
20211114233152  -667.4 -74.6 -202.0
20211114233153  -667.4 -74.6 -202.1
20211114233154  -667.0 -74.6 -202.1
20211114233155  -667.2 -74.7 -202.1
20211114233156  -667.2 -74.8 -201.8
20211114233157  -667.1 -74.6 -201.7
20211114233158  -667.2 -74.7 -201.6
20211114233159  -666.9 -74.7 -201.8
20211114233200  -667.0 -74.8 -201.8
20211114233201  -666.7 -75.3 -201.3
20211114233202  -666.4 -75.0 -200.7
20211114233203  -666.6 -75.0 -201.1
20211114233204  -667.2 -75.1 -201.5
20211114233205  -667.1 -75.0 -201.8
20211114233206  -667.1 -75.0 -202.0
20211114233207  -667.5 -75.2 -202.0
20211114233208  -667.3 -74.9 -202.1
20211114233209  -667.3 -74.9 -202.2
20211114233210  -667.2 -75.0 -202.1
20211114233211  -667.3 -75.1 -202.3
20211114233212  -667.3 -74.9 -202.3
20211114233213  -667.1 -75.1 -202.5
20211114233214  -667.1 -75.1 -202.4
20211114233215  -667.2 -75.1 -202.0
20211114233216  -667.2 -75.3 -202.3
20211114233217  -667.5 -75.6 -202.4
20211114233218  -667.8 -75.4 -202.3
20211114233219  -667.8 -75.4 -202.4
20211114233220  -667.7 -75.2 -202.3
20211114233221  -667.6 -75.3 -202.7
20211114233222  -667.4 -75.5 -202.5
20211114233223  -667.8 -75.6 -202.7
20211114233224  -667.6 -75.5 -202.3
20211114233225  -667.4 -75.4 -202.3
20211114233226  -667.4 -75.7 -202.5
20211114233227  -667.7 -75.8 -202.5
20211114233228  -667.5 -75.4 -202.6
20211114233229  -667.5 -75.5 -202.6
20211114233230  -667.6 -75.5 -202.2
20211114233231  -667.0 -75.7 -202.1
20211114233232  -666.5 -75.5 -201.7
20211114233233  -666.8 -75.3 -201.8
20211114233234  -667.6 -75.8 -202.3
20211114233235  -667.4 -75.5 -202.1
20211114233236  -667.4 -75.5 -202.2
20211114233237  -667.5 -75.7 -202.3
20211114233238  -667.7 -76.0 -202.4
20211114233239  -667.7 -76.0 -202.4
20211114233240  -667.4 -76.1 -202.4
20211114233241  -667.7 -75.8 -202.4
20211114233242  -667.5 -75.6 -202.4
20211114233243  -667.8 -75.9 -202.4
20211114233244  -667.9 -75.9 -202.7
20211114233245  -667.8 -75.6 -202.4
20211114233246  -667.7 -75.6 -202.4
20211114233247  -667.7 -75.8 -202.5
20211114233248  -667.8 -76.1 -202.3
20211114233249  -667.6 -75.9 -202.4
20211114233250  -667.9 -76.0 -202.6
20211114233251  -667.7 -75.9 -202.7
20211114233252  -668.1 -75.7 -202.6
20211114233253  -667.9 -76.0 -202.6
20211114233254  -668.0 -75.8 -202.4
20211114233255  -667.9 -75.8 -202.3
20211114233256  -667.9 -76.0 -202.3
20211114233257  -668.1 -76.1 -202.4
20211114233258  -667.9 -76.3 -202.2
20211114233259  -667.9 -76.3 -202.1
20211114233300  -668.1 -76.1 -202.6
20211114233301  -667.3 -76.4 -202.2
20211114233302  -667.0 -76.3 -202.0
20211114233303  -666.8 -75.8 -202.0
20211114233304  -667.6 -75.9 -202.4
20211114233305  -667.6 -76.1 -202.8
20211114233306  -667.7 -76.1 -202.5
20211114233307  -667.7 -75.9 -202.4
20211114233308  -667.7 -76.0 -202.6
20211114233309  -667.5 -75.9 -202.7
20211114233310  -667.6 -76.1 -202.6
20211114233311  -667.6 -76.0 -202.5
20211114233312  -667.7 -76.2 -202.8
20211114233313  -667.9 -76.1 -202.9
20211114233314  -667.7 -76.0 -202.8
20211114233315  -667.8 -76.1 -202.8
20211114233316  -668.1 -76.2 -203.0
20211114233317  -667.7 -76.4 -203.2
20211114233318  -667.9 -76.3 -203.0
20211114233319  -668.0 -76.5 -203.3
20211114233320  -667.9 -76.6 -203.1
20211114233321  -668.2 -76.5 -203.3
20211114233322  -668.2 -76.6 -203.5
20211114233323  -668.3 -76.5 -203.5
20211114233324  -668.3 -76.6 -203.5
20211114233325  -668.3 -76.6 -203.5
20211114233326  -668.3 -76.6 -203.5
20211114233327  -668.7 -76.6 -203.8
20211114233328  -668.5 -76.9 -203.8
20211114233329  -668.7 -77.0 -203.6
20211114233330  -668.8 -77.0 -203.9
20211114233331  -668.2 -77.0 -203.7
20211114233332  -668.0 -76.9 -203.5
20211114233333  -668.2 -77.0 -203.1
20211114233334  -668.2 -76.6 -203.5
20211114233335  -668.9 -77.1 -203.8
20211114233336  -669.1 -77.1 -203.9
20211114233337  -669.1 -76.8 -204.1
20211114233338  -669.3 -77.1 -203.6
20211114233339  -669.2 -77.1 -204.0
20211114233340  -669.1 -77.3 -204.1
20211114233341  -669.1 -77.3 -203.8
20211114233342  -669.2 -77.1 -204.1
20211114233343  -669.4 -77.4 -204.2
20211114233344  -669.3 -77.2 -204.2
20211114233345  -669.2 -77.2 -203.9
20211114233346  -669.5 -77.4 -204.0
20211114233347  -669.2 -77.5 -204.5
20211114233348  -669.5 -77.4 -204.6
20211114233349  -669.6 -77.7 -204.5
20211114233350  -669.5 -77.7 -204.4
20211114233351  -669.5 -77.7 -204.6
20211114233352  -669.3 -77.9 -204.1
20211114233353  -669.4 -78.0 -204.3
20211114233354  -669.4 -77.6 -204.5
20211114233355  -669.3 -77.8 -204.2
20211114233356  -669.6 -77.9 -204.2
20211114233357  -669.8 -78.2 -204.5
20211114233358  -669.7 -78.1 -204.7
20211114233359  -669.7 -78.1 -204.5
20211114233400  -669.6 -78.1 -204.4
20211114233401  -669.2 -78.3 -204.3
20211114233402  -668.7 -78.2 -204.0
20211114233403  -668.6 -78.3 -203.8
20211114233404  -668.8 -78.2 -203.6
20211114233405  -669.3 -78.2 -204.1
20211114233406  -669.4 -78.3 -204.2
20211114233407  -669.3 -78.3 -204.3
20211114233408  -669.6 -78.4 -204.1
20211114233409  -669.3 -78.5 -204.3
20211114233410  -669.4 -78.4 -204.3
20211114233411  -669.6 -78.5 -204.1
20211114233412  -669.5 -78.3 -204.3
20211114233413  -669.6 -78.6 -204.0
20211114233414  -669.7 -78.6 -204.1
20211114233415  -669.7 -78.5 -204.2
20211114233416  -669.6 -78.7 -204.2
20211114233417  -669.8 -78.5 -204.4
20211114233418  -669.8 -78.5 -204.5
20211114233419  -670.1 -78.6 -204.3
20211114233420  -669.8 -78.4 -204.3
20211114233421  -669.8 -78.8 -204.3
20211114233422  -669.8 -78.7 -204.4
20211114233423  -669.6 -78.6 -204.9
20211114233424  -670.0 -78.7 -204.8
20211114233425  -669.8 -79.0 -204.4
20211114233426  -669.9 -78.5 -204.7
20211114233427  -670.0 -78.6 -204.7
20211114233428  -670.0 -78.5 -204.7
20211114233429  -669.7 -78.6 -204.8
20211114233430  -669.9 -78.9 -204.9
20211114233431  -669.5 -78.9 -204.7
20211114233432  -669.3 -78.4 -204.2
20211114233433  -668.8 -78.2 -204.0
20211114233434  -668.4 -78.7 -203.7
20211114233435  -669.3 -78.6 -204.4
20211114233436  -669.3 -78.5 -204.5
20211114233437  -669.6 -78.6 -204.5
20211114233438  -669.9 -78.5 -204.5
20211114233439  -669.7 -78.4 -204.7
20211114233440  -669.8 -78.4 -204.7
20211114233441  -669.8 -78.6 -204.6
20211114233442  -669.7 -78.6 -204.3
20211114233443  -669.7 -78.9 -204.7
20211114233444  -669.7 -78.8 -204.7
20211114233445  -669.6 -78.7 -204.6
20211114233446  -669.7 -78.6 -204.8
20211114233447  -669.8 -78.3 -205.0
20211114233448  -669.5 -78.1 -204.8
20211114233449  -669.6 -78.4 -205.1
20211114233450  -669.4 -78.5 -205.0
20211114233451  -669.5 -78.5 -205.0
20211114233452  -669.7 -78.6 -205.1
20211114233453  -669.9 -78.6 -205.0
20211114233454  -669.5 -78.5 -205.2
20211114233455  -669.5 -78.3 -205.2
20211114233456  -669.9 -78.2 -205.0
20211114233457  -670.1 -78.3 -205.0
20211114233458  -669.7 -78.4 -205.2
20211114233459  -669.8 -78.5 -205.4
20211114233500  -669.6 -78.6 -205.3
20211114233501  -669.4 -78.4 -205.4
20211114233502  -668.9 -78.4 -204.6
20211114233503  -669.0 -78.3 -204.7
20211114233504  -668.7 -78.1 -204.2
20211114233505  -669.0 -77.9 -204.8
20211114233506  -669.3 -78.1 -204.8
20211114233507  -669.2 -77.9 -204.8
20211114233508  -669.1 -78.3 -205.0
20211114233509  -669.2 -78.2 -205.1
20211114233510  -669.1 -78.3 -204.9
20211114233511  -669.0 -78.2 -205.0
20211114233512  -668.8 -78.4 -205.2
20211114233513  -668.9 -78.3 -204.7
20211114233514  -668.6 -78.5 -205.0
20211114233515  -668.5 -78.3 -205.1
20211114233516  -668.4 -78.6 -204.9
20211114233517  -668.8 -79.0 -204.8
20211114233518  -669.0 -78.8 -205.0
20211114233519  -668.8 -78.9 -205.1
20211114233520  -669.0 -78.9 -205.2
20211114233521  -669.1 -79.0 -205.2
20211114233522  -669.2 -79.0 -205.2
20211114233523  -669.1 -79.0 -205.0
20211114233524  -668.8 -79.1 -205.3
20211114233525  -668.7 -79.0 -205.2
20211114233526  -668.9 -79.1 -205.1
20211114233527  -668.6 -79.1 -205.4
20211114233528  -668.8 -79.1 -205.0
20211114233529  -668.8 -79.1 -205.2
20211114233530  -668.9 -79.4 -205.4
20211114233531  -668.7 -79.4 -205.1
20211114233532  -667.9 -79.3 -204.7
20211114233533  -668.0 -79.5 -204.7
20211114233534  -667.8 -79.4 -204.5
20211114233535  -668.9 -79.8 -205.1
20211114233536  -668.6 -79.5 -205.3
20211114233537  -668.7 -79.6 -205.5
20211114233538  -668.8 -79.6 -205.1
20211114233539  -668.9 -79.6 -205.3
20211114233540  -668.9 -79.8 -205.2
20211114233541  -669.2 -79.8 -205.1
20211114233542  -669.0 -79.9 -205.4
20211114233543  -669.0 -79.9 -205.5
20211114233544  -669.0 -80.0 -205.2
20211114233545  -669.0 -80.1 -205.7
20211114233546  -669.0 -80.2 -205.5
20211114233547  -669.3 -80.2 -205.7
20211114233548  -669.1 -80.0 -205.4
20211114233549  -669.5 -80.0 -205.1
20211114233550  -669.3 -80.1 -205.4
20211114233551  -669.5 -80.2 -205.2
20211114233552  -669.6 -80.2 -205.3
20211114233553  -669.5 -80.2 -205.4
20211114233554  -669.8 -80.4 -205.4
20211114233555  -669.9 -80.1 -205.4
20211114233556  -669.9 -80.1 -205.3
20211114233557  -670.0 -80.0 -205.5
20211114233558  -669.9 -80.1 -205.8
20211114233559  -670.1 -80.1 -205.5
20211114233600  -670.2 -79.9 -205.2
20211114233601  -670.0 -79.7 -205.2
20211114233602  -669.0 -79.6 -204.8
20211114233603  -669.0 -79.4 -204.6
20211114233604  -669.2 -79.7 -204.8
20211114233605  -669.7 -80.0 -205.3
20211114233606  -669.4 -79.8 -205.2
20211114233607  -669.3 -79.7 -205.2
20211114233608  -669.5 -79.8 -205.2
20211114233609  -669.6 -79.9 -205.2
20211114233610  -669.9 -79.9 -205.2
20211114233611  -669.6 -79.9 -205.5
20211114233612  -670.0 -79.6 -205.5
20211114233613  -669.8 -79.6 -205.4
20211114233614  -670.2 -79.9 -205.5
20211114233615  -670.4 -79.8 -205.3
20211114233616  -669.9 -79.7 -205.5
20211114233617  -670.3 -79.8 -205.7
20211114233618  -670.4 -80.0 -205.6
20211114233619  -670.3 -80.2 -205.7
20211114233620  -670.2 -80.3 -205.8
20211114233621  -670.0 -80.2 -206.1
20211114233622  -670.1 -80.4 -205.9
20211114233623  -670.0 -80.3 -206.3
20211114233624  -670.3 -80.0 -206.0
20211114233625  -670.1 -80.1 -206.1
20211114233626  -670.1 -80.3 -205.9
20211114233627  -670.0 -80.1 -206.1
20211114233628  -670.2 -80.6 -206.2
20211114233629  -670.3 -80.6 -206.2
20211114233630  -670.2 -80.3 -206.2
20211114233631  -670.2 -80.5 -206.1
20211114233632  -669.9 -80.6 -205.7
20211114233633  -669.4 -80.5 -205.6
20211114233634  -669.5 -80.3 -205.6
20211114233635  -670.3 -80.5 -205.9
20211114233636  -670.1 -80.5 -206.0
20211114233637  -670.1 -80.6 -205.9
20211114233638  -670.4 -80.8 -205.9
20211114233639  -670.4 -81.1 -206.3
20211114233640  -670.3 -81.0 -206.6
20211114233641  -670.1 -81.1 -206.2
20211114233642  -670.1 -81.0 -206.3
20211114233643  -670.0 -81.3 -206.4
20211114233644  -670.1 -81.0 -206.3
20211114233645  -670.3 -81.2 -206.5
20211114233646  -670.2 -81.3 -206.5
20211114233647  -670.1 -81.4 -206.1
20211114233648  -670.4 -81.3 -206.4
20211114233649  -670.5 -81.3 -206.4
20211114233650  -670.6 -81.4 -206.2
20211114233651  -670.5 -81.5 -206.2
20211114233652  -670.6 -81.6 -205.9
20211114233653  -670.5 -81.8 -206.2
20211114233654  -670.4 -81.6 -206.5
20211114233655  -670.3 -81.5 -206.2
20211114233656  -670.3 -81.6 -206.3
20211114233657  -670.2 -81.7 -206.0
20211114233658  -670.4 -82.0 -206.2
20211114233659  -670.6 -82.0 -206.3
20211114233700  -670.5 -82.0 -206.1
20211114233701  -670.3 -81.9 -206.2
20211114233702  -669.8 -81.9 -205.8
20211114233703  -669.6 -81.8 -205.3
20211114233704  -670.1 -81.8 -205.9
20211114233705  -670.3 -81.7 -206.3
20211114233706  -670.3 -81.9 -206.2
20211114233707  -670.5 -81.8 -206.1
20211114233708  -670.5 -82.1 -206.1
20211114233709  -670.5 -82.3 -206.0
20211114233710  -670.5 -81.8 -206.2
20211114233711  -670.7 -81.7 -206.2
20211114233712  -670.9 -82.0 -206.1
20211114233713  -670.5 -81.9 -205.9
20211114233714  -670.8 -82.2 -206.2
20211114233715  -670.7 -82.0 -206.3
20211114233716  -670.9 -81.7 -206.4
20211114233717  -671.1 -82.1 -206.5
20211114233718  -670.9 -81.8 -206.3
20211114233719  -670.9 -81.7 -206.2
20211114233720  -671.0 -81.9 -206.2
20211114233721  -671.1 -82.0 -206.3
20211114233722  -671.3 -81.7 -206.2
20211114233723  -671.5 -81.9 -206.4
20211114233724  -671.6 -81.3 -206.2
20211114233725  -671.7 -81.6 -206.6
20211114233726  -671.5 -81.8 -206.5
20211114233727  -671.8 -82.0 -206.1
20211114233728  -671.7 -82.0 -206.1
20211114233729  -671.5 -81.8 -206.1
20211114233730  -672.0 -81.8 -206.2
20211114233731  -671.7 -82.1 -206.2
20211114233732  -671.4 -82.0 -206.0
20211114233733  -670.6 -81.6 -205.5
20211114233734  -671.7 -81.8 -206.3
20211114233735  -671.9 -81.9 -206.1
20211114233736  -672.0 -82.2 -206.3
20211114233737  -672.1 -81.8 -206.5
20211114233738  -672.0 -81.6 -206.6
20211114233739  -672.5 -81.6 -206.2
20211114233740  -672.4 -81.6 -206.5
20211114233741  -672.8 -81.8 -206.4
20211114233742  -672.8 -81.9 -206.7
20211114233743  -672.7 -82.0 -206.5
20211114233744  -673.0 -82.1 -206.6
20211114233745  -673.0 -81.9 -206.6
20211114233746  -673.1 -81.8 -207.0
20211114233747  -673.3 -82.2 -206.8
20211114233748  -673.2 -82.1 -207.0
20211114233749  -673.2 -82.1 -207.3
20211114233750  -673.3 -82.0 -207.1
20211114233751  -673.3 -82.3 -207.1
20211114233752  -673.3 -82.1 -207.3
20211114233753  -673.4 -82.4 -206.9
20211114233754  -673.4 -82.3 -207.2
20211114233755  -673.1 -82.2 -207.0
20211114233756  -673.1 -82.4 -207.1
20211114233757  -673.4 -82.5 -207.1
20211114233758  -673.6 -82.4 -207.2
20211114233759  -673.6 -82.5 -207.0
20211114233800  -673.8 -82.5 -207.0
20211114233801  -673.8 -82.5 -207.1
20211114233802  -673.8 -82.8 -207.3
20211114233803  -673.2 -82.5 -206.8
20211114233804  -673.6 -82.9 -207.3
20211114233805  -673.5 -83.1 -207.4
20211114233806  -673.4 -82.9 -207.4
20211114233807  -673.7 -82.9 -207.4
20211114233808  -673.8 -83.1 -207.5
20211114233809  -673.8 -82.8 -207.5
20211114233810  -673.7 -83.1 -207.5
20211114233811  -673.6 -83.0 -207.5
20211114233812  -673.8 -83.1 -207.8
20211114233813  -673.9 -83.3 -207.8
20211114233814  -673.8 -83.2 -207.8
20211114233815  -673.7 -83.1 -207.7
20211114233816  -673.7 -83.2 -207.4
20211114233817  -673.6 -83.3 -207.4
