20211101233050  -668.8 -90.8 -202.8
20211101233051  -668.6 -90.6 -202.5
20211101233052  -668.5 -90.7 -202.6
20211101233053  -668.5 -90.6 -202.5
20211101233054  -668.3 -90.8 -202.5
20211101233055  -668.3 -90.5 -202.4
20211101233056  -668.2 -90.6 -202.5
20211101233057  -668.3 -90.6 -202.5
20211101233058  -668.3 -90.6 -202.5
20211101233059  -668.4 -90.3 -202.7
20211101233100  -668.3 -90.7 -202.7
20211101233101  -668.4 -90.4 -202.6
20211101233102  -668.4 -90.4 -202.5
20211101233103  -668.1 -90.6 -202.3
20211101233104  -668.2 -90.3 -202.6
20211101233105  -668.5 -90.4 -202.6
20211101233106  -668.3 -90.5 -202.5
20211101233107  -668.2 -90.8 -202.5
20211101233108  -668.1 -90.5 -202.3
20211101233109  -668.0 -90.6 -202.2
20211101233110  -667.9 -90.5 -202.2
20211101233111  -668.0 -90.6 -202.4
20211101233112  -667.9 -90.5 -202.6
20211101233113  -667.7 -90.6 -202.3
20211101233114  -667.6 -90.5 -202.3
20211101233115  -667.5 -90.8 -202.4
20211101233116  -667.7 -90.7 -202.2
20211101233117  -667.7 -90.8 -202.4
20211101233118  -667.3 -90.8 -202.5
20211101233119  -667.3 -90.3 -202.5
20211101233120  -667.0 -90.6 -202.6
20211101233121  -667.0 -90.7 -202.4
20211101233122  -667.1 -90.8 -202.6
20211101233123  -667.1 -90.6 -202.9
20211101233124  -667.2 -90.5 -202.4
20211101233125  -667.2 -90.3 -202.5
20211101233126  -667.3 -90.2 -202.4
20211101233127  -667.2 -90.3 -202.2
20211101233128  -667.0 -90.4 -202.5
20211101233129  -666.9 -90.6 -202.3
20211101233130  -667.0 -90.4 -202.1
20211101233131  -666.9 -90.3 -202.3
20211101233132  -666.7 -90.2 -202.1
20211101233133  -666.9 -90.4 -202.0
20211101233134  -666.8 -90.7 -202.0
20211101233135  -666.8 -90.4 -202.0
20211101233136  -666.7 -90.4 -202.0
20211101233137  -666.8 -90.7 -202.3
20211101233138  -667.1 -90.7 -202.4
20211101233139  -666.5 -90.8 -202.3
20211101233140  -666.5 -90.7 -202.2
20211101233141  -666.7 -90.6 -202.2
20211101233142  -666.5 -90.7 -202.2
20211101233143  -666.6 -90.6 -202.4
20211101233144  -666.8 -90.7 -202.4
20211101233145  -666.7 -90.4 -202.6
20211101233146  -666.8 -90.6 -202.3
20211101233147  -666.8 -90.6 -202.1
20211101233148  -666.9 -90.7 -202.3
20211101233149  -666.8 -90.9 -202.3
20211101233150  -667.0 -90.7 -202.6
20211101233151  -667.0 -90.6 -202.5
20211101233152  -667.2 -90.7 -202.4
20211101233153  -667.3 -90.7 -202.1
20211101233154  -667.2 -90.8 -202.2
20211101233155  -667.1 -91.1 -202.2
20211101233156  -667.1 -90.8 -202.3
20211101233157  -667.2 -90.8 -202.0
20211101233158  -667.2 -90.7 -202.4
20211101233159  -667.1 -90.8 -202.6
20211101233200  -667.0 -90.9 -202.2
20211101233201  -667.1 -90.9 -202.3
20211101233202  -667.2 -90.8 -202.5
20211101233203  -667.3 -91.1 -202.8
20211101233204  -667.3 -91.0 -202.7
20211101233205  -667.0 -91.3 -202.8
20211101233206  -667.3 -91.2 -202.3
20211101233207  -667.3 -90.9 -202.8
20211101233208  -667.2 -91.3 -202.6
20211101233209  -667.1 -91.2 -202.7
20211101233210  -666.7 -91.3 -202.6
20211101233211  -666.7 -91.4 -202.8
20211101233212  -667.0 -91.4 -202.9
20211101233213  -667.0 -91.3 -202.6
20211101233214  -667.0 -91.0 -202.7
20211101233215  -667.0 -91.1 -203.0
20211101233216  -667.0 -91.2 -202.7
20211101233217  -667.2 -91.1 -203.0
20211101233218  -667.1 -91.2 -203.0
20211101233219  -666.9 -91.4 -202.6
20211101233220  -667.2 -91.6 -202.7
20211101233221  -666.8 -91.3 -202.6
20211101233222  -667.0 -91.4 -202.7
20211101233223  -666.9 -91.3 -202.8
20211101233224  -667.0 -91.4 -202.8
20211101233225  -667.2 -91.7 -203.1
20211101233226  -667.2 -91.6 -202.7
20211101233227  -667.1 -91.6 -202.8
20211101233228  -667.0 -91.5 -202.9
20211101233229  -667.0 -91.3 -202.9
20211101233230  -667.1 -91.5 -202.9
20211101233231  -666.9 -91.6 -203.1
20211101233232  -667.1 -91.7 -203.1
20211101233233  -667.4 -91.6 -203.1
20211101233234  -667.5 -91.8 -203.0
20211101233235  -667.4 -91.5 -203.0
20211101233236  -667.4 -91.7 -202.9
20211101233237  -667.9 -91.3 -203.0
20211101233238  -667.6 -91.5 -202.7
20211101233239  -667.4 -91.6 -203.0
20211101233240  -667.6 -91.5 -202.9
20211101233241  -667.2 -91.6 -202.9
20211101233242  -667.6 -91.9 -203.3
20211101233243  -667.6 -92.2 -203.2
20211101233244  -667.6 -92.1 -203.4
20211101233245  -667.7 -92.0 -203.4
20211101233246  -667.7 -91.6 -203.2
20211101233247  -667.7 -91.5 -203.3
20211101233248  -667.8 -91.9 -203.4
20211101233249  -667.9 -92.0 -203.6
20211101233250  -667.8 -91.8 -203.6
20211101233251  -667.7 -91.8 -203.3
20211101233252  -667.6 -91.7 -203.6
20211101233253  -667.6 -91.9 -203.6
20211101233254  -667.9 -91.9 -203.5
20211101233255  -667.8 -91.7 -203.6
20211101233256  -667.7 -91.7 -203.4
20211101233257  -667.7 -92.0 -203.5
20211101233258  -667.7 -91.9 -203.5
20211101233259  -667.8 -92.0 -203.6
20211101233300  -667.9 -92.0 -203.6
20211101233301  -667.9 -92.2 -203.7
20211101233302  -667.9 -92.1 -204.0
20211101233303  -667.9 -92.0 -204.0
20211101233304  -667.9 -92.1 -203.9
20211101233305  -667.9 -92.1 -203.5
20211101233306  -667.9 -92.1 -203.6
20211101233307  -668.1 -91.9 -203.8
20211101233308  -668.0 -92.0 -203.8
20211101233309  -667.7 -91.8 -203.8
20211101233310  -667.7 -92.1 -203.8
20211101233311  -667.8 -91.8 -204.2
20211101233312  -667.8 -92.1 -204.1
20211101233313  -668.1 -92.1 -204.0
20211101233314  -668.3 -92.2 -204.1
20211101233315  -668.8 -92.3 -204.1
20211101233316  -668.7 -92.4 -204.2
20211101233317  -669.0 -92.1 -204.1
20211101233318  -668.6 -92.0 -204.5
20211101233319  -668.6 -92.1 -204.2
20211101233320  -669.0 -92.4 -204.5
20211101233321  -668.9 -92.2 -204.5
20211101233322  -668.8 -92.2 -204.3
20211101233323  -668.9 -92.5 -204.3
20211101233324  -668.9 -92.5 -204.5
20211101233325  -669.0 -92.4 -204.5
20211101233326  -668.9 -92.3 -204.5
20211101233327  -669.0 -92.2 -204.4
20211101233328  -668.7 -92.4 -204.4
20211101233329  -668.9 -92.4 -204.5
20211101233330  -668.7 -92.5 -204.5
20211101233331  -668.8 -92.7 -204.5
20211101233332  -668.9 -92.8 -204.7
20211101233333  -668.7 -92.5 -204.9
20211101233334  -668.9 -92.6 -204.9
20211101233335  -668.5 -92.6 -205.1
20211101233336  -668.4 -92.7 -204.9
20211101233337  -668.7 -92.4 -204.8
20211101233338  -668.6 -92.7 -204.8
20211101233339  -668.8 -92.6 -204.9
20211101233340  -668.5 -92.5 -204.8
20211101233341  -668.7 -92.7 -204.5
20211101233342  -668.7 -92.6 -204.8
20211101233343  -668.5 -92.4 -204.8
20211101233344  -668.5 -92.3 -205.0
20211101233345  -668.8 -92.6 -205.2
20211101233346  -668.9 -92.4 -204.9
20211101233347  -668.9 -92.4 -204.9
20211101233348  -668.6 -92.4 -205.2
20211101233349  -668.6 -92.3 -205.1
20211101233350  -668.4 -92.3 -204.9
20211101233351  -668.3 -92.0 -204.8
20211101233352  -668.1 -92.0 -204.7
20211101233353  -668.3 -92.1 -204.7
20211101233354  -668.3 -92.0 -204.8
20211101233355  -668.5 -92.0 -204.8
20211101233356  -668.6 -92.1 -204.8
20211101233357  -668.5 -91.9 -204.8
20211101233358  -668.4 -91.8 -204.8
20211101233359  -668.6 -92.0 -204.7
20211101233400  -668.3 -91.9 -204.9
20211101233401  -668.4 -91.9 -204.6
20211101233402  -668.3 -91.7 -204.6
20211101233403  -668.1 -91.9 -204.6
20211101233404  -668.0 -91.9 -204.6
20211101233405  -668.1 -91.7 -204.8
20211101233406  -667.8 -91.6 -204.9
20211101233407  -667.9 -91.6 -204.7
20211101233408  -668.2 -91.6 -204.7
20211101233409  -667.8 -91.6 -204.6
20211101233410  -667.9 -91.6 -204.9
20211101233411  -667.9 -91.8 -204.7
20211101233412  -667.6 -91.5 -204.9
20211101233413  -667.7 -91.7 -204.9
20211101233414  -667.6 -91.7 -204.8
20211101233415  -667.4 -91.6 -204.7
20211101233416  -667.2 -91.4 -204.7
20211101233417  -667.1 -91.3 -204.7
20211101233418  -667.0 -91.2 -204.6
20211101233419  -667.2 -91.4 -204.9
20211101233420  -667.2 -91.1 -205.0
20211101233421  -667.3 -91.2 -204.6
20211101233422  -667.1 -91.2 -204.7
20211101233423  -667.2 -91.1 -205.1
