30.9 -287.0
20211031222436  -921.7 31.2 -286.8
20211031222437  -921.9 31.6 -286.3
20211031222438  -922.3 32.0 -286.3
20211031222439  -922.7 32.4 -286.1
20211031222440  -922.8 32.4 -286.2
20211031222441  -922.8 32.9 -286.0
20211031222442  -922.8 33.0 -286.5
20211031222443  -922.7 33.3 -286.9
20211031222444  -922.5 33.0 -287.2
20211031222445  -922.6 32.8 -287.3
20211031222446  -922.6 32.9 -287.3
20211031222447  -922.8 33.4 -287.0
20211031222448  -922.6 34.2 -286.8
20211031222449  -923.0 34.6 -286.3
20211031222450  -923.2 34.8 -285.9
20211031222451  -923.3 35.5 -286.6
20211031222452  -923.5 35.7 -287.0
20211031222453  -924.2 35.4 -287.5
20211031222454  -924.9 35.2 -287.5
20211031222455  -925.3 35.2 -287.4
20211031222456  -926.0 35.5 -287.2
20211031222457  -926.3 35.7 -287.2
20211031222458  -926.6 36.3 -287.3
20211031222459  -927.3 36.5 -287.3
20211031222500  -928.1 36.5 -287.8
20211031222501  -928.9 36.7 -287.8
20211031222502  -930.1 36.4 -288.3
20211031222503  -931.1 36.5 -288.1
20211031222504  -932.2 36.4 -287.8
20211031222505  -933.1 36.6 -287.3
20211031222506  -933.8 37.1 -287.1
20211031222507  -934.4 37.8 -286.7
20211031222508  -935.0 38.3 -286.9
20211031222509  -935.8 38.6 -287.4
20211031222510  -936.5 38.8 -287.5
20211031222511  -937.5 39.1 -287.3
20211031222512  -938.4 39.2 -287.1
20211031222513  -939.4 40.1 -286.8
20211031222514  -939.9 41.3 -286.3
20211031222515  -940.4 41.6 -286.5
20211031222516  -940.9 41.8 -286.4
20211031222517  -941.5 42.1 -286.5
20211031222518  -941.9 42.6 -287.0
20211031222519  -942.4 42.9 -286.7
20211031222520  -943.1 43.2 -286.4
20211031222521  -943.4 43.6 -285.9
20211031222522  -943.9 43.8 -285.9
20211031222523  -944.3 44.3 -285.5
20211031222524  -944.9 44.5 -285.8
20211031222525  -944.9 44.4 -285.9
20211031222526  -945.7 44.5 -286.1
20211031222527  -946.7 44.6 -286.6
20211031222528  -947.8 44.3 -287.0
20211031222529  -948.4 44.0 -286.4
20211031222530  -949.2 43.6 -286.1
20211031222531  -949.8 43.0 -286.0
20211031222532  -950.1 42.8 -285.9
20211031222533  -950.7 42.8 -285.4
20211031222534  -951.8 42.7 -284.9
20211031222535  -952.6 43.4 -284.4
20211031222536  -953.5 44.0 -284.0
20211031222537  -954.1 45.3 -283.8
20211031222538  -954.4 45.7 -283.9
20211031222539  -954.8 45.8 -283.5
20211031222540  -955.2 46.4 -283.0
20211031222541  -955.4 46.8 -282.7
20211031222542  -955.8 46.9 -282.6
20211031222543  -956.3 46.9 -282.4
20211031222544  -956.9 46.7 -281.7
20211031222545  -957.4 46.5 -280.9
20211031222546  -957.6 46.8 -280.3
20211031222547  -957.7 46.7 -279.8
20211031222548  -957.7 46.7 -279.5
20211031222549  -958.1 46.9 -278.9
20211031222550  -958.0 47.9 -278.4
20211031222551  -958.4 48.2 -277.9
20211031222552  -958.4 48.2 -277.6
20211031222553  -958.7 48.2 -278.0
20211031222554  -958.8 48.0 -277.9
20211031222555  -959.0 48.3 -278.0
20211031222556  -959.1 48.8 -277.0
20211031222557  -959.6 48.3 -277.4
20211031222558  -959.6 47.9 -277.5
20211031222559  -960.1 47.9 -277.7
20211031222600  -960.4 47.8 -277.5
20211031222601  -960.6 47.6 -277.4
20211031222602  -960.9 48.2 -277.2
20211031222603  -961.6 48.7 -276.9
20211031222604  -962.2 49.2 -276.5
20211031222605  -962.6 49.6 -276.0
20211031222606  -962.9 49.8 -276.0
20211031222607  -963.3 49.6 -276.3
20211031222608  -963.1 49.8 -276.3
20211031222609  -963.3 50.1 -276.3
20211031222610  -964.3 49.9 -275.6
20211031222611  -964.7 50.5 -275.7
20211031222612  -965.4 50.7 -275.2
20211031222613  -966.1 50.5 -275.5
20211031222614  -966.9 50.1 -275.9
20211031222615  -967.3 49.7 -276.1
20211031222616  -968.0 49.6 -276.4
20211031222617  -969.1 49.5 -276.4
20211031222618  -969.5 49.8 -275.7
20211031222619  -969.9 50.3 -275.6
20211031222620  -969.9 50.3 -274.9
20211031222621  -969.8 50.2 -274.4
20211031222622  -970.2 50.0 -274.2
20211031222623  -970.3 50.2 -273.9
20211031222624  -970.3 49.8 -274.1
20211031222625  -970.7 49.7 -274.6
20211031222626  -970.4 50.0 -274.1
20211031222627  -970.9 50.2 -274.2
20211031222628  -971.3 50.2 -274.4
20211031222629  -971.7 50.5 -274.4
20211031222630  -971.7 50.7 -274.0
20211031222631  -971.8 51.0 -274.0
20211031222632  -971.9 51.5 -273.8
20211031222633  -972.1 52.0 -273.9
20211031222634  -972.2 52.2 -274.2
20211031222635  -972.2 52.6 -274.4
20211031222636  -972.6 52.7 -274.7
20211031222637  -972.5 53.0 -274.6
20211031222638  -972.4 53.2 -275.0
20211031222639  -972.2 52.6 -274.9
20211031222640  -972.1 52.2 -275.2
20211031222641  -972.5 51.9 -275.6
20211031222642  -972.6 51.7 -275.7
20211031222643  -973.1 51.9 -276.3
20211031222644  -973.6 52.2 -276.8
20211031222645  -974.0 52.4 -276.8
20211031222646  -974.5 52.3 -276.8
20211031222647  -974.5 52.0 -276.9
20211031222648  -975.0 51.9 -276.9
20211031222649  -974.9 51.4 -276.5
20211031222650  -974.9 51.3 -276.2
20211031222651  -974.9 51.3 -276.4
20211031222652  -974.9 51.6 -276.8
20211031222653  -975.6 52.2 -277.4
20211031222654  -976.2 52.7 -277.2
20211031222655  -976.4 53.1 -276.7
20211031222656  -976.0 53.6 -276.1
20211031222657  -975.1 54.5 -274.7
20211031222658  -975.3 55.0 -275.0
20211031222659  -975.1 55.4 -275.3
20211031222700  -975.5 55.9 -275.7
20211031222701  -975.7 55.9 -275.7
20211031222702  -975.7 55.9 -275.9
20211031222703  -975.8 55.7 -276.0
20211031222704  -975.7 55.5 -276.2
20211031222705  -975.8 55.6 -276.6
20211031222706  -975.6 55.5 -277.2
20211031222707  -976.1 55.2 -277.7
20211031222708  -976.6 55.3 -277.9
20211031222709  -976.9 55.5 -277.8
20211031222710  -977.2 55.7 -277.5
20211031222711  -977.2 55.9 -277.2
20211031222712  -977.1 55.9 -277.3
20211031222713  -977.4 55.7 -277.4
20211031222714  -977.2 55.5 -277.5
20211031222715  -977.4 55.5 -277.6
20211031222716  -978.0 55.6 -278.3
20211031222717  -978.2 55.5 -278.1
20211031222718  -978.4 55.5 -278.3
20211031222719  -978.8 55.3 -278.5
20211031222720  -978.8 55.5 -278.8
20211031222721  -979.5 55.6 -279.4
20211031222722  -979.8 55.4 -279.7
20211031222723  -980.3 55.1 -280.0
20211031222724  -980.6 55.0 -280.2
20211031222725  -980.9 55.1 -280.4
20211031222726  -981.2 55.2 -280.7
20211031222727  -981.6 54.9 -280.5
20211031222728  -983.1 54.9 -281.1
20211031222729  -983.6 55.1 -281.1
20211031222730  -983.9 54.8 -281.1
20211031222731  -984.3 54.7 -281.0
20211031222732  -984.2 54.7 -281.3
20211031222733  -984.2 54.7 -281.7
20211031222734  -984.4 54.9 -281.5
20211031222735  -985.2 55.0 -281.5
20211031222736  -985.7 55.0 -281.6
20211031222737  -986.6 55.6 -281.3
20211031222738  -986.9 55.6 -280.8
20211031222739  -986.8 55.6 -280.4
20211031222740  -986.8 55.8 -280.4
20211031222741  -986.6 55.4 -281.3
20211031222742  -986.4 55.2 -281.8
20211031222743  -986.7 55.2 -282.5
20211031222744  -987.0 55.5 -282.4
20211031222745  -987.3 55.5 -282.5
20211031222746  -987.5 55.0 -282.7
20211031222747  -987.6 54.8 -282.8
20211031222748  -987.8 54.3 -282.9
20211031222749  -988.4 53.6 -283.3
20211031222750  -989.0 53.0 -283.0
20211031222751  -989.4 52.6 -283.3
20211031222752  -989.7 52.3 -283.2
20211031222753  -989.7 52.6 -283.2
20211031222754  -989.8 52.9 -282.7
20211031222755  -989.7 53.3 -282.3
20211031222756  -989.7 53.6 -282.2
20211031222757  -989.0 53.6 -281.7
20211031222758  -989.4 53.0 -282.2
20211031222759  -989.1 52.9 -282.4
20211031222800  -988.4 52.9 -282.6
20211031222801  -988.3 53.2 -282.4
20211031222802  -988.3 53.2 -282.7
20211031222803  -988.1 53.1 -283.1
20211031222804  -987.9 52.8 -283.0
20211031222805  -988.0 52.4 -283.3
20211031222806  -987.9 51.8 -283.6
20211031222807  -988.2 51.4 -284.2
20211031222808  -988.6 51.3 -284.4
20211031222809  -988.7 51.0 -284.8
20211031222810  -989.1 50.8 -285.0
20211031222811  -989.7 50.9 -284.3
20211031222812  -990.4 51.2 -283.7
20211031222813  -990.9 52.0 -283.3
20211031222814  -991.2 52.5 -283.3
20211031222815  -991.2 53.4 -283.8
20211031222816  -991.4 54.0 -284.1
20211031222817  -991.6 54.4 -284.4
20211031222818  -991.5 55.0 -284.7
20211031222819  -991.7 55.3 -285.0
20211031222820  -991.9 55.4 -285.1
20211031222821  -992.0 55.6 -285.0
20211031222822  -992.3 56.0 -284.9
20211031222823  -992.5 56.6 -284.6
