20211107224035  -668.7 -82.2 -183.7
20211107224036  -668.8 -82.3 -183.7
20211107224037  -668.6 -82.2 -183.8
20211107224038  -668.9 -82.5 -183.6
20211107224039  -669.0 -82.4 -183.7
20211107224040  -668.8 -82.5 -183.8
20211107224041  -669.0 -82.3 -183.9
20211107224042  -668.9 -82.4 -184.1
20211107224043  -668.7 -82.3 -183.7
20211107224044  -668.8 -82.4 -183.8
20211107224045  -668.6 -82.3 -183.8
20211107224046  -668.5 -82.5 -183.9
20211107224047  -668.6 -82.4 -183.8
20211107224048  -668.6 -82.5 -183.8
20211107224049  -669.0 -82.5 -184.0
20211107224050  -668.8 -82.5 -184.1
20211107224051  -668.9 -82.6 -183.9
20211107224052  -668.4 -82.8 -184.0
20211107224053  -668.0 -82.7 -183.3
20211107224054  -667.7 -82.4 -183.0
20211107224055  -667.6 -82.2 -182.8
20211107224056  -667.6 -82.1 -183.1
20211107224057  -668.2 -82.1 -183.8
20211107224058  -668.3 -82.3 -183.7
20211107224059  -668.8 -82.3 -183.7
20211107224100  -668.6 -82.5 -184.0
20211107224101  -668.8 -82.4 -183.7
20211107224102  -668.8 -82.2 -184.0
20211107224103  -668.6 -82.4 -184.0
20211107224104  -668.4 -82.3 -183.8
20211107224105  -668.5 -82.7 -183.9
20211107224106  -668.5 -82.7 -184.1
20211107224107  -668.5 -82.8 -184.2
20211107224108  -668.6 -82.4 -184.2
20211107224109  -668.7 -82.4 -184.1
20211107224110  -668.7 -82.2 -184.4
20211107224111  -668.8 -82.4 -184.4
20211107224112  -668.5 -82.2 -184.3
20211107224113  -668.7 -82.6 -184.5
20211107224114  -668.7 -82.5 -184.5
20211107224115  -668.8 -82.7 -184.5
20211107224116  -668.8 -82.6 -184.4
20211107224117  -668.9 -82.4 -184.4
20211107224118  -668.6 -82.6 -184.5
20211107224119  -668.0 -82.5 -183.8
20211107224120  -667.7 -82.3 -183.7
20211107224121  -667.8 -82.5 -183.2
20211107224122  -668.1 -82.5 -183.4
20211107224123  -668.4 -82.5 -183.9
20211107224124  -668.1 -82.5 -184.2
20211107224125  -668.3 -82.3 -184.2
20211107224126  -668.4 -82.1 -184.0
20211107224127  -668.4 -82.3 -184.1
20211107224128  -668.3 -82.6 -184.2
20211107224129  -668.4 -82.3 -184.1
20211107224130  -668.5 -82.5 -184.5
20211107224131  -668.6 -82.6 -184.5
20211107224132  -668.6 -82.2 -184.6
20211107224133  -668.5 -82.5 -184.6
20211107224134  -668.6 -82.4 -184.4
20211107224135  -668.9 -82.5 -184.2
20211107224136  -668.7 -82.4 -184.1
20211107224137  -668.8 -82.4 -184.1
20211107224138  -668.7 -82.2 -184.3
20211107224139  -668.6 -82.4 -184.2
20211107224140  -668.6 -82.4 -184.3
20211107224141  -668.7 -82.2 -184.1
20211107224142  -668.7 -82.4 -184.1
20211107224143  -668.9 -82.5 -184.2
20211107224144  -668.6 -82.5 -184.6
20211107224145  -668.2 -82.9 -183.9
20211107224146  -667.9 -82.4 -183.8
20211107224147  -667.7 -82.4 -183.3
20211107224148  -668.2 -82.6 -183.5
20211107224149  -668.5 -82.8 -184.1
20211107224150  -668.6 -82.5 -184.2
20211107224151  -668.9 -82.8 -184.1
20211107224152  -668.6 -82.6 -184.2
20211107224153  -668.7 -82.3 -184.5
20211107224154  -668.6 -82.5 -184.2
20211107224155  -668.4 -82.8 -184.2
20211107224156  -668.3 -82.9 -184.1
20211107224157  -668.5 -82.8 -184.3
20211107224158  -669.0 -82.7 -184.2
20211107224159  -668.6 -82.8 -184.2
20211107224200  -668.6 -82.6 -184.1
20211107224201  -668.7 -82.6 -184.2
20211107224202  -668.5 -82.5 -184.4
20211107224203  -668.7 -82.5 -184.4
20211107224204  -668.7 -82.6 -184.7
20211107224205  -668.6 -82.5 -184.4
20211107224206  -668.4 -82.8 -184.5
20211107224207  -668.9 -82.6 -184.6
20211107224208  -668.8 -82.7 -184.4
20211107224209  -668.9 -82.9 -184.4
20211107224210  -668.8 -82.9 -184.4
20211107224211  -668.7 -83.1 -184.4
20211107224212  -668.4 -83.0 -184.0
20211107224213  -667.9 -82.7 -184.0
20211107224214  -668.5 -82.7 -184.1
20211107224215  -669.0 -82.7 -184.5
20211107224216  -669.3 -83.0 -184.6
20211107224217  -669.5 -83.0 -184.3
20211107224218  -669.0 -83.1 -184.7
20211107224219  -668.9 -83.3 -184.8
20211107224220  -669.1 -83.1 -184.7
20211107224221  -669.0 -83.0 -184.5
20211107224222  -669.2 -83.1 -184.6
20211107224223  -669.2 -83.0 -184.8
20211107224224  -669.3 -82.9 -184.8
20211107224225  -669.2 -82.8 -184.9
20211107224226  -669.2 -82.5 -185.0
20211107224227  -669.1 -82.7 -184.6
20211107224228  -669.4 -83.1 -184.9
20211107224229  -669.6 -82.9 -184.8
20211107224230  -669.5 -83.2 -184.9
20211107224231  -669.7 -83.2 -184.7
20211107224232  -669.5 -83.2 -184.5
20211107224233  -669.4 -83.2 -184.3
20211107224234  -669.4 -83.1 -184.3
20211107224235  -669.4 -83.0 -184.3
20211107224236  -669.4 -83.0 -184.3
20211107224237  -669.4 -83.3 -184.3
20211107224238  -668.5 -83.2 -184.0
20211107224239  -668.1 -82.9 -183.6
20211107224240  -668.6 -82.6 -183.8
20211107224241  -669.4 -82.8 -184.3
20211107224242  -669.6 -83.0 -184.3
20211107224243  -669.7 -82.9 -184.2
20211107224244  -669.6 -83.2 -184.3
20211107224245  -669.4 -83.1 -184.5
20211107224246  -669.3 -82.8 -184.5
20211107224247  -669.3 -83.5 -184.5
20211107224248  -669.3 -83.5 -184.5
20211107224249  -669.1 -83.2 -184.4
20211107224250  -669.6 -83.3 -184.7
20211107224251  -669.5 -83.4 -184.5
20211107224252  -669.5 -83.6 -184.7
20211107224253  -669.4 -83.3 -184.5
20211107224254  -669.6 -83.4 -184.6
20211107224255  -669.5 -83.1 -184.6
20211107224256  -669.5 -83.5 -184.8
20211107224257  -669.5 -83.2 -185.1
20211107224258  -669.6 -83.4 -184.7
20211107224259  -669.7 -83.2 -184.5
20211107224300  -669.5 -83.3 -184.7
20211107224301  -669.4 -83.2 -184.8
20211107224302  -669.6 -83.2 -184.7
20211107224303  -669.4 -83.1 -184.7
20211107224304  -668.8 -83.0 -184.1
20211107224305  -668.4 -83.0 -183.8
20211107224306  -668.4 -82.8 -183.9
20211107224307  -668.6 -82.9 -183.9
20211107224308  -669.0 -83.0 -184.0
20211107224309  -668.9 -82.7 -184.4
20211107224310  -669.0 -83.0 -184.3
20211107224311  -669.1 -83.0 -184.2
20211107224312  -669.0 -82.9 -184.1
20211107224313  -669.2 -83.2 -184.4
20211107224314  -669.4 -83.3 -184.2
20211107224315  -669.3 -83.0 -184.0
20211107224316  -669.3 -83.3 -184.6
20211107224317  -669.1 -83.2 -184.3
20211107224318  -669.4 -83.2 -184.4
20211107224319  -669.4 -83.4 -184.5
20211107224320  -669.4 -83.1 -184.3
20211107224321  -669.5 -83.4 -184.1
20211107224322  -669.6 -83.5 -184.6
20211107224323  -669.6 -83.5 -184.6
20211107224324  -669.6 -83.4 -184.7
20211107224325  -669.4 -83.5 -184.4
20211107224326  -669.3 -83.4 -184.5
20211107224327  -669.5 -83.3 -184.6
20211107224328  -669.6 -83.7 -184.9
20211107224329  -669.3 -83.9 -184.9
20211107224330  -668.9 -83.5 -184.3
20211107224331  -668.4 -83.2 -183.9
20211107224332  -668.3 -83.3 -183.8
20211107224333  -668.3 -83.1 -183.5
20211107224334  -669.1 -83.2 -183.8
20211107224335  -669.1 -83.2 -184.4
20211107224336  -669.4 -83.3 -184.2
20211107224337  -669.4 -83.1 -184.0
20211107224338  -669.1 -83.2 -184.1
20211107224339  -669.4 -83.4 -184.2
20211107224340  -669.7 -83.2 -184.2
20211107224341  -669.5 -83.1 -184.2
20211107224342  -669.4 -83.3 -184.0
20211107224343  -669.5 -83.3 -183.9
20211107224344  -669.5 -83.3 -184.4
20211107224345  -669.2 -83.5 -184.1
20211107224346  -669.4 -83.6 -184.2
20211107224347  -669.3 -83.2 -184.1
20211107224348  -669.3 -83.3 -184.3
20211107224349  -669.2 -83.5 -184.2
20211107224350  -669.4 -83.4 -184.5
20211107224351  -669.5 -83.6 -184.4
20211107224352  -669.9 -83.4 -184.4
20211107224353  -669.5 -83.4 -184.4
20211107224354  -669.7 -83.4 -184.5
20211107224355  -669.8 -83.2 -184.5
20211107224356  -669.3 -83.3 -184.5
20211107224357  -668.6 -83.3 -183.8
20211107224358  -668.7 -83.1 -183.6
20211107224359  -668.6 -82.9 -183.7
20211107224400  -668.3 -82.9 -183.5
20211107224401  -669.2 -83.0 -184.6
20211107224402  -669.0 -83.3 -184.7
20211107224403  -669.3 -83.4 -184.6
20211107224404  -669.4 -83.4 -184.6
20211107224405  -669.1 -83.4 -184.7
20211107224406  -669.5 -83.5 -184.5
20211107224407  -669.5 -83.1 -184.4
20211107224408  -669.8 -83.0 -184.2
20211107224409  -669.2 -82.7 -184.4
20211107224410  -669.6 -83.1 -184.5
20211107224411  -669.7 -83.1 -184.7
20211107224412  -669.6 -83.1 -184.7
20211107224413  -669.8 -83.0 -184.8
20211107224414  -669.9 -82.9 -184.9
20211107224415  -669.6 -83.1 -184.6
20211107224416  -669.6 -82.8 -184.8
20211107224417  -669.4 -82.9 -184.7
20211107224418  -669.4 -82.8 -184.7
20211107224419  -669.5 -83.1 -184.6
20211107224420  -669.4 -83.0 -184.7
20211107224421  -669.3 -83.0 -184.5
20211107224422  -669.5 -83.1 -184.7
20211107224423  -668.9 -83.1 -184.0
20211107224424  -668.3 -82.9 -183.7
20211107224425  -668.3 -83.1 -183.6
20211107224426  -668.0 -82.8 -183.2
20211107224427  -668.3 -82.8 -183.2
20211107224428  -668.9 -82.9 -184.1
20211107224429  -669.0 -82.9 -183.9
20211107224430  -669.2 -82.9 -184.0
20211107224431  -669.1 -82.9 -184.2
20211107224432  -669.1 -82.8 -184.6
20211107224433  -669.4 -83.1 -184.5
20211107224434  -669.1 -82.9 -184.5
20211107224435  -669.5 -82.8 -184.4
20211107224436  -669.6 -82.9 -184.4
20211107224437  -669.8 -83.0 -184.4
20211107224438  -669.8 -83.0 -184.8
20211107224439  -669.6 -83.2 -184.6
20211107224440  -669.3 -82.9 -184.5
20211107224441  -669.8 -83.1 -184.6
20211107224442  -669.6 -82.9 -184.6
20211107224443  -669.7 -83.0 -184.8
20211107224444  -669.3 -83.1 -184.9
20211107224445  -669.4 -83.0 -184.5
20211107224446  -669.5 -83.0 -185.0
20211107224447  -669.8 -82.9 -184.9
20211107224448  -669.7 -83.0 -184.8
20211107224449  -669.0 -82.8 -184.2
20211107224450  -668.4 -82.7 -183.9
20211107224451  -668.6 -82.9 -183.4
20211107224452  -668.2 -82.7 -183.4
20211107224453  -668.2 -82.5 -183.5
20211107224454  -668.7 -82.6 -183.9
20211107224455  -669.3 -82.6 -184.3
20211107224456  -669.1 -82.8 -184.4
20211107224457  -669.3 -82.9 -184.0
20211107224458  -669.1 -82.8 -184.0
20211107224459  -669.0 -83.0 -184.6
20211107224500  -668.9 -83.1 -184.3
20211107224501  -669.0 -83.1 -184.4
20211107224502  -669.2 -83.3 -184.6
20211107224503  -669.0 -83.4 -184.5
20211107224504  -669.0 -83.2 -184.2
20211107224505  -669.3 -83.2 -184.5
20211107224506  -669.4 -82.9 -184.4
20211107224507  -669.3 -83.2 -184.4
20211107224508  -669.9 -83.3 -184.6
20211107224509  -669.4 -83.0 -184.5
20211107224510  -669.4 -82.8 -184.6
20211107224511  -669.7 -82.9 -184.8
20211107224512  -669.4 -82.9 -184.9
20211107224513  -669.7 -82.7 -184.7
20211107224514  -669.7 -82.9 -184.8
20211107224515  -669.3 -82.9 -184.6
20211107224516  -668.9 -82.9 -183.9
20211107224517  -668.5 -82.7 -183.9
20211107224518  -668.5 -82.8 -184.1
20211107224519  -668.3 -82.6 -183.8
20211107224520  -668.0 -82.6 -183.6
20211107224521  -668.6 -82.4 -183.7
20211107224522  -668.9 -82.8 -184.1
20211107224523  -669.0 -82.9 -184.4
20211107224524  -668.7 -82.8 -184.4
20211107224525  -669.2 -82.9 -184.5
20211107224526  -669.2 -82.6 -184.2
20211107224527  -669.0 -82.8 -184.3
20211107224528  -668.9 -82.6 -184.3
20211107224529  -669.1 -82.8 -184.1
20211107224530  -669.0 -82.7 -184.2
20211107224531  -669.1 -82.9 -184.4
20211107224532  -669.0 -82.8 -184.2
20211107224533  -668.8 -82.7 -184.1
20211107224534  -669.0 -82.8 -184.0
20211107224535  -668.7 -82.9 -183.9
20211107224536  -668.8 -82.7 -183.9
20211107224537  -669.0 -82.7 -184.1
20211107224538  -669.2 -82.9 -184.1
20211107224539  -668.9 -83.2 -184.0
20211107224540  -669.1 -83.0 -184.2
20211107224541  -669.1 -83.1 -184.3
20211107224542  -668.2 -82.9 -183.7
20211107224543  -668.1 -82.7 -183.5
20211107224544  -667.9 -82.6 -183.2
20211107224545  -667.7 -82.6 -183.1
20211107224546  -667.6 -82.5 -182.9
20211107224547  -667.6 -82.4 -182.8
20211107224548  -668.6 -82.5 -183.4
20211107224549  -668.7 -82.5 -183.6
20211107224550  -668.7 -82.6 -183.7
20211107224551  -669.1 -82.8 -183.8
20211107224552  -669.0 -82.8 -183.8
20211107224553  -669.1 -82.7 -183.8
20211107224554  -668.9 -82.5 -183.6
20211107224555  -669.1 -82.5 -183.8
20211107224556  -668.8 -82.2 -183.9
20211107224557  -669.2 -82.8 -183.8
20211107224558  -669.0 -82.9 -184.1
20211107224559  -668.9 -82.9 -183.9
20211107224600  -668.9 -83.1 -184.0
20211107224601  -669.1 -82.9 -183.9
20211107224602  -668.9 -82.7 -183.7
20211107224603  -669.1 -82.6 -183.8
20211107224604  -669.1 -82.9 -183.6
20211107224605  -669.2 -82.8 -183.8
20211107224606  -669.3 -82.7 -183.9
20211107224607  -669.3 -82.8 -184.2
20211107224608  -668.7 -83.0 -183.9
20211107224609  -668.3 -82.8 -183.3
20211107224610  -668.4 -82.7 -183.1
20211107224611  -667.9 -82.5 -183.2
20211107224612  -667.7 -82.5 -182.8
20211107224613  -667.3 -82.5 -182.5
20211107224614  -667.8 -82.3 -182.8
20211107224615  -668.6 -82.4 -183.4
20211107224616  -668.5 -82.1 -183.5
20211107224617  -668.4 -82.5 -183.5
20211107224618  -668.5 -82.7 -183.4
20211107224619  -668.8 -82.6 -183.3
20211107224620  -668.7 -82.6 -183.4
20211107224621  -668.4 -82.7 -183.3
20211107224622  -668.6 -82.9 -183.6
20211107224623  -668.6 -82.7 -183.6
20211107224624  -668.8 -82.6 -183.6
20211107224625  -668.8 -82.7 -183.8
20211107224626  -668.7 -82.8 -183.8
20211107224627  -668.6 -82.9 -183.9
20211107224628  -668.8 -82.7 -183.8
20211107224629  -668.9 -82.6 -183.6
20211107224630  -668.8 -82.6 -183.6
20211107224631  -669.0 -82.4 -183.6
20211107224632  -669.2 -82.5 -183.6
20211107224633  -668.9 -82.6 -183.9
20211107224634  -668.9 -82.4 -184.1
20211107224635  -668.5 -82.3 -183.5
20211107224636  -668.1 -81.9 -183.1
20211107224637  -668.1 -82.1 -182.9
20211107224638  -667.8 -82.0 -182.7
20211107224639  -667.7 -82.0 -182.8
20211107224640  -667.7 -82.0 -182.7
20211107224641  -668.3 -81.7 -183.2
20211107224642  -668.7 -81.9 -183.3
20211107224643  -668.6 -82.0 -183.6
20211107224644  -668.8 -82.3 -183.6
20211107224645  -669.1 -82.0 -183.6
20211107224646  -668.9 -81.9 -183.7
20211107224647  -669.2 -82.0 -183.7
20211107224648  -669.0 -81.9 -183.5
20211107224649  -669.0 -81.9 -183.8
20211107224650  -669.0 -82.2 -183.6
20211107224651  -669.1 -82.2 -184.1
20211107224652  -669.1 -82.3 -184.0
20211107224653  -668.9 -82.3 -183.7
20211107224654  -668.7 -82.4 -184.1
20211107224655  -668.9 -82.5 -184.0
20211107224656  -669.3 -82.5 -183.9
20211107224657  -669.2 -82.3 -184.0
20211107224658  -669.2 -82.2 -184.0
20211107224659  -669.1 -82.3 -184.1
20211107224700  -669.3 -82.2 -184.0
20211107224701  -668.3 -82.4 -183.7
20211107224702  -667.8 -82.0 -183.2
20211107224703  -667.6 -82.1 -183.2
20211107224704  -667.4 -81.6 -183.1
20211107224705  -667.2 -81.6 -183.0
20211107224706  -667.2 -82.0 -182.7
20211107224707  -667.1 -81.6 -182.7
20211107224708  -667.7 -81.9 -183.3
20211107224709  -668.0 -82.0 -183.7
20211107224710  -668.1 -82.3 -183.5
20211107224711  -668.2 -82.2 -183.7
20211107224712  -668.1 -82.1 -183.8
20211107224713  -668.1 -82.1 -183.8
20211107224714  -667.9 -82.0 -183.5
20211107224715  -668.3 -82.0 -183.6
20211107224716  -668.4 -82.0 -183.5
20211107224717  -668.4 -82.2 -183.6
20211107224718  -668.5 -81.9 -183.6
20211107224719  -668.4 -81.8 -183.6
20211107224720  -668.3 -82.0 -183.6
20211107224721  -668.3 -81.9 -183.1
20211107224722  -668.5 -81.9 -183.6
20211107224723  -668.5 -82.2 -183.4
20211107224724  -668.5 -81.9 -183.7
20211107224725  -668.5 -81.9 -183.7
20211107224726  -668.6 -81.9 -183.8
20211107224727  -668.3 -82.3 -183.9
20211107224728  -668.0 -82.2 -183.2
20211107224729  -667.6 -82.1 -183.1
20211107224730  -667.4 -81.9 -182.9
20211107224731  -667.0 -81.9 -182.6
20211107224732  -667.0 -81.9 -182.5
20211107224733  -666.8 -81.8 -182.4
20211107224734  -666.9 -81.4 -182.1
20211107224735  -667.8 -81.9 -182.9
20211107224736  -668.1 -81.8 -183.0
20211107224737  -668.1 -81.7 -183.2
20211107224738  -668.1 -81.7 -183.3
20211107224739  -667.8 -81.7 -183.1
20211107224740  -667.8 -81.9 -183.3
20211107224741  -667.8 -82.0 -183.3
20211107224742  -667.8 -82.1 -183.6
20211107224743  -667.8 -82.1 -183.3
20211107224744  -667.9 -82.0 -183.5
20211107224745  -667.8 -82.1 -183.6
20211107224746  -667.8 -82.2 -183.6
20211107224747  -667.6 -82.1 -183.4
20211107224748  -667.6 -82.2 -183.7
20211107224749  -667.9 -82.2 -183.7
20211107224750  -668.0 -82.1 -183.7
20211107224751  -667.9 -82.3 -183.9
20211107224752  -668.3 -82.2 -183.7
20211107224753  -667.8 -82.3 -183.7
20211107224754  -667.9 -82.3 -183.8
20211107224755  -667.4 -82.1 -183.2
20211107224756  -667.3 -82.0 -183.1
20211107224757  -667.1 -81.9 -183.3
20211107224758  -666.8 -81.9 -183.0
20211107224759  -666.8 -81.9 -182.8
20211107224800  -666.7 -81.9 -182.7
20211107224801  -667.0 -81.7 -183.1
20211107224802  -667.8 -81.9 -183.3
20211107224803  -667.8 -81.8 -183.7
20211107224804  -667.7 -82.2 -184.0
20211107224805  -667.7 -82.0 -183.9
20211107224806  -667.6 -82.3 -183.9
20211107224807  -667.8 -82.1 -183.8
20211107224808  -667.7 -82.0 -183.8
20211107224809  -667.9 -81.9 -183.7
20211107224810  -668.0 -82.0 -183.7
20211107224811  -668.0 -82.0 -183.7
20211107224812  -668.1 -82.1 -183.8
20211107224813  -668.2 -82.3 -183.9
20211107224814  -668.1 -82.3 -184.1
20211107224815  -668.3 -82.4 -184.2
20211107224816  -668.0 -82.2 -184.3
20211107224817  -667.6 -82.1 -184.2
20211107224818  -667.9 -82.4 -184.0
