.7 -37.1 -829.1
20211205234620  -893.5 -37.4 -828.6
20211205234621  -893.1 -37.1 -827.9
20211205234622  -892.5 -37.1 -827.4
20211205234623  -892.0 -37.5 -827.4
20211205234624  -891.4 -37.8 -826.9
20211205234625  -890.5 -38.1 -827.0
20211205234626  -889.7 -38.6 -827.2
20211205234627  -889.7 -38.7 -827.5
20211205234628  -890.1 -38.5 -827.8
20211205234629  -890.9 -38.0 -828.4
20211205234630  -891.4 -37.1 -828.4
20211205234631  -891.9 -36.5 -828.2
20211205234632  -891.8 -36.0 -827.9
20211205234633  -891.3 -36.0 -827.5
20211205234634  -890.8 -35.9 -827.6
20211205234635  -890.6 -36.5 -828.0
20211205234636  -890.1 -37.3 -828.5
20211205234637  -890.2 -37.9 -829.1
20211205234638  -890.5 -38.1 -829.6
20211205234639  -891.5 -38.4 -829.9
20211205234640  -892.6 -38.4 -830.3
20211205234641  -893.2 -38.6 -829.8
20211205234642  -893.4 -38.7 -829.3
20211205234643  -894.0 -39.1 -829.5
20211205234644  -894.0 -39.3 -829.2
20211205234645  -893.4 -38.5 -828.3
20211205234646  -892.6 -37.7 -827.7
20211205234647  -891.4 -37.0 -827.5
20211205234648  -890.2 -35.8 -827.0
20211205234649  -889.1 -34.8 -827.0
20211205234650  -888.1 -33.4 -827.2
20211205234651  -887.7 -32.4 -827.0
20211205234652  -887.5 -31.8 -827.0
20211205234653  -887.3 -31.7 -826.4
20211205234654  -886.9 -32.1 -826.0
20211205234655  -887.2 -33.0 -826.2
20211205234656  -887.7 -34.1 -826.9
20211205234657  -887.4 -34.5 -826.9
20211205234658  -887.4 -35.1 -827.0
20211205234659  -887.1 -35.7 -827.0
20211205234700  -887.2 -36.5 -826.3
20211205234701  -887.1 -37.4 -826.3
20211205234702  -886.8 -37.8 -826.7
20211205234703  -887.4 -37.8 -827.2
20211205234704  -887.2 -37.2 -827.8
20211205234705  -887.6 -35.9 -828.2
20211205234706  -887.8 -34.5 -828.3
20211205234707  -887.9 -33.7 -828.3
20211205234708  -888.0 -32.9 -827.9
20211205234709  -887.9 -33.3 -827.7
20211205234710  -888.3 -34.2 -828.1
20211205234711  -888.7 -35.4 -828.2
20211205234712  -888.0 -35.6 -827.5
20211205234713  -887.2 -35.3 -827.4
20211205234714  -886.7 -35.4 -827.5
20211205234715  -886.0 -35.5 -827.2
20211205234716  -885.4 -35.7 -827.1
20211205234717  -884.9 -35.7 -826.7
20211205234718  -884.6 -35.6 -826.4
20211205234719  -884.8 -35.5 -826.2
20211205234720  -884.7 -35.1 -826.1
20211205234721  -884.8 -34.6 -826.0
20211205234722  -884.9 -34.7 -826.2
20211205234723  -885.9 -34.5 -827.0
20211205234724  -886.0 -34.9 -827.1
20211205234725  -886.2 -34.8 -826.9
20211205234726  -886.3 -34.9 -826.5
20211205234727  -886.5 -34.5 -826.4
20211205234728  -886.2 -34.2 -826.1
20211205234729  -886.3 -34.0 -826.1
20211205234730  -886.3 -33.7 -826.3
20211205234731  -886.1 -33.9 -826.6
20211205234732  -886.2 -33.8 -826.8
20211205234733  -886.6 -33.7 -826.9
20211205234734  -887.3 -34.0 -827.2
20211205234735  -887.8 -34.2 -827.6
20211205234736  -888.2 -34.2 -827.1
20211205234737  -888.4 -34.0 -826.6
20211205234738  -889.7 -33.9 -827.7
20211205234739  -889.3 -32.8 -826.7
20211205234740  -888.9 -31.8 -826.1
20211205234741  -888.8 -31.1 -825.9
20211205234742  -888.0 -30.7 -825.6
20211205234743  -887.1 -30.3 -825.4
20211205234744  -887.2 -30.2 -825.0
20211205234745  -886.9 -29.8 -824.9
20211205234746  -886.5 -29.9 -824.7
20211205234747  -886.2 -29.5 -824.1
20211205234748  -885.9 -29.5 -823.8
20211205234749  -886.4 -29.4 -823.4
20211205234750  -886.9 -30.1 -824.1
20211205234751  -886.8 -30.3 -824.1
20211205234752  -886.8 -30.2 -824.4
20211205234753  -886.9 -29.8 -825.0
20211205234754  -886.8 -29.4 -825.7
20211205234755  -887.1 -28.7 -826.0
20211205234756  -887.6 -28.6 -826.2
20211205234757  -887.9 -27.9 -825.9
20211205234758  -887.9 -27.4 -825.6
20211205234759  -888.0 -26.8 -825.5
20211205234800  -887.7 -25.8 -825.8
20211205234801  -887.3 -25.1 -826.3
20211205234802  -887.0 -25.3 -827.5
20211205234803  -886.9 -26.1 -828.2
20211205234804  -887.1 -26.7 -828.7
20211205234805  -888.0 -27.9 -829.7
20211205234806  -888.1 -28.1 -829.1
20211205234807  -887.7 -28.0 -828.5
20211205234808  -887.3 -28.0 -827.8
20211205234809  -886.7 -27.5 -826.8
20211205234810  -885.8 -26.8 -826.4
20211205234811  -885.1 -25.9 -825.7
20211205234812  -884.1 -25.4 -825.6
20211205234813  -883.3 -24.7 -824.9
20211205234814  -882.4 -24.4 -825.1
20211205234815  -881.6 -23.9 -825.3
20211205234816  -881.7 -23.9 -825.7
20211205234817  -882.6 -24.1 -826.5
20211205234818  -883.0 -24.0 -826.4
20211205234819  -883.0 -23.8 -826.2
20211205234820  -882.6 -23.0 -826.0
20211205234821  -882.5 -22.8 -826.1
20211205234822  -882.3 -22.3 -826.6
20211205234823  -882.2 -22.0 -826.8
20211205234824  -882.4 -21.9 -827.0
20211205234825  -883.0 -21.5 -827.6
20211205234826  -883.4 -21.7 -827.5
20211205234827  -883.8 -22.0 -827.5
20211205234828  -884.2 -22.7 -827.9
20211205234829  -883.9 -23.6 -828.1
20211205234830  -884.1 -24.4 -828.4
20211205234831  -883.9 -24.7 -828.9
20211205234832  -884.2 -25.1 -830.1
20211205234833  -883.7 -23.9 -829.5
20211205234834  -883.2 -22.8 -828.9
20211205234835  -882.4 -21.7 -829.0
20211205234836  -882.0 -21.1 -828.8
20211205234837  -881.6 -21.3 -828.0
20211205234838  -880.8 -21.7 -828.1
20211205234839  -880.3 -22.0 -827.8
20211205234840  -880.2 -21.9 -827.5
20211205234841  -880.1 -21.9 -827.5
20211205234842  -879.6 -21.9 -827.3
20211205234843  -879.3 -21.8 -826.9
20211205234844  -880.1 -22.0 -827.2
20211205234845  -880.3 -22.0 -827.2
20211205234846  -879.8 -21.7 -827.1
20211205234847  -879.6 -21.0 -827.4
20211205234848  -879.1 -20.2 -827.6
20211205234849  -878.9 -19.4 -827.9
20211205234850  -878.8 -19.9 -828.7
20211205234851  -878.9 -20.4 -829.3
20211205234852  -878.6 -20.9 -829.6
20211205234853  -878.9 -21.3 -830.0
20211205234854  -878.9 -21.7 -830.0
20211205234855  -878.6 -22.4 -830.1
20211205234856  -878.2 -23.3 -830.1
20211205234857  -877.9 -23.7 -830.1
20211205234858  -878.0 -24.5 -830.3
20211205234859  -878.6 -25.3 -831.0
20211205234900  -878.3 -25.1 -830.3
20211205234901  -877.4 -25.0 -829.7
20211205234902  -876.6 -24.0 -829.0
20211205234903  -876.1 -23.1 -828.8
20211205234904  -875.7 -22.6 -828.7
20211205234905  -875.1 -21.9 -828.5
20211205234906  -874.9 -21.3 -828.2
20211205234907  -874.5 -21.1 -827.9
20211205234908  -874.3 -20.7 -827.1
20211205234909  -873.9 -19.6 -826.2
20211205234910  -873.5 -18.4 -825.7
20211205234911  -874.3 -17.0 -825.7
20211205234912  -875.1 -16.7 -826.2
20211205234913  -875.5 -16.6 -826.5
20211205234914  -875.7 -16.6 -827.0
20211205234915  -875.7 -16.7 -827.1
20211205234916  -876.3 -16.6 -827.5
20211205234917  -876.5 -16.7 -827.8
20211205234918  -876.6 -17.0 -827.7
20211205234919  -876.6 -17.7 -828.0
20211205234920  -877.1 -18.3 -827.9
20211205234921  -877.7 -18.9 -828.0
20211205234922  -878.2 -19.0 -828.1
20211205234923  -878.4 -18.6 -828.2
20211205234924  -879.0 -17.5 -828.1
20211205234925  -879.8 -16.7 -828.3
20211205234926  -880.8 -16.5 -829.1
20211205234927  -881.8 -16.6 -829.0
20211205234928  -882.4 -16.6 -828.4
20211205234929  -882.2 -16.8 -827.8
20211205234930  -882.0 -17.0 -826.9
20211205234931  -881.6 -17.1 -826.4
20211205234932  -881.2 -16.6 -825.7
20211205234933  -880.7 -16.4 -825.4
20211205234934  -880.3 -16.6 -825.3
20211205234935  -879.7 -16.9 -824.8
20211205234936  -879.5 -17.3 -824.5
20211205234937  -879.4 -17.2 -824.5
20211205234938  -879.3 -16.7 -824.7
20211205234939  -879.7 -16.6 -825.7
20211205234940  -879.9 -15.9 -826.0
20211205234941  -879.9 -15.9 -825.9
20211205234942  -879.9 -16.1 -826.4
20211205234943  -880.0 -16.2 -827.0
20211205234944  -880.4 -16.2 -827.5
20211205234945  -880.3 -16.3 -827.5
20211205234946  -880.5 -16.1 -827.9
20211205234947  -880.8 -16.0 -828.3
20211205234948  -881.4 -16.3 -828.4
20211205234949  -881.9 -16.7 -828.4
20211205234950  -882.6 -16.8 -828.1
20211205234951  -883.4 -17.2 -828.1
20211205234952  -883.4 -17.4 -827.7
20211205234953  -883.7 -17.6 -828.2
20211205234954  -883.7 -17.1 -827.9
20211205234955  -883.0 -16.8 -827.7
20211205234956  -881.6 -16.6 -827.3
20211205234957  -880.5 -16.2 -827.5
20211205234958  -880.0 -16.2 -827.5
20211205234959  -879.5 -16.0 -827.5
20211205235000  -879.4 -15.5 -827.2
20211205235001  -879.2 -15.0 -826.9
20211205235002  -878.6 -14.9 -826.2
20211205235003  -878.0 -14.8 -825.3
20211205235004  -877.4 -14.3 -824.9
20211205235005  -877.0 -14.3 -824.9
20211205235006  -877.8 -14.8 -825.6
20211205235007  -877.8 -15.3 -826.1
20211205235008  -877.9 -15.4 -826.5
20211205235009  -878.1 -15.4 -826.9
20211205235010  -878.5 -15.9 -827.1
20211205235011  -879.0 -16.4 -827.1
20211205235012  -879.4 -17.0 -827.3
20211205235013  -879.8 -17.3 -827.5
20211205235014  -879.9 -17.6 -827.3
20211205235015  -879.7 -17.5 -827.1
20211205235016  -879.3 -16.8 -827.5
20211205235017  -879.0 -16.3 -828.0
20211205235018  -878.9 -16.3 -828.4
20211205235019  -879.1 -16.6 -828.7
20211205235020  -879.1 -17.2 -828.9
20211205235021  -879.6 -18.2 -829.4
20211205235022  -879.1 -18.2 -828.6
20211205235023  -878.5 -18.4 -827.9
20211205235024  -878.3 -18.2 -827.7
20211205235025  -878.2 -17.8 -826.9
20211205235026  -877.9 -17.4 -826.2
20211205235027  -877.7 -17.1 -825.7
20211205235028  -877.6 -16.8 -825.3
20211205235029  -877.9 -16.1 -824.9
20211205235030  -877.9 -15.1 -824.4
20211205235031  -877.6 -14.2 -824.0
20211205235032  -877.3 -13.8 -823.7
20211205235033  -877.6 -13.6 -823.7
20211205235034  -878.4 -13.9 -824.5
20211205235035  -877.8 -13.7 -824.5
20211205235036  -877.6 -13.5 -824.7
20211205235037  -877.3 -12.8 -824.7
20211205235038  -877.2 -12.7 -824.7
20211205235039  -877.0 -12.5 -825.1
20211205235040  -877.0 -12.0 -825.2
20211205235041  -877.2 -12.2 -825.7
20211205235042  -877.8 -12.3 -826.3
20211205235043  -878.3 -12.6 -826.6
20211205235044  -878.7 -13.0 -827.2
20211205235045  -879.4 -13.2 -827.4
20211205235046  -880.3 -13.2 -827.2
20211205235047  -880.5 -12.8 -826.7
20211205235048  -881.4 -13.4 -827.6
20211205235049  -880.8 -12.9 -826.5
20211205235050  -880.4 -12.8 -825.7
20211205235051  -879.8 -12.2 -825.5
20211205235052  -879.4 -12.2 -825.2
20211205235053  -879.2 -12.2 -825.1
20211205235054  -878.9 -12.1 -825.2
20211205235055  -878.5 -12.1 -824.9
20211205235056  -878.2 -12.2 -824.8
20211205235057  -877.5 -11.9 -824.8
20211205235058  -877.0 -11.5 -825.1
20211205235059  -876.9 -11.4 -825.3
20211205235100  -876.6 -11.4 -825.3
20211205235101  -877.5 -11.4 -826.6
20211205235102  -877.5 -11.8 -826.9
20211205235103  -878.0 -11.7 -826.9
20211205235104  -878.0 -11.9 -827.2
20211205235105  -878.0 -11.5 -827.3
20211205235106  -878.2 -11.3 -827.1
20211205235107  -878.2 -10.6 -827.3
20211205235108  -878.3 -10.2 -827.4
20211205235109  -877.5 -9.8 -827.1
20211205235110  -877.0 -9.2 -826.9
20211205235111  -876.4 -8.8 -826.9
20211205235112  -876.1 -8.4 -826.9
20211205235113  -875.5 -8.1 -827.2
20211205235114  -874.8 -7.9 -827.8
20211205235115  -874.9 -8.0 -828.8
20211205235116  -874.8 -8.2 -829.1
20211205235117  -874.2 -7.9 -829.1
20211205235118  -873.5 -7.9 -829.3
20211205235119  -873.2 -7.6 -829.2
20211205235120  -872.9 -7.5 -829.0
20211205235121  -872.9 -7.0 -828.6
20211205235122  -872.5 -6.0 -828.2
20211205235123  -872.1 -5.9 -828.1
20211205235124  -871.9 -5.5 -827.9
20211205235125  -871.7 -5.2 -827.5
20211205235126  -871.4 -5.1 -827.2
20211205235127  -871.2 -5.1 -826.7
20211205235128  -871.0 -5.3 -826.8
20211205235129  -872.1 -5.8 -828.0
20211205235130  -872.1 -6.0 -828.2
20211205235131  -872.4 -6.1 -828.7
20211205235132  -873.1 -6.9 -829.0
20211205235133  -873.6 -7.7 -829.3
20211205235134  -874.2 -8.7 -829.3
20211205235135  -874.7 -9.0 -828.9
20211205235136  -874.9 -10.0 -828.4
20211205235137  -875.3 -10.3 -828.1
20211205235138  -875.2 -10.5 -827.8
20211205235139  -875.3 -10.8 -827.7
20211205235140  -875.2 -10.9 -827.6
20211205235141  -875.1 -10.8 -827.3
20211205235142  -874.7 -10.9 -827.3
20211205235143  -875.2 -11.5 -827.8
20211205235144  -874.0 -11.4 -827.3
20211205235145  -873.1 -10.8 -826.8
20211205235146  -872.5 -10.0 -826.5
20211205235147  -872.0 -8.9 -826.1
20211205235148  -871.3 -7.6 -825.8
20211205235149  -871.3 -7.4 -825.5
20211205235150  -870.7 -6.9 -825.4
20211205235151  -870.3 -6.6 -825.1
20211205235152  -869.9 -6.5 -824.7
20211205235153  -869.7 -6.4 -824.3
20211205235154  -869.2 -6.0 -823.9
20211205235155  -869.0 -5.5 -823.5
20211205235156  -869.2 -5.2 -823.7
20211205235157  -869.8 -5.0 -823.9
20211205235158  -870.2 -4.9 -824.3
20211205235159  -870.5 -5.1 -824.7
20211205235200  -870.4 -5.4 -825.1
20211205235201  -870.3 -6.0 -825.0
20211205235202  -870.8 -5.9 -825.0
20211205235203  -871.2 -6.3 -825.3
20211205235204  -871.8 -6.6 -825.4
20211205235205  -872.0 -7.6 -825.7
20211205235206  -872.7 -7.9 -825.6
20211205235207  -873.2 -8.4 -825.1
20211205235208  -873.5 -8.6 -825.1
20211205235209  -873.5 -8.7 -824.5
20211205235210  -874.0 -8.8 -825.2
20211205235211  -873.3 -9.0 -824.9
20211205235212  -872.5 -8.7 -824.4
20211205235213  -872.2 -8.7 -824.0
20211205235214  -871.6 -8.6 -823.6
20211205235215  -870.8 -9.2 -823.1
20211205235216  -870.3 -10.0 -822.7
20211205235217  -870.2 -10.7 -822.4
20211205235218  -869.7 -11.0 -821.7
20211205235219  -869.1 -11.2 -821.4
20211205235220  -868.8 -11.6 -821.4
20211205235221  -868.7 -11.2 -821.2
20211205235222  -868.3 -10.5 -821.4
20211205235223  -867.8 -10.0 -821.4
20211205235224  -868.4 -9.5 -822.1
20211205235225  -868.2 -9.2 -823.2
20211205235226  -868.0 -9.1 -823.6
20211205235227  -868.3 -8.9 -824.6
20211205235228  -868.2 -9.3 -824.6
20211205235229  -868.1 -9.3 -824.4
20211205235230  -868.0 -9.9 -824.4
20211205235231  -867.8 -10.5 -824.2
20211205235232  -867.6 -11.0 -824.1
20211205235233  -867.5 -11.3 -824.0
20211205235234  -867.1 -11.1 -824.0
20211205235235  -866.9 -10.3 -824.2
20211205235236  -866.7 -9.5 -824.4
20211205235237  -866.5 -9.0 -824.7
20211205235238  -866.4 -8.6 -825.5
20211205235239  -865.5 -7.9 -825.3
20211205235240  -865.3 -7.2 -825.1
20211205235241  -864.7 -7.5 -824.8
20211205235242  -864.2 -7.4 -824.6
20211205235243  -863.8 -7.8 -824.4
20211205235244  -863.6 -7.6 -824.2
20211205235245  -863.2 -7.8 -824.3
20211205235246  -863.2 -7.0 -824.2
20211205235247  -863.2 -6.7 -823.6
20211205235248  -863.0 -6.2 -823.1
20211205235249  -863.0 -5.9 -822.0
20211205235250  -862.6 -5.6 -821.1
20211205235251  -862.5 -5.4 -820.8
20211205235252  -863.3 -5.8 -821.4
20211205235253  -863.6 -6.1 -821.5
20211205235254  -863.4 -6.3 -821.8
20211205235255  -863.2 -6.0 -822.0
20211205235256  -862.6 -6.3 -822.2
20211205235257  -862.5 -6.5 -822.2
20211205235258  -862.2 -6.5 -822.3
20211205235259  -862.2 -6.7 -822.0
20211205235300  -862.2 -6.7 -822.0
20211205235301  -862.0 -6.9 -821.7
20211205235302  -861.6 -6.6 -821.3
20211205235303  -861.3 -6.3 -821.2
20211205235304  -861.1 -5.8 -821.0
20211205235305  -861.1 -5.7 -821.6
20211205235306  -859.8 -4.7 -820.9
20211205235307  -858.9 -3.8 -820.4
20211205235308  -858.2 -3.2 -819.8
20211205235309  -858.0 -2.9 -819.1
20211205235310  -857.6 -2.8 -818.4
20211205235311  -857.2 -3.1 -818.2
20211205235312  -856.7 -3.5 -817.9
20211205235313  -856.4 -3.9 -817.8
20211205235314  -856.2 -4.6 -817.4
20211205235315  -856.0 -5.2 -816.9
20211205235316  -855.9 -6.0 -816.9
20211205235317  -856.2 -6.8 -817.1
20211205235318  -855.7 -6.7 -816.7
20211205235319  -855.5 -6.5 -816.3
20211205235320  -855.8 -6.3 -816.5
20211205235321  -856.1 -6.8 -817.2
20211205235322  -855.9 -7.7 -817.1
20211205235323  -856.1 -8.1 -816.9
20211205235324  -855.8 -8.4 -816.7
20211205235325  -855.3 -8.3 -816.6
20211205235326  -855.3 -8.3 -816.4
20211205235327  -854.9 -7.9 -817.0
20211205235328  -854.6 -7.1 -816.8
20211205235329  -855.0 -6.2 -817.2
20211205235330  -854.7 -5.8 -817.3
20211205235331  -854.5 -5.4 -817.6
20211205235332  -854.6 -5.5 -818.1
20211205235333  -854.8 -6.1 -817.8
20211205235334  -854.2 -6.2 -817.5
20211205235335  -853.7 -6.3 -817.0
20211205235336  -853.5 -6.8 -817.0
20211205235337  -853.1 -7.4 -816.6
20211205235338  -852.7 -7.7 -816.6
20211205235339  -852.3 -7.9 -816.5
20211205235340  -851.5 -8.0 -816.5
20211205235341  -851.3 -8.5 -816.8
20211205235342  -850.5 -8.1 -817.1
20211205235343  -850.4 -8.4 -817.4
20211205235344  -850.1 -8.6 -817.7
20211205235345  -849.7 -8.0 -817.3
20211205235346  -849.4 -7.4 -817.0
20211205235347  -849.3 -6.5 -816.8
20211205235348  -848.5 -5.3 -816.7
20211205235349  -849.4 -4.5 -817.5
20211205235350  -849.8 -3.9 -817.8
20211205235351  -850.4 -3.7 -817.8
20211205235352  -850.5 -3.2 -817.6
20211205235353  -850.6 -3.1 -817.2
20211205235354  -850.7 -3.1 -817.0
20211205235355  -850.7 -3.1 -817.0
20211205235356  -850.8 -3.6 -816.8
20211205235357  -850.5 -4.2 -817.4
20211205235358  -850.6 -5.1 -817.4
20211205235359  -851.0 -5.8 -817.3
20211205235400  -851.1 -6.5 -818.1
20211205235401  -850.5 -6.5 -817.6
20211205235402  -849.8 -6.6 -817.1
20211205235403  -849.7 -6.7 -816.4
20211205235404  -849.3 -6.6 -816.1
20211205235405  -848.7 -6.4 -815.9
20211205235406  -848.4 -5.9 -815.4
20211205235407  -847.8 -5.9 -815.1
20211205235408  -847.5 -4.8 -814.4
20211205235409  -847.1 -3.8 -814.2
20211205235410  -846.6 -2.9 -813.8
20211205235411  -846.5 -2.5 -813.3
20211205235412  -845.9 -1.9 -813.2
20211205235413  -845.7 -1.9 -812.9
20211205235414  -845.6 -2.2 -812.9
20211205235415  -845.6 -2.6 -813.2
20211205235416  -845.2 -3.0 -812.8
20211205235417  -845.8 -3.9 -813.7
20211205235418  -846.3 -4.4 -813.7
20211205235419  -846.1 -5.0 -814.0
20211205235420  -846.4 -5.2 -814.2
20211205235421  -846.6 -5.3 -814.6
20211205235422  -847.0 -5.4 -814.4
20211205235423  -846.9 -5.7 -814.6
20211205235424  -846.8 -6.1 -814.5
20211205235425  -846.9 -6.6 -814.6
20211205235426  -846.6 -7.0 -814.4
20211205235427  -846.8 -8.0 -814.9
20211205235428  -846.1 -7.8 -814.4
20211205235429  -846.2 -7.8 -814.3
20211205235430  -846.1 -7.7 -814.0
20211205235431  -845.9 -7.7 -813.4
20211205235432  -846.0 -7.8 -812.8
20211205235433  -845.9 -7.0 -811.7
20211205235434  -845.3 -6.3 -811.2
20211205235435  -844.8 -5.4 -810.6
20211205235436  -844.0 -5.1 -810.8
20211205235437  -843.2 -4.8 -811.0
20211205235438  -842.8 -5.0 -811.3
20211205235439  -842.3 -4.9 -811.1
20211205235440  -841.9 -4.8 -810.9
20211205235441  -841.6 -4.5 -810.7
20211205235442  -841.1 -4.7 -810.9
20211205235443  -840.8 -4.8 -810.9
20211205235444  -841.0 -5.1 -810.9
20211205235445  -842.3 -5.6 -811.6
20211205235446  -842.7 -6.1 -811.9
20211205235447  -842.9 -6.9 -811.7
20211205235448  -842.6 -7.0 -812.1
20211205235449  -842.7 -7.1 -812.0
20211205235450  -842.6 -7.5 -812.1
20211205235451  -842.4 -7.5 -812.1
20211205235452  -842.1 -7.3 -811.8
20211205235453  -841.9 -7.2 -811.7
20211205235454  -842.0 -7.9 -812.4
20211205235455  -841.4 -7.4 -812.2
20211205235456  -841.3 -7.1 -812.0
20211205235457  -841.3 -7.1 -811.9
20211205235458  -840.9 -6.9 -812.1
20211205235459  -841.4 -6.8 -812.0
20211205235500  -841.5 -6.7 -811.5
20211205235501  -841.7 -6.9 -811.3
20211205235502  -841.9 -7.3 -811.1
20211205235503  -841.6 -7.7 -810.8
20211205235504  -841.5 -8.5 -810.8
20211205235505  -841.8 -9.3 -810.5
20211205235506  -841.6 -9.6 -810.2
20211205235507  -841.3 -9.5 -809.9
20211205235508  -841.4 -9.4 -809.6
20211205235509  -840.6 -8.8 -809.2
20211205235510  -840.0 -7.9 -809.6
20211205235511  -839.5 -7.4 -810.0
20211205235512  -839.8 -6.9 -811.1
20211205235513  -841.0 -7.3 -812.5
20211205235514  -841.6 -7.4 -812.8
20211205235515  -842.1 -7.9 -812.8
20211205235516  -842.8 -8.2 -813.0
20211205235517  -843.3 -7.6 -812.6
20211205235518  -843.7 -7.4 -812.4
20211205235519  -843.9 -6.9 -812.0
20211205235520  -844.1 -6.5 -811.3
20211205235521  -843.5 -6.8 -812.0
20211205235522  -843.2 -7.2 -811.5
20211205235523  -842.5 -8.5 -810.7
20211205235524  -842.3 -9.5 -810.5
20211205235525  -842.1 -11.1 -810.5
20211205235526  -842.0 -11.8 -810.1
20211205235527  -842.3 -12.3 -809.9
20211205235528  -842.2 -12.6 -809.7
20211205235529  -841.7 -13.0 -809.5
20211205235530  -841.5 -13.4 -809.8
20211205235531  -840.7 -13.4 -809.7
20211205235532  -840.4 -13.7 -810.4
20211205235533  -840.0 -14.2 -810.4
20211205235534  -840.2 -14.2 -811.0
20211205235535  -840.3 -14.7 -811.0
20211205235536  -840.9 -14.5 -810.7
20211205235537  -841.0 -14.5 -810.5
20211205235538  -841.6 -14.4 -810.2
20211205235539  -841.4 -14.4 -809.8
20211205235540  -841.9 -14.7 -809.4
20211205235541  -842.5 -14.9 -809.7
20211205235542  -842.4 -15.0 -809.9
20211205235543  -842.0 -15.3 -809.7
20211205235544  -841.9 -15.5 -809.9
20211205235545  -841.4 -15.4 -809.6
20211205235546  -841.5 -15.1 -809.3
20211205235547  -841.3 -14.7 -808.8
20211205235548  -841.4 -14.6 -809.2
20211205235549  -841.6 -14.7 -809.4
20211205235550  -841.3 -14.7 -809.0
20211205235551  -841.1 -14.5 -808.4
20211205235552  -840.9 -14.2 -807.7
20211205235553  -840.3 -14.3 -807.1
20211205235554  -840.0 -14.2 -806.6
20211205235555  -840.1 -14.1 -806.2
20211205235556  -839.7 -14.7 -805.8
20211205235557  -839.4 -14.9 -805.6
20211205235558  -839.3 -14.9 -805.3
20211205235559  -838.4 -15.0 -804.9
20211205235600  -837.9 -14.6 -804.9
20211205235601  -837.2 -14.5 -804.6
20211205235602  -837.1 -14.4 -804.4
20211205235603  -836.8 -14.3 -804.3
20211205235604  -836.9 -13.9 -803.9
20211205235605  -836.4 -13.9 -803.4
20211205235606  -836.3 -13.6 -803.3
20211205235607  -835.8 -13.0 -803.2
20211205235608  -836.7 -13.4 -804.7
20211205235609  -837.1 -13.3 -804.6
20211205235610  -836.7 -13.1 -805.2
20211205235611  -836.9 -13.0 -805.5
20211205235612  -837.1 -13.0 -805.5
20211205235613  -837.1 -13.1 -805.5
20211205235614  -837.3 -13.7 -805.4
20211205235615  -837.4 -14.3 -805.4
20211205235616  -837.9 -15.4 -806.2
20211205235617  -837.8 -15.3 -806.0
20211205235618  -837.9 -15.3 -805.0
20211205235619  -838.1 -15.0 -804.2
20211205235620  -837.8 -14.9 -803.4
20211205235621  -837.5 -14.5 -802.7
20211205235622  -837.3 -13.6 -802.2
20211205235623  -836.9 -13.5 -802.4
20211205235624  -836.4 -13.2 -803.1
20211205235625  -835.8 -13.1 -803.0
20211205235626  -836.0 -13.4 -802.8
20211205235627  -835.7 -13.9 -802.6
20211205235628  -835.5 -13.8 -802.4
20211205235629  -835.7 -13.9 -802.3
20211205235630  -835.7 -13.9 -802.4
20211205235631  -835.8 -13.8 -802.5
20211205235632  -835.6 -14.0 -802.7
20211205235633  -835.9 -13.6 -803.3
20211205235634  -835.6 -13.2 -803.7
20211205235635  -836.6 -12.8 -804.1
20211205235636  -837.5 -12.8 -803.7
20211205235637  -837.7 -12.2 -803.1
20211205235638  -837.7 -11.7 -802.6
20211205235639  -837.5 -11.7 -802.3
20211205235640  -837.1 -11.9 -802.9
20211205235641  -836.9 -11.9 -803.2
20211205235642  -837.1 -12.1 -803.5
20211205235643  -837.5 -12.9 -804.3
20211205235644  -837.1 -13.1 -803.6
20211205235645  -836.9 -12.9 -803.3
20211205235646  -836.9 -12.6 -803.0
20211205235647  -837.0 -12.3 -802.9
20211205235648  -837.1 -11.6 -803.0
20211205235649  -837.1 -11.3 -803.1
20211205235650  -837.3 -11.2 -802.9
20211205235651  -837.2 -11.3 -802.4
20211205235652  -837.7 -11.7 -802.2
20211205235653  -837.4 -12.2 -801.8
20211205235654  -837.1 -12.5 -801.4
20211205235655  -836.6 -12.6 -801.4
20211205235656  -836.1 -12.5 -800.9
20211205235657  -835.3 -12.3 -800.9
20211205235658  -835.0 -12.1 -801.6
20211205235659  -835.0 -11.7 -801.8
20211205235700  -835.0 -11.7 -801.9
20211205235701  -834.9 -11.5 -801.9
20211205235702  -834.9 -10.9 -801.4
20211205235703  -836.1 -11.5 -802.1
20211205235704  -836.6 -12.4 -802.1
20211205235705  -836.3 -13.4 -801.7
20211205235706  -836.1 -13.9 -801.7
20211205235707  -835.7 -14.6 -801.9
20211205235708  -836.3 -15.0 -801.5
20211205235709  -836.2 -15.3 -801.3
20211205235710  -836.0 -15.6 -801.3
20211205235711  -835.6 -15.5 -801.2
20211205235712  -834.8 -15.0 -800.8
20211205235713  -834.5 -15.0 -800.2
20211205235714  -834.1 -14.5 -800.1
20211205235715  -833.9 -14.2 -800.0
20211205235716  -833.4 -13.4 -799.4
20211205235717  -833.1 -12.8 -799.7
20211205235718  -833.0 -12.6 -800.4
20211205235719  -833.0 -12.6 -801.2
20211205235720  -833.0 -13.2 -801.7
20211205235721  -833.3 -13.7 -801.5
20211205235722  -833.4 -13.9 -801.4
20211205235723  -833.8 -14.5 -801.3
20211205235724  -834.1 -14.8 -800.9
20211205235725  -834.0 -14.9 -800.7
20211205235726  -833.4 -15.0 -800.5
20211205235727  -833.2 -15.1 -800.8
20211205235728  -833.3 -15.4 -800.6
20211205235729  -832.8 -15.6 -801.0
20211205235730  -834.0 -15.9 -801.8
20211205235731  -834.3 -16.0 -802.1
20211205235732  -834.2 -15.8 -801.8
20211205235733  -834.2 -15.1 -801.3
20211205235734  -834.4 -14.7 -801.0
20211205235735  -834.6 -14.8 -801.0
20211205235736  -834.3 -14.6 -801.3
20211205235737  -834.8 -14.8 -801.3
20211205235738  -835.0 -15.4 -802.2
20211205235739  -834.9 -15.2 -802.1
20211205235740  -834.6 -15.3 -801.8
20211205235741  -834.4 -15.7 -801.5
20211205235742  -834.2 -16.0 -801.4
20211205235743  -833.9 -16.2 -801.4
20211205235744  -833.3 -15.9 -801.7
20211205235745  -833.4 -15.7 -801.7
20211205235746  -833.3 -15.6 -801.9
20211205235747  -832.7 -15.1 -801.5
20211205235748  -832.3 -14.7 -801.4
20211205235749  -831.9 -14.9 -801.0
20211205235750  -831.6 -15.2 -800.6
20211205235751  -831.0 -15.4 -800.3
20211205235752  -830.9 -15.4 -800.0
20211205235753  -830.6 -15.7 -800.3
20211205235754  -830.9 -16.1 -800.1
20211205235755  -830.8 -15.4 -799.7
20211205235756  -831.3 -15.4 -799.3
20211205235757  -832.0 -14.8 -799.0
20211205235758  -832.2 -14.8 -799.2
20211205235759  -832.3 -14.5 -799.7
20211205235800  -832.6 -14.3 -799.6
20211205235801  -833.0 -14.5 -799.6
20211205235802  -833.3 -15.1 -799.1
20211205235803  -833.5 -15.4 -798.9
20211205235804  -833.5 -16.0 -798.6
20211205235805  -833.6 -16.4 -798.9
20211205235806  -833.1 -16.6 -798.4
20211205235807  -831.9 -16.5 -798.0
20211205235808  -831.0 -16.1 -798.0
20211205235809  -830.3 -15.9 -798.2
20211205235810  -830.0 -15.8 -798.2
20211205235811  -829.6 -15.9 -798.4
20211205235812  -829.8 -15.9 -798.8
20211205235813  -829.9 -16.4 -799.2
