20211110221639  -669.6 -82.0 -187.6
20211110221640  -669.2 -81.9 -187.7
20211110221641  -669.4 -81.5 -187.6
20211110221642  -669.3 -81.5 -187.5
20211110221643  -669.2 -81.6 -187.8
20211110221644  -669.3 -82.0 -187.6
20211110221645  -669.5 -82.0 -187.8
20211110221646  -669.5 -82.0 -187.8
20211110221647  -669.5 -81.9 -187.8
20211110221648  -669.4 -81.8 -187.8
20211110221649  -669.3 -81.9 -188.0
20211110221650  -669.2 -82.0 -187.8
20211110221651  -669.2 -81.8 -187.7
20211110221652  -669.4 -82.1 -187.7
20211110221653  -669.7 -82.0 -187.9
20211110221654  -669.4 -82.1 -187.8
20211110221655  -669.6 -82.0 -187.9
20211110221656  -669.8 -82.0 -187.3
20211110221657  -669.6 -82.2 -187.7
20211110221658  -669.6 -81.9 -187.4
20211110221659  -669.7 -81.9 -187.8
20211110221700  -669.6 -82.0 -187.8
20211110221701  -669.8 -82.0 -187.9
20211110221702  -669.8 -82.1 -188.0
20211110221703  -669.5 -82.0 -187.9
20211110221704  -670.0 -82.2 -187.8
20211110221705  -670.1 -82.2 -187.8
20211110221706  -670.0 -82.1 -187.6
20211110221707  -670.0 -82.4 -188.1
20211110221708  -669.9 -82.2 -188.3
20211110221709  -669.8 -82.3 -188.1
20211110221710  -669.8 -82.4 -188.1
20211110221711  -670.0 -82.3 -188.1
20211110221712  -670.0 -82.3 -188.5
20211110221713  -669.8 -82.2 -188.1
20211110221714  -669.9 -82.1 -188.3
20211110221715  -670.0 -82.4 -188.1
20211110221716  -670.0 -82.4 -187.9
20211110221717  -669.9 -82.4 -188.2
20211110221718  -670.0 -82.4 -188.0
20211110221719  -670.3 -82.4 -188.2
20211110221720  -670.3 -82.3 -188.0
20211110221721  -670.1 -82.3 -188.0
20211110221722  -670.0 -82.3 -187.8
20211110221723  -670.0 -82.1 -187.9
20211110221724  -670.4 -82.2 -188.0
20211110221725  -670.0 -82.1 -187.9
20211110221726  -670.1 -82.2 -188.0
20211110221727  -670.2 -82.6 -188.0
20211110221728  -670.1 -82.7 -188.3
20211110221729  -670.4 -82.7 -188.2
20211110221730  -670.2 -82.2 -188.1
20211110221731  -670.0 -82.3 -188.2
20211110221732  -670.4 -82.4 -188.2
20211110221733  -670.3 -82.2 -188.3
20211110221734  -670.5 -82.2 -188.1
20211110221735  -670.0 -82.6 -188.3
20211110221736  -670.0 -82.2 -188.1
20211110221737  -669.8 -82.3 -188.1
20211110221738  -669.7 -82.1 -188.0
20211110221739  -670.0 -82.1 -187.8
20211110221740  -670.2 -82.0 -187.8
20211110221741  -669.9 -81.7 -187.9
20211110221742  -669.8 -81.9 -188.1
20211110221743  -669.6 -82.0 -188.0
20211110221744  -669.6 -82.0 -188.0
20211110221745  -669.7 -81.9 -188.2
20211110221746  -669.8 -82.3 -188.0
20211110221747  -669.8 -82.2 -188.0
20211110221748  -669.7 -81.9 -187.8
20211110221749  -669.7 -81.9 -187.8
20211110221750  -669.9 -81.9 -187.7
20211110221751  -669.9 -81.8 -188.0
20211110221752  -669.9 -81.9 -187.9
20211110221753  -669.9 -81.8 -187.9
20211110221754  -669.7 -81.7 -188.0
20211110221755  -669.7 -81.9 -188.0
20211110221756  -669.9 -81.9 -187.8
20211110221757  -669.5 -81.9 -188.0
20211110221758  -669.7 -82.0 -188.1
20211110221759  -669.7 -82.1 -188.3
20211110221800  -669.5 -82.1 -188.4
20211110221801  -669.4 -82.1 -188.4
20211110221802  -669.5 -82.0 -188.3
20211110221803  -669.3 -82.1 -188.1
20211110221804  -669.1 -82.1 -188.2
20211110221805  -669.3 -82.0 -188.1
20211110221806  -669.1 -81.7 -188.1
20211110221807  -669.2 -81.6 -188.3
20211110221808  -669.3 -81.7 -188.2
20211110221809  -669.3 -81.8 -188.1
20211110221810  -669.3 -81.7 -188.3
20211110221811  -669.5 -82.1 -188.1
20211110221812  -669.5 -81.7 -188.0
20211110221813  -669.4 -81.9 -188.3
20211110221814  -669.7 -81.9 -188.3
20211110221815  -669.3 -82.1 -188.4
20211110221816  -669.4 -82.1 -188.1
20211110221817  -669.6 -82.2 -187.9
20211110221818  -669.6 -82.3 -187.9
20211110221819  -669.4 -82.2 -188.0
20211110221820  -669.5 -82.0 -188.3
20211110221821  -669.2 -81.8 -188.4
20211110221822  -669.4 -81.7 -188.2
20211110221823  -669.4 -81.9 -188.4
20211110221824  -669.3 -81.8 -188.2
20211110221825  -669.6 -82.1 -188.0
20211110221826  -669.4 -82.0 -187.8
20211110221827  -669.4 -81.9 -188.2
20211110221828  -669.5 -81.8 -188.3
20211110221829  -669.6 -81.8 -188.0
20211110221830  -669.7 -81.8 -188.1
20211110221831  -669.6 -81.8 -188.0
20211110221832  -669.6 -81.9 -188.2
20211110221833  -669.7 -81.9 -188.5
20211110221834  -669.5 -81.8 -188.9
20211110221835  -669.6 -81.9 -188.4
20211110221836  -669.7 -81.7 -188.3
20211110221837  -669.6 -82.0 -188.5
20211110221838  -669.7 -81.6 -188.4
20211110221839  -669.7 -81.7 -188.5
20211110221840  -669.5 -81.8 -188.6
20211110221841  -669.4 -81.7 -188.5
20211110221842  -669.6 -81.8 -188.4
20211110221843  -669.8 -81.7 -188.3
20211110221844  -669.7 -81.8 -188.3
20211110221845  -669.7 -82.0 -188.2
20211110221846  -669.6 -81.9 -188.3
20211110221847  -669.4 -81.7 -188.5
20211110221848  -669.5 -82.1 -188.5
20211110221849  -669.5 -81.8 -188.5
20211110221850  -669.4 -81.9 -188.4
20211110221851  -669.3 -81.9 -188.6
20211110221852  -669.5 -82.0 -188.6
20211110221853  -669.4 -82.4 -188.4
20211110221854  -669.5 -82.2 -188.6
20211110221855  -669.3 -81.7 -188.6
20211110221856  -669.4 -81.7 -188.5
20211110221857  -669.4 -82.0 -188.3
20211110221858  -669.1 -81.9 -188.5
20211110221859  -669.3 -81.9 -188.5
20211110221900  -669.3 -81.6 -188.3
20211110221901  -669.3 -81.8 -188.2
20211110221902  -669.3 -81.9 -188.2
20211110221903  -669.2 -81.8 -188.0
20211110221904  -669.2 -82.0 -188.2
20211110221905  -669.1 -81.9 -187.9
20211110221906  -669.4 -81.7 -188.2
20211110221907  -669.2 -81.5 -188.3
20211110221908  -669.1 -81.6 -188.5
20211110221909  -669.5 -81.7 -188.5
20211110221910  -669.3 -81.7 -188.5
20211110221911  -669.2 -81.9 -188.6
20211110221912  -669.2 -82.0 -188.4
20211110221913  -669.0 -82.0 -188.2
20211110221914  -668.6 -81.8 -188.0
20211110221915  -668.8 -81.6 -188.2
20211110221916  -669.0 -81.9 -188.1
20211110221917  -668.8 -82.1 -188.3
20211110221918  -668.8 -81.9 -188.3
20211110221919  -668.9 -82.0 -188.4
20211110221920  -668.9 -82.2 -188.4
20211110221921  -668.6 -82.2 -188.1
20211110221922  -668.7 -81.7 -187.8
20211110221923  -668.9 -81.8 -188.1
20211110221924  -669.0 -81.9 -188.3
20211110221925  -668.8 -82.1 -188.2
20211110221926  -669.1 -81.8 -188.7
20211110221927  -668.9 -81.8 -188.7
20211110221928  -668.7 -81.8 -188.6
20211110221929  -668.7 -81.7 -188.7
20211110221930  -668.9 -81.9 -188.6
20211110221931  -668.6 -81.7 -188.7
20211110221932  -668.8 -81.7 -188.5
20211110221933  -668.7 -81.7 -188.4
20211110221934  -668.5 -81.5 -188.1
20211110221935  -668.7 -81.5 -188.1
20211110221936  -668.8 -81.7 -188.2
20211110221937  -668.8 -81.6 -188.2
20211110221938  -668.9 -81.7 -188.1
20211110221939  -668.6 -81.5 -187.9
20211110221940  -668.4 -81.8 -188.2
20211110221941  -668.3 -81.8 -188.2
20211110221942  -668.5 -81.8 -188.1
20211110221943  -669.0 -81.7 -188.0
20211110221944  -668.8 -81.6 -188.2
20211110221945  -668.5 -81.5 -188.3
20211110221946  -668.9 -81.7 -188.2
20211110221947  -668.4 -81.8 -187.8
20211110221948  -668.8 -81.6 -188.0
20211110221949  -668.7 -81.5 -187.9
20211110221950  -668.7 -81.8 -187.9
20211110221951  -668.3 -82.0 -187.8
20211110221952  -668.6 -81.9 -187.7
20211110221953  -668.5 -81.8 -187.9
20211110221954  -668.6 -81.9 -187.9
20211110221955  -668.6 -81.7 -187.8
20211110221956  -668.7 -81.8 -187.9
20211110221957  -668.4 -81.5 -188.1
20211110221958  -668.4 -81.9 -188.0
20211110221959  -668.3 -81.8 -187.7
20211110222000  -668.3 -81.9 -187.7
20211110222001  -668.3 -81.9 -188.0
20211110222002  -668.7 -81.9 -188.2
20211110222003  -668.5 -81.6 -187.8
20211110222004  -668.6 -81.7 -187.9
20211110222005  -668.4 -81.8 -188.2
20211110222006  -668.5 -81.6 -188.0
20211110222007  -668.4 -81.8 -188.1
20211110222008  -668.5 -82.0 -188.0
20211110222009  -668.7 -81.9 -188.0
20211110222010  -668.7 -81.8 -187.8
20211110222011  -668.4 -82.0 -188.2
20211110222012  -668.2 -82.1 -188.1
20211110222013  -668.3 -82.0 -187.7
20211110222014  -668.6 -82.4 -188.1
20211110222015  -668.6 -82.1 -187.9
20211110222016  -668.8 -82.0 -188.0
20211110222017  -668.6 -81.8 -188.2
