20211108224634  -860.5 -26.7 -261.8
20211108224635  -860.1 -26.7 -261.9
20211108224636  -859.6 -26.2 -261.8
20211108224637  -859.5 -26.2 -261.8
20211108224638  -859.3 -26.7 -261.6
20211108224639  -858.9 -26.6 -260.9
20211108224640  -858.8 -26.7 -260.7
20211108224641  -859.6 -26.9 -261.6
20211108224642  -859.3 -26.8 -261.7
20211108224643  -859.2 -26.3 -261.8
20211108224644  -859.0 -26.1 -262.0
20211108224645  -858.8 -26.3 -261.9
20211108224646  -859.0 -26.4 -262.3
20211108224647  -858.5 -26.8 -262.3
20211108224648  -858.5 -26.7 -262.6
20211108224649  -858.4 -26.6 -262.7
20211108224650  -858.5 -26.3 -262.5
20211108224651  -858.4 -26.2 -262.6
20211108224652  -858.1 -26.0 -262.6
20211108224653  -857.9 -25.7 -262.1
20211108224654  -858.1 -25.8 -262.3
20211108224655  -858.0 -26.2 -262.3
20211108224656  -857.6 -26.6 -262.5
20211108224657  -857.8 -26.9 -262.6
20211108224658  -858.1 -27.2 -263.0
20211108224659  -858.3 -27.5 -263.4
20211108224700  -858.1 -28.0 -263.5
20211108224701  -857.7 -28.0 -263.3
20211108224702  -857.7 -27.9 -263.3
20211108224703  -857.8 -27.7 -262.8
20211108224704  -857.3 -27.5 -262.5
20211108224705  -857.1 -27.6 -262.6
20211108224706  -857.1 -27.4 -262.4
20211108224707  -857.9 -27.0 -262.7
20211108224708  -858.3 -26.7 -263.2
20211108224709  -858.2 -26.1 -263.5
20211108224710  -858.4 -26.0 -263.8
20211108224711  -858.4 -25.8 -263.9
20211108224712  -858.0 -25.9 -263.8
20211108224713  -857.8 -26.1 -263.3
20211108224714  -858.2 -26.5 -263.6
20211108224715  -857.9 -26.3 -264.0
20211108224716  -858.2 -26.1 -264.0
20211108224717  -858.0 -25.8 -263.6
20211108224718  -857.9 -25.6 -264.0
20211108224719  -858.0 -25.2 -264.1
20211108224720  -858.3 -25.3 -264.3
20211108224721  -858.3 -25.2 -265.0
20211108224722  -858.5 -25.2 -265.1
20211108224723  -858.3 -25.6 -265.1
20211108224724  -858.5 -25.5 -265.1
20211108224725  -858.4 -25.7 -265.0
20211108224726  -858.1 -26.2 -264.8
20211108224727  -857.7 -26.2 -264.6
20211108224728  -857.5 -26.3 -264.3
20211108224729  -857.4 -26.6 -264.5
20211108224730  -857.2 -26.5 -264.2
20211108224731  -857.4 -26.4 -263.8
20211108224732  -857.4 -26.3 -264.0
20211108224733  -857.4 -26.1 -263.8
20211108224734  -858.0 -26.1 -264.4
20211108224735  -858.0 -26.2 -264.8
20211108224736  -858.2 -26.2 -264.9
20211108224737  -857.9 -26.3 -264.7
20211108224738  -858.2 -26.2 -264.8
20211108224739  -858.1 -26.3 -264.8
20211108224740  -858.3 -26.3 -264.8
20211108224741  -858.3 -26.0 -265.0
20211108224742  -858.6 -25.8 -264.7
20211108224743  -858.5 -25.8 -264.8
20211108224744  -858.2 -25.9 -265.3
20211108224745  -858.4 -25.9 -265.4
20211108224746  -859.0 -26.1 -265.5
20211108224747  -858.8 -26.0 -265.6
20211108224748  -858.9 -25.8 -265.7
20211108224749  -858.9 -26.0 -265.9
20211108224750  -858.9 -25.8 -265.9
20211108224751  -858.7 -25.6 -265.9
20211108224752  -859.0 -26.2 -266.0
20211108224753  -858.8 -26.7 -266.0
20211108224754  -858.5 -27.3 -265.1
20211108224755  -857.9 -28.0 -264.8
20211108224756  -857.3 -28.6 -264.9
20211108224757  -857.0 -29.0 -264.6
20211108224758  -857.3 -29.2 -264.6
20211108224759  -857.2 -29.4 -264.0
20211108224800  -857.3 -29.4 -264.3
20211108224801  -857.5 -29.3 -264.3
20211108224802  -857.3 -29.0 -264.2
20211108224803  -857.3 -28.6 -264.2
20211108224804  -857.0 -28.6 -264.2
20211108224805  -857.2 -28.6 -264.0
20211108224806  -856.5 -28.5 -263.6
20211108224807  -856.6 -28.5 -263.0
20211108224808  -856.2 -28.1 -263.1
20211108224809  -855.9 -27.7 -263.2
20211108224810  -855.5 -27.7 -263.2
20211108224811  -855.5 -27.6 -263.3
20211108224812  -855.2 -26.9 -263.4
20211108224813  -855.2 -26.9 -263.2
20211108224814  -855.6 -27.1 -263.3
20211108224815  -855.2 -27.7 -262.9
20211108224816  -854.9 -28.0 -263.3
20211108224817  -854.8 -28.2 -263.4
20211108224818  -854.6 -28.2 -263.4
20211108224819  -854.4 -28.7 -263.7
20211108224820  -853.9 -28.4 -263.4
20211108224821  -853.7 -27.9 -263.1
20211108224822  -853.6 -27.3 -262.8
20211108224823  -853.5 -27.0 -262.5
20211108224824  -853.3 -26.3 -262.1
20211108224825  -853.1 -26.4 -261.7
20211108224826  -853.8 -26.3 -262.3
20211108224827  -854.3 -26.6 -263.0
20211108224828  -854.2 -26.6 -263.3
20211108224829  -854.6 -27.1 -263.2
20211108224830  -854.9 -27.1 -263.0
20211108224831  -855.0 -27.2 -262.9
20211108224832  -854.7 -27.2 -263.4
20211108224833  -854.7 -27.2 -263.5
20211108224834  -854.4 -27.3 -263.3
20211108224835  -854.3 -27.6 -263.8
20211108224836  -854.3 -27.7 -264.0
20211108224837  -854.1 -27.6 -264.1
20211108224838  -854.1 -27.7 -264.0
20211108224839  -853.8 -27.5 -264.2
20211108224840  -853.9 -27.6 -264.3
20211108224841  -853.8 -28.0 -264.2
20211108224842  -853.9 -28.3 -264.4
20211108224843  -854.2 -28.1 -264.7
20211108224844  -854.2 -27.8 -265.1
20211108224845  -854.2 -27.8 -265.2
20211108224846  -853.8 -26.9 -265.3
20211108224847  -853.6 -26.3 -265.1
20211108224848  -853.2 -26.2 -264.8
20211108224849  -852.8 -25.9 -264.4
20211108224850  -852.6 -25.8 -264.3
20211108224851  -852.2 -25.3 -263.8
20211108224852  -852.7 -24.9 -263.9
20211108224853  -852.5 -25.0 -263.9
20211108224854  -852.2 -24.6 -263.9
20211108224855  -852.1 -24.1 -264.3
20211108224856  -851.8 -23.7 -264.1
20211108224857  -851.8 -23.5 -264.1
20211108224858  -851.8 -23.7 -264.1
20211108224859  -851.8 -23.5 -263.9
20211108224900  -851.7 -23.6 -263.8
20211108224901  -851.7 -23.9 -263.6
20211108224902  -851.6 -24.1 -263.3
20211108224903  -851.4 -24.5 -263.8
20211108224904  -851.2 -24.5 -263.6
20211108224905  -851.2 -24.5 -263.3
20211108224906  -851.2 -24.9 -263.3
20211108224907  -851.3 -24.8 -263.3
20211108224908  -851.2 -24.7 -263.4
20211108224909  -851.4 -25.0 -263.5
20211108224910  -851.3 -24.9 -263.4
20211108224911  -851.2 -25.4 -263.4
20211108224912  -851.1 -25.4 -263.5
20211108224913  -850.3 -25.5 -263.1
20211108224914  -849.5 -25.2 -262.5
20211108224915  -848.9 -25.3 -262.5
20211108224916  -848.6 -24.5 -262.5
20211108224917  -848.1 -24.2 -262.0
20211108224918  -849.1 -24.3 -262.9
20211108224919  -848.8 -24.2 -263.2
20211108224920  -848.9 -24.0 -263.5
20211108224921  -848.9 -24.1 -263.8
20211108224922  -848.9 -23.6 -264.0
20211108224923  -849.0 -23.4 -264.4
20211108224924  -848.9 -23.3 -264.3
20211108224925  -849.2 -23.3 -264.7
20211108224926  -849.3 -23.4 -264.5
20211108224927  -849.5 -23.5 -264.4
20211108224928  -849.3 -23.4 -264.3
20211108224929  -849.3 -23.2 -264.1
20211108224930  -848.9 -23.0 -263.7
20211108224931  -849.0 -22.7 -263.8
20211108224932  -849.0 -22.5 -263.8
20211108224933  -848.6 -22.3 -264.3
20211108224934  -848.8 -21.7 -264.2
20211108224935  -848.6 -21.8 -264.5
20211108224936  -848.9 -21.8 -264.8
20211108224937  -849.1 -22.3 -264.6
20211108224938  -849.0 -22.9 -264.8
20211108224939  -848.7 -22.8 -263.9
20211108224940  -848.3 -22.3 -263.9
20211108224941  -847.5 -22.0 -263.7
20211108224942  -847.2 -21.4 -263.0
20211108224943  -846.5 -21.1 -263.0
20211108224944  -847.2 -20.7 -263.8
20211108224945  -847.3 -20.8 -264.2
20211108224946  -847.3 -20.5 -264.4
20211108224947  -847.2 -20.5 -264.5
20211108224948  -847.3 -20.1 -264.1
20211108224949  -847.1 -20.0 -263.9
20211108224950  -846.8 -20.1 -263.9
20211108224951  -846.5 -20.4 -263.7
20211108224952  -846.1 -20.5 -264.1
20211108224953  -846.0 -20.4 -264.3
20211108224954  -845.8 -20.7 -264.0
20211108224955  -845.7 -20.9 -264.2
20211108224956  -845.8 -21.0 -264.1
20211108224957  -845.7 -21.3 -264.4
20211108224958  -845.7 -21.4 -264.7
20211108224959  -845.8 -21.1 -265.0
20211108225000  -846.0 -21.0 -265.0
20211108225001  -846.0 -21.1 -265.2
20211108225002  -845.9 -21.3 -264.9
20211108225003  -845.7 -21.7 -265.2
20211108225004  -845.3 -21.5 -265.2
20211108225005  -845.0 -21.8 -265.2
20211108225006  -844.7 -22.0 -265.0
20211108225007  -844.5 -22.1 -264.7
20211108225008  -844.2 -21.9 -264.6
20211108225009  -843.8 -21.7 -264.2
20211108225010  -844.4 -21.5 -264.6
20211108225011  -844.7 -21.5 -265.2
20211108225012  -844.5 -21.6 -265.3
20211108225013  -844.4 -21.7 -265.3
20211108225014  -844.1 -21.9 -265.3
20211108225015  -843.8 -21.9 -265.6
20211108225016  -843.7 -22.0 -265.9
