20211029202731  -660.3 -94.2 -187.5
20211029202732  -660.7 -94.2 -187.6
20211029202733  -660.3 -94.2 -187.6
20211029202734  -660.2 -94.3 -187.8
20211029202735  -660.6 -94.3 -187.7
20211029202736  -660.4 -94.3 -187.4
20211029202737  -660.6 -94.3 -187.4
20211029202738  -660.5 -94.2 -187.5
20211029202739  -660.5 -94.3 -187.5
20211029202740  -660.6 -94.4 -187.5
20211029202741  -660.7 -94.6 -187.6
20211029202742  -660.8 -94.6 -187.8
20211029202743  -661.0 -94.5 -187.5
20211029202744  -660.9 -94.8 -187.7
20211029202745  -660.7 -94.7 -187.7
20211029202746  -660.9 -94.6 -187.4
20211029202747  -660.9 -94.5 -187.8
20211029202748  -660.7 -94.6 -187.6
20211029202749  -660.4 -94.3 -187.2
20211029202750  -660.2 -94.4 -187.1
20211029202751  -661.1 -94.5 -187.6
20211029202752  -661.2 -94.7 -187.8
20211029202753  -661.2 -94.7 -187.9
20211029202754  -661.1 -94.4 -187.8
20211029202755  -661.1 -94.6 -187.9
20211029202756  -661.1 -94.3 -187.5
20211029202757  -661.1 -94.4 -187.7
20211029202758  -661.5 -94.4 -187.6
20211029202759  -661.5 -94.3 -187.6
20211029202800  -661.5 -94.3 -187.8
20211029202801  -661.6 -94.6 -187.6
20211029202802  -661.2 -94.4 -187.6
20211029202803  -661.6 -94.5 -187.8
20211029202804  -661.3 -94.3 -188.1
20211029202805  -661.6 -94.2 -188.3
20211029202806  -661.5 -94.3 -188.4
20211029202807  -661.7 -94.7 -188.2
20211029202808  -661.6 -94.7 -187.8
20211029202809  -662.0 -94.5 -188.2
20211029202810  -662.0 -94.5 -188.1
20211029202811  -662.0 -94.4 -188.2
20211029202812  -661.8 -94.1 -188.2
20211029202813  -661.8 -94.1 -187.7
20211029202814  -661.9 -94.1 -187.9
20211029202815  -661.7 -94.1 -187.7
20211029202816  -661.9 -94.2 -187.7
20211029202817  -661.9 -94.4 -187.8
20211029202818  -661.8 -94.6 -187.7
20211029202819  -661.3 -94.3 -187.6
20211029202820  -661.1 -94.4 -187.3
20211029202821  -661.7 -94.2 -187.3
20211029202822  -661.8 -94.1 -187.7
20211029202823  -661.7 -93.9 -187.7
20211029202824  -661.9 -94.1 -187.5
20211029202825  -662.1 -94.3 -187.7
20211029202826  -662.1 -93.7 -187.6
20211029202827  -662.2 -94.0 -187.6
20211029202828  -662.1 -94.1 -187.8
20211029202829  -662.2 -94.1 -187.9
20211029202830  -662.0 -94.3 -187.6
20211029202831  -662.1 -94.4 -187.6
20211029202832  -662.5 -94.3 -187.5
20211029202833  -662.2 -94.4 -187.4
20211029202834  -662.4 -94.2 -187.7
20211029202835  -662.3 -94.3 -187.7
20211029202836  -662.4 -94.5 -187.7
20211029202837  -662.3 -94.1 -187.7
20211029202838  -662.6 -94.4 -187.6
20211029202839  -662.3 -94.3 -187.8
20211029202840  -662.4 -94.0 -187.8
20211029202841  -662.3 -94.2 -187.6
20211029202842  -662.4 -94.0 -187.1
20211029202843  -662.5 -94.2 -187.4
20211029202844  -662.4 -93.9 -187.4
20211029202845  -662.5 -93.6 -187.5
20211029202846  -662.7 -93.5 -187.5
20211029202847  -662.8 -93.8 -187.3
20211029202848  -662.7 -93.9 -187.4
20211029202849  -662.0 -93.9 -187.1
20211029202850  -661.7 -93.4 -186.6
20211029202851  -661.2 -93.5 -186.6
20211029202852  -661.9 -93.3 -186.9
20211029202853  -662.2 -93.4 -187.2
20211029202854  -662.2 -93.6 -187.1
20211029202855  -662.4 -93.4 -187.0
20211029202856  -662.1 -93.4 -186.9
20211029202857  -662.3 -93.6 -187.3
20211029202858  -662.1 -93.3 -187.1
20211029202859  -662.4 -93.3 -187.1
20211029202900  -662.4 -93.3 -186.9
20211029202901  -662.4 -93.2 -187.0
20211029202902  -662.4 -93.1 -186.8
20211029202903  -662.4 -93.0 -186.9
20211029202904  -662.5 -93.0 -186.8
20211029202905  -662.4 -92.9 -186.6
20211029202906  -662.2 -93.0 -186.8
20211029202907  -662.4 -92.9 -187.0
20211029202908  -662.5 -92.9 -187.0
20211029202909  -662.4 -92.8 -186.9
20211029202910  -662.1 -93.1 -186.6
20211029202911  -662.4 -92.8 -186.9
20211029202912  -662.3 -92.6 -186.7
20211029202913  -662.1 -92.6 -186.9
20211029202914  -662.1 -93.0 -186.5
20211029202915  -662.4 -92.8 -186.9
20211029202916  -662.4 -92.7 -186.9
20211029202917  -662.3 -92.4 -186.9
20211029202918  -662.0 -92.1 -186.8
20211029202919  -661.7 -92.5 -186.5
20211029202920  -661.7 -92.1 -186.0
20211029202921  -661.3 -92.2 -185.7
20211029202922  -661.3 -92.0 -186.0
20211029202923  -662.0 -91.8 -186.5
20211029202924  -661.9 -92.1 -186.5
20211029202925  -662.2 -92.2 -186.4
20211029202926  -662.3 -91.8 -186.4
20211029202927  -662.3 -92.2 -186.5
20211029202928  -662.2 -92.1 -186.4
20211029202929  -662.1 -91.8 -186.4
20211029202930  -662.1 -91.7 -186.5
20211029202931  -662.0 -91.8 -186.6
20211029202932  -662.2 -91.8 -186.7
20211029202933  -662.1 -91.5 -186.5
20211029202934  -661.9 -91.5 -186.4
20211029202935  -661.9 -91.6 -186.4
20211029202936  -661.8 -91.7 -186.6
20211029202937  -662.0 -91.8 -186.7
20211029202938  -661.9 -91.7 -186.4
20211029202939  -661.8 -92.0 -185.9
20211029202940  -662.0 -91.8 -185.9
20211029202941  -661.9 -91.7 -186.1
20211029202942  -662.2 -91.8 -186.0
20211029202943  -661.9 -91.9 -185.8
20211029202944  -661.4 -91.9 -186.0
20211029202945  -661.7 -91.8 -186.1
20211029202946  -661.5 -91.7 -186.0
20211029202947  -661.5 -91.5 -186.1
20211029202948  -661.5 -91.3 -186.1
20211029202949  -661.2 -91.5 -186.0
20211029202950  -660.8 -91.6 -185.3
20211029202951  -660.4 -91.3 -184.8
20211029202952  -660.1 -90.9 -184.7
20211029202953  -660.4 -91.1 -185.3
20211029202954  -660.9 -91.4 -185.2
20211029202955  -660.8 -91.1 -185.3
20211029202956  -660.9 -91.0 -185.1
20211029202957  -660.7 -91.0 -185.4
20211029202958  -661.1 -90.7 -185.4
20211029202959  -661.1 -90.7 -185.7
20211029203000  -661.0 -90.8 -185.6
20211029203001  -660.7 -91.0 -185.5
20211029203002  -660.7 -90.8 -185.7
20211029203003  -661.2 -91.0 -185.5
20211029203004  -660.6 -90.9 -185.7
20211029203005  -660.6 -90.8 -185.4
20211029203006  -660.7 -90.6 -185.8
20211029203007  -660.7 -90.8 -185.7
20211029203008  -660.6 -90.8 -185.8
20211029203009  -660.6 -90.6 -185.8
20211029203010  -660.8 -90.8 -185.9
20211029203011  -660.7 -91.2 -185.7
20211029203012  -660.7 -90.7 -185.8
20211029203013  -660.4 -90.8 -185.7
20211029203014  -660.4 -91.0 -185.7
20211029203015  -660.4 -90.8 -185.4
20211029203016  -660.4 -90.9 -185.1
20211029203017  -660.2 -90.8 -185.3
20211029203018  -660.3 -90.7 -185.3
20211029203019  -660.0 -90.9 -185.3
20211029203020  -659.5 -90.7 -184.8
20211029203021  -659.1 -90.5 -184.5
20211029203022  -658.7 -90.3 -184.3
20211029203023  -658.9 -90.2 -184.2
20211029203024  -659.8 -90.4 -184.7
20211029203025  -660.1 -90.1 -184.7
20211029203026  -659.9 -90.1 -184.7
20211029203027  -659.7 -90.4 -184.9
20211029203028  -659.8 -90.3 -184.9
20211029203029  -659.8 -90.2 -184.8
20211029203030  -659.9 -90.3 -184.9
20211029203031  -659.5 -90.1 -184.9
20211029203032  -659.4 -90.2 -185.0
20211029203033  -659.6 -90.3 -185.0
20211029203034  -659.8 -90.0 -184.8
20211029203035  -659.6 -90.1 -184.9
20211029203036  -659.5 -90.3 -184.8
20211029203037  -659.3 -90.4 -184.7
20211029203038  -659.9 -90.2 -184.6
20211029203039  -659.8 -90.3 -184.7
20211029203040  -659.7 -90.3 -184.6
20211029203041  -659.6 -90.0 -184.5
20211029203042  -659.4 -89.8 -184.8
20211029203043  -659.6 -90.0 -184.5
20211029203044  -659.7 -90.3 -185.0
20211029203045  -659.4 -90.5 -184.8
20211029203046  -659.4 -90.1 -184.7
20211029203047  -659.5 -90.3 -184.7
20211029203048  -659.3 -90.2 -184.7
20211029203049  -659.6 -90.3 -184.4
20211029203050  -658.9 -90.0 -184.2
20211029203051  -658.6 -89.8 -184.0
20211029203052  -658.2 -89.8 -183.8
20211029203053  -658.3 -89.6 -183.6
20211029203054  -658.7 -89.5 -183.8
20211029203055  -659.1 -89.8 -184.3
20211029203056  -659.2 -89.5 -184.1
20211029203057  -659.1 -89.7 -184.5
20211029203058  -658.8 -89.5 -184.5
20211029203059  -659.0 -89.6 -184.1
20211029203100  -658.6 -89.3 -184.4
20211029203101  -658.5 -89.3 -184.3
20211029203102  -658.5 -89.3 -184.4
20211029203103  -658.5 -89.1 -184.4
20211029203104  -658.6 -89.0 -184.3
20211029203105  -658.3 -89.2 -184.5
20211029203106  -658.6 -89.1 -184.2
20211029203107  -658.7 -89.2 -184.2
20211029203108  -658.3 -89.3 -184.4
20211029203109  -658.2 -89.1 -184.4
20211029203110  -658.4 -89.0 -184.3
20211029203111  -658.4 -88.8 -184.0
20211029203112  -658.4 -88.7 -184.1
20211029203113  -658.2 -88.7 -184.5
20211029203114  -658.3 -88.5 -184.6
20211029203115  -658.4 -88.4 -184.2
20211029203116  -658.1 -88.6 -184.2
20211029203117  -658.4 -88.6 -184.1
20211029203118  -658.3 -88.5 -184.3
20211029203119  -658.2 -88.3 -184.1
20211029203120  -658.0 -88.7 -184.1
20211029203121  -657.6 -88.3 -183.7
20211029203122  -657.2 -87.9 -183.2
20211029203123  -656.8 -88.1 -183.2
20211029203124  -656.9 -87.7 -183.2
20211029203125  -657.6 -87.7 -183.8
20211029203126  -657.8 -87.6 -183.9
20211029203127  -657.6 -87.8 -183.7
20211029203128  -657.5 -87.6 -183.7
20211029203129  -657.4 -87.5 -183.8
20211029203130  -657.5 -87.7 -183.7
20211029203131  -657.8 -87.6 -183.8
20211029203132  -657.5 -87.2 -184.1
20211029203133  -657.6 -87.1 -184.2
20211029203134  -657.9 -87.3 -183.9
20211029203135  -658.0 -87.1 -183.9
20211029203136  -657.8 -87.5 -183.8
20211029203137  -657.5 -87.2 -184.1
20211029203138  -657.5 -87.2 -184.0
20211029203139  -657.8 -86.9 -184.3
20211029203140  -657.8 -87.2 -184.3
20211029203141  -657.9 -87.1 -184.3
20211029203142  -657.8 -87.0 -184.1
20211029203143  -657.5 -86.9 -184.0
20211029203144  -657.6 -86.9 -184.0
20211029203145  -657.6 -86.8 -184.0
20211029203146  -657.0 -86.6 -183.9
20211029203147  -657.4 -86.7 -183.8
20211029203148  -657.4 -86.6 -183.9
20211029203149  -657.2 -86.7 -183.9
20211029203150  -657.3 -86.6 -183.8
20211029203151  -656.8 -86.1 -183.3
20211029203152  -656.6 -86.2 -183.2
20211029203153  -656.0 -86.2 -183.1
20211029203154  -655.9 -86.2 -182.6
20211029203155  -656.8 -86.1 -183.3
20211029203156  -656.6 -85.8 -183.6
20211029203157  -656.7 -85.6 -183.5
20211029203158  -656.8 -85.8 -183.6
20211029203159  -656.8 -85.9 -183.5
20211029203200  -656.9 -86.1 -183.5
20211029203201  -656.7 -85.7 -183.2
20211029203202  -656.5 -85.4 -183.4
20211029203203  -656.7 -85.5 -183.5
20211029203204  -656.4 -85.5 -183.7
20211029203205  -656.3 -85.6 -183.4
20211029203206  -656.1 -85.7 -183.5
20211029203207  -656.3 -85.7 -183.5
20211029203208  -656.3 -85.6 -183.1
20211029203209  -656.1 -85.5 -183.3
20211029203210  -656.1 -85.2 -183.1
20211029203211  -656.1 -85.1 -183.6
20211029203212  -656.1 -84.8 -183.4
20211029203213  -656.4 -85.0 -183.5
20211029203214  -656.0 -84.7 -183.2
20211029203215  -656.1 -84.6 -183.4
