20211206230524  -677.7 -63.4 -737.6
20211206230525  -678.0 -63.4 -738.0
20211206230526  -677.5 -63.0 -737.4
20211206230527  -676.9 -63.1 -737.3
20211206230528  -676.6 -62.7 -736.7
20211206230529  -676.4 -62.6 -736.7
20211206230530  -676.2 -62.6 -736.4
20211206230531  -675.8 -62.8 -736.6
20211206230532  -675.8 -62.8 -736.5
20211206230533  -675.8 -62.5 -735.9
20211206230534  -675.8 -62.1 -735.9
20211206230535  -675.7 -62.5 -735.9
20211206230536  -675.3 -62.3 -735.9
20211206230537  -675.3 -62.3 -735.6
20211206230538  -675.2 -62.2 -735.4
20211206230539  -676.2 -62.5 -736.2
20211206230540  -676.1 -62.7 -736.6
20211206230541  -676.4 -62.7 -736.5
20211206230542  -676.3 -62.8 -736.7
20211206230543  -676.4 -62.9 -737.0
20211206230544  -676.4 -62.9 -737.0
20211206230545  -676.5 -63.2 -736.6
20211206230546  -676.4 -63.3 -737.0
20211206230547  -676.7 -63.3 -737.1
20211206230548  -676.6 -63.3 -737.0
20211206230549  -676.6 -63.1 -737.0
20211206230550  -676.8 -63.2 -737.2
20211206230551  -676.5 -63.3 -737.1
20211206230552  -677.0 -63.7 -737.9
20211206230553  -676.8 -63.4 -737.7
20211206230554  -676.3 -63.4 -737.1
20211206230555  -675.9 -63.4 -736.8
20211206230556  -675.6 -63.1 -736.3
20211206230557  -675.4 -63.1 -736.5
20211206230558  -675.5 -63.0 -736.2
20211206230559  -675.2 -62.8 -736.2
20211206230600  -675.3 -62.9 -736.0
20211206230601  -675.0 -62.7 -736.1
20211206230602  -674.9 -62.7 -735.7
20211206230603  -674.7 -62.6 -735.6
20211206230604  -674.6 -63.0 -735.4
20211206230605  -674.8 -62.8 -735.4
20211206230606  -676.1 -63.1 -736.1
20211206230607  -676.2 -63.4 -736.3
20211206230608  -676.5 -63.4 -736.2
20211206230609  -676.5 -63.4 -736.5
20211206230610  -676.2 -63.4 -736.5
20211206230611  -676.6 -63.9 -736.5
20211206230612  -676.6 -63.7 -736.7
20211206230613  -676.4 -63.8 -736.4
20211206230614  -676.5 -63.7 -736.6
20211206230615  -676.5 -63.8 -736.8
20211206230616  -676.8 -63.8 -736.9
20211206230617  -676.5 -63.7 -737.1
20211206230618  -677.0 -63.9 -737.1
20211206230619  -677.4 -64.3 -737.8
20211206230620  -677.7 -64.4 -738.0
20211206230621  -677.0 -64.4 -737.6
20211206230622  -676.8 -64.0 -737.1
20211206230623  -676.6 -64.1 -736.8
20211206230624  -676.1 -63.9 -736.3
20211206230625  -676.0 -63.7 -736.3
20211206230626  -675.6 -63.5 -736.4
20211206230627  -675.5 -63.7 -736.0
20211206230628  -675.4 -63.6 -735.9
20211206230629  -675.4 -63.8 -735.7
20211206230630  -675.2 -63.4 -735.3
20211206230631  -675.0 -63.4 -735.6
20211206230632  -675.0 -63.3 -735.1
20211206230633  -675.9 -63.5 -736.0
20211206230634  -676.4 -63.6 -736.0
20211206230635  -676.4 -64.0 -736.4
20211206230636  -676.4 -64.0 -736.5
20211206230637  -676.6 -63.8 -736.5
20211206230638  -676.4 -64.0 -736.7
20211206230639  -676.2 -63.9 -736.6
20211206230640  -676.4 -64.0 -736.5
20211206230641  -676.3 -63.9 -736.7
20211206230642  -676.4 -63.8 -736.9
20211206230643  -676.5 -63.9 -737.1
20211206230644  -676.5 -63.9 -736.8
20211206230645  -676.6 -63.8 -736.9
20211206230646  -677.0 -64.3 -737.1
20211206230647  -677.2 -64.6 -737.8
20211206230648  -676.8 -64.5 -737.3
20211206230649  -676.4 -64.3 -736.8
20211206230650  -676.1 -64.2 -736.7
20211206230651  -676.0 -64.2 -736.5
20211206230652  -676.0 -64.0 -736.3
20211206230653  -675.6 -64.0 -736.1
20211206230654  -675.3 -64.1 -735.9
20211206230655  -675.2 -64.0 -735.9
20211206230656  -675.2 -63.8 -735.7
20211206230657  -675.2 -63.8 -735.4
20211206230658  -674.9 -63.6 -735.4
20211206230659  -675.2 -63.4 -735.4
20211206230700  -675.9 -63.9 -736.3
20211206230701  -676.0 -64.3 -736.4
20211206230702  -676.2 -64.2 -736.3
20211206230703  -675.9 -64.4 -736.6
20211206230704  -676.1 -64.6 -737.0
20211206230705  -676.5 -64.5 -736.8
20211206230706  -676.5 -64.3 -737.3
20211206230707  -676.5 -64.3 -737.4
20211206230708  -677.0 -64.4 -737.3
20211206230709  -676.8 -64.7 -737.4
20211206230710  -676.9 -64.7 -737.8
20211206230711  -677.0 -64.7 -737.6
20211206230712  -677.0 -64.8 -737.8
20211206230713  -677.1 -64.7 -737.9
20211206230714  -677.8 -65.4 -738.6
20211206230715  -677.5 -65.0 -737.9
20211206230716  -677.1 -64.7 -737.7
20211206230717  -676.8 -64.8 -737.5
20211206230718  -676.5 -64.8 -737.3
20211206230719  -676.3 -64.8 -736.8
20211206230720  -676.3 -64.4 -736.7
20211206230721  -676.1 -64.1 -736.5
20211206230722  -676.1 -64.0 -736.5
20211206230723  -675.9 -63.9 -736.3
20211206230724  -676.0 -64.0 -736.1
20211206230725  -675.6 -63.8 -736.1
20211206230726  -675.8 -63.8 -735.8
20211206230727  -676.8 -63.9 -736.6
20211206230728  -677.1 -64.1 -736.7
20211206230729  -677.6 -64.1 -736.7
20211206230730  -677.7 -63.9 -736.9
20211206230731  -677.7 -64.0 -737.0
20211206230732  -678.0 -64.3 -737.2
20211206230733  -678.1 -64.1 -737.1
20211206230734  -678.4 -64.5 -737.3
20211206230735  -678.4 -64.5 -737.4
20211206230736  -678.1 -64.5 -737.4
20211206230737  -678.4 -64.4 -737.5
20211206230738  -678.5 -64.5 -738.1
20211206230739  -678.6 -64.6 -737.7
20211206230740  -678.8 -64.8 -737.7
20211206230741  -679.2 -65.6 -738.7
20211206230742  -679.4 -65.5 -738.8
20211206230743  -679.2 -65.4 -738.5
20211206230744  -678.8 -65.1 -737.9
20211206230745  -678.3 -65.0 -737.8
20211206230746  -678.2 -64.7 -737.2
20211206230747  -678.1 -64.4 -737.2
20211206230748  -677.8 -64.5 -737.0
20211206230749  -677.5 -64.5 -736.7
20211206230750  -677.6 -64.2 -736.6
20211206230751  -677.4 -64.1 -736.3
20211206230752  -677.0 -63.9 -736.2
20211206230753  -677.5 -63.8 -736.1
20211206230754  -678.4 -64.1 -737.0
20211206230755  -678.7 -64.6 -737.1
20211206230756  -679.1 -64.3 -737.3
20211206230757  -679.0 -64.2 -737.3
20211206230758  -679.1 -64.5 -737.8
20211206230759  -679.2 -64.8 -737.7
20211206230800  -679.3 -64.8 -737.8
20211206230801  -679.6 -64.7 -737.9
20211206230802  -679.8 -64.8 -737.7
20211206230803  -679.7 -65.0 -737.8
20211206230804  -679.7 -65.1 -738.1
20211206230805  -680.1 -65.3 -738.4
20211206230806  -680.0 -65.5 -738.5
20211206230807  -679.9 -65.4 -738.4
20211206230808  -680.6 -66.0 -738.9
20211206230809  -680.6 -65.9 -738.9
20211206230810  -680.1 -65.4 -738.4
20211206230811  -679.5 -65.8 -738.2
20211206230812  -679.3 -65.4 -737.8
20211206230813  -678.9 -65.3 -737.6
20211206230814  -678.8 -65.2 -737.2
20211206230815  -678.9 -65.1 -737.5
20211206230816  -678.8 -64.9 -737.5
20211206230817  -678.9 -64.9 -737.2
20211206230818  -678.4 -65.1 -736.9
20211206230819  -678.5 -65.1 -736.8
20211206230820  -678.4 -64.4 -736.6
20211206230821  -679.6 -64.8 -737.6
20211206230822  -679.6 -64.9 -737.5
20211206230823  -679.7 -65.2 -737.9
20211206230824  -680.1 -65.1 -737.9
20211206230825  -680.0 -65.2 -738.0
20211206230826  -680.1 -65.2 -738.0
20211206230827  -680.3 -65.1 -738.5
20211206230828  -680.5 -65.1 -738.5
20211206230829  -680.6 -65.3 -738.8
20211206230830  -680.6 -65.6 -738.6
20211206230831  -680.9 -65.8 -738.7
20211206230832  -681.4 -65.8 -738.8
20211206230833  -681.3 -65.8 -739.2
20211206230834  -681.6 -66.1 -739.0
20211206230835  -681.9 -66.4 -739.6
20211206230836  -682.2 -66.4 -739.7
20211206230837  -681.4 -66.0 -739.3
20211206230838  -680.8 -66.1 -738.9
20211206230839  -680.8 -66.0 -738.8
20211206230840  -680.6 -65.6 -738.4
20211206230841  -680.4 -65.5 -738.1
20211206230842  -680.1 -65.5 -738.0
20211206230843  -680.1 -65.3 -737.9
20211206230844  -680.2 -65.1 -737.6
20211206230845  -680.1 -65.1 -737.3
20211206230846  -679.8 -64.8 -737.1
20211206230847  -679.8 -64.7 -736.8
20211206230848  -680.7 -65.4 -737.6
20211206230849  -680.9 -65.2 -738.1
20211206230850  -681.0 -65.1 -738.3
20211206230851  -681.1 -65.2 -738.3
20211206230852  -681.4 -65.5 -738.3
20211206230853  -681.6 -65.5 -738.4
20211206230854  -682.0 -65.5 -738.7
20211206230855  -682.0 -65.8 -738.7
20211206230856  -682.0 -65.7 -738.9
20211206230857  -682.2 -66.0 -739.3
20211206230858  -682.5 -65.9 -739.1
20211206230859  -682.4 -66.2 -738.9
20211206230900  -682.8 -65.9 -739.3
20211206230901  -682.7 -65.8 -738.9
20211206230902  -683.1 -66.5 -739.7
20211206230903  -684.0 -66.7 -740.4
20211206230904  -683.2 -66.3 -739.8
20211206230905  -683.2 -66.0 -739.7
20211206230906  -682.8 -65.9 -739.1
20211206230907  -682.7 -65.7 -739.1
20211206230908  -682.6 -65.6 -738.9
20211206230909  -682.1 -65.5 -738.5
20211206230910  -681.8 -65.5 -738.3
20211206230911  -681.4 -65.2 -738.0
20211206230912  -681.2 -64.8 -737.8
20211206230913  -681.1 -64.9 -737.6
20211206230914  -681.3 -64.8 -737.7
20211206230915  -682.2 -65.2 -738.4
20211206230916  -682.5 -65.3 -738.5
20211206230917  -682.5 -65.3 -738.8
20211206230918  -683.2 -65.4 -739.1
20211206230919  -682.9 -65.3 -739.4
20211206230920  -683.3 -65.5 -739.4
20211206230921  -683.3 -65.8 -739.2
20211206230922  -683.2 -65.8 -739.4
20211206230923  -683.3 -65.9 -739.3
20211206230924  -683.6 -65.9 -739.8
20211206230925  -683.6 -66.1 -739.9
20211206230926  -683.8 -66.3 -740.1
20211206230927  -683.9 -66.2 -740.2
20211206230928  -684.1 -66.2 -740.3
20211206230929  -684.3 -66.5 -740.3
20211206230930  -684.2 -66.7 -740.8
20211206230931  -683.8 -66.4 -740.0
20211206230932  -683.1 -66.0 -739.8
20211206230933  -682.9 -66.0 -739.5
20211206230934  -682.4 -65.8 -739.0
20211206230935  -682.3 -65.7 -738.9
20211206230936  -681.9 -65.4 -738.6
20211206230937  -681.7 -65.3 -738.6
20211206230938  -681.6 -65.1 -738.1
20211206230939  -681.6 -64.9 -738.1
20211206230940  -681.0 -64.9 -737.8
20211206230941  -681.1 -64.8 -737.5
20211206230942  -682.2 -65.1 -738.0
20211206230943  -682.5 -65.2 -738.4
20211206230944  -682.4 -65.1 -738.5
20211206230945  -682.4 -65.5 -738.8
20211206230946  -682.8 -65.4 -738.9
20211206230947  -682.7 -65.3 -738.7
20211206230948  -682.8 -65.7 -738.9
20211206230949  -683.1 -65.7 -739.1
20211206230950  -683.0 -65.6 -739.0
20211206230951  -683.3 -65.9 -739.5
20211206230952  -683.4 -65.7 -739.6
20211206230953  -683.4 -66.0 -739.7
20211206230954  -683.7 -66.2 -739.6
20211206230955  -683.7 -66.1 -739.8
20211206230956  -684.1 -66.1 -740.2
20211206230957  -684.7 -66.7 -741.1
20211206230958  -683.8 -66.3 -740.1
20211206230959  -683.6 -66.0 -740.1
20211206231000  -683.1 -65.9 -739.6
20211206231001  -683.0 -65.6 -739.1
20211206231002  -682.3 -65.7 -738.8
20211206231003  -682.2 -65.4 -738.4
20211206231004  -681.9 -65.2 -737.8
20211206231005  -681.5 -65.0 -737.8
20211206231006  -681.4 -65.0 -737.4
20211206231007  -681.3 -64.8 -737.0
20211206231008  -681.3 -64.7 -737.0
20211206231009  -681.8 -64.5 -737.3
20211206231010  -682.4 -64.8 -738.0
20211206231011  -682.9 -64.9 -738.2
20211206231012  -682.8 -65.0 -738.4
20211206231013  -682.9 -65.2 -738.6
20211206231014  -683.4 -65.2 -738.7
20211206231015  -683.4 -65.3 -738.5
20211206231016  -683.7 -65.3 -738.7
20211206231017  -683.7 -65.5 -738.9
20211206231018  -683.6 -65.5 -739.0
20211206231019  -683.8 -65.4 -739.2
20211206231020  -684.0 -65.5 -739.5
20211206231021  -684.2 -65.7 -739.6
20211206231022  -684.6 -65.9 -739.7
20211206231023  -684.6 -65.8 -739.9
20211206231024  -685.6 -66.6 -741.0
20211206231025  -685.0 -66.3 -740.2
20211206231026  -684.7 -66.1 -740.0
20211206231027  -684.2 -65.9 -739.7
20211206231028  -683.7 -65.7 -739.0
20211206231029  -683.4 -65.4 -739.2
20211206231030  -683.2 -65.1 -738.9
20211206231031  -682.9 -65.2 -738.4
20211206231032  -682.6 -64.8 -738.2
20211206231033  -682.5 -64.7 -738.1
20211206231034  -682.3 -64.4 -737.7
20211206231035  -682.2 -64.5 -737.6
20211206231036  -682.7 -64.3 -737.7
20211206231037  -683.5 -64.5 -738.5
20211206231038  -683.5 -64.8 -738.9
20211206231039  -683.7 -64.6 -738.7
20211206231040  -683.7 -64.9 -739.0
20211206231041  -683.8 -64.9 -739.3
20211206231042  -683.9 -64.8 -739.6
20211206231043  -684.0 -64.8 -739.7
20211206231044  -684.3 -64.8 -739.8
20211206231045  -684.6 -65.1 -739.7
20211206231046  -684.6 -64.9 -739.9
20211206231047  -684.8 -65.0 -739.9
20211206231048  -684.8 -65.3 -740.1
20211206231049  -684.9 -65.1 -740.1
20211206231050  -684.8 -65.0 -740.2
20211206231051  -685.3 -65.7 -741.1
20211206231052  -684.9 -65.4 -740.2
20211206231053  -684.4 -65.2 -739.6
20211206231054  -684.1 -64.9 -739.1
20211206231055  -683.6 -64.6 -738.8
20211206231056  -683.3 -64.8 -738.1
20211206231057  -682.9 -64.6 -738.3
20211206231058  -682.7 -64.5 -737.9
20211206231059  -682.4 -64.7 -737.9
20211206231100  -682.3 -64.8 -738.1
20211206231101  -682.0 -64.5 -737.8
20211206231102  -681.8 -64.3 -737.7
20211206231103  -681.4 -64.1 -737.4
20211206231104  -682.5 -64.5 -738.2
20211206231105  -682.7 -64.9 -738.5
20211206231106  -682.8 -64.9 -738.5
20211206231107  -683.0 -64.5 -738.6
20211206231108  -683.1 -64.8 -738.9
20211206231109  -683.3 -64.9 -739.1
20211206231110  -683.3 -65.0 -739.0
20211206231111  -683.3 -65.0 -739.3
20211206231112  -683.3 -65.5 -739.7
20211206231113  -683.7 -65.4 -739.4
20211206231114  -683.7 -65.3 -739.7
20211206231115  -683.8 -65.6 -739.8
20211206231116  -684.0 -65.7 -739.9
20211206231117  -684.0 -65.5 -740.2
20211206231118  -684.7 -66.0 -740.7
20211206231119  -684.5 -65.8 -740.3
20211206231120  -684.1 -65.3 -740.1
20211206231121  -683.3 -65.3 -739.9
20211206231122  -682.8 -65.5 -739.1
20211206231123  -682.6 -64.9 -738.6
20211206231124  -682.4 -64.5 -738.2
20211206231125  -682.2 -64.6 -737.8
20211206231126  -681.6 -64.5 -737.8
20211206231127  -681.5 -64.3 -737.6
20211206231128  -681.3 -64.1 -737.1
20211206231129  -681.3 -64.2 -736.8
20211206231130  -680.8 -63.9 -736.6
20211206231131  -681.3 -63.9 -736.9
20211206231132  -681.8 -64.1 -737.2
20211206231133  -681.9 -64.2 -737.4
20211206231134  -682.2 -64.4 -737.7
20211206231135  -682.0 -64.5 -737.9
20211206231136  -682.1 -64.7 -738.2
20211206231137  -682.1 -64.7 -738.1
20211206231138  -682.2 -64.7 -738.1
20211206231139  -682.8 -64.8 -738.3
20211206231140  -682.7 -64.7 -738.3
20211206231141  -682.8 -64.7 -738.7
20211206231142  -682.9 -64.7 -738.5
20211206231143  -683.0 -64.7 -738.7
20211206231144  -683.2 -64.7 -738.9
20211206231145  -683.2 -65.1 -739.3
20211206231146  -683.6 -65.2 -739.4
20211206231147  -683.2 -65.2 -738.6
20211206231148  -682.7 -65.0 -738.8
20211206231149  -682.1 -64.7 -738.3
20211206231150  -681.9 -64.5 -738.3
20211206231151  -681.6 -64.5 -737.7
20211206231152  -680.9 -64.1 -737.5
20211206231153  -681.1 -63.8 -737.5
20211206231154  -680.9 -64.1 -737.1
20211206231155  -680.7 -63.9 -736.9
20211206231156  -680.5 -63.9 -736.7
20211206231157  -680.3 -63.6 -736.7
20211206231158  -680.7 -63.8 -736.8
20211206231159  -681.4 -64.1 -737.6
20211206231200  -681.6 -64.0 -737.8
20211206231201  -681.7 -64.1 -737.8
20211206231202  -681.9 -64.3 -737.8
20211206231203  -682.1 -64.4 -738.0
20211206231204  -682.4 -64.6 -738.2
20211206231205  -682.3 -64.7 -738.4
20211206231206  -682.5 -64.6 -738.5
20211206231207  -682.5 -64.8 -738.8
20211206231208  -682.6 -64.8 -738.7
20211206231209  -682.7 -64.7 -738.6
20211206231210  -682.7 -64.5 -738.6
20211206231211  -682.9 -64.8 -739.2
20211206231212  -683.3 -65.2 -739.4
