20211116221539  -666.9 -81.6 -190.9
20211116221540  -666.7 -81.6 -191.0
20211116221541  -665.9 -81.9 -190.4
20211116221542  -665.7 -81.7 -190.1
20211116221543  -665.7 -81.7 -189.9
20211116221544  -665.2 -81.3 -189.6
20211116221545  -666.1 -81.4 -190.1
20211116221546  -666.2 -81.6 -190.3
20211116221547  -666.2 -81.5 -190.2
20211116221548  -666.3 -81.4 -190.5
20211116221549  -666.0 -81.5 -190.6
20211116221550  -666.2 -81.9 -190.3
20211116221551  -666.1 -81.7 -190.0
20211116221552  -666.0 -81.8 -189.9
20211116221553  -666.1 -81.7 -190.2
20211116221554  -665.7 -81.9 -190.1
20211116221555  -665.8 -81.8 -190.0
20211116221556  -665.8 -82.2 -190.1
20211116221557  -665.8 -82.2 -190.5
20211116221558  -665.8 -82.1 -190.5
20211116221559  -665.5 -82.2 -190.6
20211116221600  -665.7 -82.3 -190.6
20211116221601  -665.6 -82.2 -190.5
20211116221602  -665.6 -82.1 -190.4
20211116221603  -665.4 -82.2 -190.1
20211116221604  -665.6 -82.2 -189.9
20211116221605  -665.6 -82.0 -189.8
20211116221606  -665.4 -81.9 -189.9
20211116221607  -665.4 -82.3 -190.1
20211116221608  -665.6 -82.1 -189.9
20211116221609  -665.2 -82.0 -190.0
20211116221610  -665.1 -82.2 -190.3
20211116221611  -664.2 -81.9 -189.8
20211116221612  -664.0 -81.6 -189.3
20211116221613  -663.8 -81.6 -189.3
20211116221614  -663.7 -81.5 -189.2
20211116221615  -664.2 -81.4 -189.1
20211116221616  -664.5 -81.7 -189.7
20211116221617  -664.7 -81.9 -189.9
20211116221618  -664.5 -82.1 -189.7
20211116221619  -664.6 -81.7 -189.7
20211116221620  -664.3 -81.9 -189.9
20211116221621  -664.2 -82.0 -189.8
20211116221622  -664.4 -81.9 -189.8
20211116221623  -664.0 -82.1 -189.8
20211116221624  -664.1 -81.9 -190.1
20211116221625  -664.1 -81.8 -190.0
20211116221626  -664.0 -82.1 -190.2
20211116221627  -664.4 -82.3 -190.4
20211116221628  -664.2 -82.1 -190.5
20211116221629  -664.3 -81.9 -190.0
20211116221630  -664.4 -82.1 -189.9
20211116221631  -664.3 -82.2 -190.0
20211116221632  -664.4 -82.0 -190.2
20211116221633  -664.5 -82.2 -190.0
20211116221634  -664.5 -82.5 -189.9
20211116221635  -664.3 -82.3 -190.1
20211116221636  -664.3 -82.4 -190.0
20211116221637  -664.3 -82.4 -190.0
20211116221638  -664.4 -82.5 -189.9
20211116221639  -664.5 -82.7 -189.8
20211116221640  -664.3 -82.3 -189.9
20211116221641  -663.9 -82.5 -189.4
20211116221642  -664.2 -82.4 -189.3
20211116221643  -664.6 -82.7 -189.8
20211116221644  -664.5 -83.0 -189.9
20211116221645  -664.7 -82.8 -190.2
20211116221646  -664.8 -82.9 -189.9
20211116221647  -664.7 -82.9 -190.0
20211116221648  -664.7 -83.1 -190.2
20211116221649  -664.7 -83.1 -190.0
20211116221650  -664.9 -83.2 -189.8
20211116221651  -664.8 -83.0 -190.3
20211116221652  -664.9 -83.1 -190.6
20211116221653  -665.1 -83.2 -190.4
20211116221654  -665.0 -83.5 -190.3
20211116221655  -665.1 -83.2 -190.4
20211116221656  -665.3 -83.1 -190.4
20211116221657  -665.4 -83.3 -190.1
20211116221658  -665.2 -83.4 -190.6
20211116221659  -665.0 -83.3 -190.4
20211116221700  -665.4 -83.5 -190.3
20211116221701  -665.2 -83.5 -190.0
20211116221702  -665.2 -83.4 -189.9
20211116221703  -665.5 -83.4 -190.5
20211116221704  -665.6 -83.4 -190.4
20211116221705  -665.8 -83.5 -190.3
20211116221706  -665.7 -83.7 -190.2
20211116221707  -665.1 -83.4 -190.0
20211116221708  -664.8 -83.1 -189.9
20211116221709  -665.4 -83.4 -190.3
20211116221710  -665.5 -83.6 -190.3
20211116221711  -666.0 -83.6 -190.5
20211116221712  -666.0 -83.9 -190.3
20211116221713  -666.1 -83.6 -190.4
20211116221714  -666.2 -83.6 -190.7
20211116221715  -666.5 -83.5 -191.0
20211116221716  -666.9 -83.7 -190.9
20211116221717  -666.8 -83.6 -190.5
20211116221718  -667.1 -83.7 -190.6
20211116221719  -666.9 -83.7 -190.9
20211116221720  -667.0 -83.9 -191.0
20211116221721  -667.0 -83.7 -190.9
20211116221722  -667.0 -84.3 -191.0
20211116221723  -667.1 -84.1 -191.1
20211116221724  -667.2 -84.0 -191.0
20211116221725  -667.3 -84.2 -191.2
20211116221726  -667.4 -83.8 -190.9
20211116221727  -667.6 -84.1 -191.1
20211116221728  -667.5 -84.4 -191.3
20211116221729  -667.4 -84.5 -191.4
20211116221730  -667.5 -84.5 -191.3
20211116221731  -667.5 -84.5 -191.4
20211116221732  -667.7 -84.4 -191.3
20211116221733  -667.5 -84.6 -191.3
20211116221734  -666.9 -84.6 -190.4
20211116221735  -667.6 -84.5 -191.3
20211116221736  -668.0 -84.4 -191.7
20211116221737  -668.1 -84.5 -191.6
20211116221738  -668.0 -84.4 -191.6
20211116221739  -668.1 -84.5 -191.9
20211116221740  -668.1 -84.6 -191.7
20211116221741  -668.2 -84.6 -191.8
20211116221742  -668.4 -84.8 -192.1
20211116221743  -668.5 -84.9 -191.9
20211116221744  -668.7 -84.6 -191.7
20211116221745  -668.5 -84.5 -191.5
20211116221746  -668.8 -84.7 -191.8
20211116221747  -669.1 -84.6 -192.0
20211116221748  -669.3 -84.8 -191.9
20211116221749  -669.3 -84.9 -191.7
20211116221750  -669.5 -84.9 -192.2
20211116221751  -669.5 -84.8 -192.1
20211116221752  -669.5 -85.0 -192.1
20211116221753  -669.7 -85.1 -192.1
20211116221754  -669.9 -85.1 -192.4
20211116221755  -669.8 -85.1 -192.5
20211116221756  -670.3 -85.2 -192.4
20211116221757  -670.2 -85.3 -192.5
20211116221758  -670.3 -85.3 -192.5
20211116221759  -670.2 -85.4 -192.6
20211116221800  -670.0 -85.1 -191.9
20211116221801  -669.6 -85.1 -191.7
20211116221802  -669.6 -85.1 -191.6
20211116221803  -669.8 -85.1 -191.8
20211116221804  -670.2 -84.9 -191.9
20211116221805  -671.1 -85.2 -192.5
20211116221806  -671.3 -85.5 -192.5
20211116221807  -671.4 -85.5 -193.0
20211116221808  -671.7 -85.6 -192.8
20211116221809  -671.6 -85.7 -193.1
20211116221810  -671.9 -86.0 -193.0
20211116221811  -672.1 -85.8 -192.9
20211116221812  -672.2 -85.9 -192.7
20211116221813  -672.3 -86.0 -193.2
20211116221814  -672.3 -85.9 -193.1
20211116221815  -672.6 -85.8 -193.3
20211116221816  -672.7 -85.8 -193.4
20211116221817  -672.7 -86.1 -193.4
20211116221818  -673.0 -86.1 -193.6
20211116221819  -673.3 -86.0 -193.5
20211116221820  -673.5 -86.0 -193.8
20211116221821  -673.8 -86.3 -193.6
20211116221822  -673.9 -86.3 -193.9
20211116221823  -674.0 -86.2 -193.8
20211116221824  -674.2 -86.0 -194.0
20211116221825  -674.4 -86.0 -194.3
20211116221826  -674.3 -86.2 -194.0
20211116221827  -674.7 -86.3 -193.9
20211116221828  -674.8 -86.5 -193.7
20211116221829  -675.0 -86.4 -194.0
20211116221830  -674.6 -86.3 -194.1
20211116221831  -674.2 -86.0 -193.6
20211116221832  -673.9 -86.2 -193.3
20211116221833  -674.2 -86.1 -193.3
20211116221834  -674.9 -86.1 -193.9
20211116221835  -675.1 -86.1 -194.3
20211116221836  -675.2 -86.3 -194.2
20211116221837  -675.6 -86.4 -194.2
20211116221838  -675.8 -86.3 -194.5
20211116221839  -675.8 -86.3 -194.5
20211116221840  -676.0 -86.5 -194.5
20211116221841  -676.2 -86.4 -194.7
20211116221842  -676.3 -86.5 -195.1
20211116221843  -676.4 -86.6 -195.4
20211116221844  -676.4 -86.6 -195.3
20211116221845  -676.5 -86.4 -195.6
20211116221846  -676.4 -86.5 -195.3
20211116221847  -676.5 -86.4 -195.4
20211116221848  -676.4 -86.5 -195.2
20211116221849  -676.8 -86.4 -195.5
20211116221850  -676.6 -86.6 -195.4
20211116221851  -676.6 -86.7 -195.4
20211116221852  -676.6 -86.7 -195.5
20211116221853  -676.5 -86.5 -195.6
20211116221854  -677.1 -86.5 -195.3
20211116221855  -676.7 -86.5 -195.4
20211116221856  -677.0 -86.3 -195.4
20211116221857  -677.0 -86.5 -195.3
20211116221858  -677.1 -86.5 -195.6
20211116221859  -677.2 -86.7 -195.6
20211116221900  -677.1 -86.6 -195.8
20211116221901  -676.5 -86.6 -195.5
20211116221902  -676.5 -86.3 -195.3
20211116221903  -676.2 -86.2 -195.2
20211116221904  -677.1 -86.1 -195.8
20211116221905  -677.2 -86.5 -196.0
20211116221906  -677.3 -86.4 -195.7
20211116221907  -677.3 -86.3 -195.9
20211116221908  -677.3 -86.3 -195.9
20211116221909  -677.3 -86.5 -196.0
20211116221910  -677.4 -86.7 -196.1
20211116221911  -677.7 -86.4 -195.9
20211116221912  -677.4 -86.2 -196.0
20211116221913  -677.0 -86.2 -196.4
20211116221914  -677.3 -86.6 -196.4
20211116221915  -677.2 -86.5 -196.6
20211116221916  -677.4 -86.3 -196.7
20211116221917  -677.4 -86.3 -196.7
20211116221918  -677.3 -86.2 -196.7
20211116221919  -677.8 -86.5 -196.5
20211116221920  -677.7 -86.1 -196.4
20211116221921  -677.8 -86.3 -196.5
20211116221922  -677.7 -86.5 -196.8
20211116221923  -677.6 -86.4 -196.7
20211116221924  -677.8 -86.2 -197.0
20211116221925  -678.0 -86.2 -197.1
20211116221926  -678.0 -86.3 -197.1
20211116221927  -678.1 -86.1 -196.8
20211116221928  -678.2 -86.2 -196.9
20211116221929  -678.4 -86.1 -196.9
20211116221930  -678.5 -86.4 -197.1
20211116221931  -678.0 -86.2 -196.6
20211116221932  -678.0 -85.9 -196.2
20211116221933  -678.0 -86.1 -196.4
20211116221934  -679.0 -86.0 -197.4
20211116221935  -679.0 -86.3 -197.5
20211116221936  -679.1 -86.1 -197.5
20211116221937  -679.3 -86.2 -197.6
20211116221938  -679.2 -86.1 -197.7
20211116221939  -679.2 -86.2 -197.6
20211116221940  -679.3 -86.4 -197.6
20211116221941  -679.5 -86.2 -197.7
20211116221942  -679.4 -86.2 -197.4
20211116221943  -679.1 -86.3 -197.6
20211116221944  -679.2 -86.3 -197.6
20211116221945  -679.0 -86.2 -197.6
20211116221946  -679.3 -86.2 -197.5
20211116221947  -679.1 -86.3 -197.7
20211116221948  -679.2 -86.3 -197.9
20211116221949  -679.1 -85.9 -197.9
20211116221950  -679.5 -85.9 -198.1
20211116221951  -679.3 -86.1 -197.9
20211116221952  -679.2 -86.1 -198.3
20211116221953  -679.4 -86.2 -198.4
20211116221954  -679.4 -86.0 -198.5
20211116221955  -679.6 -86.2 -198.4
20211116221956  -679.7 -86.1 -198.4
20211116221957  -679.8 -86.2 -198.5
20211116221958  -680.0 -85.9 -198.7
20211116221959  -679.9 -86.0 -198.7
20211116222000  -679.8 -86.0 -198.8
20211116222001  -679.3 -85.7 -198.2
20211116222002  -679.0 -85.7 -197.7
20211116222003  -679.1 -85.4 -197.7
20211116222004  -679.7 -85.5 -198.1
20211116222005  -679.7 -85.3 -198.7
20211116222006  -679.8 -85.2 -198.4
20211116222007  -680.0 -85.5 -198.3
20211116222008  -679.9 -85.5 -198.3
20211116222009  -679.8 -85.2 -198.2
20211116222010  -679.8 -85.4 -197.9
20211116222011  -680.0 -85.3 -198.3
20211116222012  -680.2 -85.3 -197.9
20211116222013  -680.3 -85.4 -198.0
20211116222014  -680.4 -85.3 -198.7
20211116222015  -680.4 -85.5 -198.5
20211116222016  -680.4 -85.4 -198.6
20211116222017  -680.5 -85.1 -198.4
20211116222018  -680.4 -85.2 -198.7
20211116222019  -680.6 -85.3 -198.8
20211116222020  -680.3 -85.6 -198.7
20211116222021  -680.6 -85.6 -198.6
20211116222022  -680.7 -85.2 -198.6
20211116222023  -680.7 -85.6 -198.8
20211116222024  -680.6 -85.7 -198.8
20211116222025  -680.8 -85.5 -198.6
20211116222026  -681.0 -85.3 -198.6
20211116222027  -681.0 -85.4 -198.8
20211116222028  -680.7 -85.3 -198.6
20211116222029  -680.5 -85.3 -198.6
20211116222030  -680.5 -85.6 -198.7
20211116222031  -680.2 -85.5 -198.8
20211116222032  -680.0 -85.5 -198.4
20211116222033  -680.7 -85.5 -198.7
20211116222034  -680.5 -85.3 -199.4
20211116222035  -680.7 -85.4 -199.5
20211116222036  -680.5 -85.7 -199.3
20211116222037  -680.6 -85.3 -199.5
20211116222038  -680.4 -85.5 -199.2
20211116222039  -680.5 -85.4 -199.1
20211116222040  -680.5 -85.3 -198.9
20211116222041  -680.1 -85.1 -199.1
20211116222042  -680.0 -85.4 -199.2
20211116222043  -680.2 -85.1 -199.2
20211116222044  -679.9 -85.0 -199.1
20211116222045  -679.8 -85.1 -199.1
20211116222046  -679.7 -85.4 -198.9
20211116222047  -679.4 -84.9 -198.8
20211116222048  -679.4 -84.9 -199.0
20211116222049  -679.3 -85.1 -198.9
20211116222050  -679.1 -85.0 -199.1
20211116222051  -679.1 -85.0 -199.3
20211116222052  -678.8 -84.8 -199.0
20211116222053  -678.7 -85.0 -199.2
20211116222054  -678.7 -84.7 -199.2
20211116222055  -678.6 -84.6 -199.3
20211116222056  -678.8 -84.6 -199.2
20211116222057  -678.6 -84.6 -199.3
20211116222058  -678.6 -84.6 -199.3
20211116222059  -678.4 -84.3 -199.2
20211116222100  -678.9 -84.6 -199.1
20211116222101  -678.5 -84.6 -199.2
20211116222102  -677.8 -84.2 -198.6
20211116222103  -678.4 -84.1 -198.6
20211116222104  -678.7 -84.2 -199.0
20211116222105  -678.8 -84.1 -199.2
20211116222106  -678.6 -83.9 -199.2
20211116222107  -678.5 -83.9 -199.3
20211116222108  -678.6 -83.9 -199.0
20211116222109  -678.5 -83.8 -198.7
20211116222110  -678.4 -84.0 -198.5
20211116222111  -678.4 -83.9 -198.7
20211116222112  -678.5 -83.8 -198.9
20211116222113  -678.3 -83.5 -198.4
20211116222114  -678.1 -83.6 -198.5
20211116222115  -678.1 -83.7 -198.4
20211116222116  -678.2 -83.4 -198.3
20211116222117  -678.0 -83.7 -198.4
20211116222118  -677.7 -83.6 -198.5
20211116222119  -677.8 -83.6 -198.4
20211116222120  -677.7 -83.7 -198.7
20211116222121  -677.7 -83.5 -198.5
20211116222122  -677.4 -83.5 -198.4
20211116222123  -677.4 -83.4 -198.5
20211116222124  -677.3 -83.1 -198.4
20211116222125  -677.3 -83.3 -198.3
20211116222126  -677.5 -83.2 -198.6
20211116222127  -677.4 -83.2 -198.6
20211116222128  -677.4 -83.1 -198.6
20211116222129  -677.4 -83.0 -198.7
20211116222130  -677.6 -83.0 -198.5
20211116222131  -677.2 -82.9 -198.8
20211116222132  -676.5 -82.6 -198.0
20211116222133  -676.7 -83.0 -197.9
20211116222134  -677.0 -83.1 -198.6
20211116222135  -677.1 -83.3 -198.8
20211116222136  -677.4 -82.9 -198.5
20211116222137  -677.5 -82.8 -198.6
20211116222138  -677.3 -82.8 -198.8
20211116222139  -677.3 -82.8 -198.9
20211116222140  -677.0 -82.7 -198.6
20211116222141  -677.2 -82.7 -198.9
20211116222142  -677.0 -82.8 -198.7
20211116222143  -677.1 -82.7 -199.0
20211116222144  -677.3 -82.5 -198.9
20211116222145  -677.3 -82.8 -198.7
20211116222146  -677.0 -82.8 -198.9
20211116222147  -677.2 -82.7 -198.5
20211116222148  -677.1 -82.6 -198.6
20211116222149  -677.2 -82.7 -198.7
20211116222150  -677.2 -82.5 -198.8
20211116222151  -677.3 -82.7 -198.6
20211116222152  -677.2 -82.3 -198.7
20211116222153  -677.4 -82.5 -198.7
20211116222154  -677.2 -82.4 -198.6
20211116222155  -677.4 -82.6 -198.8
20211116222156  -677.2 -82.6 -198.3
20211116222157  -677.0 -82.3 -198.2
20211116222158  -677.0 -82.3 -198.4
20211116222159  -676.8 -82.1 -198.5
20211116222200  -677.1 -82.2 -198.4
20211116222201  -676.6 -82.3 -198.3
20211116222202  -676.0 -82.2 -198.0
20211116222203  -675.9 -81.6 -197.8
20211116222204  -676.2 -81.7 -198.2
20211116222205  -676.3 -82.1 -198.1
20211116222206  -676.2 -81.8 -197.9
20211116222207  -676.1 -81.9 -198.0
20211116222208  -675.8 -81.9 -198.1
20211116222209  -675.6 -81.9 -198.2
20211116222210  -675.7 -81.7 -198.3
20211116222211  -675.9 -81.2 -198.5
20211116222212  -676.1 -81.5 -198.6
20211116222213  -676.0 -81.6 -198.8
20211116222214  -676.3 -81.5 -198.8
20211116222215  -676.8 -81.7 -198.7
20211116222216  -676.7 -81.7 -198.8
20211116222217  -676.8 -81.5 -198.5
20211116222218  -677.0 -81.4 -198.6
20211116222219  -677.0 -81.5 -198.7
20211116222220  -677.2 -81.5 -198.6
20211116222221  -677.1 -81.6 -198.5
