20211128223625  -748.0 -41.6 -203.9
20211128223626  -747.9 -41.6 -203.8
20211128223627  -748.1 -41.5 -203.9
20211128223628  -748.0 -41.5 -203.7
20211128223629  -748.4 -41.7 -204.0
20211128223630  -748.1 -41.5 -204.3
20211128223631  -748.5 -41.9 -204.7
20211128223632  -748.0 -41.7 -204.2
20211128223633  -747.4 -41.5 -203.6
20211128223634  -747.0 -41.3 -203.2
20211128223635  -746.4 -41.1 -202.7
20211128223636  -746.2 -40.7 -202.2
20211128223637  -745.6 -40.7 -202.1
20211128223638  -745.4 -40.5 -202.1
20211128223639  -744.9 -40.6 -201.9
20211128223640  -744.4 -40.4 -201.1
20211128223641  -744.0 -40.2 -201.1
20211128223642  -743.6 -40.0 -200.4
20211128223643  -743.7 -39.5 -200.0
20211128223644  -743.6 -39.7 -200.1
20211128223645  -744.1 -40.2 -201.0
20211128223646  -744.0 -40.1 -201.2
20211128223647  -744.0 -40.2 -201.1
20211128223648  -743.9 -40.4 -201.2
20211128223649  -744.1 -40.4 -201.4
20211128223650  -743.9 -40.3 -201.6
20211128223651  -744.0 -40.5 -201.6
20211128223652  -744.0 -40.5 -201.7
20211128223653  -744.0 -40.4 -201.7
20211128223654  -744.1 -40.3 -202.0
20211128223655  -744.2 -40.1 -202.1
20211128223656  -744.3 -40.3 -202.4
20211128223657  -744.7 -40.0 -202.6
20211128223658  -745.2 -40.6 -203.4
20211128223659  -744.7 -40.6 -203.5
20211128223700  -744.6 -40.1 -203.1
20211128223701  -744.2 -39.7 -202.7
20211128223702  -743.9 -39.8 -202.2
20211128223703  -743.6 -39.4 -202.0
20211128223704  -743.2 -39.4 -201.7
20211128223705  -742.9 -39.3 -201.3
20211128223706  -742.6 -39.2 -201.0
20211128223707  -742.5 -38.9 -200.9
20211128223708  -742.1 -38.7 -200.8
20211128223709  -742.2 -38.4 -200.6
20211128223710  -742.1 -38.4 -200.3
20211128223711  -741.6 -38.5 -199.9
20211128223712  -742.6 -38.6 -201.0
20211128223713  -742.7 -38.5 -201.4
20211128223714  -742.5 -38.6 -201.4
20211128223715  -742.4 -38.6 -201.6
20211128223716  -742.2 -38.5 -201.4
20211128223717  -742.1 -38.6 -201.3
20211128223718  -742.0 -38.4 -201.3
20211128223719  -741.6 -38.6 -201.6
20211128223720  -741.8 -38.4 -201.7
20211128223721  -741.4 -38.2 -202.1
20211128223722  -741.1 -38.3 -202.0
20211128223723  -741.3 -38.2 -202.3
20211128223724  -741.0 -38.1 -202.2
20211128223725  -741.0 -38.4 -202.9
20211128223726  -740.3 -38.2 -202.5
20211128223727  -739.5 -38.1 -201.9
20211128223728  -738.7 -37.9 -202.1
20211128223729  -738.2 -37.5 -201.8
20211128223730  -737.8 -37.2 -201.3
20211128223731  -737.1 -36.7 -201.1
20211128223732  -736.2 -36.6 -200.8
20211128223733  -735.8 -36.3 -200.8
20211128223734  -735.3 -36.3 -200.8
20211128223735  -735.0 -36.5 -200.4
20211128223736  -734.4 -36.0 -200.4
20211128223737  -734.2 -36.0 -200.4
20211128223738  -733.8 -35.7 -200.6
20211128223739  -735.0 -36.4 -201.5
20211128223740  -734.8 -36.1 -201.4
20211128223741  -734.6 -36.2 -201.7
20211128223742  -734.6 -35.8 -202.2
20211128223743  -734.5 -36.2 -202.4
20211128223744  -734.2 -36.1 -202.5
20211128223745  -734.1 -36.4 -202.8
20211128223746  -733.9 -36.2 -202.8
20211128223747  -733.9 -36.3 -203.0
20211128223748  -733.7 -36.7 -203.0
20211128223749  -733.7 -36.7 -203.1
20211128223750  -733.5 -36.7 -203.3
20211128223751  -733.5 -36.8 -203.5
20211128223752  -733.5 -37.2 -203.9
20211128223753  -733.3 -37.0 -204.1
20211128223754  -732.4 -36.9 -203.6
20211128223755  -731.9 -36.8 -203.3
20211128223756  -731.1 -36.5 -202.9
20211128223757  -730.5 -36.4 -202.7
20211128223758  -729.5 -36.2 -202.1
20211128223759  -729.3 -35.9 -201.8
20211128223800  -728.8 -35.7 -201.6
20211128223801  -728.2 -35.5 -201.2
20211128223802  -727.8 -35.8 -201.2
20211128223803  -727.3 -36.0 -201.0
20211128223804  -726.8 -35.8 -200.9
20211128223805  -726.5 -35.9 -200.8
20211128223806  -726.7 -35.9 -201.2
20211128223807  -727.5 -36.2 -201.8
20211128223808  -726.9 -36.4 -201.7
20211128223809  -726.6 -36.4 -202.1
20211128223810  -726.4 -36.8 -202.0
20211128223811  -726.2 -37.0 -202.3
20211128223812  -725.9 -37.2 -202.6
20211128223813  -725.8 -37.0 -202.6
20211128223814  -725.9 -37.1 -202.8
20211128223815  -725.5 -37.2 -202.9
20211128223816  -725.1 -37.1 -203.0
20211128223817  -725.2 -37.1 -203.1
20211128223818  -725.3 -37.7 -203.3
20211128223819  -725.3 -38.0 -203.7
20211128223820  -725.5 -38.5 -204.1
20211128223821  -724.7 -38.3 -203.8
20211128223822  -724.2 -38.1 -203.4
20211128223823  -723.8 -38.2 -203.2
20211128223824  -723.1 -38.2 -203.2
20211128223825  -722.6 -38.2 -202.8
20211128223826  -722.5 -38.1 -202.5
20211128223827  -721.7 -38.1 -202.5
20211128223828  -721.6 -38.0 -202.4
20211128223829  -721.5 -38.0 -202.4
20211128223830  -721.3 -38.3 -201.9
20211128223831  -721.1 -38.3 -201.7
20211128223832  -721.0 -38.4 -201.8
20211128223833  -721.2 -38.3 -201.9
20211128223834  -722.1 -38.5 -203.1
20211128223835  -722.3 -38.5 -203.5
20211128223836  -722.4 -38.7 -203.5
20211128223837  -722.3 -38.9 -203.9
20211128223838  -722.5 -39.3 -203.9
20211128223839  -723.0 -39.2 -204.2
20211128223840  -722.9 -39.5 -204.1
20211128223841  -723.1 -39.3 -204.2
20211128223842  -723.7 -39.6 -204.6
20211128223843  -723.9 -39.8 -204.6
20211128223844  -723.8 -39.8 -204.5
20211128223845  -724.2 -40.0 -204.8
20211128223846  -724.4 -40.5 -204.8
20211128223847  -724.6 -40.8 -205.2
20211128223848  -723.7 -40.7 -204.7
20211128223849  -723.5 -40.7 -204.2
20211128223850  -722.9 -40.5 -203.8
20211128223851  -722.6 -40.0 -203.4
20211128223852  -722.5 -40.0 -203.2
20211128223853  -722.3 -39.8 -202.8
20211128223854  -721.9 -39.8 -202.7
20211128223855  -721.7 -40.0 -202.6
20211128223856  -721.6 -39.8 -202.4
20211128223857  -721.4 -39.7 -202.1
20211128223858  -721.1 -39.8 -202.1
20211128223859  -721.2 -39.6 -201.9
20211128223900  -721.0 -39.6 -202.0
20211128223901  -722.2 -39.9 -203.2
20211128223902  -722.9 -40.2 -203.4
20211128223903  -722.8 -40.3 -203.5
20211128223904  -723.1 -40.3 -203.5
20211128223905  -723.1 -40.4 -203.5
20211128223906  -723.4 -40.4 -203.7
20211128223907  -723.9 -40.8 -203.7
20211128223908  -724.3 -40.8 -204.0
20211128223909  -724.3 -40.8 -204.0
20211128223910  -724.9 -41.1 -204.0
20211128223911  -725.2 -41.1 -204.3
20211128223912  -725.6 -41.0 -204.2
20211128223913  -725.8 -41.3 -204.7
20211128223914  -726.3 -41.8 -205.1
20211128223915  -726.2 -41.6 -205.0
20211128223916  -725.9 -41.3 -204.4
20211128223917  -725.7 -41.4 -203.9
20211128223918  -725.4 -41.2 -203.5
20211128223919  -725.3 -41.0 -203.3
20211128223920  -725.0 -41.1 -203.0
20211128223921  -724.7 -41.0 -202.7
20211128223922  -724.5 -40.7 -202.4
20211128223923  -724.9 -40.8 -202.3
20211128223924  -724.5 -40.7 -202.4
20211128223925  -724.6 -40.5 -202.4
20211128223926  -724.7 -40.3 -202.0
20211128223927  -724.7 -40.6 -201.6
20211128223928  -725.4 -40.6 -202.2
20211128223929  -726.5 -40.7 -203.0
20211128223930  -726.9 -41.0 -202.8
20211128223931  -727.1 -41.2 -203.1
20211128223932  -727.4 -41.3 -203.3
20211128223933  -727.8 -41.3 -203.2
20211128223934  -728.0 -41.3 -203.3
20211128223935  -727.9 -41.4 -203.4
20211128223936  -728.3 -41.4 -203.5
20211128223937  -728.9 -41.3 -203.4
20211128223938  -728.9 -41.6 -203.6
20211128223939  -728.9 -41.7 -203.6
20211128223940  -729.1 -41.8 -203.7
20211128223941  -729.7 -42.3 -204.4
20211128223942  -729.9 -42.2 -204.4
20211128223943  -729.4 -42.0 -204.0
20211128223944  -729.0 -41.7 -203.6
20211128223945  -728.8 -41.4 -203.3
20211128223946  -728.9 -41.4 -202.8
20211128223947  -728.7 -40.9 -202.9
20211128223948  -728.6 -41.1 -202.7
20211128223949  -728.8 -40.7 -202.4
20211128223950  -729.1 -40.8 -202.5
20211128223951  -729.3 -40.9 -202.0
20211128223952  -729.0 -40.9 -201.7
20211128223953  -728.7 -40.4 -201.7
20211128223954  -728.8 -40.3 -201.4
20211128223955  -729.0 -40.2 -201.4
20211128223956  -730.4 -40.6 -202.3
20211128223957  -730.5 -40.7 -202.3
20211128223958  -731.0 -40.7 -202.5
20211128223959  -731.5 -40.9 -202.6
20211128224000  -731.7 -41.0 -202.7
20211128224001  -731.7 -41.0 -202.9
20211128224002  -732.4 -41.0 -203.1
20211128224003  -732.7 -41.0 -202.9
20211128224004  -732.8 -41.0 -202.7
20211128224005  -732.7 -40.9 -202.8
20211128224006  -733.1 -41.0 -202.6
20211128224007  -733.7 -41.4 -202.8
20211128224008  -733.8 -41.3 -203.0
20211128224009  -733.9 -41.5 -203.5
20211128224010  -733.7 -41.2 -202.8
20211128224011  -733.1 -41.3 -202.4
20211128224012  -733.0 -40.7 -202.1
20211128224013  -732.7 -41.0 -201.8
20211128224014  -732.8 -41.1 -201.4
20211128224015  -732.3 -41.0 -201.1
20211128224016  -732.4 -40.9 -201.0
20211128224017  -732.4 -40.9 -200.5
20211128224018  -732.0 -40.6 -200.4
20211128224019  -732.0 -40.4 -200.4
20211128224020  -732.0 -40.4 -200.2
20211128224021  -732.0 -40.3 -200.0
20211128224022  -732.0 -40.2 -200.2
20211128224023  -733.4 -40.4 -201.0
20211128224024  -733.2 -40.3 -200.9
20211128224025  -733.6 -40.6 -201.2
20211128224026  -733.7 -40.7 -201.3
20211128224027  -733.8 -40.6 -201.3
20211128224028  -733.6 -40.7 -201.5
20211128224029  -733.7 -41.1 -201.5
20211128224030  -733.7 -41.1 -201.7
20211128224031  -733.9 -41.1 -201.9
20211128224032  -733.9 -41.1 -201.8
20211128224033  -733.8 -41.1 -202.2
20211128224034  -734.0 -41.2 -202.1
20211128224035  -734.1 -41.1 -202.0
20211128224036  -734.4 -41.7 -202.8
20211128224037  -733.7 -41.6 -202.4
20211128224038  -733.2 -41.3 -202.0
20211128224039  -732.6 -41.2 -201.7
20211128224040  -732.5 -41.0 -201.4
20211128224041  -732.6 -40.8 -201.0
20211128224042  -732.0 -40.9 -200.8
20211128224043  -732.0 -41.1 -200.6
20211128224044  -731.7 -41.0 -200.4
20211128224045  -731.4 -40.9 -199.9
20211128224046  -730.9 -41.0 -199.7
20211128224047  -730.7 -41.3 -199.6
20211128224048  -730.4 -41.2 -199.3
20211128224049  -730.0 -40.9 -199.4
20211128224050  -730.9 -41.3 -200.1
20211128224051  -730.8 -41.3 -200.8
20211128224052  -730.8 -41.4 -201.0
20211128224053  -731.1 -41.6 -200.9
20211128224054  -731.0 -41.5 -201.1
20211128224055  -731.0 -41.8 -201.5
20211128224056  -730.9 -42.1 -201.4
20211128224057  -730.9 -42.1 -200.9
20211128224058  -730.6 -42.3 -201.2
20211128224059  -730.7 -42.6 -201.2
20211128224100  -730.2 -42.6 -201.1
20211128224101  -730.0 -42.7 -201.4
20211128224102  -729.9 -42.7 -201.5
20211128224103  -730.0 -43.2 -202.6
20211128224104  -729.4 -43.5 -202.3
20211128224105  -728.8 -43.4 -201.9
20211128224106  -728.0 -43.2 -201.5
20211128224107  -727.9 -42.9 -201.2
20211128224108  -727.3 -42.9 -200.8
20211128224109  -727.0 -42.7 -200.7
20211128224110  -726.9 -42.4 -200.4
20211128224111  -726.5 -42.6 -200.5
20211128224112  -726.2 -42.4 -200.3
20211128224113  -725.9 -42.4 -200.3
20211128224114  -725.3 -42.5 -200.3
20211128224115  -725.0 -42.2 -200.0
20211128224116  -724.8 -42.3 -200.1
20211128224117  -725.2 -42.4 -200.7
20211128224118  -725.1 -42.9 -201.0
20211128224119  -725.0 -43.0 -201.5
20211128224120  -724.8 -43.1 -201.4
20211128224121  -724.6 -43.3 -201.5
20211128224122  -724.4 -43.0 -201.6
20211128224123  -724.3 -43.0 -201.9
20211128224124  -723.8 -43.0 -201.9
20211128224125  -723.7 -43.0 -202.0
20211128224126  -723.6 -43.4 -201.9
20211128224127  -723.6 -43.5 -202.1
20211128224128  -723.2 -43.5 -202.5
20211128224129  -723.2 -43.6 -202.8
20211128224130  -723.2 -44.1 -203.1
20211128224131  -722.7 -43.8 -203.1
20211128224132  -721.9 -43.6 -202.7
20211128224133  -721.3 -43.2 -202.4
20211128224134  -720.7 -43.0 -202.0
20211128224135  -720.1 -43.0 -201.8
20211128224136  -719.8 -43.3 -201.8
20211128224137  -719.6 -43.1 -201.9
20211128224138  -718.9 -42.9 -201.7
20211128224139  -718.9 -42.9 -201.7
20211128224140  -718.6 -42.9 -201.8
20211128224141  -718.3 -42.7 -201.5
20211128224142  -718.1 -42.8 -201.3
20211128224143  -718.0 -43.1 -201.4
20211128224144  -718.0 -43.1 -201.8
20211128224145  -718.8 -43.2 -202.8
20211128224146  -718.8 -43.3 -203.0
20211128224147  -719.2 -43.0 -203.1
20211128224148  -719.3 -43.3 -203.6
20211128224149  -719.0 -43.4 -203.6
20211128224150  -719.6 -43.6 -203.8
20211128224151  -719.7 -43.4 -204.1
20211128224152  -719.6 -43.6 -204.4
20211128224153  -720.1 -43.5 -204.1
20211128224154  -720.3 -43.5 -204.3
20211128224155  -720.6 -43.7 -204.6
20211128224156  -720.9 -43.8 -205.1
20211128224157  -721.2 -44.1 -205.6
20211128224158  -721.7 -44.5 -206.0
20211128224159  -721.4 -44.0 -205.7
20211128224200  -721.0 -43.7 -205.3
20211128224201  -720.9 -43.7 -205.0
20211128224202  -721.0 -43.5 -204.5
20211128224203  -720.3 -43.4 -204.5
20211128224204  -720.3 -43.5 -204.3
20211128224205  -720.4 -43.1 -203.9
20211128224206  -720.5 -42.8 -203.9
20211128224207  -720.2 -43.0 -203.9
20211128224208  -720.1 -43.2 -203.9
20211128224209  -720.6 -43.1 -203.8
20211128224210  -720.5 -43.1 -203.7
20211128224211  -720.9 -43.2 -203.6
20211128224212  -722.0 -43.5 -204.4
20211128224213  -722.5 -43.4 -204.9
20211128224214  -723.0 -43.7 -204.8
20211128224215  -723.3 -43.5 -205.0
20211128224216  -723.2 -43.4 -205.3
20211128224217  -723.7 -43.5 -205.5
20211128224218  -724.1 -43.5 -205.4
20211128224219  -724.5 -43.8 -205.8
20211128224220  -724.8 -43.8 -205.8
20211128224221  -725.4 -43.9 -206.1
20211128224222  -725.7 -43.9 -206.5
20211128224223  -726.1 -44.0 -206.7
20211128224224  -726.5 -44.1 -206.8
20211128224225  -727.6 -44.9 -207.7
20211128224226  -727.6 -44.4 -207.2
20211128224227  -727.8 -44.4 -206.8
20211128224228  -727.5 -43.9 -206.8
20211128224229  -727.7 -43.7 -206.6
20211128224230  -728.0 -43.8 -206.3
20211128224231  -728.0 -43.8 -206.2
20211128224232  -728.5 -43.5 -205.8
20211128224233  -728.8 -43.5 -205.5
20211128224234  -728.7 -43.3 -205.2
20211128224235  -728.9 -43.3 -205.0
20211128224236  -728.9 -43.4 -204.9
20211128224237  -729.3 -43.4 -204.9
20211128224238  -729.6 -43.3 -204.7
20211128224239  -731.2 -43.8 -205.6
20211128224240  -731.6 -43.9 -205.8
20211128224241  -732.3 -43.9 -205.8
20211128224242  -732.7 -43.8 -205.9
20211128224243  -733.0 -44.1 -205.9
20211128224244  -733.6 -44.2 -206.4
20211128224245  -733.9 -44.3 -206.3
20211128224246  -734.2 -44.7 -206.6
20211128224247  -734.2 -44.8 -206.5
20211128224248  -734.8 -45.4 -206.6
20211128224249  -735.3 -45.0 -207.0
20211128224250  -735.7 -45.2 -206.9
20211128224251  -736.3 -45.2 -207.1
20211128224252  -736.7 -45.8 -207.4
20211128224253  -736.8 -45.5 -207.5
20211128224254  -736.7 -45.4 -207.0
20211128224255  -736.6 -45.1 -206.5
20211128224256  -736.9 -45.0 -206.4
20211128224257  -736.9 -45.2 -206.0
20211128224258  -736.8 -45.0 -205.8
20211128224259  -736.7 -45.1 -206.0
20211128224300  -737.1 -44.8 -205.5
20211128224301  -737.1 -45.2 -205.9
20211128224302  -737.3 -45.0 -205.8
20211128224303  -737.7 -44.9 -205.4
20211128224304  -738.1 -44.9 -205.2
20211128224305  -738.6 -44.9 -205.4
20211128224306  -739.6 -45.4 -205.7
20211128224307  -740.6 -45.6 -206.3
20211128224308  -740.8 -45.4 -206.4
20211128224309  -741.4 -45.5 -206.3
20211128224310  -741.8 -45.5 -206.4
20211128224311  -742.5 -45.8 -206.7
20211128224312  -742.9 -45.6 -206.8
20211128224313  -743.1 -45.8 -206.6
20211128224314  -743.5 -46.0 -206.8
20211128224315  -744.0 -46.2 -206.6
20211128224316  -744.5 -46.2 -206.7
20211128224317  -744.8 -46.4 -206.9
20211128224318  -745.0 -46.6 -207.1
20211128224319  -745.3 -46.8 -207.3
20211128224320  -745.6 -47.2 -207.4
20211128224321  -745.2 -46.8 -206.9
20211128224322  -745.0 -46.6 -206.2
20211128224323  -744.8 -46.6 -205.7
20211128224324  -745.0 -46.5 -206.0
20211128224325  -744.8 -46.1 -205.6
20211128224326  -744.8 -46.0 -205.3
20211128224327  -745.1 -46.1 -205.0
20211128224328  -745.0 -46.0 -205.0
20211128224329  -744.9 -45.7 -204.9
20211128224330  -745.0 -45.9 -204.6
20211128224331  -745.3 -45.6 -204.5
20211128224332  -745.2 -45.4 -204.1
20211128224333  -745.6 -45.8 -204.7
20211128224334  -746.2 -46.2 -205.3
20211128224335  -746.7 -46.3 -205.5
20211128224336  -746.7 -46.2 -205.3
20211128224337  -746.8 -46.1 -205.4
20211128224338  -746.8 -46.1 -205.6
20211128224339  -747.0 -46.3 -205.7
20211128224340  -747.4 -46.5 -205.6
20211128224341  -747.1 -46.5 -205.6
20211128224342  -747.5 -46.6 -205.7
20211128224343  -747.5 -46.8 -205.8
20211128224344  -747.6 -46.9 -205.8
20211128224345  -747.7 -46.6 -206.0
20211128224346  -747.6 -46.8 -206.1
20211128224347  -747.8 -47.4 -206.7
20211128224348  -747.5 -47.4 -206.3
20211128224349  -747.1 -47.1 -205.8
20211128224350  -746.4 -47.2 -205.5
20211128224351  -746.0 -47.0 -205.2
20211128224352  -745.6 -46.9 -205.2
20211128224353  -745.3 -46.7 -205.0
20211128224354  -745.4 -46.6 -204.7
20211128224355  -745.1 -46.6 -204.4
20211128224356  -744.9 -46.7 -204.3
20211128224357  -744.6 -46.3 -204.2
20211128224358  -744.3 -46.2 -204.1
20211128224359  -744.3 -46.4 -204.0
20211128224400  -744.4 -46.5 -203.9
20211128224401  -745.0 -46.9 -204.7
20211128224402  -745.1 -47.0 -204.9
20211128224403  -745.2 -47.1 -205.5
20211128224404  -745.2 -46.8 -205.5
20211128224405  -745.0 -47.0 -205.5
20211128224406  -745.0 -46.9 -205.7
20211128224407  -744.8 -47.0 -205.7
20211128224408  -745.0 -47.1 -205.9
20211128224409  -744.9 -47.0 -205.8
20211128224410  -744.9 -47.2 -206.0
20211128224411  -744.6 -47.1 -206.3
20211128224412  -744.6 -47.1 -206.5
20211128224413  -744.5 -47.5 -206.4
20211128224414  -744.2 -48.0 -207.0
20211128224415  -743.5 -47.5 -206.5
20211128224416  -742.8 -47.3 -205.9
20211128224417  -742.7 -47.3 -205.7
20211128224418  -742.3 -47.2 -205.5
20211128224419  -742.0 -46.9 -205.1
20211128224420  -741.6 -46.5 -205.1
20211128224421  -741.4 -46.5 -204.9
20211128224422  -741.2 -46.2 -204.7
20211128224423  -741.0 -46.4 -204.4
20211128224424  -740.8 -46.4 -204.7
20211128224425  -740.6 -46.0 -204.5
20211128224426  -740.3 -46.1 -204.2
20211128224427  -740.7 -45.8 -204.4
20211128224428  -741.6 -46.2 -205.7
20211128224429  -741.7 -46.1 -206.1
20211128224430  -741.8 -46.5 -206.2
20211128224431  -741.9 -46.5 -206.7
20211128224432  -741.9 -46.7 -206.6
20211128224433  -742.0 -46.4 -206.8
20211128224434  -742.0 -46.6 -206.8
20211128224435  -741.9 -46.8 -207.2
20211128224436  -742.1 -46.6 -206.8
20211128224437  -742.0 -46.7 -206.9
20211128224438  -742.1 -46.8 -207.0
20211128224439  -742.4 -47.0 -207.0
20211128224440  -742.6 -46.9 -207.3
20211128224441  -742.8 -47.1 -208.1
20211128224442  -742.6 -46.7 -207.7
20211128224443  -742.1 -46.5 -207.5
20211128224444  -742.0 -46.6 -206.9
20211128224445  -741.6 -46.3 -206.5
20211128224446  -741.2 -46.4 -206.3
20211128224447  -741.0 -46.2 -206.2
20211128224448  -740.6 -46.5 -205.7
20211128224449  -740.3 -46.3 -205.7
20211128224450  -740.1 -45.8 -205.7
20211128224451  -740.2 -45.7 -205.7
20211128224452  -740.2 -45.5 -205.3
20211128224453  -740.2 -45.4 -205.2
20211128224454  -740.1 -45.3 -205.2
20211128224455  -740.6 -45.6 -206.2
20211128224456  -740.5 -45.7 -206.2
20211128224457  -740.7 -45.7 -206.2
20211128224458  -740.4 -45.9 -206.3
20211128224459  -740.5 -45.7 -206.6
20211128224500  -740.6 -45.9 -206.4
20211128224501  -740.7 -45.9 -206.7
20211128224502  -740.6 -45.9 -207.0
20211128224503  -740.8 -45.8 -207.0
20211128224504  -740.8 -45.5 -207.2
20211128224505  -740.7 -45.2 -207.1
20211128224506  -740.8 -45.3 -207.5
20211128224507  -740.7 -45.5 -207.6
20211128224508  -741.1 -46.3 -208.4
20211128224509  -741.1 -46.3 -208.3
20211128224510  -740.6 -46.0 -208.2
20211128224511  -740.2 -46.0 -207.5
20211128224512  -739.9 -45.8 -207.1
20211128224513  -739.6 -45.3 -207.0
20211128224514  -739.2 -45.0 -206.8
20211128224515  -738.8 -44.8 -206.4
20211128224516  -738.4 -44.8 -206.3
20211128224517  -738.1 -44.7 -206.1
20211128224518  -737.9 -45.0 -205.9
20211128224519  -737.3 -44.9 -205.8
20211128224520  -737.1 -44.9 -205.5
20211128224521  -736.9 -44.7 -205.2
20211128224522  -737.4 -45.0 -206.1
20211128224523  -737.4 -45.2 -206.6
20211128224524  -737.4 -45.2 -206.3
20211128224525  -737.1 -45.3 -206.2
20211128224526  -736.9 -45.4 -205.9
20211128224527  -736.7 -45.4 -206.0
20211128224528  -736.4 -45.5 -205.9
20211128224529  -735.9 -45.5 -206.3
20211128224530  -735.8 -45.6 -206.6
20211128224531  -735.5 -45.7 -207.2
20211128224532  -735.5 -45.7 -206.7
20211128224533  -735.7 -45.9 -206.9
20211128224534  -735.4 -45.9 -207.0
20211128224535  -735.3 -46.4 -207.5
20211128224536  -735.1 -46.4 -207.6
20211128224537  -734.5 -46.4 -207.6
20211128224538  -733.7 -46.3 -207.1
20211128224539  -733.0 -46.3 -206.8
20211128224540  -732.6 -46.0 -206.6
20211128224541  -732.2 -45.8 -206.6
20211128224542  -731.8 -45.5 -206.3
20211128224543  -731.3 -45.2 -206.2
20211128224544  -730.8 -45.2 -206.4
20211128224545  -730.6 -45.3 -206.1
20211128224546  -730.3 -45.1 -205.9
20211128224547  -729.8 -45.3 -205.4
20211128224548  -729.5 -45.3 -205.6
20211128224549  -730.5 -45.4 -206.3
20211128224550  -730.5 -45.4 -206.7
20211128224551  -730.6 -45.6 -206.9
20211128224552  -730.4 -45.6 -206.8
20211128224553  -730.5 -45.6 -207.2
20211128224554  -730.7 -45.9 -207.4
20211128224555  -730.8 -45.7 -207.6
20211128224556  -730.9 -45.5 -207.4
20211128224557  -730.8 -45.4 -207.6
20211128224558  -731.3 -45.6 -207.9
20211128224559  -731.3 -45.6 -208.1
20211128224600  -731.6 -45.9 -208.2
20211128224601  -731.3 -45.8 -208.0
20211128224602  -731.7 -46.1 -208.2
20211128224603  -732.4 -46.3 -209.0
20211128224604  -732.0 -46.2 -208.8
20211128224605  -731.5 -46.0 -208.4
20211128224606  -731.3 -45.8 -207.8
20211128224607  -731.1 -45.4 -207.2
20211128224608  -731.0 -45.4 -207.4
20211128224609  -730.7 -45.1 -206.9
20211128224610  -730.7 -44.9 -206.5
20211128224611  -730.3 -44.7 -205.9
20211128224612  -730.4 -44.8 -205.7
20211128224613  -730.3 -44.4 -205.8
20211128224614  -730.5 -44.4 -205.6
20211128224615  -730.2 -44.3 -205.3
20211128224616  -731.1 -44.4 -206.3
20211128224617  -731.7 -44.5 -206.3
20211128224618  -732.1 -44.5 -206.7
20211128224619  -732.1 -44.7 -206.4
20211128224620  -732.3 -44.8 -206.4
20211128224621  -732.4 -44.7 -206.5
20211128224622  -732.5 -44.7 -206.4
20211128224623  -732.6 -44.7 -206.7
20211128224624  -732.6 -44.7 -206.8
20211128224625  -732.8 -44.8 -206.8
20211128224626  -733.0 -44.8 -206.9
20211128224627  -733.2 -45.0 -207.1
20211128224628  -733.4 -44.8 -207.3
20211128224629  -733.6 -44.9 -207.2
20211128224630  -734.4 -45.4 -208.2
20211128224631  -733.8 -45.3 -207.8
20211128224632  -733.5 -45.0 -207.3
20211128224633  -733.5 -44.8 -207.0
20211128224634  -733.5 -44.8 -206.7
20211128224635  -733.0 -44.4 -206.5
20211128224636  -733.0 -44.3 -206.3
20211128224637  -733.3 -44.0 -205.9
20211128224638  -733.1 -44.0 -206.0
20211128224639  -733.3 -44.1 -205.4
20211128224640  -733.8 -43.9 -205.5
20211128224641  -733.9 -43.7 -205.4
20211128224642  -734.0 -44.0 -205.3
20211128224643  -735.1 -43.8 -205.7
20211128224644  -736.4 -44.1 -206.2
20211128224645  -736.7 -43.9 -206.1
20211128224646  -737.4 -44.3 -206.2
20211128224647  -737.8 -43.8 -206.2
20211128224648  -738.2 -43.7 -206.4
20211128224649  -738.9 -43.7 -206.5
20211128224650  -739.5 -43.6 -206.5
20211128224651  -740.0 -43.7 -206.6
20211128224652  -740.6 -44.0 -206.7
20211128224653  -741.3 -44.0 -206.5
20211128224654  -741.9 -43.9 -206.5
20211128224655  -742.6 -44.2 -206.8
20211128224656  -743.2 -44.2 -207.0
20211128224657  -743.9 -44.6 -207.3
20211128224658  -743.6 -44.5 -206.8
20211128224659  -743.5 -44.2 -206.4
20211128224700  -743.7 -43.9 -206.3
20211128224701  -744.1 -43.6 -205.4
20211128224702  -744.1 -43.4 -205.2
20211128224703  -744.1 -43.2 -204.7
20211128224704  -744.3 -43.1 -204.5
20211128224705  -744.8 -43.1 -204.1
20211128224706  -745.1 -43.1 -204.1
20211128224707  -745.4 -43.1 -203.7
20211128224708  -745.6 -42.9 -203.5
20211128224709  -746.1 -42.8 -203.1
20211128224710  -746.7 -42.8 -203.2
20211128224711  -747.8 -43.1 -203.4
20211128224712  -748.6 -42.9 -203.7
20211128224713  -749.1 -43.1 -203.5
20211128224714  -749.5 -42.9 -203.8
20211128224715  -750.1 -42.7 -203.5
20211128224716  -750.6 -43.1 -203.5
20211128224717  -751.2 -43.1 -203.6
20211128224718  -751.7 -43.0 -203.6
20211128224719  -752.2 -43.3 -203.9
20211128224720  -752.6 -43.2 -203.6
20211128224721  -753.0 -43.3 -203.5
20211128224722  -753.4 -43.2 -203.7
20211128224723  -754.1 -43.2 -203.5
20211128224724  -754.9 -43.7 -204.0
20211128224725  -754.6 -43.7 -203.4
20211128224726  -754.3 -43.2 -203.0
20211128224727  -754.4 -42.8 -202.6
20211128224728  -754.1 -42.5 -202.1
20211128224729  -754.0 -42.1 -201.6
20211128224730  -753.9 -41.7 -201.3
20211128224731  -753.8 -41.9 -200.7
20211128224732  -753.6 -41.7 -200.6
20211128224733  -753.6 -41.6 -200.1
20211128224734  -753.8 -40.9 -200.0
20211128224735  -753.9 -41.0 -199.6
20211128224736  -753.7 -41.0 -199.4
20211128224737  -754.4 -40.9 -199.7
20211128224738  -755.3 -41.2 -200.4
20211128224739  -755.6 -41.0 -200.4
20211128224740  -755.9 -41.3 -200.5
20211128224741  -755.9 -41.0 -200.5
20211128224742  -756.1 -41.2 -200.1
20211128224743  -756.2 -41.3 -200.3
20211128224744  -756.9 -41.4 -200.4
20211128224745  -757.1 -41.6 -200.1
20211128224746  -757.3 -41.6 -200.1
20211128224747  -757.3 -41.4 -200.1
20211128224748  -757.4 -42.0 -200.4
20211128224749  -757.8 -41.9 -200.6
20211128224750  -758.0 -41.8 -200.5
20211128224751  -758.8 -42.2 -201.0
20211128224752  -758.9 -42.0 -200.9
20211128224753  -758.5 -41.7 -200.4
20211128224754  -758.5 -41.6 -199.8
20211128224755  -758.1 -41.2 -199.3
20211128224756  -757.9 -40.9 -198.9
20211128224757  -757.4 -40.9 -198.6
20211128224758  -757.1 -41.1 -198.3
20211128224759  -757.1 -41.3 -197.9
20211128224800  -756.7 -41.0 -197.8
20211128224801  -756.6 -40.8 -197.8
20211128224802  -756.1 -40.7 -197.7
20211128224803  -756.1 -40.8 -197.5
20211128224804  -756.2 -40.5 -197.2
20211128224805  -757.2 -40.6 -198.1
20211128224806  -757.6 -40.8 -198.2
20211128224807  -757.7 -40.9 -198.1
20211128224808  -757.7 -41.1 -198.3
20211128224809  -757.7 -40.9 -197.9
20211128224810  -757.8 -41.2 -197.9
20211128224811  -757.8 -41.2 -198.2
20211128224812  -758.0 -40.8 -198.3
20211128224813  -758.1 -40.9 -198.0
20211128224814  -757.9 -41.2 -197.7
20211128224815  -757.8 -41.2 -197.9
20211128224816  -757.9 -41.4 -198.0
20211128224817  -758.1 -41.2 -198.0
20211128224818  -758.4 -41.8 -198.5
20211128224819  -757.8 -41.7 -198.4
20211128224820  -757.4 -41.6 -197.6
20211128224821  -757.0 -41.3 -197.2
20211128224822  -756.8 -41.0 -197.5
20211128224823  -756.3 -41.0 -197.1
20211128224824  -755.8 -40.9 -196.8
20211128224825  -755.9 -40.9 -196.0
20211128224826  -755.4 -40.8 -195.9
20211128224827  -755.1 -40.7 -195.6
20211128224828  -755.1 -40.7 -195.3
20211128224829  -754.8 -40.7 -194.9
20211128224830  -754.3 -40.5 -194.7
20211128224831  -754.1 -40.4 -194.4
20211128224832  -755.0 -40.5 -195.2
20211128224833  -755.2 -40.9 -195.5
20211128224834  -754.8 -40.9 -195.6
20211128224835  -754.8 -40.8 -195.6
20211128224836  -754.9 -41.0 -195.8
20211128224837  -755.1 -41.0 -196.0
20211128224838  -754.8 -41.4 -195.8
20211128224839  -754.8 -41.5 -195.6
20211128224840  -755.0 -41.6 -195.7
20211128224841  -754.9 -41.8 -195.9
20211128224842  -754.8 -42.2 -195.7
20211128224843  -754.5 -42.1 -196.0
20211128224844  -755.0 -42.1 -196.1
20211128224845  -755.1 -42.5 -196.5
20211128224846  -755.3 -42.6 -197.0
20211128224847  -754.4 -42.1 -196.7
20211128224848  -754.0 -42.1 -196.1
20211128224849  -753.6 -42.0 -195.7
20211128224850  -753.4 -41.9 -195.7
20211128224851  -753.0 -41.9 -195.4
20211128224852  -752.9 -41.6 -195.4
20211128224853  -752.5 -41.5 -195.3
20211128224854  -752.2 -41.4 -194.7
20211128224855  -752.0 -41.2 -194.2
20211128224856  -751.6 -40.7 -193.9
20211128224857  -751.5 -40.5 -193.7
20211128224858  -751.5 -40.8 -193.8
20211128224859  -752.4 -41.2 -194.6
20211128224900  -752.1 -41.1 -194.8
20211128224901  -752.1 -41.5 -195.0
20211128224902  -752.4 -42.0 -195.0
20211128224903  -752.3 -41.8 -195.0
20211128224904  -752.3 -41.8 -195.2
20211128224905  -752.5 -42.0 -195.3
20211128224906  -752.3 -42.1 -195.2
20211128224907  -752.4 -42.3 -195.3
20211128224908  -752.4 -42.5 -195.7
20211128224909  -752.3 -42.5 -195.5
20211128224910  -752.3 -42.8 -195.9
20211128224911  -752.3 -42.7 -195.9
20211128224912  -752.5 -43.1 -196.1
20211128224913  -752.6 -43.5 -196.8
20211128224914  -752.0 -43.2 -196.4
20211128224915  -751.5 -43.0 -195.4
20211128224916  -750.9 -42.9 -195.2
20211128224917  -750.4 -42.7 -195.0
20211128224918  -750.3 -42.7 -194.9
20211128224919  -749.8 -42.4 -194.8
20211128224920  -749.6 -42.2 -194.3
20211128224921  -749.0 -42.3 -194.3
20211128224922  -748.3 -42.3 -193.9
20211128224923  -748.1 -42.2 -193.7
20211128224924  -747.7 -42.3 -193.5
20211128224925  -747.1 -41.9 -193.3
20211128224926  -748.2 -42.4 -194.4
20211128224927  -748.5 -42.5 -194.8
20211128224928  -748.6 -42.7 -194.9
20211128224929  -748.5 -43.1 -194.9
20211128224930  -748.3 -42.6 -195.0
20211128224931  -748.4 -42.8 -195.3
20211128224932  -748.3 -42.7 -195.2
20211128224933  -748.2 -42.7 -195.4
20211128224934  -748.0 -42.9 -195.4
20211128224935  -747.5 -43.0 -195.7
20211128224936  -747.7 -42.9 -195.7
20211128224937  -748.1 -43.1 -196.1
20211128224938  -747.9 -43.3 -196.0
20211128224939  -748.0 -43.4 -196.4
20211128224940  -748.3 -43.6 -196.7
20211128224941  -747.4 -43.4 -196.1
20211128224942  -746.7 -43.3 -195.8
20211128224943  -746.5 -43.1 -195.6
20211128224944  -746.0 -43.1 -195.0
20211128224945  -745.6 -43.1 -194.7
20211128224946  -745.2 -42.9 -194.5
20211128224947  -745.0 -42.7 -194.1
20211128224948  -744.9 -42.6 -194.0
20211128224949  -744.6 -42.7 -193.5
20211128224950  -744.6 -42.3 -193.7
20211128224951  -744.0 -42.2 -193.4
20211128224952  -743.9 -42.2 -193.3
20211128224953  -744.6 -42.4 -193.8
20211128224954  -745.0 -42.6 -194.1
20211128224955  -745.4 -42.8 -194.4
20211128224956  -745.6 -43.1 -194.5
20211128224957  -745.7 -43.0 -194.6
20211128224958  -745.7 -43.3 -194.7
20211128224959  -745.5 -43.6 -194.9
20211128225000  -745.5 -43.5 -194.9
20211128225001  -745.6 -43.5 -194.8
20211128225002  -745.5 -43.5 -194.9
20211128225003  -745.6 -43.6 -194.9
20211128225004  -745.9 -43.6 -195.4
20211128225005  -745.9 -43.6 -195.4
20211128225006  -745.6 -43.6 -195.3
20211128225007  -746.1 -44.4 -196.4
20211128225008  -745.2 -44.0 -195.6
20211128225009  -744.9 -43.6 -195.6
20211128225010  -744.3 -43.6 -195.1
20211128225011  -743.9 -43.5 -194.7
20211128225012  -743.1 -43.3 -194.2
20211128225013  -742.5 -43.1 -194.0
20211128225014  -742.3 -43.5 -193.4
20211128225015  -741.8 -43.0 -193.4
20211128225016  -741.0 -42.8 -193.1
20211128225017  -740.4 -42.6 -192.9
20211128225018  -740.0 -42.7 -192.6
20211128225019  -739.8 -42.6 -192.4
20211128225020  -740.6 -42.9 -193.3
20211128225021  -740.7 -42.9 -193.4
20211128225022  -740.5 -43.0 -193.7
20211128225023  -740.4 -43.1 -193.8
20211128225024  -740.0 -43.2 -194.0
20211128225025  -739.8 -43.3 -194.0
20211128225026  -739.6 -43.3 -194.3
20211128225027  -739.3 -43.3 -194.7
20211128225028  -739.0 -43.5 -194.9
20211128225029  -738.8 -43.6 -194.6
20211128225030  -738.7 -43.7 -194.7
20211128225031  -738.4 -43.7 -195.2
20211128225032  -738.1 -43.7 -195.2
20211128225033  -737.6 -43.5 -195.4
20211128225034  -737.9 -43.8 -196.3
20211128225035  -737.0 -43.7 -195.8
20211128225036  -736.1 -43.4 -195.8
20211128225037  -735.3 -43.4 -195.3
20211128225038  -734.6 -42.9 -195.2
20211128225039  -733.9 -42.7 -195.3
20211128225040  -733.4 -42.7 -195.1
20211128225041  -733.0 -42.3 -195.1
20211128225042  -732.4 -42.1 -194.9
20211128225043  -731.6 -41.6 -194.4
20211128225044  -731.4 -41.4 -194.7
20211128225045  -731.0 -41.3 -194.7
20211128225046  -731.2 -41.3 -195.0
20211128225047  -732.0 -41.3 -195.8
20211128225048  -732.5 -41.2 -196.4
20211128225049  -732.5 -41.4 -196.7
20211128225050  -732.5 -41.7 -196.9
20211128225051  -732.6 -41.9 -197.1
20211128225052  -732.9 -41.7 -197.3
20211128225053  -733.2 -41.5 -197.6
20211128225054  -733.3 -41.5 -197.7
20211128225055  -733.3 -41.5 -198.1
20211128225056  -733.8 -41.5 -198.2
20211128225057  -733.9 -41.3 -198.5
20211128225058  -733.8 -41.0 -198.5
20211128225059  -734.1 -41.2 -198.6
20211128225100  -734.0 -41.2 -198.9
20211128225101  -734.0 -41.8 -199.4
20211128225102  -733.9 -41.3 -199.1
20211128225103  -733.3 -41.1 -198.5
20211128225104  -733.0 -40.5 -198.0
20211128225105  -732.4 -40.6 -197.8
20211128225106  -731.9 -40.0 -197.7
20211128225107  -731.7 -39.7 -197.4
20211128225108  -731.5 -39.5 -197.2
20211128225109  -731.1 -39.4 -197.2
20211128225110  -730.8 -39.3 -197.0
20211128225111  -730.5 -39.2 -196.8
20211128225112  -730.0 -39.3 -196.8
20211128225113  -729.9 -39.3 -196.5
20211128225114  -730.6 -39.6 -197.1
20211128225115  -730.7 -39.5 -197.4
20211128225116  -730.4 -39.4 -197.7
20211128225117  -730.3 -39.4 -198.0
20211128225118  -730.1 -39.6 -198.3
20211128225119  -730.0 -39.9 -198.5
20211128225120  -729.7 -39.7 -198.5
20211128225121  -730.0 -39.8 -198.8
20211128225122  -730.0 -39.7 -199.1
20211128225123  -730.0 -39.7 -199.4
20211128225124  -730.0 -39.7 -199.2
20211128225125  -730.1 -39.8 -199.9
20211128225126  -730.2 -39.8 -199.7
20211128225127  -729.8 -40.0 -200.1
20211128225128  -730.6 -40.1 -200.9
20211128225129  -729.8 -40.1 -200.8
20211128225130  -729.4 -39.9 -200.3
20211128225131  -729.1 -39.4 -200.1
20211128225132  -728.9 -39.2 -199.9
20211128225133  -728.4 -39.1 -199.9
20211128225134  -728.5 -38.9 -199.7
20211128225135  -728.1 -38.7 -199.6
20211128225136  -727.8 -38.6 -199.6
20211128225137  -727.6 -38.1 -199.0
20211128225138  -727.2 -37.8 -198.9
20211128225139  -727.0 -37.5 -198.5
20211128225140  -727.8 -37.4 -198.8
20211128225141  -728.0 -37.6 -199.2
20211128225142  -728.3 -37.5 -199.6
20211128225143  -728.1 -37.7 -199.9
20211128225144  -728.4 -37.7 -199.7
20211128225145  -728.7 -37.8 -199.9
20211128225146  -728.6 -37.7 -200.0
20211128225147  -728.6 -37.6 -200.1
20211128225148  -728.8 -37.6 -200.4
20211128225149  -729.0 -37.3 -200.8
20211128225150  -728.8 -37.3 -201.1
20211128225151  -729.0 -37.2 -201.3
20211128225152  -729.4 -37.2 -201.3
20211128225153  -729.6 -37.4 -201.4
20211128225154  -729.8 -37.5 -201.6
20211128225155  -730.4 -37.9 -202.5
20211128225156  -730.0 -37.7 -202.2
20211128225157  -729.5 -37.3 -201.7
20211128225158  -729.3 -37.2 -201.5
20211128225159  -729.1 -36.8 -201.0
20211128225200  -728.6 -36.4 -200.5
20211128225201  -728.5 -36.2 -200.4
20211128225202  -728.1 -35.8 -200.2
20211128225203  -728.0 -35.8 -200.0
20211128225204  -727.7 -35.7 -199.8
20211128225205  -727.6 -35.4 -199.8
20211128225206  -727.2 -35.3 -199.5
20211128225207  -728.4 -35.5 -200.2
20211128225208  -728.1 -35.6 -200.5
20211128225209  -728.2 -35.5 -200.7
20211128225210  -728.3 -35.6 -200.9
20211128225211  -728.1 -35.5 -200.8
20211128225212  -727.9 -35.4 -201.1
20211128225213  -727.9 -35.3 -201.2
20211128225214  -727.7 -35.3 -201.5
20211128225215  -727.5 -35.2 -201.8
20211128225216  -727.6 -35.6 -202.1
20211128225217  -727.5 -35.7 -202.0
20211128225218  -727.4 -35.4 -202.4
20211128225219  -726.9 -35.3 -202.4
20211128225220  -727.0 -35.6 -202.5
20211128225221  -726.4 -35.4 -202.6
20211128225222  -726.9 -36.0 -203.5
20211128225223  -725.9 -35.9 -202.9
20211128225224  -725.3 -35.4 -202.6
20211128225225  -724.6 -35.4 -202.2
20211128225226  -724.1 -35.3 -201.8
20211128225227  -723.4 -34.9 -201.5
20211128225228  -723.1 -34.7 -201.3
20211128225229  -722.4 -34.5 -200.8
20211128225230  -721.7 -34.2 -200.7
20211128225231  -721.2 -33.9 -200.7
20211128225232  -720.8 -33.9 -200.4
20211128225233  -719.9 -34.2 -200.3
20211128225234  -720.8 -34.5 -201.2
20211128225235  -720.6 -34.6 -201.6
20211128225236  -720.7 -34.7 -201.9
20211128225237  -720.8 -34.6 -202.2
20211128225238  -720.7 -34.7 -202.4
20211128225239  -720.6 -34.8 -202.3
20211128225240  -720.4 -35.2 -202.7
20211128225241  -720.3 -35.3 -202.7
20211128225242  -719.9 -35.6 -202.8
20211128225243  -719.8 -35.6 -203.2
20211128225244  -719.6 -35.5 -203.1
20211128225245  -719.5 -35.7 -203.3
20211128225246  -719.0 -35.7 -203.6
20211128225247  -718.8 -35.9 -203.7
20211128225248  -718.5 -36.0 -204.0
20211128225249  -719.2 -36.6 -205.0
20211128225250  -718.4 -36.3 -204.7
20211128225251  -717.6 -36.3 -204.0
20211128225252  -716.8 -36.1 -203.7
20211128225253  -716.4 -36.0 -203.5
20211128225254  -715.9 -36.0 -203.4
20211128225255  -715.1 -36.0 -203.2
20211128225256  -714.9 -35.8 -203.1
20211128225257  -714.1 -35.6 -202.9
20211128225258  -713.8 -35.4 -202.7
20211128225259  -713.4 -35.5 -202.4
20211128225300  -713.1 -35.4 -202.2
20211128225301  -713.6 -35.6 -203.1
20211128225302  -713.5 -35.6 -203.2
20211128225303  -713.4 -36.0 -203.2
20211128225304  -713.3 -36.1 -203.3
20211128225305  -712.9 -36.2 -203.8
20211128225306  -712.6 -36.2 -203.9
20211128225307  -712.4 -36.7 -204.2
20211128225308  -712.5 -36.8 -204.5
20211128225309  -712.5 -37.0 -204.5
20211128225310  -712.4 -37.6 -204.6
20211128225311  -711.9 -37.8 -204.7
20211128225312  -712.1 -38.0 -205.0
20211128225313  -711.5 -38.1 -204.8
20211128225314  -711.7 -37.9 -205.1
20211128225315  -711.6 -38.1 -205.3
20211128225316  -711.6 -38.6 -206.0
20211128225317  -710.8 -38.4 -205.7
20211128225318  -710.1 -38.6 -205.1
20211128225319  -709.4 -38.4 -204.7
20211128225320  -709.2 -38.5 -204.7
20211128225321  -708.5 -38.7 -204.1
20211128225322  -707.9 -38.7 -204.1
20211128225323  -707.3 -38.5 -204.2
20211128225324  -707.0 -38.6 -203.6
20211128225325  -706.5 -38.5 -203.4
20211128225326  -706.1 -38.3 -203.2
20211128225327  -705.8 -38.5 -202.9
20211128225328  -706.1 -38.8 -203.8
20211128225329  -706.3 -39.0 -203.9
20211128225330  -706.0 -39.4 -204.0
20211128225331  -705.7 -39.8 -203.9
20211128225332  -705.4 -39.9 -204.0
20211128225333  -704.7 -40.4 -204.1
20211128225334  -704.5 -40.5 -204.6
20211128225335  -704.2 -40.7 -204.6
20211128225336  -704.1 -40.4 -204.5
20211128225337  -703.5 -40.8 -204.6
20211128225338  -703.1 -41.0 -204.8
20211128225339  -702.8 -41.0 -204.6
20211128225340  -702.3 -40.9 -205.1
20211128225341  -701.8 -41.0 -205.0
20211128225342  -701.1 -41.0 -204.7
20211128225343  -701.0 -41.4 -205.5
20211128225344  -700.2 -41.2 -204.9
20211128225345  -699.4 -40.7 -204.4
20211128225346  -698.8 -40.7 -204.2
20211128225347  -698.5 -40.3 -204.1
20211128225348  -697.9 -40.2 -204.0
20211128225349  -697.3 -40.3 -203.7
20211128225350  -696.8 -40.0 -203.6
20211128225351  -696.4 -40.1 -203.0
20211128225352  -695.7 -39.9 -202.8
20211128225353  -695.3 -39.7 -202.6
20211128225354  -694.7 -39.6 -202.3
20211128225355  -695.6 -39.7 -203.4
20211128225356  -695.6 -39.7 -203.6
20211128225357  -695.6 -39.9 -204.1
20211128225358  -695.9 -39.9 -204.2
20211128225359  -696.1 -40.0 -204.2
20211128225400  -696.0 -40.3 -204.3
20211128225401  -696.1 -40.2 -204.4
20211128225402  -695.7 -40.2 -204.2
20211128225403  -695.6 -40.0 -204.5
20211128225404  -695.5 -39.9 -204.7
20211128225405  -695.4 -39.8 -204.8
20211128225406  -695.2 -39.6 -204.9
20211128225407  -695.0 -39.5 -204.9
20211128225408  -695.0 -39.4 -205.1
20211128225409  -694.9 -39.3 -205.5
20211128225410  -695.4 -39.8 -206.5
20211128225411  -695.1 -39.1 -205.7
20211128225412  -694.9 -39.1 -205.2
20211128225413  -694.5 -38.9 -205.0
20211128225414  -694.2 -38.9 -204.7
20211128225415  -694.0 -38.5 -204.6
20211128225416  -693.7 -38.2 -204.4
20211128225417  -693.3 -37.9 -203.8
20211128225418  -693.3 -37.8 -203.3
20211128225419  -693.0 -37.8 -203.3
20211128225420  -692.7 -37.7 -202.9
20211128225421  -692.7 -37.5 -202.5
20211128225422  -693.2 -37.5 -202.9
20211128225423  -693.6 -37.6 -203.5
20211128225424  -693.7 -37.6 -203.5
20211128225425  -693.7 -37.3 -203.5
20211128225426  -693.3 -37.4 -203.3
20211128225427  -693.5 -37.3 -203.9
20211128225428  -693.2 -37.6 -203.9
20211128225429  -693.1 -37.6 -204.2
20211128225430  -693.1 -37.4 -204.3
20211128225431  -692.8 -37.5 -204.3
20211128225432  -692.6 -37.6 -204.6
20211128225433  -692.6 -37.6 -204.4
20211128225434  -692.7 -37.9 -204.7
20211128225435  -692.4 -37.8 -204.8
20211128225436  -692.1 -37.9 -204.8
20211128225437  -692.5 -38.3 -205.5
20211128225438  -691.8 -38.1 -205.1
20211128225439  -691.2 -37.8 -204.4
20211128225440  -691.0 -37.7 -204.4
20211128225441  -690.6 -37.4 -204.2
20211128225442  -690.2 -37.6 -204.1
20211128225443  -689.8 -37.1 -203.6
20211128225444  -689.0 -36.7 -203.6
20211128225445  -688.8 -36.7 -203.3
20211128225446  -688.4 -36.6 -203.0
20211128225447  -688.0 -36.6 -202.9
20211128225448  -687.6 -36.4 -202.5
20211128225449  -688.2 -36.7 -203.4
20211128225450  -688.5 -36.9 -203.8
20211128225451  -688.5 -36.9 -204.1
20211128225452  -688.6 -36.7 -204.3
20211128225453  -688.7 -36.9 -204.5
20211128225454  -688.6 -36.9 -204.6
20211128225455  -688.9 -36.6 -204.8
20211128225456  -688.6 -36.7 -205.0
20211128225457  -688.8 -36.7 -205.0
20211128225458  -688.4 -36.8 -204.9
20211128225459  -688.3 -36.8 -204.9
20211128225500  -688.3 -36.4 -204.9
20211128225501  -688.2 -36.4 -205.0
20211128225502  -687.9 -36.0 -204.9
20211128225503  -687.9 -36.4 -205.3
20211128225504  -687.8 -36.6 -205.9
20211128225505  -687.3 -36.3 -205.5
20211128225506  -686.8 -36.1 -205.1
20211128225507  -686.0 -35.5 -204.9
20211128225508  -685.5 -35.3 -204.2
20211128225509  -684.9 -35.3 -204.0
20211128225510  -684.3 -35.0 -203.8
20211128225511  -684.0 -34.8 -203.4
20211128225512  -683.1 -34.4 -202.8
20211128225513  -682.5 -34.2 -202.5
20211128225514  -682.1 -34.2 -202.3
20211128225515  -681.7 -33.7 -202.3
20211128225516  -682.3 -34.2 -203.1
20211128225517  -682.6 -33.8 -203.4
20211128225518  -682.3 -33.9 -203.6
20211128225519  -681.9 -34.2 -203.6
20211128225520  -682.1 -34.0 -203.7
20211128225521  -681.9 -34.2 -204.0
20211128225522  -681.7 -34.2 -204.3
20211128225523  -681.5 -34.4 -204.6
20211128225524  -681.4 -34.7 -204.9
20211128225525  -681.5 -34.7 -205.1
20211128225526  -681.7 -34.9 -205.8
20211128225527  -681.7 -35.3 -206.2
20211128225528  -681.8 -35.4 -206.0
20211128225529  -682.2 -35.4 -206.5
20211128225530  -682.5 -35.4 -206.4
20211128225531  -682.9 -36.3 -207.4
20211128225532  -682.6 -36.1 -207.0
20211128225533  -682.6 -36.1 -206.3
20211128225534  -682.1 -36.1 -205.9
20211128225535  -681.7 -35.8 -205.8
20211128225536  -681.4 -35.7 -205.5
20211128225537  -681.0 -35.7 -205.2
20211128225538  -681.0 -35.7 -204.9
20211128225539  -681.1 -35.7 -204.9
20211128225540  -681.0 -35.6 -204.9
20211128225541  -681.0 -35.7 -204.5
20211128225542  -681.5 -35.5 -204.2
20211128225543  -682.7 -35.6 -205.0
20211128225544  -682.9 -35.9 -205.1
20211128225545  -683.1 -35.8 -205.1
20211128225546  -683.3 -36.1 -205.1
20211128225547  -683.3 -36.0 -205.3
20211128225548  -683.5 -36.3 -205.5
20211128225549  -683.8 -36.2 -205.8
20211128225550  -683.9 -36.4 -205.4
20211128225551  -683.8 -36.3 -205.5
20211128225552  -684.0 -36.3 -205.5
20211128225553  -683.9 -36.2 -205.4
20211128225554  -683.9 -36.1 -205.2
20211128225555  -684.0 -36.2 -205.9
20211128225556  -683.6 -35.8 -205.7
20211128225557  -683.8 -35.4 -205.7
20211128225558  -684.4 -36.1 -206.4
20211128225559  -683.6 -35.8 -205.9
20211128225600  -683.4 -35.7 -205.5
20211128225601  -683.4 -35.7 -205.2
20211128225602  -683.1 -35.1 -204.7
20211128225603  -683.2 -34.8 -204.5
20211128225604  -683.0 -34.8 -204.5
20211128225605  -682.9 -34.6 -204.1
20211128225606  -682.8 -34.6 -203.7
20211128225607  -683.1 -34.2 -203.9
20211128225608  -683.1 -33.9 -203.7
20211128225609  -683.6 -33.8 -203.8
20211128225610  -684.9 -34.4 -204.7
20211128225611  -685.2 -34.4 -204.9
20211128225612  -685.8 -34.5 -205.0
20211128225613  -686.3 -34.1 -204.8
20211128225614  -686.4 -34.6 -205.0
20211128225615  -686.8 -34.9 -205.0
20211128225616  -687.3 -35.1 -205.1
20211128225617  -687.6 -35.1 -205.2
20211128225618  -688.0 -34.9 -205.4
20211128225619  -688.0 -35.0 -205.3
20211128225620  -688.3 -35.2 -205.2
20211128225621  -688.4 -35.0 -205.1
20211128225622  -688.2 -35.2 -205.2
20211128225623  -688.5 -35.1 -205.4
20211128225624  -688.6 -35.1 -205.6
20211128225625  -689.0 -35.5 -205.7
20211128225626  -688.3 -35.1 -205.1
20211128225627  -688.2 -35.0 -204.5
20211128225628  -687.5 -34.8 -204.2
20211128225629  -687.5 -34.6 -203.9
20211128225630  -687.2 -34.4 -203.8
20211128225631  -686.7 -34.2 -203.4
20211128225632  -686.7 -33.8 -203.1
20211128225633  -686.2 -33.9 -202.8
20211128225634  -686.2 -33.7 -202.5
20211128225635  -686.3 -33.6 -202.3
20211128225636  -686.4 -33.5 -202.5
20211128225637  -687.3 -33.4 -203.1
20211128225638  -688.0 -33.5 -203.2
20211128225639  -688.2 -33.7 -203.2
20211128225640  -688.6 -33.7 -203.3
20211128225641  -688.8 -33.8 -203.4
20211128225642  -688.8 -33.9 -203.8
20211128225643  -688.8 -33.8 -203.9
20211128225644  -689.6 -33.4 -204.0
20211128225645  -689.7 -33.7 -204.0
20211128225646  -690.2 -33.6 -204.1
20211128225647  -690.2 -33.7 -203.8
20211128225648  -690.5 -33.8 -204.1
20211128225649  -690.9 -33.9 -204.4
20211128225650  -691.3 -34.0 -204.5
20211128225651  -691.5 -34.0 -204.0
20211128225652  -692.3 -34.4 -205.2
20211128225653  -692.2 -34.4 -204.7
20211128225654  -691.8 -34.2 -204.2
20211128225655  -692.2 -34.1 -203.9
20211128225656  -692.3 -34.0 -203.4
20211128225657  -691.8 -33.7 -203.3
20211128225658  -691.4 -33.7 -202.8
20211128225659  -691.2 -33.6 -202.4
20211128225700  -691.2 -33.7 -201.7
20211128225701  -691.3 -33.3 -201.6
20211128225702  -690.7 -33.3 -201.5
20211128225703  -691.7 -33.3 -201.8
20211128225704  -692.1 -33.6 -202.3
20211128225705  -692.3 -33.7 -202.2
20211128225706  -692.5 -33.7 -202.5
20211128225707  -692.8 -33.8 -202.8
20211128225708  -693.0 -34.0 -202.9
20211128225709  -693.3 -34.2 -203.4
20211128225710  -693.3 -34.3 -203.3
20211128225711  -693.5 -34.3 -203.3
20211128225712  -693.8 -34.3 -203.4
20211128225713  -693.6 -34.4 -203.4
20211128225714  -693.6 -34.5 -203.3
20211128225715  -693.7 -34.6 -203.2
20211128225716  -693.5 -34.6 -203.4
20211128225717  -693.3 -34.6 -203.2
20211128225718  -693.7 -34.4 -203.7
20211128225719  -693.8 -34.9 -204.0
20211128225720  -693.2 -34.3 -203.1
20211128225721  -692.8 -33.8 -203.2
20211128225722  -692.4 -33.7 -203.0
20211128225723  -692.3 -33.7 -202.5
20211128225724  -692.0 -33.1 -202.2
20211128225725  -691.8 -33.0 -202.3
20211128225726  -691.4 -32.9 -202.0
20211128225727  -690.9 -32.7 -201.4
20211128225728  -690.4 -32.5 -201.0
20211128225729  -689.7 -31.8 -200.6
20211128225730  -690.4 -31.7 -201.2
20211128225731  -690.5 -31.8 -201.8
20211128225732  -690.8 -32.0 -201.8
20211128225733  -690.9 -31.7 -201.9
20211128225734  -691.1 -31.5 -202.2
20211128225735  -691.0 -31.5 -202.2
20211128225736  -691.1 -31.5 -202.8
20211128225737  -691.2 -31.5 -202.9
20211128225738  -691.6 -32.0 -203.0
20211128225739  -691.6 -31.7 -203.2
20211128225740  -691.7 -31.6 -203.3
20211128225741  -692.2 -31.4 -203.3
20211128225742  -692.5 -31.3 -203.4
20211128225743  -692.5 -31.3 -203.2
20211128225744  -692.6 -30.9 -203.2
20211128225745  -692.9 -31.2 -203.2
20211128225746  -692.8 -31.1 -203.0
20211128225747  -692.6 -31.1 -202.7
20211128225748  -692.3 -30.5 -202.3
20211128225749  -692.2 -30.1 -202.0
20211128225750  -692.1 -29.8 -201.9
20211128225751  -691.7 -29.6 -201.5
20211128225752  -691.7 -29.3 -201.0
20211128225753  -691.8 -29.1 -200.7
20211128225754  -691.7 -28.8 -200.6
20211128225755  -691.5 -28.3 -200.2
20211128225756  -691.6 -28.2 -199.8
20211128225757  -692.7 -28.4 -200.4
20211128225758  -693.2 -28.4 -200.7
20211128225759  -693.6 -28.7 -200.7
20211128225800  -694.1 -28.8 -200.9
20211128225801  -694.5 -28.8 -201.3
20211128225802  -694.6 -28.6 -201.2
20211128225803  -694.9 -28.9 -201.0
20211128225804  -695.4 -29.1 -200.9
20211128225805  -695.7 -29.0 -201.1
20211128225806  -695.9 -28.6 -201.4
20211128225807  -696.1 -28.9 -201.0
20211128225808  -696.3 -29.1 -201.0
20211128225809  -696.4 -28.6 -200.8
20211128225810  -696.7 -28.5 -200.8
20211128225811  -696.8 -28.7 -200.9
20211128225812  -697.2 -29.0 -201.2
20211128225813  -697.3 -28.8 -201.2
20211128225814  -697.2 -28.6 -200.7
20211128225815  -697.0 -28.3 -200.6
20211128225816  -696.9 -28.2 -200.0
20211128225817  -696.9 -28.2 -199.9
20211128225818  -696.8 -28.4 -199.4
20211128225819  -696.6 -28.0 -199.3
20211128225820  -696.6 -28.1 -199.0
20211128225821  -696.6 -28.1 -198.7
20211128225822  -696.4 -28.1 -198.2
20211128225823  -696.4 -27.6 -198.0
20211128225824  -697.5 -28.0 -198.8
20211128225825  -697.6 -28.1 -198.8
20211128225826  -697.9 -28.2 -198.8
20211128225827  -698.2 -28.5 -198.9
20211128225828  -698.0 -29.0 -199.3
20211128225829  -698.3 -28.7 -199.2
20211128225830  -698.6 -28.7 -199.4
20211128225831  -698.7 -28.8 -199.5
20211128225832  -699.1 -29.0 -199.4
20211128225833  -698.9 -28.9 -199.3
20211128225834  -698.9 -29.2 -199.5
20211128225835  -699.1 -29.0 -199.6
20211128225836  -698.6 -29.4 -199.7
20211128225837  -698.6 -29.6 -199.8
20211128225838  -698.6 -29.8 -199.8
20211128225839  -698.7 -30.0 -200.2
20211128225840  -698.6 -30.3 -200.2
20211128225841  -697.5 -30.4 -200.0
20211128225842  -697.5 -30.2 -199.7
20211128225843  -697.2 -30.2 -199.4
20211128225844  -697.0 -30.2 -198.7
20211128225845  -696.6 -30.1 -198.7
20211128225846  -696.4 -29.8 -198.3
20211128225847  -696.2 -30.1 -198.0
20211128225848  -696.0 -30.1 -198.1
20211128225849  -695.6 -29.8 -197.9
20211128225850  -696.1 -29.7 -198.0
20211128225851  -696.7 -30.1 -199.0
20211128225852  -697.2 -30.4 -198.9
20211128225853  -697.6 -30.6 -199.0
20211128225854  -697.4 -30.9 -199.7
20211128225855  -697.4 -30.7 -199.7
20211128225856  -697.7 -30.9 -199.7
20211128225857  -697.8 -31.0 -200.0
20211128225858  -697.9 -31.4 -200.2
20211128225859  -698.0 -31.5 -200.1
20211128225900  -698.1 -31.2 -200.4
20211128225901  -698.1 -31.3 -200.3
20211128225902  -697.9 -31.2 -200.4
20211128225903  -697.9 -31.4 -200.6
20211128225904  -697.8 -31.3 -200.6
20211128225905  -697.9 -31.8 -200.6
20211128225906  -697.9 -32.0 -200.8
20211128225907  -697.9 -32.1 -200.9
20211128225908  -697.2 -31.7 -200.4
20211128225909  -696.8 -31.3 -199.7
20211128225910  -696.5 -31.4 -199.6
20211128225911  -695.8 -31.4 -199.2
20211128225912  -695.4 -31.4 -199.0
20211128225913  -695.0 -31.2 -198.5
20211128225914  -694.4 -31.1 -198.0
20211128225915  -694.0 -30.5 -198.0
20211128225916  -693.4 -30.3 -197.7
20211128225917  -693.5 -30.0 -197.9
20211128225918  -694.3 -30.2 -198.8
20211128225919  -694.4 -30.3 -199.0
20211128225920  -694.3 -30.2 -199.3
20211128225921  -694.4 -30.3 -199.3
20211128225922  -694.7 -30.4 -199.2
20211128225923  -694.6 -30.2 -199.7
20211128225924  -695.0 -30.5 -199.4
20211128225925  -695.0 -30.7 -199.6
20211128225926  -695.1 -30.6 -199.9
20211128225927  -695.2 -30.4 -200.0
20211128225928  -695.0 -30.7 -199.9
20211128225929  -695.2 -30.2 -200.3
20211128225930  -694.8 -30.4 -200.3
20211128225931  -694.8 -30.4 -200.4
20211128225932  -694.7 -30.3 -200.5
20211128225933  -694.7 -31.0 -201.1
20211128225934  -694.5 -30.7 -201.0
20211128225935  -693.8 -30.4 -200.6
20211128225936  -693.3 -30.4 -200.4
20211128225937  -692.8 -30.3 -200.2
20211128225938  -692.2 -30.0 -199.8
20211128225939  -692.1 -30.1 -199.3
20211128225940  -691.5 -29.9 -199.3
20211128225941  -691.0 -29.7 -198.7
20211128225942  -690.8 -29.5 -198.5
20211128225943  -690.2 -29.5 -198.2
20211128225944  -690.1 -29.3 -198.2
20211128225945  -690.9 -29.6 -198.8
20211128225946  -690.7 -29.7 -199.2
20211128225947  -690.4 -30.1 -199.4
20211128225948  -690.5 -30.0 -199.3
20211128225949  -689.9 -30.3 -199.6
20211128225950  -690.0 -30.8 -199.9
20211128225951  -689.7 -30.7 -200.1
20211128225952  -689.4 -31.0 -200.0
20211128225953  -689.1 -31.2 -199.9
20211128225954  -688.9 -31.1 -200.4
20211128225955  -688.4 -31.1 -200.5
20211128225956  -688.1 -31.2 -200.8
20211128225957  -687.8 -31.3 -201.0
20211128225958  -687.5 -31.6 -201.2
20211128225959  -687.4 -31.8 -201.4
20211128230000  -687.5 -32.6 -201.9
20211128230001  -686.9 -32.7 -201.8
20211128230002  -686.0 -32.4 -201.6
20211128230003  -685.0 -32.5 -201.1
20211128230004  -684.7 -32.6 -200.9
20211128230005  -684.0 -32.4 -201.2
20211128230006  -683.3 -32.7 -200.9
20211128230007  -682.4 -32.7 -200.7
20211128230008  -682.2 -32.4 -200.6
20211128230009  -681.7 -32.8 -200.7
20211128230010  -681.5 -32.9 -200.6
20211128230011  -681.3 -33.2 -200.6
20211128230012  -681.7 -33.7 -201.5
20211128230013  -681.5 -34.1 -202.3
20211128230014  -681.8 -34.6 -202.2
20211128230015  -681.7 -34.7 -202.5
20211128230016  -681.7 -34.9 -202.8
20211128230017  -681.7 -34.9 -203.0
20211128230018  -681.9 -35.0 -203.4
20211128230019  -682.0 -35.4 -203.8
20211128230020  -681.8 -35.2 -204.0
20211128230021  -682.1 -35.5 -204.3
20211128230022  -682.2 -35.5 -204.6
20211128230023  -682.5 -35.7 -204.8
20211128230024  -682.3 -36.1 -205.0
20211128230025  -682.7 -36.3 -205.2
20211128230026  -682.9 -36.7 -205.1
20211128230027  -682.8 -37.1 -205.5
20211128230028  -682.7 -37.1 -205.3
20211128230029  -682.2 -37.0 -205.0
20211128230030  -681.9 -37.2 -204.8
20211128230031  -681.6 -37.2 -204.7
20211128230032  -681.3 -37.5 -204.5
20211128230033  -681.2 -37.3 -203.9
20211128230034  -680.7 -37.4 -203.9
20211128230035  -680.3 -37.3 -203.7
20211128230036  -680.0 -37.1 -203.6
20211128230037  -679.7 -37.4 -203.1
20211128230038  -679.8 -37.2 -203.1
20211128230039  -680.3 -37.5 -204.3
20211128230040  -680.7 -38.0 -204.9
20211128230041  -680.9 -38.4 -205.1
20211128230042  -681.0 -38.8 -205.3
20211128230043  -681.1 -38.9 -205.4
20211128230044  -681.3 -39.4 -205.7
20211128230045  -681.7 -39.3 -206.0
20211128230046  -681.6 -39.9 -206.4
20211128230047  -681.8 -40.0 -206.6
20211128230048  -681.9 -40.0 -206.6
20211128230049  -681.7 -40.2 -206.8
20211128230050  -682.1 -40.3 -206.9
20211128230051  -682.4 -40.5 -207.1
20211128230052  -682.4 -40.4 -207.4
20211128230053  -682.7 -40.8 -207.6
20211128230054  -683.3 -41.4 -208.8
20211128230055  -683.2 -41.2 -208.5
20211128230056  -683.1 -41.4 -208.5
20211128230057  -683.1 -41.6 -208.2
20211128230058  -683.0 -41.6 -208.2
20211128230059  -683.0 -41.5 -208.2
20211128230100  -682.7 -41.0 -208.1
20211128230101  -682.7 -41.5 -208.0
20211128230102  -682.8 -41.5 -207.8
20211128230103  -682.8 -41.6 -207.2
20211128230104  -682.7 -41.5 -207.1
20211128230105  -683.5 -41.9 -207.6
20211128230106  -684.4 -42.2 -208.2
20211128230107  -684.6 -42.6 -208.4
20211128230108  -685.4 -42.8 -208.7
20211128230109  -685.7 -43.2 -209.1
20211128230110  -686.0 -43.4 -209.6
20211128230111  -686.6 -43.6 -209.7
20211128230112  -686.7 -43.9 -209.8
20211128230113  -687.2 -44.1 -210.2
20211128230114  -687.4 -44.7 -210.3
20211128230115  -687.7 -44.8 -210.5
20211128230116  -688.2 -45.2 -210.6
20211128230117  -688.7 -45.6 -210.8
20211128230118  -688.8 -45.6 -210.7
20211128230119  -689.0 -45.9 -211.0
20211128230120  -689.5 -46.1 -211.2
20211128230121  -689.7 -46.6 -211.9
20211128230122  -689.4 -46.7 -211.9
20211128230123  -689.5 -46.8 -211.2
20211128230124  -689.3 -46.7 -211.1
20211128230125  -689.4 -47.3 -211.4
20211128230126  -689.4 -47.0 -211.0
20211128230127  -689.0 -47.3 -210.9
20211128230128  -688.9 -47.3 -210.7
20211128230129  -688.9 -47.6 -210.6
20211128230130  -688.8 -47.6 -210.5
20211128230131  -689.0 -47.8 -210.3
20211128230132  -689.5 -48.0 -210.8
20211128230133  -690.0 -48.3 -211.3
20211128230134  -690.0 -48.2 -211.5
20211128230135  -690.7 -48.4 -211.6
20211128230136  -690.8 -48.4 -212.0
20211128230137  -691.2 -48.7 -212.4
20211128230138  -691.4 -48.8 -212.8
20211128230139  -691.5 -49.1 -212.9
20211128230140  -691.7 -49.4 -213.1
20211128230141  -692.1 -49.4 -213.1
20211128230142  -692.1 -49.5 -213.3
20211128230143  -692.4 -49.7 -213.5
20211128230144  -692.5 -49.7 -213.5
20211128230145  -692.6 -49.6 -214.0
20211128230146  -693.1 -49.7 -214.2
20211128230147  -692.9 -49.9 -214.2
20211128230148  -693.6 -50.3 -214.5
20211128230149  -692.9 -50.0 -214.0
20211128230150  -692.7 -49.9 -213.8
20211128230151  -692.8 -49.6 -213.6
20211128230152  -692.3 -49.6 -213.4
20211128230153  -692.3 -49.5 -212.9
20211128230154  -692.2 -49.1 -212.8
20211128230155  -692.3 -49.1 -212.6
20211128230156  -691.9 -48.5 -212.4
20211128230157  -691.7 -47.9 -212.2
20211128230158  -691.3 -47.5 -212.0
20211128230159  -691.7 -47.6 -212.6
20211128230200  -692.6 -47.9 -212.9
20211128230201  -692.7 -48.0 -213.2
20211128230202  -693.1 -48.1 -213.5
20211128230203  -693.3 -48.1 -213.4
20211128230204  -693.4 -47.7 -213.8
20211128230205  -693.3 -47.8 -213.7
20211128230206  -693.5 -47.6 -214.0
20211128230207  -693.6 -47.6 -214.5
20211128230208  -694.1 -47.7 -214.7
20211128230209  -694.2 -47.6 -214.6
20211128230210  -694.2 -47.6 -214.7
20211128230211  -694.3 -47.6 -215.2
20211128230212  -694.7 -47.6 -215.2
20211128230213  -694.5 -47.7 -215.5
20211128230214  -694.4 -47.7 -215.9
20211128230215  -694.5 -48.1 -216.5
20211128230216  -694.0 -48.0 -216.3
20211128230217  -693.8 -47.6 -216.1
20211128230218  -693.5 -47.3 -215.4
20211128230219  -693.4 -47.2 -215.7
20211128230220  -692.9 -47.3 -215.5
20211128230221  -692.7 -47.4 -215.3
20211128230222  -692.6 -47.3 -215.1
20211128230223  -692.1 -47.1 -214.8
20211128230224  -692.1 -47.1 -214.6
20211128230225  -692.0 -47.2 -214.5
20211128230226  -692.6 -47.3 -215.0
20211128230227  -693.0 -47.5 -215.4
20211128230228  -693.3 -47.7 -215.9
20211128230229  -693.5 -47.9 -216.0
20211128230230  -693.4 -48.1 -216.1
20211128230231  -693.6 -48.3 -216.4
20211128230232  -693.6 -48.5 -216.8
20211128230233  -693.5 -48.7 -217.0
20211128230234  -693.6 -48.6 -217.2
20211128230235  -693.7 -48.6 -217.2
20211128230236  -693.8 -48.8 -217.5
20211128230237  -693.6 -48.7 -217.7
20211128230238  -693.7 -48.8 -217.9
20211128230239  -693.8 -49.0 -218.2
20211128230240  -693.9 -49.1 -218.3
20211128230241  -694.0 -49.5 -218.3
20211128230242  -694.0 -50.1 -219.4
20211128230243  -693.4 -49.9 -218.7
20211128230244  -693.4 -49.7 -218.3
20211128230245  -693.5 -49.7 -218.1
20211128230246  -693.1 -49.6 -217.9
20211128230247  -692.8 -49.5 -217.7
20211128230248  -693.0 -49.3 -217.5
20211128230249  -692.9 -49.4 -217.6
20211128230250  -693.0 -49.3 -217.4
20211128230251  -692.8 -49.2 -217.4
20211128230252  -692.8 -49.0 -217.4
20211128230253  -693.6 -49.2 -217.9
20211128230254  -694.5 -49.5 -218.6
20211128230255  -694.9 -49.7 -218.8
20211128230256  -695.6 -49.5 -219.2
20211128230257  -695.8 -49.9 -219.5
20211128230258  -696.2 -49.8 -219.7
20211128230259  -696.7 -50.0 -220.2
20211128230300  -696.9 -50.2 -220.3
20211128230301  -697.4 -49.8 -220.1
20211128230302  -697.8 -50.4 -220.5
20211128230303  -698.4 -50.4 -220.8
20211128230304  -698.6 -50.5 -220.7
20211128230305  -698.8 -50.7 -220.7
20211128230306  -699.3 -51.0 -220.6
20211128230307  -699.6 -51.0 -221.0
20211128230308  -699.5 -51.1 -221.2
20211128230309  -699.9 -51.4 -222.0
20211128230310  -699.7 -50.7 -221.3
20211128230311  -699.6 -50.8 -221.1
20211128230312  -699.1 -50.7 -220.6
20211128230313  -698.8 -50.3 -220.5
20211128230314  -698.8 -50.3 -220.7
20211128230315  -698.6 -50.1 -220.7
20211128230316  -698.2 -50.0 -220.4
20211128230317  -698.0 -49.8 -220.1
20211128230318  -698.2 -50.0 -220.0
20211128230319  -698.0 -49.5 -219.9
20211128230320  -698.7 -49.6 -220.2
20211128230321  -699.5 -49.7 -221.0
20211128230322  -700.1 -49.8 -221.1
20211128230323  -700.5 -50.2 -221.5
20211128230324  -701.0 -50.1 -221.8
20211128230325  -701.0 -50.4 -221.7
20211128230326  -701.3 -50.2 -222.3
20211128230327  -701.9 -49.8 -222.8
20211128230328  -701.9 -49.7 -222.8
20211128230329  -702.2 -49.6 -222.9
20211128230330  -702.2 -49.5 -223.1
20211128230331  -702.3 -49.5 -223.4
20211128230332  -702.8 -49.3 -223.6
20211128230333  -703.1 -49.4 -223.8
20211128230334  -703.2 -49.1 -224.0
20211128230335  -703.6 -49.4 -224.2
20211128230336  -703.8 -49.6 -224.9
20211128230337  -703.8 -49.2 -224.2
20211128230338  -703.9 -49.1 -223.7
20211128230339  -703.8 -48.6 -223.3
20211128230340  -703.7 -48.1 -223.0
20211128230341  -703.6 -48.1 -222.8
20211128230342  -703.3 -47.5 -222.4
20211128230343  -703.6 -47.0 -222.1
20211128230344  -703.4 -46.6 -221.9
20211128230345  -703.3 -46.2 -221.4
20211128230346  -703.2 -45.8 -221.5
20211128230347  -704.0 -45.6 -221.4
20211128230348  -705.0 -45.5 -222.3
20211128230349  -705.3 -45.3 -222.2
20211128230350  -705.8 -45.4 -222.6
20211128230351  -706.0 -45.1 -222.9
20211128230352  -706.5 -45.1 -223.1
20211128230353  -707.0 -44.8 -223.3
20211128230354  -707.3 -44.5 -223.3
20211128230355  -707.5 -44.4 -223.2
20211128230356  -707.7 -44.1 -223.0
20211128230357  -708.2 -44.3 -223.3
20211128230358  -708.2 -44.2 -223.1
20211128230359  -708.4 -44.3 -223.5
20211128230400  -708.8 -43.7 -223.1
20211128230401  -708.7 -43.3 -222.8
20211128230402  -708.9 -43.5 -223.0
20211128230403  -708.7 -43.5 -223.3
20211128230404  -708.4 -43.0 -222.9
20211128230405  -708.1 -42.6 -222.5
20211128230406  -707.9 -42.1 -222.2
20211128230407  -707.6 -41.6 -221.7
20211128230408  -707.4 -41.2 -221.4
20211128230409  -707.1 -41.1 -221.3
20211128230410  -706.6 -40.7 -220.6
20211128230411  -706.4 -40.3 -220.3
20211128230412  -706.1 -40.2 -220.2
20211128230413  -705.6 -40.0 -219.8
20211128230414  -706.0 -39.9 -219.8
20211128230415  -707.0 -40.0 -220.6
20211128230416  -706.6 -40.0 -221.0
20211128230417  -706.9 -39.9 -221.1
20211128230418  -707.0 -39.8 -220.9
20211128230419  -707.3 -39.7 -221.2
20211128230420  -707.2 -39.7 -221.4
20211128230421  -707.4 -39.5 -221.5
20211128230422  -707.3 -39.4 -221.3
20211128230423  -707.4 -39.1 -221.4
20211128230424  -707.6 -39.1 -221.5
20211128230425  -707.4 -38.9 -221.6
20211128230426  -707.5 -38.7 -221.5
20211128230427  -707.7 -38.6 -221.8
20211128230428  -708.0 -38.5 -221.8
20211128230429  -708.2 -38.4 -221.8
20211128230430  -708.8 -38.7 -222.4
20211128230431  -708.2 -38.0 -222.0
20211128230432  -707.7 -37.8 -221.8
20211128230433  -708.0 -37.8 -221.5
20211128230434  -707.9 -37.4 -221.1
20211128230435  -707.4 -37.1 -220.6
20211128230436  -707.3 -36.7 -220.5
20211128230437  -707.2 -36.2 -220.1
20211128230438  -706.9 -36.1 -219.8
20211128230439  -706.8 -35.8 -219.4
20211128230440  -706.8 -35.6 -219.0
20211128230441  -706.8 -35.2 -219.1
20211128230442  -708.0 -35.4 -219.6
20211128230443  -708.2 -35.5 -220.0
20211128230444  -708.6 -35.8 -220.1
20211128230445  -708.9 -35.7 -220.4
20211128230446  -709.1 -35.8 -220.3
20211128230447  -709.6 -36.0 -220.4
20211128230448  -709.9 -36.2 -220.6
20211128230449  -710.2 -36.3 -221.2
20211128230450  -710.7 -36.4 -220.9
20211128230451  -711.3 -36.2 -221.1
20211128230452  -711.5 -36.3 -221.1
20211128230453  -712.0 -36.6 -221.1
20211128230454  -712.6 -36.9 -221.5
20211128230455  -712.9 -36.8 -221.4
20211128230456  -713.0 -37.0 -221.6
20211128230457  -713.8 -37.4 -222.0
20211128230458  -713.7 -37.0 -221.2
20211128230459  -713.7 -36.9 -220.9
20211128230500  -713.6 -36.7 -220.8
20211128230501  -713.3 -36.6 -220.3
20211128230502  -713.2 -36.6 -220.3
20211128230503  -713.5 -36.7 -220.1
20211128230504  -713.6 -36.5 -219.7
20211128230505  -713.5 -36.3 -219.4
20211128230506  -713.5 -36.4 -218.9
20211128230507  -713.3 -36.2 -218.3
20211128230508  -713.2 -36.4 -218.1
20211128230509  -713.9 -36.3 -218.4
20211128230510  -715.2 -36.5 -219.1
20211128230511  -715.6 -36.6 -219.2
20211128230512  -716.2 -36.9 -219.4
20211128230513  -716.2 -36.7 -219.7
20211128230514  -716.8 -36.6 -219.9
20211128230515  -717.6 -36.8 -220.2
20211128230516  -717.7 -36.9 -220.1
20211128230517  -718.2 -37.3 -220.3
20211128230518  -718.5 -37.4 -220.4
20211128230519  -719.4 -37.4 -220.7
20211128230520  -719.6 -37.2 -220.8
20211128230521  -719.9 -37.0 -220.5
20211128230522  -720.5 -36.7 -220.5
20211128230523  -720.8 -36.7 -220.7
20211128230524  -721.1 -36.7 -220.5
20211128230525  -721.0 -36.5 -219.9
20211128230526  -720.9 -36.2 -219.9
20211128230527  -721.0 -35.8 -219.5
20211128230528  -720.9 -35.7 -219.4
20211128230529  -720.9 -35.2 -219.2
20211128230530  -720.6 -35.2 -218.6
20211128230531  -720.7 -34.7 -218.4
20211128230532  -720.5 -34.4 -218.3
20211128230533  -720.7 -34.2 -217.7
20211128230534  -720.7 -33.9 -217.5
20211128230535  -720.8 -33.6 -217.5
20211128230536  -720.9 -33.3 -217.1
20211128230537  -721.8 -33.6 -217.5
20211128230538  -722.7 -33.8 -218.2
20211128230539  -723.2 -33.5 -218.3
20211128230540  -723.5 -33.3 -218.5
20211128230541  -724.0 -33.2 -218.8
20211128230542  -724.3 -33.3 -218.9
20211128230543  -725.0 -33.1 -219.0
20211128230544  -725.2 -32.7 -219.0
20211128230545  -725.5 -32.9 -218.6
20211128230546  -725.8 -32.9 -218.9
20211128230547  -726.0 -32.8 -218.9
20211128230548  -726.6 -32.5 -219.1
20211128230549  -727.0 -32.4 -219.0
20211128230550  -726.9 -32.3 -219.0
20211128230551  -727.4 -33.0 -220.0
20211128230552  -726.7 -32.3 -219.4
20211128230553  -726.8 -32.1 -219.0
20211128230554  -726.5 -31.8 -218.7
20211128230555  -726.3 -31.6 -218.2
20211128230556  -725.7 -31.4 -218.1
20211128230557  -725.6 -31.2 -217.4
20211128230558  -725.3 -30.7 -217.4
20211128230559  -725.2 -30.5 -216.9
20211128230600  -724.9 -30.2 -216.4
20211128230601  -724.9 -29.9 -216.1
20211128230602  -724.9 -29.7 -215.7
20211128230603  -724.8 -29.4 -215.3
20211128230604  -724.9 -29.3 -215.3
20211128230605  -726.0 -29.4 -216.5
20211128230606  -726.3 -29.5 -216.6
20211128230607  -726.4 -29.3 -216.2
20211128230608  -726.6 -29.2 -216.6
20211128230609  -726.8 -29.1 -216.8
20211128230610  -726.9 -28.9 -216.7
20211128230611  -727.1 -28.6 -217.0
20211128230612  -727.3 -28.9 -217.0
20211128230613  -727.3 -29.0 -217.2
20211128230614  -727.3 -29.0 -217.4
20211128230615  -727.4 -28.9 -217.7
20211128230616  -727.6 -28.6 -217.7
20211128230617  -727.7 -28.7 -217.9
20211128230618  -728.3 -28.8 -218.8
20211128230619  -727.8 -28.6 -218.3
20211128230620  -727.7 -28.1 -217.5
20211128230621  -727.4 -28.1 -217.0
20211128230622  -727.0 -27.7 -216.7
20211128230623  -726.4 -27.2 -216.6
20211128230624  -726.3 -27.2 -216.3
20211128230625  -725.9 -27.0 -215.9
20211128230626  -725.9 -27.1 -215.7
20211128230627  -725.9 -26.6 -215.4
20211128230628  -725.4 -26.4 -215.1
20211128230629  -725.4 -26.4 -214.9
20211128230630  -725.0 -25.9 -214.9
20211128230631  -724.8 -25.7 -214.6
20211128230632  -725.6 -25.7 -214.8
20211128230633  -726.1 -25.9 -215.2
20211128230634  -726.2 -25.6 -215.5
20211128230635  -726.1 -25.8 -215.7
20211128230636  -726.0 -25.8 -215.7
20211128230637  -726.3 -25.7 -216.0
20211128230638  -726.8 -26.0 -216.3
20211128230639  -726.8 -25.9 -216.5
20211128230640  -727.1 -25.6 -216.9
20211128230641  -727.6 -25.5 -216.9
20211128230642  -727.6 -25.2 -217.2
20211128230643  -727.8 -25.7 -217.1
20211128230644  -728.2 -25.4 -217.6
20211128230645  -728.4 -25.7 -218.1
20211128230646  -728.5 -25.7 -218.0
20211128230647  -728.3 -25.3 -217.6
20211128230648  -728.0 -25.1 -217.4
20211128230649  -727.8 -24.6 -217.0
20211128230650  -727.7 -24.4 -216.8
20211128230651  -727.8 -24.2 -216.4
20211128230652  -727.8 -23.9 -216.3
20211128230653  -727.9 -24.0 -216.3
20211128230654  -727.5 -23.8 -215.9
20211128230655  -727.9 -23.9 -215.7
20211128230656  -728.0 -23.8 -215.4
20211128230657  -728.1 -23.5 -215.4
20211128230658  -727.9 -23.2 -215.2
20211128230659  -728.4 -23.0 -214.9
20211128230700  -729.9 -23.5 -216.1
20211128230701  -730.4 -23.4 -216.3
20211128230702  -730.9 -23.7 -216.5
20211128230703  -731.0 -23.6 -216.8
20211128230704  -731.8 -23.5 -216.9
20211128230705  -732.4 -23.8 -217.1
20211128230706  -732.5 -23.8 -217.2
20211128230707  -733.3 -24.0 -217.2
20211128230708  -733.5 -24.2 -217.3
20211128230709  -734.2 -24.2 -217.2
20211128230710  -734.5 -24.4 -217.7
20211128230711  -735.1 -24.2 -217.6
20211128230712  -735.2 -24.3 -217.5
20211128230713  -735.9 -24.8 -217.9
20211128230714  -735.7 -24.4 -217.6
20211128230715  -735.6 -24.0 -217.1
20211128230716  -735.3 -23.7 -216.6
20211128230717  -735.5 -23.7 -216.6
20211128230718  -735.7 -23.6 -216.0
20211128230719  -735.8 -23.2 -215.9
20211128230720  -736.1 -23.4 -215.6
20211128230721  -736.4 -23.0 -215.3
20211128230722  -736.5 -22.6 -215.2
20211128230723  -736.7 -22.5 -214.9
20211128230724  -737.0 -22.6 -214.7
20211128230725  -737.1 -22.1 -214.6
20211128230726  -737.3 -22.1 -214.2
20211128230727  -737.8 -21.9 -214.4
20211128230728  -739.1 -22.2 -215.1
20211128230729  -739.4 -22.6 -215.5
20211128230730  -740.3 -22.5 -215.7
20211128230731  -740.6 -22.9 -215.3
20211128230732  -741.4 -23.3 -215.7
20211128230733  -741.6 -23.1 -215.6
20211128230734  -742.1 -23.3 -215.6
20211128230735  -742.8 -23.5 -215.7
20211128230736  -743.4 -23.9 -215.5
20211128230737  -743.7 -23.8 -215.6
20211128230738  -744.2 -23.8 -215.4
20211128230739  -744.4 -23.8 -215.3
20211128230740  -745.1 -24.5 -216.2
20211128230741  -745.0 -24.5 -215.8
20211128230742  -744.7 -24.2 -215.3
20211128230743  -745.2 -24.0 -214.8
20211128230744  -745.0 -23.7 -214.1
20211128230745  -744.9 -23.5 -213.8
20211128230746  -745.0 -23.3 -213.3
20211128230747  -745.2 -23.3 -212.9
20211128230748  -745.3 -23.3 -212.6
20211128230749  -745.3 -23.0 -212.3
20211128230750  -745.2 -22.6 -212.1
20211128230751  -745.2 -22.7 -212.0
20211128230752  -745.2 -22.9 -211.8
20211128230753  -745.4 -22.4 -211.8
20211128230754  -745.2 -22.4 -211.8
20211128230755  -746.9 -22.6 -212.4
20211128230756  -747.0 -22.7 -212.2
20211128230757  -747.4 -23.0 -212.3
20211128230758  -748.0 -23.2 -212.6
20211128230759  -748.3 -23.1 -212.3
20211128230800  -748.7 -22.9 -212.4
20211128230801  -748.9 -23.1 -212.0
20211128230802  -749.3 -23.2 -212.2
20211128230803  -749.8 -23.5 -212.1
20211128230804  -750.0 -23.7 -212.3
20211128230805  -750.4 -23.9 -212.5
20211128230806  -750.9 -24.0 -212.3
20211128230807  -751.3 -24.5 -212.7
20211128230808  -751.3 -24.8 -212.7
20211128230809  -750.8 -24.6 -211.9
20211128230810  -750.4 -24.5 -211.3
20211128230811  -750.2 -24.4 -211.0
20211128230812  -750.1 -24.7 -210.8
