20211115223541  -667.1 -74.6 -190.8
20211115223542  -666.7 -74.2 -190.3
20211115223543  -666.2 -74.1 -190.2
20211115223544  -666.4 -74.1 -190.2
20211115223545  -666.7 -74.2 -190.8
20211115223546  -666.5 -74.2 -190.9
20211115223547  -666.5 -74.3 -190.6
20211115223548  -666.5 -74.3 -190.6
20211115223549  -666.7 -74.4 -190.6
20211115223550  -667.1 -74.5 -190.6
20211115223551  -666.9 -74.5 -190.9
20211115223552  -666.9 -74.4 -190.9
20211115223553  -666.7 -74.3 -190.8
20211115223554  -666.4 -74.3 -190.8
20211115223555  -666.2 -74.3 -190.7
20211115223556  -666.4 -74.4 -190.8
20211115223557  -666.6 -74.2 -191.0
20211115223558  -666.6 -74.3 -190.9
20211115223559  -666.7 -74.3 -191.0
20211115223600  -666.7 -74.7 -191.0
20211115223601  -666.5 -74.6 -190.9
20211115223602  -666.4 -74.5 -191.1
20211115223603  -666.3 -74.3 -190.7
20211115223604  -666.1 -74.2 -190.8
20211115223605  -666.0 -74.6 -190.8
20211115223606  -665.9 -74.5 -190.9
20211115223607  -665.9 -74.6 -191.0
20211115223608  -665.2 -74.2 -190.7
20211115223609  -665.0 -74.2 -190.0
20211115223610  -665.6 -74.2 -190.3
20211115223611  -665.3 -74.2 -190.7
20211115223612  -665.1 -74.5 -190.6
20211115223613  -665.4 -74.2 -190.7
20211115223614  -665.3 -74.2 -190.7
20211115223615  -665.0 -74.4 -190.8
20211115223616  -665.2 -74.4 -191.0
20211115223617  -665.2 -74.8 -191.1
20211115223618  -665.0 -74.6 -191.2
20211115223619  -664.7 -74.5 -191.2
20211115223620  -664.8 -74.6 -191.2
20211115223621  -664.7 -74.6 -190.9
20211115223622  -664.6 -74.6 -191.1
20211115223623  -664.6 -74.8 -191.0
20211115223624  -664.4 -75.0 -191.1
20211115223625  -664.4 -74.6 -191.2
20211115223626  -664.7 -74.6 -191.2
20211115223627  -664.7 -74.6 -191.2
20211115223628  -664.5 -74.7 -191.0
20211115223629  -664.6 -74.6 -190.9
20211115223630  -664.4 -74.5 -190.8
20211115223631  -664.3 -74.7 -191.1
20211115223632  -664.4 -74.8 -191.2
20211115223633  -664.2 -74.9 -191.5
20211115223634  -663.9 -74.9 -191.2
20211115223635  -663.5 -74.8 -190.8
20211115223636  -664.2 -75.0 -191.3
20211115223637  -664.7 -75.0 -191.6
20211115223638  -664.6 -74.9 -191.7
20211115223639  -664.7 -75.0 -191.7
20211115223640  -664.8 -75.3 -191.8
20211115223641  -665.0 -75.1 -191.6
20211115223642  -664.6 -75.2 -191.5
20211115223643  -664.9 -75.2 -191.5
20211115223644  -665.0 -75.3 -191.9
20211115223645  -665.2 -75.5 -191.5
20211115223646  -665.0 -75.7 -191.7
20211115223647  -665.2 -75.6 -191.5
20211115223648  -665.6 -75.6 -191.5
20211115223649  -665.7 -75.8 -191.4
20211115223650  -665.6 -75.7 -191.3
20211115223651  -665.5 -75.5 -191.3
20211115223652  -665.7 -75.6 -191.2
20211115223653  -666.2 -75.7 -191.0
20211115223654  -666.2 -75.7 -191.2
20211115223655  -666.3 -75.9 -191.6
20211115223656  -666.4 -75.9 -191.4
20211115223657  -666.6 -75.8 -191.1
20211115223658  -666.7 -75.9 -191.3
20211115223659  -666.7 -76.2 -191.7
20211115223700  -666.2 -76.2 -191.2
20211115223701  -665.8 -75.9 -190.1
20211115223702  -666.0 -75.7 -190.2
20211115223703  -665.9 -75.5 -190.2
20211115223704  -666.2 -75.5 -190.1
20211115223705  -666.8 -75.6 -190.3
20211115223706  -667.0 -75.7 -190.6
20211115223707  -667.3 -75.8 -190.4
20211115223708  -667.4 -75.7 -190.5
20211115223709  -667.1 -75.9 -190.6
20211115223710  -667.2 -75.8 -190.4
20211115223711  -667.4 -75.7 -190.8
20211115223712  -667.6 -75.8 -191.0
20211115223713  -667.8 -75.8 -191.0
20211115223714  -667.6 -75.9 -190.9
20211115223715  -668.0 -75.8 -191.0
20211115223716  -668.0 -75.7 -191.1
20211115223717  -668.1 -76.0 -191.1
20211115223718  -668.0 -76.0 -191.1
20211115223719  -668.0 -76.2 -191.1
20211115223720  -668.1 -76.1 -191.0
20211115223721  -668.4 -76.0 -191.1
20211115223722  -668.4 -76.2 -191.0
20211115223723  -668.5 -76.2 -191.0
20211115223724  -668.7 -76.0 -191.4
20211115223725  -668.8 -76.1 -191.4
20211115223726  -668.6 -76.0 -191.0
20211115223727  -668.8 -76.3 -191.3
20211115223728  -668.8 -76.1 -191.1
20211115223729  -668.8 -76.0 -191.1
20211115223730  -668.7 -76.4 -191.6
20211115223731  -668.0 -76.5 -190.7
20211115223732  -667.7 -76.4 -190.5
20211115223733  -667.6 -76.3 -190.4
20211115223734  -667.5 -76.0 -190.1
20211115223735  -668.6 -76.2 -190.9
20211115223736  -668.9 -76.3 -190.9
20211115223737  -668.8 -76.2 -191.0
20211115223738  -668.7 -76.1 -190.8
20211115223739  -668.9 -76.1 -190.9
20211115223740  -668.9 -76.6 -190.9
20211115223741  -669.1 -76.5 -191.2
20211115223742  -669.3 -76.5 -191.0
20211115223743  -669.3 -76.6 -191.1
20211115223744  -668.9 -76.5 -191.1
20211115223745  -669.2 -76.8 -191.0
20211115223746  -669.1 -77.0 -191.1
20211115223747  -669.3 -76.9 -191.3
20211115223748  -669.2 -77.1 -191.5
20211115223749  -669.5 -77.0 -191.6
20211115223750  -669.3 -76.9 -191.5
20211115223751  -669.1 -76.9 -191.5
20211115223752  -669.7 -76.8 -191.7
20211115223753  -669.7 -76.8 -191.6
20211115223754  -669.4 -77.0 -191.5
20211115223755  -669.4 -77.1 -191.5
20211115223756  -669.2 -77.0 -191.6
20211115223757  -669.4 -77.0 -191.5
20211115223758  -669.8 -76.9 -191.6
20211115223759  -669.7 -76.9 -191.3
20211115223800  -669.6 -77.0 -191.5
20211115223801  -669.4 -77.2 -191.3
20211115223802  -669.1 -76.8 -190.8
20211115223803  -668.7 -76.6 -190.8
20211115223804  -668.7 -76.8 -190.8
20211115223805  -669.4 -77.1 -191.1
20211115223806  -669.3 -77.1 -191.0
20211115223807  -669.7 -77.0 -191.2
20211115223808  -669.6 -77.1 -191.1
20211115223809  -669.5 -77.3 -191.3
20211115223810  -669.5 -77.2 -191.4
20211115223811  -669.6 -77.4 -191.4
20211115223812  -669.7 -77.3 -191.4
20211115223813  -669.8 -77.3 -191.3
20211115223814  -669.9 -77.6 -191.6
20211115223815  -670.0 -77.8 -191.5
20211115223816  -670.2 -77.5 -191.6
20211115223817  -670.4 -77.9 -191.5
20211115223818  -670.4 -77.5 -191.2
20211115223819  -670.3 -77.5 -191.5
20211115223820  -670.5 -77.6 -191.7
20211115223821  -670.5 -78.0 -191.8
20211115223822  -670.5 -77.8 -192.0
20211115223823  -670.4 -77.9 -191.9
20211115223824  -670.7 -77.8 -192.0
20211115223825  -670.8 -77.6 -191.6
20211115223826  -670.8 -77.8 -191.7
20211115223827  -671.0 -77.8 -191.9
20211115223828  -670.9 -77.7 -192.0
20211115223829  -671.3 -78.0 -191.7
20211115223830  -671.4 -78.0 -191.8
20211115223831  -670.6 -77.9 -191.4
20211115223832  -670.4 -78.2 -190.9
20211115223833  -670.6 -77.8 -190.7
20211115223834  -670.4 -77.6 -190.9
20211115223835  -670.2 -77.4 -190.6
20211115223836  -671.2 -77.5 -191.2
20211115223837  -671.2 -77.8 -191.2
20211115223838  -671.2 -78.0 -190.9
20211115223839  -671.2 -77.5 -191.3
20211115223840  -671.2 -77.6 -191.1
20211115223841  -671.2 -77.8 -191.5
20211115223842  -671.1 -77.9 -191.3
20211115223843  -671.1 -77.7 -191.3
20211115223844  -671.0 -78.1 -191.1
20211115223845  -671.1 -77.9 -191.2
20211115223846  -670.9 -77.8 -191.0
20211115223847  -670.7 -77.6 -191.2
20211115223848  -670.8 -77.9 -191.4
20211115223849  -670.7 -77.8 -191.3
20211115223850  -670.9 -77.6 -191.4
20211115223851  -670.6 -77.4 -191.6
20211115223852  -670.8 -77.6 -191.5
20211115223853  -670.9 -77.6 -191.4
20211115223854  -670.7 -77.3 -191.7
20211115223855  -670.6 -77.5 -191.8
20211115223856  -670.4 -77.6 -191.9
20211115223857  -670.5 -77.7 -191.8
20211115223858  -670.5 -77.3 -191.6
20211115223859  -670.2 -77.2 -191.8
20211115223900  -670.5 -77.4 -191.8
20211115223901  -670.0 -77.5 -191.7
20211115223902  -669.7 -76.9 -191.1
20211115223903  -670.1 -77.2 -191.6
20211115223904  -670.3 -77.3 -191.7
20211115223905  -670.4 -77.4 -191.8
20211115223906  -670.5 -77.4 -192.0
20211115223907  -670.3 -77.4 -191.9
20211115223908  -670.2 -77.2 -192.0
20211115223909  -670.0 -77.3 -191.7
20211115223910  -670.4 -77.2 -191.7
20211115223911  -670.3 -77.0 -192.1
20211115223912  -670.3 -77.5 -192.1
20211115223913  -670.2 -77.4 -192.0
20211115223914  -670.3 -77.5 -191.9
20211115223915  -670.3 -77.5 -191.8
20211115223916  -670.3 -77.3 -191.7
20211115223917  -670.2 -77.2 -191.7
20211115223918  -670.5 -77.3 -192.1
20211115223919  -670.4 -77.1 -192.1
20211115223920  -670.4 -77.2 -192.0
20211115223921  -670.5 -77.3 -192.2
20211115223922  -670.7 -77.4 -191.9
20211115223923  -670.5 -77.3 -192.0
20211115223924  -670.4 -77.1 -191.9
20211115223925  -670.4 -77.1 -191.8
20211115223926  -670.5 -77.1 -192.1
20211115223927  -669.7 -77.0 -191.9
20211115223928  -669.2 -76.8 -191.4
20211115223929  -669.9 -76.9 -192.0
20211115223930  -669.9 -77.1 -191.8
20211115223931  -670.0 -77.0 -192.0
20211115223932  -669.9 -77.1 -191.9
20211115223933  -669.7 -76.7 -192.1
20211115223934  -669.7 -76.9 -192.1
20211115223935  -670.0 -76.9 -192.3
20211115223936  -669.8 -76.8 -192.3
20211115223937  -669.7 -76.7 -192.3
20211115223938  -669.4 -76.6 -192.2
20211115223939  -669.4 -76.9 -192.3
20211115223940  -669.7 -77.0 -192.6
20211115223941  -669.5 -77.0 -192.5
20211115223942  -669.4 -76.9 -192.2
20211115223943  -669.6 -76.6 -192.6
20211115223944  -669.3 -76.8 -192.4
20211115223945  -669.8 -76.8 -192.5
20211115223946  -669.6 -76.9 -192.7
20211115223947  -670.0 -76.9 -192.8
20211115223948  -669.5 -76.8 -192.6
20211115223949  -669.5 -76.7 -192.7
20211115223950  -669.7 -76.8 -192.7
20211115223951  -669.9 -76.8 -192.6
20211115223952  -669.6 -77.0 -192.6
20211115223953  -669.3 -76.9 -192.9
20211115223954  -669.2 -76.7 -192.2
20211115223955  -669.8 -76.5 -192.5
20211115223956  -669.8 -76.6 -192.9
20211115223957  -670.0 -76.6 -193.0
20211115223958  -670.0 -76.3 -193.2
20211115223959  -669.9 -76.4 -192.9
20211115224000  -670.2 -76.5 -192.9
20211115224001  -670.4 -76.7 -193.1
20211115224002  -670.8 -76.4 -192.9
20211115224003  -670.8 -76.3 -193.1
20211115224004  -670.9 -76.4 -193.1
20211115224005  -671.2 -76.4 -193.0
20211115224006  -671.1 -76.5 -193.3
20211115224007  -671.2 -76.7 -193.3
20211115224008  -671.4 -76.7 -193.2
20211115224009  -671.2 -76.5 -193.2
20211115224010  -671.3 -76.6 -193.0
20211115224011  -671.7 -77.0 -193.1
20211115224012  -671.6 -76.9 -192.9
20211115224013  -671.8 -76.9 -193.0
20211115224014  -671.7 -76.7 -192.9
20211115224015  -671.6 -76.7 -192.7
20211115224016  -671.7 -76.5 -192.7
20211115224017  -671.7 -76.4 -192.5
20211115224018  -671.8 -76.8 -192.6
20211115224019  -671.5 -77.0 -192.7
20211115224020  -671.3 -76.7 -192.6
20211115224021  -671.7 -76.8 -192.9
20211115224022  -672.0 -76.8 -193.0
20211115224023  -671.9 -76.4 -193.0
20211115224024  -671.8 -76.5 -192.9
20211115224025  -671.5 -76.4 -193.2
20211115224026  -671.5 -76.6 -193.1
20211115224027  -671.5 -76.6 -192.9
20211115224028  -671.6 -76.6 -192.7
20211115224029  -671.5 -76.7 -193.0
20211115224030  -671.8 -76.8 -193.3
20211115224031  -671.6 -76.7 -193.2
20211115224032  -671.5 -76.6 -193.2
20211115224033  -671.4 -76.6 -193.4
20211115224034  -671.1 -76.6 -193.3
20211115224035  -671.0 -76.5 -193.1
20211115224036  -670.9 -76.2 -193.0
20211115224037  -671.1 -76.4 -193.2
20211115224038  -670.9 -76.8 -193.2
20211115224039  -671.1 -76.7 -193.2
20211115224040  -670.9 -76.5 -193.3
20211115224041  -670.9 -76.6 -193.5
20211115224042  -670.9 -76.9 -193.6
20211115224043  -670.7 -77.1 -193.3
20211115224044  -670.6 -76.8 -193.2
20211115224045  -670.5 -76.6 -193.4
20211115224046  -670.1 -76.6 -192.8
20211115224047  -670.6 -76.3 -193.1
20211115224048  -671.0 -76.4 -193.6
20211115224049  -670.9 -76.5 -193.7
20211115224050  -671.0 -76.5 -193.7
20211115224051  -670.8 -76.5 -193.6
20211115224052  -670.6 -76.5 -193.4
20211115224053  -670.6 -76.7 -193.5
20211115224054  -670.5 -76.4 -193.5
20211115224055  -670.5 -76.4 -193.8
20211115224056  -670.3 -76.5 -193.8
20211115224057  -670.3 -76.8 -193.6
20211115224058  -670.2 -76.7 -193.4
20211115224059  -670.2 -76.8 -193.7
20211115224100  -670.3 -76.7 -193.6
20211115224101  -670.3 -76.6 -194.1
20211115224102  -670.6 -77.0 -194.0
20211115224103  -670.1 -76.8 -193.7
20211115224104  -670.4 -77.0 -193.8
20211115224105  -670.2 -76.9 -194.0
20211115224106  -670.4 -77.0 -194.1
20211115224107  -670.2 -76.9 -194.1
20211115224108  -670.3 -76.9 -194.2
20211115224109  -670.1 -76.7 -193.9
20211115224110  -669.9 -77.0 -194.1
20211115224111  -669.8 -76.9 -194.1
20211115224112  -668.7 -76.9 -193.5
20211115224113  -668.7 -76.7 -193.2
20211115224114  -668.3 -76.6 -193.0
20211115224115  -668.0 -76.5 -192.8
20211115224116  -667.7 -76.5 -192.6
20211115224117  -668.4 -76.7 -193.3
20211115224118  -668.3 -76.7 -193.0
20211115224119  -668.1 -76.6 -193.1
20211115224120  -668.2 -76.7 -193.2
20211115224121  -667.9 -76.6 -193.3
20211115224122  -668.0 -76.3 -193.4
20211115224123  -668.1 -76.6 -193.4
20211115224124  -667.8 -76.3 -193.4
20211115224125  -667.6 -76.5 -193.6
20211115224126  -667.8 -76.5 -193.4
20211115224127  -667.6 -76.5 -193.4
20211115224128  -667.5 -76.6 -193.6
20211115224129  -667.5 -76.5 -193.6
20211115224130  -667.5 -76.6 -194.0
20211115224131  -667.2 -76.7 -193.9
20211115224132  -666.9 -76.6 -193.8
20211115224133  -667.0 -76.7 -194.2
20211115224134  -667.1 -76.5 -194.2
20211115224135  -667.2 -76.3 -194.1
20211115224136  -667.1 -76.6 -194.2
20211115224137  -667.2 -76.5 -194.2
20211115224138  -667.1 -76.7 -194.3
20211115224139  -666.7 -76.5 -194.3
20211115224140  -666.8 -76.4 -194.2
20211115224141  -667.0 -76.5 -194.2
20211115224142  -666.9 -76.6 -194.3
20211115224143  -666.4 -76.6 -193.8
20211115224144  -665.8 -76.2 -193.7
20211115224145  -665.8 -76.3 -193.6
20211115224146  -666.1 -76.0 -193.9
20211115224147  -666.7 -76.1 -194.4
20211115224148  -666.5 -76.0 -194.3
20211115224149  -666.8 -75.9 -194.1
20211115224150  -666.9 -76.1 -194.3
20211115224151  -667.0 -76.0 -194.4
20211115224152  -667.1 -75.5 -194.4
20211115224153  -667.1 -75.9 -194.3
20211115224154  -667.0 -75.8 -194.5
20211115224155  -667.1 -75.7 -194.7
20211115224156  -667.2 -75.6 -194.5
20211115224157  -667.3 -75.9 -194.4
20211115224158  -667.2 -75.9 -194.6
20211115224159  -666.9 -75.7 -194.6
20211115224200  -667.4 -75.8 -194.7
20211115224201  -667.7 -75.8 -194.5
20211115224202  -667.7 -75.7 -194.3
20211115224203  -667.7 -75.9 -194.4
20211115224204  -667.6 -76.1 -194.5
20211115224205  -667.8 -76.0 -194.7
20211115224206  -668.4 -76.0 -195.1
20211115224207  -668.0 -75.9 -194.9
20211115224208  -667.9 -75.9 -194.7
20211115224209  -667.9 -75.8 -194.6
20211115224210  -668.2 -75.6 -194.7
20211115224211  -668.4 -75.8 -194.8
20211115224212  -668.5 -75.8 -194.7
20211115224213  -668.2 -76.0 -194.4
20211115224214  -667.7 -75.6 -193.8
20211115224215  -667.8 -75.6 -193.6
20211115224216  -668.3 -75.7 -193.6
20211115224217  -668.7 -75.6 -193.9
20211115224218  -668.8 -75.4 -193.9
20211115224219  -669.0 -75.6 -194.0
20211115224220  -669.4 -75.8 -194.2
