20211030211837  -695.7 -77.5 -205.7
20211030211838  -695.8 -77.8 -205.7
20211030211839  -696.1 -78.0 -206.0
20211030211840  -696.2 -77.9 -205.9
20211030211841  -696.0 -78.0 -205.7
20211030211842  -695.9 -78.2 -205.4
20211030211843  -696.1 -78.2 -205.5
20211030211844  -696.2 -78.4 -205.5
20211030211845  -696.1 -78.5 -205.4
20211030211846  -696.4 -78.6 -205.4
20211030211847  -696.5 -78.5 -205.3
20211030211848  -696.5 -78.4 -205.2
20211030211849  -696.2 -78.8 -204.9
20211030211850  -696.5 -79.0 -205.0
20211030211851  -696.5 -79.3 -204.8
20211030211852  -696.7 -79.5 -205.0
20211030211853  -696.7 -79.4 -204.9
20211030211854  -696.7 -79.5 -204.9
20211030211855  -696.5 -79.6 -204.9
20211030211856  -696.9 -79.9 -204.7
20211030211857  -696.8 -80.2 -204.5
20211030211858  -697.0 -80.1 -204.6
20211030211859  -697.2 -80.5 -204.6
20211030211900  -697.1 -80.7 -204.4
20211030211901  -697.3 -80.5 -204.5
20211030211902  -697.3 -80.6 -204.3
20211030211903  -697.6 -80.8 -203.8
20211030211904  -697.2 -81.0 -204.0
20211030211905  -697.2 -81.1 -204.1
20211030211906  -697.3 -81.1 -204.1
20211030211907  -697.2 -81.1 -203.8
20211030211908  -696.9 -81.3 -203.4
20211030211909  -697.3 -81.5 -203.5
20211030211910  -697.1 -81.5 -203.3
20211030211911  -696.9 -81.8 -203.2
20211030211912  -696.8 -81.9 -203.1
20211030211913  -696.5 -81.7 -202.8
20211030211914  -696.6 -81.7 -202.7
20211030211915  -696.6 -81.6 -202.6
20211030211916  -696.8 -81.7 -202.7
20211030211917  -696.7 -81.9 -202.8
20211030211918  -696.7 -81.8 -202.8
20211030211919  -696.9 -82.1 -202.8
20211030211920  -696.8 -82.2 -202.8
20211030211921  -696.8 -82.0 -202.8
20211030211922  -696.7 -82.1 -203.0
20211030211923  -696.9 -82.1 -202.6
20211030211924  -696.8 -82.1 -202.4
20211030211925  -697.1 -82.2 -202.6
20211030211926  -697.0 -82.1 -202.4
20211030211927  -697.2 -82.1 -202.4
20211030211928  -697.0 -82.1 -202.5
20211030211929  -697.2 -81.9 -202.3
20211030211930  -697.5 -81.7 -202.2
20211030211931  -697.8 -81.9 -202.3
20211030211932  -698.0 -81.6 -202.0
20211030211933  -698.2 -81.5 -202.1
20211030211934  -698.3 -81.5 -202.2
20211030211935  -698.5 -81.6 -201.9
20211030211936  -698.8 -81.5 -202.1
20211030211937  -698.8 -81.1 -202.1
20211030211938  -698.9 -81.4 -201.7
20211030211939  -699.0 -81.1 -201.8
20211030211940  -699.0 -80.9 -201.8
20211030211941  -698.8 -81.0 -201.7
20211030211942  -699.2 -80.5 -201.6
20211030211943  -699.1 -80.7 -201.8
20211030211944  -699.3 -80.6 -201.4
20211030211945  -699.2 -80.2 -201.4
20211030211946  -699.4 -80.3 -201.6
20211030211947  -699.3 -80.1 -201.5
20211030211948  -699.5 -80.2 -201.4
20211030211949  -699.6 -80.3 -201.1
20211030211950  -699.4 -80.3 -201.2
20211030211951  -699.6 -80.1 -201.1
20211030211952  -699.7 -79.8 -200.9
20211030211953  -699.9 -79.9 -201.3
20211030211954  -700.1 -79.7 -201.3
20211030211955  -700.1 -79.9 -201.4
20211030211956  -700.2 -80.0 -201.2
20211030211957  -700.6 -79.9 -201.5
20211030211958  -700.6 -79.7 -201.2
20211030211959  -700.5 -79.7 -201.0
20211030212000  -701.0 -79.5 -201.2
20211030212001  -701.1 -79.6 -201.0
20211030212002  -701.4 -79.6 -201.3
20211030212003  -701.3 -79.6 -201.5
20211030212004  -701.5 -79.7 -201.0
20211030212005  -701.4 -79.5 -201.2
20211030212006  -701.8 -79.2 -201.3
20211030212007  -702.1 -78.9 -201.2
20211030212008  -702.1 -78.8 -201.1
20211030212009  -702.1 -78.8 -201.2
20211030212010  -702.7 -78.3 -201.2
20211030212011  -702.6 -78.1 -201.0
20211030212012  -702.8 -78.2 -200.8
20211030212013  -703.1 -78.1 -200.7
20211030212014  -703.2 -78.2 -200.6
20211030212015  -703.2 -77.8 -200.7
20211030212016  -703.4 -77.4 -200.5
20211030212017  -703.7 -77.3 -200.3
20211030212018  -703.7 -77.1 -200.1
20211030212019  -704.1 -77.4 -200.0
20211030212020  -704.0 -77.1 -200.1
20211030212021  -704.2 -77.3 -200.1
20211030212022  -704.4 -76.7 -200.3
20211030212023  -704.5 -76.7 -200.2
20211030212024  -704.6 -76.0 -200.1
20211030212025  -704.6 -76.3 -199.8
20211030212026  -704.5 -76.5 -199.9
20211030212027  -704.9 -76.6 -199.9
20211030212028  -704.8 -76.3 -199.9
20211030212029  -704.4 -76.2 -199.6
20211030212030  -705.0 -76.1 -199.5
20211030212031  -705.1 -76.2 -199.3
20211030212032  -705.1 -75.7 -199.2
20211030212033  -705.2 -75.7 -199.1
20211030212034  -705.3 -75.5 -199.1
20211030212035  -705.4 -75.5 -199.4
20211030212036  -705.6 -75.3 -199.1
20211030212037  -705.6 -75.5 -198.7
20211030212038  -705.8 -75.5 -199.0
20211030212039  -706.1 -75.4 -198.7
20211030212040  -706.2 -75.4 -198.8
20211030212041  -706.2 -75.3 -198.6
20211030212042  -706.3 -75.4 -198.5
20211030212043  -706.9 -74.8 -198.4
20211030212044  -706.9 -74.9 -198.5
20211030212045  -706.8 -75.0 -198.2
20211030212046  -707.0 -75.0 -197.8
20211030212047  -707.1 -74.7 -197.9
20211030212048  -707.0 -74.5 -197.6
20211030212049  -707.0 -74.6 -198.0
20211030212050  -706.9 -75.0 -197.6
20211030212051  -706.7 -75.0 -197.8
20211030212052  -706.6 -75.1 -197.8
20211030212053  -706.4 -75.1 -197.7
20211030212054  -706.5 -75.1 -197.6
20211030212055  -706.7 -75.4 -197.6
20211030212056  -706.6 -75.3 -197.6
20211030212057  -706.6 -75.6 -197.5
20211030212058  -706.5 -75.9 -197.4
20211030212059  -706.0 -75.9 -197.1
20211030212100  -706.0 -75.7 -196.6
20211030212101  -705.8 -75.5 -196.7
20211030212102  -705.8 -75.9 -197.1
20211030212103  -706.0 -76.2 -196.9
20211030212104  -706.1 -76.1 -196.7
20211030212105  -706.0 -76.4 -196.6
20211030212106  -706.0 -76.6 -196.7
20211030212107  -705.5 -76.7 -196.5
20211030212108  -705.5 -77.0 -196.6
20211030212109  -705.6 -77.2 -196.4
20211030212110  -705.5 -77.4 -196.4
20211030212111  -705.5 -77.9 -196.5
20211030212112  -705.7 -77.8 -196.5
20211030212113  -705.4 -78.2 -196.5
20211030212114  -705.3 -78.0 -196.6
20211030212115  -705.2 -78.4 -196.6
20211030212116  -705.3 -78.3 -196.7
20211030212117  -705.2 -78.5 -196.4
20211030212118  -705.1 -78.5 -196.1
20211030212119  -705.1 -79.0 -196.2
20211030212120  -705.3 -78.9 -196.1
20211030212121  -705.6 -79.1 -195.9
20211030212122  -705.5 -79.3 -195.6
20211030212123  -705.6 -79.5 -195.7
20211030212124  -705.4 -79.7 -195.8
20211030212125  -705.5 -79.7 -196.2
20211030212126  -705.4 -80.0 -196.1
20211030212127  -705.4 -80.3 -195.8
20211030212128  -705.3 -80.5 -196.0
20211030212129  -705.4 -80.6 -195.8
20211030212130  -705.0 -81.0 -195.5
20211030212131  -705.5 -81.2 -195.9
20211030212132  -706.0 -81.2 -195.7
20211030212133  -705.7 -81.5 -195.3
20211030212134  -705.8 -81.6 -195.4
20211030212135  -705.7 -81.9 -195.7
20211030212136  -705.2 -81.7 -195.3
20211030212137  -705.3 -81.8 -195.5
20211030212138  -705.4 -82.0 -195.5
20211030212139  -705.3 -82.3 -195.3
20211030212140  -705.2 -82.1 -195.4
20211030212141  -705.2 -82.4 -195.1
20211030212142  -705.4 -82.6 -195.3
20211030212143  -705.5 -82.6 -195.4
20211030212144  -705.3 -82.7 -195.0
20211030212145  -705.4 -82.6 -195.3
20211030212146  -705.2 -82.8 -195.3
20211030212147  -705.1 -82.7 -195.1
20211030212148  -704.9 -82.8 -194.9
20211030212149  -704.9 -82.7 -195.1
20211030212150  -705.3 -82.9 -195.0
20211030212151  -705.1 -82.8 -194.6
20211030212152  -705.1 -83.0 -194.7
20211030212153  -705.3 -82.9 -194.5
20211030212154  -705.1 -82.9 -194.4
20211030212155  -704.9 -82.7 -194.4
20211030212156  -704.7 -82.8 -194.3
20211030212157  -704.9 -82.9 -194.4
20211030212158  -704.9 -82.8 -194.3
20211030212159  -704.8 -82.8 -194.3
20211030212200  -704.3 -83.0 -194.1
20211030212201  -704.2 -82.8 -193.8
20211030212202  -704.1 -83.0 -193.7
20211030212203  -704.2 -82.7 -193.9
20211030212204  -704.0 -83.2 -194.0
20211030212205  -703.7 -83.1 -193.7
20211030212206  -704.1 -82.7 -193.4
20211030212207  -704.0 -82.6 -193.5
20211030212208  -704.0 -82.4 -193.4
20211030212209  -703.6 -82.4 -193.1
20211030212210  -703.6 -82.4 -192.8
20211030212211  -703.1 -82.5 -192.6
20211030212212  -703.2 -82.3 -192.7
20211030212213  -703.1 -82.5 -192.5
20211030212214  -703.0 -82.4 -192.2
20211030212215  -702.8 -82.4 -192.7
20211030212216  -702.7 -82.3 -192.6
20211030212217  -702.8 -82.0 -192.5
20211030212218  -702.4 -82.1 -192.2
