20211031074035  -665.6 -73.4 -190.5
20211031074036  -665.6 -73.3 -190.6
20211031074037  -665.5 -73.4 -190.3
20211031074038  -665.2 -73.7 -190.3
20211031074039  -664.9 -73.9 -190.1
20211031074040  -664.9 -74.1 -190.8
20211031074041  -664.4 -74.3 -190.7
20211031074042  -664.2 -74.6 -190.6
20211031074043  -663.4 -74.4 -190.1
20211031074044  -662.9 -74.3 -189.6
20211031074045  -662.3 -74.4 -189.7
20211031074046  -662.7 -74.7 -190.4
20211031074047  -662.4 -74.9 -190.4
20211031074048  -662.3 -75.1 -190.4
20211031074049  -661.9 -75.5 -190.5
20211031074050  -661.6 -75.9 -190.5
20211031074051  -661.5 -75.9 -190.5
20211031074052  -661.0 -76.3 -190.7
20211031074053  -661.0 -76.5 -191.0
20211031074054  -660.6 -76.7 -190.9
20211031074055  -660.8 -77.0 -191.0
20211031074056  -660.6 -77.4 -191.2
20211031074057  -660.2 -77.2 -191.4
20211031074058  -660.6 -77.4 -191.2
20211031074059  -660.8 -77.6 -191.3
20211031074100  -660.9 -77.8 -191.5
20211031074101  -660.7 -78.1 -191.7
20211031074102  -661.0 -78.4 -191.7
20211031074103  -661.3 -79.0 -192.0
20211031074104  -661.1 -78.8 -191.7
20211031074105  -661.3 -78.7 -191.6
20211031074106  -661.3 -78.8 -191.8
20211031074107  -661.5 -79.3 -191.8
20211031074108  -661.5 -79.4 -191.7
20211031074109  -661.6 -79.3 -192.0
20211031074110  -661.7 -79.3 -192.2
20211031074111  -661.9 -79.4 -191.9
20211031074112  -661.8 -79.4 -191.9
20211031074113  -661.3 -79.2 -191.5
20211031074114  -661.1 -79.2 -190.9
20211031074115  -661.5 -78.8 -190.9
20211031074116  -662.1 -78.6 -191.5
20211031074117  -662.2 -78.4 -191.8
20211031074118  -662.5 -78.2 -191.5
20211031074119  -662.7 -77.8 -191.4
20211031074120  -662.8 -77.7 -191.2
20211031074121  -662.8 -77.0 -191.0
20211031074122  -663.2 -76.6 -191.1
20211031074123  -663.4 -76.3 -190.9
20211031074124  -663.4 -76.0 -190.5
20211031074125  -663.6 -75.6 -190.5
20211031074126  -663.5 -75.2 -190.3
20211031074127  -663.5 -74.7 -189.9
20211031074128  -663.2 -74.5 -190.0
20211031074129  -663.4 -74.3 -190.1
20211031074130  -663.2 -74.0 -190.3
20211031074131  -663.3 -73.6 -190.2
20211031074132  -663.0 -73.4 -190.0
20211031074133  -662.5 -73.2 -189.9
20211031074134  -662.3 -73.0 -190.1
20211031074135  -662.2 -72.9 -189.9
20211031074136  -661.7 -72.7 -189.6
20211031074137  -661.8 -72.6 -189.8
20211031074138  -661.4 -72.3 -189.6
20211031074139  -661.4 -72.5 -189.6
20211031074140  -661.2 -72.4 -189.6
20211031074141  -661.0 -72.3 -189.5
20211031074142  -661.1 -72.4 -189.5
20211031074143  -661.0 -72.7 -189.4
20211031074144  -660.6 -72.3 -188.9
20211031074145  -661.3 -72.3 -189.5
20211031074146  -661.4 -72.8 -189.5
20211031074147  -662.0 -72.9 -189.7
20211031074148  -662.1 -72.8 -189.6
20211031074149  -662.3 -72.8 -190.0
20211031074150  -662.7 -73.0 -190.0
20211031074151  -663.3 -73.2 -189.7
20211031074152  -663.5 -73.1 -189.9
20211031074153  -663.7 -73.0 -190.0
20211031074154  -664.1 -73.2 -190.2
20211031074155  -664.6 -73.3 -189.9
20211031074156  -664.6 -73.2 -190.0
20211031074157  -665.0 -73.2 -189.8
20211031074158  -665.0 -73.1 -189.8
20211031074159  -665.2 -72.9 -189.7
20211031074200  -665.8 -72.9 -190.0
20211031074201  -665.9 -73.3 -190.1
20211031074202  -666.0 -72.9 -189.6
20211031074203  -666.4 -72.7 -190.0
20211031074204  -666.2 -72.6 -189.8
20211031074205  -666.3 -72.5 -189.7
20211031074206  -666.5 -72.1 -189.6
20211031074207  -666.7 -71.9 -189.7
20211031074208  -666.7 -71.9 -189.9
20211031074209  -666.7 -71.5 -189.9
20211031074210  -666.6 -71.2 -189.7
20211031074211  -666.7 -71.6 -189.5
20211031074212  -666.4 -71.2 -189.6
20211031074213  -665.9 -71.3 -189.6
20211031074214  -665.4 -70.7 -189.2
20211031074215  -666.1 -70.5 -189.8
20211031074216  -666.0 -70.5 -189.9
20211031074217  -665.7 -70.6 -189.6
20211031074218  -665.8 -70.4 -189.9
20211031074219  -665.6 -70.2 -190.0
20211031074220  -665.4 -70.0 -190.1
20211031074221  -665.1 -70.1 -189.9
20211031074222  -664.9 -70.5 -189.9
20211031074223  -664.6 -70.6 -190.2
20211031074224  -664.6 -70.6 -190.0
20211031074225  -664.3 -70.8 -189.9
20211031074226  -663.8 -70.5 -189.9
20211031074227  -663.7 -71.2 -190.1
20211031074228  -663.2 -71.2 -190.2
20211031074229  -663.0 -71.3 -190.1
20211031074230  -662.5 -71.5 -190.1
20211031074231  -662.5 -71.6 -190.3
20211031074232  -662.4 -71.7 -190.1
20211031074233  -662.2 -72.1 -189.9
20211031074234  -662.2 -72.3 -190.1
20211031074235  -661.9 -72.3 -190.0
20211031074236  -661.7 -72.1 -189.9
20211031074237  -661.7 -72.3 -190.0
20211031074238  -661.7 -72.5 -189.8
20211031074239  -661.3 -72.4 -190.0
20211031074240  -661.4 -72.9 -190.3
20211031074241  -661.2 -72.7 -190.3
20211031074242  -661.1 -72.8 -190.3
20211031074243  -660.8 -72.8 -190.2
20211031074244  -660.6 -72.9 -189.9
20211031074245  -661.1 -73.0 -190.4
20211031074246  -661.0 -73.2 -190.6
20211031074247  -661.1 -73.3 -190.6
20211031074248  -661.0 -73.4 -190.7
20211031074249  -661.0 -73.6 -190.6
20211031074250  -661.0 -73.9 -190.5
20211031074251  -660.9 -74.2 -190.6
20211031074252  -660.9 -74.1 -190.8
20211031074253  -660.8 -74.2 -190.6
20211031074254  -660.9 -74.6 -190.4
20211031074255  -660.9 -74.6 -190.5
20211031074256  -661.0 -74.8 -190.5
20211031074257  -661.2 -74.9 -190.6
20211031074258  -661.2 -75.1 -190.5
20211031074259  -661.2 -75.1 -190.6
20211031074300  -661.4 -75.5 -190.8
20211031074301  -661.3 -75.8 -190.5
20211031074302  -661.5 -75.8 -190.6
20211031074303  -661.4 -76.0 -190.3
20211031074304  -661.5 -76.0 -190.3
20211031074305  -661.6 -75.9 -190.2
20211031074306  -661.4 -76.1 -190.2
20211031074307  -661.4 -76.1 -190.1
20211031074308  -661.4 -76.3 -190.0
20211031074309  -661.1 -76.3 -190.1
20211031074310  -661.1 -76.1 -190.0
20211031074311  -661.1 -76.1 -189.8
20211031074312  -661.0 -76.1 -189.9
20211031074313  -660.9 -76.1 -189.6
20211031074314  -660.4 -75.8 -189.0
20211031074315  -660.8 -75.9 -189.4
20211031074316  -660.6 -75.7 -189.4
20211031074317  -660.6 -76.0 -189.5
20211031074318  -660.6 -75.6 -189.6
20211031074319  -660.7 -75.6 -189.3
20211031074320  -660.9 -75.4 -189.5
20211031074321  -660.9 -75.1 -189.1
20211031074322  -661.2 -75.2 -189.1
20211031074323  -661.0 -74.9 -189.1
20211031074324  -661.3 -74.8 -189.0
20211031074325  -661.4 -74.5 -188.9
20211031074326  -661.8 -74.1 -188.7
20211031074327  -661.9 -73.8 -188.8
20211031074328  -662.0 -73.4 -188.7
20211031074329  -662.1 -73.4 -188.8
20211031074330  -662.4 -73.2 -188.6
20211031074331  -662.6 -72.9 -188.4
20211031074332  -662.5 -72.5 -188.4
20211031074333  -662.9 -72.6 -188.1
20211031074334  -663.0 -72.2 -188.4
20211031074335  -663.1 -71.9 -188.3
20211031074336  -663.2 -71.9 -188.3
20211031074337  -663.2 -71.8 -188.5
20211031074338  -663.7 -71.7 -188.4
20211031074339  -663.9 -71.7 -188.2
20211031074340  -663.8 -71.6 -188.4
20211031074341  -664.1 -71.6 -188.4
20211031074342  -664.4 -71.6 -188.4
20211031074343  -664.6 -71.6 -188.6
20211031074344  -664.1 -71.2 -188.3
20211031074345  -664.8 -71.8 -188.6
20211031074346  -664.9 -71.9 -188.7
20211031074347  -665.3 -72.0 -188.7
20211031074348  -665.3 -72.2 -188.6
20211031074349  -665.5 -71.9 -188.6
20211031074350  -665.9 -71.7 -188.9
20211031074351  -666.1 -71.8 -188.8
20211031074352  -666.1 -71.8 -188.8
20211031074353  -666.0 -71.6 -189.0
20211031074354  -666.4 -71.8 -189.2
20211031074355  -666.6 -71.6 -189.3
20211031074356  -666.5 -71.4 -189.5
20211031074357  -666.6 -71.3 -189.6
20211031074358  -666.7 -71.4 -189.6
20211031074359  -666.6 -71.2 -189.5
20211031074400  -667.0 -71.4 -189.2
20211031074401  -667.1 -71.3 -189.6
20211031074402  -667.0 -71.1 -189.7
20211031074403  -667.2 -71.1 -189.6
20211031074404  -667.3 -71.1 -189.6
20211031074405  -667.6 -71.0 -189.5
20211031074406  -667.7 -71.0 -189.5
20211031074407  -667.8 -70.6 -189.4
20211031074408  -667.5 -70.8 -189.4
20211031074409  -667.4 -70.8 -189.2
20211031074410  -667.4 -70.7 -189.3
20211031074411  -667.5 -70.8 -189.5
20211031074412  -667.2 -70.9 -189.5
20211031074413  -667.2 -71.1 -189.3
20211031074414  -666.4 -71.4 -189.1
20211031074415  -666.9 -71.2 -189.3
