20211030210836  -649.4 -79.6 -218.4
20211030210837  -649.5 -79.7 -218.4
20211030210838  -649.4 -79.8 -218.2
20211030210839  -649.4 -79.9 -218.1
20211030210840  -649.3 -79.9 -218.2
20211030210841  -649.4 -80.1 -218.1
20211030210842  -649.2 -79.8 -218.4
20211030210843  -649.0 -80.2 -218.3
20211030210844  -648.8 -80.2 -218.5
20211030210845  -648.9 -80.5 -218.4
20211030210846  -648.5 -80.4 -218.4
20211030210847  -648.2 -80.7 -218.3
20211030210848  -647.8 -80.4 -217.9
20211030210849  -647.3 -80.4 -218.0
20211030210850  -646.8 -80.6 -218.1
20211030210851  -645.7 -80.5 -217.5
20211030210852  -645.7 -80.4 -217.7
20211030210853  -645.8 -80.4 -218.4
20211030210854  -645.6 -80.2 -218.2
20211030210855  -645.5 -80.3 -218.3
20211030210856  -645.5 -80.2 -218.4
20211030210857  -645.1 -80.4 -218.5
20211030210858  -645.2 -80.2 -218.8
20211030210859  -645.2 -80.1 -218.8
20211030210900  -645.1 -80.3 -219.0
20211030210901  -645.0 -80.6 -219.2
20211030210902  -644.7 -80.4 -219.2
20211030210903  -644.5 -80.5 -219.6
20211030210904  -644.6 -80.4 -219.6
20211030210905  -644.7 -80.1 -219.6
20211030210906  -644.7 -80.4 -219.3
20211030210907  -644.6 -80.4 -219.3
20211030210908  -644.5 -80.6 -219.1
20211030210909  -644.6 -80.4 -219.2
20211030210910  -644.7 -80.7 -219.0
20211030210911  -644.5 -80.5 -219.1
20211030210912  -644.5 -80.5 -219.2
20211030210913  -644.2 -80.4 -219.0
20211030210914  -644.1 -80.7 -218.8
20211030210915  -644.2 -80.7 -218.8
20211030210916  -644.3 -80.7 -218.8
20211030210917  -644.0 -80.9 -218.6
20211030210918  -643.8 -80.5 -219.0
20211030210919  -644.1 -80.1 -219.0
20211030210920  -644.0 -80.4 -218.7
20211030210921  -643.4 -80.6 -218.3
20211030210922  -643.3 -80.2 -218.2
20211030210923  -643.9 -80.1 -218.3
20211030210924  -643.7 -80.2 -218.4
20211030210925  -643.5 -80.1 -218.6
20211030210926  -643.5 -80.3 -218.8
20211030210927  -643.3 -80.1 -218.7
20211030210928  -643.7 -80.4 -218.4
20211030210929  -643.4 -80.1 -218.4
20211030210930  -643.7 -79.9 -218.2
20211030210931  -643.3 -80.0 -218.2
20211030210932  -643.4 -79.7 -218.1
20211030210933  -643.0 -79.8 -218.2
20211030210934  -643.0 -79.8 -218.2
20211030210935  -642.9 -79.6 -218.0
20211030210936  -642.7 -79.3 -218.3
20211030210937  -642.7 -79.5 -218.2
20211030210938  -642.7 -79.4 -218.2
20211030210939  -643.0 -79.0 -218.4
20211030210940  -642.8 -78.8 -218.4
20211030210941  -643.0 -78.8 -218.7
20211030210942  -643.2 -78.7 -218.4
20211030210943  -643.2 -78.9 -218.6
20211030210944  -643.6 -78.8 -218.5
20211030210945  -643.5 -78.9 -218.5
20211030210946  -644.0 -78.6 -218.4
20211030210947  -644.1 -78.7 -218.6
20211030210948  -644.0 -78.7 -218.4
20211030210949  -644.3 -78.5 -218.7
20211030210950  -644.2 -78.4 -218.7
20211030210951  -643.2 -78.2 -217.9
20211030210952  -643.2 -77.9 -217.8
20211030210953  -644.1 -78.1 -218.3
20211030210954  -644.1 -77.9 -218.3
20211030210955  -644.5 -78.1 -218.4
20211030210956  -644.3 -78.2 -218.4
20211030210957  -644.7 -77.9 -218.5
20211030210958  -644.7 -78.0 -218.5
20211030210959  -644.6 -78.1 -218.5
20211030211000  -644.8 -78.1 -218.4
20211030211001  -644.9 -78.2 -218.3
20211030211002  -645.0 -77.8 -218.2
20211030211003  -645.3 -78.0 -218.5
20211030211004  -645.2 -78.2 -218.6
20211030211005  -645.2 -78.2 -218.4
20211030211006  -645.5 -78.1 -218.5
20211030211007  -645.4 -78.0 -218.6
20211030211008  -645.3 -77.9 -218.3
20211030211009  -645.6 -77.9 -218.3
20211030211010  -645.9 -77.9 -218.4
20211030211011  -645.8 -77.7 -218.6
20211030211012  -645.9 -77.8 -218.6
20211030211013  -645.8 -77.6 -218.5
20211030211014  -646.2 -77.7 -218.5
20211030211015  -646.4 -77.3 -218.4
20211030211016  -646.3 -77.3 -218.4
20211030211017  -646.8 -77.3 -218.4
20211030211018  -647.0 -77.5 -217.9
20211030211019  -646.8 -77.3 -218.1
20211030211020  -646.8 -77.7 -218.1
20211030211021  -646.0 -77.2 -217.5
20211030211022  -646.1 -77.1 -217.4
20211030211023  -646.8 -76.8 -217.7
20211030211024  -647.3 -76.7 -217.8
20211030211025  -647.0 -76.6 -217.6
20211030211026  -647.2 -76.6 -217.7
20211030211027  -647.3 -76.6 -217.8
20211030211028  -647.4 -76.8 -217.7
20211030211029  -647.6 -76.6 -217.7
20211030211030  -647.8 -76.5 -217.6
20211030211031  -647.9 -76.5 -217.7
20211030211032  -647.9 -76.1 -217.5
20211030211033  -648.2 -75.9 -217.8
20211030211034  -648.4 -76.2 -217.4
20211030211035  -648.7 -76.1 -217.4
20211030211036  -648.4 -76.2 -217.8
20211030211037  -648.5 -76.2 -217.3
20211030211038  -648.5 -75.9 -217.5
20211030211039  -648.9 -75.8 -217.6
20211030211040  -648.6 -75.9 -217.5
20211030211041  -648.6 -75.9 -217.4
20211030211042  -648.7 -75.9 -217.5
20211030211043  -648.6 -75.7 -217.8
20211030211044  -648.8 -75.6 -217.7
20211030211045  -649.1 -75.7 -217.6
20211030211046  -648.9 -75.7 -217.5
20211030211047  -649.1 -75.7 -217.8
20211030211048  -649.2 -75.7 -218.0
20211030211049  -649.0 -75.5 -218.0
20211030211050  -649.1 -75.7 -217.6
20211030211051  -648.8 -75.5 -217.5
20211030211052  -648.8 -75.6 -217.1
20211030211053  -649.8 -75.6 -217.7
20211030211054  -649.5 -75.6 -217.6
20211030211055  -649.3 -75.8 -217.8
20211030211056  -649.4 -75.9 -217.8
20211030211057  -649.7 -76.1 -218.0
20211030211058  -649.9 -76.1 -218.3
20211030211059  -649.7 -76.2 -218.3
20211030211100  -649.8 -75.9 -218.0
20211030211101  -650.0 -76.1 -218.2
20211030211102  -650.1 -76.3 -218.1
20211030211103  -650.2 -76.5 -218.2
20211030211104  -650.5 -76.2 -218.4
20211030211105  -650.5 -76.2 -218.2
20211030211106  -650.7 -76.2 -218.5
20211030211107  -650.7 -76.5 -218.6
20211030211108  -650.8 -76.3 -218.4
20211030211109  -650.8 -76.1 -218.4
20211030211110  -650.9 -76.2 -218.6
20211030211111  -651.3 -76.6 -218.9
20211030211112  -651.7 -76.6 -218.6
20211030211113  -651.7 -76.4 -218.6
20211030211114  -651.7 -76.4 -218.6
20211030211115  -651.7 -76.3 -218.6
20211030211116  -651.9 -76.6 -219.0
20211030211117  -651.5 -76.9 -218.8
20211030211118  -651.9 -76.6 -218.8
20211030211119  -651.8 -76.6 -219.0
20211030211120  -652.0 -76.4 -218.9
20211030211121  -651.7 -76.5 -218.8
20211030211122  -651.7 -76.3 -218.5
20211030211123  -652.4 -76.4 -218.6
20211030211124  -652.5 -76.9 -218.6
20211030211125  -652.4 -77.0 -218.6
20211030211126  -652.5 -76.6 -218.6
20211030211127  -652.9 -76.5 -218.6
20211030211128  -653.0 -76.5 -219.0
20211030211129  -653.2 -76.4 -219.0
20211030211130  -653.2 -76.3 -219.0
20211030211131  -653.4 -76.3 -219.0
20211030211132  -653.5 -76.3 -218.8
20211030211133  -653.7 -76.5 -218.8
20211030211134  -653.8 -76.3 -219.1
20211030211135  -653.9 -76.1 -218.8
20211030211136  -653.9 -76.3 -218.8
20211030211137  -654.1 -76.2 -219.1
20211030211138  -654.4 -76.5 -219.5
20211030211139  -654.7 -76.7 -219.8
20211030211140  -655.2 -77.0 -219.9
20211030211141  -655.7 -77.2 -219.8
20211030211142  -655.7 -77.4 -219.7
20211030211143  -655.9 -77.5 -219.7
20211030211144  -656.2 -77.7 -219.6
20211030211145  -656.7 -77.7 -219.9
20211030211146  -657.3 -77.7 -220.0
20211030211147  -657.8 -78.0 -220.2
20211030211148  -658.2 -78.5 -220.2
20211030211149  -658.4 -78.5 -219.9
20211030211150  -658.9 -78.4 -219.9
20211030211151  -658.6 -78.8 -219.6
20211030211152  -658.6 -78.8 -219.1
20211030211153  -659.3 -78.6 -219.4
20211030211154  -659.7 -79.1 -219.4
20211030211155  -659.9 -79.1 -219.4
20211030211156  -660.1 -79.6 -219.4
20211030211157  -660.6 -79.5 -219.6
20211030211158  -660.4 -79.6 -219.3
20211030211159  -660.6 -79.7 -219.4
20211030211200  -660.7 -80.0 -219.2
20211030211201  -660.8 -80.0 -219.0
20211030211202  -660.9 -79.7 -219.1
20211030211203  -661.0 -79.8 -218.9
20211030211204  -661.0 -79.8 -218.7
20211030211205  -661.1 -79.9 -218.8
20211030211206  -661.2 -80.3 -219.0
20211030211207  -661.3 -80.2 -219.1
20211030211208  -661.5 -80.2 -219.0
20211030211209  -661.5 -80.5 -218.8
20211030211210  -661.4 -80.7 -218.8
20211030211211  -661.5 -80.8 -218.8
20211030211212  -661.7 -80.9 -218.8
20211030211213  -662.0 -80.8 -218.8
20211030211214  -661.4 -80.7 -218.7
20211030211215  -661.7 -80.8 -218.5
20211030211216  -661.9 -80.9 -218.6
20211030211217  -662.0 -81.1 -218.7
