20211107224533  -668.8 -82.7 -184.1
20211107224534  -669.0 -82.8 -184.0
20211107224535  -668.7 -82.9 -183.9
20211107224536  -668.8 -82.7 -183.9
20211107224537  -669.0 -82.7 -184.1
20211107224538  -669.2 -82.9 -184.1
20211107224539  -668.9 -83.2 -184.0
20211107224540  -669.1 -83.0 -184.2
20211107224541  -669.1 -83.1 -184.3
20211107224542  -668.2 -82.9 -183.7
20211107224543  -668.1 -82.7 -183.5
20211107224544  -667.9 -82.6 -183.2
20211107224545  -667.7 -82.6 -183.1
20211107224546  -667.6 -82.5 -182.9
20211107224547  -667.6 -82.4 -182.8
20211107224548  -668.6 -82.5 -183.4
20211107224549  -668.7 -82.5 -183.6
20211107224550  -668.7 -82.6 -183.7
20211107224551  -669.1 -82.8 -183.8
20211107224552  -669.0 -82.8 -183.8
20211107224553  -669.1 -82.7 -183.8
20211107224554  -668.9 -82.5 -183.6
20211107224555  -669.1 -82.5 -183.8
20211107224556  -668.8 -82.2 -183.9
20211107224557  -669.2 -82.8 -183.8
20211107224558  -669.0 -82.9 -184.1
20211107224559  -668.9 -82.9 -183.9
20211107224600  -668.9 -83.1 -184.0
20211107224601  -669.1 -82.9 -183.9
20211107224602  -668.9 -82.7 -183.7
20211107224603  -669.1 -82.6 -183.8
20211107224604  -669.1 -82.9 -183.6
20211107224605  -669.2 -82.8 -183.8
20211107224606  -669.3 -82.7 -183.9
20211107224607  -669.3 -82.8 -184.2
20211107224608  -668.7 -83.0 -183.9
20211107224609  -668.3 -82.8 -183.3
20211107224610  -668.4 -82.7 -183.1
20211107224611  -667.9 -82.5 -183.2
20211107224612  -667.7 -82.5 -182.8
20211107224613  -667.3 -82.5 -182.5
20211107224614  -667.8 -82.3 -182.8
20211107224615  -668.6 -82.4 -183.4
20211107224616  -668.5 -82.1 -183.5
20211107224617  -668.4 -82.5 -183.5
20211107224618  -668.5 -82.7 -183.4
20211107224619  -668.8 -82.6 -183.3
20211107224620  -668.7 -82.6 -183.4
20211107224621  -668.4 -82.7 -183.3
20211107224622  -668.6 -82.9 -183.6
20211107224623  -668.6 -82.7 -183.6
20211107224624  -668.8 -82.6 -183.6
20211107224625  -668.8 -82.7 -183.8
20211107224626  -668.7 -82.8 -183.8
20211107224627  -668.6 -82.9 -183.9
20211107224628  -668.8 -82.7 -183.8
20211107224629  -668.9 -82.6 -183.6
20211107224630  -668.8 -82.6 -183.6
20211107224631  -669.0 -82.4 -183.6
20211107224632  -669.2 -82.5 -183.6
20211107224633  -668.9 -82.6 -183.9
20211107224634  -668.9 -82.4 -184.1
20211107224635  -668.5 -82.3 -183.5
20211107224636  -668.1 -81.9 -183.1
20211107224637  -668.1 -82.1 -182.9
20211107224638  -667.8 -82.0 -182.7
20211107224639  -667.7 -82.0 -182.8
20211107224640  -667.7 -82.0 -182.7
20211107224641  -668.3 -81.7 -183.2
20211107224642  -668.7 -81.9 -183.3
20211107224643  -668.6 -82.0 -183.6
20211107224644  -668.8 -82.3 -183.6
20211107224645  -669.1 -82.0 -183.6
20211107224646  -668.9 -81.9 -183.7
20211107224647  -669.2 -82.0 -183.7
20211107224648  -669.0 -81.9 -183.5
20211107224649  -669.0 -81.9 -183.8
20211107224650  -669.0 -82.2 -183.6
20211107224651  -669.1 -82.2 -184.1
20211107224652  -669.1 -82.3 -184.0
20211107224653  -668.9 -82.3 -183.7
20211107224654  -668.7 -82.4 -184.1
20211107224655  -668.9 -82.5 -184.0
20211107224656  -669.3 -82.5 -183.9
20211107224657  -669.2 -82.3 -184.0
20211107224658  -669.2 -82.2 -184.0
20211107224659  -669.1 -82.3 -184.1
20211107224700  -669.3 -82.2 -184.0
20211107224701  -668.3 -82.4 -183.7
20211107224702  -667.8 -82.0 -183.2
20211107224703  -667.6 -82.1 -183.2
20211107224704  -667.4 -81.6 -183.1
20211107224705  -667.2 -81.6 -183.0
20211107224706  -667.2 -82.0 -182.7
20211107224707  -667.1 -81.6 -182.7
20211107224708  -667.7 -81.9 -183.3
20211107224709  -668.0 -82.0 -183.7
20211107224710  -668.1 -82.3 -183.5
20211107224711  -668.2 -82.2 -183.7
20211107224712  -668.1 -82.1 -183.8
20211107224713  -668.1 -82.1 -183.8
20211107224714  -667.9 -82.0 -183.5
20211107224715  -668.3 -82.0 -183.6
20211107224716  -668.4 -82.0 -183.5
20211107224717  -668.4 -82.2 -183.6
20211107224718  -668.5 -81.9 -183.6
20211107224719  -668.4 -81.8 -183.6
20211107224720  -668.3 -82.0 -183.6
20211107224721  -668.3 -81.9 -183.1
20211107224722  -668.5 -81.9 -183.6
20211107224723  -668.5 -82.2 -183.4
20211107224724  -668.5 -81.9 -183.7
20211107224725  -668.5 -81.9 -183.7
20211107224726  -668.6 -81.9 -183.8
20211107224727  -668.3 -82.3 -183.9
20211107224728  -668.0 -82.2 -183.2
20211107224729  -667.6 -82.1 -183.1
20211107224730  -667.4 -81.9 -182.9
20211107224731  -667.0 -81.9 -182.6
20211107224732  -667.0 -81.9 -182.5
20211107224733  -666.8 -81.8 -182.4
20211107224734  -666.9 -81.4 -182.1
20211107224735  -667.8 -81.9 -182.9
20211107224736  -668.1 -81.8 -183.0
20211107224737  -668.1 -81.7 -183.2
20211107224738  -668.1 -81.7 -183.3
20211107224739  -667.8 -81.7 -183.1
20211107224740  -667.8 -81.9 -183.3
20211107224741  -667.8 -82.0 -183.3
20211107224742  -667.8 -82.1 -183.6
20211107224743  -667.8 -82.1 -183.3
20211107224744  -667.9 -82.0 -183.5
20211107224745  -667.8 -82.1 -183.6
20211107224746  -667.8 -82.2 -183.6
20211107224747  -667.6 -82.1 -183.4
20211107224748  -667.6 -82.2 -183.7
20211107224749  -667.9 -82.2 -183.7
20211107224750  -668.0 -82.1 -183.7
20211107224751  -667.9 -82.3 -183.9
20211107224752  -668.3 -82.2 -183.7
20211107224753  -667.8 -82.3 -183.7
20211107224754  -667.9 -82.3 -183.8
20211107224755  -667.4 -82.1 -183.2
20211107224756  -667.3 -82.0 -183.1
20211107224757  -667.1 -81.9 -183.3
20211107224758  -666.8 -81.9 -183.0
20211107224759  -666.8 -81.9 -182.8
20211107224800  -666.7 -81.9 -182.7
20211107224801  -667.0 -81.7 -183.1
20211107224802  -667.8 -81.9 -183.3
20211107224803  -667.8 -81.8 -183.7
20211107224804  -667.7 -82.2 -184.0
20211107224805  -667.7 -82.0 -183.9
20211107224806  -667.6 -82.3 -183.9
20211107224807  -667.8 -82.1 -183.8
20211107224808  -667.7 -82.0 -183.8
20211107224809  -667.9 -81.9 -183.7
20211107224810  -668.0 -82.0 -183.7
20211107224811  -668.0 -82.0 -183.7
20211107224812  -668.1 -82.1 -183.8
20211107224813  -668.2 -82.3 -183.9
20211107224814  -668.1 -82.3 -184.1
20211107224815  -668.3 -82.4 -184.2
20211107224816  -668.0 -82.2 -184.3
20211107224817  -667.6 -82.1 -184.2
20211107224818  -667.9 -82.4 -184.0
20211107224819  -668.2 -82.5 -184.3
20211107224820  -668.1 -82.5 -184.1
20211107224821  -667.4 -82.2 -183.5
20211107224822  -667.1 -82.2 -183.5
20211107224823  -666.9 -82.2 -183.3
20211107224824  -667.0 -82.2 -183.1
20211107224825  -666.6 -81.9 -183.0
20211107224826  -666.3 -81.9 -182.9
20211107224827  -666.4 -81.9 -183.0
20211107224828  -667.2 -82.2 -183.5
20211107224829  -667.4 -81.9 -183.6
20211107224830  -667.4 -82.2 -183.5
20211107224831  -667.7 -82.2 -183.7
20211107224832  -667.5 -82.1 -183.9
20211107224833  -667.3 -82.4 -183.8
20211107224834  -667.4 -82.5 -183.7
20211107224835  -667.7 -82.3 -183.9
20211107224836  -667.5 -82.2 -184.0
20211107224837  -667.4 -82.4 -183.8
20211107224838  -667.4 -82.3 -183.8
20211107224839  -667.6 -82.0 -183.9
20211107224840  -667.6 -82.0 -184.2
20211107224841  -667.6 -82.5 -184.1
20211107224842  -667.6 -82.4 -184.0
20211107224843  -667.6 -82.8 -183.9
20211107224844  -667.8 -82.4 -183.9
20211107224845  -667.5 -82.3 -184.0
20211107224846  -667.4 -82.3 -183.9
20211107224847  -667.3 -82.5 -184.1
20211107224848  -666.9 -82.1 -183.9
20211107224849  -666.5 -82.2 -183.5
20211107224850  -666.1 -82.1 -183.0
20211107224851  -666.2 -82.0 -182.9
20211107224852  -666.0 -81.9 -183.0
20211107224853  -665.9 -81.6 -182.7
20211107224854  -665.9 -81.7 -182.4
20211107224855  -666.5 -81.6 -182.9
20211107224856  -666.8 -82.1 -183.4
20211107224857  -666.8 -81.7 -183.3
20211107224858  -666.7 -81.9 -183.1
20211107224859  -666.9 -82.0 -183.2
20211107224900  -667.0 -82.1 -183.4
20211107224901  -667.0 -82.2 -183.2
20211107224902  -666.9 -81.9 -183.6
20211107224903  -666.9 -82.0 -183.5
20211107224904  -667.2 -81.9 -183.5
20211107224905  -667.1 -81.7 -183.4
20211107224906  -667.2 -81.6 -183.4
20211107224907  -667.3 -81.9 -183.6
20211107224908  -667.2 -82.1 -183.7
20211107224909  -667.1 -82.3 -183.6
20211107224910  -667.0 -82.2 -183.9
20211107224911  -667.0 -82.5 -183.8
20211107224912  -667.1 -82.1 -183.7
20211107224913  -667.1 -82.4 -184.0
20211107224914  -666.6 -82.4 -183.6
20211107224915  -666.4 -82.2 -183.4
20211107224916  -666.1 -82.0 -183.1
20211107224917  -666.2 -81.8 -183.2
20211107224918  -665.7 -81.8 -182.8
20211107224919  -665.8 -81.7 -182.9
20211107224920  -666.0 -81.6 -182.7
20211107224921  -665.7 -81.4 -182.7
20211107224922  -666.7 -81.5 -183.0
20211107224923  -666.9 -81.7 -183.4
20211107224924  -666.9 -81.9 -183.1
20211107224925  -666.9 -81.9 -183.5
20211107224926  -667.0 -82.0 -183.6
20211107224927  -667.2 -82.0 -183.6
20211107224928  -667.3 -82.0 -183.8
20211107224929  -667.0 -81.9 -183.8
20211107224930  -667.1 -82.1 -183.9
20211107224931  -667.0 -82.0 -184.2
20211107224932  -667.1 -82.1 -184.1
20211107224933  -667.2 -82.1 -184.0
20211107224934  -667.7 -81.9 -184.1
20211107224935  -667.6 -82.3 -184.2
20211107224936  -667.7 -82.2 -184.2
20211107224937  -667.3 -82.1 -184.3
20211107224938  -667.3 -82.0 -184.2
20211107224939  -667.5 -82.0 -184.0
20211107224940  -667.3 -81.9 -184.2
20211107224941  -666.4 -82.0 -183.8
20211107224942  -666.5 -81.9 -183.2
20211107224943  -666.4 -82.2 -183.2
20211107224944  -666.0 -81.9 -182.8
20211107224945  -665.7 -81.7 -182.7
20211107224946  -665.8 -81.8 -182.7
20211107224947  -665.5 -81.9 -182.6
20211107224948  -665.5 -81.6 -182.4
20211107224949  -666.2 -81.8 -182.7
20211107224950  -666.6 -82.0 -183.1
20211107224951  -666.6 -82.1 -183.1
20211107224952  -666.7 -82.0 -183.4
20211107224953  -666.6 -81.9 -183.6
20211107224954  -666.6 -81.7 -183.6
20211107224955  -666.5 -81.9 -183.9
20211107224956  -666.3 -81.8 -183.7
20211107224957  -666.4 -81.8 -183.7
20211107224958  -666.6 -82.1 -183.4
20211107224959  -666.9 -82.2 -183.8
20211107225000  -666.6 -82.0 -183.7
20211107225001  -666.9 -82.2 -183.7
20211107225002  -666.9 -82.4 -184.0
20211107225003  -666.8 -82.4 -184.0
20211107225004  -666.9 -82.3 -183.9
20211107225005  -666.7 -82.1 -183.8
20211107225006  -666.5 -82.4 -183.9
20211107225007  -666.1 -82.6 -184.0
20211107225008  -665.9 -82.2 -183.5
20211107225009  -665.9 -81.9 -182.8
20211107225010  -665.9 -82.0 -182.7
20211107225011  -665.4 -81.9 -182.9
20211107225012  -665.3 -81.6 -182.7
20211107225013  -665.3 -81.8 -182.4
20211107225014  -665.1 -81.6 -182.0
20211107225015  -664.9 -81.3 -181.9
20211107225016  -665.9 -81.4 -182.2
20211107225017  -666.3 -81.7 -182.6
20211107225018  -666.3 -81.9 -183.0
20211107225019  -666.7 -81.2 -183.0
20211107225020  -666.4 -81.7 -183.0
20211107225021  -666.5 -81.6 -183.1
20211107225022  -666.5 -81.8 -183.0
20211107225023  -666.4 -81.8 -183.0
20211107225024  -666.5 -81.8 -183.1
20211107225025  -666.4 -81.7 -183.3
20211107225026  -666.6 -81.6 -182.9
20211107225027  -666.7 -81.8 -183.0
20211107225028  -666.7 -81.7 -183.0
20211107225029  -666.6 -81.9 -183.2
20211107225030  -666.5 -81.9 -183.1
20211107225031  -666.7 -81.9 -183.4
20211107225032  -666.8 -82.0 -183.4
20211107225033  -666.7 -81.9 -183.3
20211107225034  -666.5 -82.0 -183.3
20211107225035  -666.0 -81.5 -183.1
20211107225036  -665.7 -81.5 -182.8
20211107225037  -665.4 -81.4 -182.7
20211107225038  -665.5 -81.2 -182.3
20211107225039  -665.2 -81.1 -182.1
20211107225040  -664.9 -81.2 -182.1
20211107225041  -664.8 -81.1 -181.7
20211107225042  -665.0 -81.1 -181.9
20211107225043  -665.8 -81.5 -182.6
20211107225044  -665.9 -81.4 -182.5
20211107225045  -666.1 -81.5 -183.0
20211107225046  -666.0 -81.5 -183.0
20211107225047  -666.0 -81.4 -183.3
20211107225048  -666.1 -81.5 -183.3
20211107225049  -666.1 -81.7 -183.3
20211107225050  -666.3 -82.0 -183.3
20211107225051  -666.1 -81.7 -183.1
20211107225052  -666.1 -81.8 -183.0
20211107225053  -666.5 -82.1 -183.2
20211107225054  -666.3 -82.0 -183.3
20211107225055  -666.3 -81.9 -183.5
20211107225056  -666.5 -82.2 -183.3
20211107225057  -666.6 -82.1 -183.2
20211107225058  -666.6 -82.1 -183.3
20211107225059  -666.8 -82.2 -183.7
20211107225100  -666.6 -82.0 -183.5
20211107225101  -666.2 -82.0 -183.3
20211107225102  -665.7 -82.0 -182.9
20211107225103  -665.8 -81.8 -182.5
20211107225104  -665.3 -81.8 -182.3
20211107225105  -665.3 -81.6 -181.8
20211107225106  -665.1 -81.6 -181.8
20211107225107  -665.2 -81.3 -181.4
20211107225108  -665.0 -81.3 -181.4
20211107225109  -665.6 -81.3 -181.7
20211107225110  -666.1 -81.7 -182.0
20211107225111  -666.1 -81.8 -182.5
20211107225112  -666.1 -81.7 -182.5
20211107225113  -666.0 -81.6 -182.4
20211107225114  -666.2 -81.9 -182.6
20211107225115  -666.3 -81.8 -182.6
20211107225116  -666.5 -81.7 -182.4
20211107225117  -666.4 -81.5 -182.4
20211107225118  -666.2 -81.8 -182.8
20211107225119  -666.4 -81.5 -182.8
20211107225120  -666.5 -81.8 -183.2
20211107225121  -666.5 -81.8 -183.1
20211107225122  -666.3 -82.0 -183.0
20211107225123  -666.5 -82.0 -183.0
20211107225124  -666.8 -81.9 -183.1
20211107225125  -666.8 -82.1 -183.1
20211107225126  -666.8 -82.1 -183.1
20211107225127  -666.7 -82.3 -183.6
20211107225128  -665.8 -82.0 -183.1
20211107225129  -665.5 -81.7 -182.5
20211107225130  -665.3 -81.6 -182.3
20211107225131  -664.9 -81.6 -182.3
20211107225132  -664.9 -81.5 -182.0
20211107225133  -664.9 -81.4 -182.0
20211107225134  -664.6 -81.5 -181.5
20211107225135  -664.4 -81.4 -181.4
20211107225136  -665.0 -81.4 -182.3
20211107225137  -665.3 -81.4 -182.5
20211107225138  -665.6 -81.4 -182.8
20211107225139  -665.6 -81.4 -183.0
20211107225140  -665.5 -81.5 -182.8
20211107225141  -665.6 -81.6 -183.0
20211107225142  -665.9 -81.6 -183.2
20211107225143  -666.0 -81.6 -182.8
20211107225144  -666.1 -81.6 -183.2
20211107225145  -665.9 -81.8 -183.3
20211107225146  -665.8 -81.7 -183.4
20211107225147  -665.9 -81.6 -183.3
20211107225148  -665.7 -81.4 -183.5
20211107225149  -665.6 -81.5 -183.2
20211107225150  -665.7 -81.7 -183.4
20211107225151  -665.8 -81.4 -183.5
20211107225152  -666.1 -81.7 -183.4
20211107225153  -666.2 -81.6 -183.5
20211107225154  -666.0 -82.3 -183.4
20211107225155  -665.6 -82.0 -183.2
20211107225156  -665.2 -81.5 -182.9
20211107225157  -664.8 -81.5 -182.7
20211107225158  -664.7 -81.5 -182.4
20211107225159  -664.5 -81.5 -182.3
20211107225200  -664.2 -81.4 -181.9
20211107225201  -664.1 -81.1 -181.7
20211107225202  -665.0 -81.6 -182.6
20211107225203  -665.0 -81.6 -182.5
20211107225204  -665.2 -81.3 -182.5
20211107225205  -665.2 -81.5 -182.4
20211107225206  -665.2 -81.5 -182.8
20211107225207  -665.4 -81.8 -182.9
20211107225208  -665.2 -81.6 -182.9
20211107225209  -665.5 -81.6 -182.8
20211107225210  -665.3 -81.6 -182.7
20211107225211  -665.4 -81.6 -182.9
20211107225212  -665.6 -81.5 -182.9
20211107225213  -665.5 -81.4 -182.8
20211107225214  -665.7 -81.5 -183.1
20211107225215  -665.7 -81.3 -182.8
