20211115220835  -732.2 -56.0 -216.4
20211115220836  -732.5 -56.0 -216.2
20211115220837  -732.8 -56.3 -216.5
20211115220838  -733.1 -56.4 -216.4
20211115220839  -733.1 -56.2 -215.8
20211115220840  -733.8 -56.6 -215.9
20211115220841  -734.2 -56.7 -216.4
20211115220842  -734.5 -56.8 -216.2
20211115220843  -735.0 -57.0 -216.4
20211115220844  -735.8 -57.1 -216.2
20211115220845  -735.9 -57.4 -216.3
20211115220846  -736.0 -57.5 -216.4
20211115220847  -736.4 -57.4 -216.5
20211115220848  -736.8 -57.7 -216.2
20211115220849  -737.1 -57.8 -216.2
20211115220850  -737.1 -58.3 -215.9
20211115220851  -737.2 -57.9 -215.9
20211115220852  -737.4 -58.1 -215.7
20211115220853  -737.7 -58.6 -215.2
20211115220854  -737.5 -58.7 -214.9
20211115220855  -737.6 -58.7 -214.8
20211115220856  -737.8 -58.6 -215.0
20211115220857  -737.7 -58.6 -214.8
20211115220858  -737.8 -58.6 -214.9
20211115220859  -737.8 -58.9 -214.5
20211115220900  -737.8 -59.2 -214.7
20211115220901  -737.7 -59.0 -215.0
20211115220902  -737.9 -59.1 -214.8
20211115220903  -738.0 -59.3 -214.9
20211115220904  -738.1 -59.5 -214.6
20211115220905  -737.9 -59.3 -214.8
20211115220906  -737.8 -59.4 -214.5
20211115220907  -737.8 -59.6 -214.7
20211115220908  -738.0 -59.9 -214.5
20211115220909  -737.2 -60.1 -214.1
20211115220910  -737.0 -59.7 -213.9
20211115220911  -737.8 -59.9 -214.3
20211115220912  -737.9 -60.1 -214.7
20211115220913  -737.7 -60.2 -214.4
20211115220914  -737.9 -60.2 -214.2
20211115220915  -737.9 -60.4 -214.5
20211115220916  -738.0 -60.1 -214.5
20211115220917  -737.8 -60.2 -214.5
20211115220918  -737.6 -60.2 -214.1
20211115220919  -737.5 -60.3 -214.1
20211115220920  -737.8 -60.4 -214.4
20211115220921  -737.9 -60.5 -214.3
20211115220922  -737.8 -60.5 -214.5
20211115220923  -737.8 -60.6 -214.7
20211115220924  -737.9 -60.6 -214.5
20211115220925  -737.7 -60.5 -214.5
20211115220926  -737.9 -60.4 -214.1
20211115220927  -738.0 -60.6 -214.1
20211115220928  -737.8 -60.8 -214.4
20211115220929  -737.7 -61.0 -214.3
20211115220930  -737.7 -61.0 -214.5
20211115220931  -737.7 -60.8 -214.5
20211115220932  -737.5 -61.2 -214.6
20211115220933  -737.6 -61.2 -214.8
20211115220934  -737.7 -61.1 -214.9
20211115220935  -737.7 -61.3 -214.9
20211115220936  -738.0 -61.3 -214.8
20211115220937  -737.8 -61.5 -214.8
20211115220938  -737.9 -61.8 -215.2
20211115220939  -737.6 -61.9 -215.1
20211115220940  -737.1 -61.6 -214.5
20211115220941  -737.3 -61.8 -214.7
20211115220942  -737.5 -62.0 -214.8
20211115220943  -737.4 -62.0 -215.0
20211115220944  -737.5 -61.8 -214.7
20211115220945  -737.5 -62.0 -215.0
20211115220946  -737.0 -62.0 -215.2
20211115220947  -737.2 -62.1 -215.3
20211115220948  -736.9 -62.4 -215.2
20211115220949  -736.7 -62.4 -215.4
20211115220950  -736.5 -62.5 -215.6
20211115220951  -736.4 -62.4 -215.3
20211115220952  -736.5 -62.3 -215.4
20211115220953  -736.0 -62.1 -215.7
20211115220954  -736.0 -62.2 -215.6
20211115220955  -735.5 -62.5 -215.6
20211115220956  -735.7 -62.6 -215.7
20211115220957  -735.6 -62.6 -215.8
20211115220958  -735.4 -62.7 -215.6
20211115220959  -735.5 -62.8 -215.5
20211115221000  -735.1 -62.9 -215.7
20211115221001  -735.2 -63.0 -215.8
20211115221002  -735.1 -62.9 -216.1
20211115221003  -735.1 -63.1 -216.2
20211115221004  -735.1 -63.2 -215.9
20211115221005  -735.1 -63.3 -216.0
20211115221006  -735.3 -63.7 -216.0
20211115221007  -735.3 -63.8 -216.1
20211115221008  -735.1 -63.6 -216.3
20211115221009  -734.8 -63.9 -216.5
20211115221010  -734.4 -64.0 -216.2
20211115221011  -734.3 -63.9 -215.8
20211115221012  -734.9 -63.9 -216.3
20211115221013  -735.0 -63.9 -216.3
20211115221014  -735.0 -63.9 -216.2
20211115221015  -734.9 -64.1 -216.3
20211115221016  -734.9 -63.9 -216.3
20211115221017  -734.8 -64.0 -216.3
20211115221018  -735.0 -64.2 -216.2
20211115221019  -734.8 -64.1 -216.4
20211115221020  -734.9 -64.1 -216.5
20211115221021  -734.8 -64.1 -216.5
20211115221022  -734.9 -63.8 -216.3
20211115221023  -734.9 -63.7 -216.3
20211115221024  -734.8 -64.1 -216.4
20211115221025  -734.9 -64.1 -216.3
20211115221026  -734.7 -64.1 -216.5
20211115221027  -734.7 -64.1 -216.7
20211115221028  -734.7 -64.0 -216.7
20211115221029  -735.2 -64.0 -216.7
20211115221030  -735.0 -64.1 -216.3
20211115221031  -735.0 -63.7 -216.3
20211115221032  -735.0 -63.7 -216.4
20211115221033  -734.9 -63.8 -216.0
20211115221034  -734.9 -63.8 -216.1
20211115221035  -735.2 -63.5 -216.2
20211115221036  -735.1 -63.3 -216.0
20211115221037  -735.4 -63.4 -216.0
20211115221038  -735.1 -63.5 -215.8
20211115221039  -735.0 -63.4 -215.8
20211115221040  -734.6 -63.3 -215.2
20211115221041  -734.3 -63.1 -215.0
20211115221042  -734.4 -63.1 -215.1
20211115221043  -735.0 -63.0 -215.6
20211115221044  -735.1 -63.1 -215.3
20211115221045  -735.2 -63.1 -215.2
20211115221046  -735.6 -62.9 -215.2
20211115221047  -735.3 -63.2 -215.1
20211115221048  -735.3 -63.4 -215.4
20211115221049  -735.5 -63.4 -215.3
20211115221050  -735.4 -63.3 -215.3
20211115221051  -735.5 -63.3 -215.1
20211115221052  -735.4 -63.0 -215.2
20211115221053  -735.4 -63.1 -215.2
20211115221054  -735.3 -63.4 -215.0
20211115221055  -735.3 -63.0 -214.9
20211115221056  -735.4 -63.0 -214.7
20211115221057  -735.1 -63.0 -214.6
20211115221058  -735.3 -63.0 -214.6
20211115221059  -734.9 -62.9 -214.6
20211115221100  -734.9 -62.9 -214.4
20211115221101  -734.9 -63.0 -214.4
20211115221102  -735.0 -62.9 -214.4
20211115221103  -734.9 -62.8 -214.2
20211115221104  -734.8 -62.6 -214.3
20211115221105  -734.7 -62.7 -213.9
20211115221106  -734.5 -63.1 -213.9
20211115221107  -734.7 -62.6 -213.8
20211115221108  -734.3 -62.6 -213.8
20211115221109  -734.2 -62.3 -213.7
20211115221110  -733.7 -62.4 -213.4
20211115221111  -733.1 -61.9 -212.5
20211115221112  -732.7 -61.8 -212.0
20211115221113  -732.6 -61.6 -212.1
20211115221114  -733.0 -61.8 -212.4
20211115221115  -733.3 -61.7 -212.7
20211115221116  -733.1 -61.8 -212.6
20211115221117  -733.0 -61.7 -212.5
20211115221118  -732.7 -61.7 -212.7
20211115221119  -732.5 -62.0 -212.6
20211115221120  -732.5 -61.8 -212.5
20211115221121  -732.3 -61.6 -212.2
20211115221122  -732.4 -61.9 -212.4
20211115221123  -732.5 -61.7 -212.6
20211115221124  -732.7 -61.7 -212.4
20211115221125  -732.6 -61.7 -212.0
20211115221126  -732.3 -61.7 -211.9
20211115221127  -732.3 -61.4 -211.8
20211115221128  -732.3 -61.3 -211.6
20211115221129  -732.4 -61.4 -211.6
20211115221130  -731.9 -61.8 -211.5
20211115221131  -731.9 -61.5 -211.4
20211115221132  -731.8 -61.5 -211.2
20211115221133  -731.6 -61.5 -211.3
20211115221134  -731.6 -61.4 -211.3
20211115221135  -731.3 -61.4 -211.1
20211115221136  -731.6 -61.3 -211.1
20211115221137  -731.3 -61.5 -211.1
20211115221138  -731.0 -61.4 -210.9
20211115221139  -730.9 -61.4 -210.9
20211115221140  -730.5 -61.7 -210.9
20211115221141  -730.0 -61.4 -210.4
20211115221142  -729.3 -61.2 -209.8
20211115221143  -729.2 -61.5 -209.9
20211115221144  -729.3 -61.3 -209.8
20211115221145  -729.8 -61.6 -210.2
20211115221146  -729.5 -61.7 -210.3
20211115221147  -729.4 -61.6 -210.1
20211115221148  -729.5 -61.8 -210.1
20211115221149  -729.4 -61.8 -210.2
20211115221150  -729.3 -61.8 -210.1
20211115221151  -729.3 -61.6 -210.4
20211115221152  -729.4 -61.8 -209.9
20211115221153  -729.0 -62.0 -210.0
20211115221154  -728.7 -61.8 -210.1
20211115221155  -728.6 -61.9 -210.2
20211115221156  -728.8 -62.1 -210.1
20211115221157  -728.8 -62.1 -210.0
20211115221158  -728.5 -62.0 -209.9
20211115221159  -728.6 -62.2 -209.9
20211115221200  -728.4 -62.2 -209.8
20211115221201  -728.4 -62.0 -210.2
20211115221202  -728.3 -62.0 -209.9
20211115221203  -728.3 -62.3 -210.0
20211115221204  -728.2 -62.3 -210.1
20211115221205  -728.2 -62.4 -209.8
20211115221206  -728.2 -62.4 -210.2
20211115221207  -728.0 -62.2 -209.9
20211115221208  -727.9 -62.7 -209.9
20211115221209  -728.3 -62.8 -209.6
20211115221210  -728.3 -62.6 -209.9
20211115221211  -727.6 -62.7 -209.3
20211115221212  -727.6 -62.4 -209.0
20211115221213  -727.6 -62.3 -209.0
20211115221214  -727.4 -62.3 -208.8
20211115221215  -727.6 -62.2 -208.6
20211115221216  -728.4 -62.3 -209.4
20211115221217  -728.7 -62.5 -209.4
20211115221218  -728.8 -62.4 -209.4
20211115221219  -729.1 -62.6 -209.4
20211115221220  -729.0 -62.7 -209.3
20211115221221  -729.2 -62.6 -209.3
20211115221222  -729.4 -62.3 -209.0
20211115221223  -729.6 -62.4 -209.1
20211115221224  -729.8 -62.5 -209.1
20211115221225  -729.9 -62.5 -209.2
20211115221226  -730.0 -62.3 -209.0
20211115221227  -730.3 -62.3 -209.0
20211115221228  -730.2 -62.6 -209.0
20211115221229  -730.2 -62.3 -209.1
20211115221230  -730.2 -62.6 -208.9
20211115221231  -730.0 -62.6 -208.8
20211115221232  -730.2 -62.8 -208.7
20211115221233  -730.4 -62.7 -208.8
20211115221234  -730.7 -62.7 -208.8
20211115221235  -730.5 -62.8 -208.4
20211115221236  -730.7 -62.6 -208.5
20211115221237  -730.8 -62.8 -208.7
20211115221238  -730.8 -62.8 -208.3
20211115221239  -730.9 -63.0 -207.9
20211115221240  -731.0 -62.9 -207.8
20211115221241  -730.5 -62.9 -207.5
20211115221242  -730.5 -63.1 -207.3
20211115221243  -731.4 -63.3 -208.2
20211115221244  -731.5 -63.0 -207.7
20211115221245  -731.4 -62.8 -208.0
20211115221246  -731.5 -62.9 -208.0
20211115221247  -731.5 -63.3 -207.9
20211115221248  -731.7 -63.1 -207.9
20211115221249  -732.0 -63.2 -208.0
20211115221250  -732.0 -63.1 -208.1
20211115221251  -732.1 -63.2 -208.0
20211115221252  -732.3 -63.0 -208.1
20211115221253  -732.2 -62.9 -207.9
20211115221254  -732.5 -62.7 -207.7
20211115221255  -732.5 -62.7 -207.8
20211115221256  -732.3 -62.9 -207.8
20211115221257  -732.6 -62.8 -207.9
20211115221258  -732.5 -62.7 -207.6
20211115221259  -732.6 -62.7 -208.1
20211115221300  -733.0 -62.5 -208.0
20211115221301  -733.4 -62.9 -208.0
20211115221302  -733.1 -62.6 -208.2
20211115221303  -733.4 -62.6 -207.7
20211115221304  -733.5 -62.9 -207.6
20211115221305  -733.8 -63.2 -207.9
20211115221306  -734.2 -63.1 -207.7
20211115221307  -733.7 -62.9 -207.2
20211115221308  -733.5 -62.7 -206.8
20211115221309  -734.6 -63.0 -207.2
20211115221310  -734.7 -62.9 -207.6
20211115221311  -734.8 -62.9 -207.1
20211115221312  -734.8 -63.1 -207.4
20211115221313  -735.1 -63.2 -207.1
20211115221314  -735.6 -63.0 -207.3
20211115221315  -735.5 -62.8 -207.1
20211115221316  -735.9 -63.0 -207.4
20211115221317  -736.2 -63.1 -207.7
20211115221318  -736.2 -62.9 -207.5
20211115221319  -736.4 -63.3 -207.4
20211115221320  -736.9 -62.9 -207.5
20211115221321  -736.7 -63.1 -207.1
20211115221322  -737.0 -63.2 -207.4
20211115221323  -737.2 -63.3 -207.5
20211115221324  -737.4 -63.1 -207.3
20211115221325  -737.3 -63.5 -207.2
20211115221326  -737.6 -63.5 -207.2
20211115221327  -737.9 -63.9 -207.2
20211115221328  -737.8 -63.9 -207.0
20211115221329  -738.3 -63.8 -207.0
20211115221330  -738.4 -64.0 -206.9
20211115221331  -738.7 -63.8 -207.1
20211115221332  -739.0 -64.2 -206.9
20211115221333  -738.7 -64.5 -206.9
20211115221334  -738.5 -64.1 -206.5
20211115221335  -739.4 -64.3 -207.1
20211115221336  -739.5 -64.6 -206.8
20211115221337  -740.1 -64.6 -206.6
20211115221338  -740.2 -64.8 -206.6
20211115221339  -740.4 -65.0 -206.1
20211115221340  -740.6 -65.0 -206.3
20211115221341  -740.7 -64.8 -206.5
20211115221342  -741.2 -64.8 -206.6
20211115221343  -741.5 -64.9 -206.3
20211115221344  -741.7 -65.0 -206.2
20211115221345  -741.9 -65.3 -206.3
20211115221346  -742.1 -65.5 -205.9
20211115221347  -742.1 -65.3 -205.9
20211115221348  -742.4 -65.4 -205.9
20211115221349  -742.3 -65.2 -205.9
20211115221350  -742.4 -65.2 -205.9
20211115221351  -742.8 -65.3 -205.7
20211115221352  -743.0 -65.4 -205.7
20211115221353  -743.2 -65.3 -205.9
20211115221354  -743.3 -65.1 -205.6
20211115221355  -743.4 -65.1 -205.5
20211115221356  -743.5 -65.0 -205.6
20211115221357  -743.9 -65.3 -205.6
20211115221358  -743.8 -65.5 -205.4
20211115221359  -744.0 -65.8 -205.0
20211115221400  -743.3 -65.5 -204.8
20211115221401  -743.2 -65.7 -204.7
20211115221402  -743.3 -65.5 -204.4
20211115221403  -743.3 -65.7 -204.2
20211115221404  -743.8 -65.7 -204.2
20211115221405  -744.4 -65.6 -204.6
20211115221406  -744.7 -66.1 -204.4
20211115221407  -744.9 -66.3 -204.4
20211115221408  -744.7 -66.1 -204.4
20211115221409  -745.0 -66.2 -204.5
20211115221410  -745.2 -66.3 -204.2
20211115221411  -745.4 -66.4 -203.9
20211115221412  -745.5 -66.8 -204.2
20211115221413  -745.8 -66.7 -203.9
20211115221414  -745.9 -66.8 -204.1
20211115221415  -745.6 -67.0 -204.2
20211115221416  -745.8 -66.8 -204.2
20211115221417  -746.0 -66.9 -204.2
20211115221418  -746.0 -66.9 -204.1
20211115221419  -746.3 -66.6 -204.0
20211115221420  -746.2 -66.9 -203.7
20211115221421  -746.4 -67.1 -203.5
20211115221422  -746.4 -67.3 -203.7
20211115221423  -746.2 -67.1 -203.3
20211115221424  -746.2 -67.0 -203.2
20211115221425  -746.2 -67.0 -202.8
20211115221426  -746.9 -67.0 -202.9
20211115221427  -746.5 -67.1 -203.0
20211115221428  -746.6 -67.3 -202.9
20211115221429  -746.3 -67.2 -202.9
20211115221430  -746.0 -67.1 -202.6
20211115221431  -745.9 -67.1 -201.9
20211115221432  -745.9 -67.1 -201.8
20211115221433  -745.8 -67.2 -201.5
20211115221434  -746.1 -67.1 -201.6
20211115221435  -746.3 -67.4 -202.1
20211115221436  -746.8 -67.5 -202.3
20211115221437  -746.7 -67.7 -202.1
20211115221438  -746.9 -67.4 -201.9
20211115221439  -746.7 -67.8 -201.8
20211115221440  -746.9 -67.6 -201.7
20211115221441  -747.0 -67.6 -201.6
20211115221442  -746.9 -67.8 -201.8
20211115221443  -746.7 -67.9 -201.7
20211115221444  -746.9 -67.9 -201.6
20211115221445  -747.0 -68.0 -201.4
20211115221446  -747.2 -68.1 -201.7
20211115221447  -747.4 -68.3 -201.7
20211115221448  -747.1 -68.8 -201.5
20211115221449  -747.2 -68.8 -201.4
20211115221450  -747.2 -69.1 -201.1
20211115221451  -747.4 -69.0 -201.4
20211115221452  -747.6 -69.0 -201.3
20211115221453  -747.7 -69.0 -201.1
20211115221454  -747.4 -69.3 -200.9
20211115221455  -747.4 -69.4 -201.1
20211115221456  -747.5 -69.5 -201.0
20211115221457  -747.4 -69.6 -200.6
20211115221458  -747.2 -69.7 -200.9
20211115221459  -747.6 -69.9 -200.7
20211115221500  -747.2 -70.0 -200.4
20211115221501  -746.8 -70.2 -199.9
20211115221502  -746.6 -70.2 -199.7
20211115221503  -746.7 -70.1 -199.3
20211115221504  -746.5 -70.1 -199.4
20211115221505  -747.4 -70.3 -200.1
20211115221506  -747.4 -70.5 -200.1
20211115221507  -747.4 -70.4 -199.7
20211115221508  -747.4 -70.6 -199.6
20211115221509  -747.7 -70.8 -199.4
20211115221510  -747.6 -70.9 -199.4
20211115221511  -747.9 -70.9 -199.2
20211115221512  -747.8 -70.9 -199.2
20211115221513  -748.0 -71.2 -199.3
20211115221514  -748.1 -71.4 -199.1
20211115221515  -748.4 -71.4 -199.2
20211115221516  -748.0 -71.6 -198.8
20211115221517  -748.0 -71.8 -198.8
20211115221518  -748.2 -71.7 -198.3
20211115221519  -748.1 -71.7 -198.5
20211115221520  -748.3 -71.7 -198.4
20211115221521  -748.0 -72.2 -198.3
20211115221522  -748.0 -72.4 -198.3
20211115221523  -748.3 -72.5 -198.2
20211115221524  -748.2 -72.6 -198.2
20211115221525  -748.2 -72.8 -197.8
20211115221526  -747.9 -73.1 -197.5
20211115221527  -748.1 -72.8 -197.6
20211115221528  -748.1 -73.0 -197.4
20211115221529  -748.0 -73.0 -197.3
20211115221530  -747.8 -73.2 -197.3
20211115221531  -747.1 -73.6 -197.0
20211115221532  -746.5 -73.2 -196.5
20211115221533  -746.5 -73.2 -196.2
20211115221534  -746.0 -73.6 -196.0
20211115221535  -747.0 -73.8 -196.6
20211115221536  -747.0 -73.7 -196.4
20211115221537  -747.1 -73.8 -196.0
20211115221538  -746.8 -74.1 -196.0
20211115221539  -746.6 -73.9 -195.9
20211115221540  -746.7 -74.0 -195.9
20211115221541  -746.8 -74.0 -196.1
20211115221542  -746.9 -73.8 -195.7
20211115221543  -746.9 -74.1 -195.4
20211115221544  -746.6 -74.3 -195.2
20211115221545  -746.7 -74.5 -195.3
20211115221546  -746.5 -74.6 -195.3
20211115221547  -746.3 -74.5 -195.3
20211115221548  -746.1 -74.3 -195.1
20211115221549  -746.0 -74.5 -195.1
20211115221550  -746.0 -74.4 -195.0
20211115221551  -745.9 -74.5 -194.8
20211115221552  -745.8 -74.9 -194.7
20211115221553  -746.1 -75.2 -194.9
20211115221554  -745.9 -75.3 -194.8
20211115221555  -746.0 -75.4 -194.6
20211115221556  -745.7 -75.3 -194.3
20211115221557  -745.3 -75.3 -194.0
20211115221558  -745.5 -75.5 -193.8
20211115221559  -745.0 -75.5 -193.6
20211115221600  -745.4 -75.3 -193.8
20211115221601  -744.7 -75.6 -193.6
20211115221602  -744.5 -75.7 -193.0
20211115221603  -744.4 -75.7 -192.5
20211115221604  -744.1 -75.6 -192.4
20211115221605  -744.2 -75.9 -192.2
20211115221606  -744.8 -75.8 -193.3
20211115221607  -744.9 -75.9 -193.0
20211115221608  -744.8 -75.7 -192.8
20211115221609  -744.5 -76.0 -192.5
20211115221610  -744.7 -76.2 -192.6
20211115221611  -744.7 -76.1 -192.7
20211115221612  -744.4 -76.5 -192.5
20211115221613  -744.4 -76.6 -192.6
20211115221614  -744.6 -76.9 -192.4
20211115221615  -744.4 -77.0 -192.5
