20211115220034  -785.8 -59.8 -204.5
20211115220035  -785.7 -59.9 -204.8
20211115220036  -785.6 -59.9 -204.8
20211115220037  -785.1 -60.0 -205.0
20211115220038  -785.2 -59.7 -204.9
20211115220039  -785.1 -59.5 -204.5
20211115220040  -784.7 -59.5 -204.5
20211115220041  -784.4 -59.5 -204.6
20211115220042  -784.4 -59.7 -204.7
20211115220043  -784.2 -59.7 -204.5
20211115220044  -783.9 -59.3 -204.5
20211115220045  -783.6 -59.4 -204.7
20211115220046  -783.4 -59.3 -204.8
20211115220047  -783.2 -59.2 -204.9
20211115220048  -783.1 -59.4 -204.7
20211115220049  -782.7 -59.6 -204.6
20211115220050  -782.6 -59.3 -204.6
20211115220051  -782.3 -59.4 -204.5
20211115220052  -782.0 -59.2 -204.6
20211115220053  -781.8 -59.1 -204.4
20211115220054  -781.6 -59.4 -204.5
20211115220055  -781.3 -59.3 -204.4
20211115220056  -780.9 -59.2 -204.3
20211115220057  -780.8 -58.8 -204.3
20211115220058  -780.4 -58.4 -204.2
20211115220059  -779.9 -58.2 -203.9
20211115220100  -779.9 -58.3 -204.1
20211115220101  -779.8 -58.3 -204.4
20211115220102  -779.0 -58.4 -204.7
20211115220103  -778.4 -58.1 -203.9
20211115220104  -778.1 -58.0 -204.0
20211115220105  -778.2 -57.9 -204.6
20211115220106  -778.2 -58.1 -204.2
20211115220107  -777.6 -57.9 -204.6
20211115220108  -777.7 -57.7 -204.3
20211115220109  -777.6 -57.6 -204.4
20211115220110  -776.9 -57.9 -204.5
20211115220111  -776.9 -57.8 -204.3
20211115220112  -776.5 -57.6 -204.5
20211115220113  -775.8 -57.3 -204.7
20211115220114  -775.7 -57.2 -204.5
20211115220115  -775.6 -57.5 -204.5
20211115220116  -775.3 -57.3 -204.2
20211115220117  -774.8 -57.4 -204.2
20211115220118  -774.3 -57.4 -204.5
20211115220119  -773.7 -57.4 -204.5
20211115220120  -773.6 -57.3 -204.2
20211115220121  -773.3 -57.4 -204.1
20211115220122  -772.9 -57.0 -204.5
20211115220123  -772.8 -57.2 -204.7
20211115220124  -772.7 -57.0 -204.5
20211115220125  -772.2 -57.1 -204.5
20211115220126  -771.8 -56.9 -204.7
20211115220127  -771.4 -56.9 -204.4
20211115220128  -771.3 -56.7 -204.3
20211115220129  -770.7 -56.7 -204.6
20211115220130  -770.5 -56.8 -204.7
20211115220131  -769.9 -56.7 -204.6
20211115220132  -769.0 -56.8 -204.7
20211115220133  -768.1 -56.3 -204.2
20211115220134  -767.5 -56.2 -203.9
20211115220135  -767.3 -56.2 -204.0
20211115220136  -767.6 -56.0 -204.7
20211115220137  -767.3 -56.3 -204.7
20211115220138  -766.7 -56.3 -204.7
20211115220139  -766.4 -56.2 -204.7
20211115220140  -765.7 -56.2 -204.5
20211115220141  -765.2 -56.1 -204.6
20211115220142  -764.7 -56.4 -204.9
20211115220143  -764.3 -56.2 -205.0
20211115220144  -763.8 -56.3 -204.8
20211115220145  -763.2 -56.3 -204.6
20211115220146  -762.9 -56.2 -204.8
20211115220147  -762.3 -56.3 -204.8
20211115220148  -762.0 -56.1 -204.8
20211115220149  -761.6 -56.3 -205.0
20211115220150  -761.0 -56.2 -204.8
20211115220151  -760.5 -56.1 -204.7
20211115220152  -760.2 -56.0 -205.1
20211115220153  -759.8 -56.4 -205.5
20211115220154  -759.0 -56.4 -205.2
20211115220155  -758.8 -56.5 -205.4
20211115220156  -758.2 -56.3 -205.4
20211115220157  -757.9 -56.3 -205.4
20211115220158  -757.2 -56.6 -205.5
20211115220159  -756.8 -56.6 -205.6
20211115220200  -756.4 -56.7 -205.8
20211115220201  -756.1 -56.9 -205.5
20211115220202  -755.9 -56.8 -205.5
20211115220203  -754.9 -56.8 -205.2
20211115220204  -754.1 -56.9 -205.1
20211115220205  -753.8 -56.4 -205.3
20211115220206  -753.9 -57.1 -205.8
20211115220207  -753.5 -56.9 -206.1
20211115220208  -753.3 -57.0 -205.8
20211115220209  -753.0 -57.0 -205.8
20211115220210  -752.5 -56.9 -205.9
20211115220211  -752.5 -56.6 -206.0
20211115220212  -751.8 -57.0 -206.2
20211115220213  -752.0 -57.0 -205.9
20211115220214  -751.7 -57.2 -206.3
20211115220215  -751.4 -56.9 -206.1
20211115220216  -751.2 -56.9 -206.3
20211115220217  -751.1 -56.8 -206.8
20211115220218  -751.0 -56.8 -206.5
20211115220219  -750.8 -56.9 -206.6
20211115220220  -750.7 -57.1 -206.4
20211115220221  -750.5 -57.0 -206.4
20211115220222  -750.3 -56.8 -206.7
20211115220223  -750.6 -56.8 -206.8
20211115220224  -750.4 -56.6 -206.8
20211115220225  -750.4 -56.5 -207.0
20211115220226  -750.3 -56.7 -207.4
20211115220227  -750.5 -56.6 -207.4
20211115220228  -750.5 -56.4 -207.3
20211115220229  -750.9 -56.5 -207.6
20211115220230  -750.9 -56.4 -207.6
20211115220231  -751.1 -56.1 -207.6
20211115220232  -751.1 -56.0 -207.6
20211115220233  -751.2 -56.1 -207.5
20211115220234  -750.6 -55.7 -207.2
20211115220235  -750.4 -55.7 -206.9
20211115220236  -751.7 -55.5 -207.6
20211115220237  -751.6 -55.4 -207.5
20211115220238  -751.7 -55.0 -207.4
20211115220239  -751.8 -54.7 -207.4
20211115220240  -752.0 -54.8 -207.5
20211115220241  -752.2 -54.8 -207.8
20211115220242  -752.3 -54.7 -207.8
20211115220243  -752.4 -54.6 -207.9
20211115220244  -752.6 -54.4 -207.9
20211115220245  -752.8 -54.5 -207.5
20211115220246  -752.8 -54.3 -207.4
20211115220247  -752.7 -54.1 -207.7
20211115220248  -752.9 -54.0 -207.5
20211115220249  -752.9 -53.9 -207.7
20211115220250  -752.8 -54.3 -207.6
20211115220251  -753.0 -54.0 -207.6
20211115220252  -753.2 -53.7 -207.3
20211115220253  -753.4 -53.7 -207.6
20211115220254  -753.3 -53.7 -207.3
20211115220255  -753.4 -53.8 -207.4
20211115220256  -753.5 -53.9 -207.5
20211115220257  -753.6 -54.1 -207.7
20211115220258  -753.6 -53.8 -207.3
20211115220259  -753.5 -53.8 -207.7
20211115220300  -753.3 -53.7 -207.4
20211115220301  -753.0 -53.5 -207.6
20211115220302  -753.0 -53.7 -207.7
20211115220303  -753.0 -53.6 -207.6
20211115220304  -752.2 -53.6 -207.3
20211115220305  -752.2 -53.2 -207.0
20211115220306  -752.8 -53.4 -207.7
20211115220307  -752.7 -53.2 -207.8
20211115220308  -752.9 -53.3 -207.9
20211115220309  -752.8 -53.5 -207.9
20211115220310  -752.5 -53.2 -207.9
20211115220311  -752.3 -53.3 -207.6
20211115220312  -752.2 -53.1 -207.8
20211115220313  -751.9 -53.1 -207.9
20211115220314  -751.9 -53.4 -208.1
20211115220315  -752.0 -53.4 -208.5
20211115220316  -751.8 -53.6 -208.2
20211115220317  -751.7 -53.7 -208.2
20211115220318  -752.1 -53.6 -208.1
20211115220319  -751.8 -53.7 -208.1
20211115220320  -751.5 -53.6 -208.2
20211115220321  -751.8 -53.5 -208.5
20211115220322  -751.5 -53.5 -208.4
20211115220323  -751.4 -53.5 -208.4
20211115220324  -751.4 -53.8 -208.4
20211115220325  -751.6 -53.6 -208.5
20211115220326  -751.4 -53.6 -208.4
20211115220327  -751.2 -53.4 -208.5
20211115220328  -751.3 -53.3 -208.5
20211115220329  -751.3 -53.3 -208.6
20211115220330  -751.2 -53.1 -208.6
20211115220331  -751.0 -53.1 -208.4
20211115220332  -750.8 -53.0 -208.6
20211115220333  -750.7 -53.2 -208.7
20211115220334  -750.2 -53.2 -208.6
20211115220335  -749.7 -52.8 -208.0
20211115220336  -750.4 -52.8 -208.1
20211115220337  -750.6 -52.8 -208.6
20211115220338  -750.5 -52.5 -208.3
20211115220339  -750.3 -52.6 -208.4
20211115220340  -750.2 -52.5 -208.6
20211115220341  -749.8 -52.5 -208.6
20211115220342  -749.5 -52.5 -208.3
20211115220343  -749.5 -52.6 -208.5
20211115220344  -748.9 -52.4 -208.8
20211115220345  -748.9 -52.4 -208.7
20211115220346  -748.6 -52.2 -208.5
20211115220347  -748.8 -51.9 -208.5
20211115220348  -748.5 -52.0 -208.5
20211115220349  -748.5 -51.8 -208.8
20211115220350  -748.6 -51.4 -208.8
20211115220351  -748.4 -51.4 -209.1
20211115220352  -748.1 -51.4 -209.0
20211115220353  -748.2 -51.3 -209.0
20211115220354  -748.0 -51.5 -209.0
20211115220355  -747.9 -51.2 -208.8
20211115220356  -747.7 -51.0 -208.9
20211115220357  -747.5 -51.2 -208.9
20211115220358  -747.3 -50.9 -208.8
20211115220359  -747.4 -51.0 -208.7
20211115220400  -747.3 -50.6 -208.5
20211115220401  -747.1 -50.7 -208.6
20211115220402  -747.1 -50.6 -208.8
20211115220403  -747.2 -50.5 -208.7
20211115220404  -746.8 -50.6 -209.1
20211115220405  -746.0 -50.6 -208.4
20211115220406  -746.0 -50.2 -208.4
20211115220407  -746.2 -49.9 -208.9
20211115220408  -746.5 -50.0 -209.0
20211115220409  -746.3 -49.9 -209.0
20211115220410  -746.3 -50.0 -208.9
20211115220411  -746.0 -50.1 -209.1
20211115220412  -745.9 -49.6 -209.2
20211115220413  -745.8 -49.4 -209.6
20211115220414  -745.7 -49.4 -209.3
20211115220415  -745.8 -49.1 -209.1
20211115220416  -745.9 -49.2 -209.6
20211115220417  -745.7 -49.3 -209.7
20211115220418  -745.6 -49.2 -209.5
20211115220419  -745.5 -49.0 -209.6
20211115220420  -745.4 -48.9 -209.7
20211115220421  -745.5 -48.8 -209.7
20211115220422  -745.3 -48.4 -209.7
20211115220423  -745.4 -48.1 -209.8
20211115220424  -745.5 -48.0 -209.6
20211115220425  -745.6 -47.8 -209.6
20211115220426  -745.8 -47.5 -209.7
20211115220427  -746.0 -47.2 -209.8
20211115220428  -746.1 -46.9 -210.1
20211115220429  -746.1 -47.0 -209.8
20211115220430  -746.2 -46.7 -209.9
20211115220431  -746.7 -46.6 -209.9
20211115220432  -746.6 -46.5 -210.1
20211115220433  -747.0 -45.8 -210.2
20211115220434  -747.0 -46.0 -210.0
20211115220435  -747.0 -45.7 -209.7
20211115220436  -746.5 -45.2 -209.6
20211115220437  -747.0 -45.3 -209.9
20211115220438  -747.2 -44.7 -210.1
20211115220439  -747.1 -44.4 -210.2
20211115220440  -747.3 -44.2 -210.0
20211115220441  -746.9 -44.0 -209.8
20211115220442  -747.1 -43.7 -209.7
20211115220443  -747.1 -43.2 -210.0
20211115220444  -747.3 -42.9 -209.9
20211115220445  -747.2 -42.6 -209.7
20211115220446  -747.5 -42.2 -209.8
20211115220447  -747.6 -41.8 -209.7
20211115220448  -747.6 -41.5 -210.0
20211115220449  -747.6 -41.5 -210.1
20211115220450  -747.8 -41.0 -210.0
20211115220451  -747.9 -40.8 -210.2
20211115220452  -747.6 -40.6 -210.5
20211115220453  -747.7 -40.5 -210.6
20211115220454  -747.6 -40.1 -210.2
20211115220455  -747.6 -39.7 -210.7
20211115220456  -747.8 -39.6 -210.6
20211115220457  -747.6 -39.6 -210.7
20211115220458  -747.7 -39.3 -210.6
20211115220459  -747.7 -39.0 -211.0
20211115220500  -748.0 -39.2 -211.0
20211115220501  -748.0 -38.9 -210.7
20211115220502  -747.8 -38.6 -210.8
20211115220503  -747.7 -38.5 -211.0
20211115220504  -747.2 -38.5 -210.9
20211115220505  -747.0 -38.5 -210.8
20211115220506  -746.5 -38.2 -210.7
20211115220507  -746.8 -37.9 -210.8
20211115220508  -746.9 -37.9 -210.9
20211115220509  -746.9 -37.8 -211.1
20211115220510  -746.9 -37.7 -211.0
20211115220511  -746.5 -37.6 -210.8
20211115220512  -746.4 -37.7 -211.0
20211115220513  -746.2 -37.5 -211.0
20211115220514  -746.2 -37.4 -211.1
20211115220515  -746.1 -37.3 -210.8
20211115220516  -745.8 -37.0 -210.8
20211115220517  -745.6 -37.1 -210.8
20211115220518  -745.5 -37.2 -210.9
20211115220519  -745.3 -36.8 -210.9
20211115220520  -745.3 -36.8 -210.9
20211115220521  -745.1 -36.8 -211.2
20211115220522  -745.1 -36.7 -211.1
20211115220523  -744.8 -37.1 -211.4
20211115220524  -744.8 -37.3 -211.6
20211115220525  -744.9 -37.3 -211.4
20211115220526  -745.0 -37.5 -211.7
20211115220527  -745.1 -37.7 -211.3
20211115220528  -745.1 -37.5 -211.5
20211115220529  -744.7 -37.8 -211.7
20211115220530  -744.9 -38.3 -211.7
20211115220531  -745.0 -38.6 -211.7
20211115220532  -745.0 -38.9 -211.6
20211115220533  -745.3 -39.2 -211.4
20211115220534  -745.2 -39.1 -211.4
20211115220535  -744.6 -39.1 -211.4
20211115220536  -744.0 -39.2 -211.1
20211115220537  -744.0 -39.3 -210.7
20211115220538  -744.6 -39.1 -210.9
20211115220539  -744.6 -39.3 -211.3
20211115220540  -744.3 -39.6 -211.2
20211115220541  -744.0 -39.6 -211.4
20211115220542  -744.5 -39.3 -211.5
20211115220543  -744.5 -39.5 -211.6
20211115220544  -744.6 -39.8 -211.8
20211115220545  -744.3 -39.8 -211.7
20211115220546  -744.1 -40.0 -211.9
20211115220547  -744.1 -40.2 -211.9
20211115220548  -744.1 -40.2 -211.8
20211115220549  -743.8 -40.6 -211.7
20211115220550  -743.8 -40.6 -211.7
20211115220551  -743.8 -40.7 -211.3
20211115220552  -743.7 -40.6 -211.6
20211115220553  -744.0 -41.1 -211.6
20211115220554  -743.7 -41.2 -212.0
20211115220555  -743.9 -41.0 -212.1
20211115220556  -744.0 -41.5 -212.1
20211115220557  -744.0 -42.0 -212.4
20211115220558  -744.1 -42.0 -212.4
20211115220559  -744.1 -42.0 -211.9
20211115220600  -743.8 -41.8 -212.0
20211115220601  -744.1 -42.2 -211.9
20211115220602  -743.8 -42.4 -212.0
20211115220603  -743.7 -42.5 -212.0
20211115220604  -743.6 -42.5 -211.8
20211115220605  -743.3 -42.3 -211.8
20211115220606  -743.1 -42.8 -211.9
20211115220607  -742.7 -42.4 -210.9
20211115220608  -742.9 -42.7 -210.8
20211115220609  -743.1 -42.7 -211.2
20211115220610  -743.2 -42.8 -211.3
20211115220611  -743.5 -42.9 -211.3
20211115220612  -743.5 -43.0 -211.2
20211115220613  -743.5 -42.9 -211.4
20211115220614  -743.3 -42.9 -211.1
20211115220615  -743.0 -43.4 -211.2
20211115220616  -743.0 -43.0 -211.2
20211115220617  -743.0 -43.3 -211.3
20211115220618  -742.9 -43.6 -211.3
20211115220619  -742.8 -43.6 -211.3
20211115220620  -742.8 -43.5 -211.3
20211115220621  -742.4 -43.3 -211.1
20211115220622  -742.1 -43.5 -210.9
20211115220623  -742.1 -43.3 -210.9
20211115220624  -741.8 -43.4 -210.8
20211115220625  -741.7 -43.7 -210.9
20211115220626  -741.4 -43.5 -211.0
20211115220627  -741.0 -43.8 -210.9
20211115220628  -740.6 -43.9 -210.9
20211115220629  -740.7 -44.0 -210.7
20211115220630  -740.3 -44.1 -210.9
20211115220631  -740.3 -44.3 -210.5
20211115220632  -739.7 -44.2 -210.4
20211115220633  -739.2 -44.4 -210.4
20211115220634  -739.0 -44.2 -210.5
20211115220635  -738.6 -44.2 -210.6
20211115220636  -738.1 -44.4 -210.7
20211115220637  -737.1 -44.1 -210.1
20211115220638  -736.9 -44.2 -210.0
20211115220639  -737.2 -44.1 -210.4
20211115220640  -737.1 -44.1 -210.7
20211115220641  -737.0 -44.1 -210.9
20211115220642  -736.8 -44.1 -210.8
20211115220643  -736.5 -44.4 -211.0
20211115220644  -736.3 -44.3 -211.2
20211115220645  -736.2 -44.3 -211.2
20211115220646  -735.8 -44.7 -211.4
20211115220647  -735.7 -44.9 -211.4
20211115220648  -735.8 -44.9 -211.7
20211115220649  -735.6 -44.8 -211.6
20211115220650  -735.5 -44.8 -211.7
20211115220651  -735.2 -45.0 -211.7
20211115220652  -735.0 -45.1 -211.8
20211115220653  -734.7 -45.1 -211.5
20211115220654  -734.4 -45.5 -211.6
20211115220655  -734.3 -45.7 -211.5
20211115220656  -733.8 -45.6 -211.7
20211115220657  -733.5 -45.6 -211.1
20211115220658  -733.0 -45.7 -211.3
20211115220659  -732.8 -45.7 -211.6
20211115220700  -732.4 -45.7 -211.4
20211115220701  -732.0 -45.8 -211.8
20211115220702  -732.2 -45.8 -211.9
20211115220703  -731.6 -45.9 -212.1
20211115220704  -731.4 -45.9 -212.2
20211115220705  -731.0 -45.7 -212.4
20211115220706  -731.0 -45.5 -212.1
20211115220707  -730.1 -45.9 -211.8
20211115220708  -729.5 -45.3 -211.3
20211115220709  -729.3 -45.3 -211.3
20211115220710  -729.5 -45.7 -212.1
20211115220711  -729.5 -45.7 -212.6
20211115220712  -729.3 -46.1 -212.7
20211115220713  -729.3 -46.1 -212.6
20211115220714  -728.6 -46.1 -212.5
20211115220715  -728.4 -46.4 -212.8
20211115220716  -728.1 -46.8 -212.7
20211115220717  -727.7 -47.0 -212.7
20211115220718  -727.5 -46.7 -212.7
20211115220719  -727.4 -46.6 -213.2
20211115220720  -727.1 -46.9 -213.2
20211115220721  -727.1 -47.1 -213.2
20211115220722  -727.1 -47.2 -213.3
20211115220723  -727.1 -47.3 -213.7
20211115220724  -727.3 -47.9 -214.1
20211115220725  -727.1 -47.5 -214.0
20211115220726  -727.1 -47.7 -213.9
20211115220727  -727.1 -47.6 -213.8
20211115220728  -727.1 -47.9 -213.8
20211115220729  -726.7 -48.3 -213.6
20211115220730  -726.5 -48.1 -213.6
20211115220731  -726.3 -48.2 -214.1
20211115220732  -726.4 -48.2 -214.4
20211115220733  -726.5 -48.3 -214.5
20211115220734  -726.3 -48.4 -214.5
20211115220735  -726.3 -48.5 -215.0
20211115220736  -726.2 -48.6 -215.1
20211115220737  -726.2 -49.0 -215.4
20211115220738  -725.3 -49.3 -214.5
20211115220739  -725.4 -49.0 -214.1
20211115220740  -726.0 -49.3 -214.8
20211115220741  -726.0 -49.7 -215.3
20211115220742  -726.0 -49.7 -215.2
20211115220743  -725.9 -49.9 -215.2
20211115220744  -725.7 -50.0 -215.1
20211115220745  -726.0 -50.0 -215.1
20211115220746  -725.7 -50.3 -215.2
20211115220747  -725.4 -50.4 -215.2
20211115220748  -725.8 -50.7 -215.3
20211115220749  -726.0 -50.5 -215.3
20211115220750  -725.6 -50.6 -215.3
20211115220751  -725.8 -50.8 -215.5
20211115220752  -725.9 -51.4 -215.5
20211115220753  -726.0 -51.3 -215.7
20211115220754  -726.2 -51.4 -215.7
20211115220755  -726.2 -51.8 -216.1
20211115220756  -726.2 -52.0 -215.9
20211115220757  -726.1 -52.0 -216.1
20211115220758  -726.4 -51.8 -215.8
20211115220759  -726.5 -52.0 -215.7
20211115220800  -726.6 -52.3 -215.6
20211115220801  -726.8 -52.2 -215.7
20211115220802  -726.8 -52.6 -215.7
20211115220803  -727.1 -52.6 -215.6
20211115220804  -727.4 -52.8 -215.5
20211115220805  -727.0 -53.0 -215.5
20211115220806  -727.0 -53.3 -215.7
20211115220807  -727.4 -53.4 -215.9
20211115220808  -727.1 -53.5 -215.8
20211115220809  -727.2 -53.4 -215.2
20211115220810  -728.0 -53.5 -215.9
20211115220811  -728.4 -53.9 -215.9
20211115220812  -728.6 -53.7 -215.5
20211115220813  -728.3 -53.7 -215.8
20211115220814  -728.7 -53.9 -215.8
20211115220815  -728.8 -53.9 -216.0
