20211130000530  -672.7 -75.9 -194.0
20211130000531  -672.7 -75.7 -194.0
20211130000532  -672.9 -75.7 -194.1
20211130000533  -673.0 -76.0 -194.4
20211130000534  -672.9 -75.8 -194.4
20211130000535  -672.8 -75.7 -194.2
20211130000536  -672.9 -75.8 -194.1
20211130000537  -673.0 -75.7 -194.2
20211130000538  -672.3 -76.2 -193.9
20211130000539  -672.2 -76.0 -193.6
20211130000540  -671.9 -75.7 -193.4
20211130000541  -671.7 -75.6 -193.1
20211130000542  -671.6 -75.3 -192.8
20211130000543  -671.5 -75.1 -193.0
20211130000544  -672.3 -75.4 -193.4
20211130000545  -672.6 -75.5 -194.0
20211130000546  -672.4 -75.5 -194.3
20211130000547  -672.9 -75.5 -194.0
20211130000548  -673.0 -75.7 -193.8
20211130000549  -672.8 -75.7 -193.7
20211130000550  -672.8 -75.9 -193.9
20211130000551  -672.6 -75.8 -193.9
20211130000552  -672.6 -76.1 -194.2
20211130000553  -672.6 -76.1 -194.1
20211130000554  -672.6 -76.1 -194.1
20211130000555  -672.9 -76.1 -194.2
20211130000556  -672.9 -76.2 -194.0
20211130000557  -673.0 -76.2 -194.3
20211130000558  -673.0 -76.1 -193.9
20211130000559  -673.2 -76.1 -194.0
20211130000600  -673.3 -76.2 -194.2
20211130000601  -673.1 -76.2 -194.0
20211130000602  -673.0 -76.5 -194.1
20211130000603  -672.9 -76.3 -194.1
20211130000604  -673.1 -76.4 -194.2
20211130000605  -672.4 -76.2 -193.7
20211130000606  -672.2 -76.2 -193.6
20211130000607  -672.0 -76.3 -193.4
20211130000608  -672.0 -76.1 -193.2
20211130000609  -671.8 -75.9 -193.2
20211130000610  -671.6 -76.0 -192.9
20211130000611  -672.4 -76.1 -193.6
20211130000612  -672.6 -76.2 -194.2
20211130000613  -672.4 -76.3 -194.0
20211130000614  -672.7 -76.2 -194.0
20211130000615  -672.7 -76.5 -194.0
20211130000616  -672.7 -76.5 -193.8
20211130000617  -672.9 -76.5 -193.9
20211130000618  -673.0 -76.7 -193.8
20211130000619  -673.0 -76.7 -194.0
20211130000620  -673.0 -76.4 -193.9
20211130000621  -672.7 -76.4 -194.2
20211130000622  -672.7 -76.4 -194.3
20211130000623  -672.7 -76.5 -194.4
20211130000624  -673.0 -76.4 -194.2
20211130000625  -673.4 -76.3 -194.4
20211130000626  -673.4 -76.3 -194.3
20211130000627  -673.4 -76.4 -194.4
20211130000628  -673.3 -76.3 -194.3
20211130000629  -673.2 -76.4 -194.3
20211130000630  -673.3 -76.4 -194.2
20211130000631  -673.2 -76.3 -194.2
20211130000632  -672.6 -76.2 -193.6
20211130000633  -672.5 -76.1 -193.4
20211130000634  -672.0 -76.0 -193.3
20211130000635  -671.7 -76.1 -193.2
20211130000636  -671.6 -76.3 -193.3
20211130000637  -671.6 -75.9 -193.0
20211130000638  -672.6 -76.1 -193.8
20211130000639  -672.7 -76.2 -193.7
20211130000640  -672.9 -76.3 -194.1
20211130000641  -672.9 -76.1 -194.2
20211130000642  -672.6 -76.3 -194.0
20211130000643  -672.9 -76.6 -194.1
20211130000644  -672.9 -76.3 -194.0
20211130000645  -673.2 -76.5 -194.0
20211130000646  -673.1 -76.4 -194.1
20211130000647  -672.8 -76.6 -194.1
20211130000648  -672.9 -76.8 -194.3
20211130000649  -672.9 -76.5 -194.4
20211130000650  -673.1 -76.4 -194.4
20211130000651  -672.8 -76.7 -194.6
20211130000652  -672.9 -76.8 -194.0
20211130000653  -672.9 -76.8 -194.1
20211130000654  -673.0 -76.8 -194.1
20211130000655  -672.8 -76.7 -194.0
20211130000656  -672.4 -76.8 -194.3
20211130000657  -672.5 -76.8 -194.2
20211130000658  -672.2 -76.7 -193.8
20211130000659  -672.0 -76.3 -193.8
20211130000700  -671.8 -76.3 -193.5
20211130000701  -671.8 -76.4 -193.3
20211130000702  -671.5 -76.1 -193.4
20211130000703  -671.3 -75.8 -192.9
20211130000704  -671.7 -76.1 -193.4
20211130000705  -672.8 -76.1 -193.9
20211130000706  -672.7 -76.3 -194.2
20211130000707  -672.3 -76.3 -194.1
20211130000708  -672.4 -76.5 -193.9
20211130000709  -672.5 -76.2 -194.0
20211130000710  -672.8 -76.2 -194.3
20211130000711  -672.9 -76.3 -194.1
20211130000712  -672.7 -76.4 -193.9
20211130000713  -673.0 -76.4 -194.1
20211130000714  -672.6 -76.4 -194.3
20211130000715  -672.8 -76.4 -194.0
20211130000716  -672.8 -76.4 -194.2
20211130000717  -672.7 -76.2 -194.0
20211130000718  -672.8 -76.4 -194.0
20211130000719  -672.7 -76.4 -194.0
20211130000720  -672.6 -76.8 -194.1
20211130000721  -672.5 -76.3 -193.8
20211130000722  -672.6 -76.4 -194.2
20211130000723  -672.1 -76.6 -194.1
20211130000724  -671.5 -76.5 -193.6
20211130000725  -671.3 -76.2 -193.1
20211130000726  -671.4 -76.2 -193.1
20211130000727  -671.2 -76.0 -192.8
20211130000728  -671.1 -76.0 -192.9
20211130000729  -670.9 -76.1 -192.7
20211130000730  -670.6 -76.0 -192.8
20211130000731  -671.2 -75.8 -192.8
20211130000732  -671.4 -76.1 -193.2
20211130000733  -671.7 -76.2 -193.2
20211130000734  -671.9 -76.4 -193.2
20211130000735  -672.0 -76.4 -193.4
20211130000736  -671.8 -76.5 -193.4
20211130000737  -672.0 -76.4 -193.5
20211130000738  -672.2 -76.5 -193.7
20211130000739  -672.2 -76.4 -193.5
20211130000740  -672.1 -76.3 -193.6
20211130000741  -672.3 -76.4 -193.4
20211130000742  -672.3 -76.4 -193.7
20211130000743  -672.2 -76.0 -193.7
20211130000744  -672.4 -76.1 -193.7
20211130000745  -672.2 -76.2 -193.9
20211130000746  -672.2 -76.3 -193.6
20211130000747  -672.3 -76.4 -194.0
20211130000748  -672.5 -76.2 -193.8
20211130000749  -672.2 -76.6 -193.9
20211130000750  -672.3 -76.5 -193.7
20211130000751  -672.0 -76.0 -193.0
20211130000752  -671.5 -75.7 -192.6
20211130000753  -671.3 -75.9 -192.6
20211130000754  -670.9 -76.0 -192.7
20211130000755  -670.8 -75.7 -192.4
20211130000756  -670.7 -75.7 -192.3
20211130000757  -670.2 -75.5 -192.0
20211130000758  -670.9 -75.7 -192.6
20211130000759  -671.4 -75.8 -192.9
20211130000800  -671.4 -75.8 -193.0
20211130000801  -671.4 -75.9 -192.9
20211130000802  -671.7 -76.0 -192.9
20211130000803  -671.6 -76.3 -193.1
20211130000804  -671.7 -76.2 -193.1
20211130000805  -671.7 -76.4 -193.2
20211130000806  -671.6 -76.5 -193.2
20211130000807  -671.6 -76.1 -193.2
20211130000808  -671.8 -76.3 -193.3
20211130000809  -671.9 -76.4 -193.3
20211130000810  -672.0 -76.4 -193.3
20211130000811  -672.0 -76.3 -193.0
20211130000812  -671.8 -76.2 -193.2
20211130000813  -671.9 -76.1 -193.1
20211130000814  -671.9 -76.0 -193.1
20211130000815  -671.8 -75.9 -193.1
20211130000816  -671.9 -76.0 -193.0
20211130000817  -671.8 -76.4 -193.2
20211130000818  -671.4 -75.9 -193.0
20211130000819  -671.3 -75.9 -192.5
20211130000820  -671.0 -75.8 -192.4
20211130000821  -670.9 -75.6 -192.1
20211130000822  -670.6 -75.8 -192.2
20211130000823  -670.3 -75.5 -191.8
20211130000824  -670.2 -75.7 -191.4
20211130000825  -671.1 -75.9 -192.2
20211130000826  -671.1 -76.0 -192.7
20211130000827  -671.5 -75.7 -192.6
20211130000828  -671.8 -76.1 -192.6
20211130000829  -671.9 -76.0 -192.6
20211130000830  -671.9 -76.0 -192.4
20211130000831  -672.0 -75.9 -192.6
20211130000832  -671.8 -76.0 -192.5
20211130000833  -672.0 -76.4 -192.7
20211130000834  -671.8 -76.0 -193.0
20211130000835  -672.0 -75.9 -193.0
20211130000836  -672.0 -75.8 -192.9
20211130000837  -672.0 -75.8 -193.2
20211130000838  -672.3 -75.8 -193.1
20211130000839  -672.1 -75.9 -193.1
20211130000840  -672.3 -76.0 -193.0
20211130000841  -672.3 -76.2 -193.1
20211130000842  -672.5 -76.1 -192.9
20211130000843  -672.0 -76.2 -193.4
20211130000844  -671.4 -76.2 -192.8
20211130000845  -671.2 -76.1 -192.3
20211130000846  -671.0 -75.6 -191.9
20211130000847  -671.1 -76.0 -192.0
20211130000848  -670.7 -75.7 -191.7
20211130000849  -670.4 -75.9 -191.4
20211130000850  -670.2 -75.7 -191.7
20211130000851  -670.3 -75.6 -191.4
20211130000852  -671.5 -76.2 -192.3
20211130000853  -671.4 -76.2 -192.2
20211130000854  -671.7 -75.9 -192.3
20211130000855  -671.6 -75.6 -192.3
20211130000856  -671.3 -75.8 -192.4
20211130000857  -671.4 -75.7 -192.5
20211130000858  -671.5 -75.9 -192.6
20211130000859  -671.5 -76.1 -192.4
20211130000900  -671.7 -76.0 -192.3
20211130000901  -671.7 -76.0 -192.5
20211130000902  -671.3 -76.1 -192.7
20211130000903  -671.6 -76.1 -192.4
20211130000904  -671.8 -76.2 -192.2
20211130000905  -671.8 -76.0 -192.5
20211130000906  -671.5 -75.8 -192.6
20211130000907  -671.5 -75.8 -192.3
20211130000908  -671.5 -75.8 -192.6
20211130000909  -671.5 -75.9 -192.5
20211130000910  -671.6 -76.2 -192.3
20211130000911  -670.6 -76.0 -191.8
20211130000912  -670.5 -75.9 -191.6
20211130000913  -670.5 -75.8 -191.3
20211130000914  -670.3 -75.6 -191.2
20211130000915  -670.2 -75.5 -191.2
20211130000916  -670.1 -75.2 -191.0
20211130000917  -669.9 -75.0 -190.9
20211130000918  -670.0 -75.1 -190.5
20211130000919  -670.9 -75.3 -191.1
20211130000920  -671.1 -75.7 -191.2
20211130000921  -671.2 -75.3 -191.5
20211130000922  -671.2 -75.3 -191.9
20211130000923  -671.1 -75.2 -191.8
20211130000924  -671.1 -75.6 -191.9
20211130000925  -671.5 -75.4 -191.7
20211130000926  -671.6 -75.9 -191.6
20211130000927  -671.5 -75.9 -191.8
20211130000928  -671.6 -75.9 -191.9
20211130000929  -671.4 -75.7 -191.7
20211130000930  -671.3 -75.9 -191.7
20211130000931  -671.4 -75.8 -191.5
20211130000932  -671.5 -75.9 -191.7
20211130000933  -671.4 -75.6 -192.0
20211130000934  -671.4 -75.9 -191.9
20211130000935  -671.4 -76.1 -191.8
20211130000936  -671.6 -76.3 -191.9
20211130000937  -671.2 -76.0 -192.2
20211130000938  -670.5 -75.8 -191.6
20211130000939  -670.2 -75.9 -191.3
20211130000940  -670.1 -75.7 -191.4
20211130000941  -670.1 -75.9 -191.1
20211130000942  -669.5 -75.5 -190.7
20211130000943  -669.2 -75.4 -190.4
20211130000944  -669.1 -75.3 -190.4
20211130000945  -669.7 -75.6 -190.5
20211130000946  -670.4 -75.6 -191.1
20211130000947  -670.1 -75.6 -191.4
20211130000948  -670.1 -75.6 -191.4
20211130000949  -670.2 -75.5 -191.5
20211130000950  -670.3 -75.7 -191.4
20211130000951  -670.0 -75.8 -191.4
20211130000952  -670.1 -75.4 -191.3
20211130000953  -670.2 -75.6 -191.4
20211130000954  -670.6 -75.8 -191.2
20211130000955  -670.9 -75.8 -191.3
20211130000956  -670.5 -75.6 -191.5
20211130000957  -671.0 -75.4 -191.4
20211130000958  -671.0 -75.5 -191.7
20211130000959  -671.0 -75.5 -191.5
20211130001000  -671.3 -75.7 -191.9
20211130001001  -671.1 -75.8 -191.6
20211130001002  -671.1 -75.5 -191.9
20211130001003  -671.2 -75.9 -192.1
20211130001004  -670.8 -75.7 -191.3
20211130001005  -670.3 -75.5 -190.8
20211130001006  -670.2 -75.2 -190.7
20211130001007  -670.0 -75.1 -190.4
20211130001008  -670.0 -74.8 -190.3
20211130001009  -669.4 -74.8 -189.9
20211130001010  -669.0 -74.9 -189.7
20211130001011  -668.8 -74.8 -189.4
20211130001012  -670.1 -75.1 -190.1
20211130001013  -670.1 -74.8 -190.6
20211130001014  -670.0 -75.1 -190.5
20211130001015  -670.2 -75.2 -190.6
20211130001016  -670.4 -75.3 -190.7
20211130001017  -669.9 -75.2 -190.7
20211130001018  -670.2 -75.2 -190.7
20211130001019  -669.8 -75.1 -190.8
20211130001020  -669.7 -75.2 -191.0
20211130001021  -669.9 -75.2 -191.2
20211130001022  -669.7 -75.4 -191.1
20211130001023  -669.6 -75.4 -191.0
20211130001024  -669.4 -75.4 -190.9
20211130001025  -669.5 -75.4 -191.2
20211130001026  -669.9 -75.0 -191.1
20211130001027  -669.8 -75.2 -191.1
20211130001028  -669.8 -75.4 -191.1
20211130001029  -669.7 -75.2 -191.1
20211130001030  -669.7 -75.8 -191.2
20211130001031  -669.6 -75.5 -190.5
20211130001032  -669.1 -75.2 -190.2
20211130001033  -668.7 -75.0 -189.9
20211130001034  -668.6 -74.7 -189.9
20211130001035  -668.2 -74.7 -189.7
20211130001036  -668.4 -74.6 -189.2
20211130001037  -668.1 -74.3 -189.2
20211130001038  -668.4 -74.1 -189.3
20211130001039  -668.9 -74.2 -189.8
20211130001040  -668.9 -74.2 -189.9
20211130001041  -669.0 -74.5 -189.7
20211130001042  -669.3 -74.4 -189.8
20211130001043  -669.1 -74.5 -190.2
20211130001044  -669.3 -74.8 -190.1
20211130001045  -669.4 -74.5 -190.0
20211130001046  -669.6 -74.5 -190.2
20211130001047  -669.4 -74.3 -189.9
20211130001048  -669.5 -74.4 -189.8
20211130001049  -669.6 -74.3 -190.2
20211130001050  -669.2 -74.3 -190.1
20211130001051  -669.5 -74.6 -190.3
20211130001052  -669.5 -74.6 -190.2
20211130001053  -669.3 -74.8 -190.1
20211130001054  -669.4 -74.8 -190.1
20211130001055  -669.6 -74.8 -190.2
20211130001056  -669.5 -74.8 -190.4
20211130001057  -669.5 -75.2 -190.4
20211130001058  -669.0 -75.1 -190.0
20211130001059  -668.6 -74.7 -189.6
20211130001100  -668.5 -74.9 -189.4
20211130001101  -668.3 -74.7 -189.2
20211130001102  -668.1 -74.4 -189.1
20211130001103  -667.8 -74.3 -188.9
20211130001104  -667.9 -74.3 -189.0
20211130001105  -668.6 -74.5 -189.8
20211130001106  -668.5 -74.5 -189.5
20211130001107  -669.0 -74.4 -190.0
20211130001108  -669.1 -74.1 -189.6
20211130001109  -669.1 -74.5 -189.8
20211130001110  -669.3 -74.5 -189.9
20211130001111  -668.9 -74.6 -189.8
20211130001112  -669.1 -74.5 -189.8
20211130001113  -669.3 -74.6 -189.8
20211130001114  -669.2 -74.6 -190.0
20211130001115  -669.4 -74.6 -189.7
20211130001116  -669.5 -74.6 -189.5
20211130001117  -669.5 -74.6 -189.7
20211130001118  -669.4 -74.8 -189.8
20211130001119  -669.8 -74.8 -190.0
20211130001120  -669.6 -74.6 -190.0
20211130001121  -669.7 -74.8 -190.1
20211130001122  -669.8 -74.8 -190.2
20211130001123  -669.6 -75.0 -190.4
20211130001124  -669.8 -74.8 -190.0
20211130001125  -669.4 -74.8 -189.5
20211130001126  -669.2 -74.5 -189.2
20211130001127  -668.7 -74.6 -189.1
20211130001128  -668.7 -74.5 -188.8
20211130001129  -668.7 -74.3 -188.9
20211130001130  -668.8 -74.3 -188.8
20211130001131  -669.4 -74.4 -189.7
20211130001132  -669.4 -74.6 -189.6
20211130001133  -669.5 -74.4 -189.5
20211130001134  -669.6 -74.4 -189.4
20211130001135  -669.8 -74.5 -189.6
20211130001136  -669.8 -74.2 -189.5
20211130001137  -669.6 -74.4 -189.7
20211130001138  -669.6 -74.6 -189.7
20211130001139  -669.8 -74.6 -189.7
20211130001140  -669.9 -74.6 -189.6
20211130001141  -670.1 -74.7 -189.6
20211130001142  -670.1 -74.6 -189.4
20211130001143  -670.2 -74.8 -189.4
20211130001144  -670.2 -74.7 -189.5
20211130001145  -670.5 -74.6 -189.9
20211130001146  -670.1 -74.8 -189.8
20211130001147  -670.1 -74.6 -189.9
20211130001148  -670.2 -74.7 -190.2
20211130001149  -670.3 -74.7 -190.1
20211130001150  -670.2 -75.1 -190.4
20211130001151  -669.7 -74.9 -189.7
20211130001152  -669.2 -74.7 -189.5
20211130001153  -668.9 -74.5 -189.1
20211130001154  -668.3 -74.5 -189.0
20211130001155  -668.2 -74.4 -188.7
20211130001156  -667.9 -74.4 -188.4
20211130001157  -668.6 -74.3 -189.2
20211130001158  -669.2 -74.4 -189.5
20211130001159  -669.3 -74.7 -189.5
20211130001200  -669.1 -74.8 -189.5
20211130001201  -669.3 -74.6 -189.5
20211130001202  -669.1 -74.3 -189.6
20211130001203  -669.4 -74.2 -189.8
20211130001204  -669.1 -74.6 -189.6
20211130001205  -669.3 -74.7 -189.7
20211130001206  -669.6 -74.8 -190.2
20211130001207  -669.7 -74.9 -190.1
20211130001208  -669.5 -74.8 -190.1
20211130001209  -669.5 -74.5 -190.0
20211130001210  -669.3 -74.7 -190.1
20211130001211  -669.5 -74.6 -190.0
20211130001212  -669.6 -74.6 -190.3
20211130001213  -669.9 -74.8 -190.5
20211130001214  -670.0 -74.7 -190.5
20211130001215  -670.0 -74.6 -190.4
20211130001216  -670.3 -75.0 -190.7
20211130001217  -670.0 -75.1 -190.7
20211130001218  -669.9 -75.3 -190.5
20211130001219  -669.4 -74.9 -190.0
20211130001220  -669.3 -75.1 -189.7
20211130001221  -669.0 -74.9 -189.5
20211130001222  -668.9 -75.2 -189.5
20211130001223  -670.2 -75.1 -190.0
