1108225426  -835.3 -23.0 -269.8
20211108225427  -835.3 -22.8 -269.3
20211108225428  -834.9 -22.2 -269.6
20211108225429  -834.5 -21.5 -269.2
20211108225430  -833.7 -21.3 -268.6
20211108225431  -833.2 -20.7 -268.4
20211108225432  -833.1 -20.0 -268.0
20211108225433  -832.4 -20.0 -267.5
20211108225434  -832.1 -19.7 -267.4
20211108225435  -831.9 -19.5 -267.5
20211108225436  -831.5 -19.6 -267.2
20211108225437  -831.3 -19.3 -266.9
20211108225438  -832.2 -19.5 -267.6
20211108225439  -832.1 -19.2 -267.8
20211108225440  -832.2 -19.0 -268.1
20211108225441  -831.7 -18.3 -268.0
20211108225442  -831.4 -17.5 -268.1
20211108225443  -831.3 -17.4 -267.8
20211108225444  -831.2 -17.5 -267.5
20211108225445  -831.1 -17.3 -267.5
20211108225446  -830.7 -17.2 -267.5
20211108225447  -830.6 -17.1 -266.9
20211108225448  -829.9 -17.0 -266.5
20211108225449  -829.8 -16.8 -266.3
20211108225450  -829.5 -17.2 -266.3
20211108225451  -829.2 -17.4 -266.0
20211108225452  -828.9 -17.5 -266.3
20211108225453  -828.5 -17.6 -266.1
20211108225454  -828.4 -17.8 -266.3
20211108225455  -828.0 -17.6 -265.9
20211108225456  -827.2 -17.5 -264.9
20211108225457  -826.7 -17.3 -264.7
20211108225458  -826.0 -17.4 -264.4
20211108225459  -825.7 -17.3 -263.9
20211108225500  -825.6 -17.1 -263.8
20211108225501  -825.2 -17.0 -263.5
20211108225502  -824.9 -17.1 -263.3
20211108225503  -824.7 -17.0 -262.9
20211108225504  -824.3 -17.0 -262.5
20211108225505  -824.9 -17.2 -263.3
20211108225506  -824.5 -16.8 -263.5
20211108225507  -824.6 -16.4 -263.4
20211108225508  -824.3 -15.7 -263.4
20211108225509  -824.5 -15.6 -263.3
20211108225510  -824.2 -15.4 -263.1
20211108225511  -824.3 -15.5 -262.9
20211108225512  -823.9 -15.8 -263.0
20211108225513  -824.1 -16.0 -262.9
20211108225514  -824.0 -16.1 -262.9
20211108225515  -824.5 -16.2 -262.7
20211108225516  -824.7 -15.9 -262.4
20211108225517  -824.5 -15.8 -262.2
20211108225518  -824.5 -15.7 -262.2
20211108225519  -824.5 -15.9 -262.2
20211108225520  -824.2 -15.5 -262.3
20211108225521  -823.9 -15.3 -262.3
20211108225522  -823.8 -15.5 -262.3
20211108225523  -823.4 -15.0 -262.0
20211108225524  -823.3 -14.8 -261.7
20211108225525  -823.3 -14.8 -261.4
20211108225526  -823.6 -14.8 -261.2
20211108225527  -823.8 -14.8 -260.8
20211108225528  -823.7 -14.9 -260.3
20211108225529  -823.8 -15.3 -259.9
20211108225530  -823.3 -15.1 -259.6
20211108225531  -823.7 -15.0 -259.8
20211108225532  -824.3 -14.9 -260.3
20211108225533  -824.6 -15.0 -260.5
20211108225534  -825.1 -15.3 -260.4
20211108225535  -825.6 -15.6 -260.5
20211108225536  -825.9 -15.2 -260.4
20211108225537  -825.9 -15.2 -260.4
20211108225538  -826.2 -15.2 -260.5
20211108225539  -826.5 -15.0 -260.9
20211108225540  -826.9 -14.8 -260.7
20211108225541  -827.0 -14.7 -260.6
20211108225542  -827.4 -15.0 -260.7
20211108225543  -827.8 -15.1 -260.7
20211108225544  -827.9 -15.1 -260.9
20211108225545  -828.2 -14.7 -260.8
20211108225546  -828.7 -14.5 -261.1
20211108225547  -828.9 -13.9 -260.7
20211108225548  -829.2 -13.3 -260.8
20211108225549  -829.1 -13.1 -260.5
20211108225550  -829.4 -12.8 -260.3
20211108225551  -829.4 -12.5 -260.4
20211108225552  -829.2 -12.1 -260.3
20211108225553  -829.4 -11.9 -260.2
20211108225554  -829.2 -11.1 -260.1
20211108225555  -829.3 -10.5 -259.9
20211108225556  -829.2 -9.5 -259.8
20211108225557  -829.4 -9.0 -259.3
20211108225558  -830.4 -9.3 -259.8
20211108225559  -830.6 -9.5 -260.1
20211108225600  -830.6 -9.7 -260.3
20211108225601  -830.9 -9.0 -260.6
20211108225602  -831.0 -8.2 -260.5
20211108225603  -831.0 -7.6 -260.6
20211108225604  -831.2 -7.3 -261.0
20211108225605  -832.0 -6.9 -261.4
20211108225606  -832.0 -6.6 -261.4
20211108225607  -832.3 -7.0 -261.1
20211108225608  -832.6 -7.4 -261.1
20211108225609  -832.7 -7.5 -261.3
20211108225610  -833.1 -8.0 -261.2
20211108225611  -833.4 -8.0 -261.2
20211108225612  -833.7 -7.6 -261.4
20211108225613  -834.4 -7.5 -261.5
20211108225614  -834.4 -7.3 -261.4
20211108225615  -834.7 -7.5 -261.6
20211108225616  -834.4 -7.4 -261.2
20211108225617  -834.3 -7.3 -261.1
20211108225618  -834.7 -7.6 -260.9
20211108225619  -834.7 -7.2 -260.7
20211108225620  -834.5 -6.9 -260.9
20211108225621  -835.0 -7.2 -260.8
20211108225622  -835.3 -7.0 -260.7
20211108225623  -835.6 -7.0 -260.3
20211108225624  -835.7 -7.1 -260.1
20211108225625  -836.5 -7.3 -260.6
20211108225626  -836.6 -7.2 -260.6
20211108225627  -836.9 -7.5 -260.5
20211108225628  -836.9 -7.3 -260.8
20211108225629  -836.9 -7.6 -260.8
20211108225630  -836.9 -7.9 -260.6
20211108225631  -836.8 -8.1 -260.6
20211108225632  -836.9 -8.4 -260.5
20211108225633  -836.9 -8.3 -260.4
20211108225634  -837.3 -7.7 -260.1
20211108225635  -837.5 -7.1 -259.9
20211108225636  -837.1 -6.6 -259.8
20211108225637  -836.9 -6.4 -259.6
20211108225638  -836.8 -5.8 -260.0
20211108225639  -836.8 -5.7 -260.2
20211108225640  -836.3 -5.2 -260.1
20211108225641  -836.1 -4.5 -260.1
20211108225642  -836.1 -4.7 -260.1
20211108225643  -835.3 -4.4 -259.6
20211108225644  -835.0 -4.7 -259.4
20211108225645  -835.1 -4.9 -259.0
20211108225646  -835.3 -4.7 -258.7
20211108225647  -835.3 -4.8 -258.4
20211108225648  -835.1 -5.0 -258.3
20211108225649  -834.9 -5.5 -258.0
20211108225650  -834.2 -5.9 -257.6
20211108225651  -835.1 -6.2 -258.5
20211108225652  -834.8 -6.5 -258.9
20211108225653  -834.9 -6.1 -259.0
20211108225654  -835.0 -6.0 -259.2
20211108225655  -835.2 -5.5 -259.2
20211108225656  -835.5 -5.6 -259.4
20211108225657  -835.5 -6.1 -259.5
20211108225658  -835.9 -6.3 -259.4
20211108225659  -836.5 -6.4 -259.4
20211108225700  -836.4 -6.2 -259.2
20211108225701  -836.1 -7.0 -259.1
20211108225702  -836.1 -7.5 -259.1
20211108225703  -835.8 -7.9 -259.1
20211108225704  -835.5 -8.1 -258.6
20211108225705  -835.6 -8.3 -258.3
20211108225706  -835.4 -8.8 -258.2
20211108225707  -835.3 -8.6 -258.0
20211108225708  -835.2 -8.6 -258.2
20211108225709  -834.6 -8.8 -257.6
20211108225710  -834.2 -8.7 -257.0
20211108225711  -833.9 -8.8 -256.6
20211108225712  -833.7 -8.8 -256.2
20211108225713  -833.3 -8.7 -255.9
20211108225714  -833.1 -8.6 -255.4
20211108225715  -832.8 -8.8 -254.8
20211108225716  -832.5 -9.1 -254.1
20211108225717  -832.4 -8.7 -253.9
20211108225718  -833.1 -8.9 -254.8
20211108225719  -833.2 -8.8 -255.1
20211108225720  -833.2 -8.7 -255.4
20211108225721  -833.0 -8.7 -255.6
20211108225722  -833.2 -8.2 -255.9
20211108225723  -833.2 -7.9 -256.0
20211108225724  -833.2 -7.7 -255.9
20211108225725  -833.1 -7.6 -256.0
20211108225726  -833.1 -7.5 -255.8
20211108225727  -833.0 -7.4 -255.4
20211108225728  -832.8 -7.3 -255.4
20211108225729  -832.6 -7.0 -255.6
20211108225730  -832.6 -6.7 -255.6
20211108225731  -832.4 -6.4 -255.3
20211108225732  -832.2 -6.4 -254.6
20211108225733  -832.2 -6.7 -254.7
20211108225734  -832.0 -6.6 -254.5
20211108225735  -831.6 -6.9 -254.3
20211108225736  -830.8 -6.6 -253.4
20211108225737  -830.1 -6.6 -252.9
20211108225738  -829.3 -6.5 -252.3
20211108225739  -828.5 -6.6 -252.2
20211108225740  -828.0 -6.5 -252.3
20211108225741  -827.7 -6.7 -251.7
20211108225742  -827.1 -6.8 -251.6
20211108225743  -826.6 -6.8 -251.2
20211108225744  -826.8 -6.8 -251.7
20211108225745  -826.2 -6.7 -252.5
20211108225746  -825.9 -6.9 -253.0
20211108225747  -825.9 -6.8 -253.0
20211108225748  -825.5 -7.4 -253.0
20211108225749  -825.4 -7.7 -253.0
20211108225750  -824.8 -8.4 -253.0
20211108225751  -824.4 -9.0 -252.7
20211108225752  -824.6 -8.8 -252.4
20211108225753  -824.6 -8.7 -252.4
20211108225754  -824.6 -8.3 -252.8
20211108225755  -824.6 -8.0 -253.1
20211108225756  -824.8 -7.1 -253.3
20211108225757  -825.1 -6.6 -253.6
20211108225758  -825.6 -5.9 -253.7
20211108225759  -825.5 -5.2 -253.2
20211108225800  -825.7 -4.8 -253.4
20211108225801  -825.9 -5.0 -253.3
20211108225802  -826.4 -5.1 -253.1
20211108225803  -826.0 -4.9 -252.5
20211108225804  -825.9 -5.2 -252.7
20211108225805  -825.6 -4.5 -252.8
20211108225806  -825.9 -3.9 -252.9
20211108225807  -826.1 -3.1 -252.8
20211108225808  -826.3 -2.7 -252.3
20211108225809  -826.6 -2.4 -251.9
20211108225810  -827.4 -2.6 -252.0
20211108225811  -828.1 -2.9 -252.1
20211108225812  -828.5 -3.1 -251.9
20211108225813  -828.8 -3.2 -252.3
20211108225814  -829.0 -3.0 -252.2
20211108225815  -829.3 -2.7 -252.2
