20211221000000  -883.2 -43.4 -248.7
20211221000001  -882.5 -44.2 -248.1
20211221000002  -881.4 -45.4 -247.9
20211221000003  -880.4 -46.4 -247.6
20211221000004  -879.6 -47.3 -248.4
20211221000005  -879.5 -47.6 -248.9
20211221000006  -879.2 -47.6 -249.6
20211221000007  -878.6 -47.8 -249.7
20211221000008  -878.1 -48.3 -249.8
20211221000009  -877.4 -48.0 -249.8
20211221000010  -877.0 -48.0 -250.1
20211221000011  -876.6 -48.1 -250.2
20211221000012  -876.1 -48.0 -249.8
20211221000013  -875.8 -47.9 -250.0
20211221000014  -874.7 -47.9 -248.8
20211221000015  -873.5 -47.3 -248.1
20211221000016  -873.0 -47.3 -248.0
20211221000017  -872.3 -47.7 -247.9
20211221000018  -871.9 -47.7 -248.0
20211221000019  -871.1 -47.7 -247.9
20211221000020  -870.8 -47.6 -247.9
20211221000021  -870.4 -47.1 -247.8
20211221000022  -870.9 -46.7 -247.9
20211221000023  -871.6 -46.4 -249.0
20211221000024  -871.5 -45.9 -249.5
20211221000025  -871.5 -45.4 -249.5
20211221000026  -871.7 -45.3 -250.1
20211221000027  -871.3 -44.9 -250.1
20211221000028  -871.6 -44.7 -250.1
20211221000029  -871.8 -44.8 -249.9
20211221000030  -872.0 -45.0 -249.9
20211221000031  -872.2 -44.4 -249.9
20211221000032  -872.4 -44.1 -249.8
20211221000033  -872.4 -43.6 -249.5
20211221000034  -872.3 -42.6 -249.3
20211221000035  -872.9 -42.1 -248.9
20211221000036  -872.8 -41.5 -248.8
20211221000037  -872.8 -41.2 -248.2
20211221000038  -873.0 -40.9 -247.5
20211221000039  -872.8 -40.7 -246.7
20211221000040  -872.8 -40.3 -246.5
20211221000041  -871.8 -40.1 -245.4
20211221000042  -871.2 -39.8 -245.1
20211221000043  -870.5 -39.9 -245.2
20211221000044  -869.7 -40.0 -244.6
20211221000045  -868.9 -39.6 -243.9
20211221000046  -868.1 -39.4 -243.8
20211221000047  -867.3 -39.3 -243.4
20211221000048  -866.5 -38.8 -243.1
20211221000049  -866.5 -38.5 -243.5
20211221000050  -866.7 -38.3 -244.0
20211221000051  -866.7 -38.4 -243.9
20211221000052  -866.8 -38.6 -244.0
20211221000053  -867.0 -38.9 -244.4
20211221000054  -867.2 -38.7 -244.5
20211221000055  -867.5 -37.9 -244.7
20211221000056  -867.8 -38.1 -245.5
20211221000057  -867.9 -37.6 -245.5
20211221000058  -868.7 -37.7 -246.3
20211221000059  -869.5 -37.2 -246.8
20211221000100  -870.5 -36.8 -247.6
20211221000101  -871.5 -36.7 -247.5
20211221000102  -872.5 -36.8 -247.5
20211221000103  -872.9 -36.3 -247.5
20211221000104  -873.7 -36.0 -247.3
20211221000105  -874.2 -35.5 -247.2
20211221000106  -875.0 -35.3 -247.0
20211221000107  -875.8 -35.3 -247.6
20211221000108  -876.0 -34.5 -246.4
20211221000109  -876.0 -33.8 -246.2
20211221000110  -875.9 -33.2 -245.6
20211221000111  -875.6 -32.7 -245.4
20211221000112  -875.4 -32.5 -245.3
20211221000113  -875.0 -32.6 -245.6
20211221000114  -875.2 -32.5 -245.8
20211221000115  -874.9 -32.6 -246.1
20211221000116  -875.6 -33.1 -246.5
20211221000117  -875.9 -32.9 -246.8
20211221000118  -875.7 -32.9 -246.8
20211221000119  -875.8 -32.6 -247.0
20211221000120  -875.9 -32.3 -246.7
20211221000121  -876.0 -32.1 -246.6
20211221000122  -876.2 -31.6 -246.5
20211221000123  -875.7 -31.4 -246.0
20211221000124  -875.3 -31.5 -245.8
20211221000125  -874.9 -31.4 -246.1
20211221000126  -874.9 -31.4 -246.0
20211221000127  -874.9 -31.3 -245.9
20211221000128  -874.5 -30.9 -246.1
20211221000129  -874.3 -30.9 -246.7
20211221000130  -874.3 -30.8 -246.7
20211221000131  -874.1 -30.8 -247.1
20211221000132  -874.3 -30.9 -247.1
20211221000133  -874.2 -30.6 -247.5
20211221000134  -874.0 -30.6 -247.2
20211221000135  -873.4 -30.4 -246.3
20211221000136  -873.0 -30.3 -246.2
20211221000137  -873.1 -30.0 -245.9
20211221000138  -873.2 -29.7 -245.5
20211221000139  -873.3 -29.1 -245.3
20211221000140  -873.6 -28.6 -244.6
20211221000141  -873.7 -28.0 -244.4
20211221000142  -874.5 -27.6 -243.9
20211221000143  -874.5 -27.3 -244.1
20211221000144  -874.8 -26.9 -243.8
20211221000145  -874.5 -26.5 -243.5
20211221000146  -873.9 -26.5 -243.1
20211221000147  -873.0 -26.6 -242.8
20211221000148  -872.3 -27.2 -242.1
20211221000149  -871.3 -27.7 -241.5
20211221000150  -869.9 -28.0 -240.5
20211221000151  -868.3 -28.4 -239.9
20211221000152  -867.0 -28.5 -239.2
20211221000153  -865.1 -28.8 -238.7
20211221000154  -863.3 -29.3 -238.7
20211221000155  -861.6 -29.5 -238.6
20211221000156  -859.9 -29.6 -238.3
20211221000157  -858.4 -29.7 -237.9
20211221000158  -856.4 -30.3 -237.8
20211221000159  -854.4 -30.5 -237.2
20211221000200  -852.6 -31.2 -236.9
20211221000201  -850.2 -31.2 -236.0
20211221000202  -848.0 -31.1 -235.6
20211221000203  -845.8 -31.2 -235.5
20211221000204  -843.8 -30.9 -235.4
20211221000205  -842.3 -30.4 -235.3
20211221000206  -840.6 -30.1 -235.2
20211221000207  -839.4 -29.7 -235.3
20211221000208  -838.5 -29.2 -235.6
