20211129221229  -667.4 -76.0 -191.4
20211129221230  -667.5 -76.0 -191.8
20211129221231  -667.7 -76.3 -191.9
20211129221232  -667.6 -76.6 -192.1
20211129221233  -667.8 -76.7 -191.9
20211129221234  -667.9 -76.7 -192.0
20211129221235  -667.9 -76.9 -192.1
20211129221236  -668.4 -77.2 -192.7
20211129221237  -667.4 -76.8 -192.1
20211129221238  -667.1 -76.5 -191.8
20211129221239  -667.0 -76.2 -191.4
20211129221240  -666.5 -76.2 -191.1
20211129221241  -666.3 -76.2 -191.0
20211129221242  -665.8 -76.1 -190.5
20211129221243  -665.8 -76.0 -190.2
20211129221244  -665.6 -76.0 -190.2
20211129221245  -665.4 -75.8 -190.1
20211129221246  -665.6 -75.9 -190.0
20211129221247  -666.6 -76.4 -191.1
20211129221248  -666.9 -76.4 -191.4
20211129221249  -666.8 -76.5 -191.4
20211129221250  -667.2 -76.6 -191.3
20211129221251  -667.3 -76.9 -191.4
20211129221252  -667.4 -76.7 -191.5
20211129221253  -667.7 -77.2 -191.6
20211129221254  -667.8 -77.2 -192.0
20211129221255  -668.1 -77.3 -192.2
20211129221256  -668.2 -77.4 -192.4
20211129221257  -668.2 -77.6 -192.1
20211129221258  -668.7 -77.7 -192.4
20211129221259  -668.6 -77.7 -192.4
20211129221300  -668.8 -77.4 -192.3
20211129221301  -668.8 -77.8 -192.4
20211129221302  -669.2 -78.0 -192.6
20211129221303  -669.3 -78.2 -193.2
20211129221304  -668.9 -78.0 -192.8
20211129221305  -668.3 -78.1 -192.4
20211129221306  -667.9 -77.8 -191.9
20211129221307  -667.4 -77.5 -191.5
20211129221308  -667.1 -77.6 -190.9
20211129221309  -666.6 -77.3 -190.8
20211129221310  -666.1 -77.1 -190.8
20211129221311  -666.1 -76.8 -190.7
20211129221312  -666.0 -76.9 -190.3
20211129221313  -666.3 -76.8 -190.7
20211129221314  -667.0 -77.2 -191.3
20211129221315  -667.5 -77.7 -191.3
20211129221316  -667.5 -77.7 -191.8
20211129221317  -667.7 -77.7 -191.7
20211129221318  -668.0 -78.1 -192.0
20211129221319  -668.0 -77.9 -192.1
20211129221320  -668.2 -78.1 -191.9
20211129221321  -668.4 -78.0 -192.2
20211129221322  -668.6 -78.1 -192.4
20211129221323  -668.6 -78.4 -192.4
20211129221324  -668.6 -78.2 -192.7
20211129221325  -668.9 -78.4 -192.6
20211129221326  -669.0 -78.5 -192.8
20211129221327  -669.1 -78.4 -192.9
20211129221328  -669.1 -78.4 -193.4
20211129221329  -669.9 -79.0 -193.8
20211129221330  -669.8 -79.1 -193.6
20211129221331  -669.4 -78.9 -193.1
20211129221332  -669.2 -78.8 -193.0
20211129221333  -668.9 -78.7 -192.5
20211129221334  -668.8 -78.5 -192.5
20211129221335  -668.3 -78.3 -192.2
20211129221336  -668.3 -78.5 -191.8
20211129221337  -668.0 -78.4 -191.7
20211129221338  -667.9 -78.2 -191.3
20211129221339  -667.7 -78.1 -191.1
20211129221340  -668.6 -78.3 -192.0
20211129221341  -669.0 -78.5 -192.0
20211129221342  -668.8 -78.5 -192.2
20211129221343  -669.0 -78.8 -192.5
20211129221344  -669.4 -78.8 -193.0
20211129221345  -669.4 -78.9 -193.1
20211129221346  -669.6 -79.1 -193.3
20211129221347  -669.8 -79.0 -193.7
20211129221348  -670.0 -79.2 -193.8
20211129221349  -670.0 -79.3 -194.0
20211129221350  -670.2 -79.3 -193.9
20211129221351  -670.5 -79.7 -193.9
20211129221352  -670.6 -79.6 -194.0
20211129221353  -670.8 -79.6 -194.3
20211129221354  -670.8 -79.7 -194.2
20211129221355  -670.8 -79.8 -194.6
20211129221356  -671.5 -79.9 -195.0
20211129221357  -671.3 -80.1 -195.0
20211129221358  -670.9 -79.7 -194.6
20211129221359  -670.9 -79.8 -194.4
20211129221400  -670.6 -79.7 -193.9
20211129221401  -670.7 -79.8 -193.7
20211129221402  -670.4 -79.8 -193.4
20211129221403  -670.2 -79.7 -193.2
20211129221404  -670.3 -79.4 -193.0
20211129221405  -669.9 -79.2 -193.0
20211129221406  -670.8 -79.5 -193.2
20211129221407  -671.2 -79.6 -194.1
20211129221408  -671.6 -79.9 -194.5
20211129221409  -672.0 -79.9 -194.6
20211129221410  -672.0 -80.0 -194.7
20211129221411  -672.3 -80.1 -194.8
20211129221412  -672.3 -80.2 -194.6
20211129221413  -672.4 -80.5 -194.9
20211129221414  -672.8 -80.2 -195.2
20211129221415  -673.4 -80.5 -195.4
20211129221416  -673.2 -80.5 -195.5
20211129221417  -673.3 -80.4 -195.4
20211129221418  -673.3 -80.5 -195.5
20211129221419  -673.4 -80.8 -195.8
20211129221420  -673.6 -80.7 -196.0
20211129221421  -673.8 -81.0 -195.9
20211129221422  -673.7 -81.1 -195.8
20211129221423  -674.4 -81.4 -196.5
20211129221424  -674.0 -81.1 -196.2
20211129221425  -673.7 -81.0 -195.6
20211129221426  -673.7 -81.0 -195.2
20211129221427  -673.3 -81.0 -194.8
20211129221428  -672.8 -81.0 -194.6
20211129221429  -672.6 -80.7 -194.6
20211129221430  -672.4 -80.5 -194.3
20211129221431  -672.3 -80.5 -193.6
20211129221432  -672.2 -80.2 -193.6
20211129221433  -673.1 -80.6 -194.5
20211129221434  -673.2 -80.8 -194.9
20211129221435  -673.3 -80.7 -195.0
20211129221436  -673.3 -80.7 -195.3
20211129221437  -673.3 -80.8 -195.2
20211129221438  -673.5 -80.7 -195.3
20211129221439  -673.5 -80.9 -195.5
20211129221440  -673.7 -81.0 -195.5
20211129221441  -673.7 -81.1 -195.9
20211129221442  -674.0 -81.1 -196.0
20211129221443  -674.1 -80.9 -196.2
20211129221444  -674.0 -80.9 -196.1
20211129221445  -673.9 -81.0 -196.2
20211129221446  -674.0 -80.9 -196.0
20211129221447  -673.8 -81.3 -196.2
20211129221448  -673.9 -81.1 -196.2
20211129221449  -674.2 -81.1 -196.5
20211129221450  -674.1 -81.3 -196.9
20211129221451  -674.0 -81.3 -196.2
20211129221452  -673.4 -81.2 -196.0
20211129221453  -673.2 -81.0 -195.7
20211129221454  -673.0 -80.9 -195.4
20211129221455  -672.6 -80.8 -195.3
20211129221456  -672.3 -80.5 -195.0
20211129221457  -672.1 -80.6 -194.9
20211129221458  -671.8 -80.4 -194.5
20211129221459  -672.7 -80.5 -195.3
20211129221500  -673.2 -80.9 -195.4
20211129221501  -673.2 -81.0 -195.7
20211129221502  -673.2 -80.8 -195.6
20211129221503  -673.3 -81.0 -195.8
20211129221504  -673.5 -81.1 -195.8
20211129221505  -673.5 -81.1 -195.8
20211129221506  -673.6 -81.4 -195.7
20211129221507  -673.6 -81.7 -195.9
20211129221508  -673.6 -81.6 -196.1
20211129221509  -673.8 -81.8 -196.0
20211129221510  -673.6 -82.0 -196.1
20211129221511  -673.7 -81.9 -196.1
20211129221512  -673.6 -81.8 -196.4
20211129221513  -673.5 -81.8 -196.4
20211129221514  -673.8 -82.1 -196.4
20211129221515  -673.8 -82.0 -196.6
20211129221516  -674.0 -82.4 -197.1
20211129221517  -673.5 -82.3 -196.4
20211129221518  -673.1 -82.2 -196.1
20211129221519  -672.8 -82.1 -196.1
20211129221520  -672.6 -82.2 -195.9
20211129221521  -672.4 -82.0 -195.6
20211129221522  -672.0 -82.1 -195.2
20211129221523  -671.8 -81.7 -195.0
20211129221524  -671.6 -81.9 -194.5
20211129221525  -672.1 -81.6 -194.9
20211129221526  -672.3 -81.6 -195.6
20211129221527  -672.7 -81.8 -195.6
20211129221528  -672.5 -81.6 -195.6
20211129221529  -672.6 -81.7 -195.8
20211129221530  -672.5 -81.9 -195.9
20211129221531  -673.1 -82.2 -196.3
20211129221532  -672.8 -82.2 -196.0
20211129221533  -672.8 -82.2 -196.1
20211129221534  -672.7 -82.2 -196.1
20211129221535  -672.9 -82.2 -196.3
20211129221536  -673.0 -82.3 -196.4
20211129221537  -673.4 -82.5 -196.1
20211129221538  -673.4 -82.4 -196.1
20211129221539  -673.4 -82.4 -196.2
20211129221540  -673.4 -82.4 -196.1
20211129221541  -673.5 -82.4 -196.4
20211129221542  -673.3 -82.9 -196.4
20211129221543  -673.7 -82.9 -196.9
20211129221544  -673.1 -82.6 -196.0
20211129221545  -672.8 -82.6 -195.9
20211129221546  -672.3 -82.2 -195.6
20211129221547  -672.0 -82.2 -195.2
20211129221548  -671.6 -82.0 -195.3
20211129221549  -671.4 -82.2 -194.9
20211129221550  -671.1 -81.9 -194.8
20211129221551  -671.1 -81.7 -194.5
20211129221552  -671.9 -82.2 -195.2
20211129221553  -672.0 -82.1 -195.1
20211129221554  -672.0 -82.0 -195.2
20211129221555  -672.2 -82.2 -195.3
20211129221556  -672.2 -81.9 -195.6
20211129221557  -672.5 -82.1 -195.3
20211129221558  -672.6 -82.4 -195.5
20211129221559  -672.7 -82.6 -195.8
20211129221600  -672.6 -82.4 -195.6
20211129221601  -672.6 -82.5 -195.7
20211129221602  -672.8 -82.5 -195.8
20211129221603  -672.8 -82.5 -195.7
20211129221604  -672.7 -82.6 -196.0
20211129221605  -672.9 -82.6 -196.1
20211129221606  -672.9 -82.8 -196.2
20211129221607  -673.1 -82.7 -196.1
20211129221608  -673.1 -82.8 -195.9
20211129221609  -673.5 -82.9 -196.4
20211129221610  -673.0 -83.1 -196.0
20211129221611  -672.5 -82.7 -196.1
20211129221612  -672.3 -82.8 -196.0
20211129221613  -672.3 -82.8 -195.6
20211129221614  -672.3 -82.4 -195.7
20211129221615  -671.9 -82.5 -195.2
20211129221616  -671.2 -82.6 -194.9
20211129221617  -671.1 -82.5 -194.7
20211129221618  -672.3 -82.4 -195.4
20211129221619  -672.5 -82.8 -195.6
20211129221620  -672.3 -83.1 -195.6
20211129221621  -672.3 -82.9 -195.9
20211129221622  -672.2 -82.9 -196.0
20211129221623  -672.8 -82.9 -195.8
20211129221624  -672.8 -83.2 -196.0
20211129221625  -672.4 -83.3 -196.2
20211129221626  -672.7 -83.3 -196.2
20211129221627  -672.7 -83.5 -196.4
20211129221628  -672.9 -83.5 -196.5
20211129221629  -672.9 -83.4 -196.4
20211129221630  -672.9 -83.5 -196.5
20211129221631  -672.8 -83.8 -196.5
20211129221632  -673.0 -83.9 -196.4
20211129221633  -673.0 -83.7 -196.4
20211129221634  -672.9 -83.8 -196.8
20211129221635  -672.9 -84.0 -196.6
20211129221636  -672.6 -83.9 -196.7
20211129221637  -671.9 -83.5 -196.1
20211129221638  -672.0 -83.7 -195.9
20211129221639  -671.8 -83.6 -195.6
20211129221640  -671.4 -83.8 -195.3
20211129221641  -671.3 -83.9 -195.2
20211129221642  -671.3 -83.6 -195.3
20211129221643  -671.1 -83.5 -194.9
20211129221644  -671.4 -83.5 -194.6
20211129221645  -671.7 -83.5 -195.5
20211129221646  -671.8 -83.7 -195.8
20211129221647  -672.1 -83.8 -195.7
20211129221648  -672.3 -84.1 -195.9
20211129221649  -672.1 -84.3 -196.0
20211129221650  -672.6 -84.2 -196.2
20211129221651  -672.6 -84.2 -196.3
20211129221652  -672.5 -84.1 -196.2
20211129221653  -672.9 -84.0 -196.5
20211129221654  -673.1 -84.2 -196.3
20211129221655  -673.3 -84.3 -196.4
20211129221656  -673.5 -84.7 -196.7
20211129221657  -673.7 -84.1 -196.6
20211129221658  -673.7 -84.0 -196.5
20211129221659  -673.8 -84.4 -197.1
20211129221700  -673.9 -84.3 -197.0
20211129221701  -674.1 -84.0 -197.1
20211129221702  -674.4 -84.4 -197.4
20211129221703  -674.2 -84.4 -197.3
20211129221704  -673.7 -84.5 -196.8
20211129221705  -673.7 -84.2 -196.5
20211129221706  -673.3 -84.5 -196.6
20211129221707  -673.3 -84.4 -196.1
20211129221708  -673.2 -84.2 -196.0
20211129221709  -672.9 -84.0 -195.9
20211129221710  -672.9 -83.8 -195.3
20211129221711  -674.0 -83.9 -196.1
20211129221712  -674.1 -84.0 -196.0
20211129221713  -674.3 -84.2 -196.0
20211129221714  -674.5 -84.1 -196.3
20211129221715  -674.5 -83.8 -196.2
20211129221716  -674.5 -84.4 -196.1
20211129221717  -674.5 -84.5 -196.3
20211129221718  -674.9 -84.5 -196.6
20211129221719  -674.8 -84.3 -196.7
20211129221720  -674.7 -84.3 -196.3
20211129221721  -675.0 -84.5 -196.4
20211129221722  -674.9 -84.3 -196.5
20211129221723  -674.8 -84.3 -196.8
20211129221724  -674.9 -84.6 -196.7
20211129221725  -675.0 -84.2 -196.6
20211129221726  -674.9 -84.4 -196.5
20211129221727  -674.7 -84.7 -196.6
20211129221728  -675.1 -84.9 -196.6
20211129221729  -675.0 -84.9 -197.0
20211129221730  -674.5 -84.7 -196.5
20211129221731  -674.3 -84.4 -196.3
20211129221732  -674.1 -84.5 -196.0
20211129221733  -674.0 -84.4 -195.8
20211129221734  -673.6 -84.6 -195.4
20211129221735  -673.5 -84.3 -195.2
20211129221736  -673.2 -84.2 -194.9
20211129221737  -673.6 -84.1 -195.4
20211129221738  -674.2 -84.2 -195.6
20211129221739  -674.4 -84.3 -195.4
20211129221740  -674.3 -84.6 -195.6
20211129221741  -674.5 -84.6 -195.3
20211129221742  -674.8 -84.6 -195.6
20211129221743  -674.5 -84.6 -195.8
20211129221744  -674.5 -84.4 -195.8
20211129221745  -674.3 -84.4 -196.1
20211129221746  -674.2 -84.1 -196.0
20211129221747  -674.0 -84.3 -196.3
20211129221748  -674.4 -84.1 -196.0
20211129221749  -674.6 -84.2 -196.1
20211129221750  -674.6 -84.2 -196.2
20211129221751  -674.4 -84.1 -196.1
20211129221752  -674.5 -84.2 -196.0
20211129221753  -674.6 -84.2 -196.1
20211129221754  -674.7 -84.0 -196.2
20211129221755  -674.5 -84.2 -196.4
20211129221756  -674.0 -84.2 -195.8
20211129221757  -673.7 -84.0 -195.3
20211129221758  -673.3 -83.7 -195.3
20211129221759  -672.9 -83.4 -195.3
20211129221800  -672.7 -83.4 -195.2
20211129221801  -672.5 -83.2 -194.9
20211129221802  -672.5 -83.0 -194.7
20211129221803  -672.1 -83.1 -194.3
20211129221804  -672.8 -83.1 -194.6
20211129221805  -672.9 -83.2 -194.7
20211129221806  -673.0 -83.0 -194.7
20211129221807  -673.1 -83.0 -194.9
20211129221808  -673.1 -82.9 -195.0
20211129221809  -672.9 -82.7 -195.1
20211129221810  -672.9 -82.8 -195.2
20211129221811  -672.9 -82.9 -195.2
20211129221812  -672.8 -83.3 -195.1
