-101.7 -128.4
20211030222043  -701.3 -101.7 -128.3
20211030222044  -701.3 -101.7 -128.6
20211030222045  -701.5 -102.0 -128.8
20211030222046  -701.6 -102.0 -129.1
20211030222047  -701.9 -102.2 -129.2
20211030222048  -702.4 -102.0 -129.3
20211030222049  -702.7 -101.7 -129.4
20211030222050  -702.6 -101.7 -129.5
20211030222051  -702.9 -102.0 -129.4
20211030222052  -703.2 -102.0 -129.8
20211030222053  -703.2 -102.2 -129.5
20211030222054  -703.2 -102.2 -129.7
20211030222055  -703.7 -102.3 -129.8
20211030222056  -704.3 -102.1 -130.3
20211030222057  -704.9 -102.0 -130.3
20211030222058  -705.3 -101.9 -130.4
20211030222059  -705.8 -101.5 -130.6
20211030222100  -706.4 -101.6 -130.3
20211030222101  -706.7 -101.4 -130.1
20211030222102  -707.2 -101.2 -129.9
20211030222103  -707.7 -101.3 -130.0
20211030222104  -708.6 -101.1 -130.0
20211030222105  -708.8 -100.8 -130.2
20211030222106  -709.1 -100.7 -130.0
20211030222107  -709.6 -100.5 -129.8
20211030222108  -709.9 -100.6 -129.6
20211030222109  -710.4 -100.7 -129.6
20211030222110  -710.8 -100.4 -129.3
20211030222111  -711.5 -100.5 -129.6
20211030222112  -711.9 -100.6 -129.3
20211030222113  -712.5 -100.0 -129.2
20211030222114  -712.7 -100.1 -129.1
20211030222115  -713.3 -100.1 -129.0
20211030222116  -713.7 -99.7 -128.5
20211030222117  -714.1 -99.2 -128.2
20211030222118  -714.1 -98.9 -128.0
20211030222119  -714.4 -98.8 -128.0
20211030222120  -714.6 -98.6 -127.9
20211030222121  -714.8 -98.5 -127.4
20211030222122  -715.1 -98.0 -127.3
20211030222123  -715.0 -97.7 -127.1
20211030222124  -714.9 -98.2 -127.0
20211030222125  -715.0 -97.7 -126.8
20211030222126  -715.3 -97.4 -126.8
20211030222127  -715.5 -97.2 -126.7
20211030222128  -715.4 -96.8 -126.3
20211030222129  -715.6 -96.2 -126.2
20211030222130  -715.8 -95.6 -126.2
20211030222131  -716.2 -95.0 -126.3
20211030222132  -716.2 -94.9 -126.5
20211030222133  -715.9 -95.0 -126.0
20211030222134  -716.5 -94.6 -126.0
20211030222135  -716.6 -94.3 -125.8
20211030222136  -716.9 -93.9 -125.7
20211030222137  -716.8 -93.8 -125.7
20211030222138  -716.5 -93.3 -125.3
20211030222139  -716.6 -93.3 -125.0
20211030222140  -716.6 -93.2 -125.1
20211030222141  -716.7 -93.1 -125.0
20211030222142  -716.5 -93.2 -125.0
20211030222143  -716.3 -93.0 -124.9
20211030222144  -716.4 -93.1 -125.1
20211030222145  -716.3 -92.8 -124.8
20211030222146  -716.1 -92.7 -124.7
20211030222147  -715.9 -92.6 -124.9
20211030222148  -716.1 -92.6 -125.1
20211030222149  -716.1 -92.2 -125.2
20211030222150  -716.0 -92.3 -125.1
20211030222151  -715.9 -91.8 -125.2
20211030222152  -715.8 -91.4 -125.2
20211030222153  -715.6 -91.5 -125.4
20211030222154  -715.5 -91.0 -125.4
20211030222155  -715.6 -90.9 -125.4
20211030222156  -715.6 -91.0 -125.8
20211030222157  -715.8 -90.8 -125.6
20211030222158  -715.7 -91.0 -125.7
20211030222159  -716.1 -90.9 -125.6
20211030222200  -716.2 -90.8 -125.2
20211030222201  -716.2 -91.0 -125.3
20211030222202  -716.4 -91.0 -125.1
20211030222203  -716.2 -90.8 -125.0
20211030222204  -716.1 -90.9 -125.0
20211030222205  -716.4 -90.9 -125.3
20211030222206  -716.2 -90.6 -124.8
20211030222207  -716.0 -90.8 -124.9
20211030222208  -716.3 -90.9 -124.7
20211030222209  -715.7 -91.1 -124.3
20211030222210  -715.8 -91.1 -124.5
20211030222211  -715.6 -91.4 -124.1
20211030222212  -715.5 -91.4 -124.4
20211030222213  -715.4 -91.4 -124.4
20211030222214  -715.4 -91.4 -124.4
20211030222215  -715.2 -91.2 -124.3
20211030222216  -715.3 -91.2 -124.5
20211030222217  -715.2 -91.1 -124.3
20211030222218  -715.3 -90.8 -124.5
20211030222219  -715.3 -90.6 -124.3
20211030222220  -715.6 -90.3 -124.6
20211030222221  -716.0 -90.2 -124.5
20211030222222  -716.2 -90.1 -124.7
20211030222223  -716.7 -89.8 -124.8
20211030222224  -716.9 -89.5 -125.0
20211030222225  -717.0 -89.6 -124.8
20211030222226  -717.3 -89.3 -124.8
20211030222227  -717.0 -89.0 -124.6
20211030222228  -717.8 -88.8 -124.4
20211030222229  -717.8 -88.5 -124.1
20211030222230  -717.9 -88.2 -123.8
20211030222231  -718.1 -88.1 -123.4
20211030222232  -718.2 -88.0 -123.5
20211030222233  -717.8 -87.8 -123.1
20211030222234  -717.6 -87.4 -123.0
20211030222235  -717.7 -86.9 -122.5
20211030222236  -718.2 -86.3 -122.4
20211030222237  -718.4 -86.0 -122.7
20211030222238  -718.8 -85.4 -122.2
20211030222239  -719.0 -85.3 -122.3
20211030222240  -719.5 -85.1 -122.3
20211030222241  -719.7 -84.5 -122.1
20211030222242  -720.2 -84.1 -122.0
20211030222243  -720.4 -83.6 -121.7
20211030222244  -721.0 -83.4 -121.4
20211030222245  -721.4 -82.9 -121.3
20211030222246  -721.7 -82.4 -121.0
20211030222247  -722.0 -82.1 -120.7
20211030222248  -722.4 -81.8 -120.4
20211030222249  -722.6 -81.5 -120.2
20211030222250  -723.1 -81.4 -120.2
20211030222251  -723.3 -81.4 -120.0
20211030222252  -723.8 -81.5 -120.0
20211030222253  -724.2 -81.5 -119.9
20211030222254  -725.2 -81.7 -119.8
20211030222255  -726.0 -81.8 -119.3
20211030222256  -727.1 -82.0 -119.4
20211030222257  -728.1 -82.7 -119.3
20211030222258  -729.0 -83.4 -119.0
20211030222259  -730.1 -83.9 -118.7
20211030222300  -730.9 -84.3 -118.0
20211030222301  -731.7 -84.8 -117.5
20211030222302  -732.3 -85.1 -116.6
20211030222303  -732.6 -85.5 -116.8
20211030222304  -733.6 -85.7 -116.4
20211030222305  -734.0 -86.0 -115.6
20211030222306  -735.6 -86.6 -115.9
20211030222307  -736.3 -87.3 -115.4
20211030222308  -738.1 -87.8 -115.1
20211030222309  -739.6 -88.5 -114.1
20211030222310  -740.9 -88.9 -113.7
20211030222311  -742.1 -88.7 -112.8
20211030222312  -743.3 -88.9 -112.3
20211030222313  -744.5 -89.2 -111.8
20211030222314  -745.8 -89.3 -110.9
20211030222315  -747.0 -89.8 -110.6
20211030222316  -748.2 -90.4 -110.0
20211030222317  -749.2 -91.3 -109.5
20211030222318  -750.4 -92.2 -108.4
20211030222319  -751.5 -92.5 -107.9
20211030222320  -752.7 -93.0 -106.8
20211030222321  -753.8 -93.0 -106.5
20211030222322  -755.0 -93.2 -105.5
20211030222323  -755.9 -93.6 -104.9
20211030222324  -757.2 -94.2 -104.2
20211030222325  -758.5 -95.8 -103.5
20211030222326  -759.3 -97.9 -102.8
20211030222327  -760.3 -99.5 -102.0
20211030222328  -761.5 -101.5 -101.7
20211030222329  -762.3 -103.8 -101.5
20211030222330  -762.9 -104.6 -100.2
20211030222331  -764.2 -104.3 -100.3
20211030222332  -765.9 -103.9 -101.7
20211030222333  -767.7 -104.1 -102.6
20211030222334  -769.8 -105.2 -103.9
20211030222335  -772.5 -106.5 -104.6
20211030222336  -775.5 -108.1 -104.7
20211030222337  -779.3 -109.3 -105.8
20211030222338  -781.8 -110.6 -104.8
20211030222339  -784.0 -111.4 -105.8
20211030222340  -787.4 -111.5 -106.8
20211030222341  -790.5 -111.7 -106.9
20211030222342  -793.4 -110.6 -107.9
20211030222343  -797.4 -110.8 -109.4
20211030222344  -800.6 -111.6 -109.9
20211030222345  -803.8 -112.7 -109.8
20211030222346  -807.0 -113.3 -109.8
20211030222347  -809.5 -113.8 -108.3
20211030222348  -811.7 -113.3 -108.1
20211030222349  -813.6 -113.7 -106.4
20211030222350  -814.6 -114.1 -104.2
20211030222351  -815.4 -114.1 -102.0
20211030222352  -816.3 -114.4 -100.7
20211030222353  -816.4 -115.6 -98.7
20211030222354  -816.0 -116.5 -97.0
20211030222355  -816.2 -118.1 -95.6
20211030222356  -816.4 -118.8 -93.4
20211030222357  -816.3 -119.3 -91.6
20211030222358  -816.3 -120.4 -89.8
20211030222359  -816.2 -121.3 -87.9
20211030222400  -815.9 -123.3 -87.3
20211030222401  -815.4 -125.0 -85.1
20211030222402  -815.0 -127.7 -85.2
20211030222403  -814.9 -130.6 -83.2
20211030222404  -815.0 -132.4 -83.5
20211030222405  -814.0 -133.6 -82.0
20211030222406  -812.2 -135.6 -80.6
20211030222407  -812.4 -136.6 -80.9
20211030222408  -811.2 -137.6 -81.0
20211030222409  -810.3 -138.2 -81.3
20211030222410  -809.1 -137.6 -80.8
20211030222411  -807.6 -137.0 -80.0
20211030222412  -805.8 -137.4 -79.6
20211030222413  -804.3 -138.1 -80.1
20211030222414  -803.2 -139.1 -79.1
20211030222415  -801.9 -139.4 -78.0
20211030222416  -799.8 -139.2 -77.4
20211030222417  -798.4 -137.8 -76.5
20211030222418  -797.2 -135.6 -74.0
20211030222419  -794.4 -133.0 -71.3
20211030222420  -791.9 -130.7 -69.7
20211030222421  -789.2 -127.7 -67.9
20211030222422  -786.3 -124.4 -66.3
20211030222423  -783.1 -121.8 -65.6
20211030222424  -780.2 -119.9 -64.8
