20211203224031  -688.6 -79.2 -737.8
20211203224032  -688.6 -79.3 -737.8
20211203224033  -688.5 -79.5 -738.0
20211203224034  -688.4 -79.3 -738.2
20211203224035  -688.0 -78.9 -737.7
20211203224036  -688.0 -78.9 -737.2
20211203224037  -688.0 -78.5 -737.2
20211203224038  -687.7 -79.0 -737.2
20211203224039  -688.1 -78.9 -736.9
20211203224040  -688.9 -79.2 -737.5
20211203224041  -688.7 -79.1 -737.6
20211203224042  -688.8 -79.1 -737.6
20211203224043  -688.9 -78.9 -737.6
20211203224044  -689.1 -79.0 -737.6
20211203224045  -689.1 -79.1 -737.5
20211203224046  -689.4 -79.0 -737.8
20211203224047  -689.4 -79.0 -737.8
20211203224048  -689.4 -79.0 -737.6
20211203224049  -689.6 -78.9 -737.5
20211203224050  -689.5 -78.9 -738.0
20211203224051  -689.7 -78.8 -738.2
20211203224052  -690.0 -79.0 -738.1
20211203224053  -689.7 -78.9 -738.0
20211203224054  -689.8 -79.0 -738.2
20211203224055  -690.0 -78.9 -738.1
20211203224056  -690.1 -78.9 -738.1
20211203224057  -689.9 -79.2 -738.0
20211203224058  -690.0 -79.0 -738.1
20211203224059  -690.3 -78.9 -738.0
20211203224100  -690.1 -79.0 -738.0
20211203224101  -689.5 -78.7 -737.5
20211203224102  -689.4 -78.6 -737.5
20211203224103  -689.2 -78.9 -737.4
20211203224104  -689.4 -78.7 -737.2
20211203224105  -689.2 -78.7 -737.2
20211203224106  -689.7 -78.4 -737.6
20211203224107  -689.9 -78.6 -737.8
20211203224108  -689.9 -78.5 -738.1
20211203224109  -689.8 -78.3 -738.0
20211203224110  -689.8 -78.5 -737.9
20211203224111  -689.9 -78.7 -738.1
20211203224112  -690.1 -78.8 -738.3
20211203224113  -690.0 -78.5 -738.3
20211203224114  -690.0 -78.5 -738.2
20211203224115  -689.9 -78.7 -738.3
20211203224116  -690.1 -78.4 -738.4
20211203224117  -690.3 -78.6 -738.3
20211203224118  -690.1 -78.4 -738.2
20211203224119  -690.3 -78.6 -738.2
20211203224120  -690.0 -78.6 -738.2
20211203224121  -690.3 -78.4 -738.5
20211203224122  -690.3 -78.4 -738.4
20211203224123  -690.0 -78.3 -738.4
20211203224124  -690.4 -78.2 -738.4
20211203224125  -690.6 -78.6 -738.7
20211203224126  -690.5 -78.8 -738.6
20211203224127  -690.2 -78.5 -738.3
20211203224128  -689.7 -78.0 -737.7
20211203224129  -689.5 -78.0 -737.8
20211203224130  -689.1 -77.9 -737.7
20211203224131  -689.4 -77.5 -737.5
20211203224132  -689.4 -77.6 -737.2
20211203224133  -690.4 -77.7 -738.3
20211203224134  -690.5 -77.8 -737.7
20211203224135  -690.5 -77.8 -738.1
20211203224136  -690.6 -77.8 -738.3
20211203224137  -690.6 -77.8 -738.4
20211203224138  -690.8 -77.6 -738.3
20211203224139  -691.0 -77.7 -738.1
20211203224140  -691.0 -77.7 -738.2
20211203224141  -690.9 -77.5 -738.0
20211203224142  -690.9 -77.7 -738.2
20211203224143  -691.1 -77.6 -738.2
20211203224144  -691.3 -77.7 -737.9
20211203224145  -691.0 -77.5 -738.2
20211203224146  -690.7 -77.6 -738.5
20211203224147  -690.7 -77.3 -738.4
20211203224148  -691.0 -77.6 -738.2
20211203224149  -690.9 -77.5 -738.1
20211203224150  -691.0 -77.5 -738.7
20211203224151  -691.0 -77.7 -738.7
20211203224152  -691.2 -77.3 -738.6
20211203224153  -690.5 -77.5 -738.5
20211203224154  -690.3 -77.2 -737.9
20211203224155  -690.0 -76.9 -738.0
20211203224156  -689.9 -76.9 -737.4
20211203224157  -689.6 -76.6 -737.6
20211203224158  -689.3 -76.4 -737.1
20211203224159  -689.7 -76.1 -737.2
20211203224200  -689.9 -76.3 -738.0
20211203224201  -690.3 -76.4 -738.1
20211203224202  -690.2 -76.4 -737.9
20211203224203  -690.4 -76.1 -737.7
20211203224204  -690.3 -76.1 -737.6
20211203224205  -690.6 -76.2 -737.9
20211203224206  -690.2 -76.3 -737.8
20211203224207  -690.4 -76.1 -738.1
20211203224208  -690.5 -76.2 -738.1
20211203224209  -690.6 -76.1 -738.0
20211203224210  -690.7 -76.2 -737.8
20211203224211  -690.4 -76.2 -737.7
20211203224212  -690.5 -76.1 -737.8
20211203224213  -690.9 -76.1 -737.8
20211203224214  -690.8 -76.0 -738.0
20211203224215  -690.7 -76.1 -737.8
20211203224216  -690.6 -76.0 -737.8
20211203224217  -690.6 -76.3 -737.9
20211203224218  -690.5 -76.0 -737.7
20211203224219  -690.7 -76.2 -737.9
20211203224220  -690.1 -76.2 -737.8
20211203224221  -690.1 -75.8 -737.3
20211203224222  -689.7 -75.9 -737.4
20211203224223  -689.6 -75.6 -737.1
20211203224224  -689.5 -75.7 -737.0
20211203224225  -689.7 -75.5 -737.5
20211203224226  -690.1 -75.2 -737.8
20211203224227  -690.5 -75.5 -737.8
20211203224228  -690.2 -75.6 -737.8
20211203224229  -690.1 -75.5 -737.9
20211203224230  -690.4 -75.4 -737.9
20211203224231  -690.3 -75.5 -737.8
20211203224232  -690.2 -75.4 -738.0
20211203224233  -690.1 -75.4 -738.0
20211203224234  -690.2 -75.4 -737.8
20211203224235  -690.2 -75.4 -737.9
20211203224236  -690.3 -75.4 -738.2
20211203224237  -690.2 -75.4 -737.7
20211203224238  -690.1 -75.1 -737.9
20211203224239  -690.1 -75.0 -737.9
20211203224240  -690.2 -75.0 -737.8
20211203224241  -690.0 -75.1 -737.8
20211203224242  -690.0 -75.0 -738.0
20211203224243  -690.1 -74.8 -737.9
20211203224244  -690.1 -74.7 -737.8
20211203224245  -689.9 -74.6 -737.9
20211203224246  -689.7 -75.3 -737.9
20211203224247  -689.1 -75.1 -737.6
20211203224248  -689.0 -75.0 -737.4
20211203224249  -688.5 -74.8 -737.3
20211203224250  -688.5 -74.5 -737.0
20211203224251  -688.8 -74.2 -736.8
20211203224252  -689.3 -74.4 -737.4
20211203224253  -689.5 -74.7 -737.6
20211203224254  -689.5 -74.5 -738.0
20211203224255  -689.3 -74.5 -737.8
20211203224256  -689.1 -74.6 -737.7
20211203224257  -689.5 -74.5 -737.7
20211203224258  -689.3 -74.7 -737.8
20211203224259  -689.1 -74.5 -737.6
20211203224300  -688.9 -74.6 -737.7
20211203224301  -689.0 -74.4 -737.7
20211203224302  -688.9 -74.3 -737.8
20211203224303  -689.1 -74.4 -737.8
20211203224304  -688.9 -74.4 -737.7
20211203224305  -688.9 -74.6 -737.7
20211203224306  -689.3 -74.7 -737.7
20211203224307  -689.4 -74.5 -738.0
20211203224308  -689.4 -74.5 -738.0
20211203224309  -689.1 -74.4 -738.0
20211203224310  -689.4 -74.3 -737.9
20211203224311  -689.2 -74.5 -738.0
20211203224312  -689.4 -74.7 -738.0
20211203224313  -689.0 -74.5 -737.6
20211203224314  -688.3 -74.6 -737.2
20211203224315  -688.3 -74.8 -736.9
20211203224316  -688.3 -74.6 -736.8
20211203224317  -688.6 -74.5 -737.3
20211203224318  -688.8 -74.4 -737.5
20211203224319  -689.0 -74.5 -737.3
20211203224320  -689.2 -74.7 -737.6
20211203224321  -689.1 -74.5 -737.8
20211203224322  -688.6 -74.5 -737.7
20211203224323  -688.9 -74.4 -737.7
20211203224324  -689.1 -74.5 -738.2
20211203224325  -689.0 -74.5 -737.8
20211203224326  -689.1 -74.7 -737.8
20211203224327  -688.9 -74.6 -737.8
20211203224328  -689.1 -74.8 -737.7
20211203224329  -689.3 -74.7 -737.5
20211203224330  -688.9 -74.6 -737.5
20211203224331  -689.1 -74.6 -737.9
20211203224332  -689.5 -74.5 -737.7
20211203224333  -689.6 -74.3 -737.8
20211203224334  -689.4 -74.4 -738.0
20211203224335  -689.5 -74.8 -737.9
20211203224336  -689.7 -74.7 -738.1
20211203224337  -689.8 -74.5 -738.0
20211203224338  -689.9 -74.8 -737.9
20211203224339  -689.3 -74.6 -737.8
20211203224340  -688.9 -74.1 -737.1
20211203224341  -688.7 -74.3 -737.1
20211203224342  -688.4 -74.0 -736.9
20211203224343  -688.9 -74.3 -737.0
20211203224344  -689.1 -74.3 -737.2
20211203224345  -689.4 -74.3 -737.5
20211203224346  -689.2 -74.4 -737.4
20211203224347  -689.2 -74.5 -737.3
20211203224348  -689.3 -74.4 -737.4
20211203224349  -689.4 -74.2 -737.6
20211203224350  -689.6 -74.2 -737.4
20211203224351  -689.5 -74.3 -737.4
20211203224352  -689.5 -74.0 -737.6
20211203224353  -689.5 -74.2 -737.2
20211203224354  -689.6 -74.4 -737.5
20211203224355  -689.5 -74.0 -737.5
20211203224356  -689.5 -74.3 -737.3
20211203224357  -689.5 -74.2 -737.8
20211203224358  -689.4 -74.1 -737.8
20211203224359  -689.6 -74.3 -737.8
20211203224400  -689.7 -74.1 -737.6
20211203224401  -689.8 -74.4 -737.8
20211203224402  -689.7 -74.4 -737.8
20211203224403  -689.8 -74.2 -737.9
20211203224404  -689.9 -74.4 -737.7
20211203224405  -689.5 -74.6 -737.7
20211203224406  -689.3 -74.4 -737.6
20211203224407  -689.1 -74.3 -737.2
20211203224408  -688.9 -74.4 -737.1
20211203224409  -689.8 -74.4 -737.6
20211203224410  -690.0 -74.6 -737.8
20211203224411  -690.0 -74.5 -737.9
20211203224412  -689.9 -74.5 -737.8
20211203224413  -689.9 -74.6 -738.0
20211203224414  -690.0 -74.4 -738.5
20211203224415  -690.0 -74.7 -737.9
20211203224416  -690.0 -74.5 -737.8
20211203224417  -690.2 -74.7 -737.8
20211203224418  -690.0 -75.0 -738.3
20211203224419  -690.4 -74.7 -737.9
20211203224420  -690.4 -74.6 -737.8
20211203224421  -690.4 -74.6 -738.2
20211203224422  -690.3 -74.5 -737.9
20211203224423  -690.5 -74.5 -738.0
20211203224424  -690.6 -74.7 -737.8
20211203224425  -690.6 -74.9 -737.7
20211203224426  -690.4 -74.8 -737.9
20211203224427  -690.8 -74.8 -737.9
20211203224428  -690.6 -74.6 -738.0
20211203224429  -690.5 -74.9 -737.8
20211203224430  -690.9 -74.8 -737.8
20211203224431  -690.2 -74.9 -738.1
20211203224432  -690.0 -74.7 -737.5
20211203224433  -689.9 -74.6 -737.3
20211203224434  -689.7 -74.0 -736.8
20211203224435  -690.2 -74.6 -737.4
20211203224436  -690.2 -74.8 -737.4
20211203224437  -690.0 -74.7 -737.8
20211203224438  -690.0 -74.4 -737.9
20211203224439  -690.1 -74.6 -738.0
20211203224440  -689.9 -74.5 -738.0
20211203224441  -690.0 -74.8 -738.2
20211203224442  -690.1 -74.7 -738.2
20211203224443  -690.2 -74.8 -738.3
20211203224444  -690.2 -74.6 -737.9
20211203224445  -690.2 -74.4 -738.0
20211203224446  -690.0 -74.6 -737.9
20211203224447  -690.2 -75.1 -738.2
20211203224448  -690.5 -74.8 -738.4
20211203224449  -690.5 -74.8 -738.0
20211203224450  -690.5 -75.0 -738.3
20211203224451  -690.9 -75.0 -738.4
20211203224452  -690.9 -74.9 -738.6
20211203224453  -691.0 -74.9 -738.4
20211203224454  -691.3 -75.0 -738.6
20211203224455  -691.3 -75.1 -738.9
20211203224456  -691.3 -75.1 -738.8
20211203224457  -691.3 -75.0 -738.9
20211203224458  -690.7 -75.0 -738.4
20211203224459  -690.6 -74.8 -737.9
20211203224500  -690.2 -74.7 -738.0
20211203224501  -690.8 -74.5 -737.9
20211203224502  -691.3 -74.7 -738.5
20211203224503  -691.4 -74.8 -738.4
20211203224504  -691.5 -74.7 -738.7
20211203224505  -691.6 -74.8 -738.5
20211203224506  -691.9 -74.8 -738.5
20211203224507  -692.0 -74.7 -738.6
20211203224508  -691.9 -74.6 -738.5
20211203224509  -692.2 -74.8 -738.4
20211203224510  -692.4 -74.9 -738.9
20211203224511  -692.4 -74.7 -738.5
20211203224512  -692.5 -74.5 -738.2
20211203224513  -692.6 -74.8 -738.3
20211203224514  -692.6 -74.9 -738.3
20211203224515  -692.9 -75.0 -738.7
20211203224516  -692.7 -75.0 -738.5
20211203224517  -693.0 -74.9 -738.7
20211203224518  -693.0 -74.6 -738.6
20211203224519  -692.9 -74.7 -738.6
20211203224520  -692.9 -75.1 -738.5
20211203224521  -692.9 -75.0 -738.5
20211203224522  -693.2 -75.0 -738.5
20211203224523  -693.2 -74.8 -738.6
20211203224524  -692.7 -74.9 -738.4
20211203224525  -691.9 -74.8 -738.0
20211203224526  -692.0 -74.7 -737.8
20211203224527  -692.2 -74.4 -737.5
20211203224528  -693.1 -74.3 -738.1
20211203224529  -692.8 -74.6 -738.2
20211203224530  -693.0 -74.8 -738.0
20211203224531  -692.9 -74.6 -738.4
20211203224532  -692.5 -74.8 -738.1
20211203224533  -692.8 -74.7 -738.0
20211203224534  -692.9 -74.8 -738.1
20211203224535  -692.7 -75.1 -737.9
20211203224536  -692.8 -74.8 -737.8
20211203224537  -692.9 -74.9 -738.1
20211203224538  -693.0 -74.9 -737.9
20211203224539  -693.0 -75.1 -738.1
20211203224540  -692.6 -75.0 -738.0
20211203224541  -692.8 -75.2 -737.6
20211203224542  -692.8 -75.1 -737.9
20211203224543  -692.7 -74.8 -738.0
20211203224544  -692.5 -74.9 -738.2
20211203224545  -692.8 -74.9 -738.2
20211203224546  -692.7 -74.8 -738.1
20211203224547  -692.8 -74.9 -738.2
20211203224548  -693.1 -74.8 -738.0
20211203224549  -693.1 -74.8 -738.1
20211203224550  -692.5 -74.9 -738.3
20211203224551  -692.2 -75.0 -737.5
20211203224552  -691.7 -74.5 -737.8
20211203224553  -691.4 -74.5 -737.5
20211203224554  -691.8 -74.4 -737.5
20211203224555  -692.1 -74.5 -737.8
20211203224556  -692.1 -74.7 -737.9
20211203224557  -692.3 -74.7 -737.8
20211203224558  -692.1 -74.7 -738.0
20211203224559  -692.2 -74.8 -737.8
20211203224600  -692.3 -74.7 -737.8
20211203224601  -692.2 -74.9 -737.9
20211203224602  -692.1 -74.6 -737.7
20211203224603  -691.8 -74.7 -737.4
20211203224604  -692.2 -74.6 -737.8
20211203224605  -692.2 -74.6 -738.0
20211203224606  -692.2 -74.7 -737.8
20211203224607  -692.2 -74.8 -737.9
20211203224608  -692.1 -74.6 -738.0
20211203224609  -692.0 -74.6 -737.7
20211203224610  -691.8 -74.5 -737.8
20211203224611  -692.0 -74.9 -737.7
20211203224612  -692.4 -74.5 -737.7
20211203224613  -692.5 -74.4 -738.0
20211203224614  -692.6 -74.5 -738.0
20211203224615  -692.4 -74.3 -737.8
20211203224616  -691.8 -74.4 -737.9
20211203224617  -691.4 -74.3 -737.4
20211203224618  -691.2 -74.1 -737.2
20211203224619  -691.0 -74.1 -736.8
20211203224620  -690.8 -74.0 -736.7
20211203224621  -691.4 -73.9 -736.8
20211203224622  -691.6 -73.8 -737.2
20211203224623  -691.9 -74.0 -737.4
20211203224624  -691.8 -73.9 -737.4
20211203224625  -691.7 -73.8 -737.9
20211203224626  -691.9 -73.9 -737.7
20211203224627  -691.8 -74.0 -737.5
20211203224628  -691.5 -73.8 -737.4
20211203224629  -691.6 -73.8 -737.4
20211203224630  -691.6 -73.8 -737.3
20211203224631  -691.6 -73.7 -737.1
20211203224632  -691.3 -73.6 -737.5
20211203224633  -691.4 -74.0 -737.1
20211203224634  -691.2 -73.9 -737.0
20211203224635  -691.2 -73.9 -736.9
20211203224636  -691.1 -73.9 -737.0
20211203224637  -691.5 -74.2 -737.1
20211203224638  -691.4 -73.9 -737.3
20211203224639  -691.3 -74.0 -737.3
20211203224640  -691.3 -73.9 -737.4
20211203224641  -691.2 -73.8 -737.3
20211203224642  -691.1 -73.8 -737.8
20211203224643  -690.8 -74.1 -737.2
20211203224644  -690.4 -74.2 -737.0
20211203224645  -690.3 -73.8 -736.2
20211203224646  -690.0 -73.7 -736.5
20211203224647  -690.0 -73.7 -736.6
20211203224648  -690.2 -73.5 -736.8
20211203224649  -690.4 -73.6 -736.7
20211203224650  -690.5 -73.6 -736.9
20211203224651  -691.1 -73.6 -736.9
20211203224652  -691.0 -73.6 -737.0
20211203224653  -691.0 -73.7 -736.9
20211203224654  -691.0 -73.7 -737.1
20211203224655  -690.6 -73.8 -737.3
20211203224656  -690.4 -73.6 -736.9
20211203224657  -690.2 -73.8 -736.8
20211203224658  -690.3 -73.7 -736.9
20211203224659  -690.6 -73.4 -737.0
20211203224700  -690.4 -73.8 -737.2
20211203224701  -690.2 -73.9 -737.3
20211203224702  -690.0 -73.9 -737.1
20211203224703  -690.0 -73.8 -737.1
20211203224704  -690.2 -74.1 -737.2
20211203224705  -690.1 -74.1 -737.1
20211203224706  -690.1 -74.1 -737.0
20211203224707  -689.9 -74.2 -736.8
20211203224708  -689.8 -74.1 -737.0
20211203224709  -689.2 -74.2 -736.7
20211203224710  -688.6 -73.9 -736.3
20211203224711  -688.5 -73.9 -736.2
20211203224712  -688.2 -73.7 -736.0
20211203224713  -688.1 -73.4 -735.4
20211203224714  -688.6 -73.6 -736.2
20211203224715  -688.5 -73.7 -736.3
20211203224716  -688.7 -73.7 -736.3
20211203224717  -688.4 -73.6 -736.5
20211203224718  -688.4 -74.0 -736.5
20211203224719  -688.7 -73.7 -737.0
20211203224720  -688.6 -73.7 -736.6
20211203224721  -688.6 -73.7 -736.5
20211203224722  -688.8 -73.8 -736.4
20211203224723  -688.6 -73.8 -736.3
20211203224724  -688.8 -74.1 -736.4
20211203224725  -688.6 -74.0 -736.5
20211203224726  -688.5 -73.9 -736.3
20211203224727  -688.4 -74.1 -736.6
20211203224728  -688.6 -74.0 -736.5
20211203224729  -688.3 -73.8 -736.5
20211203224730  -688.2 -73.9 -736.7
20211203224731  -688.1 -74.0 -736.8
20211203224732  -688.2 -74.1 -736.4
20211203224733  -688.3 -73.7 -736.8
20211203224734  -688.2 -73.9 -736.5
20211203224735  -687.9 -74.2 -736.4
20211203224736  -687.4 -74.0 -735.8
20211203224737  -687.1 -73.7 -735.5
20211203224738  -687.0 -73.5 -735.2
20211203224739  -686.9 -73.9 -735.3
20211203224740  -687.1 -73.6 -735.4
20211203224741  -687.7 -73.5 -735.7
20211203224742  -687.7 -73.5 -736.0
20211203224743  -687.6 -73.4 -736.0
20211203224744  -687.4 -73.5 -736.0
20211203224745  -687.4 -73.6 -735.9
20211203224746  -687.7 -73.7 -735.8
20211203224747  -687.4 -73.8 -735.9
20211203224748  -687.4 -74.0 -735.8
20211203224749  -687.2 -73.7 -735.8
20211203224750  -687.0 -73.7 -735.9
20211203224751  -687.2 -73.8 -735.8
20211203224752  -687.2 -73.9 -735.7
20211203224753  -687.2 -73.7 -735.9
20211203224754  -687.2 -73.7 -735.9
20211203224755  -687.2 -73.9 -736.0
20211203224756  -687.1 -73.6 -736.0
20211203224757  -686.7 -73.7 -735.9
20211203224758  -686.5 -73.6 -735.7
20211203224759  -686.6 -73.4 -735.9
20211203224800  -686.7 -73.8 -735.7
20211203224801  -686.3 -74.2 -736.1
20211203224802  -685.9 -74.1 -735.5
20211203224803  -685.6 -73.6 -735.1
20211203224804  -685.4 -73.9 -734.7
20211203224805  -685.2 -74.0 -734.6
20211203224806  -685.3 -73.9 -735.0
20211203224807  -685.8 -73.9 -735.4
20211203224808  -685.6 -73.8 -735.2
20211203224809  -685.8 -74.0 -735.4
20211203224810  -685.3 -73.8 -735.5
20211203224811  -685.3 -74.0 -735.5
20211203224812  -685.4 -73.9 -735.6
20211203224813  -685.3 -73.7 -735.8
