86.4
20211031220237  -891.9 -17.2 -185.7
20211031220238  -891.6 -17.3 -184.9
20211031220239  -891.5 -17.1 -184.8
20211031220240  -891.2 -17.0 -184.8
20211031220241  -891.1 -17.1 -184.4
20211031220242  -890.9 -17.0 -183.9
20211031220243  -890.7 -17.1 -182.9
20211031220244  -890.4 -16.9 -182.4
20211031220245  -890.4 -16.5 -182.0
20211031220246  -890.3 -16.7 -181.7
20211031220247  -890.1 -16.1 -181.6
20211031220248  -890.3 -16.0 -181.6
20211031220249  -890.5 -15.7 -181.1
20211031220250  -890.6 -15.2 -180.5
20211031220251  -890.8 -14.7 -180.1
20211031220252  -890.7 -14.4 -180.0
20211031220253  -891.1 -14.5 -179.5
20211031220254  -891.5 -14.4 -179.6
20211031220255  -891.6 -14.3 -179.5
20211031220256  -891.2 -13.7 -179.1
20211031220257  -891.4 -13.8 -179.0
20211031220258  -891.9 -13.3 -178.7
20211031220259  -891.8 -13.4 -178.3
20211031220300  -891.7 -12.6 -178.0
20211031220301  -891.7 -12.3 -177.8
20211031220302  -892.3 -12.0 -178.1
20211031220303  -892.9 -11.8 -178.2
20211031220304  -893.0 -11.4 -178.2
20211031220305  -893.3 -11.5 -178.7
20211031220306  -893.9 -11.3 -178.6
20211031220307  -894.7 -11.1 -178.5
20211031220308  -895.0 -11.0 -178.1
20211031220309  -895.4 -10.9 -178.3
20211031220310  -895.7 -11.1 -178.3
20211031220311  -896.0 -10.9 -178.2
20211031220312  -896.7 -11.4 -177.5
20211031220313  -896.8 -11.5 -177.4
20211031220314  -896.9 -11.7 -177.3
20211031220315  -897.1 -11.6 -177.3
20211031220316  -897.3 -11.9 -177.2
20211031220317  -897.4 -12.4 -177.0
20211031220318  -897.9 -12.8 -176.8
20211031220319  -898.1 -13.1 -176.8
20211031220320  -898.6 -13.1 -177.0
20211031220321  -898.6 -12.7 -177.3
20211031220322  -899.0 -12.8 -177.4
20211031220323  -899.1 -12.9 -177.7
20211031220324  -899.1 -13.2 -178.0
20211031220325  -899.0 -13.6 -177.8
20211031220326  -899.1 -13.9 -177.8
20211031220327  -899.0 -14.2 -178.0
20211031220328  -898.9 -14.1 -178.3
20211031220329  -898.6 -14.4 -178.6
20211031220330  -898.3 -14.6 -178.7
20211031220331  -898.1 -14.7 -178.6
20211031220332  -897.9 -15.2 -178.7
20211031220333  -897.4 -15.3 -178.7
20211031220334  -897.5 -15.7 -179.1
20211031220335  -897.4 -15.9 -179.4
20211031220336  -897.8 -16.1 -180.2
20211031220337  -897.8 -17.1 -181.0
20211031220338  -898.2 -17.8 -181.7
20211031220339  -898.8 -18.2 -182.2
20211031220340  -899.1 -19.0 -182.9
20211031220341  -899.3 -19.4 -182.7
20211031220342  -899.4 -19.7 -182.5
20211031220343  -899.4 -19.9 -182.7
20211031220344  -899.9 -19.4 -182.4
20211031220345  -900.2 -19.4 -182.7
20211031220346  -900.8 -19.4 -182.6
20211031220347  -901.2 -19.5 -182.7
20211031220348  -901.7 -19.5 -183.1
20211031220349  -902.3 -19.8 -183.0
20211031220350  -902.7 -19.9 -182.8
20211031220351  -903.3 -20.1 -182.6
20211031220352  -903.9 -19.9 -181.9
20211031220353  -904.5 -19.4 -181.6
20211031220354  -905.2 -19.4 -181.7
20211031220355  -905.8 -19.3 -181.2
20211031220356  -906.6 -18.9 -180.8
20211031220357  -907.3 -19.3 -180.6
20211031220358  -908.0 -19.5 -180.8
20211031220359  -908.7 -19.3 -180.4
20211031220400  -909.9 -19.5 -180.5
20211031220401  -910.7 -19.9 -180.4
20211031220402  -911.2 -19.8 -180.0
20211031220403  -911.8 -20.0 -179.6
20211031220404  -912.3 -20.2 -179.7
20211031220405  -912.9 -20.1 -180.0
20211031220406  -913.7 -19.9 -180.3
20211031220407  -914.7 -20.3 -180.7
20211031220408  -915.3 -20.0 -180.7
20211031220409  -915.8 -20.2 -180.6
20211031220410  -916.6 -20.2 -180.5
20211031220411  -917.0 -20.4 -180.7
20211031220412  -917.7 -20.3 -180.9
20211031220413  -918.5 -20.5 -181.2
20211031220414  -918.8 -20.6 -181.4
20211031220415  -919.5 -20.9 -181.4
20211031220416  -920.3 -21.3 -181.3
20211031220417  -920.9 -21.3 -181.3
20211031220418  -921.5 -21.6 -181.4
20211031220419  -922.0 -22.1 -181.3
20211031220420  -922.4 -22.4 -181.3
20211031220421  -922.5 -22.8 -181.1
20211031220422  -922.9 -23.3 -181.6
20211031220423  -923.6 -23.5 -181.4
20211031220424  -924.1 -23.6 -181.4
20211031220425  -924.3 -23.6 -181.2
20211031220426  -924.7 -23.5 -181.2
20211031220427  -925.1 -23.6 -181.3
20211031220428  -925.0 -24.0 -181.6
20211031220429  -925.1 -23.8 -181.8
20211031220430  -925.3 -24.5 -182.1
20211031220431  -925.9 -24.5 -182.4
20211031220432  -925.8 -24.5 -182.6
20211031220433  -926.0 -24.5 -182.9
20211031220434  -926.0 -24.5 -182.8
20211031220435  -926.0 -24.6 -183.2
20211031220436  -926.0 -24.4 -183.3
20211031220437  -925.6 -24.6 -183.0
20211031220438  -925.9 -24.5 -183.5
20211031220439  -925.7 -24.2 -183.5
20211031220440  -926.1 -24.3 -183.8
20211031220441  -926.0 -24.4 -184.3
20211031220442  -925.6 -24.5 -184.5
20211031220443  -926.0 -24.7 -184.7
20211031220444  -926.1 -25.1 -185.0
20211031220445  -926.4 -25.0 -184.8
20211031220446  -926.2 -25.2 -185.1
20211031220447  -926.2 -24.9 -185.1
20211031220448  -926.3 -24.9 -185.4
20211031220449  -926.2 -24.9 -185.2
20211031220450  -926.0 -25.2 -185.1
20211031220451  -925.9 -25.5 -185.1
20211031220452  -925.6 -25.6 -184.9
20211031220453  -925.2 -25.6 -185.2
20211031220454  -924.8 -25.9 -185.0
20211031220455  -924.3 -25.8 -185.2
20211031220456  -923.9 -25.9 -185.3
20211031220457  -923.6 -26.0 -185.5
20211031220458  -923.4 -25.9 -185.8
20211031220459  -923.0 -26.0 -185.9
20211031220500  -922.5 -26.1 -185.7
20211031220501  -922.5 -25.8 -186.2
20211031220502  -922.4 -25.6 -186.8
20211031220503  -922.6 -25.5 -187.1
20211031220504  -922.2 -25.5 -186.9
20211031220505  -922.0 -25.3 -187.3
20211031220506  -921.8 -25.4 -187.4
20211031220507  -922.0 -24.9 -187.7
20211031220508  -922.1 -24.4 -187.6
20211031220509  -922.2 -24.4 -188.0
20211031220510  -922.1 -24.1 -188.3
20211031220511  -922.3 -23.8 -188.3
20211031220512  -922.4 -23.3 -188.1
20211031220513  -922.3 -22.7 -188.0
20211031220514  -921.8 -22.5 -188.2
20211031220515  -921.8 -22.1 -188.5
20211031220516  -921.8 -22.0 -188.4
20211031220517  -921.4 -21.8 -188.2
20211031220518  -921.2 -21.6 -188.2
20211031220519  -921.2 -21.6 -188.7
20211031220520  -920.8 -21.3 -188.9
20211031220521  -920.7 -21.2 -189.2
20211031220522  -920.6 -21.0 -189.0
20211031220523  -920.4 -20.9 -189.1
20211031220524  -920.6 -21.0 -189.6
20211031220525  -920.7 -20.9 -189.7
20211031220526  -920.7 -20.4 -190.1
20211031220527  -921.0 -19.9 -190.4
20211031220528  -921.2 -19.9 -190.8
20211031220529  -921.3 -19.2 -191.0
20211031220530  -921.8 -19.2 -191.0
20211031220531  -921.8 -18.9 -191.0
20211031220532  -922.0 -18.5 -191.2
20211031220533  -922.1 -18.1 -191.4
20211031220534  -922.2 -17.6 -191.5
20211031220535  -922.4 -17.5 -191.9
20211031220536  -922.2 -17.4 -192.2
20211031220537  -922.3 -17.4 -192.1
20211031220538  -922.8 -17.0 -192.3
20211031220539  -923.2 -16.5 -192.4
20211031220540  -923.0 -16.2 -192.5
20211031220541  -923.3 -15.9 -192.8
20211031220542  -923.8 -15.6 -192.6
20211031220543  -924.0 -15.6 -192.9
20211031220544  -924.4 -15.3 -193.1
20211031220545  -924.9 -15.5 -193.7
20211031220546  -925.0 -15.5 -193.8
20211031220547  -925.4 -15.1 -194.2
20211031220548  -926.1 -15.3 -194.3
20211031220549  -926.3 -15.1 -194.3
20211031220550  -927.0 -15.5 -194.6
20211031220551  -927.2 -15.5 -194.6
20211031220552  -927.5 -15.1 -194.5
20211031220553  -928.2 -14.9 -194.6
20211031220554  -928.5 -14.5 -194.5
20211031220555  -929.1 -14.4 -195.0
20211031220556  -929.6 -14.0 -194.5
20211031220557  -930.4 -13.6 -194.9
20211031220558  -930.8 -13.3 -195.0
20211031220559  -931.2 -13.3 -195.1
20211031220600  -931.7 -13.0 -195.1
20211031220601  -931.3 -13.0 -194.9
20211031220602  -932.7 -12.7 -195.3
20211031220603  -933.4 -12.5 -195.5
20211031220604  -934.2 -12.4 -195.9
20211031220605  -934.9 -12.3 -196.3
20211031220606  -935.7 -11.5 -196.4
20211031220607  -936.7 -11.2 -196.7
20211031220608  -937.5 -10.8 -196.6
20211031220609  -937.9 -10.5 -196.8
20211031220610  -938.6 -10.1 -196.5
20211031220611  -939.1 -9.6 -197.0
20211031220612  -939.2 -9.7 -197.0
20211031220613  -939.8 -9.8 -197.1
20211031220614  -939.9 -9.8 -197.3
20211031220615  -940.4 -9.8 -197.5
20211031220616  -940.8 -10.1 -198.0
20211031220617  -941.3 -10.5 -198.3
20211031220618  -941.8 -10.9 -198.7
