20211110172030  -671.2 -88.0 -183.2
20211110172031  -671.3 -87.9 -183.2
20211110172032  -671.3 -87.5 -183.3
20211110172033  -671.6 -87.6 -183.3
20211110172034  -671.6 -87.8 -183.5
20211110172035  -671.5 -88.0 -183.4
20211110172036  -671.3 -87.7 -183.6
20211110172037  -671.2 -87.6 -183.8
20211110172038  -671.4 -87.7 -183.6
20211110172039  -671.3 -87.6 -183.5
20211110172040  -671.4 -87.8 -183.5
20211110172041  -671.6 -88.1 -183.2
20211110172042  -671.3 -87.9 -183.1
20211110172043  -671.4 -87.8 -183.2
20211110172044  -671.1 -87.9 -183.4
20211110172045  -670.9 -87.6 -183.3
20211110172046  -671.3 -87.6 -183.4
20211110172047  -671.4 -87.7 -183.5
20211110172048  -671.6 -87.9 -183.4
20211110172049  -671.6 -88.1 -183.5
20211110172050  -671.6 -88.0 -183.4
20211110172051  -671.7 -87.8 -183.2
20211110172052  -671.5 -87.7 -183.2
20211110172053  -671.2 -87.6 -183.3
20211110172054  -670.9 -87.4 -182.7
20211110172055  -670.7 -87.2 -182.8
20211110172056  -670.6 -87.2 -182.7
20211110172057  -671.2 -87.4 -182.9
20211110172058  -671.3 -87.5 -182.9
20211110172059  -671.1 -87.3 -182.8
20211110172100  -671.2 -87.3 -183.1
20211110172101  -671.3 -87.4 -183.4
20211110172102  -671.0 -87.3 -183.1
20211110172103  -670.9 -87.0 -183.2
20211110172104  -671.1 -87.1 -183.2
20211110172105  -671.1 -87.1 -183.4
20211110172106  -671.1 -87.3 -183.2
20211110172107  -671.1 -87.6 -183.4
20211110172108  -671.3 -87.3 -183.3
20211110172109  -671.4 -87.1 -183.2
20211110172110  -671.2 -87.3 -183.2
20211110172111  -671.1 -87.2 -183.5
20211110172112  -671.2 -87.3 -183.6
20211110172113  -671.2 -87.4 -183.5
20211110172114  -671.3 -87.1 -183.5
20211110172115  -671.5 -87.4 -183.8
20211110172116  -671.3 -86.8 -183.5
20211110172117  -671.2 -87.1 -183.1
20211110172118  -671.2 -87.3 -183.3
20211110172119  -671.4 -86.8 -183.4
20211110172120  -671.1 -87.0 -183.0
20211110172121  -671.3 -87.1 -183.1
20211110172122  -671.2 -87.3 -183.0
20211110172123  -671.3 -87.2 -183.1
20211110172124  -670.6 -87.5 -182.6
20211110172125  -670.5 -86.8 -182.5
20211110172126  -670.6 -86.7 -182.2
20211110172127  -670.7 -86.9 -182.4
20211110172128  -671.3 -87.3 -182.6
20211110172129  -671.2 -87.2 -182.8
20211110172130  -671.6 -87.3 -183.3
20211110172131  -671.7 -87.5 -183.3
20211110172132  -671.7 -87.5 -183.3
20211110172133  -672.1 -87.2 -183.3
20211110172134  -672.4 -87.2 -183.5
20211110172135  -672.5 -87.3 -183.3
20211110172136  -672.7 -87.1 -183.5
20211110172137  -672.9 -86.7 -183.4
20211110172138  -672.7 -86.0 -183.6
20211110172139  -672.1 -86.0 -183.5
20211110172140  -671.8 -85.9 -183.4
20211110172141  -671.3 -85.8 -183.2
20211110172142  -670.8 -86.1 -183.3
20211110172143  -670.3 -86.3 -183.2
20211110172144  -670.2 -86.5 -183.3
20211110172145  -670.2 -86.7 -183.1
20211110172146  -670.4 -86.9 -183.0
20211110172147  -670.7 -87.2 -182.7
20211110172148  -670.4 -86.8 -182.8
20211110172149  -670.2 -86.8 -183.0
20211110172150  -670.4 -86.9 -183.2
20211110172151  -670.7 -87.2 -183.2
20211110172152  -670.9 -87.2 -183.1
20211110172153  -670.8 -87.2 -183.0
20211110172154  -670.4 -87.2 -182.4
20211110172155  -670.0 -86.8 -182.2
20211110172156  -669.6 -86.9 -181.9
20211110172157  -669.9 -86.9 -182.1
20211110172158  -670.4 -87.1 -182.8
20211110172159  -670.4 -86.8 -182.5
20211110172200  -670.6 -86.9 -182.3
20211110172201  -670.5 -87.2 -182.4
20211110172202  -670.7 -87.2 -182.3
20211110172203  -670.7 -87.2 -182.6
20211110172204  -670.7 -87.1 -182.7
20211110172205  -670.9 -87.0 -182.8
20211110172206  -670.9 -87.0 -182.6
20211110172207  -670.8 -87.1 -182.5
20211110172208  -670.7 -87.1 -182.6
20211110172209  -671.0 -87.3 -182.7
20211110172210  -670.7 -87.4 -182.2
20211110172211  -670.7 -87.3 -182.4
20211110172212  -670.8 -87.4 -182.6
20211110172213  -670.8 -87.7 -182.4
20211110172214  -670.6 -87.6 -182.5
20211110172215  -670.6 -87.5 -182.8
20211110172216  -670.5 -87.3 -182.4
20211110172217  -670.4 -87.2 -182.5
20211110172218  -670.5 -86.9 -182.7
20211110172219  -670.6 -87.3 -183.0
20211110172220  -670.6 -87.5 -182.9
20211110172221  -670.8 -87.6 -182.7
20211110172222  -670.7 -87.3 -182.5
20211110172223  -670.9 -87.2 -182.8
20211110172224  -670.6 -87.1 -182.6
20211110172225  -669.8 -87.1 -181.9
20211110172226  -669.6 -87.0 -181.9
20211110172227  -669.8 -86.9 -182.2
20211110172228  -670.3 -87.2 -182.5
20211110172229  -670.3 -87.2 -182.4
20211110172230  -670.3 -87.5 -182.8
20211110172231  -670.4 -87.3 -182.7
20211110172232  -670.5 -87.5 -182.8
20211110172233  -670.7 -87.5 -182.7
20211110172234  -670.3 -87.3 -182.6
20211110172235  -670.6 -87.3 -182.6
20211110172236  -670.3 -87.2 -182.9
20211110172237  -670.6 -87.1 -182.4
20211110172238  -670.5 -87.0 -182.4
20211110172239  -670.3 -87.1 -182.7
20211110172240  -670.5 -87.1 -182.5
20211110172241  -670.8 -87.2 -182.5
20211110172242  -670.4 -87.0 -182.7
20211110172243  -670.5 -87.3 -182.6
20211110172244  -670.5 -87.0 -182.5
20211110172245  -670.3 -87.2 -182.7
20211110172246  -670.3 -87.4 -182.5
20211110172247  -670.4 -87.5 -182.8
20211110172248  -670.6 -87.1 -183.0
20211110172249  -670.8 -87.3 -182.8
20211110172250  -670.7 -87.2 -182.8
20211110172251  -670.6 -87.2 -182.7
20211110172252  -670.6 -87.3 -182.8
20211110172253  -670.6 -87.2 -182.7
20211110172254  -670.5 -87.4 -182.8
20211110172255  -670.3 -87.5 -182.2
20211110172256  -669.7 -87.3 -182.2
20211110172257  -670.3 -87.3 -182.6
20211110172258  -670.5 -87.2 -182.9
20211110172259  -670.3 -87.1 -183.1
20211110172300  -670.3 -87.0 -182.9
20211110172301  -670.3 -87.2 -182.7
20211110172302  -670.6 -87.7 -182.7
20211110172303  -670.3 -87.3 -182.8
20211110172304  -670.3 -87.2 -182.5
20211110172305  -670.7 -87.2 -182.6
20211110172306  -670.5 -87.5 -182.6
20211110172307  -670.5 -87.2 -183.0
20211110172308  -670.5 -87.3 -183.0
20211110172309  -670.4 -87.1 -182.7
20211110172310  -670.2 -87.1 -182.6
20211110172311  -670.1 -87.2 -182.8
20211110172312  -670.6 -87.1 -182.9
20211110172313  -670.6 -87.3 -183.0
20211110172314  -670.4 -87.3 -183.0
20211110172315  -670.3 -87.0 -182.9
20211110172316  -670.5 -86.9 -182.9
20211110172317  -670.4 -86.7 -182.6
20211110172318  -670.7 -87.0 -182.9
20211110172319  -670.5 -87.2 -182.9
20211110172320  -670.4 -87.2 -182.8
20211110172321  -670.6 -87.0 -182.9
20211110172322  -670.6 -87.3 -182.7
20211110172323  -670.3 -87.1 -182.7
20211110172324  -670.6 -87.1 -183.1
20211110172325  -670.0 -87.2 -182.6
20211110172326  -669.5 -86.7 -182.2
20211110172327  -669.9 -86.7 -182.4
20211110172328  -670.5 -87.0 -182.7
20211110172329  -670.3 -87.2 -183.0
20211110172330  -670.5 -86.8 -182.6
20211110172331  -670.3 -87.0 -182.5
20211110172332  -670.2 -86.8 -182.5
20211110172333  -669.9 -87.0 -182.3
20211110172334  -670.4 -87.0 -182.6
20211110172335  -670.5 -87.1 -182.7
20211110172336  -670.4 -86.9 -182.9
20211110172337  -670.4 -86.8 -182.6
20211110172338  -670.7 -87.0 -182.7
20211110172339  -670.6 -86.9 -182.8
20211110172340  -670.8 -86.8 -182.9
20211110172341  -670.9 -86.8 -182.7
20211110172342  -670.8 -86.8 -182.6
20211110172343  -671.2 -87.1 -182.4
20211110172344  -671.0 -86.9 -182.7
20211110172345  -670.8 -87.1 -182.6
20211110172346  -670.6 -87.1 -182.6
20211110172347  -670.8 -87.0 -182.6
20211110172348  -671.2 -87.3 -182.7
20211110172349  -671.3 -87.1 -182.6
20211110172350  -671.3 -87.1 -182.6
20211110172351  -671.4 -87.4 -182.5
20211110172352  -671.3 -87.6 -182.5
20211110172353  -671.2 -87.3 -182.7
20211110172354  -671.2 -87.3 -182.7
20211110172355  -670.9 -87.3 -182.7
20211110172356  -670.5 -87.1 -182.0
20211110172357  -671.1 -87.4 -182.2
20211110172358  -670.9 -87.4 -182.6
20211110172359  -671.0 -87.3 -182.7
20211110172400  -671.2 -87.2 -182.6
20211110172401  -671.1 -87.4 -183.0
20211110172402  -671.0 -87.3 -183.0
20211110172403  -671.1 -87.4 -182.9
20211110172404  -670.9 -87.2 -182.8
20211110172405  -671.0 -87.3 -182.8
20211110172406  -670.9 -87.4 -183.0
20211110172407  -670.9 -87.6 -183.2
20211110172408  -670.9 -87.8 -182.9
20211110172409  -670.7 -87.8 -183.0
20211110172410  -670.9 -87.3 -182.9
20211110172411  -670.9 -87.4 -182.9
20211110172412  -670.8 -87.2 -182.9
20211110172413  -670.9 -87.2 -183.1
20211110172414  -670.9 -87.5 -182.7
20211110172415  -670.7 -87.5 -183.0
