20211110180829  -673.4 -92.1 -188.6
20211110180830  -673.2 -92.2 -188.3
20211110180831  -673.3 -92.4 -188.3
20211110180832  -672.5 -91.8 -187.8
20211110180833  -672.8 -92.0 -187.9
20211110180834  -673.1 -92.0 -188.0
20211110180835  -673.1 -91.8 -188.1
20211110180836  -673.2 -91.9 -188.4
20211110180837  -672.9 -91.7 -188.4
20211110180838  -673.1 -92.0 -188.2
20211110180839  -673.0 -92.1 -188.4
20211110180840  -672.7 -92.3 -188.5
20211110180841  -672.8 -92.1 -188.4
20211110180842  -672.7 -92.0 -188.5
20211110180843  -672.9 -92.1 -188.5
20211110180844  -672.9 -91.7 -188.6
20211110180845  -672.8 -91.7 -188.6
20211110180846  -672.7 -92.1 -188.4
20211110180847  -672.8 -92.3 -188.5
20211110180848  -672.8 -92.1 -189.0
20211110180849  -672.7 -92.4 -189.1
20211110180850  -672.9 -92.2 -188.8
20211110180851  -672.6 -92.0 -188.8
20211110180852  -672.5 -91.9 -188.8
20211110180853  -672.3 -91.8 -188.7
20211110180854  -672.4 -91.9 -188.5
20211110180855  -672.2 -91.7 -188.6
20211110180856  -672.2 -91.5 -188.6
20211110180857  -672.2 -91.4 -188.9
20211110180858  -672.3 -91.6 -188.8
20211110180859  -672.2 -91.8 -188.6
20211110180900  -672.2 -91.7 -188.7
20211110180901  -672.0 -91.6 -188.8
20211110180902  -671.4 -91.5 -188.3
20211110180903  -671.4 -91.6 -188.6
20211110180904  -672.0 -91.7 -189.2
20211110180905  -671.9 -91.5 -188.9
20211110180906  -671.7 -91.6 -189.4
20211110180907  -671.6 -91.6 -189.4
20211110180908  -671.5 -91.4 -189.4
20211110180909  -671.3 -91.4 -189.2
20211110180910  -671.3 -91.6 -189.4
20211110180911  -671.1 -91.4 -189.4
20211110180912  -671.1 -91.5 -189.4
20211110180913  -670.9 -91.9 -189.6
20211110180914  -670.9 -91.8 -190.0
20211110180915  -671.1 -91.7 -189.6
20211110180916  -671.1 -91.4 -189.7
20211110180917  -671.0 -91.5 -189.7
20211110180918  -670.8 -91.2 -189.7
20211110180919  -670.6 -91.2 -189.8
20211110180920  -671.0 -91.3 -189.6
20211110180921  -670.6 -91.2 -189.9
20211110180922  -670.5 -90.7 -189.5
20211110180923  -670.5 -90.8 -189.6
20211110180924  -670.3 -90.7 -189.6
20211110180925  -670.5 -91.2 -189.7
20211110180926  -670.6 -91.1 -189.5
20211110180927  -670.6 -90.9 -189.6
20211110180928  -670.7 -91.1 -189.8
20211110180929  -670.5 -91.0 -189.9
20211110180930  -670.2 -90.8 -189.6
20211110180931  -669.8 -90.8 -189.6
20211110180932  -669.0 -90.5 -189.0
20211110180933  -668.8 -90.2 -188.8
20211110180934  -669.8 -90.3 -189.3
20211110180935  -669.7 -90.6 -189.4
20211110180936  -669.7 -90.8 -189.7
20211110180937  -669.8 -90.8 -190.0
20211110180938  -669.5 -91.1 -190.1
20211110180939  -669.5 -90.9 -190.0
20211110180940  -669.3 -90.8 -189.9
20211110180941  -669.5 -90.6 -189.9
20211110180942  -669.4 -90.6 -190.2
20211110180943  -669.1 -90.1 -189.9
20211110180944  -669.0 -90.4 -190.1
20211110180945  -669.2 -90.5 -190.2
20211110180946  -669.3 -90.3 -190.0
20211110180947  -669.2 -90.3 -190.2
20211110180948  -669.1 -90.3 -190.5
20211110180949  -669.2 -90.4 -190.4
20211110180950  -669.1 -90.3 -190.5
20211110180951  -669.1 -90.1 -190.3
20211110180952  -669.0 -90.1 -190.3
20211110180953  -669.0 -90.1 -190.6
20211110180954  -668.8 -89.9 -190.7
20211110180955  -668.8 -89.7 -190.4
20211110180956  -668.9 -90.2 -191.0
20211110180957  -669.0 -90.2 -190.7
20211110180958  -668.9 -89.8 -190.6
20211110180959  -668.9 -90.0 -190.4
20211110181000  -668.8 -89.7 -190.5
20211110181001  -668.6 -89.9 -190.5
20211110181002  -667.9 -90.0 -190.2
20211110181003  -667.5 -89.7 -190.1
20211110181004  -667.9 -89.3 -190.1
20211110181005  -668.3 -89.7 -190.5
20211110181006  -668.2 -89.7 -190.6
20211110181007  -668.2 -89.8 -190.4
20211110181008  -668.0 -89.7 -190.6
20211110181009  -668.0 -89.9 -190.7
20211110181010  -667.9 -89.9 -190.3
20211110181011  -667.7 -89.7 -190.3
20211110181012  -667.9 -89.5 -190.7
20211110181013  -667.6 -89.6 -190.6
20211110181014  -667.6 -89.5 -190.6
20211110181015  -667.3 -89.7 -190.8
20211110181016  -667.3 -89.6 -190.8
20211110181017  -667.4 -89.4 -190.7
20211110181018  -667.4 -89.1 -190.6
20211110181019  -667.3 -89.4 -190.9
20211110181020  -667.0 -89.4 -191.0
20211110181021  -666.7 -89.1 -190.8
20211110181022  -666.7 -89.2 -190.8
20211110181023  -666.5 -89.0 -190.9
20211110181024  -666.6 -89.1 -190.9
20211110181025  -666.2 -89.1 -190.7
20211110181026  -666.1 -89.0 -190.8
20211110181027  -666.1 -88.9 -190.9
20211110181028  -666.3 -89.0 -190.9
20211110181029  -666.3 -88.9 -191.0
20211110181030  -666.1 -88.7 -190.9
20211110181031  -665.6 -88.7 -191.1
20211110181032  -665.0 -88.6 -190.4
20211110181033  -664.4 -88.7 -190.3
20211110181034  -665.0 -88.5 -190.6
20211110181035  -665.2 -88.7 -190.7
20211110181036  -665.2 -88.5 -190.9
20211110181037  -664.9 -88.2 -190.9
20211110181038  -665.0 -88.2 -190.9
20211110181039  -664.9 -88.6 -191.0
20211110181040  -664.6 -88.6 -190.7
20211110181041  -665.0 -88.4 -190.5
20211110181042  -665.0 -88.6 -191.0
20211110181043  -664.6 -88.4 -190.7
20211110181044  -664.6 -88.4 -190.6
20211110181045  -664.7 -87.9 -190.8
20211110181046  -664.5 -88.2 -190.7
20211110181047  -664.4 -88.3 -190.9
20211110181048  -664.5 -88.2 -191.1
20211110181049  -664.6 -88.5 -190.9
20211110181050  -664.0 -88.0 -191.2
20211110181051  -664.0 -87.8 -191.2
20211110181052  -664.1 -87.7 -191.1
20211110181053  -664.0 -87.6 -191.3
20211110181054  -664.1 -87.3 -191.4
20211110181055  -664.1 -87.4 -191.4
20211110181056  -663.8 -87.6 -191.4
20211110181057  -663.9 -87.6 -191.3
20211110181058  -663.6 -87.5 -191.5
20211110181059  -663.6 -87.4 -191.5
20211110181100  -663.5 -87.3 -191.3
20211110181101  -663.3 -87.6 -191.8
20211110181102  -662.4 -87.6 -191.2
20211110181103  -662.2 -87.1 -190.8
20211110181104  -662.7 -87.3 -190.7
20211110181105  -662.7 -87.2 -191.1
20211110181106  -662.6 -87.1 -191.3
20211110181107  -662.9 -87.4 -191.5
20211110181108  -662.9 -87.1 -191.4
20211110181109  -662.7 -86.8 -191.1
20211110181110  -662.5 -86.8 -191.2
20211110181111  -662.4 -86.5 -191.3
20211110181112  -662.5 -86.9 -191.2
20211110181113  -662.5 -86.7 -191.3
20211110181114  -662.6 -87.1 -191.6
20211110181115  -662.5 -87.2 -191.8
20211110181116  -662.3 -87.0 -191.8
20211110181117  -662.3 -86.8 -191.6
20211110181118  -662.5 -86.7 -191.9
20211110181119  -662.1 -86.6 -191.8
20211110181120  -661.9 -86.5 -192.0
20211110181121  -661.6 -86.4 -191.9
20211110181122  -661.6 -86.4 -191.6
20211110181123  -661.7 -86.3 -191.4
20211110181124  -661.6 -86.4 -191.5
20211110181125  -661.5 -86.4 -191.1
20211110181126  -661.5 -86.4 -191.1
20211110181127  -661.6 -86.4 -191.6
20211110181128  -661.3 -86.2 -191.6
20211110181129  -661.0 -86.1 -191.3
20211110181130  -661.1 -86.0 -191.3
20211110181131  -660.9 -85.8 -191.6
20211110181132  -660.1 -85.9 -191.1
20211110181133  -659.7 -85.7 -190.8
20211110181134  -660.0 -85.4 -190.9
20211110181135  -660.2 -85.7 -191.2
20211110181136  -660.1 -85.5 -191.4
20211110181137  -660.1 -85.9 -191.3
20211110181138  -660.0 -85.6 -191.2
20211110181139  -660.1 -85.7 -191.5
20211110181140  -660.1 -86.0 -191.7
20211110181141  -660.3 -85.8 -191.5
20211110181142  -659.9 -85.9 -191.6
20211110181143  -660.0 -85.4 -191.4
20211110181144  -659.8 -85.4 -191.5
20211110181145  -659.9 -85.2 -191.7
20211110181146  -659.8 -85.1 -191.3
20211110181147  -659.8 -85.3 -191.2
20211110181148  -659.7 -85.1 -191.0
20211110181149  -659.6 -85.0 -191.4
20211110181150  -659.5 -85.1 -191.3
20211110181151  -659.4 -85.1 -190.9
20211110181152  -659.5 -85.1 -191.0
20211110181153  -659.6 -85.1 -191.0
20211110181154  -659.2 -85.1 -191.3
20211110181155  -659.5 -84.9 -191.3
20211110181156  -659.5 -84.8 -191.2
20211110181157  -659.7 -84.7 -191.2
20211110181158  -659.6 -84.6 -191.3
20211110181159  -659.6 -84.7 -191.1
20211110181200  -659.5 -84.8 -191.3
20211110181201  -659.6 -84.8 -190.9
20211110181202  -659.3 -85.0 -190.5
20211110181203  -658.9 -84.9 -190.3
20211110181204  -659.5 -84.6 -190.9
20211110181205  -659.6 -84.7 -190.9
20211110181206  -659.8 -84.8 -190.9
20211110181207  -659.4 -84.8 -190.7
20211110181208  -659.7 -84.9 -190.5
20211110181209  -659.7 -84.6 -190.6
20211110181210  -659.8 -84.6 -190.5
20211110181211  -659.8 -84.4 -190.7
20211110181212  -659.9 -84.5 -190.6
20211110181213  -659.9 -84.6 -190.4
20211110181214  -659.6 -84.5 -190.5
20211110181215  -659.6 -84.3 -190.5
20211110181216  -659.5 -84.2 -190.6
20211110181217  -659.7 -84.5 -190.8
20211110181218  -660.0 -84.3 -190.6
20211110181219  -660.0 -84.3 -190.3
20211110181220  -659.9 -84.2 -190.3
20211110181221  -659.7 -84.5 -190.6
20211110181222  -660.1 -84.3 -190.2
20211110181223  -660.3 -84.4 -190.4
20211110181224  -660.5 -84.3 -189.9
20211110181225  -660.4 -84.4 -190.6
20211110181226  -660.1 -84.6 -190.5
20211110181227  -660.2 -84.3 -190.5
20211110181228  -660.4 -84.6 -190.7
20211110181229  -660.5 -84.4 -190.5
20211110181230  -660.4 -84.4 -190.3
20211110181231  -660.4 -84.6 -190.4
20211110181232  -660.1 -84.5 -190.2
20211110181233  -659.6 -84.1 -189.5
20211110181234  -660.6 -84.1 -190.0
20211110181235  -660.6 -84.0 -190.0
20211110181236  -660.9 -83.8 -190.1
20211110181237  -660.9 -84.1 -189.9
20211110181238  -661.2 -84.0 -190.1
20211110181239  -661.0 -84.0 -189.9
20211110181240  -661.1 -84.0 -189.9
20211110181241  -660.9 -84.2 -190.0
20211110181242  -660.8 -84.1 -189.6
20211110181243  -660.8 -84.1 -189.8
20211110181244  -660.8 -84.1 -190.0
20211110181245  -661.1 -83.9 -189.9
20211110181246  -661.2 -84.2 -189.8
20211110181247  -661.3 -84.0 -190.0
20211110181248  -661.2 -84.3 -189.7
20211110181249  -661.2 -84.4 -189.5
20211110181250  -661.4 -84.2 -189.6
20211110181251  -661.5 -84.2 -189.4
20211110181252  -661.6 -84.1 -189.4
20211110181253  -661.5 -84.1 -189.4
20211110181254  -661.6 -84.2 -189.3
20211110181255  -661.9 -84.5 -189.1
20211110181256  -662.0 -84.6 -189.2
20211110181257  -661.7 -84.6 -189.4
20211110181258  -661.7 -84.7 -189.5
20211110181259  -661.7 -84.4 -189.0
20211110181300  -661.6 -84.5 -189.0
20211110181301  -662.0 -84.2 -189.0
20211110181302  -661.6 -84.2 -188.6
20211110181303  -661.2 -84.0 -188.1
20211110181304  -661.7 -84.0 -188.4
20211110181305  -661.8 -84.2 -188.5
20211110181306  -662.0 -84.3 -188.4
20211110181307  -661.8 -84.1 -188.6
20211110181308  -661.9 -84.4 -188.6
20211110181309  -662.1 -84.6 -188.6
20211110181310  -662.3 -84.7 -188.4
20211110181311  -662.2 -84.7 -188.4
20211110181312  -662.3 -84.3 -188.4
20211110181313  -662.4 -84.5 -188.6
20211110181314  -662.5 -84.6 -188.2
20211110181315  -662.4 -84.7 -188.1
20211110181316  -662.8 -84.9 -188.3
20211110181317  -663.0 -84.8 -188.3
20211110181318  -663.3 -84.8 -188.4
20211110181319  -663.1 -84.7 -188.2
20211110181320  -663.2 -84.8 -188.0
20211110181321  -663.1 -84.9 -188.3
20211110181322  -663.3 -85.3 -188.4
20211110181323  -663.4 -85.5 -188.4
20211110181324  -663.8 -85.8 -188.6
20211110181325  -663.6 -85.5 -188.4
20211110181326  -663.7 -85.6 -188.3
20211110181327  -663.5 -85.5 -188.5
20211110181328  -663.5 -85.4 -188.5
20211110181329  -663.5 -85.5 -188.3
20211110181330  -663.4 -85.3 -188.2
20211110181331  -663.5 -85.3 -188.0
20211110181332  -663.3 -85.3 -188.0
20211110181333  -662.8 -85.4 -187.7
20211110181334  -663.5 -85.2 -188.2
20211110181335  -664.1 -85.4 -188.4
20211110181336  -664.1 -85.5 -188.1
20211110181337  -664.2 -85.4 -188.1
20211110181338  -664.3 -85.4 -187.9
20211110181339  -664.5 -85.5 -188.0
20211110181340  -664.2 -85.7 -187.5
20211110181341  -664.5 -85.6 -187.6
20211110181342  -664.8 -85.6 -187.5
20211110181343  -664.7 -85.4 -187.7
20211110181344  -664.9 -85.3 -187.6
20211110181345  -664.8 -85.4 -187.5
20211110181346  -664.9 -85.4 -187.9
20211110181347  -664.7 -85.6 -187.8
20211110181348  -665.1 -85.6 -188.0
20211110181349  -665.2 -85.5 -187.8
20211110181350  -665.3 -85.8 -187.6
20211110181351  -665.1 -85.6 -187.6
20211110181352  -665.4 -85.9 -187.8
20211110181353  -665.5 -86.0 -188.0
20211110181354  -665.4 -86.0 -187.6
20211110181355  -665.4 -85.9 -187.6
20211110181356  -665.6 -85.9 -187.7
20211110181357  -665.9 -86.0 -187.7
20211110181358  -665.9 -85.9 -187.4
20211110181359  -666.0 -86.0 -187.5
20211110181400  -666.0 -85.8 -187.5
20211110181401  -666.2 -86.1 -187.3
20211110181402  -666.3 -86.4 -187.5
20211110181403  -665.7 -86.3 -187.2
20211110181404  -666.5 -86.3 -187.5
20211110181405  -666.7 -86.3 -187.6
20211110181406  -666.8 -86.5 -187.8
20211110181407  -667.0 -86.5 -188.0
20211110181408  -667.2 -86.6 -187.7
20211110181409  -667.0 -86.6 -187.8
20211110181410  -667.3 -86.4 -187.7
20211110181411  -667.3 -86.6 -187.6
20211110181412  -667.2 -86.8 -187.7
20211110181413  -667.5 -86.8 -187.5
