20211128231225  -738.6 -27.2 -202.8
20211128231226  -738.5 -27.3 -202.9
20211128231227  -739.1 -27.3 -204.1
20211128231228  -739.2 -27.6 -204.4
20211128231229  -739.3 -27.2 -204.8
20211128231230  -739.3 -27.4 -205.1
20211128231231  -739.3 -27.6 -205.3
20211128231232  -739.4 -27.8 -205.3
20211128231233  -739.4 -28.1 -205.6
20211128231234  -739.6 -28.1 -205.6
20211128231235  -739.4 -28.0 -205.6
20211128231236  -739.5 -28.1 -205.1
20211128231237  -739.4 -28.1 -205.6
20211128231238  -739.2 -28.2 -205.7
20211128231239  -738.9 -28.3 -205.8
20211128231240  -739.1 -28.7 -206.6
20211128231241  -739.0 -28.9 -207.3
20211128231242  -738.4 -28.8 -206.7
20211128231243  -737.6 -28.2 -206.6
20211128231244  -737.2 -27.8 -206.3
20211128231245  -736.7 -27.9 -205.8
20211128231246  -736.2 -27.9 -206.0
20211128231247  -736.2 -27.7 -205.9
20211128231248  -735.7 -27.8 -205.6
20211128231249  -735.1 -27.8 -205.3
20211128231250  -735.0 -28.1 -205.2
20211128231251  -734.7 -27.5 -205.2
20211128231252  -734.3 -27.5 -205.0
20211128231253  -734.7 -27.7 -205.2
20211128231254  -735.0 -27.9 -206.1
20211128231255  -735.2 -28.1 -206.1
20211128231256  -735.0 -27.9 -206.3
20211128231257  -735.1 -28.1 -206.5
20211128231258  -734.7 -28.1 -206.5
20211128231259  -734.7 -28.5 -206.8
20211128231300  -734.7 -28.8 -207.1
20211128231301  -734.5 -28.8 -207.3
20211128231302  -734.7 -28.7 -207.7
20211128231303  -734.7 -28.6 -207.7
20211128231304  -734.7 -28.6 -207.8
20211128231305  -734.8 -28.7 -208.1
20211128231306  -734.7 -29.0 -208.2
20211128231307  -734.8 -29.0 -208.5
20211128231308  -735.4 -29.5 -209.8
20211128231309  -734.8 -29.2 -209.1
20211128231310  -734.4 -29.1 -208.6
20211128231311  -733.7 -28.8 -208.3
20211128231312  -733.5 -28.7 -207.9
20211128231313  -733.1 -28.6 -207.9
20211128231314  -732.8 -28.2 -207.8
20211128231315  -732.4 -28.0 -207.6
20211128231316  -732.2 -27.7 -207.6
20211128231317  -732.0 -27.3 -207.5
20211128231318  -731.9 -27.7 -207.3
20211128231319  -731.4 -27.2 -207.1
20211128231320  -732.1 -27.6 -207.4
20211128231321  -732.4 -27.8 -207.8
20211128231322  -732.4 -27.7 -207.9
20211128231323  -732.4 -27.8 -208.2
20211128231324  -732.4 -27.8 -208.4
20211128231325  -732.5 -28.2 -208.6
20211128231326  -732.5 -28.2 -208.9
20211128231327  -732.2 -28.2 -208.8
20211128231328  -732.2 -28.3 -209.0
20211128231329  -731.8 -28.4 -209.0
20211128231330  -731.7 -28.7 -209.3
20211128231331  -731.6 -28.8 -209.9
20211128231332  -731.8 -29.0 -210.1
20211128231333  -731.4 -29.2 -210.1
20211128231334  -731.5 -29.5 -210.7
20211128231335  -731.4 -29.8 -211.1
20211128231336  -730.6 -29.3 -210.3
20211128231337  -729.9 -29.4 -210.1
20211128231338  -729.8 -28.9 -209.8
20211128231339  -729.2 -28.7 -209.7
20211128231340  -728.7 -28.6 -209.5
20211128231341  -728.0 -28.6 -209.2
20211128231342  -727.9 -28.6 -209.3
20211128231343  -727.1 -28.3 -209.2
20211128231344  -726.7 -28.2 -209.1
20211128231345  -726.7 -28.2 -209.1
20211128231346  -726.2 -28.3 -208.8
20211128231347  -726.1 -28.5 -209.1
20211128231348  -726.6 -28.9 -209.8
20211128231349  -726.4 -29.0 -210.1
20211128231350  -726.3 -29.2 -210.6
20211128231351  -726.1 -29.6 -210.7
20211128231352  -725.8 -29.3 -210.6
20211128231353  -725.6 -29.3 -211.1
20211128231354  -725.6 -29.5 -211.4
20211128231355  -725.4 -29.6 -211.6
20211128231356  -725.4 -29.6 -212.1
20211128231357  -725.3 -29.5 -212.0
20211128231358  -725.3 -29.8 -212.3
20211128231359  -725.1 -29.9 -212.6
20211128231400  -724.8 -30.2 -213.1
20211128231401  -724.7 -30.0 -213.2
20211128231402  -725.5 -30.8 -214.4
20211128231403  -724.9 -30.4 -214.1
20211128231404  -724.1 -30.0 -213.4
20211128231405  -724.1 -30.2 -213.3
20211128231406  -723.8 -30.1 -213.2
20211128231407  -723.4 -29.9 -212.8
20211128231408  -722.9 -29.7 -212.5
20211128231409  -722.6 -30.0 -212.2
20211128231410  -722.4 -30.1 -212.3
20211128231411  -722.5 -30.2 -212.3
20211128231412  -722.2 -30.2 -212.1
20211128231413  -722.2 -30.3 -211.8
20211128231414  -722.9 -30.4 -212.4
20211128231415  -723.2 -30.6 -212.9
20211128231416  -723.4 -30.5 -213.4
20211128231417  -723.3 -30.4 -213.5
20211128231418  -723.5 -30.3 -213.8
20211128231419  -723.6 -30.7 -213.7
20211128231420  -723.7 -31.1 -214.3
20211128231421  -724.0 -30.9 -214.5
20211128231422  -724.4 -31.2 -214.4
20211128231423  -724.7 -31.3 -214.7
20211128231424  -724.9 -31.2 -214.9
20211128231425  -725.1 -31.4 -215.3
20211128231426  -725.4 -31.4 -215.2
20211128231427  -725.5 -31.0 -215.1
20211128231428  -725.6 -31.2 -215.6
20211128231429  -726.7 -31.5 -216.4
20211128231430  -726.4 -31.3 -216.2
20211128231431  -726.0 -31.0 -216.0
20211128231432  -726.0 -30.8 -215.8
20211128231433  -726.1 -30.8 -215.7
20211128231434  -725.9 -30.5 -215.5
20211128231435  -726.0 -30.3 -215.5
20211128231436  -726.1 -30.1 -215.1
20211128231437  -726.1 -29.7 -214.6
20211128231438  -726.2 -29.4 -214.5
20211128231439  -726.4 -29.4 -214.5
20211128231440  -726.0 -28.9 -214.3
20211128231441  -726.8 -28.7 -215.0
20211128231442  -727.1 -29.0 -215.3
20211128231443  -727.4 -28.8 -215.6
20211128231444  -727.9 -28.8 -215.9
20211128231445  -728.0 -28.8 -216.1
20211128231446  -728.3 -28.8 -216.3
20211128231447  -728.3 -28.9 -216.4
20211128231448  -728.5 -29.0 -216.6
20211128231449  -728.7 -29.0 -216.8
20211128231450  -729.2 -29.2 -216.9
20211128231451  -729.4 -29.0 -216.9
20211128231452  -729.6 -28.9 -217.4
20211128231453  -729.9 -28.9 -217.5
20211128231454  -730.1 -28.8 -217.7
20211128231455  -730.1 -28.9 -217.8
20211128231456  -730.6 -29.5 -218.8
20211128231457  -730.2 -29.0 -218.6
20211128231458  -730.1 -28.8 -218.4
20211128231459  -729.8 -28.9 -217.7
20211128231500  -729.4 -28.6 -217.4
20211128231501  -729.5 -28.5 -217.1
20211128231502  -729.3 -28.3 -216.8
20211128231503  -728.9 -28.1 -216.2
20211128231504  -728.9 -27.8 -216.1
20211128231505  -728.7 -27.7 -216.1
20211128231506  -728.8 -27.5 -216.0
20211128231507  -728.7 -27.4 -215.6
20211128231508  -729.3 -27.2 -216.2
20211128231509  -729.8 -27.4 -216.9
20211128231510  -730.2 -27.4 -217.4
20211128231511  -730.6 -27.5 -217.7
20211128231512  -731.0 -27.2 -217.8
20211128231513  -731.1 -27.2 -217.8
20211128231514  -731.5 -27.7 -217.7
20211128231515  -731.9 -27.5 -218.2
20211128231516  -732.1 -27.7 -218.2
20211128231517  -732.2 -27.9 -218.5
20211128231518  -732.6 -27.6 -218.8
20211128231519  -732.9 -27.8 -219.2
20211128231520  -733.6 -27.9 -219.1
20211128231521  -733.7 -27.9 -219.5
20211128231522  -733.9 -28.2 -219.7
20211128231523  -734.9 -28.4 -220.5
20211128231524  -734.5 -28.1 -219.9
20211128231525  -734.4 -27.7 -219.8
20211128231526  -734.6 -27.7 -219.5
20211128231527  -734.4 -27.2 -219.0
20211128231528  -734.1 -26.8 -218.5
20211128231529  -734.3 -26.5 -218.3
20211128231530  -734.2 -26.3 -217.8
20211128231531  -734.0 -26.0 -217.8
20211128231532  -734.3 -25.8 -217.9
20211128231533  -734.3 -25.7 -217.6
20211128231534  -734.3 -25.5 -217.5
20211128231535  -735.0 -25.5 -218.0
20211128231536  -735.9 -25.8 -218.4
20211128231537  -736.2 -25.9 -218.4
20211128231538  -736.6 -25.9 -218.7
20211128231539  -736.9 -25.8 -218.7
20211128231540  -737.4 -25.6 -218.6
20211128231541  -737.6 -25.8 -219.0
20211128231542  -738.3 -25.6 -219.2
20211128231543  -738.6 -25.6 -219.7
20211128231544  -739.1 -25.5 -219.8
20211128231545  -739.3 -25.5 -219.8
20211128231546  -740.0 -25.4 -220.0
20211128231547  -740.9 -25.2 -220.4
20211128231548  -741.1 -25.4 -220.7
20211128231549  -741.6 -25.6 -220.7
20211128231550  -742.8 -26.2 -221.9
20211128231551  -742.6 -25.9 -221.2
20211128231552  -742.8 -25.8 -221.0
20211128231553  -742.7 -25.3 -220.6
20211128231554  -743.1 -25.0 -220.2
20211128231555  -743.2 -25.0 -219.9
20211128231556  -743.5 -24.8 -219.8
20211128231557  -743.3 -24.4 -219.4
20211128231558  -743.1 -24.4 -219.0
20211128231559  -743.6 -24.1 -218.8
20211128231600  -743.4 -24.1 -219.0
20211128231601  -743.6 -24.3 -218.7
20211128231602  -744.9 -24.3 -219.4
20211128231603  -745.4 -25.0 -219.9
20211128231604  -746.1 -25.3 -219.9
20211128231605  -746.4 -25.4 -220.1
20211128231606  -746.8 -25.5 -220.2
20211128231607  -747.6 -25.8 -220.2
20211128231608  -748.3 -25.7 -220.4
20211128231609  -748.9 -25.8 -220.7
20211128231610  -749.5 -25.9 -220.9
20211128231611  -749.6 -26.2 -221.3
20211128231612  -750.2 -26.5 -221.1
20211128231613  -750.7 -26.5 -221.4
20211128231614  -751.6 -26.7 -221.5
20211128231615  -752.3 -26.6 -221.9
20211128231616  -752.9 -26.6 -222.0
20211128231617  -753.7 -27.2 -222.3
20211128231618  -753.2 -26.7 -221.7
20211128231619  -753.3 -26.6 -221.2
20211128231620  -753.3 -26.5 -220.8
20211128231621  -753.8 -26.1 -220.6
20211128231622  -753.9 -26.1 -220.3
20211128231623  -754.0 -26.0 -219.9
20211128231624  -754.5 -25.7 -219.6
20211128231625  -754.4 -25.6 -219.4
20211128231626  -754.7 -25.7 -219.1
20211128231627  -755.2 -25.7 -218.7
20211128231628  -755.1 -25.4 -218.8
20211128231629  -756.5 -25.6 -219.4
20211128231630  -757.3 -26.0 -219.8
20211128231631  -758.0 -25.8 -220.1
20211128231632  -758.0 -25.9 -220.2
20211128231633  -758.8 -26.3 -220.7
20211128231634  -759.1 -26.5 -220.7
20211128231635  -759.6 -26.7 -220.7
20211128231636  -760.2 -26.6 -220.6
20211128231637  -760.4 -26.9 -220.8
20211128231638  -760.9 -27.0 -220.7
20211128231639  -761.2 -27.0 -220.7
20211128231640  -761.5 -26.5 -220.7
20211128231641  -761.7 -26.7 -220.5
20211128231642  -762.2 -26.5 -220.6
20211128231643  -762.2 -26.7 -220.6
20211128231644  -763.2 -27.1 -221.8
20211128231645  -763.2 -26.7 -221.0
20211128231646  -763.1 -26.3 -220.7
20211128231647  -763.1 -25.8 -220.4
20211128231648  -763.2 -26.0 -220.3
20211128231649  -763.2 -25.8 -220.3
20211128231650  -763.2 -25.6 -219.6
20211128231651  -763.1 -25.4 -219.1
20211128231652  -762.9 -24.9 -219.0
20211128231653  -763.0 -24.7 -218.5
20211128231654  -763.0 -24.5 -218.3
20211128231655  -762.8 -24.4 -218.1
20211128231656  -763.9 -24.0 -218.2
20211128231657  -764.2 -24.0 -218.7
20211128231658  -764.5 -24.1 -219.1
20211128231659  -764.8 -24.2 -219.1
20211128231700  -765.3 -24.3 -219.4
20211128231701  -765.8 -24.1 -219.6
20211128231702  -766.1 -24.3 -219.3
20211128231703  -766.5 -24.0 -219.2
20211128231704  -766.7 -24.5 -219.5
20211128231705  -766.9 -24.3 -219.2
20211128231706  -767.1 -24.0 -219.5
20211128231707  -767.3 -23.8 -219.3
20211128231708  -767.7 -23.8 -219.3
20211128231709  -767.8 -23.8 -219.3
20211128231710  -767.8 -23.6 -219.3
20211128231711  -768.3 -24.1 -219.7
20211128231712  -767.7 -23.6 -219.0
20211128231713  -767.6 -23.2 -218.8
20211128231714  -767.4 -22.9 -218.4
20211128231715  -767.3 -22.7 -217.9
20211128231716  -767.3 -22.3 -217.6
20211128231717  -767.1 -21.7 -217.3
20211128231718  -767.0 -21.4 -217.2
20211128231719  -766.8 -21.0 -216.6
20211128231720  -766.7 -20.8 -216.4
20211128231721  -766.4 -20.4 -216.1
20211128231722  -766.1 -20.3 -216.0
20211128231723  -766.4 -19.9 -216.0
20211128231724  -767.2 -20.5 -216.6
20211128231725  -767.3 -20.5 -216.8
20211128231726  -767.5 -20.4 -216.8
20211128231727  -767.4 -20.4 -216.4
20211128231728  -767.1 -20.2 -216.4
20211128231729  -767.4 -19.7 -216.2
20211128231730  -767.2 -19.8 -216.7
20211128231731  -767.2 -19.5 -217.0
20211128231732  -767.2 -19.3 -217.0
20211128231733  -767.3 -19.2 -217.3
20211128231734  -767.3 -19.0 -217.1
20211128231735  -767.4 -19.0 -217.3
20211128231736  -767.2 -19.0 -217.4
20211128231737  -767.2 -19.2 -217.6
20211128231738  -767.3 -19.5 -217.9
20211128231739  -766.7 -19.2 -217.3
20211128231740  -766.2 -18.8 -216.8
20211128231741  -765.7 -18.1 -216.1
20211128231742  -765.4 -17.9 -215.9
20211128231743  -765.1 -17.8 -215.5
20211128231744  -764.9 -17.5 -215.1
20211128231745  -764.9 -17.1 -214.8
20211128231746  -764.6 -16.7 -214.7
20211128231747  -764.2 -16.6 -214.3
20211128231748  -764.2 -16.5 -214.0
20211128231749  -763.7 -15.9 -213.9
20211128231750  -763.6 -15.8 -213.9
20211128231751  -764.5 -16.2 -214.6
20211128231752  -764.5 -16.2 -214.7
20211128231753  -764.9 -16.3 -214.8
20211128231754  -764.7 -15.9 -214.8
20211128231755  -764.7 -16.2 -214.5
20211128231756  -764.8 -16.1 -214.7
20211128231757  -764.6 -16.3 -214.9
20211128231758  -764.5 -16.3 -215.1
20211128231759  -764.6 -16.1 -215.2
20211128231800  -764.5 -16.0 -215.5
20211128231801  -764.4 -15.7 -215.8
20211128231802  -764.6 -15.7 -215.9
20211128231803  -764.3 -16.0 -216.1
20211128231804  -764.2 -16.2 -216.1
20211128231805  -764.6 -16.9 -217.2
20211128231806  -764.4 -16.8 -216.6
20211128231807  -763.8 -16.6 -216.0
20211128231808  -763.3 -16.7 -215.2
20211128231809  -762.8 -16.1 -215.0
20211128231810  -762.4 -15.9 -214.7
20211128231811  -762.1 -15.6 -214.4
20211128231812  -761.8 -15.2 -214.3
20211128231813  -761.4 -15.1 -214.3
