11101213654  -656.5 -99.3 -205.9
20211101213655  -656.8 -99.4 -205.9
20211101213656  -656.8 -99.6 -205.5
20211101213657  -656.6 -99.4 -205.4
20211101213658  -656.6 -99.2 -205.0
20211101213659  -656.5 -99.2 -205.3
20211101213700  -656.5 -99.2 -205.4
20211101213701  -656.5 -98.9 -204.9
20211101213702  -656.7 -99.2 -205.0
20211101213703  -656.6 -99.2 -205.3
20211101213704  -656.8 -99.5 -205.0
20211101213705  -656.7 -99.2 -204.9
20211101213706  -656.7 -99.2 -205.1
20211101213707  -656.7 -99.4 -204.8
20211101213708  -656.6 -99.5 -204.8
20211101213709  -656.6 -99.1 -204.9
20211101213710  -656.6 -99.0 -204.7
20211101213711  -656.6 -99.1 -204.9
20211101213712  -656.4 -99.3 -204.6
20211101213713  -656.4 -98.8 -204.0
20211101213714  -656.8 -98.9 -204.1
20211101213715  -656.5 -99.0 -204.0
20211101213716  -656.2 -99.1 -203.9
20211101213717  -656.6 -99.2 -204.0
20211101213718  -656.6 -99.6 -204.0
20211101213719  -656.5 -99.4 -204.0
20211101213720  -656.2 -99.4 -204.1
20211101213721  -656.2 -99.3 -203.9
20211101213722  -656.0 -99.2 -203.9
20211101213723  -655.9 -99.2 -203.9
20211101213724  -655.9 -99.3 -204.1
20211101213725  -656.3 -99.2 -203.8
20211101213726  -655.9 -99.3 -204.0
20211101213727  -655.8 -99.2 -203.8
20211101213728  -655.8 -99.1 -203.8
20211101213729  -655.6 -99.1 -203.6
20211101213730  -655.8 -99.2 -203.8
20211101213731  -655.8 -98.9 -203.7
20211101213732  -655.4 -98.5 -203.6
20211101213733  -655.6 -98.6 -203.4
20211101213734  -655.4 -98.8 -203.2
20211101213735  -655.5 -98.9 -203.1
20211101213736  -655.8 -99.0 -203.2
20211101213737  -655.5 -99.0 -202.8
20211101213738  -655.3 -99.1 -202.9
20211101213739  -655.2 -98.9 -203.0
20211101213740  -655.3 -99.0 -203.1
20211101213741  -655.4 -98.7 -203.4
20211101213742  -655.5 -99.0 -203.3
20211101213743  -654.8 -99.0 -202.7
20211101213744  -655.2 -98.9 -203.0
20211101213745  -655.0 -98.9 -203.0
20211101213746  -655.1 -98.7 -202.8
20211101213747  -654.9 -98.7 -202.7
20211101213748  -655.0 -98.9 -202.4
20211101213749  -655.3 -99.0 -202.4
20211101213750  -655.2 -98.4 -202.5
20211101213751  -654.8 -98.6 -202.6
20211101213752  -654.7 -98.7 -202.0
20211101213753  -654.9 -98.5 -202.2
20211101213754  -654.9 -98.8 -202.4
20211101213755  -654.6 -98.5 -202.3
20211101213756  -654.6 -98.6 -202.3
20211101213757  -654.8 -99.0 -202.4
20211101213758  -654.8 -99.0 -202.2
20211101213759  -654.5 -98.8 -202.4
20211101213800  -654.4 -99.0 -202.4
20211101213801  -654.6 -98.8 -202.1
20211101213802  -654.6 -98.7 -202.2
20211101213803  -654.4 -98.7 -202.4
20211101213804  -654.4 -98.8 -202.2
20211101213805  -654.3 -99.0 -201.8
20211101213806  -654.6 -99.0 -201.9
20211101213807  -654.4 -98.9 -202.1
20211101213808  -654.3 -98.9 -202.1
20211101213809  -654.5 -99.0 -202.1
20211101213810  -654.6 -98.9 -202.1
20211101213811  -654.2 -98.9 -201.9
20211101213812  -654.4 -98.7 -201.9
20211101213813  -654.3 -98.8 -201.7
20211101213814  -654.5 -98.9 -201.8
20211101213815  -654.3 -99.0 -201.8
20211101213816  -654.3 -98.9 -202.1
20211101213817  -654.5 -99.0 -202.1
20211101213818  -654.3 -98.9 -201.9
20211101213819  -654.5 -98.9 -201.7
20211101213820  -654.5 -98.8 -201.8
20211101213821  -654.5 -98.8 -201.9
20211101213822  -654.3 -98.9 -202.1
20211101213823  -654.1 -98.9 -202.0
20211101213824  -654.3 -99.0 -202.1
20211101213825  -654.4 -98.9 -202.0
20211101213826  -654.3 -98.9 -201.9
20211101213827  -654.3 -98.8 -202.0
20211101213828  -654.4 -98.8 -201.6
20211101213829  -654.6 -98.5 -201.9
20211101213830  -654.5 -98.5 -201.5
20211101213831  -654.6 -98.5 -201.6
20211101213832  -654.8 -98.7 -201.9
20211101213833  -654.9 -98.5 -201.9
20211101213834  -654.6 -98.5 -201.8
20211101213835  -654.7 -98.6 -201.9
20211101213836  -654.9 -98.5 -202.0
20211101213837  -654.8 -98.5 -201.9
20211101213838  -654.7 -98.5 -201.9
20211101213839  -654.8 -98.6 -201.8
20211101213840  -654.9 -98.7 -201.7
20211101213841  -654.6 -98.8 -202.1
20211101213842  -654.8 -98.7 -201.8
20211101213843  -654.9 -98.8 -202.0
20211101213844  -654.9 -98.5 -202.1
20211101213845  -654.9 -98.8 -202.0
20211101213846  -654.8 -98.9 -202.0
20211101213847  -654.8 -98.8 -201.9
20211101213848  -655.2 -98.8 -202.1
20211101213849  -654.8 -99.1 -202.2
20211101213850  -655.1 -99.1 -202.1
20211101213851  -654.8 -99.2 -202.2
20211101213852  -655.0 -99.2 -201.8
20211101213853  -654.9 -99.0 -202.1
20211101213854  -654.8 -98.9 -202.0
20211101213855  -654.8 -98.9 -202.4
20211101213856  -654.9 -99.0 -202.0
20211101213857  -654.7 -99.1 -201.6
20211101213858  -654.7 -99.3 -201.9
20211101213859  -654.9 -99.1 -202.2
20211101213900  -654.7 -99.4 -202.1
20211101213901  -654.7 -99.5 -202.1
20211101213902  -654.6 -99.3 -202.1
20211101213903  -654.5 -99.4 -202.3
20211101213904  -654.8 -99.8 -202.1
20211101213905  -654.6 -99.7 -201.9
20211101213906  -654.6 -99.5 -201.7
20211101213907  -654.7 -99.3 -202.1
20211101213908  -654.9 -99.6 -202.0
20211101213909  -654.9 -99.6 -202.0
20211101213910  -654.9 -100.0 -202.1
20211101213911  -654.8 -99.9 -202.2
20211101213912  -654.6 -99.8 -202.2
20211101213913  -654.6 -99.9 -202.1
20211101213914  -654.6 -100.0 -201.9
20211101213915  -654.8 -100.1 -201.9
20211101213916  -654.6 -99.9 -201.9
20211101213917  -654.5 -100.0 -201.6
20211101213918  -654.8 -100.0 -201.6
20211101213919  -654.9 -99.8 -201.8
20211101213920  -654.8 -99.8 -201.9
20211101213921  -654.5 -99.7 -201.6
20211101213922  -654.6 -99.9 -201.7
20211101213923  -654.6 -99.8 -201.7
20211101213924  -654.3 -100.1 -201.8
20211101213925  -654.2 -99.9 -201.7
20211101213926  -654.2 -99.8 -201.7
20211101213927  -654.4 -100.1 -201.8
20211101213928  -654.5 -100.0 -201.7
20211101213929  -654.8 -100.1 -202.0
20211101213930  -654.9 -100.0 -201.9
20211101213931  -654.8 -100.0 -201.8
20211101213932  -654.7 -100.1 -201.8
20211101213933  -655.0 -100.4 -201.9
20211101213934  -655.1 -100.0 -202.1
20211101213935  -655.1 -99.8 -202.0
20211101213936  -655.1 -99.9 -201.9
20211101213937  -655.2 -100.2 -201.9
20211101213938  -655.4 -100.3 -201.9
20211101213939  -655.1 -100.2 -201.8
20211101213940  -655.1 -100.1 -202.2
20211101213941  -655.3 -100.2 -202.0
20211101213942  -655.7 -100.4 -201.9
20211101213943  -655.4 -100.4 -201.6
20211101213944  -655.4 -100.2 -201.6
20211101213945  -655.6 -100.3 -201.6
20211101213946  -655.9 -100.3 -201.7
20211101213947  -655.9 -100.2 -202.0
20211101213948  -655.9 -100.2 -202.1
20211101213949  -656.1 -100.3 -202.1
20211101213950  -656.1 -100.4 -201.9
20211101213951  -655.9 -100.4 -201.8
20211101213952  -655.7 -100.8 -202.0
20211101213953  -656.2 -100.6 -201.8
20211101213954  -656.2 -100.6 -201.9
20211101213955  -656.1 -100.5 -201.6
20211101213956  -656.4 -100.8 -201.9
20211101213957  -656.4 -100.6 -202.1
20211101213958  -656.3 -100.3 -202.1
20211101213959  -656.3 -100.6 -202.1
20211101214000  -656.4 -100.4 -202.0
20211101214001  -656.6 -100.3 -201.9
20211101214002  -656.7 -100.2 -202.1
20211101214003  -656.6 -100.5 -202.1
20211101214004  -656.4 -100.6 -202.0
20211101214005  -656.9 -100.3 -202.4
20211101214006  -656.7 -100.1 -202.2
20211101214007  -657.0 -100.4 -202.2
20211101214008  -656.9 -100.4 -202.4
20211101214009  -657.0 -100.5 -202.4
20211101214010  -657.0 -100.3 -202.5
20211101214011  -657.1 -100.2 -202.7
20211101214012  -656.8 -99.9 -202.6
20211101214013  -657.0 -100.2 -202.5
20211101214014  -656.9 -100.2 -202.2
20211101214015  -656.8 -100.3 -202.3
20211101214016  -657.0 -100.2 -202.1
20211101214017  -656.8 -100.0 -202.4
20211101214018  -656.7 -100.6 -202.2
20211101214019  -656.8 -100.4 -202.1
20211101214020  -656.8 -100.3 -202.0
20211101214021  -656.9 -100.0 -201.9
20211101214022  -657.2 -100.1 -202.0
20211101214023  -657.2 -100.2 -202.2
20211101214024  -657.0 -99.9 -202.1
20211101214025  -657.0 -100.0 -202.1
20211101214026  -657.1 -100.1 -202.2
20211101214027  -657.0 -100.4 -202.3
20211101214028  -657.0 -100.0 -202.1
20211101214029  -657.0 -100.0 -202.2
20211101214030  -657.0 -100.2 -202.0
20211101214031  -656.9 -100.0 -202.2
20211101214032  -656.8 -100.3 -202.8
20211101214033  -657.2 -100.0 -202.5
20211101214034  -657.0 -99.8 -202.0
20211101214035  -657.0 -99.9 -202.5
20211101214036  -656.8 -100.1 -202.4
20211101214037  -656.9 -99.9 -202.2
20211101214038  -656.9 -99.9 -201.9
20211101214039  -657.0 -99.9 -202.1
20211101214040  -657.2 -99.8 -202.1
20211101214041  -657.0 -99.8 -202.4
20211101214042  -657.1 -100.0 -201.8
20211101214043  -657.2 -99.8 -202.0
20211101214044  -657.1 -99.9 -202.0
20211101214045  -656.8 -99.7 -201.6
20211101214046  -657.1 -99.8 -201.9
20211101214047  -657.1 -100.0 -202.0
20211101214048  -657.1 -99.9 -202.0
20211101214049  -657.1 -100.3 -202.0
20211101214050  -656.6 -100.1 -201.8
20211101214051  -656.5 -99.9 -202.1
20211101214052  -656.5 -99.8 -201.8
20211101214053  -656.7 -100.0 -201.8
20211101214054  -656.3 -99.8 -201.8
20211101214055  -656.0 -99.6 -201.9
20211101214056  -656.5 -99.8 -201.8
20211101214057  -656.1 -99.4 -201.9
20211101214058  -656.2 -99.4 -201.4
20211101214059  -656.4 -99.6 -201.6
20211101214100  -656.1 -99.4 -201.4
20211101214101  -655.6 -99.7 -201.2
20211101214102  -655.5 -99.9 -201.4
20211101214103  -655.5 -99.7 -201.1
20211101214104  -655.6 -99.4 -201.1
20211101214105  -655.5 -99.4 -201.3
20211101214106  -655.4 -99.3 -201.0
20211101214107  -655.0 -99.2 -200.9
20211101214108  -655.2 -99.0 -200.9
20211101214109  -655.2 -99.1 -201.0
20211101214110  -654.8 -99.2 -200.8
20211101214111  -654.8 -99.0 -200.6
20211101214112  -654.5 -98.7 -200.5
20211101214113  -654.1 -99.0 -200.3
20211101214114  -653.9 -99.1 -199.9
20211101214115  -653.2 -98.6 -199.5
20211101214116  -653.3 -99.0 -200.1
20211101214117  -653.2 -98.8 -199.7
20211101214118  -653.2 -98.5 -199.3
20211101214119  -653.3 -98.4 -199.2
20211101214120  -652.8 -98.5 -199.0
20211101214121  -652.5 -98.4 -199.2
20211101214122  -652.6 -98.3 -199.2
20211101214123  -652.6 -98.4 -199.2
20211101214124  -652.4 -98.3 -199.2
20211101214125  -652.6 -98.1 -199.2
20211101214126  -652.2 -97.8 -199.3
20211101214127  -652.1 -97.9 -199.2
20211101214128  -652.1 -97.9 -199.3
20211101214129  -651.7 -97.6 -199.1
20211101214130  -651.7 -97.6 -198.9
20211101214131  -651.9 -97.7 -198.8
20211101214132  -651.7 -97.6 -198.7
20211101214133  -651.7 -97.3 -198.7
20211101214134  -651.6 -97.5 -198.6
20211101214135  -651.3 -97.3 -198.4
20211101214136  -651.3 -97.1 -198.7
20211101214137  -651.1 -97.2 -198.4
20211101214138  -651.2 -97.1 -198.5
20211101214139  -651.0 -97.1 -198.4
20211101214140  -650.8 -97.1 -198.4
20211101214141  -650.9 -97.1 -198.3
20211101214142  -650.9 -97.2 -198.4
20211101214143  -650.8 -97.2 -198.5
20211101214144  -650.9 -97.2 -198.5
20211101214145  -650.2 -97.3 -197.7
20211101214146  -650.9 -97.0 -198.2
20211101214147  -650.8 -97.1 -198.3
20211101214148  -651.2 -97.1 -198.2
20211101214149  -650.7 -97.0 -198.1
20211101214150  -651.1 -96.9 -198.2
20211101214151  -651.0 -97.2 -198.0
20211101214152  -651.0 -97.4 -198.0
20211101214153  -651.1 -97.3 -198.0
20211101214154  -651.3 -97.4 -198.1
20211101214155  -651.1 -97.3 -198.0
20211101214156  -651.2 -97.2 -198.1
20211101214157  -651.4 -97.3 -197.9
20211101214158  -651.5 -97.3 -197.8
20211101214159  -651.6 -97.5 -197.8
20211101214200  -651.6 -97.3 -197.9
20211101214201  -651.3 -97.4 -198.2
20211101214202  -651.1 -97.2 -198.1
20211101214203  -651.5 -97.2 -197.9
20211101214204  -651.5 -97.2 -197.9
20211101214205  -651.0 -97.4 -197.5
20211101214206  -651.5 -97.5 -197.6
20211101214207  -651.6 -97.2 -197.8
20211101214208  -651.6 -97.3 -197.7
20211101214209  -651.7 -97.4 -197.9
20211101214210  -651.7 -97.7 -198.1
20211101214211  -651.7 -97.5 -197.9
20211101214212  -652.1 -97.5 -197.8
20211101214213  -652.2 -97.7 -197.9
20211101214214  -652.4 -97.9 -198.2
20211101214215  -651.9 -97.7 -197.5
20211101214216  -652.1 -97.7 -197.5
20211101214217  -652.5 -97.8 -197.8
20211101214218  -652.4 -97.9 -197.8
20211101214219  -652.7 -98.1 -197.8
20211101214220  -653.1 -98.1 -198.2
20211101214221  -653.5 -98.1 -198.4
20211101214222  -653.7 -98.1 -198.5
20211101214223  -653.6 -98.2 -198.1
20211101214224  -654.0 -98.4 -198.4
20211101214225  -654.0 -98.5 -198.4
20211101214226  -654.1 -98.6 -198.7
20211101214227  -654.6 -98.5 -198.8
