20211110133027  -672.4 -92.2 -170.6
20211110133028  -672.4 -92.3 -171.0
20211110133029  -672.6 -92.3 -170.8
20211110133030  -672.6 -92.4 -171.0
20211110133031  -672.8 -92.3 -171.0
20211110133032  -672.8 -92.2 -171.2
20211110133033  -672.6 -92.0 -171.0
20211110133034  -672.7 -92.4 -170.9
20211110133035  -672.5 -92.1 -170.9
20211110133036  -672.4 -92.2 -170.9
20211110133037  -671.7 -92.2 -170.4
20211110133038  -671.6 -92.1 -170.4
20211110133039  -672.4 -92.0 -170.7
20211110133040  -672.3 -92.0 -170.8
20211110133041  -672.5 -92.2 -171.0
20211110133042  -672.2 -92.0 -171.2
20211110133043  -672.4 -91.9 -171.1
20211110133044  -672.2 -91.7 -171.0
20211110133045  -672.4 -92.0 -171.0
20211110133046  -672.2 -91.8 -171.0
20211110133047  -672.4 -92.0 -171.0
20211110133048  -672.3 -91.9 -170.8
20211110133049  -672.3 -91.9 -171.1
20211110133050  -672.4 -91.8 -171.1
20211110133051  -672.4 -91.8 -171.1
20211110133052  -672.3 -92.0 -171.2
20211110133053  -672.5 -92.0 -171.0
20211110133054  -672.7 -92.1 -171.4
20211110133055  -672.9 -91.9 -171.3
20211110133056  -673.0 -92.0 -171.2
20211110133057  -673.3 -92.2 -171.2
20211110133058  -673.3 -92.2 -170.9
20211110133059  -673.3 -92.0 -171.0
20211110133100  -673.4 -92.3 -170.9
20211110133101  -673.5 -92.4 -171.0
20211110133102  -673.4 -92.4 -171.0
20211110133103  -673.3 -92.6 -170.9
20211110133104  -673.5 -92.9 -171.0
20211110133105  -673.6 -92.8 -171.2
20211110133106  -673.6 -92.7 -171.2
20211110133107  -673.1 -92.9 -170.8
20211110133108  -672.7 -92.5 -170.2
20211110133109  -673.3 -92.4 -171.0
20211110133110  -673.3 -92.5 -171.1
20211110133111  -673.4 -92.5 -171.2
20211110133112  -673.5 -92.7 -171.0
20211110133113  -673.5 -92.7 -171.2
20211110133114  -673.3 -92.6 -171.1
20211110133115  -673.5 -92.9 -171.1
20211110133116  -673.4 -92.9 -171.0
20211110133117  -673.4 -92.9 -170.9
20211110133118  -673.2 -92.5 -171.0
20211110133119  -673.5 -92.7 -171.3
20211110133120  -673.6 -92.6 -171.4
20211110133121  -673.4 -92.6 -171.4
20211110133122  -673.4 -92.6 -171.4
20211110133123  -673.4 -92.9 -171.2
20211110133124  -673.5 -92.8 -171.3
20211110133125  -673.2 -93.1 -171.2
20211110133126  -673.1 -93.0 -171.1
20211110133127  -673.2 -92.8 -171.4
20211110133128  -673.1 -92.7 -171.1
20211110133129  -673.1 -92.9 -171.2
20211110133130  -673.0 -93.0 -171.3
20211110133131  -673.0 -92.8 -171.3
20211110133132  -673.1 -92.9 -171.2
20211110133133  -673.0 -93.2 -171.4
20211110133134  -672.9 -93.1 -171.5
20211110133135  -673.0 -93.2 -171.6
20211110133136  -673.0 -93.0 -171.8
20211110133137  -672.9 -93.2 -171.7
20211110133138  -672.5 -93.3 -171.1
20211110133139  -673.0 -93.0 -171.3
20211110133140  -673.3 -93.0 -171.5
20211110133141  -673.2 -93.0 -171.6
20211110133142  -673.3 -93.0 -171.4
20211110133143  -673.3 -93.2 -171.4
20211110133144  -673.1 -93.0 -171.6
20211110133145  -673.6 -93.1 -171.7
20211110133146  -673.3 -92.6 -171.4
20211110133147  -673.5 -93.0 -171.7
20211110133148  -673.5 -93.0 -171.7
20211110133149  -673.6 -93.1 -171.9
20211110133150  -673.4 -92.9 -171.6
20211110133151  -673.6 -93.0 -172.2
20211110133152  -673.6 -92.9 -172.1
20211110133153  -673.6 -92.9 -171.8
20211110133154  -673.8 -93.0 -171.9
20211110133155  -673.7 -93.2 -171.8
20211110133156  -674.0 -92.9 -171.7
20211110133157  -674.0 -92.8 -171.6
20211110133158  -674.0 -92.7 -171.8
20211110133159  -674.0 -92.5 -171.9
20211110133200  -674.2 -92.7 -171.9
20211110133201  -674.2 -92.9 -171.9
20211110133202  -674.2 -92.9 -171.9
20211110133203  -674.1 -92.9 -171.7
20211110133204  -674.1 -93.0 -171.8
20211110133205  -674.5 -93.0 -171.6
20211110133206  -674.7 -93.2 -171.8
20211110133207  -674.5 -93.3 -171.9
20211110133208  -673.9 -93.1 -171.8
20211110133209  -674.8 -93.2 -171.9
20211110133210  -674.8 -93.4 -171.9
20211110133211  -674.8 -93.4 -171.8
20211110133212  -674.8 -93.2 -171.8
20211110133213  -674.7 -93.0 -172.1
20211110133214  -674.7 -93.5 -171.9
20211110133215  -675.1 -93.4 -171.9
20211110133216  -674.9 -93.3 -171.7
20211110133217  -674.8 -93.4 -171.8
20211110133218  -675.1 -93.5 -172.0
20211110133219  -675.1 -93.5 -171.9
20211110133220  -675.1 -93.4 -171.8
20211110133221  -675.1 -93.6 -171.5
20211110133222  -675.1 -93.6 -171.6
20211110133223  -675.1 -93.9 -172.0
20211110133224  -675.0 -94.0 -172.1
20211110133225  -674.9 -93.7 -171.7
20211110133226  -674.7 -93.7 -172.1
20211110133227  -674.9 -93.7 -171.9
20211110133228  -674.7 -93.6 -172.0
20211110133229  -674.8 -93.6 -171.8
20211110133230  -674.7 -93.7 -171.7
20211110133231  -674.9 -93.7 -171.8
20211110133232  -674.7 -93.5 -171.9
20211110133233  -674.6 -93.5 -171.5
20211110133234  -674.8 -93.6 -171.5
20211110133235  -674.8 -93.7 -171.6
20211110133236  -674.8 -93.7 -171.5
20211110133237  -674.7 -93.3 -171.6
20211110133238  -674.2 -93.4 -171.5
20211110133239  -674.7 -93.2 -171.6
20211110133240  -674.7 -93.5 -171.5
20211110133241  -674.5 -93.5 -171.5
20211110133242  -674.5 -93.3 -171.6
20211110133243  -674.7 -93.4 -171.8
20211110133244  -674.8 -93.5 -171.8
20211110133245  -674.6 -93.4 -171.7
20211110133246  -674.7 -93.4 -171.6
20211110133247  -674.9 -93.6 -171.3
20211110133248  -674.7 -93.8 -171.3
20211110133249  -674.7 -93.4 -171.4
20211110133250  -674.6 -93.4 -171.4
20211110133251  -674.5 -93.1 -171.5
20211110133252  -674.5 -93.3 -171.2
20211110133253  -674.5 -93.6 -171.5
20211110133254  -674.4 -93.4 -171.4
20211110133255  -674.4 -93.3 -171.0
20211110133256  -674.5 -93.4 -171.2
20211110133257  -674.7 -93.3 -171.1
20211110133258  -674.5 -93.6 -171.4
20211110133259  -674.6 -93.6 -171.5
20211110133300  -674.4 -93.4 -171.4
20211110133301  -674.7 -93.0 -171.5
20211110133302  -674.7 -93.0 -171.6
20211110133303  -674.5 -92.9 -171.4
20211110133304  -674.5 -93.2 -171.4
20211110133305  -674.7 -93.0 -171.5
20211110133306  -674.5 -93.4 -171.3
20211110133307  -674.5 -93.3 -171.4
20211110133308  -674.6 -93.1 -171.4
20211110133309  -674.6 -93.1 -171.4
20211110133310  -674.9 -93.2 -171.8
20211110133311  -674.6 -92.9 -171.9
20211110133312  -674.5 -92.8 -171.8
20211110133313  -674.2 -93.1 -171.6
20211110133314  -674.3 -93.1 -171.8
20211110133315  -674.4 -93.2 -171.9
20211110133316  -674.4 -93.0 -172.1
20211110133317  -674.4 -92.9 -171.8
20211110133318  -674.5 -92.8 -171.8
20211110133319  -674.5 -92.7 -171.9
20211110133320  -674.3 -92.7 -171.6
20211110133321  -674.6 -92.7 -171.3
20211110133322  -673.9 -92.9 -171.3
20211110133323  -674.0 -93.0 -171.3
20211110133324  -673.8 -93.0 -171.4
20211110133325  -673.8 -92.9 -171.7
20211110133326  -673.6 -92.8 -171.4
20211110133327  -673.6 -92.7 -171.6
20211110133328  -673.4 -93.1 -171.7
20211110133329  -673.5 -93.1 -171.9
20211110133330  -673.3 -93.2 -171.8
20211110133331  -673.4 -93.2 -171.7
20211110133332  -673.3 -93.3 -171.7
20211110133333  -673.4 -93.2 -171.4
20211110133334  -673.3 -92.9 -171.3
20211110133335  -673.0 -93.0 -171.4
20211110133336  -673.1 -93.0 -171.6
20211110133337  -673.0 -93.0 -171.3
20211110133338  -673.0 -92.9 -171.7
20211110133339  -672.3 -92.6 -170.9
20211110133340  -672.7 -92.5 -171.3
20211110133341  -672.8 -92.9 -171.1
20211110133342  -672.7 -92.7 -171.3
20211110133343  -672.6 -92.6 -171.3
20211110133344  -672.9 -92.4 -171.4
20211110133345  -672.7 -92.4 -171.5
20211110133346  -672.4 -92.2 -171.2
20211110133347  -672.8 -92.1 -171.3
20211110133348  -672.7 -92.2 -171.4
20211110133349  -672.5 -92.1 -171.3
20211110133350  -672.5 -92.4 -171.5
20211110133351  -672.5 -92.2 -171.5
20211110133352  -672.5 -92.1 -171.3
20211110133353  -672.3 -92.1 -171.1
20211110133354  -672.4 -92.1 -171.4
20211110133355  -672.4 -92.4 -171.5
20211110133356  -672.6 -92.1 -171.5
20211110133357  -672.3 -92.3 -171.4
20211110133358  -672.6 -92.1 -171.0
20211110133359  -672.6 -92.0 -170.9
20211110133400  -672.7 -92.2 -171.2
20211110133401  -672.6 -92.2 -171.2
20211110133402  -672.9 -92.3 -171.3
20211110133403  -672.8 -92.2 -171.1
20211110133404  -672.6 -92.2 -171.1
20211110133405  -672.4 -92.2 -171.2
20211110133406  -672.9 -92.4 -170.9
20211110133407  -673.0 -92.3 -171.1
20211110133408  -673.1 -92.4 -171.4
20211110133409  -672.2 -92.4 -171.0
20211110133410  -672.3 -91.9 -170.9
20211110133411  -672.4 -92.0 -171.2
20211110133412  -672.4 -92.0 -171.5
20211110133413  -672.6 -91.8 -171.3
20211110133414  -672.6 -91.7 -171.3
