20211029190527  -654.3 -90.4 -184.5
20211029190528  -653.8 -90.2 -184.1
20211029190529  -653.7 -90.0 -184.0
20211029190530  -654.1 -90.4 -184.3
20211029190531  -654.1 -90.3 -184.5
20211029190532  -654.2 -90.4 -184.9
20211029190533  -654.2 -90.5 -184.9
20211029190534  -654.0 -90.3 -184.7
20211029190535  -654.3 -90.3 -184.7
20211029190536  -654.0 -89.9 -184.8
20211029190537  -654.3 -90.1 -184.8
20211029190538  -654.1 -90.3 -184.9
20211029190539  -654.1 -90.3 -184.6
20211029190540  -654.2 -90.3 -184.7
20211029190541  -653.9 -90.0 -184.8
20211029190542  -654.0 -89.9 -184.7
20211029190543  -654.0 -90.0 -185.1
20211029190544  -654.0 -90.1 -185.0
20211029190545  -654.0 -89.9 -185.2
20211029190546  -654.0 -90.1 -185.2
20211029190547  -654.0 -89.8 -184.8
20211029190548  -654.1 -89.9 -184.8
20211029190549  -654.1 -90.1 -184.8
20211029190550  -654.0 -90.0 -184.9
20211029190551  -654.3 -90.2 -184.7
20211029190552  -654.1 -90.4 -184.8
20211029190553  -653.7 -90.2 -184.6
20211029190554  -653.1 -90.0 -183.8
20211029190555  -653.0 -89.5 -183.7
20211029190556  -654.1 -89.9 -184.3
20211029190557  -653.7 -89.8 -184.8
20211029190558  -653.4 -89.7 -184.7
20211029190559  -653.7 -89.7 -184.7
20211029190600  -653.7 -89.5 -184.5
20211029190601  -653.4 -89.7 -184.6
20211029190602  -653.6 -89.7 -184.7
20211029190603  -653.5 -89.9 -184.9
20211029190604  -653.6 -89.8 -184.8
20211029190605  -653.7 -89.5 -185.0
20211029190606  -653.5 -89.6 -184.9
20211029190607  -653.4 -90.0 -184.8
20211029190608  -653.3 -89.8 -184.8
20211029190609  -653.7 -89.7 -185.0
20211029190610  -653.6 -90.0 -184.8
20211029190611  -653.4 -89.9 -184.8
20211029190612  -653.3 -90.0 -184.9
20211029190613  -653.5 -90.0 -184.9
20211029190614  -653.4 -90.3 -185.2
20211029190615  -653.2 -90.1 -185.0
20211029190616  -653.4 -90.2 -185.2
20211029190617  -653.3 -90.1 -185.3
20211029190618  -653.4 -90.2 -185.2
20211029190619  -653.3 -90.2 -185.1
20211029190620  -652.8 -90.3 -184.8
20211029190621  -652.7 -90.1 -184.7
20211029190622  -653.2 -90.6 -185.1
20211029190623  -653.4 -90.5 -185.0
20211029190624  -653.4 -90.3 -185.3
20211029190625  -653.4 -90.3 -185.1
20211029190626  -653.6 -90.3 -185.0
20211029190627  -653.5 -90.4 -184.9
20211029190628  -653.4 -90.6 -185.3
20211029190629  -653.2 -90.5 -185.1
20211029190630  -653.0 -90.5 -185.2
20211029190631  -653.0 -90.6 -185.2
20211029190632  -652.8 -90.7 -185.5
20211029190633  -653.2 -90.9 -185.7
20211029190634  -653.1 -90.6 -185.5
20211029190635  -653.2 -90.6 -185.5
20211029190636  -653.1 -90.7 -185.5
20211029190637  -653.2 -90.9 -185.5
20211029190638  -653.1 -90.7 -185.4
20211029190639  -652.7 -90.8 -185.6
20211029190640  -652.9 -90.9 -185.5
20211029190641  -653.1 -90.8 -185.4
20211029190642  -653.1 -90.6 -185.7
20211029190643  -653.2 -90.9 -185.7
20211029190644  -653.0 -91.0 -185.8
20211029190645  -652.8 -91.0 -185.9
20211029190646  -652.4 -91.0 -185.6
20211029190647  -652.9 -90.9 -185.5
20211029190648  -652.9 -91.0 -185.7
20211029190649  -653.2 -91.2 -185.9
20211029190650  -653.3 -91.2 -186.0
20211029190651  -653.0 -91.3 -185.8
20211029190652  -653.0 -91.6 -186.0
20211029190653  -653.0 -91.6 -186.2
20211029190654  -653.2 -91.6 -186.1
20211029190655  -653.4 -91.3 -186.1
20211029190656  -653.7 -91.4 -185.8
20211029190657  -653.6 -91.1 -186.0
20211029190658  -653.7 -91.2 -186.1
20211029190659  -653.3 -91.3 -186.2
20211029190700  -653.6 -91.4 -186.1
20211029190701  -653.3 -91.6 -185.9
20211029190702  -653.4 -91.6 -186.0
20211029190703  -653.3 -91.7 -186.1
20211029190704  -653.2 -91.4 -186.0
20211029190705  -653.3 -91.5 -186.0
20211029190706  -653.3 -91.5 -186.0
20211029190707  -653.6 -91.6 -186.1
20211029190708  -653.7 -91.7 -186.1
20211029190709  -653.7 -91.5 -186.2
20211029190710  -653.5 -91.7 -186.2
20211029190711  -653.7 -91.7 -186.3
20211029190712  -652.8 -91.4 -185.8
20211029190713  -652.8 -91.2 -185.4
20211029190714  -652.5 -90.9 -185.4
20211029190715  -652.5 -91.1 -185.4
20211029190716  -652.5 -91.1 -185.1
20211029190717  -653.3 -91.1 -185.6
20211029190718  -653.2 -91.1 -185.5
20211029190719  -653.2 -91.2 -185.9
20211029190720  -653.2 -91.3 -185.8
20211029190721  -653.2 -91.3 -186.0
20211029190722  -653.4 -91.1 -186.2
20211029190723  -653.2 -91.3 -186.2
20211029190724  -653.2 -91.2 -186.1
20211029190725  -653.3 -91.1 -186.3
20211029190726  -653.4 -91.0 -186.1
20211029190727  -653.4 -91.2 -186.2
20211029190728  -653.5 -91.2 -186.0
20211029190729  -653.3 -91.2 -186.1
20211029190730  -653.4 -91.1 -186.0
20211029190731  -653.5 -91.3 -186.2
20211029190732  -653.9 -91.6 -186.2
20211029190733  -653.5 -91.5 -186.0
20211029190734  -653.3 -91.3 -186.1
20211029190735  -653.5 -91.3 -186.3
20211029190736  -653.3 -91.7 -186.5
20211029190737  -653.2 -91.4 -186.4
20211029190738  -653.3 -91.5 -186.6
20211029190739  -653.4 -91.5 -186.4
20211029190740  -653.2 -91.6 -186.5
20211029190741  -653.1 -91.6 -186.4
20211029190742  -652.9 -91.3 -186.5
20211029190743  -652.7 -91.0 -185.9
20211029190744  -652.4 -90.8 -185.8
20211029190745  -652.3 -90.9 -185.2
20211029190746  -652.3 -90.9 -185.2
20211029190747  -652.7 -90.6 -185.6
20211029190748  -653.2 -90.8 -186.1
20211029190749  -652.9 -90.8 -186.0
20211029190750  -653.1 -90.7 -186.1
20211029190751  -653.1 -90.9 -186.1
20211029190752  -653.1 -90.7 -186.2
20211029190753  -653.3 -91.2 -186.4
20211029190754  -652.8 -91.1 -186.4
20211029190755  -652.8 -91.2 -186.4
20211029190756  -652.9 -91.3 -186.4
20211029190757  -652.8 -91.1 -186.2
20211029190758  -652.8 -91.2 -186.5
20211029190759  -652.9 -91.3 -186.3
20211029190800  -652.7 -91.6 -186.5
20211029190801  -653.0 -91.6 -186.7
20211029190802  -652.9 -91.2 -186.4
20211029190803  -653.1 -91.2 -186.5
20211029190804  -653.1 -91.4 -186.7
20211029190805  -653.0 -91.3 -186.3
20211029190806  -653.1 -91.2 -186.2
20211029190807  -653.1 -91.4 -186.5
20211029190808  -653.0 -91.3 -186.6
20211029190809  -653.4 -91.4 -186.6
20211029190810  -653.2 -91.2 -186.7
20211029190811  -653.2 -91.2 -186.7
20211029190812  -652.8 -91.3 -186.8
20211029190813  -652.1 -91.3 -186.4
20211029190814  -651.9 -90.9 -186.1
20211029190815  -652.0 -91.4 -185.9
20211029190816  -652.0 -91.2 -185.7
20211029190817  -652.4 -91.0 -186.3
20211029190818  -652.5 -91.0 -186.5
20211029190819  -653.0 -91.3 -186.5
20211029190820  -653.0 -91.2 -186.4
20211029190821  -652.9 -91.5 -186.9
20211029190822  -652.8 -91.3 -186.9
20211029190823  -652.8 -91.5 -186.8
20211029190824  -652.8 -91.7 -186.7
20211029190825  -652.9 -91.6 -186.6
20211029190826  -652.8 -91.6 -186.8
20211029190827  -652.7 -91.4 -186.6
20211029190828  -652.9 -91.5 -186.9
20211029190829  -652.9 -91.4 -187.0
20211029190830  -653.0 -91.5 -186.8
20211029190831  -652.8 -91.4 -186.8
20211029190832  -653.0 -91.3 -186.9
20211029190833  -653.1 -91.6 -186.8
20211029190834  -652.9 -91.8 -186.9
20211029190835  -652.9 -91.7 -187.1
20211029190836  -653.2 -91.5 -187.0
20211029190837  -653.2 -91.5 -186.8
20211029190838  -653.4 -91.7 -187.1
20211029190839  -653.5 -91.5 -187.2
20211029190840  -653.6 -91.6 -187.2
20211029190841  -653.7 -91.7 -187.3
20211029190842  -653.7 -92.0 -187.2
20211029190843  -653.1 -91.7 -186.8
20211029190844  -653.6 -91.6 -187.2
20211029190845  -653.6 -91.7 -187.4
20211029190846  -653.4 -91.6 -187.5
20211029190847  -653.9 -91.6 -187.9
20211029190848  -653.8 -91.5 -187.5
20211029190849  -653.7 -91.4 -187.4
20211029190850  -653.7 -91.7 -187.6
20211029190851  -653.9 -91.6 -187.8
20211029190852  -653.7 -91.7 -187.5
20211029190853  -653.5 -92.1 -187.4
20211029190854  -653.6 -91.8 -187.9
20211029190855  -653.5 -92.3 -187.5
20211029190856  -653.9 -92.0 -187.3
20211029190857  -653.8 -92.2 -187.6
20211029190858  -653.9 -92.3 -187.4
20211029190859  -654.1 -92.4 -187.5
20211029190900  -653.9 -92.4 -187.2
20211029190901  -654.0 -92.2 -187.1
20211029190902  -654.1 -92.0 -187.5
20211029190903  -653.8 -92.2 -187.5
20211029190904  -654.0 -92.3 -187.3
20211029190905  -654.0 -91.9 -187.3
20211029190906  -654.0 -92.2 -187.4
20211029190907  -654.2 -92.3 -187.5
20211029190908  -654.1 -92.4 -187.5
20211029190909  -653.4 -92.2 -187.0
20211029190910  -653.6 -91.8 -186.8
20211029190911  -654.2 -92.1 -187.4
20211029190912  -654.1 -92.1 -187.5
20211029190913  -654.2 -91.9 -187.6
20211029190914  -653.8 -91.9 -187.5
20211029190915  -654.1 -91.9 -187.4
20211029190916  -654.1 -91.8 -187.4
20211029190917  -654.2 -91.8 -187.2
20211029190918  -654.4 -92.2 -187.3
20211029190919  -654.6 -92.0 -187.5
20211029190920  -654.5 -92.1 -187.6
20211029190921  -654.3 -92.1 -187.6
20211029190922  -654.2 -92.1 -187.7
20211029190923  -654.5 -92.2 -187.6
20211029190924  -654.2 -92.3 -187.7
20211029190925  -654.2 -92.2 -187.5
20211029190926  -654.4 -92.0 -187.7
20211029190927  -654.2 -91.7 -187.8
20211029190928  -654.1 -92.1 -188.0
20211029190929  -654.2 -92.1 -187.8
20211029190930  -654.5 -92.2 -187.7
20211029190931  -654.5 -92.3 -187.6
20211029190932  -654.6 -92.0 -188.0
20211029190933  -654.6 -92.2 -188.2
20211029190934  -654.5 -92.1 -188.3
20211029190935  -654.0 -92.0 -187.5
20211029190936  -653.5 -91.9 -187.3
20211029190937  -654.1 -92.1 -187.9
20211029190938  -654.5 -92.1 -187.8
20211029190939  -654.5 -92.1 -187.7
20211029190940  -654.7 -91.9 -187.6
20211029190941  -654.2 -91.9 -187.7
20211029190942  -654.4 -91.9 -187.8
20211029190943  -654.6 -92.0 -188.0
20211029190944  -654.7 -91.9 -187.7
20211029190945  -654.7 -91.8 -187.7
20211029190946  -654.7 -91.7 -188.0
20211029190947  -654.9 -91.8 -188.1
20211029190948  -655.3 -91.9 -188.0
20211029190949  -655.0 -92.2 -188.0
20211029190950  -655.0 -92.1 -188.3
20211029190951  -655.2 -91.6 -188.4
20211029190952  -655.2 -91.7 -188.0
20211029190953  -655.1 -91.8 -188.2
20211029190954  -655.3 -91.8 -187.9
20211029190955  -655.3 -91.7 -187.9
20211029190956  -655.2 -91.7 -188.2
20211029190957  -655.1 -91.7 -188.2
20211029190958  -655.1 -91.7 -188.1
20211029190959  -655.4 -91.6 -187.8
20211029191000  -655.2 -91.6 -187.9
20211029191001  -654.4 -91.8 -187.7
20211029191002  -654.0 -91.6 -187.4
20211029191003  -653.8 -91.4 -187.5
20211029191004  -654.7 -91.6 -187.8
20211029191005  -655.1 -91.6 -188.1
20211029191006  -655.0 -91.4 -187.8
20211029191007  -654.9 -91.9 -188.1
20211029191008  -655.0 -91.8 -188.0
20211029191009  -655.1 -91.8 -188.1
20211029191010  -655.2 -91.8 -188.1
20211029191011  -654.8 -92.0 -188.2
20211029191012  -654.9 -92.0 -188.4
20211029191013  -655.1 -91.8 -188.1
20211029191014  -655.1 -91.6 -188.4
20211029191015  -655.0 -91.7 -188.4
20211029191016  -655.0 -91.7 -188.5
20211029191017  -655.2 -91.6 -188.4
20211029191018  -655.3 -91.6 -188.7
20211029191019  -655.2 -91.8 -188.5
20211029191020  -655.2 -91.8 -188.2
20211029191021  -655.3 -91.6 -188.2
20211029191022  -655.2 -91.7 -188.3
20211029191023  -655.1 -91.8 -188.7
20211029191024  -655.6 -91.8 -188.2
20211029191025  -655.6 -91.7 -188.2
20211029191026  -655.6 -91.7 -188.3
20211029191027  -654.9 -91.8 -188.1
20211029191028  -654.4 -91.7 -187.5
20211029191029  -654.3 -91.6 -187.1
20211029191030  -655.3 -91.7 -188.0
20211029191031  -655.4 -91.9 -187.9
20211029191032  -655.3 -92.0 -187.7
20211029191033  -655.3 -91.9 -187.9
20211029191034  -655.3 -91.8 -187.8
20211029191035  -655.3 -91.5 -187.8
20211029191036  -655.4 -92.0 -188.0
20211029191037  -655.5 -91.8 -188.2
20211029191038  -655.4 -92.0 -188.0
20211029191039  -655.2 -92.0 -188.0
20211029191040  -655.6 -91.7 -188.1
20211029191041  -655.5 -92.1 -187.8
20211029191042  -655.4 -91.8 -188.3
20211029191043  -655.6 -91.8 -187.9
20211029191044  -655.6 -91.9 -187.8
20211029191045  -655.5 -91.9 -188.1
20211029191046  -655.6 -92.0 -187.9
20211029191047  -655.6 -92.1 -188.2
20211029191048  -655.7 -92.0 -188.2
20211029191049  -655.5 -92.1 -188.6
20211029191050  -655.5 -92.2 -188.5
20211029191051  -655.7 -92.3 -188.5
20211029191052  -655.5 -92.3 -188.3
20211029191053  -655.1 -92.4 -188.3
20211029191054  -654.9 -92.1 -187.7
20211029191055  -654.8 -92.1 -187.7
20211029191056  -655.0 -91.9 -187.9
20211029191057  -655.3 -92.1 -188.2
20211029191058  -655.5 -92.0 -188.2
20211029191059  -655.5 -92.3 -188.4
20211029191100  -655.5 -92.3 -188.3
20211029191101  -655.4 -92.5 -188.2
20211029191102  -655.5 -92.3 -188.4
20211029191103  -655.9 -92.1 -188.3
20211029191104  -655.7 -92.3 -188.2
20211029191105  -655.8 -92.4 -188.5
20211029191106  -655.9 -92.2 -188.5
20211029191107  -655.9 -92.1 -188.5
20211029191108  -656.1 -92.2 -188.4
20211029191109  -655.9 -92.4 -188.6
20211029191110  -655.8 -92.3 -188.4
20211029191111  -655.8 -92.2 -188.7
20211029191112  -655.8 -92.4 -188.8
20211029191113  -655.9 -92.3 -188.7
20211029191114  -655.6 -92.2 -188.5
20211029191115  -655.5 -92.2 -188.8
20211029191116  -655.4 -92.4 -188.4
20211029191117  -655.5 -92.2 -188.6
20211029191118  -655.7 -91.8 -188.3
20211029191119  -655.1 -92.1 -188.0
20211029191120  -654.8 -91.8 -187.5
20211029191121  -654.4 -91.5 -187.4
20211029191122  -654.4 -91.4 -187.4
20211029191123  -655.1 -91.3 -188.2
20211029191124  -655.2 -91.3 -188.3
20211029191125  -655.1 -91.6 -188.2
20211029191126  -654.9 -91.7 -188.2
20211029191127  -655.4 -91.6 -188.4
20211029191128  -655.3 -91.4 -188.2
20211029191129  -654.8 -91.7 -188.1
20211029191130  -654.9 -91.8 -188.3
20211029191131  -655.0 -91.5 -188.3
20211029191132  -655.0 -91.6 -188.3
20211029191133  -654.9 -91.7 -188.4
20211029191134  -655.0 -92.1 -187.9
20211029191135  -655.0 -91.5 -188.2
20211029191136  -655.1 -91.5 -188.5
20211029191137  -654.7 -91.7 -188.2
20211029191138  -654.8 -91.8 -188.4
20211029191139  -654.8 -91.6 -188.8
20211029191140  -654.9 -91.6 -188.7
20211029191141  -655.2 -92.0 -188.8
20211029191142  -655.0 -92.0 -188.8
20211029191143  -654.9 -91.9 -188.6
20211029191144  -655.2 -92.2 -188.6
20211029191145  -654.7 -92.2 -188.5
20211029191146  -654.2 -92.1 -188.0
20211029191147  -654.2 -91.9 -187.8
20211029191148  -653.8 -91.7 -187.9
20211029191149  -654.8 -91.5 -188.3
20211029191150  -655.0 -91.8 -188.4
20211029191151  -655.0 -91.7 -188.2
20211029191152  -655.2 -92.1 -188.5
20211029191153  -655.4 -92.0 -188.6
20211029191154  -655.3 -91.7 -188.5
20211029191155  -655.1 -92.0 -188.4
20211029191156  -655.2 -92.0 -188.3
20211029191157  -655.0 -91.7 -188.5
20211029191158  -654.7 -92.3 -188.2
20211029191159  -655.0 -92.1 -188.6
20211029191200  -655.2 -91.8 -188.4
20211029191201  -655.0 -92.1 -188.4
20211029191202  -655.0 -92.0 -188.6
20211029191203  -655.2 -92.2 -188.5
20211029191204  -655.0 -92.4 -188.2
20211029191205  -654.9 -92.5 -188.5
20211029191206  -654.7 -92.2 -188.6
20211029191207  -654.4 -92.4 -188.5
20211029191208  -654.8 -92.5 -188.4
20211029191209  -655.0 -92.4 -188.4
20211029191210  -655.2 -92.3 -188.3
20211029191211  -655.0 -92.5 -188.5
20211029191212  -654.6 -92.1 -188.1
20211029191213  -654.2 -91.9 -188.0
20211029191214  -654.3 -92.0 -187.7
