20211123225530  -687.7 -62.7 -220.5
20211123225531  -687.6 -62.7 -220.3
20211123225532  -687.5 -62.2 -219.9
20211123225533  -688.5 -62.6 -220.9
20211123225534  -688.3 -62.6 -221.2
20211123225535  -688.6 -62.6 -221.3
20211123225536  -688.6 -62.5 -221.3
20211123225537  -688.6 -62.7 -221.3
20211123225538  -688.6 -62.9 -221.3
20211123225539  -688.5 -62.8 -221.5
20211123225540  -688.3 -62.9 -221.7
20211123225541  -688.7 -62.9 -221.7
20211123225542  -688.4 -63.0 -221.7
20211123225543  -688.5 -63.3 -221.6
20211123225544  -688.4 -63.4 -221.2
20211123225545  -688.6 -63.2 -221.4
20211123225546  -688.5 -63.1 -221.4
20211123225547  -688.4 -63.0 -221.6
20211123225548  -688.3 -63.4 -221.5
20211123225549  -688.1 -63.5 -221.4
20211123225550  -688.4 -63.6 -221.7
20211123225551  -688.3 -63.7 -221.4
20211123225552  -688.4 -63.9 -221.5
20211123225553  -687.9 -63.7 -221.2
20211123225554  -687.4 -63.8 -221.2
20211123225555  -687.2 -63.7 -220.9
20211123225556  -687.0 -63.0 -220.8
20211123225557  -687.1 -63.0 -220.8
20211123225558  -687.0 -63.1 -220.6
20211123225559  -688.0 -63.3 -221.5
20211123225600  -688.0 -63.4 -221.2
20211123225601  -687.8 -63.3 -221.5
20211123225602  -687.7 -63.4 -221.5
20211123225603  -687.7 -63.7 -221.5
20211123225604  -687.8 -64.0 -221.7
20211123225605  -688.1 -64.0 -221.8
20211123225606  -687.8 -64.0 -221.9
20211123225607  -687.8 -64.2 -221.9
20211123225608  -687.7 -64.2 -221.9
20211123225609  -687.9 -64.3 -221.6
20211123225610  -688.0 -64.1 -221.5
20211123225611  -688.1 -64.1 -221.8
20211123225612  -688.0 -64.1 -221.7
20211123225613  -687.9 -64.2 -221.9
20211123225614  -687.8 -64.3 -221.9
20211123225615  -688.0 -64.1 -221.8
20211123225616  -687.9 -64.3 -221.7
20211123225617  -687.8 -64.4 -221.8
20211123225618  -688.0 -64.5 -221.9
20211123225619  -687.6 -64.8 -221.8
20211123225620  -687.1 -64.4 -221.4
20211123225621  -686.8 -64.2 -221.0
20211123225622  -687.1 -64.0 -221.0
20211123225623  -686.7 -63.7 -220.9
20211123225624  -686.9 -63.7 -220.8
20211123225625  -687.1 -64.1 -221.1
20211123225626  -687.3 -64.1 -221.4
20211123225627  -687.3 -64.1 -221.6
20211123225628  -687.3 -64.2 -221.4
20211123225629  -687.4 -64.5 -221.5
20211123225630  -687.3 -64.5 -221.2
20211123225631  -687.0 -64.4 -221.2
20211123225632  -686.6 -64.5 -221.1
20211123225633  -686.7 -64.7 -221.1
20211123225634  -686.9 -64.9 -221.2
20211123225635  -686.6 -64.8 -221.4
20211123225636  -686.2 -64.9 -221.1
20211123225637  -686.1 -64.7 -221.1
20211123225638  -685.9 -64.7 -221.0
20211123225639  -685.9 -64.8 -220.7
20211123225640  -685.6 -65.1 -220.6
20211123225641  -685.2 -64.7 -221.0
20211123225642  -685.4 -64.5 -221.1
20211123225643  -685.3 -64.8 -221.0
20211123225644  -685.4 -64.9 -221.1
20211123225645  -685.3 -65.2 -221.2
20211123225646  -684.8 -65.0 -220.9
20211123225647  -684.4 -64.9 -220.7
20211123225648  -684.6 -64.9 -220.4
20211123225649  -684.2 -64.8 -219.9
20211123225650  -684.9 -64.6 -220.3
20211123225651  -685.2 -65.1 -220.5
20211123225652  -685.2 -64.6 -220.2
20211123225653  -685.5 -64.8 -220.7
20211123225654  -685.2 -65.2 -221.1
20211123225655  -685.1 -65.0 -220.8
20211123225656  -684.9 -65.1 -221.0
20211123225657  -685.3 -65.0 -220.8
20211123225658  -685.5 -65.3 -220.9
20211123225659  -685.2 -65.2 -220.5
20211123225700  -685.0 -65.1 -220.9
20211123225701  -684.7 -65.1 -220.7
20211123225702  -684.7 -65.0 -220.8
20211123225703  -685.0 -65.3 -220.9
20211123225704  -684.8 -65.6 -221.1
20211123225705  -684.8 -65.6 -220.9
20211123225706  -684.9 -65.5 -220.9
20211123225707  -684.8 -65.6 -220.9
20211123225708  -684.9 -66.0 -220.8
20211123225709  -684.9 -66.1 -220.9
20211123225710  -684.8 -66.2 -221.0
20211123225711  -684.5 -66.2 -220.8
20211123225712  -684.2 -65.8 -220.6
20211123225713  -684.0 -65.6 -220.5
20211123225714  -683.9 -65.6 -220.3
20211123225715  -683.5 -65.5 -219.6
20211123225716  -684.6 -65.9 -220.8
20211123225717  -685.0 -66.3 -220.8
20211123225718  -685.0 -66.1 -221.0
20211123225719  -685.0 -66.4 -220.9
20211123225720  -685.1 -67.0 -220.9
20211123225721  -685.3 -66.8 -220.9
20211123225722  -685.2 -66.7 -220.6
20211123225723  -685.4 -66.9 -220.6
20211123225724  -685.1 -66.5 -220.5
20211123225725  -685.3 -66.7 -220.6
20211123225726  -685.3 -66.7 -221.1
20211123225727  -685.3 -66.5 -221.0
20211123225728  -685.4 -66.9 -221.1
20211123225729  -685.8 -66.8 -221.1
20211123225730  -685.3 -66.9 -221.1
20211123225731  -685.8 -66.8 -221.0
20211123225732  -686.1 -67.0 -220.9
20211123225733  -686.0 -66.9 -221.2
20211123225734  -685.8 -66.8 -221.1
20211123225735  -686.0 -67.1 -221.1
20211123225736  -685.9 -67.0 -220.9
20211123225737  -686.0 -67.2 -221.2
20211123225738  -685.4 -67.1 -220.6
20211123225739  -685.2 -66.8 -220.3
20211123225740  -685.1 -66.8 -220.1
20211123225741  -685.0 -66.7 -219.6
20211123225742  -685.8 -66.6 -220.4
20211123225743  -686.7 -66.6 -220.7
20211123225744  -686.3 -66.7 -220.8
20211123225745  -686.5 -66.9 -221.1
20211123225746  -686.5 -66.9 -220.7
20211123225747  -686.2 -66.9 -220.6
20211123225748  -686.8 -66.9 -220.6
20211123225749  -686.6 -66.6 -220.9
20211123225750  -687.0 -67.1 -220.8
20211123225751  -687.0 -67.2 -220.8
20211123225752  -687.1 -67.0 -220.7
20211123225753  -687.3 -67.1 -220.6
20211123225754  -687.1 -67.2 -220.4
20211123225755  -687.3 -67.3 -220.5
20211123225756  -687.3 -67.3 -220.8
20211123225757  -687.3 -67.2 -221.0
20211123225758  -687.2 -67.1 -220.9
20211123225759  -687.5 -66.9 -220.6
20211123225800  -687.7 -67.3 -220.7
20211123225801  -687.7 -67.4 -220.5
20211123225802  -687.9 -67.5 -220.8
20211123225803  -687.7 -67.8 -220.9
20211123225804  -687.4 -67.7 -220.4
20211123225805  -687.0 -67.6 -220.2
20211123225806  -686.8 -67.5 -220.0
20211123225807  -686.6 -67.5 -219.6
20211123225808  -686.9 -67.8 -219.7
20211123225809  -687.5 -67.6 -220.1
20211123225810  -687.6 -67.7 -220.4
20211123225811  -687.5 -67.8 -220.3
20211123225812  -687.6 -67.7 -220.8
20211123225813  -687.8 -67.8 -220.7
20211123225814  -688.2 -67.8 -220.7
20211123225815  -688.1 -67.9 -220.8
20211123225816  -688.3 -67.6 -220.8
20211123225817  -688.3 -68.1 -220.7
20211123225818  -688.3 -68.0 -220.3
20211123225819  -688.5 -68.0 -220.6
20211123225820  -688.5 -67.5 -220.7
20211123225821  -688.5 -67.5 -220.4
20211123225822  -688.5 -67.5 -220.4
20211123225823  -688.3 -67.5 -220.4
20211123225824  -688.5 -67.7 -220.0
20211123225825  -688.4 -67.6 -220.3
20211123225826  -688.6 -67.7 -220.3
20211123225827  -689.0 -68.0 -220.0
20211123225828  -688.9 -67.8 -220.4
20211123225829  -688.8 -68.1 -220.6
20211123225830  -688.1 -67.9 -220.1
20211123225831  -687.8 -67.9 -220.0
20211123225832  -687.3 -67.8 -219.9
20211123225833  -687.1 -67.9 -219.7
20211123225834  -687.3 -67.7 -219.3
20211123225835  -688.1 -67.8 -219.6
20211123225836  -688.2 -68.0 -220.1
20211123225837  -688.2 -67.9 -220.2
20211123225838  -687.8 -68.0 -220.2
20211123225839  -687.9 -68.2 -220.3
20211123225840  -688.0 -67.8 -219.9
20211123225841  -688.1 -68.0 -220.2
20211123225842  -688.1 -67.9 -219.9
20211123225843  -687.9 -68.2 -220.4
20211123225844  -687.9 -68.0 -219.9
20211123225845  -687.9 -68.2 -219.8
20211123225846  -688.0 -68.3 -219.8
20211123225847  -687.8 -68.0 -219.8
20211123225848  -687.8 -68.1 -219.8
20211123225849  -687.9 -68.0 -219.9
20211123225850  -687.7 -67.6 -219.7
20211123225851  -687.4 -67.7 -219.8
20211123225852  -687.3 -67.9 -220.0
20211123225853  -687.1 -67.8 -220.0
20211123225854  -687.0 -68.2 -220.2
20211123225855  -686.8 -67.9 -220.1
20211123225856  -686.2 -67.9 -219.5
20211123225857  -685.8 -67.7 -219.2
20211123225858  -685.5 -67.6 -218.9
20211123225859  -685.5 -67.4 -219.0
20211123225900  -685.3 -67.4 -218.5
20211123225901  -685.5 -67.2 -218.8
20211123225902  -686.3 -67.3 -219.4
20211123225903  -686.4 -67.5 -219.2
20211123225904  -686.3 -67.3 -219.2
20211123225905  -686.5 -67.3 -218.9
20211123225906  -686.2 -67.5 -218.9
20211123225907  -685.9 -67.3 -219.0
20211123225908  -686.0 -67.1 -219.2
20211123225909  -686.3 -66.9 -218.9
20211123225910  -685.9 -67.0 -218.7
20211123225911  -686.0 -66.9 -219.0
20211123225912  -686.0 -67.1 -219.1
20211123225913  -686.0 -67.2 -219.0
20211123225914  -685.9 -67.3 -218.9
20211123225915  -686.0 -67.2 -218.9
20211123225916  -685.8 -67.2 -218.9
20211123225917  -685.6 -67.1 -218.6
20211123225918  -685.5 -67.0 -218.6
20211123225919  -685.4 -66.9 -218.3
20211123225920  -685.6 -66.9 -218.8
20211123225921  -685.7 -67.1 -218.8
20211123225922  -685.2 -67.2 -218.3
20211123225923  -684.6 -67.1 -218.1
20211123225924  -684.7 -66.9 -217.8
20211123225925  -684.4 -67.0 -217.8
20211123225926  -684.1 -66.4 -218.0
20211123225927  -683.9 -66.8 -217.5
20211123225928  -684.9 -66.7 -217.8
20211123225929  -684.7 -66.8 -218.0
20211123225930  -684.7 -66.8 -218.2
20211123225931  -685.1 -66.6 -217.8
20211123225932  -684.8 -66.8 -218.2
20211123225933  -684.8 -67.2 -218.5
20211123225934  -684.5 -67.0 -218.3
20211123225935  -684.4 -67.1 -218.2
20211123225936  -684.4 -66.9 -217.9
20211123225937  -684.1 -67.0 -218.0
20211123225938  -684.3 -66.9 -218.2
20211123225939  -684.1 -67.1 -218.3
20211123225940  -684.2 -66.9 -218.5
20211123225941  -684.4 -67.0 -218.4
20211123225942  -684.4 -66.9 -218.7
20211123225943  -684.7 -67.1 -218.5
20211123225944  -684.3 -67.2 -218.4
20211123225945  -684.3 -66.7 -218.5
20211123225946  -684.3 -66.7 -218.8
20211123225947  -684.4 -66.7 -218.6
20211123225948  -684.2 -66.8 -218.4
20211123225949  -683.7 -66.9 -217.9
20211123225950  -683.7 -66.8 -217.6
20211123225951  -683.5 -66.5 -217.2
20211123225952  -683.5 -66.5 -216.9
20211123225953  -683.3 -66.3 -216.9
20211123225954  -683.3 -66.2 -216.6
20211123225955  -684.0 -66.5 -217.2
20211123225956  -684.2 -66.3 -217.7
20211123225957  -684.3 -66.5 -217.9
20211123225958  -684.5 -66.6 -217.7
20211123225959  -684.5 -66.4 -217.5
20211123230000  -684.1 -66.3 -217.6
20211123230001  -684.0 -66.6 -217.5
20211123230002  -684.3 -66.7 -217.6
20211123230003  -684.4 -66.5 -217.5
20211123230004  -684.2 -66.8 -217.7
20211123230005  -684.1 -66.6 -217.8
20211123230006  -684.2 -66.4 -217.6
20211123230007  -684.2 -66.5 -217.6
20211123230008  -684.3 -66.4 -217.8
20211123230009  -684.0 -66.8 -217.7
20211123230010  -683.9 -66.9 -217.8
20211123230011  -684.0 -66.7 -217.7
20211123230012  -683.7 -66.7 -217.7
20211123230013  -683.9 -66.6 -217.9
20211123230014  -684.0 -66.9 -217.9
20211123230015  -683.5 -66.5 -217.3
20211123230016  -682.9 -66.4 -217.0
20211123230017  -682.6 -66.3 -216.8
20211123230018  -682.7 -66.5 -216.6
20211123230019  -682.5 -66.2 -216.3
20211123230020  -682.1 -66.3 -216.1
20211123230021  -682.9 -66.3 -216.3
20211123230022  -683.3 -66.4 -216.9
20211123230023  -683.2 -66.2 -216.6
20211123230024  -683.5 -66.3 -216.6
20211123230025  -683.7 -66.6 -216.3
20211123230026  -683.6 -66.3 -216.2
20211123230027  -683.7 -66.3 -216.3
20211123230028  -683.5 -66.3 -216.3
20211123230029  -683.1 -66.3 -216.6
20211123230030  -683.2 -66.6 -217.0
20211123230031  -683.3 -66.6 -216.7
20211123230032  -683.3 -66.3 -216.6
20211123230033  -683.0 -66.5 -216.4
20211123230034  -683.2 -66.6 -216.6
20211123230035  -683.0 -66.8 -216.5
20211123230036  -682.9 -66.6 -216.5
20211123230037  -683.0 -66.6 -216.4
20211123230038  -683.1 -66.6 -216.2
20211123230039  -683.1 -66.9 -216.4
20211123230040  -682.6 -66.8 -216.4
20211123230041  -682.3 -66.8 -216.5
20211123230042  -681.9 -66.7 -216.0
20211123230043  -681.5 -66.6 -215.4
20211123230044  -681.1 -66.4 -215.5
20211123230045  -680.6 -66.7 -215.3
20211123230046  -680.3 -66.5 -215.0
20211123230047  -680.4 -66.4 -215.1
20211123230048  -681.2 -66.7 -215.5
20211123230049  -681.5 -66.6 -215.7
20211123230050  -681.3 -66.8 -215.7
20211123230051  -681.2 -66.6 -215.7
20211123230052  -680.9 -66.7 -215.8
20211123230053  -681.1 -66.9 -215.9
20211123230054  -681.0 -66.7 -216.0
20211123230055  -680.9 -66.8 -216.3
20211123230056  -681.0 -66.6 -216.2
20211123230057  -681.2 -66.4 -216.2
20211123230058  -681.0 -66.1 -216.2
20211123230059  -681.0 -66.4 -215.9
20211123230100  -681.1 -66.4 -216.1
20211123230101  -681.0 -66.6 -216.0
20211123230102  -681.2 -66.9 -215.9
20211123230103  -681.1 -66.6 -216.2
20211123230104  -680.8 -66.5 -215.6
20211123230105  -681.0 -66.7 -215.7
20211123230106  -680.8 -66.6 -215.5
20211123230107  -680.3 -66.8 -215.3
20211123230108  -679.9 -66.5 -214.8
20211123230109  -679.5 -66.3 -214.7
20211123230110  -679.2 -66.3 -214.7
20211123230111  -678.9 -66.2 -214.6
20211123230112  -678.6 -66.3 -214.0
20211123230113  -678.7 -66.1 -213.8
20211123230114  -679.7 -66.4 -214.2
20211123230115  -679.7 -66.4 -214.7
20211123230116  -679.9 -66.4 -214.6
20211123230117  -680.1 -66.5 -214.5
20211123230118  -680.1 -66.7 -214.6
20211123230119  -679.8 -66.5 -214.6
20211123230120  -680.3 -66.3 -214.5
20211123230121  -679.9 -66.5 -214.3
20211123230122  -680.2 -66.7 -214.6
20211123230123  -680.2 -66.7 -214.9
20211123230124  -680.4 -67.1 -214.7
20211123230125  -680.3 -67.1 -214.8
20211123230126  -680.1 -67.1 -214.8
20211123230127  -680.3 -66.8 -214.7
20211123230128  -680.0 -67.2 -214.6
20211123230129  -680.4 -67.1 -214.6
20211123230130  -680.1 -66.9 -214.6
20211123230131  -679.9 -66.9 -214.7
20211123230132  -680.0 -66.8 -214.4
20211123230133  -679.8 -67.0 -214.2
20211123230134  -679.4 -66.8 -213.9
20211123230135  -679.2 -66.7 -213.6
20211123230136  -679.1 -66.7 -213.5
20211123230137  -678.6 -66.8 -213.2
20211123230138  -678.4 -66.9 -213.3
20211123230139  -678.3 -66.7 -212.7
20211123230140  -678.9 -66.3 -213.4
20211123230141  -679.4 -66.7 -213.8
20211123230142  -679.4 -66.8 -213.7
20211123230143  -679.3 -67.4 -214.0
20211123230144  -679.3 -67.2 -213.7
20211123230145  -679.2 -67.0 -213.6
20211123230146  -679.4 -67.0 -214.0
20211123230147  -679.6 -67.3 -213.8
20211123230148  -679.8 -67.6 -214.0
20211123230149  -679.8 -67.3 -213.9
20211123230150  -679.4 -67.1 -213.8
20211123230151  -679.7 -67.1 -213.8
20211123230152  -679.6 -67.1 -213.9
20211123230153  -679.8 -67.1 -213.8
20211123230154  -679.9 -67.1 -214.2
20211123230155  -679.9 -67.4 -214.2
20211123230156  -680.0 -67.3 -214.1
20211123230157  -679.9 -67.5 -214.0
20211123230158  -679.8 -67.6 -213.8
20211123230159  -680.0 -67.8 -214.2
20211123230200  -679.7 -67.4 -213.6
20211123230201  -679.5 -67.5 -213.4
20211123230202  -679.4 -67.0 -213.0
20211123230203  -679.2 -67.0 -212.8
20211123230204  -679.2 -67.1 -212.6
20211123230205  -678.8 -67.0 -212.8
20211123230206  -679.1 -67.1 -212.9
20211123230207  -680.0 -67.2 -213.6
20211123230208  -680.0 -67.1 -213.8
20211123230209  -680.3 -67.0 -213.9
20211123230210  -680.5 -67.1 -213.7
20211123230211  -680.8 -67.1 -214.0
20211123230212  -680.6 -67.2 -213.8
20211123230213  -680.7 -67.1 -213.5
20211123230214  -681.0 -67.3 -213.6
20211123230215  -681.1 -67.4 -213.6
20211123230216  -681.0 -67.4 -213.8
20211123230217  -681.0 -67.5 -214.0
20211123230218  -681.1 -67.2 -214.1
