20211204225025  -685.2 -75.5 -743.0
20211204225026  -685.1 -75.4 -743.2
20211204225027  -685.0 -75.8 -743.2
20211204225028  -685.3 -75.7 -743.4
20211204225029  -685.6 -76.0 -743.7
20211204225030  -685.7 -76.4 -743.9
20211204225031  -685.4 -76.0 -743.6
20211204225032  -684.5 -75.6 -743.1
20211204225033  -684.6 -75.6 -743.0
20211204225034  -684.4 -75.5 -742.8
20211204225035  -684.0 -75.5 -742.7
20211204225036  -684.0 -75.3 -742.2
20211204225037  -683.5 -75.2 -742.3
20211204225038  -683.1 -74.8 -741.9
20211204225039  -682.9 -75.0 -741.5
20211204225040  -683.1 -75.0 -741.7
20211204225041  -683.8 -75.1 -742.2
20211204225042  -684.0 -75.3 -742.4
20211204225043  -684.0 -75.3 -742.6
20211204225044  -684.2 -75.6 -742.9
20211204225045  -684.4 -75.4 -742.6
20211204225046  -684.7 -75.3 -742.8
20211204225047  -685.0 -75.5 -743.0
20211204225048  -684.9 -75.7 -743.2
20211204225049  -685.0 -75.5 -743.3
20211204225050  -684.8 -75.7 -743.4
20211204225051  -684.8 -75.7 -743.4
20211204225052  -684.9 -75.6 -743.7
20211204225053  -684.9 -75.8 -743.7
20211204225054  -685.3 -76.1 -743.7
20211204225055  -685.7 -76.0 -743.3
20211204225056  -685.7 -76.3 -743.8
20211204225057  -685.5 -76.5 -743.9
20211204225058  -684.8 -76.4 -743.5
20211204225059  -684.5 -76.2 -743.0
20211204225100  -684.4 -75.7 -742.6
20211204225101  -684.3 -75.6 -742.6
20211204225102  -684.2 -75.3 -742.6
20211204225103  -683.7 -75.2 -742.4
20211204225104  -683.6 -75.3 -742.1
20211204225105  -683.3 -75.2 -741.8
20211204225106  -683.0 -75.4 -741.7
20211204225107  -683.4 -75.4 -741.6
20211204225108  -683.9 -75.5 -742.3
20211204225109  -684.1 -75.7 -742.6
20211204225110  -683.9 -75.7 -742.5
20211204225111  -684.0 -75.8 -742.4
20211204225112  -684.3 -75.9 -742.4
20211204225113  -684.6 -76.0 -742.9
20211204225114  -684.4 -76.1 -743.3
20211204225115  -684.3 -75.8 -743.3
20211204225116  -684.3 -76.1 -743.4
20211204225117  -684.8 -76.0 -743.2
20211204225118  -684.4 -76.1 -743.6
20211204225119  -684.3 -76.0 -743.7
20211204225120  -684.5 -76.0 -743.6
20211204225121  -684.5 -76.4 -743.8
20211204225122  -684.6 -76.4 -743.6
20211204225123  -684.8 -76.7 -743.9
20211204225124  -684.4 -76.5 -743.7
20211204225125  -684.1 -76.5 -743.2
20211204225126  -684.0 -76.1 -743.3
20211204225127  -683.5 -76.1 -742.8
20211204225128  -683.4 -76.0 -742.5
20211204225129  -683.1 -75.9 -742.3
20211204225130  -682.9 -75.5 -741.9
20211204225131  -682.7 -75.4 -741.7
20211204225132  -682.5 -75.8 -741.7
20211204225133  -682.0 -75.4 -741.3
20211204225134  -682.9 -75.4 -741.4
20211204225135  -683.1 -75.6 -741.9
20211204225136  -683.3 -75.5 -742.1
20211204225137  -683.3 -75.6 -742.4
20211204225138  -683.3 -75.9 -742.1
20211204225139  -683.5 -76.0 -742.5
20211204225140  -683.4 -76.2 -742.7
20211204225141  -683.8 -76.1 -742.9
20211204225142  -683.6 -76.0 -742.8
20211204225143  -683.8 -76.2 -742.9
20211204225144  -683.7 -76.2 -742.8
20211204225145  -684.1 -76.5 -742.9
20211204225146  -684.1 -76.6 -743.0
20211204225147  -684.3 -76.2 -742.8
20211204225148  -684.4 -76.1 -742.9
20211204225149  -684.3 -76.5 -742.7
20211204225150  -684.6 -77.0 -743.3
20211204225151  -684.6 -77.2 -743.4
20211204225152  -684.3 -76.8 -743.3
20211204225153  -683.9 -76.8 -743.0
20211204225154  -683.9 -76.6 -742.8
20211204225155  -683.6 -76.5 -742.3
20211204225156  -683.1 -76.4 -742.0
20211204225157  -682.9 -76.4 -741.7
20211204225158  -682.5 -76.2 -741.5
20211204225159  -682.4 -76.3 -741.4
20211204225200  -682.2 -76.5 -741.2
20211204225201  -683.0 -76.7 -741.4
20211204225202  -683.0 -76.7 -741.6
20211204225203  -683.1 -76.8 -741.7
20211204225204  -683.1 -76.9 -741.9
20211204225205  -683.2 -77.0 -742.2
20211204225206  -683.4 -77.0 -742.8
20211204225207  -683.5 -77.3 -742.5
20211204225208  -683.4 -77.1 -742.8
20211204225209  -683.3 -77.1 -743.0
20211204225210  -683.5 -77.2 -742.8
20211204225211  -683.5 -77.4 -742.7
20211204225212  -683.4 -77.4 -742.8
20211204225213  -683.5 -77.2 -742.7
20211204225214  -683.5 -77.3 -742.8
20211204225215  -683.5 -77.4 -742.5
20211204225216  -683.7 -77.7 -742.6
20211204225217  -683.6 -77.9 -743.2
20211204225218  -683.4 -77.8 -742.9
20211204225219  -683.2 -77.7 -742.7
20211204225220  -682.7 -77.2 -742.5
20211204225221  -682.4 -77.1 -742.2
20211204225222  -682.2 -77.1 -742.0
20211204225223  -681.8 -77.2 -741.7
20211204225224  -681.5 -77.3 -741.4
20211204225225  -681.3 -77.0 -741.4
20211204225226  -680.7 -77.0 -741.2
20211204225227  -681.0 -77.0 -740.9
20211204225228  -681.6 -77.0 -741.2
20211204225229  -681.7 -77.2 -741.5
20211204225230  -681.9 -77.5 -741.7
20211204225231  -681.9 -77.4 -741.7
20211204225232  -682.0 -77.7 -741.8
20211204225233  -682.3 -77.5 -742.0
20211204225234  -682.2 -77.7 -742.1
20211204225235  -682.3 -77.7 -742.4
20211204225236  -682.3 -78.0 -742.3
20211204225237  -682.4 -77.9 -742.6
20211204225238  -682.8 -78.1 -742.5
20211204225239  -682.4 -78.2 -742.5
20211204225240  -682.5 -78.5 -742.5
20211204225241  -682.7 -78.2 -742.4
20211204225242  -682.7 -78.4 -742.3
20211204225243  -682.9 -78.5 -742.4
20211204225244  -683.0 -78.8 -742.9
20211204225245  -682.3 -78.9 -742.7
20211204225246  -681.7 -78.7 -742.0
20211204225247  -681.6 -78.6 -741.9
20211204225248  -681.2 -78.4 -741.7
20211204225249  -681.1 -78.4 -741.2
20211204225250  -680.7 -78.4 -741.1
20211204225251  -680.3 -78.5 -740.8
20211204225252  -679.7 -78.3 -740.2
20211204225253  -679.7 -78.1 -739.8
20211204225254  -680.1 -77.9 -740.1
20211204225255  -680.6 -78.8 -740.8
20211204225256  -680.6 -78.6 -740.8
20211204225257  -680.9 -78.3 -740.8
20211204225258  -681.0 -78.6 -741.0
20211204225259  -681.2 -78.6 -741.0
20211204225300  -680.9 -78.9 -741.1
20211204225301  -681.3 -78.7 -741.1
20211204225302  -681.1 -78.9 -741.3
20211204225303  -681.1 -79.2 -741.4
20211204225304  -681.2 -79.1 -741.2
20211204225305  -681.3 -79.3 -741.5
20211204225306  -681.3 -79.2 -741.7
20211204225307  -681.4 -79.2 -741.4
20211204225308  -681.3 -79.5 -741.6
20211204225309  -681.3 -79.6 -741.6
20211204225310  -681.1 -79.6 -741.7
20211204225311  -681.5 -80.1 -742.6
20211204225312  -681.5 -79.9 -742.1
20211204225313  -681.0 -79.7 -741.7
20211204225314  -680.7 -79.6 -741.6
20211204225315  -680.6 -79.7 -741.1
20211204225316  -680.2 -79.7 -741.0
20211204225317  -680.2 -79.8 -740.8
20211204225318  -680.1 -79.6 -740.8
20211204225319  -679.9 -79.7 -740.6
20211204225320  -679.4 -79.6 -740.2
20211204225321  -679.9 -79.9 -740.8
20211204225322  -680.2 -80.0 -740.9
20211204225323  -680.4 -80.1 -741.2
20211204225324  -680.5 -80.3 -741.4
20211204225325  -680.6 -80.3 -741.5
20211204225326  -680.8 -80.1 -741.5
20211204225327  -680.7 -80.6 -741.5
20211204225328  -680.8 -80.5 -741.6
20211204225329  -680.9 -80.6 -741.4
20211204225330  -680.8 -80.6 -741.6
20211204225331  -680.8 -80.9 -741.8
20211204225332  -681.4 -81.0 -741.7
20211204225333  -681.3 -81.2 -741.9
20211204225334  -681.2 -81.5 -742.1
20211204225335  -681.0 -81.6 -742.0
20211204225336  -681.0 -81.7 -741.9
20211204225337  -681.1 -81.8 -742.1
20211204225338  -681.5 -82.4 -743.1
20211204225339  -681.3 -82.1 -742.3
20211204225340  -680.9 -82.3 -741.9
20211204225341  -680.9 -82.3 -742.0
20211204225342  -680.8 -82.2 -741.8
20211204225343  -681.0 -82.1 -741.6
20211204225344  -680.7 -82.2 -741.5
20211204225345  -680.8 -82.2 -741.3
20211204225346  -680.4 -82.4 -741.1
20211204225347  -680.6 -82.2 -740.9
20211204225348  -681.3 -82.6 -741.5
20211204225349  -681.8 -82.7 -742.0
20211204225350  -682.1 -82.6 -742.2
20211204225351  -682.5 -83.0 -742.7
20211204225352  -682.9 -83.2 -742.7
20211204225353  -682.9 -83.3 -742.9
20211204225354  -683.1 -83.7 -742.9
20211204225355  -683.3 -83.5 -743.1
20211204225356  -683.5 -83.4 -743.5
20211204225357  -684.0 -83.7 -743.4
20211204225358  -684.1 -83.8 -743.7
20211204225359  -684.6 -83.8 -743.9
20211204225400  -684.7 -84.0 -744.0
20211204225401  -684.9 -84.2 -744.6
20211204225402  -684.8 -84.0 -744.4
20211204225403  -685.0 -84.2 -744.7
20211204225404  -685.6 -84.5 -744.7
20211204225405  -685.9 -84.8 -744.8
20211204225406  -685.2 -84.5 -744.3
20211204225407  -685.3 -84.7 -744.3
20211204225408  -685.2 -84.5 -743.8
20211204225409  -685.2 -84.3 -744.0
20211204225410  -685.0 -84.3 -743.8
20211204225411  -684.8 -84.1 -743.5
20211204225412  -684.9 -84.2 -743.2
20211204225413  -684.9 -83.9 -743.4
20211204225414  -685.1 -84.2 -743.8
20211204225415  -685.9 -84.5 -744.3
20211204225416  -686.2 -84.5 -744.5
20211204225417  -686.2 -84.6 -744.2
20211204225418  -686.5 -84.7 -744.6
20211204225419  -686.7 -84.9 -745.0
20211204225420  -687.1 -84.7 -745.2
20211204225421  -687.5 -84.9 -745.3
20211204225422  -687.4 -84.8 -745.3
20211204225423  -687.3 -85.1 -745.3
20211204225424  -687.7 -85.4 -745.7
20211204225425  -688.3 -85.6 -745.6
20211204225426  -688.5 -85.7 -745.6
20211204225427  -688.7 -85.6 -746.0
20211204225428  -689.0 -85.8 -746.2
20211204225429  -689.0 -85.7 -746.5
20211204225430  -689.1 -86.0 -746.6
20211204225431  -689.7 -85.9 -747.4
20211204225432  -690.2 -86.4 -747.2
20211204225433  -689.6 -86.3 -746.8
20211204225434  -689.5 -86.0 -746.7
20211204225435  -689.5 -85.9 -746.8
20211204225436  -689.5 -85.8 -746.6
20211204225437  -689.4 -85.9 -746.4
20211204225438  -689.3 -85.9 -746.5
20211204225439  -689.2 -85.8 -746.4
20211204225440  -689.2 -86.0 -746.2
20211204225441  -690.1 -86.1 -746.8
20211204225442  -690.6 -86.4 -747.0
20211204225443  -690.8 -86.6 -747.2
20211204225444  -691.2 -86.4 -747.5
20211204225445  -691.4 -86.5 -747.4
20211204225446  -691.7 -86.6 -747.3
20211204225447  -692.0 -86.6 -747.9
20211204225448  -692.1 -86.7 -747.9
20211204225449  -692.8 -86.7 -748.1
20211204225450  -692.9 -86.8 -748.2
20211204225451  -693.1 -86.9 -748.2
20211204225452  -693.0 -86.8 -748.3
20211204225453  -693.3 -86.9 -748.4
20211204225454  -693.5 -86.7 -748.6
20211204225455  -693.9 -87.0 -749.3
20211204225456  -694.2 -87.0 -749.0
20211204225457  -694.0 -87.1 -749.0
20211204225458  -694.1 -87.2 -749.6
20211204225459  -694.2 -87.2 -749.6
20211204225500  -693.8 -87.1 -749.2
20211204225501  -693.9 -87.1 -748.9
20211204225502  -693.4 -87.0 -748.5
20211204225503  -693.3 -86.6 -748.4
20211204225504  -693.3 -86.4 -748.4
20211204225505  -693.3 -86.3 -748.1
20211204225506  -692.9 -86.5 -748.1
20211204225507  -693.3 -86.5 -748.2
20211204225508  -694.0 -86.9 -748.9
20211204225509  -693.9 -86.7 -749.4
20211204225510  -694.0 -86.8 -749.6
20211204225511  -694.2 -86.8 -749.4
20211204225512  -694.2 -86.8 -749.3
20211204225513  -694.7 -86.5 -749.4
20211204225514  -694.6 -87.0 -749.5
20211204225515  -694.8 -87.0 -749.8
20211204225516  -694.9 -86.9 -750.0
20211204225517  -695.0 -86.9 -750.3
20211204225518  -694.9 -86.6 -749.9
20211204225519  -695.1 -86.7 -749.9
20211204225520  -695.0 -86.6 -750.1
20211204225521  -694.8 -86.2 -750.4
20211204225522  -695.0 -86.2 -750.0
20211204225523  -694.9 -86.4 -750.1
20211204225524  -694.7 -86.0 -750.3
20211204225525  -694.8 -86.3 -750.8
20211204225526  -694.2 -85.7 -750.3
20211204225527  -693.8 -85.4 -750.0
20211204225528  -693.3 -85.1 -749.6
20211204225529  -693.1 -84.9 -749.3
20211204225530  -692.7 -84.4 -749.2
20211204225531  -692.3 -84.3 -749.3
20211204225532  -691.9 -83.8 -749.0
20211204225533  -691.6 -83.6 -748.6
20211204225534  -692.5 -83.5 -749.5
20211204225535  -692.2 -83.4 -749.4
20211204225536  -692.3 -83.7 -749.6
20211204225537  -692.4 -83.8 -749.4
20211204225538  -692.3 -83.7 -749.9
20211204225539  -692.5 -83.7 -750.1
20211204225540  -692.5 -83.7 -750.1
20211204225541  -692.3 -83.8 -750.3
20211204225542  -692.0 -83.8 -750.6
20211204225543  -692.1 -83.9 -750.7
20211204225544  -692.7 -83.8 -750.6
20211204225545  -692.4 -83.7 -751.0
20211204225546  -692.4 -83.7 -750.6
20211204225547  -692.4 -83.7 -750.7
20211204225548  -692.2 -83.5 -751.0
20211204225549  -692.1 -83.7 -750.9
20211204225550  -692.3 -83.5 -751.0
20211204225551  -692.1 -83.5 -751.2
20211204225552  -692.5 -84.3 -751.6
20211204225553  -692.0 -83.8 -751.1
20211204225554  -691.6 -83.9 -750.6
20211204225555  -691.3 -84.0 -750.8
20211204225556  -691.2 -84.0 -750.3
20211204225557  -691.2 -83.6 -750.3
20211204225558  -691.0 -83.8 -749.9
20211204225559  -690.8 -83.6 -749.8
20211204225600  -691.0 -83.4 -749.6
20211204225601  -691.6 -83.3 -750.4
20211204225602  -691.6 -83.4 -750.1
20211204225603  -691.7 -83.6 -750.4
20211204225604  -691.8 -83.7 -750.6
20211204225605  -692.1 -83.6 -750.4
20211204225606  -692.0 -83.7 -750.4
20211204225607  -692.2 -83.7 -750.5
20211204225608  -692.5 -83.8 -750.6
20211204225609  -692.3 -84.0 -750.4
20211204225610  -692.5 -83.8 -750.7
20211204225611  -692.6 -84.2 -750.8
20211204225612  -692.8 -84.1 -750.6
20211204225613  -692.5 -84.1 -750.6
20211204225614  -692.9 -84.5 -750.7
20211204225615  -692.8 -84.4 -750.5
20211204225616  -693.0 -84.8 -750.6
20211204225617  -693.3 -84.8 -750.8
20211204225618  -693.2 -85.2 -750.7
20211204225619  -692.8 -84.9 -750.3
20211204225620  -692.3 -84.8 -750.0
20211204225621  -692.3 -84.9 -750.0
20211204225622  -692.2 -84.9 -749.8
20211204225623  -691.9 -84.5 -749.4
20211204225624  -691.7 -84.7 -749.2
20211204225625  -691.6 -84.8 -749.0
20211204225626  -691.3 -84.6 -748.6
20211204225627  -692.0 -84.7 -748.9
20211204225628  -692.5 -84.7 -749.3
20211204225629  -692.6 -85.2 -749.4
20211204225630  -693.0 -85.0 -749.7
20211204225631  -693.0 -84.9 -749.7
20211204225632  -692.9 -85.0 -749.6
20211204225633  -693.2 -85.2 -749.9
20211204225634  -693.3 -85.4 -749.9
20211204225635  -693.5 -85.4 -749.9
20211204225636  -693.6 -85.5 -750.3
20211204225637  -693.7 -85.4 -750.2
20211204225638  -693.7 -85.5 -750.1
20211204225639  -693.8 -85.4 -750.2
20211204225640  -693.8 -85.4 -750.2
20211204225641  -694.0 -85.5 -750.0
20211204225642  -693.8 -85.6 -750.1
20211204225643  -694.0 -85.7 -750.5
20211204225644  -694.1 -85.6 -750.6
20211204225645  -694.2 -85.9 -751.2
20211204225646  -693.8 -85.5 -750.8
20211204225647  -693.6 -85.4 -750.2
20211204225648  -693.2 -85.2 -750.0
20211204225649  -693.1 -85.2 -749.8
20211204225650  -692.9 -85.3 -749.9
20211204225651  -692.9 -85.5 -749.6
20211204225652  -693.0 -85.2 -749.3
20211204225653  -692.8 -84.9 -749.1
20211204225654  -693.4 -85.1 -749.5
20211204225655  -693.7 -85.7 -750.1
20211204225656  -693.8 -85.2 -750.5
20211204225657  -694.0 -85.1 -750.5
20211204225658  -694.0 -85.3 -750.6
20211204225659  -694.0 -85.4 -750.4
20211204225700  -694.5 -85.1 -750.6
20211204225701  -694.3 -85.0 -750.5
20211204225702  -694.4 -85.4 -751.0
20211204225703  -694.4 -85.4 -751.0
20211204225704  -694.4 -85.5 -751.1
20211204225705  -694.6 -85.3 -751.4
20211204225706  -694.5 -85.4 -751.3
20211204225707  -694.3 -85.4 -751.2
20211204225708  -694.5 -85.4 -751.5
20211204225709  -694.6 -85.3 -751.5
20211204225710  -694.7 -84.9 -751.4
20211204225711  -694.8 -84.9 -751.3
20211204225712  -695.0 -85.5 -752.2
20211204225713  -694.5 -85.4 -751.7
20211204225714  -694.4 -85.0 -751.5
20211204225715  -694.3 -84.9 -751.3
20211204225716  -694.0 -84.8 -751.4
20211204225717  -694.2 -84.7 -751.1
20211204225718  -694.1 -84.6 -750.9
20211204225719  -694.0 -84.5 -750.5
20211204225720  -694.4 -84.5 -750.7
20211204225721  -694.7 -84.9 -751.2
20211204225722  -695.1 -85.1 -751.4
20211204225723  -695.4 -84.9 -751.7
20211204225724  -695.6 -85.2 -751.9
20211204225725  -695.9 -85.2 -752.0
20211204225726  -696.0 -85.4 -752.1
20211204225727  -696.2 -85.4 -752.5
20211204225728  -696.3 -85.4 -752.5
20211204225729  -696.4 -85.2 -752.2
20211204225730  -696.3 -85.3 -752.1
20211204225731  -696.9 -85.1 -752.3
20211204225732  -696.8 -85.5 -752.2
20211204225733  -696.4 -85.5 -752.4
20211204225734  -696.7 -85.7 -752.4
20211204225735  -696.9 -85.9 -752.2
20211204225736  -697.0 -85.5 -752.5
20211204225737  -697.2 -85.8 -752.8
20211204225738  -697.3 -86.3 -753.0
20211204225739  -696.6 -86.1 -752.6
20211204225740  -696.3 -85.8 -752.2
20211204225741  -696.3 -85.8 -751.9
20211204225742  -696.2 -85.6 -751.8
20211204225743  -695.8 -85.5 -751.4
20211204225744  -695.9 -85.5 -751.4
20211204225745  -695.6 -85.4 -751.2
20211204225746  -695.6 -85.5 -750.9
20211204225747  -696.1 -85.6 -751.3
20211204225748  -696.5 -85.8 -751.6
20211204225749  -696.7 -85.6 -751.8
20211204225750  -696.9 -85.7 -751.9
20211204225751  -696.7 -85.9 -751.8
20211204225752  -696.8 -86.0 -751.9
20211204225753  -696.8 -86.0 -751.9
20211204225754  -697.0 -86.1 -752.2
20211204225755  -696.8 -86.2 -752.0
20211204225756  -696.8 -86.1 -752.2
20211204225757  -696.6 -85.9 -752.2
20211204225758  -696.7 -86.3 -752.1
20211204225759  -696.6 -86.3 -752.3
20211204225800  -696.8 -86.0 -752.3
20211204225801  -696.5 -86.2 -752.1
20211204225802  -696.6 -86.3 -752.4
20211204225803  -696.7 -86.2 -752.4
20211204225804  -696.7 -86.4 -752.6
20211204225805  -696.7 -86.6 -752.8
20211204225806  -696.6 -86.7 -752.6
20211204225807  -696.2 -86.4 -752.2
20211204225808  -695.9 -85.9 -751.6
20211204225809  -695.7 -85.5 -751.7
20211204225810  -695.4 -85.7 -751.5
20211204225811  -695.2 -85.5 -751.4
20211204225812  -695.1 -85.2 -751.2
20211204225813  -695.3 -84.8 -751.3
20211204225814  -695.8 -85.0 -751.9
20211204225815  -696.0 -85.3 -752.0
20211204225816  -695.9 -85.0 -752.0
20211204225817  -696.1 -85.2 -752.1
20211204225818  -696.3 -85.4 -752.1
20211204225819  -696.1 -85.2 -752.4
20211204225820  -696.4 -85.2 -752.2
20211204225821  -696.0 -84.8 -752.5
20211204225822  -696.2 -84.8 -752.4
20211204225823  -696.4 -85.2 -752.3
20211204225824  -696.6 -85.1 -752.4
20211204225825  -696.5 -85.1 -752.7
20211204225826  -696.4 -85.0 -752.7
20211204225827  -696.6 -85.2 -752.7
20211204225828  -696.9 -85.1 -752.6
20211204225829  -697.0 -84.9 -752.7
20211204225830  -697.0 -84.8 -752.6
20211204225831  -696.8 -84.8 -752.8
20211204225832  -697.2 -85.1 -753.5
20211204225833  -696.4 -85.4 -752.8
20211204225834  -696.2 -85.2 -752.4
20211204225835  -696.3 -85.3 -752.1
20211204225836  -696.1 -85.2 -752.0
20211204225837  -695.7 -85.2 -751.9
20211204225838  -695.4 -84.8 -751.8
20211204225839  -695.1 -84.5 -751.7
20211204225840  -695.3 -84.2 -751.9
20211204225841  -696.1 -84.7 -752.2
20211204225842  -695.9 -84.9 -752.4
20211204225843  -695.8 -84.8 -752.5
20211204225844  -695.8 -84.7 -752.5
20211204225845  -696.3 -84.8 -752.5
20211204225846  -696.4 -84.5 -752.5
20211204225847  -696.2 -84.6 -752.3
20211204225848  -696.0 -84.6 -752.7
20211204225849  -696.1 -84.7 -752.7
20211204225850  -695.8 -84.3 -752.3
20211204225851  -695.9 -84.4 -752.4
20211204225852  -695.9 -84.4 -752.5
20211204225853  -695.5 -84.3 -752.8
20211204225854  -695.5 -84.3 -753.0
20211204225855  -695.3 -83.9 -752.7
20211204225856  -695.2 -84.1 -752.8
20211204225857  -695.1 -84.0 -752.7
20211204225858  -695.0 -84.1 -752.5
20211204225859  -694.7 -84.0 -752.1
20211204225900  -694.1 -83.4 -751.8
20211204225901  -694.0 -83.5 -751.6
20211204225902  -693.7 -83.5 -751.2
20211204225903  -693.5 -83.1 -750.9
20211204225904  -693.1 -82.9 -750.7
20211204225905  -692.9 -82.6 -750.2
20211204225906  -692.6 -82.7 -750.4
20211204225907  -693.1 -82.7 -750.6
20211204225908  -693.5 -82.7 -750.8
20211204225909  -693.4 -82.8 -750.9
20211204225910  -693.6 -82.7 -751.2
20211204225911  -693.6 -82.9 -751.0
20211204225912  -693.5 -82.9 -750.9
20211204225913  -693.4 -82.7 -751.1
20211204225914  -693.9 -82.8 -751.1
20211204225915  -694.0 -83.0 -750.8
20211204225916  -693.9 -82.6 -750.9
20211204225917  -694.0 -82.7 -751.2
20211204225918  -694.2 -82.8 -751.2
20211204225919  -694.1 -82.8 -751.3
20211204225920  -694.3 -82.9 -751.0
20211204225921  -694.5 -83.2 -751.1
20211204225922  -694.4 -83.3 -751.0
20211204225923  -694.2 -83.0 -750.9
20211204225924  -694.3 -83.0 -750.8
20211204225925  -694.7 -83.3 -751.4
20211204225926  -694.2 -83.4 -751.4
20211204225927  -694.3 -83.2 -750.9
20211204225928  -693.9 -83.0 -750.4
20211204225929  -693.5 -83.3 -749.9
20211204225930  -693.5 -83.0 -749.6
20211204225931  -693.2 -82.9 -749.5
20211204225932  -693.0 -82.8 -749.5
20211204225933  -692.9 -82.9 -749.4
20211204225934  -693.8 -83.0 -750.1
20211204225935  -693.8 -82.9 -750.3
20211204225936  -693.9 -83.1 -750.3
20211204225937  -694.0 -83.2 -750.4
20211204225938  -694.4 -83.5 -750.6
20211204225939  -694.2 -83.3 -750.5
20211204225940  -694.5 -83.2 -750.4
20211204225941  -694.4 -83.2 -750.3
20211204225942  -694.3 -82.9 -750.6
20211204225943  -694.4 -83.2 -750.7
20211204225944  -694.5 -83.5 -750.5
20211204225945  -694.7 -83.2 -750.4
20211204225946  -694.5 -83.1 -750.3
20211204225947  -694.5 -83.5 -750.1
20211204225948  -694.6 -83.2 -750.3
20211204225949  -694.3 -83.1 -750.6
20211204225950  -694.3 -83.3 -750.6
20211204225951  -694.3 -83.1 -750.5
20211204225952  -694.6 -83.6 -751.2
20211204225953  -694.0 -83.3 -750.4
20211204225954  -693.9 -83.2 -750.2
20211204225955  -693.5 -83.2 -750.2
20211204225956  -693.3 -82.9 -750.2
20211204225957  -693.0 -82.7 -749.7
20211204225958  -692.8 -82.5 -749.5
20211204225959  -692.5 -82.5 -749.2
20211204230000  -693.3 -82.3 -749.2
20211204230001  -694.0 -82.6 -749.9
20211204230002  -694.0 -82.5 -750.1
20211204230003  -694.2 -82.8 -750.4
20211204230004  -694.2 -82.7 -750.5
20211204230005  -694.0 -82.4 -750.6
20211204230006  -694.2 -82.3 -750.6
20211204230007  -694.2 -82.7 -750.8
20211204230008  -693.9 -82.5 -750.8
20211204230009  -694.1 -82.4 -750.7
20211204230010  -694.4 -82.1 -750.5
20211204230011  -694.4 -82.3 -750.3
20211204230012  -694.3 -82.4 -750.5
20211204230013  -694.5 -82.2 -750.7
20211204230014  -694.5 -82.2 -750.7
20211204230015  -694.8 -82.1 -750.8
20211204230016  -694.7 -82.1 -750.9
20211204230017  -694.6 -82.3 -750.8
20211204230018  -694.8 -82.3 -750.7
20211204230019  -694.4 -82.2 -750.3
20211204230020  -693.8 -81.9 -750.2
20211204230021  -693.6 -81.9 -749.7
20211204230022  -693.6 -81.6 -749.7
20211204230023  -693.3 -81.3 -749.2
20211204230024  -692.7 -81.1 -749.5
20211204230025  -692.9 -81.3 -749.2
20211204230026  -692.7 -80.8 -748.9
20211204230027  -692.9 -80.8 -749.0
20211204230028  -693.4 -80.8 -749.8
20211204230029  -693.7 -80.7 -750.0
20211204230030  -693.8 -80.6 -749.8
20211204230031  -694.0 -80.5 -750.1
20211204230032  -694.0 -80.6 -750.0
20211204230033  -694.1 -80.5 -749.9
20211204230034  -694.1 -80.7 -750.2
20211204230035  -694.0 -80.5 -750.2
20211204230036  -694.0 -80.8 -750.1
20211204230037  -694.1 -80.8 -750.2
20211204230038  -694.1 -80.9 -749.9
20211204230039  -693.9 -80.7 -749.9
20211204230040  -694.4 -80.5 -750.3
20211204230041  -694.3 -80.4 -750.3
20211204230042  -693.9 -80.4 -750.4
20211204230043  -694.1 -80.4 -750.3
20211204230044  -694.3 -80.4 -750.3
20211204230045  -694.3 -81.0 -750.9
20211204230046  -694.0 -80.7 -750.2
20211204230047  -693.7 -80.4 -749.7
20211204230048  -693.6 -80.6 -749.6
20211204230049  -693.3 -80.5 -749.3
20211204230050  -693.0 -80.1 -749.2
20211204230051  -692.5 -80.4 -748.9
20211204230052  -692.5 -80.3 -748.7
20211204230053  -692.4 -80.2 -748.5
20211204230054  -692.7 -79.9 -748.5
20211204230055  -693.0 -80.3 -749.1
20211204230056  -693.2 -80.3 -749.0
20211204230057  -693.3 -80.5 -749.3
20211204230058  -693.2 -80.6 -749.2
20211204230059  -693.5 -80.6 -749.3
20211204230100  -693.6 -80.2 -749.2
20211204230101  -693.7 -80.6 -749.5
20211204230102  -693.4 -80.3 -749.4
20211204230103  -693.7 -80.5 -749.8
20211204230104  -693.7 -80.4 -749.4
20211204230105  -693.8 -80.3 -749.7
20211204230106  -693.9 -80.7 -750.0
20211204230107  -693.7 -80.9 -749.9
20211204230108  -694.0 -80.7 -749.6
20211204230109  -694.0 -80.7 -749.7
20211204230110  -693.9 -80.6 -749.6
20211204230111  -694.1 -80.6 -749.8
20211204230112  -694.2 -81.0 -750.0
20211204230113  -693.6 -80.5 -749.6
20211204230114  -693.2 -80.4 -749.2
20211204230115  -693.1 -80.6 -748.9
20211204230116  -693.0 -80.6 -748.7
20211204230117  -692.8 -80.4 -748.6
20211204230118  -692.4 -80.3 -748.4
20211204230119  -692.3 -80.2 -748.2
20211204230120  -691.8 -79.9 -748.1
20211204230121  -692.6 -79.9 -748.4
20211204230122  -693.1 -80.1 -748.8
20211204230123  -693.2 -80.1 -748.8
20211204230124  -693.5 -80.3 -749.0
20211204230125  -693.2 -80.3 -748.8
20211204230126  -693.2 -80.5 -749.0
20211204230127  -693.5 -80.4 -749.2
20211204230128  -693.3 -80.5 -749.3
20211204230129  -693.1 -80.6 -749.5
20211204230130  -693.3 -80.5 -749.3
20211204230131  -693.3 -80.3 -749.5
20211204230132  -693.2 -80.6 -749.6
20211204230133  -693.6 -80.5 -749.8
20211204230134  -693.6 -80.5 -749.6
20211204230135  -693.8 -80.6 -749.6
20211204230136  -693.8 -80.6 -750.0
20211204230137  -693.7 -80.7 -750.1
20211204230138  -693.6 -80.8 -750.2
20211204230139  -693.4 -80.8 -749.8
20211204230140  -693.1 -80.4 -749.4
20211204230141  -692.7 -80.3 -749.2
20211204230142  -692.6 -80.1 -748.5
20211204230143  -692.6 -79.9 -748.4
20211204230144  -692.3 -80.0 -748.0
20211204230145  -692.3 -79.7 -747.6
20211204230146  -691.8 -79.7 -747.6
20211204230147  -692.0 -79.6 -747.5
20211204230148  -692.5 -79.8 -748.1
20211204230149  -692.6 -80.2 -748.3
20211204230150  -692.5 -80.2 -748.2
20211204230151  -692.5 -80.1 -748.3
20211204230152  -692.6 -80.3 -748.4
20211204230153  -692.5 -80.1 -748.1
20211204230154  -692.7 -80.0 -748.6
20211204230155  -693.0 -80.2 -748.5
20211204230156  -693.1 -80.2 -748.6
20211204230157  -692.8 -80.4 -748.3
20211204230158  -692.9 -80.4 -748.7
20211204230159  -692.9 -80.4 -748.6
20211204230200  -693.1 -80.5 -748.6
20211204230201  -693.0 -80.3 -748.6
20211204230202  -693.0 -80.3 -748.4
20211204230203  -693.3 -80.4 -748.6
20211204230204  -693.2 -80.6 -748.5
20211204230205  -693.4 -80.8 -749.1
20211204230206  -693.4 -80.9 -748.6
20211204230207  -692.9 -80.6 -748.3
20211204230208  -692.8 -80.4 -748.2
20211204230209  -692.4 -80.4 -748.0
20211204230210  -692.0 -80.1 -747.7
20211204230211  -691.9 -79.9 -747.6
20211204230212  -691.6 -79.8 -747.3
20211204230213  -691.4 -79.9 -746.9
20211204230214  -691.3 -79.6 -746.7
20211204230215  -692.1 -79.9 -747.2
20211204230216  -692.4 -80.0 -747.6
20211204230217  -692.8 -80.0 -747.9
20211204230218  -692.8 -80.0 -747.6
20211204230219  -692.7 -79.9 -747.9
20211204230220  -692.6 -79.7 -747.8
20211204230221  -693.0 -80.0 -747.9
20211204230222  -693.0 -80.2 -747.9
20211204230223  -693.1 -79.9 -747.9
20211204230224  -693.2 -79.7 -748.6
20211204230225  -692.9 -79.8 -748.2
20211204230226  -692.9 -80.0 -748.5
20211204230227  -693.0 -79.9 -748.5
20211204230228  -693.3 -80.0 -748.3
20211204230229  -693.1 -79.9 -747.9
20211204230230  -693.1 -79.8 -748.1
20211204230231  -693.0 -79.9 -748.4
20211204230232  -693.2 -80.0 -748.6
20211204230233  -692.8 -80.1 -748.3
20211204230234  -692.4 -79.9 -747.9
20211204230235  -692.0 -79.5 -747.8
20211204230236  -691.8 -79.4 -747.3
20211204230237  -691.7 -79.1 -747.3
20211204230238  -691.3 -79.0 -747.3
20211204230239  -691.3 -78.7 -747.2
20211204230240  -691.1 -78.9 -746.5
20211204230241  -691.1 -78.9 -747.0
20211204230242  -691.6 -79.1 -747.5
20211204230243  -691.7 -78.7 -747.8
20211204230244  -692.2 -78.9 -747.9
20211204230245  -692.2 -79.0 -747.8
20211204230246  -692.5 -78.9 -747.8
20211204230247  -692.1 -79.1 -748.0
20211204230248  -692.4 -79.2 -748.3
20211204230249  -692.4 -79.1 -748.4
20211204230250  -692.4 -78.9 -748.3
20211204230251  -692.5 -79.3 -748.5
20211204230252  -692.3 -79.4 -748.5
20211204230253  -692.5 -79.5 -748.7
20211204230254  -692.4 -79.2 -748.7
20211204230255  -692.4 -79.2 -749.0
20211204230256  -692.6 -79.2 -749.2
20211204230257  -692.6 -79.2 -749.2
20211204230258  -692.5 -79.2 -749.1
20211204230259  -692.6 -79.5 -749.3
20211204230300  -691.9 -79.3 -748.4
20211204230301  -691.8 -78.9 -748.2
20211204230302  -691.5 -79.2 -748.2
20211204230303  -691.4 -79.0 -747.8
20211204230304  -691.3 -78.8 -747.8
20211204230305  -690.9 -78.7 -747.5
20211204230306  -690.8 -78.8 -747.1
20211204230307  -690.6 -78.9 -746.8
20211204230308  -690.9 -78.8 -747.2
20211204230309  -691.5 -79.0 -747.7
20211204230310  -691.7 -78.8 -747.8
20211204230311  -692.2 -79.1 -747.9
20211204230312  -692.3 -79.2 -748.0
20211204230313  -692.5 -79.0 -748.1
20211204230314  -692.5 -79.3 -748.1
20211204230315  -692.5 -79.5 -748.2
20211204230316  -692.6 -79.6 -748.3
20211204230317  -692.4 -79.7 -748.6
20211204230318  -692.8 -79.7 -748.4
20211204230319  -693.0 -79.8 -748.5
20211204230320  -693.1 -79.9 -748.3
20211204230321  -693.3 -79.9 -748.8
20211204230322  -693.5 -80.1 -748.8
20211204230323  -693.7 -79.9 -749.0
20211204230324  -694.1 -80.2 -749.3
20211204230325  -693.9 -80.4 -749.3
20211204230326  -694.3 -80.8 -749.7
20211204230327  -694.0 -80.6 -749.4
20211204230328  -693.9 -80.7 -749.0
20211204230329  -693.5 -80.6 -749.0
20211204230330  -693.5 -80.1 -748.6
20211204230331  -693.1 -80.0 -748.3
20211204230332  -693.1 -80.1 -748.3
20211204230333  -693.2 -80.0 -748.3
20211204230334  -693.2 -79.7 -748.1
20211204230335  -693.8 -79.7 -748.2
20211204230336  -693.8 -79.7 -748.6
20211204230337  -694.1 -80.3 -748.8
20211204230338  -694.2 -80.2 -748.7
20211204230339  -694.4 -80.5 -748.8
20211204230340  -694.5 -80.5 -748.8
20211204230341  -694.3 -80.2 -748.7
20211204230342  -694.3 -80.2 -748.7
20211204230343  -694.5 -80.2 -748.8
20211204230344  -694.7 -80.7 -749.0
20211204230345  -694.8 -80.9 -749.0
20211204230346  -694.9 -80.7 -749.0
20211204230347  -694.8 -80.7 -749.0
20211204230348  -695.0 -80.7 -749.1
20211204230349  -695.1 -80.8 -749.4
20211204230350  -695.2 -80.7 -749.4
20211204230351  -694.8 -80.7 -749.7
20211204230352  -695.1 -80.9 -749.7
20211204230353  -694.8 -80.8 -749.7
20211204230354  -694.6 -80.8 -749.5
20211204230355  -694.3 -80.4 -749.0
20211204230356  -694.1 -80.6 -749.0
20211204230357  -693.6 -80.3 -748.6
20211204230358  -693.5 -80.2 -748.1
20211204230359  -693.1 -80.2 -748.3
20211204230400  -693.0 -79.9 -747.9
20211204230401  -692.9 -79.9 -747.8
20211204230402  -693.7 -79.8 -748.5
20211204230403  -693.7 -80.0 -748.7
20211204230404  -693.8 -80.0 -748.9
20211204230405  -693.5 -80.0 -749.2
20211204230406  -694.0 -79.9 -749.0
20211204230407  -693.8 -79.9 -748.9
20211204230408  -693.9 -80.1 -748.8
20211204230409  -693.7 -80.0 -748.9
20211204230410  -693.9 -79.9 -748.8
20211204230411  -694.1 -79.9 -748.7
20211204230412  -693.9 -80.2 -748.9
20211204230413  -693.9 -79.9 -749.2
20211204230414  -693.9 -80.0 -749.0
20211204230415  -693.8 -79.7 -749.4
20211204230416  -694.1 -79.9 -749.6
20211204230417  -693.8 -79.9 -749.4
20211204230418  -693.6 -79.8 -749.5
20211204230419  -693.9 -80.1 -749.9
20211204230420  -693.5 -80.0 -749.6
20211204230421  -692.8 -79.8 -749.0
20211204230422  -692.6 -79.7 -748.7
20211204230423  -692.7 -79.4 -748.8
20211204230424  -692.4 -79.4 -748.4
20211204230425  -692.2 -79.2 -748.0
20211204230426  -692.0 -79.2 -747.9
20211204230427  -691.9 -79.2 -748.0
20211204230428  -692.5 -79.2 -748.1
20211204230429  -692.8 -79.4 -748.6
20211204230430  -692.8 -79.3 -748.7
20211204230431  -692.9 -79.4 -748.5
20211204230432  -692.9 -79.2 -748.7
20211204230433  -692.7 -79.5 -749.1
20211204230434  -692.9 -79.4 -749.1
20211204230435  -693.1 -79.6 -749.2
20211204230436  -692.8 -79.5 -749.2
20211204230437  -693.1 -79.5 -749.3
20211204230438  -692.8 -79.7 -749.6
20211204230439  -693.2 -79.3 -749.2
20211204230440  -693.4 -79.5 -749.5
20211204230441  -693.5 -79.6 -749.6
20211204230442  -693.3 -79.4 -749.7
20211204230443  -693.4 -79.5 -750.0
20211204230444  -693.3 -79.6 -749.8
20211204230445  -693.3 -79.7 -749.8
20211204230446  -693.8 -80.0 -750.5
20211204230447  -693.8 -80.0 -750.3
20211204230448  -693.4 -79.9 -750.0
20211204230449  -693.2 -79.8 -749.8
20211204230450  -692.9 -79.6 -749.7
20211204230451  -692.9 -79.6 -749.3
20211204230452  -692.6 -79.6 -748.9
20211204230453  -692.6 -79.5 -748.8
20211204230454  -692.5 -79.2 -748.9
20211204230455  -693.2 -79.5 -750.0
20211204230456  -693.4 -79.7 -749.8
20211204230457  -693.5 -79.5 -749.9
20211204230458  -693.7 -79.5 -750.2
20211204230459  -693.6 -79.6 -750.0
20211204230500  -693.6 -79.9 -749.9
20211204230501  -693.4 -79.7 -750.1
20211204230502  -693.6 -79.8 -750.0
20211204230503  -693.8 -79.7 -750.4
20211204230504  -693.6 -79.8 -750.0
20211204230505  -693.8 -80.0 -750.1
20211204230506  -693.8 -80.0 -750.2
20211204230507  -693.6 -79.9 -750.5
20211204230508  -694.0 -79.8 -750.2
20211204230509  -693.9 -79.8 -750.3
20211204230510  -693.9 -79.9 -750.7
20211204230511  -693.6 -79.9 -750.3
20211204230512  -693.6 -80.1 -750.5
20211204230513  -693.2 -80.1 -750.5
20211204230514  -692.7 -80.0 -749.9
20211204230515  -692.3 -79.8 -749.6
20211204230516  -692.0 -79.9 -749.3
20211204230517  -692.0 -79.9 -749.2
20211204230518  -691.6 -79.6 -749.1
20211204230519  -691.5 -79.4 -748.8
20211204230520  -691.3 -79.3 -748.4
20211204230521  -691.9 -79.3 -748.7
20211204230522  -692.1 -79.4 -749.1
20211204230523  -692.0 -79.5 -749.7
20211204230524  -691.8 -79.8 -749.7
20211204230525  -692.0 -79.7 -749.6
20211204230526  -692.3 -79.9 -749.6
20211204230527  -691.8 -79.8 -749.6
20211204230528  -692.2 -79.7 -749.9
20211204230529  -691.8 -79.6 -749.8
20211204230530  -691.6 -79.9 -750.4
20211204230531  -691.8 -79.9 -750.1
20211204230532  -691.5 -79.8 -749.9
20211204230533  -691.6 -79.8 -749.9
20211204230534  -691.7 -79.9 -750.1
20211204230535  -691.7 -79.9 -750.1
20211204230536  -691.6 -80.1 -750.2
20211204230537  -691.4 -79.6 -750.4
20211204230538  -691.2 -79.8 -750.3
20211204230539  -691.5 -80.1 -750.4
20211204230540  -691.2 -80.2 -750.5
20211204230541  -690.7 -80.1 -750.0
20211204230542  -690.4 -79.8 -749.8
20211204230543  -690.2 -79.8 -749.7
20211204230544  -689.9 -79.6 -749.2
20211204230545  -689.8 -79.6 -749.1
20211204230546  -689.5 -79.6 -748.7
20211204230547  -689.4 -79.4 -748.6
20211204230548  -690.2 -79.7 -749.6
20211204230549  -690.3 -79.9 -749.7
20211204230550  -690.0 -79.5 -749.6
20211204230551  -690.9 -79.5 -749.6
20211204230552  -690.7 -79.5 -749.6
20211204230553  -691.0 -79.5 -749.8
20211204230554  -690.8 -79.7 -749.8
20211204230555  -691.1 -79.9 -750.3
20211204230556  -690.9 -79.5 -750.2
20211204230557  -691.1 -79.6 -750.3
20211204230558  -691.2 -79.7 -750.5
20211204230559  -691.3 -79.7 -750.5
20211204230600  -691.2 -79.9 -750.3
20211204230601  -691.7 -79.6 -750.3
20211204230602  -691.4 -79.9 -750.3
20211204230603  -691.4 -80.1 -750.5
20211204230604  -691.7 -80.0 -750.3
20211204230605  -691.4 -80.0 -750.2
20211204230606  -692.1 -80.2 -751.0
20211204230607  -691.8 -80.4 -750.6
20211204230608  -691.6 -80.2 -750.6
20211204230609  -691.3 -80.0 -750.3
20211204230610  -691.2 -79.9 -750.1
20211204230611  -691.0 -79.8 -749.8
20211204230612  -690.7 -79.8 -749.9
20211204230613  -690.5 -79.8 -749.8
20211204230614  -691.3 -79.6 -750.0
20211204230615  -691.5 -79.9 -750.6
20211204230616  -691.9 -79.9 -750.6
20211204230617  -692.2 -80.0 -750.4
20211204230618  -692.4 -80.1 -750.6
20211204230619  -692.6 -80.2 -750.7
20211204230620  -692.3 -80.2 -750.8
20211204230621  -692.5 -80.2 -750.9
20211204230622  -692.6 -80.4 -750.8
20211204230623  -692.6 -80.2 -751.0
20211204230624  -692.9 -80.2 -751.2
20211204230625  -692.8 -80.3 -751.0
20211204230626  -692.7 -80.3 -751.2
20211204230627  -693.1 -80.6 -751.0
20211204230628  -693.2 -80.4 -751.2
20211204230629  -692.9 -80.3 -751.4
20211204230630  -693.1 -80.4 -751.8
20211204230631  -692.9 -80.3 -751.8
20211204230632  -693.0 -80.5 -751.8
20211204230633  -692.8 -80.8 -751.8
20211204230634  -692.3 -80.3 -751.1
20211204230635  -692.0 -80.2 -751.0
20211204230636  -691.9 -79.9 -750.9
20211204230637  -691.4 -79.9 -750.3
20211204230638  -691.0 -79.9 -750.5
20211204230639  -690.8 -80.1 -750.6
20211204230640  -690.7 -79.9 -750.5
20211204230641  -691.8 -80.0 -751.0
20211204230642  -692.0 -80.3 -751.3
20211204230643  -691.8 -80.3 -751.1
20211204230644  -691.8 -80.1 -751.2
20211204230645  -691.4 -80.3 -751.1
20211204230646  -691.8 -80.5 -751.1
20211204230647  -691.9 -80.6 -751.2
20211204230648  -691.9 -80.6 -751.5
20211204230649  -691.9 -80.6 -751.4
20211204230650  -692.0 -80.5 -751.5
20211204230651  -692.0 -80.6 -751.8
20211204230652  -692.0 -80.8 -751.9
20211204230653  -692.0 -80.6 -751.8
20211204230654  -691.6 -80.7 -751.8
20211204230655  -691.7 -80.5 -751.6
20211204230656  -692.0 -80.4 -751.6
20211204230657  -691.8 -80.4 -751.8
20211204230658  -691.9 -80.5 -751.8
20211204230659  -691.8 -80.8 -752.2
20211204230700  -691.7 -80.7 -752.0
20211204230701  -691.3 -80.4 -751.4
20211204230702  -691.4 -80.5 -751.5
20211204230703  -691.0 -80.3 -750.8
20211204230704  -690.8 -80.3 -750.7
20211204230705  -690.7 -80.0 -750.6
20211204230706  -690.2 -79.9 -750.6
20211204230707  -690.5 -79.8 -750.4
20211204230708  -691.2 -80.2 -751.3
20211204230709  -691.4 -80.1 -751.5
20211204230710  -691.6 -80.1 -751.6
20211204230711  -691.7 -80.4 -751.6
20211204230712  -691.5 -80.2 -751.7
20211204230713  -691.7 -80.2 -751.6
20211204230714  -691.9 -80.3 -751.4
20211204230715  -691.8 -80.4 -751.5
20211204230716  -691.9 -80.1 -751.5
20211204230717  -691.7 -80.0 -751.7
20211204230718  -691.9 -80.2 -751.7
20211204230719  -691.9 -80.4 -751.7
20211204230720  -691.9 -80.4 -752.0
20211204230721  -691.6 -80.1 -751.7
20211204230722  -692.0 -80.4 -752.1
20211204230723  -691.9 -80.1 -752.1
20211204230724  -691.7 -80.4 -752.1
20211204230725  -692.1 -80.7 -752.1
20211204230726  -692.3 -81.0 -752.4
20211204230727  -691.8 -80.8 -751.9
20211204230728  -691.4 -80.5 -751.7
20211204230729  -691.2 -80.4 -751.8
20211204230730  -691.1 -80.3 -751.8
20211204230731  -690.9 -80.2 -751.4
20211204230732  -690.9 -80.1 -751.0
20211204230733  -690.8 -79.9 -750.7
20211204230734  -691.4 -79.8 -751.3
20211204230735  -692.0 -79.9 -751.9
20211204230736  -691.9 -80.4 -751.8
20211204230737  -692.0 -80.6 -752.0
20211204230738  -692.0 -80.5 -752.0
20211204230739  -691.6 -80.7 -752.1
20211204230740  -691.9 -80.7 -752.0
20211204230741  -691.9 -80.5 -752.1
20211204230742  -692.2 -80.4 -752.3
20211204230743  -691.6 -80.8 -752.4
20211204230744  -691.9 -80.3 -752.2
20211204230745  -692.1 -80.5 -752.1
20211204230746  -692.1 -80.6 -752.3
20211204230747  -692.2 -81.1 -752.5
20211204230748  -691.9 -80.8 -752.4
20211204230749  -691.9 -80.5 -752.4
20211204230750  -692.1 -80.8 -752.4
20211204230751  -692.2 -80.7 -752.6
20211204230752  -692.2 -80.9 -753.1
20211204230753  -691.9 -80.9 -752.6
20211204230754  -691.5 -80.7 -752.3
20211204230755  -691.3 -80.6 -752.1
20211204230756  -691.2 -80.4 -752.0
20211204230757  -691.1 -80.1 -751.5
20211204230758  -691.0 -80.1 -751.4
20211204230759  -690.8 -80.1 -751.2
20211204230800  -690.6 -80.2 -750.9
20211204230801  -691.5 -80.3 -751.4
20211204230802  -691.7 -80.4 -751.8
20211204230803  -691.5 -80.5 -751.9
20211204230804  -691.5 -80.7 -752.0
20211204230805  -691.8 -80.5 -752.2
20211204230806  -691.9 -80.6 -752.2
20211204230807  -691.6 -80.5 -752.2
20211204230808  -691.8 -80.8 -752.1
20211204230809  -691.9 -80.8 -752.2
20211204230810  -691.7 -80.8 -752.2
20211204230811  -692.2 -80.7 -752.4
20211204230812  -692.0 -80.5 -752.2
