20211110000000  -819.6 -53.1 -144.0
20211110000001  -818.6 -52.9 -143.6
20211110000002  -818.5 -52.7 -143.4
20211110000003  -818.8 -53.0 -144.1
20211110000004  -818.6 -53.0 -144.7
20211110000005  -818.7 -53.0 -145.2
20211110000006  -818.6 -53.0 -145.3
20211110000007  -818.6 -52.9 -145.9
20211110000008  -818.5 -52.8 -146.1
20211110000009  -818.5 -52.6 -146.3
20211110000010  -818.4 -52.6 -146.5
20211110000011  -818.4 -52.4 -146.9
20211110000012  -818.1 -52.3 -147.0
20211110000013  -818.0 -52.4 -147.4
20211110000014  -818.0 -52.7 -147.6
20211110000015  -817.4 -52.6 -147.9
20211110000016  -817.2 -52.8 -148.1
20211110000017  -816.9 -52.9 -148.4
20211110000018  -816.6 -53.0 -148.5
20211110000019  -816.5 -52.7 -148.6
20211110000020  -816.1 -52.9 -149.0
20211110000021  -816.0 -52.6 -149.5
20211110000022  -815.9 -52.3 -149.9
20211110000023  -815.5 -52.2 -150.1
20211110000024  -815.8 -52.1 -150.6
20211110000025  -815.8 -52.0 -151.1
20211110000026  -815.6 -51.8 -151.2
20211110000027  -815.6 -51.9 -151.3
20211110000028  -815.4 -51.6 -151.7
20211110000029  -815.7 -51.2 -152.1
20211110000030  -815.9 -50.9 -152.6
20211110000031  -815.1 -50.4 -152.4
20211110000032  -814.9 -50.0 -152.2
20211110000033  -815.8 -49.7 -153.1
20211110000034  -816.4 -49.1 -153.4
20211110000035  -816.5 -48.8 -153.4
20211110000036  -816.8 -48.3 -153.8
20211110000037  -816.9 -48.4 -154.4
20211110000038  -817.3 -48.1 -154.4
20211110000039  -817.2 -47.6 -154.5
20211110000040  -817.3 -47.2 -155.0
20211110000041  -817.1 -47.3 -155.0
20211110000042  -817.5 -47.4 -155.3
20211110000043  -817.6 -47.4 -155.4
20211110000044  -817.1 -47.2 -155.6
20211110000045  -817.1 -47.2 -155.9
20211110000046  -817.0 -47.2 -156.1
20211110000047  -816.9 -47.1 -156.0
20211110000048  -816.9 -47.2 -156.5
20211110000049  -816.8 -47.1 -156.6
20211110000050  -816.7 -46.8 -156.8
20211110000051  -817.1 -46.7 -157.1
20211110000052  -817.0 -46.5 -157.3
20211110000053  -817.3 -46.4 -157.7
20211110000054  -817.2 -46.3 -158.0
20211110000055  -817.3 -46.6 -158.4
20211110000056  -817.5 -46.6 -158.5
20211110000057  -817.7 -46.4 -158.7
20211110000058  -817.6 -46.2 -158.8
20211110000059  -817.7 -46.0 -159.0
20211110000100  -817.5 -46.1 -158.9
20211110000101  -817.2 -46.2 -158.7
20211110000102  -816.7 -46.1 -158.5
20211110000103  -816.5 -45.9 -158.4
20211110000104  -817.0 -45.6 -159.0
20211110000105  -816.9 -45.7 -159.3
20211110000106  -816.7 -45.4 -159.4
20211110000107  -816.5 -45.5 -159.7
20211110000108  -816.3 -45.3 -159.9
20211110000109  -815.8 -45.6 -160.0
20211110000110  -815.5 -45.5 -160.5
20211110000111  -815.1 -45.1 -160.9
20211110000112  -815.0 -45.3 -161.2
20211110000113  -815.0 -45.3 -161.8
20211110000114  -815.2 -45.3 -161.8
20211110000115  -814.9 -45.0 -162.1
20211110000116  -815.0 -44.6 -162.7
20211110000117  -815.2 -44.5 -163.0
20211110000118  -815.4 -44.0 -163.6
20211110000119  -815.5 -44.0 -164.0
20211110000120  -815.6 -44.0 -164.3
20211110000121  -815.9 -43.9 -164.6
20211110000122  -816.2 -43.4 -165.3
20211110000123  -816.3 -43.3 -165.5
20211110000124  -816.5 -43.2 -165.6
20211110000125  -816.6 -43.0 -165.5
20211110000126  -816.9 -43.1 -166.0
20211110000127  -817.2 -43.1 -166.2
20211110000128  -817.5 -42.8 -166.7
20211110000129  -817.6 -42.9 -167.0
20211110000130  -818.1 -43.0 -167.5
20211110000131  -817.8 -42.9 -167.2
20211110000132  -817.7 -42.7 -167.2
20211110000133  -818.0 -42.2 -167.8
20211110000134  -818.4 -41.8 -167.8
20211110000135  -819.2 -41.9 -168.5
20211110000136  -819.7 -41.5 -168.8
20211110000137  -820.1 -41.2 -168.9
20211110000138  -820.5 -40.9 -168.9
20211110000139  -820.6 -40.4 -169.3
20211110000140  -820.7 -40.0 -169.4
20211110000141  -820.5 -39.5 -169.8
20211110000142  -820.8 -38.8 -170.2
20211110000143  -821.6 -38.8 -170.6
20211110000144  -822.0 -38.6 -171.2
20211110000145  -822.3 -38.0 -171.5
20211110000146  -822.5 -37.7 -171.3
20211110000147  -823.0 -37.2 -171.4
20211110000148  -823.1 -36.9 -171.4
20211110000149  -822.9 -36.2 -171.6
20211110000150  -822.9 -35.7 -171.7
20211110000151  -822.8 -35.7 -171.6
20211110000152  -822.9 -35.0 -171.8
20211110000153  -822.6 -34.7 -171.7
20211110000154  -822.4 -34.1 -171.6
20211110000155  -822.1 -33.6 -171.8
20211110000156  -821.9 -33.0 -172.2
20211110000157  -821.4 -32.3 -172.6
20211110000158  -821.2 -31.7 -173.0
20211110000159  -821.0 -31.4 -173.4
20211110000200  -821.1 -30.7 -173.3
20211110000201  -820.5 -29.9 -173.0
20211110000202  -820.1 -28.8 -172.7
20211110000203  -819.7 -28.1 -172.9
20211110000204  -819.1 -27.4 -172.6
20211110000205  -819.6 -26.8 -172.8
20211110000206  -820.1 -26.8 -173.6
20211110000207  -820.1 -26.3 -173.9
20211110000208  -819.9 -25.7 -173.9
20211110000209  -819.8 -25.0 -173.7
20211110000210  -819.9 -24.4 -174.1
