20211030221042  -699.6 -95.3 -138.4
20211030221043  -699.7 -95.3 -138.3
20211030221044  -699.9 -95.0 -138.3
20211030221045  -699.7 -95.0 -138.4
20211030221046  -699.5 -94.8 -138.2
20211030221047  -700.0 -94.7 -138.2
20211030221048  -699.6 -94.8 -138.4
20211030221049  -699.3 -94.8 -137.9
20211030221050  -699.8 -94.6 -138.0
20211030221051  -700.1 -94.4 -138.0
20211030221052  -699.9 -94.1 -138.1
20211030221053  -700.2 -94.3 -138.2
20211030221054  -700.1 -94.2 -137.8
20211030221055  -699.9 -93.8 -137.7
20211030221056  -700.2 -93.9 -137.7
20211030221057  -699.9 -93.8 -137.6
20211030221058  -699.9 -93.6 -137.6
20211030221059  -700.1 -93.5 -137.6
20211030221100  -699.7 -93.4 -137.5
20211030221101  -699.8 -93.5 -137.6
20211030221102  -699.5 -93.3 -137.4
20211030221103  -699.5 -92.9 -137.2
20211030221104  -699.9 -92.7 -137.5
20211030221105  -699.6 -92.9 -137.4
20211030221106  -699.9 -92.4 -137.7
20211030221107  -699.9 -92.4 -137.6
20211030221108  -699.9 -92.5 -137.5
20211030221109  -700.2 -92.6 -137.5
20211030221110  -700.2 -92.2 -137.3
20211030221111  -700.6 -92.0 -137.4
20211030221112  -701.0 -92.3 -137.3
20211030221113  -701.2 -92.5 -137.0
20211030221114  -701.0 -92.5 -136.9
20211030221115  -701.3 -92.2 -136.8
20211030221116  -701.4 -92.3 -136.8
20211030221117  -701.2 -91.9 -136.7
20211030221118  -701.5 -91.9 -136.8
20211030221119  -701.6 -92.2 -136.5
20211030221120  -701.5 -92.0 -136.3
20211030221121  -701.9 -91.9 -135.9
20211030221122  -702.1 -92.3 -136.0
20211030221123  -702.0 -91.9 -135.7
20211030221124  -702.2 -91.8 -135.4
20211030221125  -702.3 -91.6 -135.3
20211030221126  -702.7 -91.7 -135.2
20211030221127  -702.5 -91.8 -134.7
20211030221128  -702.4 -91.8 -134.2
20211030221129  -702.4 -91.8 -134.5
20211030221130  -702.3 -91.7 -134.3
20211030221131  -702.4 -91.6 -133.8
20211030221132  -702.0 -91.9 -133.7
20211030221133  -702.2 -91.9 -133.5
20211030221134  -702.2 -91.6 -133.4
20211030221135  -701.9 -91.8 -133.3
20211030221136  -702.0 -92.1 -133.3
20211030221137  -701.9 -91.8 -133.2
20211030221138  -701.7 -91.5 -133.1
20211030221139  -701.7 -91.6 -133.0
20211030221140  -701.5 -91.6 -132.9
20211030221141  -701.6 -91.8 -132.7
20211030221142  -701.3 -91.9 -132.7
20211030221143  -701.1 -92.1 -132.6
20211030221144  -701.2 -92.3 -132.7
20211030221145  -700.8 -92.3 -132.4
20211030221146  -700.8 -92.1 -132.4
20211030221147  -700.7 -92.3 -132.4
20211030221148  -700.6 -92.7 -132.2
20211030221149  -700.5 -92.6 -132.3
20211030221150  -699.9 -92.6 -132.2
20211030221151  -700.1 -92.5 -131.9
20211030221152  -699.7 -92.3 -131.9
20211030221153  -699.5 -92.3 -131.7
20211030221154  -699.4 -92.4 -131.6
20211030221155  -699.3 -92.6 -131.2
20211030221156  -699.5 -92.7 -131.4
20211030221157  -699.2 -92.7 -131.4
20211030221158  -698.9 -92.7 -131.0
20211030221159  -698.6 -92.4 -130.8
20211030221200  -698.3 -93.0 -130.8
20211030221201  -698.2 -93.2 -130.5
20211030221202  -697.8 -93.1 -130.7
20211030221203  -697.9 -93.1 -130.2
20211030221204  -697.5 -93.1 -130.3
20211030221205  -697.3 -93.3 -130.2
20211030221206  -697.2 -93.4 -129.7
20211030221207  -696.8 -93.4 -129.6
20211030221208  -696.6 -93.4 -129.9
20211030221209  -696.5 -93.3 -129.6
20211030221210  -696.4 -93.3 -129.7
20211030221211  -696.6 -93.7 -129.4
20211030221212  -696.6 -93.6 -129.6
20211030221213  -696.1 -93.8 -129.2
20211030221214  -696.1 -94.0 -129.2
20211030221215  -695.9 -93.7 -129.1
20211030221216  -695.8 -93.5 -129.3
20211030221217  -695.8 -93.6 -129.2
20211030221218  -695.8 -93.9 -129.1
20211030221219  -695.5 -94.1 -128.9
20211030221220  -695.5 -94.0 -128.7
20211030221221  -695.1 -94.1 -128.9
20211030221222  -694.7 -94.2 -128.9
20211030221223  -694.9 -94.1 -128.8
20211030221224  -694.9 -94.3 -128.7
20211030221225  -694.7 -93.9 -128.7
20211030221226  -694.5 -94.2 -128.9
20211030221227  -694.1 -93.9 -128.8
20211030221228  -694.4 -93.8 -128.6
20211030221229  -694.2 -94.0 -128.3
20211030221230  -694.3 -94.0 -128.3
20211030221231  -694.3 -93.9 -128.6
20211030221232  -694.3 -93.7 -128.7
20211030221233  -694.2 -93.7 -128.8
20211030221234  -694.1 -93.5 -128.6
20211030221235  -694.1 -93.8 -128.8
20211030221236  -694.0 -93.9 -128.6
20211030221237  -694.1 -94.0 -128.7
20211030221238  -694.2 -94.1 -128.5
20211030221239  -694.2 -93.7 -128.7
20211030221240  -694.1 -93.9 -128.9
20211030221241  -694.1 -94.0 -128.8
20211030221242  -694.2 -93.9 -129.0
20211030221243  -694.3 -93.8 -128.7
20211030221244  -694.4 -93.9 -128.6
20211030221245  -694.8 -93.9 -128.5
20211030221246  -694.6 -93.9 -128.8
20211030221247  -694.9 -94.0 -128.9
20211030221248  -695.3 -94.2 -128.9
20211030221249  -695.4 -94.1 -128.8
20211030221250  -695.6 -94.1 -128.7
20211030221251  -695.6 -94.2 -128.5
20211030221252  -695.1 -94.0 -128.5
20211030221253  -695.5 -94.2 -128.2
20211030221254  -695.9 -94.2 -128.2
20211030221255  -696.2 -94.4 -128.1
20211030221256  -696.4 -94.5 -127.9
20211030221257  -696.5 -94.7 -127.5
20211030221258  -696.7 -94.7 -127.5
20211030221259  -697.0 -94.4 -127.3
20211030221300  -697.0 -94.7 -127.6
20211030221301  -697.3 -94.5 -127.2
20211030221302  -697.3 -94.3 -126.8
20211030221303  -697.3 -94.6 -126.8
20211030221304  -697.2 -95.0 -126.8
20211030221305  -697.3 -95.2 -126.6
20211030221306  -697.2 -95.3 -126.4
20211030221307  -697.7 -95.8 -126.2
20211030221308  -697.7 -95.4 -126.1
20211030221309  -697.9 -95.6 -126.2
20211030221310  -698.0 -95.7 -125.8
20211030221311  -698.1 -95.5 -125.6
20211030221312  -698.2 -95.6 -125.6
20211030221313  -698.3 -95.8 -125.5
20211030221314  -698.4 -95.8 -125.2
20211030221315  -698.2 -95.9 -125.1
20211030221316  -698.4 -96.1 -125.3
20211030221317  -698.6 -96.1 -125.2
20211030221318  -698.3 -96.4 -125.2
20211030221319  -698.8 -96.3 -124.9
20211030221320  -698.7 -96.5 -124.7
20211030221321  -698.7 -96.7 -124.5
20211030221322  -698.9 -96.6 -124.5
20211030221323  -698.8 -96.4 -124.2
20211030221324  -699.0 -96.7 -124.3
20211030221325  -699.1 -96.6 -124.3
20211030221326  -698.9 -96.6 -124.2
20211030221327  -698.7 -96.8 -123.9
20211030221328  -698.7 -96.9 -123.9
20211030221329  -698.7 -96.9 -123.9
20211030221330  -698.6 -96.6 -124.1
20211030221331  -698.9 -96.7 -123.8
20211030221332  -698.4 -96.8 -123.7
20211030221333  -698.3 -96.7 -123.8
20211030221334  -698.1 -96.7 -123.6
20211030221335  -698.2 -96.8 -123.7
20211030221336  -698.1 -96.8 -123.6
20211030221337  -697.8 -96.6 -123.6
20211030221338  -697.5 -96.5 -123.5
20211030221339  -697.5 -96.6 -123.7
20211030221340  -697.4 -96.7 -123.7
20211030221341  -697.2 -96.5 -123.6
20211030221342  -697.1 -96.3 -123.7
20211030221343  -696.9 -96.1 -123.6
20211030221344  -696.8 -96.4 -123.7
20211030221345  -696.2 -96.5 -123.9
20211030221346  -695.9 -96.1 -124.0
20211030221347  -695.6 -96.0 -124.1
20211030221348  -695.5 -96.0 -124.3
20211030221349  -695.3 -95.8 -124.4
20211030221350  -695.2 -96.1 -124.8
20211030221351  -694.8 -96.0 -124.4
20211030221352  -694.5 -96.1 -124.4
20211030221353  -693.6 -96.1 -124.0
20211030221354  -693.8 -95.8 -124.5
20211030221355  -693.7 -96.0 -124.7
20211030221356  -693.2 -96.0 -124.8
20211030221357  -692.9 -96.0 -125.0
20211030221358  -693.0 -95.6 -124.9
20211030221359  -692.9 -95.8 -125.2
20211030221400  -692.7 -95.8 -125.2
20211030221401  -692.7 -95.8 -125.6
20211030221402  -692.2 -95.5 -125.8
20211030221403  -692.0 -95.6 -125.8
20211030221404  -691.4 -95.7 -125.7
20211030221405  -691.8 -96.1 -126.0
20211030221406  -691.8 -96.0 -126.1
20211030221407  -691.5 -95.8 -126.1
20211030221408  -691.2 -95.8 -126.5
20211030221409  -691.1 -95.8 -126.3
20211030221410  -691.3 -95.6 -126.5
20211030221411  -690.8 -95.8 -126.3
20211030221412  -690.9 -95.9 -126.6
20211030221413  -690.6 -95.9 -126.5
20211030221414  -690.5 -96.2 -126.5
20211030221415  -690.2 -96.0 -126.5
20211030221416  -689.9 -96.0 -126.6
20211030221417  -689.9 -96.5 -126.8
20211030221418  -689.6 -96.6 -127.2
20211030221419  -689.6 -96.7 -127.2
20211030221420  -689.6 -96.9 -126.9
20211030221421  -689.2 -96.7 -127.0
20211030221422  -689.1 -96.7 -127.1
20211030221423  -688.6 -96.6 -126.8
20211030221424  -688.9 -97.0 -127.1
