20211116213529  -661.9 -64.5 -190.1
20211116213530  -662.3 -64.4 -189.9
20211116213531  -662.2 -64.3 -189.9
20211116213532  -662.1 -64.6 -189.6
20211116213533  -662.1 -64.7 -190.0
20211116213534  -661.7 -64.4 -189.8
20211116213535  -662.1 -64.6 -189.7
20211116213536  -662.0 -64.5 -189.7
20211116213537  -662.2 -64.5 -189.6
20211116213538  -662.1 -64.4 -189.4
20211116213539  -662.5 -64.1 -189.2
20211116213540  -662.4 -63.8 -189.5
20211116213541  -662.4 -63.7 -189.2
20211116213542  -662.5 -63.7 -189.6
20211116213543  -662.4 -63.3 -189.3
20211116213544  -662.3 -63.4 -189.5
20211116213545  -662.3 -63.4 -189.3
20211116213546  -662.3 -63.2 -188.9
20211116213547  -662.4 -63.2 -188.8
20211116213548  -662.5 -63.2 -188.5
20211116213549  -662.4 -63.5 -188.5
20211116213550  -662.7 -63.6 -188.9
20211116213551  -662.9 -63.2 -189.0
20211116213552  -663.3 -63.7 -189.3
20211116213553  -663.5 -63.7 -189.0
20211116213554  -663.3 -64.0 -189.1
20211116213555  -663.6 -63.8 -189.1
20211116213556  -663.6 -63.5 -189.0
20211116213557  -664.0 -63.6 -189.7
20211116213558  -664.4 -63.7 -189.7
20211116213559  -664.3 -64.0 -189.5
20211116213600  -664.6 -64.3 -190.0
20211116213601  -664.8 -64.3 -189.8
20211116213602  -664.9 -64.4 -189.5
20211116213603  -665.2 -64.8 -189.5
20211116213604  -665.3 -64.9 -189.5
20211116213605  -665.2 -64.9 -189.6
20211116213606  -665.5 -65.3 -189.6
20211116213607  -665.4 -65.2 -189.5
20211116213608  -665.4 -64.8 -189.2
20211116213609  -665.6 -65.1 -189.2
20211116213610  -665.4 -64.8 -189.3
20211116213611  -665.4 -65.1 -189.5
20211116213612  -665.2 -64.9 -189.5
20211116213613  -665.3 -64.8 -189.6
20211116213614  -665.0 -65.0 -189.4
20211116213615  -665.1 -65.1 -189.7
20211116213616  -665.2 -64.9 -189.7
20211116213617  -665.2 -65.1 -189.7
20211116213618  -665.4 -65.0 -189.6
20211116213619  -665.2 -65.1 -189.4
20211116213620  -665.3 -64.8 -189.4
20211116213621  -664.9 -64.9 -189.3
20211116213622  -665.1 -65.0 -189.7
20211116213623  -665.0 -64.9 -189.4
20211116213624  -664.8 -64.9 -189.5
20211116213625  -664.9 -64.6 -189.3
20211116213626  -664.9 -64.8 -189.5
20211116213627  -664.2 -64.8 -189.6
20211116213628  -664.2 -65.0 -189.3
20211116213629  -664.4 -65.0 -189.5
20211116213630  -664.4 -64.6 -189.8
20211116213631  -664.6 -65.1 -190.1
20211116213632  -664.1 -65.2 -189.7
20211116213633  -664.4 -64.9 -189.6
20211116213634  -664.4 -64.9 -189.8
20211116213635  -664.2 -64.7 -189.8
20211116213636  -664.1 -64.9 -189.4
20211116213637  -664.0 -64.9 -189.8
20211116213638  -664.1 -65.0 -189.9
20211116213639  -664.3 -65.2 -190.2
20211116213640  -664.6 -65.3 -190.0
20211116213641  -664.8 -65.3 -189.9
20211116213642  -664.8 -65.2 -190.5
20211116213643  -664.7 -65.6 -190.4
20211116213644  -664.9 -65.8 -190.5
20211116213645  -665.3 -65.8 -190.5
20211116213646  -665.5 -66.1 -191.0
20211116213647  -665.8 -66.2 -191.0
20211116213648  -666.2 -66.3 -190.9
20211116213649  -666.3 -66.6 -191.3
20211116213650  -666.8 -66.6 -190.9
20211116213651  -666.2 -66.6 -190.5
20211116213652  -666.9 -66.6 -191.0
20211116213653  -666.7 -66.8 -191.3
20211116213654  -667.2 -66.9 -191.3
20211116213655  -667.4 -67.1 -191.6
20211116213656  -667.7 -67.4 -191.8
20211116213657  -667.9 -67.7 -191.8
20211116213658  -668.0 -67.9 -191.8
20211116213659  -668.3 -67.7 -191.8
20211116213700  -668.6 -67.7 -191.7
20211116213701  -668.6 -68.0 -192.0
20211116213702  -668.9 -68.0 -192.0
20211116213703  -669.1 -68.2 -192.1
20211116213704  -669.3 -68.3 -192.3
20211116213705  -669.8 -68.3 -192.1
20211116213706  -669.8 -68.7 -192.3
20211116213707  -670.2 -69.1 -192.5
20211116213708  -670.2 -69.0 -192.3
20211116213709  -670.2 -69.2 -192.1
20211116213710  -670.2 -69.5 -192.2
20211116213711  -669.8 -69.5 -192.3
20211116213712  -670.2 -69.7 -192.7
20211116213713  -670.3 -69.7 -192.9
20211116213714  -670.3 -69.9 -192.8
20211116213715  -670.3 -70.0 -192.7
20211116213716  -670.4 -70.1 -192.7
20211116213717  -670.5 -70.3 -193.0
20211116213718  -670.7 -70.6 -193.0
20211116213719  -670.9 -70.6 -193.3
20211116213720  -670.8 -70.7 -193.4
20211116213721  -670.3 -70.9 -193.2
20211116213722  -670.3 -70.4 -192.6
20211116213723  -670.8 -70.7 -193.1
20211116213724  -670.5 -70.7 -193.3
20211116213725  -670.9 -70.8 -193.2
20211116213726  -670.8 -70.6 -193.4
20211116213727  -670.6 -70.6 -193.3
20211116213728  -670.4 -70.7 -193.2
20211116213729  -670.4 -70.6 -193.3
20211116213730  -670.2 -70.4 -193.3
20211116213731  -670.0 -70.3 -193.0
20211116213732  -670.1 -70.5 -193.3
20211116213733  -669.8 -70.3 -193.5
20211116213734  -669.7 -70.4 -193.4
20211116213735  -669.5 -70.3 -193.5
20211116213736  -669.6 -70.6 -193.4
20211116213737  -669.6 -70.7 -193.6
20211116213738  -669.3 -70.5 -193.7
20211116213739  -669.5 -70.6 -194.0
20211116213740  -669.5 -70.4 -193.9
20211116213741  -669.1 -70.3 -194.3
20211116213742  -669.3 -70.3 -194.1
20211116213743  -669.5 -70.4 -194.0
20211116213744  -669.4 -70.5 -194.2
20211116213745  -669.3 -70.5 -194.1
20211116213746  -669.7 -70.5 -193.9
20211116213747  -669.7 -70.3 -193.9
20211116213748  -669.2 -70.2 -194.2
20211116213749  -669.3 -70.1 -194.0
20211116213750  -669.2 -70.2 -193.9
20211116213751  -668.8 -70.0 -193.7
20211116213752  -668.5 -70.0 -193.3
20211116213753  -668.8 -69.7 -193.5
20211116213754  -668.6 -69.6 -193.7
20211116213755  -668.3 -69.3 -193.8
20211116213756  -668.2 -69.4 -193.9
20211116213757  -668.5 -69.1 -193.9
20211116213758  -668.4 -69.7 -193.9
20211116213759  -668.3 -69.7 -193.7
20211116213800  -668.4 -70.0 -193.9
20211116213801  -668.3 -69.7 -194.0
20211116213802  -668.1 -69.6 -194.1
20211116213803  -668.0 -69.7 -194.1
20211116213804  -668.1 -69.8 -194.4
20211116213805  -668.1 -69.9 -194.3
20211116213806  -668.0 -69.7 -194.5
20211116213807  -668.0 -69.9 -194.4
20211116213808  -667.9 -70.0 -194.5
20211116213809  -667.5 -69.9 -194.3
20211116213810  -667.8 -70.0 -194.5
20211116213811  -667.5 -70.0 -194.4
20211116213812  -667.6 -70.0 -194.4
20211116213813  -667.3 -70.0 -194.2
20211116213814  -667.3 -70.0 -194.1
20211116213815  -667.3 -69.8 -194.2
20211116213816  -667.2 -69.7 -194.1
20211116213817  -667.0 -69.9 -193.9
20211116213818  -667.2 -70.0 -194.0
20211116213819  -667.1 -70.0 -194.0
20211116213820  -667.4 -69.8 -193.8
20211116213821  -666.9 -69.8 -194.0
20211116213822  -666.2 -69.4 -192.9
20211116213823  -665.9 -69.2 -193.2
20211116213824  -666.5 -69.7 -193.6
20211116213825  -666.5 -69.7 -193.6
20211116213826  -666.4 -70.0 -193.4
20211116213827  -666.5 -70.0 -193.5
20211116213828  -666.4 -69.9 -193.4
20211116213829  -666.5 -69.9 -193.4
20211116213830  -666.4 -69.9 -193.2
20211116213831  -666.2 -70.1 -193.2
20211116213832  -666.2 -69.9 -193.2
20211116213833  -666.0 -69.7 -193.6
20211116213834  -665.8 -69.6 -193.4
20211116213835  -666.0 -69.6 -193.3
20211116213836  -665.9 -69.7 -193.6
20211116213837  -666.1 -69.6 -193.4
20211116213838  -666.0 -69.3 -193.7
20211116213839  -665.7 -69.5 -193.5
20211116213840  -665.8 -69.4 -193.2
20211116213841  -665.6 -69.5 -193.2
20211116213842  -665.7 -69.2 -193.3
20211116213843  -665.5 -69.2 -193.3
20211116213844  -665.5 -69.1 -193.0
20211116213845  -665.4 -68.9 -193.1
20211116213846  -665.6 -69.1 -193.3
20211116213847  -665.3 -69.2 -193.5
20211116213848  -665.2 -69.1 -193.3
20211116213849  -665.2 -68.9 -193.3
20211116213850  -665.2 -69.1 -193.2
20211116213851  -665.2 -68.8 -193.3
20211116213852  -664.8 -68.7 -193.1
20211116213853  -664.3 -68.5 -192.6
20211116213854  -664.4 -68.7 -192.8
20211116213855  -664.8 -68.9 -193.1
20211116213856  -664.4 -69.0 -193.3
20211116213857  -664.5 -68.7 -193.1
20211116213858  -664.6 -69.0 -193.3
20211116213859  -664.5 -69.0 -193.1
20211116213900  -664.5 -68.6 -193.2
20211116213901  -664.2 -68.8 -192.9
20211116213902  -664.3 -68.7 -193.2
20211116213903  -664.1 -68.7 -193.2
20211116213904  -664.0 -69.0 -192.8
20211116213905  -663.8 -69.1 -192.6
20211116213906  -663.8 -69.3 -192.9
20211116213907  -663.8 -69.2 -193.0
20211116213908  -663.6 -69.2 -193.0
20211116213909  -663.6 -69.1 -192.9
20211116213910  -663.2 -69.1 -193.2
20211116213911  -663.3 -69.4 -193.2
20211116213912  -663.0 -69.3 -193.0
20211116213913  -663.1 -69.4 -193.0
20211116213914  -663.1 -69.0 -192.9
20211116213915  -662.9 -69.2 -192.8
20211116213916  -663.0 -69.1 -192.9
20211116213917  -662.7 -69.3 -193.1
20211116213918  -662.5 -69.3 -193.3
20211116213919  -662.5 -69.1 -193.0
20211116213920  -662.4 -68.7 -193.0
20211116213921  -662.0 -68.8 -192.9
20211116213922  -661.9 -69.4 -193.0
20211116213923  -661.2 -69.2 -192.7
20211116213924  -661.4 -68.9 -192.8
20211116213925  -662.1 -69.4 -192.9
20211116213926  -662.0 -69.7 -193.1
20211116213927  -661.9 -69.7 -192.9
20211116213928  -662.1 -69.3 -192.8
20211116213929  -661.9 -69.6 -192.9
20211116213930  -662.1 -69.8 -193.3
20211116213931  -662.4 -69.8 -193.3
20211116213932  -662.2 -70.1 -193.4
20211116213933  -662.5 -70.0 -193.4
20211116213934  -662.5 -70.1 -193.4
20211116213935  -662.7 -70.4 -193.6
20211116213936  -662.7 -70.6 -193.5
20211116213937  -663.0 -70.9 -193.3
20211116213938  -662.8 -71.0 -193.3
20211116213939  -663.0 -71.0 -193.2
20211116213940  -662.9 -71.2 -193.6
20211116213941  -662.7 -71.3 -193.6
20211116213942  -662.7 -71.8 -193.5
20211116213943  -662.9 -71.7 -193.5
20211116213944  -662.6 -71.5 -193.5
20211116213945  -662.5 -71.6 -193.4
20211116213946  -662.4 -71.5 -193.2
20211116213947  -662.4 -71.7 -193.6
20211116213948  -662.6 -71.6 -193.7
20211116213949  -662.3 -71.5 -193.6
20211116213950  -662.1 -71.5 -193.5
20211116213951  -662.1 -71.9 -193.6
20211116213952  -662.1 -71.6 -193.9
20211116213953  -661.7 -71.8 -193.3
20211116213954  -662.0 -71.9 -193.3
20211116213955  -662.6 -71.7 -193.6
20211116213956  -662.5 -71.8 -193.4
20211116213957  -662.6 -71.5 -193.5
20211116213958  -662.6 -71.5 -193.8
20211116213959  -662.6 -71.7 -193.7
20211116214000  -662.5 -71.8 -193.4
20211116214001  -662.9 -71.9 -193.8
20211116214002  -662.9 -71.6 -193.8
20211116214003  -662.9 -71.9 -194.0
20211116214004  -663.0 -72.0 -194.1
20211116214005  -663.2 -71.8 -194.0
20211116214006  -663.2 -72.0 -194.3
20211116214007  -663.3 -72.1 -194.3
20211116214008  -663.2 -71.8 -194.4
20211116214009  -663.2 -71.8 -194.1
20211116214010  -663.4 -71.9 -194.1
20211116214011  -663.4 -71.9 -194.4
20211116214012  -663.4 -71.9 -194.2
20211116214013  -663.4 -72.0 -194.1
20211116214014  -663.4 -71.8 -194.1
20211116214015  -663.7 -71.9 -194.0
20211116214016  -663.7 -71.8 -194.0
20211116214017  -663.3 -71.9 -194.1
20211116214018  -663.4 -71.9 -193.9
20211116214019  -663.6 -72.1 -194.0
20211116214020  -663.6 -71.8 -193.8
20211116214021  -663.6 -71.8 -194.0
20211116214022  -663.4 -72.2 -193.9
20211116214023  -663.0 -72.2 -193.6
20211116214024  -662.7 -72.0 -193.1
20211116214025  -663.2 -72.0 -193.8
20211116214026  -663.1 -72.2 -194.1
20211116214027  -663.4 -72.1 -193.9
20211116214028  -663.2 -72.4 -193.7
20211116214029  -663.6 -72.2 -194.0
20211116214030  -663.5 -72.1 -193.8
20211116214031  -663.1 -72.2 -193.9
20211116214032  -663.4 -72.2 -194.1
20211116214033  -663.7 -72.3 -194.2
20211116214034  -663.5 -72.4 -194.1
20211116214035  -663.5 -72.4 -194.2
20211116214036  -663.7 -72.4 -194.2
20211116214037  -663.8 -72.4 -194.2
20211116214038  -663.5 -72.4 -194.0
20211116214039  -663.8 -72.4 -194.0
20211116214040  -663.9 -72.3 -194.0
20211116214041  -663.9 -72.7 -193.6
20211116214042  -664.4 -73.0 -193.9
20211116214043  -664.4 -72.8 -193.8
20211116214044  -664.8 -72.8 -193.9
20211116214045  -664.6 -72.6 -194.2
20211116214046  -664.4 -72.9 -193.9
20211116214047  -664.6 -73.0 -193.7
20211116214048  -664.8 -72.8 -193.6
20211116214049  -665.0 -72.8 -193.9
20211116214050  -664.6 -72.9 -193.7
20211116214051  -664.6 -73.0 -193.8
20211116214052  -664.9 -73.0 -193.5
20211116214053  -664.6 -73.1 -193.4
20211116214054  -664.2 -72.8 -193.1
20211116214055  -664.8 -72.7 -193.6
20211116214056  -664.7 -73.0 -193.6
20211116214057  -664.9 -73.0 -193.7
20211116214058  -664.7 -73.0 -193.8
20211116214059  -665.0 -72.6 -193.6
20211116214100  -665.1 -72.8 -193.6
20211116214101  -665.0 -73.0 -193.4
20211116214102  -664.9 -73.0 -193.6
20211116214103  -664.8 -72.7 -193.7
20211116214104  -664.6 -72.8 -193.7
20211116214105  -664.6 -73.1 -193.6
20211116214106  -664.7 -73.2 -193.5
20211116214107  -664.7 -73.2 -193.4
20211116214108  -664.7 -73.0 -193.3
20211116214109  -664.4 -73.1 -193.6
20211116214110  -664.2 -73.5 -193.4
20211116214111  -664.1 -73.4 -193.3
20211116214112  -664.0 -73.4 -193.3
20211116214113  -664.0 -73.4 -193.3
20211116214114  -663.8 -73.2 -193.5
20211116214115  -663.4 -73.4 -193.5
20211116214116  -663.3 -73.1 -193.8
20211116214117  -663.3 -73.3 -193.8
20211116214118  -663.4 -73.3 -193.7
20211116214119  -663.0 -73.4 -193.3
20211116214120  -663.0 -73.5 -193.6
20211116214121  -663.0 -73.9 -193.7
20211116214122  -663.0 -74.0 -193.6
20211116214123  -662.9 -74.1 -193.7
20211116214124  -662.3 -73.9 -193.6
20211116214125  -662.9 -74.1 -193.6
20211116214126  -663.0 -74.3 -193.6
20211116214127  -663.1 -74.6 -193.6
20211116214128  -663.3 -74.5 -193.7
20211116214129  -663.2 -74.5 -193.9
20211116214130  -663.1 -74.3 -194.0
20211116214131  -663.3 -74.3 -193.7
20211116214132  -663.3 -74.4 -193.8
20211116214133  -663.2 -74.5 -193.7
20211116214134  -663.5 -74.6 -193.9
20211116214135  -663.7 -74.8 -193.9
20211116214136  -663.7 -74.6 -194.2
20211116214137  -664.1 -74.8 -194.2
20211116214138  -664.5 -74.8 -194.1
20211116214139  -664.6 -74.6 -194.3
20211116214140  -664.6 -74.8 -194.3
20211116214141  -664.4 -74.7 -194.4
20211116214142  -664.4 -74.6 -194.1
20211116214143  -665.0 -74.8 -194.0
20211116214144  -664.9 -74.9 -194.1
20211116214145  -665.0 -75.0 -194.1
20211116214146  -665.0 -74.9 -194.2
20211116214147  -665.3 -74.7 -194.2
20211116214148  -665.4 -74.9 -194.2
20211116214149  -665.6 -75.0 -194.3
20211116214150  -665.5 -75.1 -194.2
20211116214151  -665.7 -75.3 -194.3
20211116214152  -665.9 -74.9 -194.3
20211116214153  -665.9 -75.0 -194.2
20211116214154  -665.8 -75.2 -194.2
20211116214155  -665.8 -75.0 -194.0
20211116214156  -666.4 -74.8 -194.2
20211116214157  -666.5 -75.3 -194.2
20211116214158  -666.9 -74.9 -194.3
20211116214159  -666.9 -75.2 -194.4
20211116214200  -667.1 -75.3 -194.6
20211116214201  -667.2 -75.2 -194.5
20211116214202  -667.3 -75.0 -194.5
20211116214203  -667.5 -75.4 -194.5
20211116214204  -667.6 -75.3 -194.1
20211116214205  -667.9 -75.5 -194.1
20211116214206  -667.9 -75.4 -194.2
20211116214207  -667.8 -75.3 -194.3
20211116214208  -667.8 -75.5 -194.4
20211116214209  -667.9 -75.6 -194.4
20211116214210  -667.7 -75.5 -194.3
20211116214211  -667.8 -75.6 -194.4
20211116214212  -667.8 -75.5 -194.4
20211116214213  -668.1 -75.6 -194.2
20211116214214  -668.1 -75.5 -194.1
20211116214215  -667.9 -75.3 -194.0
