20211201223528  -776.5 -39.0 -801.3
20211201223529  -776.7 -38.4 -801.1
20211201223530  -776.6 -38.4 -801.1
20211201223531  -777.0 -38.7 -801.1
20211201223532  -776.5 -38.8 -801.0
20211201223533  -776.5 -39.1 -800.9
20211201223534  -776.2 -38.9 -800.9
20211201223535  -776.3 -39.1 -801.0
20211201223536  -775.9 -39.2 -801.2
20211201223537  -775.9 -39.7 -800.9
20211201223538  -775.8 -39.8 -801.4
20211201223539  -775.8 -39.7 -801.5
20211201223540  -776.1 -39.4 -801.5
20211201223541  -776.0 -39.4 -801.3
20211201223542  -775.9 -39.2 -801.4
20211201223543  -776.1 -39.4 -801.4
20211201223544  -775.5 -39.8 -801.5
20211201223545  -775.3 -39.7 -800.7
20211201223546  -775.3 -39.4 -800.7
20211201223547  -775.2 -39.3 -800.7
20211201223548  -775.7 -39.3 -801.0
20211201223549  -776.1 -39.2 -801.2
20211201223550  -776.2 -39.2 -801.0
20211201223551  -776.1 -39.4 -801.4
20211201223552  -775.8 -39.3 -801.1
20211201223553  -775.9 -39.0 -801.2
20211201223554  -775.8 -39.1 -801.0
20211201223555  -775.8 -39.1 -800.7
20211201223556  -775.9 -39.5 -800.9
20211201223557  -775.8 -39.2 -801.1
20211201223558  -775.8 -39.1 -801.4
20211201223559  -776.1 -39.1 -801.5
20211201223600  -776.3 -38.9 -801.3
20211201223601  -776.2 -38.6 -801.3
20211201223602  -776.6 -38.5 -801.3
20211201223603  -776.5 -38.5 -801.4
20211201223604  -776.9 -38.7 -801.3
20211201223605  -777.1 -38.6 -801.5
20211201223606  -777.1 -38.9 -801.8
20211201223607  -777.4 -39.0 -801.8
20211201223608  -778.0 -39.1 -801.6
20211201223609  -778.5 -39.5 -801.8
20211201223610  -778.3 -39.9 -801.6
20211201223611  -778.2 -39.4 -801.0
20211201223612  -778.0 -39.6 -800.5
20211201223613  -777.8 -39.6 -800.5
20211201223614  -778.3 -39.5 -800.5
20211201223615  -778.9 -40.1 -801.2
20211201223616  -779.1 -40.3 -801.3
20211201223617  -779.6 -40.1 -801.4
20211201223618  -779.8 -40.3 -801.8
20211201223619  -780.3 -40.4 -801.6
20211201223620  -780.5 -40.8 -801.5
20211201223621  -780.9 -41.1 -801.5
20211201223622  -780.6 -41.3 -801.5
20211201223623  -781.2 -41.5 -801.4
20211201223624  -780.8 -42.1 -801.5
20211201223625  -781.3 -42.0 -801.9
20211201223626  -781.4 -41.8 -802.3
20211201223627  -781.7 -42.1 -802.0
20211201223628  -781.9 -42.3 -802.0
20211201223629  -781.7 -42.2 -801.8
20211201223630  -781.9 -42.5 -801.6
20211201223631  -782.2 -42.5 -801.6
20211201223632  -782.3 -42.3 -801.5
20211201223633  -782.4 -42.5 -801.3
20211201223634  -782.4 -42.6 -801.3
20211201223635  -782.5 -42.8 -801.0
20211201223636  -782.4 -43.0 -801.0
20211201223637  -781.7 -42.7 -800.6
20211201223638  -781.4 -42.6 -800.2
20211201223639  -781.6 -42.6 -800.0
20211201223640  -782.1 -42.5 -800.6
20211201223641  -782.3 -42.8 -800.8
20211201223642  -782.6 -42.8 -800.4
20211201223643  -782.6 -42.7 -800.7
20211201223644  -782.7 -42.4 -800.6
20211201223645  -783.0 -42.5 -801.0
20211201223646  -783.3 -42.3 -800.8
20211201223647  -783.1 -42.6 -800.8
20211201223648  -783.3 -42.8 -800.6
20211201223649  -783.5 -43.0 -800.7
20211201223650  -783.2 -43.0 -800.7
20211201223651  -783.6 -42.9 -800.7
20211201223652  -783.7 -43.2 -800.6
20211201223653  -783.7 -43.2 -800.7
20211201223654  -783.9 -43.3 -800.9
20211201223655  -784.2 -43.4 -800.9
20211201223656  -784.5 -42.8 -801.0
20211201223657  -784.8 -42.7 -800.8
20211201223658  -785.2 -42.4 -801.0
20211201223659  -785.4 -42.3 -801.2
20211201223700  -785.6 -42.4 -801.0
20211201223701  -785.6 -42.5 -801.0
20211201223702  -785.6 -42.9 -800.4
20211201223703  -785.1 -43.1 -800.2
20211201223704  -784.6 -43.2 -799.9
20211201223705  -784.3 -43.1 -799.5
20211201223706  -785.2 -43.5 -799.9
20211201223707  -785.0 -43.6 -800.3
20211201223708  -785.4 -43.5 -800.1
20211201223709  -785.5 -43.5 -800.2
20211201223710  -785.8 -43.9 -800.1
20211201223711  -786.0 -44.3 -800.1
20211201223712  -786.1 -44.6 -800.3
20211201223713  -786.2 -45.0 -800.3
20211201223714  -786.3 -45.3 -800.2
20211201223715  -786.4 -45.2 -800.0
20211201223716  -786.5 -45.2 -799.9
20211201223717  -786.4 -45.2 -800.2
20211201223718  -786.6 -45.1 -800.2
20211201223719  -786.4 -44.7 -800.3
20211201223720  -786.9 -44.5 -800.4
20211201223721  -787.2 -44.2 -800.5
20211201223722  -787.5 -44.2 -800.4
20211201223723  -787.6 -44.2 -800.5
20211201223724  -787.9 -44.0 -800.8
20211201223725  -787.7 -43.8 -800.5
20211201223726  -787.8 -44.1 -800.5
20211201223727  -788.0 -43.9 -800.4
20211201223728  -788.3 -44.1 -800.6
20211201223729  -788.0 -44.2 -800.4
20211201223730  -788.1 -44.1 -800.1
20211201223731  -788.6 -44.2 -799.8
20211201223732  -789.5 -44.3 -800.4
20211201223733  -789.5 -44.7 -800.3
20211201223734  -790.2 -44.9 -800.5
20211201223735  -790.1 -45.0 -800.5
20211201223736  -790.6 -45.2 -800.7
20211201223737  -790.9 -44.7 -801.2
20211201223738  -791.6 -44.7 -801.3
20211201223739  -791.9 -44.9 -801.1
20211201223740  -792.3 -44.8 -800.8
20211201223741  -792.7 -44.8 -800.8
20211201223742  -793.1 -45.0 -800.7
20211201223743  -793.4 -44.8 -800.6
20211201223744  -793.1 -45.3 -800.1
20211201223745  -793.3 -45.8 -799.9
20211201223746  -793.7 -46.1 -800.1
20211201223747  -793.7 -46.5 -800.0
20211201223748  -793.8 -46.8 -799.7
20211201223749  -794.1 -46.8 -800.0
20211201223750  -794.2 -46.7 -799.9
20211201223751  -794.8 -46.9 -799.7
20211201223752  -794.9 -47.1 -799.6
20211201223753  -795.2 -46.9 -799.6
20211201223754  -795.5 -46.6 -799.4
20211201223755  -795.4 -46.8 -799.1
20211201223756  -795.1 -46.9 -798.7
20211201223757  -795.0 -46.9 -798.3
20211201223758  -795.9 -47.0 -798.4
20211201223759  -795.8 -47.0 -798.6
20211201223800  -795.9 -47.5 -798.7
20211201223801  -795.9 -47.7 -798.7
20211201223802  -796.0 -47.8 -798.7
20211201223803  -796.4 -47.6 -798.5
20211201223804  -796.7 -47.7 -798.6
20211201223805  -797.1 -48.0 -798.5
20211201223806  -797.2 -48.1 -798.4
20211201223807  -797.2 -48.1 -798.4
20211201223808  -797.4 -48.2 -797.9
20211201223809  -797.8 -48.6 -798.0
20211201223810  -798.1 -48.7 -798.0
20211201223811  -798.4 -48.9 -798.2
20211201223812  -798.8 -48.8 -798.3
20211201223813  -799.1 -48.4 -798.1
20211201223814  -799.6 -48.5 -798.1
20211201223815  -799.8 -48.7 -798.6
20211201223816  -800.5 -48.7 -798.5
20211201223817  -800.9 -49.1 -798.7
20211201223818  -801.3 -49.3 -799.0
20211201223819  -802.0 -49.4 -798.8
20211201223820  -802.7 -49.0 -798.8
20211201223821  -802.7 -49.7 -798.5
20211201223822  -802.9 -49.7 -798.0
20211201223823  -802.8 -49.4 -797.7
20211201223824  -803.3 -49.4 -797.6
20211201223825  -803.9 -49.5 -798.0
20211201223826  -804.2 -49.7 -798.1
20211201223827  -804.4 -49.5 -797.9
20211201223828  -804.6 -49.5 -797.6
20211201223829  -804.7 -49.5 -797.7
20211201223830  -805.0 -49.5 -797.5
20211201223831  -805.2 -49.4 -797.6
20211201223832  -805.3 -49.5 -797.5
20211201223833  -805.2 -49.1 -797.7
20211201223834  -805.5 -49.0 -797.6
20211201223835  -805.9 -48.7 -797.9
20211201223836  -806.5 -48.8 -797.5
20211201223837  -806.9 -48.3 -797.6
20211201223838  -807.2 -48.3 -797.8
20211201223839  -807.5 -48.6 -797.7
20211201223840  -807.8 -48.9 -797.6
20211201223841  -808.5 -49.4 -797.7
20211201223842  -809.0 -49.2 -797.8
20211201223843  -809.5 -49.3 -797.8
20211201223844  -809.9 -49.6 -797.8
20211201223845  -810.3 -49.6 -797.5
20211201223846  -810.5 -49.7 -797.1
20211201223847  -810.1 -49.6 -796.9
20211201223848  -810.0 -49.2 -796.6
20211201223849  -810.2 -49.0 -796.6
20211201223850  -810.8 -48.6 -796.4
20211201223851  -812.1 -48.5 -796.7
20211201223852  -812.6 -48.4 -797.0
20211201223853  -812.9 -48.5 -796.8
20211201223854  -813.5 -48.4 -796.8
20211201223855  -813.5 -48.5 -796.5
20211201223856  -813.7 -48.7 -796.6
20211201223857  -814.1 -48.7 -796.6
20211201223858  -814.6 -48.6 -796.9
20211201223859  -814.6 -48.8 -796.8
20211201223900  -815.0 -48.8 -796.6
20211201223901  -815.5 -48.8 -796.4
20211201223902  -815.7 -49.0 -796.3
20211201223903  -816.1 -49.2 -796.5
20211201223904  -816.7 -49.2 -796.6
20211201223905  -816.9 -49.0 -796.7
20211201223906  -817.4 -48.5 -796.7
20211201223907  -818.1 -48.3 -796.5
20211201223908  -818.3 -48.4 -796.4
20211201223909  -818.8 -48.2 -795.9
20211201223910  -818.7 -48.3 -795.8
20211201223911  -818.6 -48.2 -795.7
20211201223912  -819.1 -48.3 -796.1
20211201223913  -819.1 -48.4 -796.2
20211201223914  -819.1 -48.5 -795.8
20211201223915  -819.2 -48.4 -795.4
20211201223916  -819.6 -48.4 -794.8
20211201223917  -820.4 -48.5 -795.2
20211201223918  -820.8 -48.2 -795.4
20211201223919  -821.0 -48.7 -795.2
20211201223920  -821.2 -48.6 -795.6
20211201223921  -821.5 -48.6 -795.3
20211201223922  -821.6 -48.3 -795.5
20211201223923  -822.0 -48.4 -795.3
20211201223924  -822.1 -48.1 -795.3
20211201223925  -822.6 -48.3 -795.2
20211201223926  -823.2 -47.9 -795.0
20211201223927  -823.6 -48.0 -794.8
20211201223928  -824.0 -48.2 -794.9
20211201223929  -823.7 -48.2 -794.6
20211201223930  -823.9 -48.2 -794.5
20211201223931  -824.0 -48.2 -794.4
20211201223932  -824.2 -48.5 -794.1
20211201223933  -824.4 -48.5 -794.1
20211201223934  -824.3 -48.3 -794.1
20211201223935  -824.5 -48.2 -794.4
20211201223936  -824.7 -48.2 -794.3
20211201223937  -824.4 -48.3 -794.4
20211201223938  -824.7 -48.3 -794.1
20211201223939  -824.7 -48.4 -794.4
20211201223940  -824.1 -48.1 -793.6
20211201223941  -823.8 -47.8 -793.1
20211201223942  -823.3 -47.8 -793.0
20211201223943  -823.8 -47.7 -793.3
20211201223944  -824.4 -47.7 -793.5
20211201223945  -824.2 -48.0 -793.5
20211201223946  -824.4 -47.9 -793.4
20211201223947  -824.7 -48.2 -793.5
20211201223948  -824.7 -48.1 -793.4
20211201223949  -825.2 -48.0 -793.5
20211201223950  -825.4 -47.6 -793.5
20211201223951  -825.6 -47.5 -793.2
20211201223952  -826.0 -47.5 -793.2
20211201223953  -825.9 -47.4 -793.2
20211201223954  -826.4 -47.3 -793.4
20211201223955  -827.0 -47.2 -793.5
20211201223956  -827.0 -47.0 -793.4
20211201223957  -827.4 -46.8 -793.2
20211201223958  -827.3 -46.9 -793.2
20211201223959  -827.4 -46.7 -793.1
20211201224000  -827.4 -46.5 -793.4
20211201224001  -827.6 -46.5 -793.5
20211201224002  -827.8 -46.2 -793.3
20211201224003  -828.0 -46.2 -793.1
20211201224004  -828.1 -46.3 -793.0
20211201224005  -828.2 -46.2 -793.0
20211201224006  -827.6 -46.0 -792.0
20211201224007  -827.2 -45.9 -791.5
20211201224008  -826.5 -45.3 -791.3
20211201224009  -826.8 -45.2 -791.6
20211201224010  -827.4 -45.0 -792.1
20211201224011  -827.4 -44.7 -792.0
20211201224012  -827.6 -44.7 -792.2
20211201224013  -827.5 -44.3 -792.4
20211201224014  -827.6 -44.2 -792.1
20211201224015  -827.5 -44.2 -792.4
20211201224016  -827.6 -44.0 -792.1
20211201224017  -827.8 -44.1 -792.2
20211201224018  -828.1 -44.0 -792.4
20211201224019  -828.4 -43.6 -792.2
20211201224020  -828.3 -43.1 -792.2
20211201224021  -828.5 -43.2 -791.8
20211201224022  -828.3 -43.2 -791.6
20211201224023  -828.0 -43.4 -791.6
20211201224024  -827.9 -43.3 -791.4
20211201224025  -827.9 -43.6 -791.6
20211201224026  -827.6 -43.5 -791.4
20211201224027  -827.7 -43.5 -791.2
20211201224028  -828.0 -43.9 -791.4
20211201224029  -827.9 -43.7 -791.6
20211201224030  -827.8 -43.9 -791.4
20211201224031  -827.9 -44.1 -791.3
20211201224032  -827.6 -44.5 -791.1
20211201224033  -827.3 -44.1 -790.4
20211201224034  -827.3 -43.9 -790.0
20211201224035  -828.0 -43.3 -790.1
20211201224036  -828.5 -43.3 -790.1
20211201224037  -828.5 -43.4 -789.7
20211201224038  -828.8 -43.1 -789.9
20211201224039  -828.7 -43.2 -789.5
20211201224040  -828.5 -43.3 -789.5
20211201224041  -828.3 -43.5 -789.5
20211201224042  -828.7 -43.7 -790.0
20211201224043  -828.5 -43.3 -789.7
20211201224044  -828.4 -43.2 -789.6
20211201224045  -828.1 -43.2 -789.4
20211201224046  -828.0 -43.3 -789.7
20211201224047  -828.3 -43.3 -789.7
20211201224048  -828.4 -42.9 -789.9
20211201224049  -828.4 -42.7 -790.1
20211201224050  -828.4 -42.3 -789.9
20211201224051  -828.6 -42.1 -789.9
20211201224052  -828.4 -42.1 -789.7
20211201224053  -828.7 -41.9 -789.7
20211201224054  -829.1 -41.9 -789.7
20211201224055  -828.9 -42.0 -789.6
20211201224056  -829.0 -42.0 -789.4
20211201224057  -829.0 -41.9 -789.6
20211201224058  -828.4 -42.1 -789.2
20211201224059  -827.7 -42.0 -788.7
20211201224100  -827.5 -41.2 -788.5
20211201224101  -828.0 -41.2 -788.3
20211201224102  -828.6 -41.2 -788.6
20211201224103  -828.5 -40.9 -789.0
20211201224104  -828.6 -40.9 -788.8
20211201224105  -829.1 -41.1 -789.0
20211201224106  -829.5 -41.0 -788.6
20211201224107  -829.4 -40.8 -788.4
20211201224108  -829.3 -40.7 -788.4
20211201224109  -828.9 -41.1 -788.1
20211201224110  -828.9 -41.3 -788.3
20211201224111  -829.3 -41.4 -788.1
20211201224112  -829.2 -41.5 -788.2
20211201224113  -829.1 -41.7 -788.5
20211201224114  -829.1 -42.0 -788.2
20211201224115  -829.2 -41.8 -788.3
20211201224116  -829.2 -41.7 -788.2
20211201224117  -829.3 -41.8 -787.9
20211201224118  -829.3 -41.8 -788.0
20211201224119  -829.3 -41.2 -788.1
20211201224120  -829.3 -40.7 -787.9
20211201224121  -829.0 -40.2 -787.6
20211201224122  -828.8 -40.2 -787.7
20211201224123  -828.6 -40.3 -787.2
20211201224124  -828.5 -40.6 -787.5
20211201224125  -828.0 -40.8 -786.8
20211201224126  -827.6 -40.6 -786.7
20211201224127  -828.0 -40.4 -786.8
20211201224128  -828.3 -40.5 -786.9
20211201224129  -828.5 -40.4 -787.1
20211201224130  -828.4 -40.7 -787.1
20211201224131  -828.3 -40.3 -786.9
20211201224132  -828.1 -40.5 -786.8
20211201224133  -827.8 -40.5 -786.5
20211201224134  -827.7 -40.3 -786.1
20211201224135  -827.6 -40.4 -786.3
20211201224136  -827.4 -40.9 -786.5
20211201224137  -827.3 -40.9 -786.7
20211201224138  -827.0 -41.1 -787.0
20211201224139  -826.9 -41.0 -787.0
20211201224140  -826.8 -40.8 -787.0
20211201224141  -826.3 -41.1 -786.7
20211201224142  -826.2 -40.9 -786.9
20211201224143  -825.9 -41.4 -787.3
20211201224144  -825.6 -41.1 -787.4
20211201224145  -825.2 -40.7 -787.2
20211201224146  -825.1 -40.9 -787.4
20211201224147  -825.2 -40.8 -787.3
20211201224148  -825.4 -40.4 -787.6
20211201224149  -825.3 -40.6 -787.6
20211201224150  -825.0 -40.7 -787.6
20211201224151  -824.7 -40.7 -787.5
20211201224152  -824.5 -40.6 -787.0
20211201224153  -825.4 -41.1 -787.2
20211201224154  -825.3 -41.3 -787.4
20211201224155  -825.4 -41.2 -787.2
20211201224156  -825.1 -41.0 -787.1
20211201224157  -825.1 -40.7 -787.4
20211201224158  -825.0 -40.2 -787.5
20211201224159  -824.9 -40.0 -787.1
20211201224200  -825.1 -39.8 -787.2
20211201224201  -825.1 -40.3 -786.9
20211201224202  -824.9 -40.2 -787.3
20211201224203  -825.2 -40.5 -787.0
20211201224204  -824.7 -40.5 -787.2
20211201224205  -825.0 -40.6 -787.1
20211201224206  -825.3 -40.5 -787.0
20211201224207  -825.1 -40.6 -787.0
20211201224208  -825.1 -40.8 -787.2
20211201224209  -824.9 -40.5 -787.0
20211201224210  -825.2 -40.4 -786.8
20211201224211  -825.2 -40.0 -786.8
20211201224212  -825.1 -40.1 -786.9
20211201224213  -825.4 -40.1 -787.2
20211201224214  -825.3 -39.9 -787.1
20211201224215  -825.2 -39.9 -787.3
20211201224216  -825.4 -39.9 -787.2
20211201224217  -824.6 -39.7 -786.6
