20211130000020  -672.0 -75.3 -194.5
20211130000021  -672.0 -75.6 -194.4
20211130000022  -671.2 -75.4 -193.9
20211130000023  -670.5 -75.1 -193.7
20211130000024  -670.2 -74.9 -193.5
20211130000025  -670.3 -74.6 -193.2
20211130000026  -670.1 -74.6 -192.9
20211130000027  -670.0 -74.5 -192.8
20211130000028  -670.9 -74.7 -193.3
20211130000029  -671.1 -74.7 -193.5
20211130000030  -671.2 -74.7 -193.8
20211130000031  -671.1 -74.9 -193.7
20211130000032  -671.2 -74.9 -193.9
20211130000033  -671.4 -75.0 -193.8
20211130000034  -671.3 -74.9 -193.6
20211130000035  -671.6 -75.0 -193.6
20211130000036  -671.7 -75.2 -193.7
20211130000037  -671.6 -75.1 -193.8
20211130000038  -671.6 -75.0 -193.8
20211130000039  -671.6 -74.8 -193.8
20211130000040  -671.4 -74.9 -193.7
20211130000041  -671.6 -74.8 -193.5
20211130000042  -671.4 -74.6 -193.9
20211130000043  -671.6 -75.0 -193.6
20211130000044  -671.6 -74.8 -193.8
20211130000045  -671.8 -74.9 -193.4
20211130000046  -671.5 -75.1 -193.7
20211130000047  -671.4 -75.1 -193.7
20211130000048  -671.1 -75.2 -193.7
20211130000049  -670.8 -75.2 -193.5
20211130000050  -670.4 -75.0 -193.4
20211130000051  -670.0 -74.7 -193.0
20211130000052  -669.8 -74.6 -192.8
20211130000053  -669.7 -74.7 -192.7
20211130000054  -669.8 -74.4 -192.5
20211130000055  -670.4 -74.3 -193.0
20211130000056  -670.3 -74.5 -193.1
20211130000057  -670.4 -74.5 -193.3
20211130000058  -670.4 -74.5 -193.1
20211130000059  -670.6 -74.5 -193.5
20211130000100  -670.7 -74.6 -193.4
20211130000101  -670.9 -74.6 -193.5
20211130000102  -670.8 -74.5 -193.6
20211130000103  -670.7 -74.5 -193.6
20211130000104  -670.9 -74.5 -193.6
20211130000105  -670.7 -74.3 -193.7
20211130000106  -670.6 -74.5 -193.5
20211130000107  -670.7 -74.6 -193.2
20211130000108  -670.4 -74.8 -193.6
20211130000109  -670.5 -74.6 -193.3
20211130000110  -670.8 -74.7 -193.4
20211130000111  -671.0 -74.7 -193.1
20211130000112  -670.5 -74.4 -193.4
20211130000113  -671.0 -74.7 -193.6
20211130000114  -670.6 -74.8 -193.4
20211130000115  -670.3 -74.5 -193.4
20211130000116  -670.0 -74.3 -192.9
20211130000117  -669.8 -74.2 -192.6
20211130000118  -669.8 -74.2 -192.3
20211130000119  -669.7 -74.4 -192.3
20211130000120  -669.2 -74.0 -192.0
20211130000121  -670.0 -74.2 -192.3
20211130000122  -669.9 -74.2 -192.8
20211130000123  -670.0 -74.1 -192.9
20211130000124  -670.0 -73.9 -192.9
20211130000125  -669.7 -73.8 -193.2
20211130000126  -669.8 -73.9 -193.0
20211130000127  -669.6 -74.0 -193.1
20211130000128  -669.6 -74.1 -193.1
20211130000129  -669.6 -74.2 -193.1
20211130000130  -669.7 -74.1 -193.1
20211130000131  -669.8 -74.7 -192.9
20211130000132  -669.9 -74.5 -192.7
20211130000133  -669.7 -74.3 -192.9
20211130000134  -669.8 -74.2 -192.8
20211130000135  -669.9 -74.2 -193.0
20211130000136  -669.8 -74.4 -193.2
20211130000137  -669.7 -74.5 -193.2
20211130000138  -670.1 -74.4 -193.0
20211130000139  -669.8 -74.5 -193.4
20211130000140  -669.8 -74.5 -193.3
20211130000141  -669.1 -74.5 -192.8
20211130000142  -668.5 -74.0 -192.2
20211130000143  -668.7 -74.2 -191.7
20211130000144  -668.2 -73.9 -191.4
20211130000145  -667.9 -74.0 -191.4
20211130000146  -668.0 -73.6 -191.1
20211130000147  -668.5 -73.8 -191.4
20211130000148  -668.8 -74.0 -191.9
20211130000149  -668.9 -74.1 -192.0
20211130000150  -669.0 -74.2 -192.0
20211130000151  -669.3 -74.1 -192.0
20211130000152  -669.3 -73.9 -192.2
20211130000153  -669.2 -73.9 -192.0
20211130000154  -669.3 -73.7 -192.0
20211130000155  -668.9 -73.9 -192.2
20211130000156  -669.0 -74.2 -192.2
20211130000157  -669.3 -73.8 -192.2
20211130000158  -668.9 -73.8 -192.2
20211130000159  -668.6 -74.0 -192.1
20211130000200  -668.8 -73.7 -192.0
20211130000201  -668.6 -74.0 -191.9
20211130000202  -668.7 -74.0 -192.3
20211130000203  -668.4 -74.0 -192.3
20211130000204  -668.3 -73.8 -192.2
20211130000205  -668.3 -73.7 -192.1
20211130000206  -668.2 -73.9 -192.1
20211130000207  -668.6 -74.3 -192.5
20211130000208  -668.3 -74.1 -192.0
20211130000209  -668.1 -74.0 -191.8
20211130000210  -667.9 -73.9 -191.6
20211130000211  -667.7 -73.5 -191.6
20211130000212  -667.3 -73.6 -190.8
20211130000213  -668.2 -73.7 -191.2
20211130000214  -668.5 -73.8 -191.6
20211130000215  -668.4 -74.0 -192.1
20211130000216  -668.3 -74.1 -192.2
20211130000217  -668.4 -74.3 -191.9
20211130000218  -668.9 -74.2 -192.3
20211130000219  -668.8 -74.0 -192.3
20211130000220  -668.6 -73.6 -192.1
20211130000221  -668.5 -73.8 -192.3
20211130000222  -668.9 -73.9 -192.2
20211130000223  -668.7 -73.8 -192.2
20211130000224  -668.9 -74.1 -192.0
20211130000225  -668.9 -73.6 -192.1
20211130000226  -668.8 -73.5 -192.2
20211130000227  -668.7 -73.8 -192.1
20211130000228  -668.8 -73.9 -192.5
20211130000229  -669.0 -73.8 -192.2
20211130000230  -669.2 -74.0 -192.0
20211130000231  -669.5 -74.1 -192.3
20211130000232  -669.3 -73.8 -192.1
20211130000233  -669.2 -73.9 -192.1
20211130000234  -668.8 -73.8 -191.9
20211130000235  -668.6 -73.9 -191.6
20211130000236  -668.5 -74.0 -191.3
20211130000237  -668.1 -74.0 -190.8
20211130000238  -667.7 -74.0 -190.8
20211130000239  -668.6 -73.9 -191.2
20211130000240  -668.9 -74.1 -191.4
20211130000241  -668.9 -74.0 -191.6
20211130000242  -669.3 -73.8 -191.5
20211130000243  -669.3 -73.9 -191.6
20211130000244  -669.2 -74.4 -191.8
20211130000245  -669.2 -74.3 -191.7
20211130000246  -669.3 -74.5 -191.9
20211130000247  -669.5 -74.4 -192.1
20211130000248  -669.6 -74.5 -192.3
20211130000249  -669.5 -74.2 -191.7
20211130000250  -669.4 -74.5 -192.2
20211130000251  -669.5 -74.6 -191.7
20211130000252  -669.4 -74.5 -191.9
20211130000253  -669.4 -74.6 -191.9
20211130000254  -669.3 -74.7 -192.1
20211130000255  -669.6 -74.8 -192.3
20211130000256  -669.5 -74.6 -192.2
20211130000257  -669.5 -74.7 -192.2
20211130000258  -669.4 -74.4 -192.1
20211130000259  -669.5 -74.4 -191.9
20211130000300  -669.3 -74.9 -192.2
20211130000301  -669.0 -74.7 -191.8
20211130000302  -668.7 -74.7 -191.4
20211130000303  -668.4 -74.4 -191.3
20211130000304  -668.2 -74.2 -191.0
20211130000305  -669.3 -74.4 -191.2
20211130000306  -669.1 -74.3 -191.6
20211130000307  -669.1 -74.4 -191.7
20211130000308  -669.3 -74.3 -191.6
20211130000309  -669.3 -74.1 -191.7
20211130000310  -669.3 -74.0 -191.6
20211130000311  -669.4 -74.1 -191.7
20211130000312  -669.4 -74.0 -191.6
20211130000313  -669.5 -74.4 -191.9
20211130000314  -669.4 -74.4 -191.9
20211130000315  -669.5 -74.3 -191.8
20211130000316  -669.6 -74.1 -191.6
20211130000317  -669.6 -74.5 -192.0
20211130000318  -670.0 -74.5 -192.3
20211130000319  -670.0 -74.4 -192.2
20211130000320  -670.2 -74.3 -192.0
20211130000321  -670.3 -74.3 -192.1
20211130000322  -670.3 -74.2 -191.8
20211130000323  -670.3 -74.5 -192.1
20211130000324  -670.3 -74.3 -192.4
20211130000325  -670.3 -74.1 -192.4
20211130000326  -669.9 -74.5 -192.5
20211130000327  -669.8 -74.4 -192.3
20211130000328  -669.7 -74.4 -191.8
20211130000329  -669.7 -74.5 -191.7
20211130000330  -669.7 -74.5 -191.7
20211130000331  -670.6 -74.6 -192.4
20211130000332  -670.8 -74.9 -192.5
20211130000333  -670.8 -74.5 -192.6
20211130000334  -670.9 -74.8 -192.6
20211130000335  -670.9 -74.7 -192.6
20211130000336  -671.1 -74.9 -192.7
20211130000337  -671.0 -74.9 -193.0
20211130000338  -671.0 -75.2 -192.7
20211130000339  -671.0 -75.0 -192.7
20211130000340  -671.2 -75.0 -192.9
20211130000341  -671.1 -75.2 -192.9
20211130000342  -671.2 -75.6 -192.9
20211130000343  -671.4 -75.5 -192.8
20211130000344  -671.4 -75.5 -192.5
20211130000345  -671.5 -75.3 -193.0
20211130000346  -671.4 -75.4 -193.1
20211130000347  -671.3 -75.5 -193.1
20211130000348  -671.4 -75.5 -193.1
20211130000349  -671.6 -75.6 -192.9
20211130000350  -671.5 -75.6 -193.0
20211130000351  -671.6 -75.5 -193.1
20211130000352  -671.7 -75.3 -193.2
20211130000353  -671.2 -75.6 -192.6
20211130000354  -670.8 -75.4 -192.2
20211130000355  -670.8 -75.2 -192.1
20211130000356  -670.5 -74.9 -192.2
20211130000357  -671.0 -75.0 -192.5
20211130000358  -671.3 -75.4 -192.8
20211130000359  -671.2 -75.2 -192.9
20211130000400  -671.5 -75.0 -193.0
20211130000401  -671.6 -75.1 -192.9
20211130000402  -671.7 -75.4 -193.0
20211130000403  -671.5 -75.1 -193.1
20211130000404  -671.9 -75.2 -193.2
20211130000405  -672.2 -75.2 -193.0
20211130000406  -671.9 -75.3 -193.0
20211130000407  -672.0 -75.3 -193.2
20211130000408  -672.1 -75.5 -193.3
20211130000409  -672.0 -75.4 -193.2
20211130000410  -672.0 -75.2 -193.4
20211130000411  -672.2 -75.0 -193.4
20211130000412  -672.3 -75.1 -193.3
20211130000413  -672.2 -75.2 -193.3
20211130000414  -672.2 -75.3 -193.3
20211130000415  -672.2 -75.3 -193.5
20211130000416  -672.3 -75.3 -193.5
20211130000417  -672.2 -75.4 -193.3
20211130000418  -672.1 -75.5 -193.2
20211130000419  -671.7 -75.6 -193.3
20211130000420  -671.3 -75.3 -192.6
20211130000421  -671.3 -75.2 -192.5
20211130000422  -671.1 -75.2 -192.2
20211130000423  -670.9 -74.9 -192.0
20211130000424  -671.9 -75.0 -192.5
20211130000425  -671.8 -74.9 -192.8
20211130000426  -672.2 -75.2 -192.8
20211130000427  -672.2 -75.2 -192.8
20211130000428  -672.2 -75.3 -193.3
20211130000429  -672.5 -75.5 -193.2
20211130000430  -672.5 -75.4 -193.2
20211130000431  -672.2 -75.1 -193.0
20211130000432  -672.5 -75.0 -193.1
20211130000433  -672.4 -75.3 -193.0
20211130000434  -672.3 -75.1 -193.1
20211130000435  -672.6 -75.0 -193.0
20211130000436  -672.4 -75.1 -192.9
20211130000437  -672.6 -75.4 -193.3
20211130000438  -672.6 -75.4 -193.2
20211130000439  -672.4 -75.5 -193.2
20211130000440  -672.5 -75.6 -193.3
20211130000441  -672.4 -75.7 -193.4
20211130000442  -672.8 -75.6 -193.3
20211130000443  -672.7 -75.7 -193.1
20211130000444  -672.6 -75.9 -193.5
20211130000445  -672.4 -76.2 -193.6
20211130000446  -672.1 -75.9 -193.0
20211130000447  -671.7 -75.9 -192.9
20211130000448  -671.6 -75.6 -192.8
20211130000449  -671.3 -75.6 -192.8
20211130000450  -671.6 -75.4 -192.9
20211130000451  -672.5 -75.7 -193.5
20211130000452  -672.3 -75.8 -193.4
20211130000453  -672.2 -75.8 -193.2
20211130000454  -672.5 -75.7 -193.5
20211130000455  -672.5 -75.4 -193.7
20211130000456  -672.4 -75.6 -193.5
20211130000457  -672.5 -75.7 -193.9
20211130000458  -672.2 -76.0 -194.0
20211130000459  -672.5 -75.8 -193.8
20211130000500  -672.4 -75.9 -194.0
20211130000501  -672.6 -76.0 -194.0
20211130000502  -672.7 -75.8 -193.8
20211130000503  -672.6 -75.8 -193.9
20211130000504  -673.0 -75.8 -194.1
20211130000505  -673.0 -75.5 -194.0
20211130000506  -673.0 -75.8 -193.9
20211130000507  -673.0 -75.9 -194.3
20211130000508  -672.7 -76.0 -194.3
20211130000509  -672.8 -76.0 -194.2
20211130000510  -672.8 -76.3 -194.2
20211130000511  -672.8 -76.4 -193.8
20211130000512  -672.2 -75.9 -193.6
20211130000513  -672.2 -75.8 -193.4
20211130000514  -671.8 -75.5 -193.3
20211130000515  -671.8 -75.9 -193.0
20211130000516  -671.7 -75.8 -192.9
20211130000517  -672.0 -75.4 -193.0
20211130000518  -672.5 -75.6 -193.7
20211130000519  -672.2 -75.5 -193.8
20211130000520  -672.5 -75.3 -194.0
20211130000521  -672.4 -75.6 -194.1
20211130000522  -672.4 -75.9 -194.0
20211130000523  -672.6 -75.4 -194.0
20211130000524  -672.6 -75.5 -194.0
20211130000525  -672.7 -75.6 -193.6
20211130000526  -673.0 -75.6 -193.5
20211130000527  -672.9 -75.8 -193.6
20211130000528  -672.8 -75.8 -194.0
20211130000529  -672.7 -75.7 -194.3
20211130000530  -672.7 -75.9 -194.0
20211130000531  -672.7 -75.7 -194.0
20211130000532  -672.9 -75.7 -194.1
20211130000533  -673.0 -76.0 -194.4
20211130000534  -672.9 -75.8 -194.4
20211130000535  -672.8 -75.7 -194.2
20211130000536  -672.9 -75.8 -194.1
20211130000537  -673.0 -75.7 -194.2
20211130000538  -672.3 -76.2 -193.9
20211130000539  -672.2 -76.0 -193.6
20211130000540  -671.9 -75.7 -193.4
20211130000541  -671.7 -75.6 -193.1
20211130000542  -671.6 -75.3 -192.8
20211130000543  -671.5 -75.1 -193.0
20211130000544  -672.3 -75.4 -193.4
20211130000545  -672.6 -75.5 -194.0
20211130000546  -672.4 -75.5 -194.3
20211130000547  -672.9 -75.5 -194.0
20211130000548  -673.0 -75.7 -193.8
20211130000549  -672.8 -75.7 -193.7
20211130000550  -672.8 -75.9 -193.9
20211130000551  -672.6 -75.8 -193.9
20211130000552  -672.6 -76.1 -194.2
20211130000553  -672.6 -76.1 -194.1
20211130000554  -672.6 -76.1 -194.1
20211130000555  -672.9 -76.1 -194.2
20211130000556  -672.9 -76.2 -194.0
20211130000557  -673.0 -76.2 -194.3
20211130000558  -673.0 -76.1 -193.9
20211130000559  -673.2 -76.1 -194.0
20211130000600  -673.3 -76.2 -194.2
20211130000601  -673.1 -76.2 -194.0
20211130000602  -673.0 -76.5 -194.1
20211130000603  -672.9 -76.3 -194.1
20211130000604  -673.1 -76.4 -194.2
20211130000605  -672.4 -76.2 -193.7
20211130000606  -672.2 -76.2 -193.6
20211130000607  -672.0 -76.3 -193.4
20211130000608  -672.0 -76.1 -193.2
20211130000609  -671.8 -75.9 -193.2
20211130000610  -671.6 -76.0 -192.9
20211130000611  -672.4 -76.1 -193.6
20211130000612  -672.6 -76.2 -194.2
20211130000613  -672.4 -76.3 -194.0
20211130000614  -672.7 -76.2 -194.0
20211130000615  -672.7 -76.5 -194.0
20211130000616  -672.7 -76.5 -193.8
20211130000617  -672.9 -76.5 -193.9
20211130000618  -673.0 -76.7 -193.8
20211130000619  -673.0 -76.7 -194.0
20211130000620  -673.0 -76.4 -193.9
20211130000621  -672.7 -76.4 -194.2
20211130000622  -672.7 -76.4 -194.3
20211130000623  -672.7 -76.5 -194.4
20211130000624  -673.0 -76.4 -194.2
20211130000625  -673.4 -76.3 -194.4
20211130000626  -673.4 -76.3 -194.3
20211130000627  -673.4 -76.4 -194.4
20211130000628  -673.3 -76.3 -194.3
20211130000629  -673.2 -76.4 -194.3
20211130000630  -673.3 -76.4 -194.2
20211130000631  -673.2 -76.3 -194.2
20211130000632  -672.6 -76.2 -193.6
20211130000633  -672.5 -76.1 -193.4
20211130000634  -672.0 -76.0 -193.3
20211130000635  -671.7 -76.1 -193.2
20211130000636  -671.6 -76.3 -193.3
20211130000637  -671.6 -75.9 -193.0
20211130000638  -672.6 -76.1 -193.8
20211130000639  -672.7 -76.2 -193.7
20211130000640  -672.9 -76.3 -194.1
20211130000641  -672.9 -76.1 -194.2
20211130000642  -672.6 -76.3 -194.0
20211130000643  -672.9 -76.6 -194.1
20211130000644  -672.9 -76.3 -194.0
20211130000645  -673.2 -76.5 -194.0
20211130000646  -673.1 -76.4 -194.1
20211130000647  -672.8 -76.6 -194.1
20211130000648  -672.9 -76.8 -194.3
20211130000649  -672.9 -76.5 -194.4
20211130000650  -673.1 -76.4 -194.4
20211130000651  -672.8 -76.7 -194.6
20211130000652  -672.9 -76.8 -194.0
20211130000653  -672.9 -76.8 -194.1
20211130000654  -673.0 -76.8 -194.1
20211130000655  -672.8 -76.7 -194.0
20211130000656  -672.4 -76.8 -194.3
20211130000657  -672.5 -76.8 -194.2
20211130000658  -672.2 -76.7 -193.8
20211130000659  -672.0 -76.3 -193.8
20211130000700  -671.8 -76.3 -193.5
20211130000701  -671.8 -76.4 -193.3
20211130000702  -671.5 -76.1 -193.4
20211130000703  -671.3 -75.8 -192.9
20211130000704  -671.7 -76.1 -193.4
20211130000705  -672.8 -76.1 -193.9
20211130000706  -672.7 -76.3 -194.2
20211130000707  -672.3 -76.3 -194.1
20211130000708  -672.4 -76.5 -193.9
20211130000709  -672.5 -76.2 -194.0
20211130000710  -672.8 -76.2 -194.3
20211130000711  -672.9 -76.3 -194.1
20211130000712  -672.7 -76.4 -193.9
20211130000713  -673.0 -76.4 -194.1
20211130000714  -672.6 -76.4 -194.3
20211130000715  -672.8 -76.4 -194.0
20211130000716  -672.8 -76.4 -194.2
20211130000717  -672.7 -76.2 -194.0
20211130000718  -672.8 -76.4 -194.0
20211130000719  -672.7 -76.4 -194.0
20211130000720  -672.6 -76.8 -194.1
20211130000721  -672.5 -76.3 -193.8
20211130000722  -672.6 -76.4 -194.2
20211130000723  -672.1 -76.6 -194.1
20211130000724  -671.5 -76.5 -193.6
20211130000725  -671.3 -76.2 -193.1
20211130000726  -671.4 -76.2 -193.1
20211130000727  -671.2 -76.0 -192.8
20211130000728  -671.1 -76.0 -192.9
20211130000729  -670.9 -76.1 -192.7
20211130000730  -670.6 -76.0 -192.8
20211130000731  -671.2 -75.8 -192.8
20211130000732  -671.4 -76.1 -193.2
20211130000733  -671.7 -76.2 -193.2
20211130000734  -671.9 -76.4 -193.2
20211130000735  -672.0 -76.4 -193.4
20211130000736  -671.8 -76.5 -193.4
20211130000737  -672.0 -76.4 -193.5
20211130000738  -672.2 -76.5 -193.7
20211130000739  -672.2 -76.4 -193.5
20211130000740  -672.1 -76.3 -193.6
20211130000741  -672.3 -76.4 -193.4
20211130000742  -672.3 -76.4 -193.7
20211130000743  -672.2 -76.0 -193.7
20211130000744  -672.4 -76.1 -193.7
20211130000745  -672.2 -76.2 -193.9
20211130000746  -672.2 -76.3 -193.6
20211130000747  -672.3 -76.4 -194.0
20211130000748  -672.5 -76.2 -193.8
20211130000749  -672.2 -76.6 -193.9
20211130000750  -672.3 -76.5 -193.7
20211130000751  -672.0 -76.0 -193.0
20211130000752  -671.5 -75.7 -192.6
20211130000753  -671.3 -75.9 -192.6
20211130000754  -670.9 -76.0 -192.7
20211130000755  -670.8 -75.7 -192.4
20211130000756  -670.7 -75.7 -192.3
20211130000757  -670.2 -75.5 -192.0
20211130000758  -670.9 -75.7 -192.6
20211130000759  -671.4 -75.8 -192.9
20211130000800  -671.4 -75.8 -193.0
20211130000801  -671.4 -75.9 -192.9
20211130000802  -671.7 -76.0 -192.9
20211130000803  -671.6 -76.3 -193.1
20211130000804  -671.7 -76.2 -193.1
20211130000805  -671.7 -76.4 -193.2
20211130000806  -671.6 -76.5 -193.2
20211130000807  -671.6 -76.1 -193.2
