20211110153229  -670.0 -88.8 -182.4
20211110153230  -670.2 -89.1 -182.5
20211110153231  -670.0 -89.3 -182.6
20211110153232  -670.2 -89.2 -182.5
20211110153233  -670.6 -88.9 -182.5
20211110153234  -670.5 -89.1 -182.7
20211110153235  -670.8 -89.0 -182.3
20211110153236  -670.8 -88.8 -182.4
20211110153237  -670.7 -89.2 -182.7
20211110153238  -670.7 -89.2 -182.5
20211110153239  -671.0 -89.1 -182.6
20211110153240  -670.9 -89.1 -182.6
20211110153241  -670.9 -89.2 -182.5
20211110153242  -670.9 -89.4 -182.7
20211110153243  -671.1 -89.3 -182.7
20211110153244  -671.2 -89.5 -182.7
20211110153245  -671.2 -89.7 -182.5
20211110153246  -671.4 -89.5 -182.7
20211110153247  -671.2 -89.4 -182.6
20211110153248  -671.6 -89.6 -182.8
20211110153249  -671.6 -90.1 -182.7
20211110153250  -671.2 -89.8 -182.4
20211110153251  -670.7 -89.7 -182.1
20211110153252  -671.1 -89.4 -182.4
20211110153253  -671.3 -89.5 -182.5
20211110153254  -671.3 -89.6 -182.5
20211110153255  -671.2 -89.5 -182.7
20211110153256  -671.1 -89.1 -182.7
20211110153257  -671.1 -89.3 -182.6
20211110153258  -670.8 -89.3 -182.5
20211110153259  -670.9 -89.1 -182.4
20211110153300  -670.8 -89.2 -182.7
20211110153301  -670.9 -89.3 -182.7
20211110153302  -670.8 -89.4 -182.6
20211110153303  -670.6 -89.4 -182.8
20211110153304  -670.6 -89.3 -182.5
20211110153305  -670.8 -89.2 -182.5
20211110153306  -670.8 -89.3 -182.7
20211110153307  -670.7 -89.3 -182.7
20211110153308  -670.5 -89.4 -182.8
20211110153309  -670.4 -89.4 -182.9
20211110153310  -670.4 -89.4 -182.9
20211110153311  -670.6 -89.4 -182.9
20211110153312  -670.5 -89.5 -183.1
20211110153313  -670.7 -89.5 -183.1
20211110153314  -670.6 -89.5 -183.1
20211110153315  -670.7 -89.7 -183.0
20211110153316  -670.7 -89.5 -182.7
20211110153317  -670.7 -89.3 -182.8
20211110153318  -670.9 -89.5 -182.9
20211110153319  -670.9 -89.6 -182.9
20211110153320  -670.7 -89.4 -182.7
20211110153321  -670.0 -89.5 -182.4
20211110153322  -670.6 -89.4 -182.3
20211110153323  -670.7 -89.3 -182.5
20211110153324  -670.8 -89.4 -182.7
20211110153325  -671.2 -89.4 -182.5
20211110153326  -671.0 -89.5 -182.7
20211110153327  -671.1 -89.4 -182.8
20211110153328  -671.0 -89.2 -182.8
20211110153329  -670.8 -89.5 -182.7
20211110153330  -670.8 -89.5 -182.7
20211110153331  -670.9 -89.1 -182.8
20211110153332  -671.0 -89.3 -182.6
20211110153333  -670.9 -89.4 -182.8
20211110153334  -670.9 -89.7 -182.6
20211110153335  -671.0 -89.7 -182.5
20211110153336  -671.2 -89.5 -182.8
20211110153337  -671.0 -89.6 -182.8
20211110153338  -671.0 -89.8 -183.0
20211110153339  -671.0 -89.7 -183.1
20211110153340  -671.2 -89.5 -182.6
20211110153341  -670.8 -89.5 -182.8
20211110153342  -670.8 -89.3 -182.9
20211110153343  -670.8 -89.4 -183.0
20211110153344  -670.9 -89.1 -183.1
20211110153345  -670.8 -89.2 -183.2
20211110153346  -670.8 -89.3 -183.0
20211110153347  -671.0 -89.4 -183.2
20211110153348  -670.8 -89.6 -183.1
20211110153349  -670.8 -89.9 -183.1
20211110153350  -670.8 -89.9 -183.1
20211110153351  -669.9 -89.8 -182.5
20211110153352  -670.5 -90.0 -182.8
20211110153353  -670.7 -89.9 -182.9
20211110153354  -670.8 -89.9 -183.0
20211110153355  -670.6 -89.8 -183.1
20211110153356  -670.9 -89.7 -183.1
20211110153357  -670.6 -89.5 -183.3
20211110153358  -670.7 -89.7 -183.0
20211110153359  -670.5 -89.9 -183.1
20211110153400  -670.7 -89.5 -183.2
20211110153401  -670.4 -89.8 -183.0
20211110153402  -670.6 -90.0 -183.2
20211110153403  -670.5 -89.7 -183.2
20211110153404  -670.5 -89.4 -183.1
20211110153405  -670.5 -89.4 -183.0
20211110153406  -670.7 -89.5 -183.2
20211110153407  -670.6 -89.2 -183.1
20211110153408  -670.8 -89.5 -183.3
20211110153409  -670.6 -89.7 -183.3
20211110153410  -670.4 -89.4 -183.2
20211110153411  -670.3 -89.5 -183.2
20211110153412  -670.1 -89.5 -183.2
20211110153413  -670.2 -89.6 -183.3
20211110153414  -670.2 -89.6 -183.4
20211110153415  -670.1 -89.7 -183.4
20211110153416  -670.3 -89.5 -183.3
20211110153417  -670.4 -89.6 -183.4
20211110153418  -670.3 -89.8 -183.6
20211110153419  -670.2 -89.8 -183.4
20211110153420  -670.3 -89.7 -183.4
20211110153421  -670.1 -89.2 -183.1
20211110153422  -669.9 -89.2 -183.1
20211110153423  -670.3 -89.4 -183.3
20211110153424  -670.3 -89.4 -183.4
20211110153425  -670.5 -89.6 -183.5
20211110153426  -670.4 -89.5 -183.5
20211110153427  -670.3 -89.4 -183.5
20211110153428  -670.4 -89.5 -183.8
20211110153429  -670.5 -89.5 -183.7
20211110153430  -670.3 -89.5 -183.4
20211110153431  -670.6 -89.7 -183.4
20211110153432  -670.7 -89.7 -183.3
20211110153433  -670.5 -89.6 -183.7
20211110153434  -670.9 -89.7 -183.5
20211110153435  -671.0 -89.5 -183.6
20211110153436  -671.0 -89.5 -183.6
20211110153437  -671.1 -89.5 -183.5
20211110153438  -671.0 -89.6 -183.9
20211110153439  -671.0 -89.7 -183.7
20211110153440  -670.8 -89.8 -183.7
20211110153441  -671.0 -89.7 -183.7
20211110153442  -671.2 -89.6 -183.5
20211110153443  -671.3 -89.6 -183.6
20211110153444  -671.3 -89.6 -183.6
20211110153445  -671.5 -89.7 -183.4
20211110153446  -671.1 -89.7 -183.3
20211110153447  -671.4 -89.7 -183.5
20211110153448  -671.4 -89.8 -183.4
20211110153449  -671.4 -89.8 -183.2
20211110153450  -671.5 -90.1 -183.2
20211110153451  -671.0 -90.0 -182.9
20211110153452  -671.0 -89.9 -182.6
20211110153453  -671.4 -89.8 -183.2
20211110153454  -671.5 -89.7 -182.9
20211110153455  -671.3 -89.7 -183.3
20211110153456  -671.3 -89.7 -183.2
20211110153457  -671.2 -89.6 -183.2
20211110153458  -671.4 -89.9 -183.5
20211110153459  -671.3 -90.2 -183.6
20211110153500  -671.3 -90.0 -183.2
20211110153501  -671.3 -90.0 -183.3
20211110153502  -671.3 -89.9 -183.3
20211110153503  -671.3 -89.8 -183.2
20211110153504  -671.4 -89.9 -183.1
20211110153505  -671.0 -89.7 -183.0
20211110153506  -671.0 -89.7 -183.2
20211110153507  -671.3 -89.9 -183.2
20211110153508  -671.1 -90.1 -183.3
20211110153509  -671.2 -90.0 -183.2
20211110153510  -671.1 -90.1 -183.4
20211110153511  -671.3 -90.0 -183.3
20211110153512  -671.5 -90.2 -183.2
20211110153513  -671.6 -90.1 -183.0
20211110153514  -671.7 -90.1 -183.1
20211110153515  -671.6 -89.9 -183.2
20211110153516  -671.6 -90.1 -183.0
20211110153517  -671.5 -90.5 -183.4
20211110153518  -671.8 -90.4 -183.3
20211110153519  -671.8 -90.3 -183.3
20211110153520  -671.7 -90.2 -183.5
20211110153521  -670.9 -90.2 -183.0
20211110153522  -670.8 -90.2 -182.9
20211110153523  -671.5 -90.5 -183.6
20211110153524  -671.6 -90.0 -183.6
20211110153525  -671.4 -90.3 -183.5
20211110153526  -671.5 -90.1 -183.2
20211110153527  -671.4 -90.2 -183.2
20211110153528  -671.6 -90.2 -183.1
20211110153529  -671.7 -90.0 -183.3
20211110153530  -671.2 -90.1 -183.0
20211110153531  -671.3 -89.8 -183.2
20211110153532  -671.5 -90.1 -183.1
20211110153533  -671.5 -90.4 -183.2
20211110153534  -671.3 -90.4 -183.5
20211110153535  -671.2 -90.2 -183.4
20211110153536  -671.5 -90.3 -183.3
20211110153537  -671.4 -90.7 -183.6
20211110153538  -671.5 -90.6 -183.5
20211110153539  -671.9 -90.3 -183.3
20211110153540  -671.6 -90.4 -183.4
20211110153541  -671.5 -90.8 -183.4
20211110153542  -671.6 -90.7 -183.4
20211110153543  -671.5 -90.6 -183.5
20211110153544  -671.2 -90.6 -183.5
20211110153545  -671.2 -90.8 -183.8
20211110153546  -671.5 -90.3 -183.7
20211110153547  -671.4 -90.3 -183.5
20211110153548  -671.5 -90.1 -183.4
20211110153549  -671.6 -90.1 -183.6
20211110153550  -671.4 -90.1 -183.6
20211110153551  -670.5 -90.4 -183.3
20211110153552  -670.2 -90.3 -182.8
20211110153553  -671.1 -90.2 -183.5
20211110153554  -671.5 -90.4 -183.3
20211110153555  -671.4 -90.2 -183.5
20211110153556  -671.5 -90.5 -183.5
20211110153557  -671.4 -90.2 -183.4
20211110153558  -671.2 -90.1 -183.4
20211110153559  -671.7 -90.5 -183.7
20211110153600  -671.6 -90.4 -183.9
20211110153601  -671.8 -90.1 -183.6
20211110153602  -671.7 -90.1 -183.8
20211110153603  -671.5 -90.2 -183.6
20211110153604  -671.7 -90.3 -183.8
20211110153605  -671.7 -90.3 -184.0
20211110153606  -671.6 -90.4 -184.1
20211110153607  -671.5 -90.6 -183.9
20211110153608  -671.7 -90.3 -183.9
20211110153609  -671.3 -90.6 -184.0
20211110153610  -671.3 -90.3 -183.7
20211110153611  -671.1 -90.4 -183.8
20211110153612  -671.2 -90.3 -183.9
20211110153613  -671.2 -90.3 -183.8
20211110153614  -670.9 -90.1 -183.6
20211110153615  -670.8 -90.4 -183.5
