20211117210023  -671.6 -77.5 -194.2
20211117210024  -671.6 -77.4 -194.5
20211117210025  -672.0 -77.4 -194.7
20211117210026  -671.8 -77.1 -194.7
20211117210027  -672.1 -77.4 -194.6
20211117210028  -671.8 -77.7 -194.5
20211117210029  -672.1 -77.7 -194.5
20211117210030  -672.1 -77.5 -194.3
20211117210031  -671.8 -77.5 -194.4
20211117210032  -672.0 -77.6 -194.5
20211117210033  -671.9 -77.7 -194.6
20211117210034  -672.1 -77.6 -194.4
20211117210035  -671.8 -77.6 -194.5
20211117210036  -671.8 -77.3 -194.4
20211117210037  -672.0 -77.3 -194.4
20211117210038  -671.4 -77.4 -194.5
20211117210039  -671.3 -77.9 -194.7
20211117210040  -671.5 -77.8 -194.7
20211117210041  -671.9 -77.7 -194.7
20211117210042  -671.7 -77.7 -194.8
20211117210043  -671.7 -77.8 -194.8
20211117210044  -671.8 -77.4 -194.7
20211117210045  -671.9 -77.3 -194.8
20211117210046  -671.7 -77.8 -194.7
20211117210047  -671.6 -77.9 -194.8
20211117210048  -671.9 -77.4 -195.0
20211117210049  -671.8 -77.5 -194.9
20211117210050  -671.8 -77.6 -194.8
20211117210051  -671.9 -77.4 -194.6
20211117210052  -671.7 -77.8 -194.6
20211117210053  -672.1 -77.7 -194.8
20211117210054  -671.6 -77.7 -194.5
20211117210055  -671.7 -77.6 -194.6
20211117210056  -671.9 -77.4 -194.4
20211117210057  -671.8 -77.4 -194.5
20211117210058  -672.0 -77.5 -194.7
20211117210059  -671.9 -77.8 -194.5
20211117210100  -671.9 -77.7 -194.7
20211117210101  -671.8 -78.0 -194.7
20211117210102  -671.6 -77.8 -194.6
20211117210103  -671.7 -78.0 -194.6
20211117210104  -671.6 -78.0 -194.9
20211117210105  -671.7 -77.8 -194.9
20211117210106  -671.3 -77.8 -194.9
20211117210107  -671.3 -77.7 -194.8
20211117210108  -671.3 -77.8 -194.8
20211117210109  -671.2 -77.7 -194.5
20211117210110  -671.4 -77.4 -194.6
20211117210111  -671.4 -77.6 -194.9
20211117210112  -671.2 -77.6 -194.6
20211117210113  -671.2 -77.6 -194.6
20211117210114  -671.4 -77.5 -194.6
20211117210115  -671.3 -77.7 -194.4
20211117210116  -671.2 -77.8 -194.5
20211117210117  -671.2 -77.7 -194.4
20211117210118  -671.4 -77.7 -194.8
20211117210119  -671.4 -77.7 -194.9
20211117210120  -671.5 -77.5 -194.9
20211117210121  -671.3 -77.5 -195.1
20211117210122  -671.3 -77.7 -195.0
20211117210123  -671.5 -77.5 -195.0
20211117210124  -671.3 -77.7 -194.6
20211117210125  -671.3 -77.4 -194.6
20211117210126  -671.3 -77.6 -194.6
20211117210127  -671.2 -77.6 -194.6
20211117210128  -671.4 -77.3 -194.6
20211117210129  -671.2 -77.6 -194.6
20211117210130  -671.4 -77.7 -194.8
20211117210131  -671.3 -77.6 -194.5
20211117210132  -671.4 -77.8 -194.6
20211117210133  -671.2 -77.7 -194.6
20211117210134  -671.3 -77.6 -194.6
20211117210135  -671.3 -78.0 -194.2
20211117210136  -671.4 -78.0 -194.4
20211117210137  -671.5 -77.9 -194.5
20211117210138  -671.4 -77.7 -194.6
20211117210139  -671.0 -78.1 -194.5
20211117210140  -671.0 -77.8 -194.5
20211117210141  -671.1 -78.0 -194.5
20211117210142  -670.9 -78.0 -194.8
20211117210143  -671.1 -78.2 -194.9
20211117210144  -671.3 -78.1 -194.8
20211117210145  -671.3 -78.1 -194.8
20211117210146  -671.3 -78.1 -194.6
20211117210147  -671.3 -78.2 -194.6
20211117210148  -671.3 -78.0 -194.7
20211117210149  -671.1 -77.9 -194.7
20211117210150  -671.4 -77.7 -194.6
20211117210151  -670.8 -77.8 -194.5
20211117210152  -671.1 -78.1 -194.6
20211117210153  -671.2 -77.8 -194.4
20211117210154  -671.1 -77.8 -194.3
20211117210155  -671.2 -77.9 -194.3
20211117210156  -671.0 -77.9 -194.5
20211117210157  -671.1 -77.8 -194.5
20211117210158  -671.0 -77.8 -194.7
20211117210159  -671.2 -77.7 -194.5
20211117210200  -671.1 -77.8 -194.4
20211117210201  -670.9 -78.0 -194.3
20211117210202  -671.1 -78.0 -194.3
20211117210203  -671.0 -77.8 -194.5
20211117210204  -670.8 -77.9 -194.7
20211117210205  -671.0 -77.8 -194.4
20211117210206  -671.0 -77.8 -194.4
20211117210207  -671.1 -77.8 -194.7
20211117210208  -671.2 -77.9 -194.9
20211117210209  -671.3 -78.3 -194.5
20211117210210  -671.0 -77.9 -194.5
20211117210211  -671.4 -77.7 -194.8
20211117210212  -671.7 -78.1 -194.8
20211117210213  -671.5 -77.9 -194.7
20211117210214  -671.8 -78.2 -194.7
20211117210215  -672.2 -78.4 -194.6
20211117210216  -672.2 -78.2 -194.8
20211117210217  -672.1 -78.1 -194.7
20211117210218  -672.1 -78.1 -194.5
20211117210219  -672.1 -77.9 -194.7
20211117210220  -672.1 -78.1 -194.7
20211117210221  -672.5 -77.9 -194.6
20211117210222  -672.4 -78.2 -194.6
20211117210223  -672.4 -78.1 -194.7
20211117210224  -672.2 -78.3 -194.5
20211117210225  -672.3 -78.2 -194.5
20211117210226  -672.3 -78.2 -194.7
20211117210227  -672.4 -78.3 -194.9
20211117210228  -672.4 -78.3 -194.5
20211117210229  -672.5 -78.4 -194.4
20211117210230  -672.5 -78.7 -194.8
20211117210231  -672.6 -78.4 -195.1
20211117210232  -672.3 -78.5 -195.0
20211117210233  -672.3 -78.6 -194.7
20211117210234  -672.3 -78.2 -194.9
20211117210235  -672.2 -78.2 -194.8
20211117210236  -672.2 -78.4 -194.7
20211117210237  -672.4 -78.3 -194.9
20211117210238  -672.5 -78.4 -194.9
20211117210239  -672.4 -78.6 -194.8
20211117210240  -671.7 -78.3 -193.9
20211117210241  -672.1 -78.7 -194.4
20211117210242  -672.1 -78.4 -194.7
20211117210243  -672.3 -78.6 -194.5
20211117210244  -672.4 -78.4 -194.8
20211117210245  -672.3 -78.7 -194.3
20211117210246  -672.3 -78.6 -194.2
20211117210247  -672.1 -78.8 -194.4
20211117210248  -672.3 -78.7 -194.5
20211117210249  -672.3 -78.6 -194.3
20211117210250  -672.1 -78.6 -194.4
20211117210251  -672.1 -78.8 -194.5
20211117210252  -672.2 -78.7 -194.6
20211117210253  -671.9 -78.8 -194.2
20211117210254  -672.0 -78.7 -194.3
20211117210255  -672.2 -78.7 -194.5
20211117210256  -672.1 -79.1 -194.7
20211117210257  -672.5 -78.9 -194.9
20211117210258  -672.1 -78.6 -195.1
20211117210259  -672.2 -79.0 -194.9
20211117210300  -672.6 -79.1 -194.8
20211117210301  -672.4 -79.2 -195.1
20211117210302  -672.6 -79.1 -195.1
20211117210303  -672.8 -79.1 -194.9
20211117210304  -672.8 -79.3 -194.9
20211117210305  -673.2 -79.1 -194.9
20211117210306  -673.1 -79.3 -195.1
20211117210307  -673.0 -79.2 -194.9
20211117210308  -673.2 -79.5 -194.9
20211117210309  -673.2 -79.1 -195.4
20211117210310  -672.3 -78.7 -194.8
20211117210311  -673.2 -78.8 -194.9
20211117210312  -673.0 -79.0 -194.8
20211117210313  -673.2 -78.6 -194.7
20211117210314  -673.1 -78.7 -194.5
20211117210315  -673.3 -78.4 -194.7
20211117210316  -673.2 -78.7 -194.6
20211117210317  -673.0 -78.7 -194.9
20211117210318  -673.1 -78.8 -194.8
20211117210319  -673.1 -79.1 -194.6
20211117210320  -672.8 -78.6 -194.7
20211117210321  -673.4 -78.5 -194.5
20211117210322  -673.1 -78.9 -194.6
20211117210323  -673.2 -78.8 -194.3
20211117210324  -673.2 -78.9 -194.6
20211117210325  -673.2 -79.0 -194.6
20211117210326  -673.1 -78.8 -194.3
20211117210327  -673.3 -79.2 -194.5
20211117210328  -673.1 -79.3 -194.3
20211117210329  -673.1 -79.2 -194.3
20211117210330  -672.9 -79.3 -194.5
20211117210331  -673.0 -79.3 -194.7
20211117210332  -673.2 -79.4 -194.7
20211117210333  -673.3 -79.3 -194.6
20211117210334  -673.4 -79.6 -194.8
20211117210335  -673.3 -79.3 -194.9
20211117210336  -673.0 -79.1 -194.8
20211117210337  -673.1 -79.1 -194.8
20211117210338  -673.2 -79.2 -194.8
20211117210339  -672.9 -79.1 -194.8
20211117210340  -672.5 -79.1 -194.5
20211117210341  -673.0 -79.1 -194.5
20211117210342  -673.1 -79.1 -194.4
20211117210343  -673.0 -79.1 -194.4
20211117210344  -673.0 -78.9 -194.4
20211117210345  -672.7 -79.0 -194.5
20211117210346  -672.7 -78.9 -194.5
20211117210347  -672.7 -79.0 -194.7
20211117210348  -673.0 -79.1 -194.7
20211117210349  -672.9 -79.3 -194.7
20211117210350  -672.6 -79.2 -195.0
20211117210351  -672.5 -79.4 -194.8
20211117210352  -672.7 -79.1 -194.9
20211117210353  -672.8 -79.0 -194.9
20211117210354  -673.3 -79.0 -195.0
20211117210355  -673.2 -79.1 -194.7
20211117210356  -673.3 -79.0 -194.9
20211117210357  -673.5 -79.1 -194.5
20211117210358  -673.9 -79.0 -194.9
20211117210359  -673.9 -79.1 -194.9
20211117210400  -674.1 -79.1 -194.5
20211117210401  -674.2 -79.0 -194.7
20211117210402  -674.1 -79.1 -194.5
20211117210403  -674.2 -79.1 -194.5
20211117210404  -674.5 -79.3 -194.7
20211117210405  -674.3 -79.1 -194.6
20211117210406  -674.5 -79.3 -194.9
20211117210407  -674.5 -79.1 -194.9
20211117210408  -674.8 -79.1 -194.7
20211117210409  -674.8 -79.0 -194.6
20211117210410  -674.4 -79.2 -194.6
20211117210411  -675.0 -78.8 -194.5
20211117210412  -675.0 -79.2 -194.7
20211117210413  -674.8 -79.1 -194.7
20211117210414  -674.7 -79.2 -194.5
20211117210415  -675.2 -78.8 -194.4
20211117210416  -674.9 -78.9 -194.5
20211117210417  -674.9 -79.1 -194.3
20211117210418  -674.9 -79.1 -194.6
20211117210419  -675.0 -78.8 -194.6
20211117210420  -674.9 -78.9 -194.9
20211117210421  -674.6 -79.0 -194.7
20211117210422  -674.6 -79.0 -194.7
20211117210423  -674.4 -79.1 -194.9
20211117210424  -674.5 -78.8 -194.8
20211117210425  -674.7 -79.0 -194.8
20211117210426  -674.6 -79.3 -194.8
20211117210427  -674.4 -79.2 -194.9
20211117210428  -674.3 -79.0 -195.0
20211117210429  -674.4 -79.0 -194.8
20211117210430  -674.4 -79.0 -194.8
20211117210431  -674.3 -79.1 -195.1
20211117210432  -674.6 -79.2 -195.3
20211117210433  -674.6 -79.1 -194.9
20211117210434  -674.7 -79.0 -195.2
20211117210435  -674.9 -79.0 -195.3
20211117210436  -674.9 -78.8 -195.3
20211117210437  -675.0 -79.2 -195.2
20211117210438  -675.6 -78.9 -195.1
20211117210439  -675.6 -79.3 -194.9
20211117210440  -675.3 -79.2 -194.9
20211117210441  -675.6 -79.4 -194.5
20211117210442  -676.0 -79.5 -195.2
20211117210443  -676.0 -79.1 -195.2
20211117210444  -676.0 -79.3 -195.4
20211117210445  -676.0 -79.1 -195.1
20211117210446  -675.8 -79.1 -194.8
20211117210447  -676.1 -79.2 -195.0
20211117210448  -676.2 -79.1 -195.2
20211117210449  -676.2 -79.1 -194.8
20211117210450  -676.0 -79.2 -195.1
20211117210451  -675.9 -79.3 -195.0
20211117210452  -675.8 -79.5 -195.1
20211117210453  -676.0 -79.6 -195.1
20211117210454  -675.9 -79.3 -195.3
20211117210455  -675.9 -79.7 -195.4
20211117210456  -675.6 -79.6 -195.6
20211117210457  -675.6 -79.6 -195.4
20211117210458  -676.0 -79.2 -195.3
20211117210459  -676.0 -79.4 -195.2
20211117210500  -675.8 -79.3 -195.2
20211117210501  -675.5 -79.1 -195.1
20211117210502  -675.7 -79.3 -195.0
20211117210503  -675.6 -79.3 -195.1
20211117210504  -675.6 -79.2 -195.2
20211117210505  -675.4 -79.6 -195.0
20211117210506  -675.4 -79.4 -194.8
20211117210507  -675.5 -79.4 -194.9
20211117210508  -675.2 -79.4 -195.0
20211117210509  -675.4 -79.5 -195.2
20211117210510  -675.2 -79.4 -195.1
20211117210511  -674.7 -79.3 -194.6
20211117210512  -675.1 -79.4 -194.8
20211117210513  -675.1 -79.5 -195.0
20211117210514  -675.0 -79.9 -195.0
20211117210515  -674.8 -79.7 -194.7
20211117210516  -674.7 -79.7 -194.9
20211117210517  -674.6 -79.6 -194.6
20211117210518  -674.4 -79.5 -194.7
20211117210519  -674.1 -79.6 -194.9
20211117210520  -674.4 -79.5 -194.6
20211117210521  -674.2 -79.3 -194.5
20211117210522  -674.0 -79.8 -194.7
20211117210523  -674.2 -79.8 -194.7
20211117210524  -674.2 -79.8 -194.8
20211117210525  -674.3 -80.0 -195.1
20211117210526  -674.3 -80.1 -194.7
20211117210527  -674.4 -80.0 -194.6
20211117210528  -674.3 -79.9 -194.7
20211117210529  -674.5 -79.6 -194.7
20211117210530  -674.4 -79.8 -194.9
20211117210531  -674.6 -79.9 -194.9
20211117210532  -674.6 -79.6 -194.9
20211117210533  -675.0 -79.7 -195.0
20211117210534  -674.9 -79.4 -195.2
20211117210535  -674.8 -79.7 -195.6
20211117210536  -675.0 -80.2 -195.5
20211117210537  -675.3 -79.7 -195.2
20211117210538  -675.3 -79.8 -195.3
20211117210539  -675.7 -79.6 -195.1
20211117210540  -675.8 -79.7 -195.5
20211117210541  -675.7 -79.5 -195.5
20211117210542  -676.3 -79.5 -195.4
20211117210543  -676.2 -79.8 -195.3
20211117210544  -676.5 -79.8 -195.6
20211117210545  -676.7 -79.9 -195.6
20211117210546  -676.7 -79.8 -195.3
20211117210547  -676.7 -80.2 -195.4
20211117210548  -676.8 -79.9 -195.4
20211117210549  -676.8 -80.1 -195.3
20211117210550  -676.9 -79.8 -195.3
20211117210551  -677.2 -79.7 -195.3
20211117210552  -677.1 -79.8 -195.2
20211117210553  -677.5 -80.0 -195.2
20211117210554  -677.1 -79.6 -195.1
20211117210555  -677.4 -79.9 -195.2
20211117210556  -677.3 -79.7 -195.0
20211117210557  -677.1 -79.9 -194.8
20211117210558  -677.0 -79.9 -194.6
20211117210559  -677.0 -80.0 -194.7
20211117210600  -677.0 -79.8 -194.5
20211117210601  -676.6 -79.9 -194.7
20211117210602  -676.8 -79.6 -194.6
20211117210603  -677.1 -79.8 -194.4
20211117210604  -677.0 -80.0 -194.5
20211117210605  -676.7 -79.8 -194.6
20211117210606  -676.4 -79.7 -194.7
20211117210607  -676.1 -79.8 -194.7
20211117210608  -676.3 -79.9 -194.8
20211117210609  -676.5 -80.2 -194.8
20211117210610  -676.4 -80.2 -194.5
20211117210611  -676.1 -80.1 -194.6
20211117210612  -676.6 -80.2 -194.9
20211117210613  -676.4 -80.1 -195.1
20211117210614  -676.6 -79.7 -195.0
20211117210615  -676.6 -80.1 -194.8
20211117210616  -676.8 -80.1 -194.9
20211117210617  -677.1 -79.8 -195.0
20211117210618  -677.2 -79.9 -195.1
20211117210619  -677.4 -80.0 -195.2
20211117210620  -677.7 -80.0 -195.1
20211117210621  -677.8 -80.6 -195.0
20211117210622  -677.6 -80.3 -194.9
20211117210623  -677.7 -80.3 -195.1
20211117210624  -678.1 -80.1 -194.7
20211117210625  -678.2 -80.2 -194.8
20211117210626  -678.0 -80.1 -194.8
20211117210627  -677.9 -80.2 -194.9
20211117210628  -678.1 -80.4 -195.0
20211117210629  -678.3 -80.4 -194.9
20211117210630  -678.5 -80.5 -194.9
20211117210631  -678.5 -80.3 -195.0
20211117210632  -678.3 -80.5 -195.1
20211117210633  -678.4 -80.8 -194.9
20211117210634  -678.3 -80.7 -195.1
20211117210635  -678.4 -80.4 -194.9
20211117210636  -678.5 -80.4 -195.0
20211117210637  -678.2 -80.5 -195.4
20211117210638  -678.3 -80.2 -195.3
20211117210639  -678.3 -80.2 -195.3
20211117210640  -678.7 -80.1 -195.3
20211117210641  -678.3 -80.4 -195.0
20211117210642  -678.2 -80.4 -194.7
20211117210643  -678.2 -80.4 -195.0
20211117210644  -678.1 -80.4 -194.8
20211117210645  -678.0 -80.9 -195.0
20211117210646  -677.9 -80.9 -194.7
20211117210647  -677.8 -80.8 -194.7
20211117210648  -677.9 -80.6 -194.7
20211117210649  -678.0 -80.8 -194.6
20211117210650  -678.0 -80.8 -194.7
20211117210651  -678.0 -80.9 -195.0
20211117210652  -677.8 -80.9 -195.1
20211117210653  -677.8 -80.8 -195.0
20211117210654  -677.8 -81.0 -195.2
20211117210655  -677.8 -81.1 -195.3
20211117210656  -677.9 -81.3 -195.4
20211117210657  -677.8 -81.2 -195.0
20211117210658  -678.0 -81.3 -195.1
20211117210659  -677.8 -81.2 -195.3
20211117210700  -677.8 -81.3 -195.3
20211117210701  -677.7 -81.0 -195.4
20211117210702  -677.9 -81.0 -195.3
20211117210703  -677.7 -80.9 -195.5
20211117210704  -677.9 -80.8 -195.4
20211117210705  -678.0 -80.7 -195.1
20211117210706  -678.4 -80.7 -195.1
20211117210707  -678.5 -80.9 -195.1
20211117210708  -678.5 -80.9 -195.1
20211117210709  -678.1 -80.8 -194.8
20211117210710  -678.0 -80.8 -194.6
20211117210711  -677.8 -80.6 -194.8
20211117210712  -677.4 -80.2 -194.2
20211117210713  -677.6 -80.5 -194.4
20211117210714  -677.8 -80.5 -194.4
20211117210715  -677.8 -80.4 -194.5
20211117210716  -677.7 -80.5 -194.5
20211117210717  -677.8 -80.7 -194.6
20211117210718  -677.7 -80.5 -194.7
20211117210719  -677.8 -80.4 -195.0
20211117210720  -677.8 -80.7 -194.6
20211117210721  -677.5 -80.5 -194.6
20211117210722  -677.9 -80.4 -194.6
20211117210723  -678.3 -80.3 -194.7
20211117210724  -678.1 -80.2 -194.8
20211117210725  -678.2 -80.6 -194.8
20211117210726  -678.4 -80.4 -194.8
20211117210727  -678.6 -80.5 -194.7
20211117210728  -678.7 -80.6 -194.9
20211117210729  -678.6 -80.4 -194.8
20211117210730  -678.7 -80.8 -194.7
20211117210731  -678.9 -80.9 -195.1
20211117210732  -678.9 -80.9 -195.1
20211117210733  -679.1 -80.8 -195.2
20211117210734  -679.3 -81.1 -195.4
20211117210735  -679.4 -80.8 -195.2
20211117210736  -679.1 -80.8 -195.1
20211117210737  -679.4 -80.6 -195.2
20211117210738  -679.3 -80.7 -195.2
20211117210739  -679.2 -80.9 -195.3
20211117210740  -679.2 -80.7 -195.2
20211117210741  -679.0 -80.8 -195.0
20211117210742  -678.5 -81.0 -194.6
20211117210743  -679.2 -80.7 -195.1
20211117210744  -679.2 -81.0 -195.2
20211117210745  -679.2 -80.6 -195.2
20211117210746  -679.6 -80.8 -195.2
20211117210747  -679.6 -81.0 -195.1
20211117210748  -679.7 -81.0 -195.0
20211117210749  -679.6 -80.9 -195.1
20211117210750  -679.6 -80.6 -195.1
20211117210751  -679.3 -80.6 -194.8
20211117210752  -679.2 -80.9 -195.1
20211117210753  -679.5 -80.9 -194.8
20211117210754  -679.3 -80.9 -194.8
20211117210755  -679.3 -81.0 -194.8
20211117210756  -679.4 -80.6 -195.1
20211117210757  -679.4 -80.6 -195.0
20211117210758  -679.3 -81.2 -195.1
20211117210759  -679.4 -81.0 -194.8
20211117210800  -679.5 -81.1 -195.1
20211117210801  -679.4 -81.0 -195.3
20211117210802  -679.5 -80.9 -195.4
20211117210803  -679.5 -80.8 -195.1
20211117210804  -679.3 -81.1 -195.4
20211117210805  -679.5 -81.0 -195.2
20211117210806  -679.8 -80.7 -195.4
20211117210807  -679.7 -80.8 -195.1
20211117210808  -679.8 -81.0 -194.9
20211117210809  -679.5 -80.6 -195.0
20211117210810  -679.7 -80.6 -195.0
20211117210811  -679.7 -80.8 -194.8
20211117210812  -678.8 -80.7 -194.2
