20211123225025  -684.9 -63.3 -224.7
20211123225026  -685.0 -63.2 -224.8
20211123225027  -684.9 -63.3 -224.9
20211123225028  -685.1 -63.2 -224.8
20211123225029  -685.2 -63.3 -224.8
20211123225030  -685.0 -63.2 -224.7
20211123225031  -685.1 -63.1 -224.7
20211123225032  -684.8 -63.4 -224.5
20211123225033  -685.1 -63.1 -224.4
20211123225034  -685.3 -63.2 -224.7
20211123225035  -685.3 -63.5 -224.8
20211123225036  -685.2 -63.6 -224.9
20211123225037  -685.4 -63.4 -224.8
20211123225038  -685.0 -63.3 -224.7
20211123225039  -684.8 -63.6 -224.8
20211123225040  -684.7 -63.4 -224.4
20211123225041  -684.6 -63.2 -224.2
20211123225042  -684.0 -63.2 -223.9
20211123225043  -684.1 -63.1 -224.0
20211123225044  -684.9 -62.9 -224.3
20211123225045  -684.9 -63.0 -224.4
20211123225046  -685.0 -63.2 -224.7
20211123225047  -685.2 -63.3 -224.6
20211123225048  -685.5 -63.4 -224.9
20211123225049  -685.4 -63.2 -224.9
20211123225050  -685.8 -63.1 -224.9
20211123225051  -685.9 -63.2 -224.8
20211123225052  -685.7 -63.0 -224.8
20211123225053  -685.8 -63.0 -224.7
20211123225054  -685.7 -63.1 -224.6
20211123225055  -685.8 -62.9 -224.4
20211123225056  -685.8 -63.0 -224.6
20211123225057  -686.2 -63.0 -224.4
20211123225058  -685.9 -63.1 -224.4
20211123225059  -686.1 -62.9 -224.5
20211123225100  -686.1 -63.0 -224.4
20211123225101  -686.0 -63.0 -224.4
20211123225102  -686.0 -62.9 -224.3
20211123225103  -685.8 -62.9 -224.4
20211123225104  -686.1 -62.8 -224.6
20211123225105  -685.8 -63.0 -224.6
20211123225106  -685.1 -62.9 -224.1
20211123225107  -685.3 -62.9 -223.8
20211123225108  -685.1 -62.6 -223.9
20211123225109  -684.9 -62.6 -223.5
20211123225110  -685.5 -62.9 -223.8
20211123225111  -685.5 -62.9 -223.9
20211123225112  -685.4 -63.0 -223.7
20211123225113  -685.5 -63.3 -224.0
20211123225114  -685.7 -63.1 -224.1
20211123225115  -685.7 -63.1 -224.5
20211123225116  -685.8 -63.3 -224.4
20211123225117  -685.9 -62.9 -224.4
20211123225118  -685.8 -62.9 -224.2
20211123225119  -686.1 -63.0 -224.2
20211123225120  -685.9 -62.7 -224.6
20211123225121  -686.1 -62.9 -224.3
20211123225122  -686.1 -62.7 -224.4
20211123225123  -686.4 -62.6 -224.5
20211123225124  -686.2 -62.8 -224.2
20211123225125  -686.5 -62.9 -224.1
20211123225126  -686.7 -62.9 -224.3
20211123225127  -686.7 -63.0 -224.2
20211123225128  -686.7 -63.1 -224.5
20211123225129  -686.7 -63.1 -224.6
20211123225130  -686.8 -63.0 -224.7
20211123225131  -686.6 -63.3 -224.6
20211123225132  -686.1 -62.4 -223.8
20211123225133  -685.9 -62.4 -223.3
20211123225134  -685.8 -62.3 -223.1
20211123225135  -685.7 -62.1 -222.7
20211123225136  -686.6 -61.8 -223.2
20211123225137  -686.9 -62.2 -223.3
20211123225138  -687.0 -62.4 -223.4
20211123225139  -687.0 -62.1 -223.3
20211123225140  -686.9 -62.0 -223.3
20211123225141  -687.2 -62.4 -223.4
20211123225142  -687.2 -62.2 -223.2
20211123225143  -687.2 -62.0 -223.2
20211123225144  -687.3 -62.1 -223.3
20211123225145  -687.2 -62.1 -223.4
20211123225146  -687.3 -62.1 -223.2
20211123225147  -687.1 -62.2 -223.2
20211123225148  -687.2 -61.9 -223.1
20211123225149  -687.2 -62.2 -223.3
20211123225150  -687.3 -62.0 -223.1
20211123225151  -687.1 -62.1 -223.3
20211123225152  -687.2 -61.9 -223.2
20211123225153  -687.5 -62.1 -223.2
20211123225154  -687.2 -62.1 -223.0
20211123225155  -687.3 -62.3 -223.1
20211123225156  -687.4 -62.2 -223.3
20211123225157  -687.3 -62.4 -223.5
20211123225158  -686.7 -62.0 -223.0
20211123225159  -686.5 -61.6 -222.6
20211123225200  -686.1 -61.6 -222.5
20211123225201  -685.9 -61.6 -222.2
20211123225202  -686.9 -61.5 -222.4
20211123225203  -687.0 -61.7 -222.9
20211123225204  -687.0 -61.7 -222.8
20211123225205  -687.3 -61.8 -223.0
20211123225206  -687.2 -61.8 -222.6
20211123225207  -687.1 -61.6 -222.8
20211123225208  -687.5 -61.7 -223.0
20211123225209  -687.7 -61.6 -223.2
20211123225210  -687.5 -61.6 -223.1
20211123225211  -687.5 -61.5 -223.0
20211123225212  -687.6 -61.5 -223.2
20211123225213  -687.8 -61.7 -223.0
20211123225214  -687.9 -61.7 -222.9
20211123225215  -687.8 -61.8 -222.7
20211123225216  -688.1 -61.8 -222.9
20211123225217  -688.2 -62.1 -223.1
20211123225218  -687.8 -62.0 -222.9
20211123225219  -688.1 -61.9 -222.7
20211123225220  -688.1 -61.9 -222.9
20211123225221  -687.8 -61.8 -222.6
20211123225222  -688.0 -61.8 -222.9
20211123225223  -687.6 -62.0 -223.0
20211123225224  -687.4 -61.6 -222.1
20211123225225  -687.2 -61.7 -222.1
20211123225226  -687.0 -61.5 -221.9
20211123225227  -687.0 -61.2 -221.9
20211123225228  -687.6 -61.0 -221.9
20211123225229  -687.9 -61.2 -222.2
20211123225230  -688.0 -61.2 -222.5
20211123225231  -688.2 -61.1 -222.6
20211123225232  -688.4 -61.2 -222.5
20211123225233  -688.5 -61.0 -222.6
20211123225234  -688.5 -61.0 -222.8
20211123225235  -688.7 -61.0 -222.6
20211123225236  -688.7 -61.1 -222.7
20211123225237  -688.9 -61.3 -222.7
20211123225238  -688.7 -61.1 -222.7
20211123225239  -688.7 -61.4 -222.7
20211123225240  -688.7 -61.4 -222.4
20211123225241  -688.8 -61.3 -222.4
20211123225242  -688.8 -61.4 -222.3
20211123225243  -688.7 -61.3 -222.3
20211123225244  -688.6 -61.2 -222.1
20211123225245  -688.7 -61.0 -222.1
20211123225246  -688.9 -61.0 -222.0
20211123225247  -688.4 -61.1 -222.1
20211123225248  -688.5 -60.9 -221.9
20211123225249  -688.5 -61.2 -222.1
20211123225250  -688.0 -61.2 -221.6
20211123225251  -687.5 -61.3 -221.3
20211123225252  -687.2 -61.2 -221.2
20211123225253  -687.2 -61.2 -220.9
20211123225254  -687.6 -61.4 -221.0
20211123225255  -688.0 -61.7 -221.9
20211123225256  -688.2 -61.6 -221.9
20211123225257  -688.2 -61.5 -221.9
20211123225258  -688.5 -61.5 -221.9
20211123225259  -688.4 -61.6 -221.9
20211123225300  -688.6 -61.6 -221.9
20211123225301  -688.5 -61.4 -221.6
20211123225302  -688.6 -61.5 -221.9
20211123225303  -688.7 -61.5 -221.7
20211123225304  -688.9 -61.6 -221.8
20211123225305  -689.2 -61.6 -222.0
20211123225306  -688.5 -61.5 -222.3
20211123225307  -688.7 -61.2 -222.3
20211123225308  -688.7 -61.8 -222.1
20211123225309  -689.0 -61.8 -222.4
20211123225310  -688.9 -61.9 -222.4
20211123225311  -688.8 -62.1 -221.9
20211123225312  -689.1 -61.9 -222.2
20211123225313  -689.0 -61.9 -222.3
20211123225314  -688.8 -61.8 -221.9
20211123225315  -689.2 -62.2 -222.0
20211123225316  -688.6 -61.8 -221.7
20211123225317  -688.5 -61.6 -221.5
20211123225318  -688.1 -61.7 -221.3
20211123225319  -688.2 -61.6 -221.1
20211123225320  -687.8 -61.3 -220.8
20211123225321  -688.5 -61.6 -221.3
20211123225322  -688.7 -61.8 -221.7
20211123225323  -688.7 -62.2 -221.6
20211123225324  -689.1 -61.9 -221.8
20211123225325  -689.2 -61.8 -222.0
20211123225326  -689.1 -62.2 -221.8
20211123225327  -689.0 -62.1 -221.7
20211123225328  -689.4 -62.3 -221.7
20211123225329  -689.1 -62.5 -221.6
20211123225330  -689.1 -62.4 -221.8
20211123225331  -689.3 -62.4 -221.8
20211123225332  -689.2 -62.4 -221.7
20211123225333  -689.1 -61.9 -222.0
20211123225334  -689.1 -62.4 -222.2
20211123225335  -689.2 -62.5 -222.3
20211123225336  -689.2 -62.6 -221.9
20211123225337  -689.2 -62.2 -222.0
20211123225338  -688.9 -62.4 -222.1
20211123225339  -689.0 -62.4 -222.3
20211123225340  -688.9 -62.3 -222.1
20211123225341  -689.1 -62.3 -222.3
20211123225342  -688.8 -62.3 -221.8
20211123225343  -688.3 -61.8 -221.4
20211123225344  -688.0 -62.2 -221.4
20211123225345  -688.0 -62.0 -221.0
20211123225346  -687.9 -61.9 -220.8
20211123225347  -688.0 -61.7 -221.0
20211123225348  -688.6 -62.2 -221.6
20211123225349  -688.4 -62.1 -221.4
20211123225350  -688.5 -62.3 -221.7
20211123225351  -688.5 -62.2 -221.9
20211123225352  -688.7 -62.2 -221.6
20211123225353  -688.8 -62.2 -221.6
20211123225354  -689.0 -62.1 -221.4
20211123225355  -688.8 -62.3 -221.8
20211123225356  -689.2 -62.1 -221.9
20211123225357  -689.1 -62.2 -221.8
20211123225358  -689.1 -62.3 -221.8
20211123225359  -688.9 -62.6 -221.8
20211123225400  -688.8 -62.2 -221.8
20211123225401  -688.9 -62.1 -221.9
20211123225402  -688.8 -62.2 -221.6
20211123225403  -688.8 -62.4 -221.7
20211123225404  -688.5 -62.3 -221.7
20211123225405  -688.6 -62.1 -221.8
20211123225406  -688.7 -62.1 -221.8
20211123225407  -688.7 -62.0 -222.0
20211123225408  -687.9 -62.3 -221.8
20211123225409  -687.8 -62.6 -221.2
20211123225410  -687.4 -62.0 -220.9
20211123225411  -687.4 -62.0 -221.0
20211123225412  -687.4 -61.7 -220.7
20211123225413  -687.4 -62.0 -220.9
20211123225414  -688.3 -62.0 -221.5
20211123225415  -688.2 -61.8 -221.2
20211123225416  -688.2 -61.9 -221.1
20211123225417  -688.3 -62.1 -221.4
20211123225418  -688.5 -62.3 -221.4
20211123225419  -688.6 -62.2 -221.4
20211123225420  -688.3 -62.4 -221.1
20211123225421  -688.5 -62.3 -221.3
20211123225422  -688.4 -62.5 -221.2
20211123225423  -688.2 -62.5 -221.2
20211123225424  -688.0 -62.4 -221.1
20211123225425  -688.0 -62.7 -221.2
20211123225426  -688.1 -62.2 -221.1
20211123225427  -688.2 -62.2 -221.4
20211123225428  -688.0 -62.4 -221.4
20211123225429  -687.9 -62.6 -221.5
20211123225430  -687.9 -62.3 -221.5
20211123225431  -688.2 -62.1 -221.4
20211123225432  -688.0 -62.3 -221.5
20211123225433  -688.1 -62.6 -221.6
20211123225434  -687.7 -62.5 -221.3
20211123225435  -687.6 -62.4 -221.1
20211123225436  -687.3 -62.6 -221.1
20211123225437  -686.9 -62.4 -220.9
20211123225438  -686.8 -62.4 -220.9
20211123225439  -686.9 -61.9 -220.6
20211123225440  -687.5 -62.1 -220.9
20211123225441  -688.1 -62.4 -221.1
20211123225442  -688.1 -62.5 -221.4
20211123225443  -688.6 -62.5 -221.6
20211123225444  -688.9 -62.7 -221.4
20211123225445  -688.9 -62.7 -221.5
20211123225446  -688.9 -62.4 -221.6
20211123225447  -689.0 -62.6 -221.7
20211123225448  -689.3 -62.5 -221.6
20211123225449  -689.1 -62.4 -221.9
20211123225450  -689.3 -62.5 -221.7
20211123225451  -689.4 -62.5 -221.6
20211123225452  -689.6 -62.5 -221.9
20211123225453  -689.6 -62.6 -221.9
20211123225454  -689.3 -62.7 -222.2
20211123225455  -689.3 -63.0 -222.3
20211123225456  -689.5 -62.9 -222.0
20211123225457  -689.4 -62.9 -221.8
20211123225458  -689.2 -62.6 -221.6
20211123225459  -689.4 -62.7 -221.7
20211123225500  -689.0 -62.8 -221.7
20211123225501  -688.1 -62.6 -221.4
20211123225502  -688.0 -62.4 -220.7
20211123225503  -687.7 -62.1 -220.4
20211123225504  -687.6 -61.8 -220.5
20211123225505  -687.5 -61.7 -220.3
20211123225506  -686.9 -62.0 -220.1
20211123225507  -688.0 -61.8 -221.0
20211123225508  -688.2 -61.9 -220.7
20211123225509  -688.3 -61.7 -221.0
20211123225510  -688.4 -61.8 -221.0
20211123225511  -688.3 -62.0 -221.3
20211123225512  -688.3 -62.2 -221.2
20211123225513  -688.4 -62.5 -221.3
20211123225514  -688.8 -62.5 -221.6
20211123225515  -688.8 -62.5 -221.7
20211123225516  -688.8 -62.5 -221.8
20211123225517  -688.8 -62.6 -221.7
20211123225518  -688.8 -62.4 -221.6
20211123225519  -689.0 -62.8 -221.6
20211123225520  -689.2 -62.8 -221.5
20211123225521  -689.1 -62.6 -221.3
20211123225522  -689.2 -62.9 -221.4
20211123225523  -689.2 -62.7 -221.5
20211123225524  -689.2 -62.9 -221.6
20211123225525  -689.3 -62.8 -221.7
20211123225526  -689.0 -63.0 -221.8
20211123225527  -688.7 -63.0 -221.4
20211123225528  -688.1 -62.8 -221.0
20211123225529  -687.9 -62.8 -220.7
20211123225530  -687.7 -62.7 -220.5
20211123225531  -687.6 -62.7 -220.3
20211123225532  -687.5 -62.2 -219.9
20211123225533  -688.5 -62.6 -220.9
20211123225534  -688.3 -62.6 -221.2
20211123225535  -688.6 -62.6 -221.3
20211123225536  -688.6 -62.5 -221.3
20211123225537  -688.6 -62.7 -221.3
20211123225538  -688.6 -62.9 -221.3
20211123225539  -688.5 -62.8 -221.5
20211123225540  -688.3 -62.9 -221.7
20211123225541  -688.7 -62.9 -221.7
20211123225542  -688.4 -63.0 -221.7
20211123225543  -688.5 -63.3 -221.6
20211123225544  -688.4 -63.4 -221.2
20211123225545  -688.6 -63.2 -221.4
20211123225546  -688.5 -63.1 -221.4
20211123225547  -688.4 -63.0 -221.6
20211123225548  -688.3 -63.4 -221.5
20211123225549  -688.1 -63.5 -221.4
20211123225550  -688.4 -63.6 -221.7
20211123225551  -688.3 -63.7 -221.4
20211123225552  -688.4 -63.9 -221.5
20211123225553  -687.9 -63.7 -221.2
20211123225554  -687.4 -63.8 -221.2
20211123225555  -687.2 -63.7 -220.9
20211123225556  -687.0 -63.0 -220.8
20211123225557  -687.1 -63.0 -220.8
20211123225558  -687.0 -63.1 -220.6
20211123225559  -688.0 -63.3 -221.5
20211123225600  -688.0 -63.4 -221.2
20211123225601  -687.8 -63.3 -221.5
20211123225602  -687.7 -63.4 -221.5
20211123225603  -687.7 -63.7 -221.5
20211123225604  -687.8 -64.0 -221.7
20211123225605  -688.1 -64.0 -221.8
20211123225606  -687.8 -64.0 -221.9
20211123225607  -687.8 -64.2 -221.9
20211123225608  -687.7 -64.2 -221.9
20211123225609  -687.9 -64.3 -221.6
20211123225610  -688.0 -64.1 -221.5
20211123225611  -688.1 -64.1 -221.8
20211123225612  -688.0 -64.1 -221.7
20211123225613  -687.9 -64.2 -221.9
20211123225614  -687.8 -64.3 -221.9
20211123225615  -688.0 -64.1 -221.8
20211123225616  -687.9 -64.3 -221.7
20211123225617  -687.8 -64.4 -221.8
20211123225618  -688.0 -64.5 -221.9
20211123225619  -687.6 -64.8 -221.8
20211123225620  -687.1 -64.4 -221.4
20211123225621  -686.8 -64.2 -221.0
20211123225622  -687.1 -64.0 -221.0
20211123225623  -686.7 -63.7 -220.9
20211123225624  -686.9 -63.7 -220.8
20211123225625  -687.1 -64.1 -221.1
20211123225626  -687.3 -64.1 -221.4
20211123225627  -687.3 -64.1 -221.6
20211123225628  -687.3 -64.2 -221.4
20211123225629  -687.4 -64.5 -221.5
20211123225630  -687.3 -64.5 -221.2
20211123225631  -687.0 -64.4 -221.2
20211123225632  -686.6 -64.5 -221.1
20211123225633  -686.7 -64.7 -221.1
20211123225634  -686.9 -64.9 -221.2
20211123225635  -686.6 -64.8 -221.4
20211123225636  -686.2 -64.9 -221.1
20211123225637  -686.1 -64.7 -221.1
20211123225638  -685.9 -64.7 -221.0
20211123225639  -685.9 -64.8 -220.7
20211123225640  -685.6 -65.1 -220.6
20211123225641  -685.2 -64.7 -221.0
20211123225642  -685.4 -64.5 -221.1
20211123225643  -685.3 -64.8 -221.0
20211123225644  -685.4 -64.9 -221.1
20211123225645  -685.3 -65.2 -221.2
20211123225646  -684.8 -65.0 -220.9
20211123225647  -684.4 -64.9 -220.7
20211123225648  -684.6 -64.9 -220.4
20211123225649  -684.2 -64.8 -219.9
20211123225650  -684.9 -64.6 -220.3
20211123225651  -685.2 -65.1 -220.5
20211123225652  -685.2 -64.6 -220.2
20211123225653  -685.5 -64.8 -220.7
20211123225654  -685.2 -65.2 -221.1
20211123225655  -685.1 -65.0 -220.8
20211123225656  -684.9 -65.1 -221.0
20211123225657  -685.3 -65.0 -220.8
20211123225658  -685.5 -65.3 -220.9
20211123225659  -685.2 -65.2 -220.5
20211123225700  -685.0 -65.1 -220.9
20211123225701  -684.7 -65.1 -220.7
20211123225702  -684.7 -65.0 -220.8
20211123225703  -685.0 -65.3 -220.9
20211123225704  -684.8 -65.6 -221.1
20211123225705  -684.8 -65.6 -220.9
20211123225706  -684.9 -65.5 -220.9
20211123225707  -684.8 -65.6 -220.9
20211123225708  -684.9 -66.0 -220.8
20211123225709  -684.9 -66.1 -220.9
20211123225710  -684.8 -66.2 -221.0
20211123225711  -684.5 -66.2 -220.8
20211123225712  -684.2 -65.8 -220.6
20211123225713  -684.0 -65.6 -220.5
20211123225714  -683.9 -65.6 -220.3
20211123225715  -683.5 -65.5 -219.6
20211123225716  -684.6 -65.9 -220.8
20211123225717  -685.0 -66.3 -220.8
20211123225718  -685.0 -66.1 -221.0
20211123225719  -685.0 -66.4 -220.9
20211123225720  -685.1 -67.0 -220.9
20211123225721  -685.3 -66.8 -220.9
20211123225722  -685.2 -66.7 -220.6
20211123225723  -685.4 -66.9 -220.6
20211123225724  -685.1 -66.5 -220.5
20211123225725  -685.3 -66.7 -220.6
20211123225726  -685.3 -66.7 -221.1
20211123225727  -685.3 -66.5 -221.0
20211123225728  -685.4 -66.9 -221.1
20211123225729  -685.8 -66.8 -221.1
20211123225730  -685.3 -66.9 -221.1
20211123225731  -685.8 -66.8 -221.0
20211123225732  -686.1 -67.0 -220.9
20211123225733  -686.0 -66.9 -221.2
20211123225734  -685.8 -66.8 -221.1
20211123225735  -686.0 -67.1 -221.1
20211123225736  -685.9 -67.0 -220.9
20211123225737  -686.0 -67.2 -221.2
20211123225738  -685.4 -67.1 -220.6
20211123225739  -685.2 -66.8 -220.3
20211123225740  -685.1 -66.8 -220.1
20211123225741  -685.0 -66.7 -219.6
20211123225742  -685.8 -66.6 -220.4
20211123225743  -686.7 -66.6 -220.7
20211123225744  -686.3 -66.7 -220.8
20211123225745  -686.5 -66.9 -221.1
20211123225746  -686.5 -66.9 -220.7
20211123225747  -686.2 -66.9 -220.6
20211123225748  -686.8 -66.9 -220.6
20211123225749  -686.6 -66.6 -220.9
20211123225750  -687.0 -67.1 -220.8
20211123225751  -687.0 -67.2 -220.8
20211123225752  -687.1 -67.0 -220.7
20211123225753  -687.3 -67.1 -220.6
20211123225754  -687.1 -67.2 -220.4
20211123225755  -687.3 -67.3 -220.5
20211123225756  -687.3 -67.3 -220.8
20211123225757  -687.3 -67.2 -221.0
20211123225758  -687.2 -67.1 -220.9
20211123225759  -687.5 -66.9 -220.6
20211123225800  -687.7 -67.3 -220.7
20211123225801  -687.7 -67.4 -220.5
20211123225802  -687.9 -67.5 -220.8
20211123225803  -687.7 -67.8 -220.9
20211123225804  -687.4 -67.7 -220.4
20211123225805  -687.0 -67.6 -220.2
20211123225806  -686.8 -67.5 -220.0
20211123225807  -686.6 -67.5 -219.6
20211123225808  -686.9 -67.8 -219.7
20211123225809  -687.5 -67.6 -220.1
20211123225810  -687.6 -67.7 -220.4
20211123225811  -687.5 -67.8 -220.3
20211123225812  -687.6 -67.7 -220.8
