.9 -107.1 -175.4
20211030190050  -602.5 -107.1 -175.6
20211030190051  -602.5 -107.2 -175.6
20211030190052  -602.4 -107.3 -175.4
20211030190053  -602.7 -107.2 -175.2
20211030190054  -602.5 -107.5 -175.4
20211030190055  -602.6 -107.4 -175.7
20211030190056  -602.9 -107.2 -175.5
20211030190057  -602.8 -107.1 -175.5
20211030190058  -602.7 -107.3 -175.5
20211030190059  -602.6 -107.5 -175.4
20211030190100  -602.7 -107.3 -175.3
20211030190101  -602.9 -107.5 -175.3
20211030190102  -602.6 -107.3 -175.3
20211030190103  -602.7 -106.7 -175.3
20211030190104  -602.8 -107.1 -175.3
20211030190105  -602.8 -107.2 -175.5
20211030190106  -602.7 -107.3 -175.1
20211030190107  -602.5 -107.3 -175.2
20211030190108  -602.5 -107.4 -175.2
20211030190109  -602.8 -107.6 -175.1
20211030190110  -602.2 -107.1 -174.7
20211030190111  -602.6 -107.1 -174.7
20211030190112  -602.4 -107.0 -174.7
20211030190113  -602.4 -106.8 -174.6
20211030190114  -602.2 -106.9 -174.5
20211030190115  -602.2 -106.9 -174.6
20211030190116  -602.2 -107.1 -174.8
20211030190117  -602.1 -107.3 -174.4
20211030190118  -602.2 -107.1 -174.6
20211030190119  -602.3 -106.9 -174.6
20211030190120  -602.3 -106.9 -174.5
20211030190121  -602.1 -107.0 -174.9
20211030190122  -602.2 -107.1 -174.7
20211030190123  -602.0 -107.4 -174.5
20211030190124  -602.1 -107.3 -174.6
20211030190125  -601.9 -107.1 -174.4
20211030190126  -602.5 -107.1 -174.6
20211030190127  -602.3 -107.1 -174.6
20211030190128  -601.9 -107.1 -174.6
20211030190129  -602.0 -107.1 -174.4
20211030190130  -602.2 -107.1 -174.4
20211030190131  -602.3 -106.9 -174.3
20211030190132  -602.0 -106.8 -174.3
20211030190133  -601.9 -106.8 -174.3
20211030190134  -602.0 -107.1 -174.4
20211030190135  -601.9 -106.9 -174.3
20211030190136  -601.9 -106.9 -174.2
20211030190137  -602.1 -106.9 -174.4
20211030190138  -601.7 -107.0 -174.1
20211030190139  -601.7 -106.9 -174.2
20211030190140  -601.8 -106.7 -174.4
20211030190141  -601.5 -106.6 -174.4
20211030190142  -601.9 -106.7 -174.7
20211030190143  -602.0 -106.5 -174.6
20211030190144  -602.2 -106.8 -174.9
20211030190145  -601.8 -106.4 -174.8
20211030190146  -602.0 -106.3 -174.8
20211030190147  -602.2 -106.7 -174.7
20211030190148  -602.0 -106.5 -174.8
20211030190149  -602.1 -106.5 -174.8
20211030190150  -602.1 -106.8 -175.0
20211030190151  -601.9 -106.6 -175.0
20211030190152  -602.0 -106.9 -174.7
20211030190153  -602.2 -106.9 -174.8
20211030190154  -602.3 -106.8 -174.4
20211030190155  -602.1 -106.9 -174.6
20211030190156  -602.0 -106.8 -174.8
20211030190157  -602.4 -106.8 -175.0
20211030190158  -601.9 -107.1 -174.7
20211030190159  -602.2 -107.0 -175.0
20211030190200  -602.1 -107.3 -175.2
20211030190201  -602.0 -107.1 -175.0
20211030190202  -602.4 -107.3 -175.3
20211030190203  -602.3 -107.4 -175.1
20211030190204  -602.1 -107.1 -175.4
20211030190205  -601.9 -107.1 -175.5
20211030190206  -601.9 -107.3 -175.0
20211030190207  -601.8 -107.7 -175.1
20211030190208  -601.8 -107.5 -175.2
20211030190209  -601.9 -107.4 -175.1
20211030190210  -601.7 -107.7 -175.2
20211030190211  -601.6 -107.9 -175.1
20211030190212  -601.5 -107.7 -174.8
20211030190213  -601.6 -107.7 -175.3
20211030190214  -601.8 -107.7 -175.4
20211030190215  -601.7 -107.7 -175.2
20211030190216  -601.5 -107.8 -175.2
20211030190217  -601.7 -107.9 -175.2
20211030190218  -601.7 -107.9 -175.2
20211030190219  -601.2 -107.7 -175.0
20211030190220  -601.3 -107.6 -175.2
20211030190221  -601.5 -107.8 -175.1
20211030190222  -601.5 -107.8 -175.4
20211030190223  -601.3 -107.9 -175.4
20211030190224  -601.4 -107.8 -175.3
20211030190225  -601.2 -107.6 -175.2
20211030190226  -601.2 -107.8 -175.2
20211030190227  -601.1 -107.8 -175.5
20211030190228  -601.2 -107.9 -175.5
20211030190229  -601.2 -107.8 -175.4
20211030190230  -601.2 -107.9 -175.4
20211030190231  -600.8 -107.6 -175.3
20211030190232  -600.6 -107.7 -175.4
20211030190233  -600.7 -107.7 -175.4
20211030190234  -600.7 -107.5 -175.4
20211030190235  -600.4 -107.5 -175.4
20211030190236  -600.3 -107.4 -175.2
20211030190237  -599.9 -107.4 -175.6
20211030190238  -600.1 -107.1 -175.4
20211030190239  -599.9 -107.2 -175.2
20211030190240  -600.0 -107.1 -175.3
20211030190241  -599.8 -107.5 -175.5
20211030190242  -599.4 -107.5 -175.0
20211030190243  -599.7 -107.3 -174.9
20211030190244  -599.3 -107.4 -175.3
20211030190245  -599.4 -107.2 -175.2
20211030190246  -599.3 -107.6 -175.0
20211030190247  -599.2 -107.0 -175.1
20211030190248  -599.1 -107.0 -174.8
20211030190249  -598.7 -107.2 -175.0
20211030190250  -598.8 -107.1 -175.1
20211030190251  -598.5 -107.1 -174.9
20211030190252  -598.4 -106.9 -174.8
20211030190253  -598.2 -107.0 -175.0
20211030190254  -598.2 -107.0 -174.9
20211030190255  -598.0 -106.7 -175.3
20211030190256  -598.3 -106.8 -175.1
20211030190257  -598.0 -106.8 -174.8
20211030190258  -597.8 -107.0 -174.6
20211030190259  -597.8 -107.0 -174.7
20211030190300  -598.0 -107.2 -174.8
20211030190301  -597.7 -107.1 -174.7
20211030190302  -597.8 -107.0 -174.8
20211030190303  -597.7 -107.1 -174.9
20211030190304  -597.3 -106.9 -174.6
20211030190305  -596.9 -106.8 -174.4
20211030190306  -596.9 -106.6 -174.5
20211030190307  -596.7 -106.8 -174.4
20211030190308  -596.9 -107.0 -174.4
20211030190309  -596.7 -106.9 -174.4
20211030190310  -596.3 -106.6 -174.1
20211030190311  -596.5 -106.9 -174.2
20211030190312  -596.1 -107.0 -174.4
20211030190313  -596.1 -107.1 -174.5
20211030190314  -596.3 -107.0 -174.4
20211030190315  -596.1 -106.9 -174.5
20211030190316  -596.2 -106.8 -174.5
20211030190317  -596.0 -107.0 -174.1
20211030190318  -595.8 -106.7 -173.8
20211030190319  -595.9 -106.9 -173.8
20211030190320  -596.3 -106.7 -173.5
20211030190321  -596.0 -106.6 -173.7
20211030190322  -596.0 -106.5 -173.7
20211030190323  -596.3 -106.7 -173.7
20211030190324  -596.3 -106.4 -173.7
20211030190325  -595.9 -106.5 -173.7
20211030190326  -596.1 -106.7 -173.7
20211030190327  -596.1 -106.6 -173.9
20211030190328  -596.1 -106.7 -173.7
20211030190329  -596.4 -106.7 -173.6
20211030190330  -596.6 -106.7 -173.5
20211030190331  -596.5 -106.9 -173.8
20211030190332  -596.5 -106.7 -173.6
20211030190333  -596.8 -106.8 -173.6
20211030190334  -596.8 -106.9 -173.4
20211030190335  -596.9 -107.0 -173.4
20211030190336  -597.2 -107.1 -173.4
20211030190337  -597.3 -106.9 -173.2
20211030190338  -597.5 -106.8 -173.1
20211030190339  -597.5 -106.9 -173.1
20211030190340  -597.9 -107.1 -173.0
20211030190341  -597.8 -107.1 -173.1
20211030190342  -598.1 -107.3 -173.0
20211030190343  -598.0 -107.3 -172.7
20211030190344  -598.2 -107.5 -172.7
20211030190345  -598.4 -107.3 -172.9
20211030190346  -598.3 -107.3 -173.3
20211030190347  -598.6 -107.1 -173.3
20211030190348  -598.5 -107.6 -173.1
20211030190349  -598.7 -107.7 -172.8
20211030190350  -598.7 -107.5 -172.9
20211030190351  -598.9 -107.6 -173.0
20211030190352  -599.1 -108.1 -173.0
20211030190353  -599.2 -107.9 -172.7
20211030190354  -599.1 -108.0 -172.8
20211030190355  -599.5 -108.1 -172.8
20211030190356  -599.6 -108.0 -173.0
20211030190357  -599.4 -108.1 -172.5
20211030190358  -599.7 -108.2 -172.8
20211030190359  -599.9 -108.1 -172.6
20211030190400  -599.9 -108.0 -172.5
20211030190401  -600.0 -108.3 -172.9
20211030190402  -599.9 -108.3 -173.2
20211030190403  -599.9 -108.6 -172.7
20211030190404  -600.4 -108.5 -172.8
20211030190405  -600.5 -108.7 -172.6
20211030190406  -600.9 -108.4 -172.5
20211030190407  -600.6 -108.6 -172.5
20211030190408  -600.8 -108.5 -172.6
20211030190409  -601.3 -108.8 -172.6
20211030190410  -601.6 -108.6 -172.6
20211030190411  -601.8 -108.8 -172.6
20211030190412  -601.8 -109.1 -172.9
20211030190413  -601.9 -109.0 -173.1
20211030190414  -602.2 -108.6 -172.9
20211030190415  -602.3 -108.6 -172.4
20211030190416  -602.2 -108.8 -172.8
20211030190417  -602.6 -109.0 -172.4
20211030190418  -602.8 -109.2 -172.7
20211030190419  -602.9 -109.3 -172.6
20211030190420  -603.3 -109.4 -172.5
20211030190421  -603.2 -109.2 -172.7
20211030190422  -603.5 -109.3 -172.9
20211030190423  -603.7 -109.1 -172.6
20211030190424  -603.8 -109.2 -172.6
20211030190425  -604.1 -109.2 -172.8
20211030190426  -604.2 -109.5 -172.8
20211030190427  -604.5 -109.4 -172.6
20211030190428  -604.8 -109.3 -172.3
20211030190429  -604.7 -109.0 -172.2
20211030190430  -604.9 -109.0 -172.1
20211030190431  -605.2 -109.4 -172.4
20211030190432  -605.0 -109.2 -172.5
20211030190433  -605.1 -109.7 -172.5
20211030190434  -605.2 -109.8 -172.6
20211030190435  -605.1 -109.7 -172.6
20211030190436  -605.4 -109.8 -172.3
20211030190437  -605.6 -109.7 -172.5
20211030190438  -605.5 -109.6 -172.4
20211030190439  -605.5 -109.8 -172.3
20211030190440  -605.6 -109.9 -172.1
20211030190441  -605.8 -109.7 -172.2
20211030190442  -606.0 -109.7 -172.1
20211030190443  -606.0 -109.7 -172.3
20211030190444  -605.7 -109.9 -172.1
20211030190445  -606.0 -109.5 -172.0
20211030190446  -606.0 -109.5 -172.0
20211030190447  -606.4 -109.5 -172.0
20211030190448  -606.3 -109.8 -172.1
20211030190449  -606.3 -109.8 -172.0
20211030190450  -606.1 -109.7 -172.2
20211030190451  -606.0 -109.7 -172.2
20211030190452  -606.3 -109.5 -172.6
20211030190453  -606.2 -109.4 -172.5
20211030190454  -606.2 -109.7 -172.7
20211030190455  -606.5 -109.6 -172.5
20211030190456  -606.1 -109.5 -172.8
20211030190457  -605.6 -109.7 -172.5
20211030190458  -605.8 -109.6 -172.6
20211030190459  -605.9 -109.7 -172.7
20211030190500  -606.1 -109.8 -172.6
20211030190501  -606.2 -110.0 -172.6
20211030190502  -606.4 -110.2 -172.5
20211030190503  -606.5 -110.1 -172.2
20211030190504  -606.3 -109.9 -172.1
20211030190505  -606.3 -110.0 -172.4
20211030190506  -606.4 -110.0 -172.5
20211030190507  -606.3 -109.9 -172.4
20211030190508  -606.2 -109.9 -172.5
20211030190509  -606.3 -109.7 -172.7
20211030190510  -606.2 -109.8 -172.6
20211030190511  -606.4 -109.8 -172.8
20211030190512  -606.4 -109.9 -173.0
20211030190513  -606.5 -109.8 -172.7
20211030190514  -606.3 -109.7 -172.6
20211030190515  -606.2 -109.8 -172.5
20211030190516  -606.1 -109.8 -172.6
20211030190517  -606.1 -109.8 -172.4
20211030190518  -606.1 -109.9 -172.2
20211030190519  -606.0 -109.6 -172.2
20211030190520  -606.1 -109.7 -172.6
20211030190521  -605.9 -109.8 -172.5
20211030190522  -605.9 -109.5 -172.4
20211030190523  -606.1 -109.8 -172.6
20211030190524  -605.9 -109.6 -172.5
20211030190525  -605.8 -109.8 -172.5
20211030190526  -605.7 -110.0 -172.4
20211030190527  -605.7 -110.1 -172.3
20211030190528  -605.6 -109.7 -172.4
20211030190529  -605.0 -109.8 -172.3
20211030190530  -605.2 -110.0 -172.3
20211030190531  -605.1 -110.2 -172.2
20211030190532  -604.9 -109.8 -172.0
20211030190533  -605.2 -110.1 -172.4
20211030190534  -604.5 -110.1 -172.4
20211030190535  -604.8 -110.2 -172.3
20211030190536  -604.5 -110.1 -172.4
20211030190537  -604.7 -110.1 -172.1
20211030190538  -604.6 -110.1 -172.2
20211030190539  -604.6 -109.8 -172.0
20211030190540  -604.7 -109.9 -172.0
20211030190541  -604.6 -109.8 -172.3
20211030190542  -604.3 -109.8 -172.1
20211030190543  -604.1 -109.8 -172.2
20211030190544  -604.0 -109.8 -172.0
20211030190545  -604.0 -109.6 -172.1
20211030190546  -603.7 -109.7 -172.1
20211030190547  -603.8 -109.7 -171.9
20211030190548  -603.9 -109.8 -172.1
20211030190549  -604.1 -109.5 -171.8
20211030190550  -604.2 -109.9 -171.9
20211030190551  -604.2 -110.1 -172.0
20211030190552  -604.2 -110.0 -171.9
20211030190553  -604.1 -110.0 -171.9
20211030190554  -604.1 -110.1 -172.2
20211030190555  -604.0 -109.7 -172.1
20211030190556  -604.1 -110.0 -172.2
20211030190557  -604.3 -109.8 -172.5
20211030190558  -604.0 -109.8 -172.3
20211030190559  -604.1 -109.8 -172.3
20211030190600  -604.0 -109.5 -172.4
20211030190601  -603.8 -109.9 -172.5
20211030190602  -604.0 -109.7 -172.4
20211030190603  -603.9 -109.8 -172.4
20211030190604  -603.9 -109.7 -172.5
20211030190605  -604.2 -110.1 -172.6
20211030190606  -604.2 -109.9 -172.6
20211030190607  -604.5 -110.0 -172.3
20211030190608  -604.6 -110.1 -172.3
20211030190609  -604.8 -110.4 -172.1
20211030190610  -604.9 -110.0 -172.1
20211030190611  -604.6 -110.2 -172.3
20211030190612  -604.8 -110.1 -172.3
20211030190613  -605.0 -110.1 -172.1
20211030190614  -605.0 -110.1 -172.2
20211030190615  -604.9 -110.3 -172.0
20211030190616  -605.2 -110.4 -171.7
20211030190617  -605.2 -110.3 -171.8
20211030190618  -605.2 -110.4 -171.9
20211030190619  -605.3 -110.1 -171.5
20211030190620  -605.3 -110.2 -171.9
20211030190621  -605.2 -110.3 -171.9
20211030190622  -605.4 -110.1 -172.1
20211030190623  -605.7 -110.1 -172.0
20211030190624  -605.5 -110.3 -171.7
20211030190625  -605.3 -110.3 -171.7
20211030190626  -605.4 -110.2 -171.6
20211030190627  -605.3 -110.2 -171.8
20211030190628  -605.5 -110.0 -171.9
20211030190629  -605.5 -110.1 -171.7
20211030190630  -605.4 -110.2 -171.5
20211030190631  -605.8 -110.1 -171.7
20211030190632  -605.7 -109.9 -171.9
20211030190633  -605.7 -110.0 -171.8
20211030190634  -605.6 -109.9 -171.7
20211030190635  -605.7 -109.9 -171.6
20211030190636  -605.7 -109.8 -171.5
20211030190637  -605.8 -110.0 -171.5
20211030190638  -605.7 -110.0 -171.9
20211030190639  -605.8 -110.0 -171.9
20211030190640  -605.5 -109.5 -171.4
20211030190641  -605.5 -109.4 -171.4
20211030190642  -605.7 -109.6 -171.5
20211030190643  -605.8 -109.4 -171.7
20211030190644  -605.9 -109.3 -171.3
20211030190645  -605.7 -109.3 -171.6
20211030190646  -605.9 -109.4 -171.4
20211030190647  -606.0 -109.6 -171.3
20211030190648  -605.7 -109.5 -171.2
20211030190649  -605.6 -109.2 -171.7
20211030190650  -605.8 -109.2 -171.2
20211030190651  -605.6 -109.2 -171.1
20211030190652  -605.5 -109.2 -171.1
20211030190653  -605.5 -109.4 -170.7
20211030190654  -605.3 -109.3 -171.1
20211030190655  -605.1 -109.3 -170.8
20211030190656  -605.2 -109.1 -170.4
20211030190657  -604.9 -108.9 -170.5
20211030190658  -604.8 -108.9 -170.3
20211030190659  -605.1 -109.0 -170.5
20211030190700  -604.8 -108.7 -170.5
20211030190701  -604.9 -108.6 -170.6
20211030190702  -604.7 -108.3 -170.3
20211030190703  -604.8 -107.9 -170.3
20211030190704  -604.8 -107.9 -170.2
20211030190705  -605.1 -108.2 -170.2
20211030190706  -605.3 -108.1 -170.3
20211030190707  -605.1 -108.1 -170.2
20211030190708  -605.0 -107.9 -170.0
20211030190709  -605.0 -108.0 -170.1
20211030190710  -604.8 -107.8 -170.1
20211030190711  -604.7 -107.8 -170.0
20211030190712  -604.8 -107.7 -170.2
20211030190713  -604.9 -107.5 -169.9
20211030190714  -604.7 -108.0 -169.7
20211030190715  -604.4 -107.6 -169.5
20211030190716  -604.4 -107.5 -169.9
20211030190717  -604.5 -107.5 -169.8
20211030190718  -604.3 -107.2 -169.5
20211030190719  -604.2 -107.1 -169.3
20211030190720  -604.0 -106.9 -169.3
20211030190721  -603.9 -106.9 -169.3
20211030190722  -603.8 -106.8 -169.0
20211030190723  -603.8 -106.6 -169.1
20211030190724  -603.7 -106.6 -169.2
20211030190725  -603.6 -106.2 -169.2
20211030190726  -603.7 -106.1 -169.2
20211030190727  -603.6 -106.0 -169.0
20211030190728  -603.4 -106.3 -169.1
20211030190729  -603.3 -106.0 -168.9
20211030190730  -603.1 -105.9 -169.2
20211030190731  -603.4 -106.0 -169.0
20211030190732  -603.2 -105.9 -169.1
20211030190733  -603.1 -105.7 -168.9
20211030190734  -603.1 -105.6 -169.1
20211030190735  -603.1 -105.6 -169.0
20211030190736  -602.9 -105.4 -169.1
20211030190737  -603.2 -105.0 -169.4
20211030190738  -603.0 -104.8 -168.9
20211030190739  -602.9 -105.0 -169.0
20211030190740  -603.1 -105.0 -169.1
20211030190741  -603.1 -104.8 -169.1
20211030190742  -603.0 -104.8 -169.0
20211030190743  -603.0 -104.7 -168.7
20211030190744  -603.0 -104.5 -168.7
20211030190745  -603.0 -104.5 -168.7
20211030190746  -603.0 -104.6 -169.0
20211030190747  -602.9 -104.3 -168.7
20211030190748  -602.8 -104.2 -168.7
20211030190749  -602.7 -104.1 -168.4
20211030190750  -602.7 -103.7 -168.6
20211030190751  -602.9 -103.4 -168.5
20211030190752  -603.0 -103.3 -168.4
20211030190753  -602.5 -103.5 -168.1
20211030190754  -602.5 -103.2 -168.0
20211030190755  -602.7 -103.0 -168.1
20211030190756  -602.9 -103.2 -168.3
20211030190757  -602.7 -103.0 -168.1
20211030190758  -602.6 -102.9 -168.2
20211030190759  -602.7 -102.7 -168.5
20211030190800  -602.5 -102.5 -168.5
20211030190801  -602.4 -102.2 -168.5
20211030190802  -602.0 -102.3 -168.4
20211030190803  -602.2 -102.1 -168.3
20211030190804  -602.1 -102.2 -168.1
20211030190805  -602.1 -102.2 -168.4
20211030190806  -601.8 -102.4 -168.3
20211030190807  -601.7 -102.1 -168.1
20211030190808  -601.7 -102.0 -167.9
20211030190809  -601.6 -102.0 -167.8
20211030190810  -601.2 -102.0 -168.0
20211030190811  -601.2 -101.6 -168.0
20211030190812  -601.3 -101.6 -168.0
20211030190813  -600.8 -101.7 -168.0
20211030190814  -600.5 -101.5 -168.2
20211030190815  -600.7 -101.5 -168.0
20211030190816  -600.8 -101.4 -167.9
20211030190817  -600.4 -101.0 -168.0
20211030190818  -600.0 -100.9 -168.0
20211030190819  -599.7 -100.9 -168.1
20211030190820  -599.7 -100.8 -168.0
