20211202220024  -720.6 -84.6 -765.3
20211202220025  -720.1 -84.8 -765.4
20211202220026  -719.9 -84.8 -765.2
20211202220027  -719.5 -84.7 -765.0
20211202220028  -719.1 -84.6 -765.0
20211202220029  -718.8 -84.4 -765.2
20211202220030  -718.3 -84.2 -764.8
20211202220031  -718.0 -84.1 -764.9
20211202220032  -717.4 -84.1 -764.6
20211202220033  -717.2 -84.1 -764.4
20211202220034  -716.9 -84.2 -764.8
20211202220035  -716.5 -83.8 -764.7
20211202220036  -716.2 -83.7 -764.8
20211202220037  -715.7 -83.5 -764.8
20211202220038  -715.9 -83.6 -764.9
20211202220039  -715.4 -83.4 -765.0
20211202220040  -714.8 -83.5 -765.1
20211202220041  -714.4 -83.1 -764.5
20211202220042  -714.1 -83.1 -764.1
20211202220043  -714.5 -82.9 -764.6
20211202220044  -714.3 -82.8 -764.7
20211202220045  -714.2 -83.0 -764.8
20211202220046  -713.8 -82.7 -765.1
20211202220047  -713.8 -82.8 -765.1
20211202220048  -713.6 -82.5 -765.1
20211202220049  -713.7 -82.6 -765.0
20211202220050  -713.3 -82.4 -765.3
20211202220051  -713.2 -82.5 -765.0
20211202220052  -713.4 -82.8 -765.1
20211202220053  -713.3 -82.8 -765.4
20211202220054  -713.1 -82.5 -765.3
20211202220055  -713.1 -82.6 -765.5
20211202220056  -713.3 -82.5 -765.3
20211202220057  -713.0 -82.3 -765.4
20211202220058  -713.2 -82.7 -765.5
20211202220059  -712.9 -82.5 -765.6
20211202220100  -713.1 -82.7 -765.3
20211202220101  -713.0 -82.3 -765.3
20211202220102  -712.8 -82.2 -765.3
20211202220103  -712.7 -82.5 -765.3
20211202220104  -712.7 -82.6 -765.3
20211202220105  -712.8 -82.7 -765.3
20211202220106  -712.4 -82.6 -765.3
20211202220107  -712.5 -82.4 -765.2
20211202220108  -712.1 -82.6 -765.1
20211202220109  -712.0 -82.2 -764.6
20211202220110  -711.2 -82.1 -764.5
20211202220111  -710.8 -82.1 -763.7
20211202220112  -710.3 -81.6 -763.9
20211202220113  -710.3 -81.6 -764.0
20211202220114  -710.5 -81.8 -764.4
20211202220115  -710.2 -81.8 -764.2
20211202220116  -710.3 -81.6 -764.2
20211202220117  -710.1 -81.6 -764.4
20211202220118  -709.7 -81.4 -764.4
20211202220119  -710.0 -81.4 -764.2
20211202220120  -709.5 -81.1 -764.3
20211202220121  -709.4 -81.1 -764.3
20211202220122  -709.3 -80.8 -764.4
20211202220123  -709.3 -80.7 -764.3
20211202220124  -709.4 -80.6 -764.2
20211202220125  -709.2 -80.7 -764.4
20211202220126  -709.1 -80.6 -764.4
20211202220127  -709.1 -80.6 -764.2
20211202220128  -708.8 -80.5 -764.3
20211202220129  -708.8 -80.3 -764.2
20211202220130  -709.0 -80.1 -764.2
20211202220131  -708.8 -80.3 -764.1
20211202220132  -708.8 -80.2 -764.3
20211202220133  -708.6 -80.2 -764.2
20211202220134  -708.7 -80.2 -764.3
20211202220135  -708.6 -80.3 -763.8
20211202220136  -708.5 -80.3 -764.3
20211202220137  -708.5 -80.3 -764.0
20211202220138  -708.5 -80.5 -764.3
20211202220139  -708.1 -80.4 -764.1
20211202220140  -707.6 -80.5 -764.0
20211202220141  -707.0 -80.5 -763.4
20211202220142  -706.9 -80.2 -763.2
20211202220143  -707.1 -80.1 -762.9
20211202220144  -707.7 -80.2 -763.8
20211202220145  -707.5 -80.3 -763.7
20211202220146  -707.8 -80.6 -763.9
20211202220147  -707.9 -80.6 -764.0
20211202220148  -708.2 -80.7 -764.2
20211202220149  -708.2 -80.6 -764.3
20211202220150  -708.3 -80.5 -764.3
20211202220151  -708.5 -80.6 -764.4
20211202220152  -708.7 -80.8 -764.1
20211202220153  -708.4 -80.9 -764.1
20211202220154  -708.5 -81.0 -764.3
20211202220155  -708.7 -80.9 -764.4
20211202220156  -708.5 -81.1 -764.3
20211202220157  -708.6 -81.0 -764.5
20211202220158  -708.8 -81.0 -764.6
20211202220159  -708.8 -80.8 -764.6
20211202220200  -708.9 -81.2 -764.6
20211202220201  -709.4 -81.2 -764.8
20211202220202  -709.3 -81.4 -765.0
20211202220203  -709.2 -81.5 -764.9
20211202220204  -709.4 -81.5 -765.0
20211202220205  -709.8 -81.4 -764.9
20211202220206  -709.6 -81.1 -764.7
20211202220207  -709.9 -81.1 -764.9
20211202220208  -709.8 -81.0 -764.6
20211202220209  -710.1 -81.2 -764.6
20211202220210  -709.8 -81.3 -764.8
20211202220211  -709.7 -81.5 -764.7
20211202220212  -709.5 -81.6 -764.1
20211202220213  -709.4 -80.9 -763.9
20211202220214  -710.1 -80.8 -764.7
20211202220215  -710.3 -81.1 -764.7
20211202220216  -710.4 -81.3 -764.8
20211202220217  -710.3 -81.5 -764.9
20211202220218  -710.3 -81.5 -764.8
20211202220219  -710.4 -81.3 -765.0
20211202220220  -710.5 -81.4 -764.7
20211202220221  -710.5 -81.4 -764.9
20211202220222  -710.3 -81.1 -764.9
20211202220223  -710.4 -81.5 -764.6
20211202220224  -710.5 -81.5 -764.6
20211202220225  -710.6 -81.5 -764.7
20211202220226  -710.5 -81.5 -764.6
20211202220227  -710.6 -81.5 -764.9
20211202220228  -710.4 -81.6 -765.3
20211202220229  -710.5 -81.7 -765.0
20211202220230  -710.2 -81.7 -765.3
20211202220231  -710.5 -81.3 -765.0
20211202220232  -710.7 -81.5 -764.5
20211202220233  -710.6 -81.6 -764.7
20211202220234  -710.6 -81.8 -765.1
20211202220235  -710.8 -81.7 -764.8
20211202220236  -710.5 -81.7 -765.0
20211202220237  -710.5 -81.8 -764.8
20211202220238  -710.6 -81.5 -764.8
20211202220239  -710.5 -81.4 -764.9
20211202220240  -710.6 -81.7 -764.7
20211202220241  -710.5 -81.9 -764.6
20211202220242  -710.1 -81.2 -764.4
20211202220243  -710.1 -81.1 -764.3
20211202220244  -710.5 -81.2 -764.5
20211202220245  -710.7 -81.4 -764.9
20211202220246  -710.8 -81.3 -764.7
20211202220247  -710.8 -81.4 -764.7
20211202220248  -711.0 -81.0 -764.3
20211202220249  -711.0 -80.9 -764.3
20211202220250  -710.9 -81.1 -764.7
20211202220251  -711.2 -81.1 -764.6
20211202220252  -711.4 -81.1 -764.7
20211202220253  -711.6 -81.4 -764.7
20211202220254  -711.7 -81.5 -764.7
20211202220255  -712.1 -81.4 -765.0
20211202220256  -712.0 -81.4 -764.9
20211202220257  -712.1 -81.2 -764.8
20211202220258  -712.4 -81.2 -764.8
20211202220259  -712.4 -81.3 -764.8
20211202220300  -712.2 -81.5 -764.5
20211202220301  -712.3 -81.3 -764.6
20211202220302  -712.8 -81.3 -764.7
20211202220303  -712.5 -81.5 -764.7
20211202220304  -712.8 -81.3 -764.8
20211202220305  -712.7 -81.2 -764.5
20211202220306  -712.7 -81.3 -764.9
20211202220307  -712.5 -81.3 -764.5
20211202220308  -712.7 -81.3 -764.7
20211202220309  -712.8 -81.3 -764.5
20211202220310  -712.8 -81.4 -764.6
20211202220311  -712.8 -81.2 -764.3
20211202220312  -712.0 -80.8 -763.7
20211202220313  -711.9 -80.6 -763.3
20211202220314  -711.8 -80.9 -763.1
20211202220315  -712.5 -81.2 -763.8
20211202220316  -712.3 -81.0 -764.1
20211202220317  -712.5 -80.8 -764.0
20211202220318  -712.3 -80.8 -764.0
20211202220319  -712.5 -80.9 -764.1
20211202220320  -712.8 -80.9 -764.2
20211202220321  -712.9 -80.7 -764.2
20211202220322  -712.7 -80.6 -763.8
20211202220323  -712.7 -80.7 -764.2
20211202220324  -712.7 -80.8 -764.3
20211202220325  -712.9 -80.9 -764.2
20211202220326  -712.7 -80.9 -764.3
20211202220327  -712.9 -81.0 -764.2
20211202220328  -713.2 -80.9 -764.2
20211202220329  -713.0 -81.2 -764.3
20211202220330  -713.2 -81.1 -764.3
20211202220331  -713.4 -81.2 -764.1
20211202220332  -713.5 -81.2 -764.1
20211202220333  -713.6 -81.1 -764.1
20211202220334  -713.4 -80.8 -763.9
20211202220335  -713.3 -81.1 -764.2
20211202220336  -713.3 -81.1 -764.1
20211202220337  -713.6 -81.3 -764.0
20211202220338  -713.8 -81.1 -763.9
20211202220339  -713.7 -81.0 -763.8
20211202220340  -713.8 -81.3 -764.0
20211202220341  -713.8 -81.2 -764.3
20211202220342  -713.2 -81.1 -763.9
20211202220343  -713.0 -80.8 -763.3
20211202220344  -712.8 -80.8 -763.0
20211202220345  -713.4 -80.8 -763.4
20211202220346  -713.4 -81.1 -763.6
20211202220347  -713.9 -81.1 -763.7
20211202220348  -714.1 -80.8 -763.5
20211202220349  -714.2 -80.8 -763.6
20211202220350  -714.2 -80.8 -763.8
20211202220351  -714.1 -80.7 -763.9
20211202220352  -714.3 -80.9 -763.6
20211202220353  -714.4 -80.6 -763.8
20211202220354  -714.3 -80.4 -763.8
20211202220355  -714.5 -80.3 -763.6
20211202220356  -714.6 -80.2 -763.5
20211202220357  -714.7 -80.2 -763.8
20211202220358  -714.9 -80.4 -764.0
20211202220359  -714.8 -80.4 -763.8
20211202220400  -715.3 -80.5 -764.0
20211202220401  -715.5 -80.7 -763.6
20211202220402  -715.4 -80.5 -763.6
20211202220403  -715.5 -80.8 -763.5
20211202220404  -715.5 -80.8 -763.6
20211202220405  -715.5 -80.8 -763.6
20211202220406  -715.6 -80.9 -763.5
20211202220407  -715.9 -80.9 -763.5
20211202220408  -715.8 -80.9 -763.6
20211202220409  -715.7 -81.0 -763.6
20211202220410  -716.0 -80.8 -763.6
20211202220411  -715.8 -81.0 -763.4
20211202220412  -715.3 -80.8 -763.3
20211202220413  -714.7 -80.8 -762.6
20211202220414  -714.8 -80.9 -762.8
20211202220415  -714.8 -80.7 -762.5
20211202220416  -715.4 -80.9 -762.8
20211202220417  -715.6 -80.8 -762.8
20211202220418  -715.6 -80.7 -762.6
20211202220419  -715.6 -80.9 -762.8
20211202220420  -715.7 -80.7 -763.3
20211202220421  -715.9 -81.0 -763.3
20211202220422  -716.1 -81.0 -763.4
20211202220423  -716.1 -81.2 -763.6
20211202220424  -716.2 -81.2 -763.8
20211202220425  -716.4 -81.4 -763.7
20211202220426  -716.8 -81.2 -763.8
20211202220427  -717.1 -81.2 -763.9
20211202220428  -717.2 -81.3 -763.8
20211202220429  -717.3 -81.5 -764.0
20211202220430  -717.5 -81.5 -764.2
20211202220431  -717.8 -81.8 -764.6
20211202220432  -717.8 -81.7 -764.2
20211202220433  -718.2 -81.8 -764.4
20211202220434  -718.4 -82.1 -764.3
20211202220435  -718.7 -82.1 -764.6
20211202220436  -718.6 -81.9 -764.8
20211202220437  -718.7 -82.1 -764.6
20211202220438  -718.9 -82.5 -764.4
20211202220439  -719.0 -82.6 -764.6
20211202220440  -719.3 -82.5 -764.2
20211202220441  -719.2 -82.3 -764.5
20211202220442  -719.4 -82.8 -764.5
20211202220443  -718.8 -82.2 -763.8
20211202220444  -718.7 -82.2 -763.8
20211202220445  -718.7 -81.9 -763.5
20211202220446  -718.5 -81.9 -763.8
20211202220447  -719.5 -82.1 -764.4
20211202220448  -719.6 -82.4 -764.5
20211202220449  -719.9 -82.4 -764.5
20211202220450  -719.9 -82.1 -764.3
20211202220451  -720.0 -81.8 -764.4
20211202220452  -720.1 -82.3 -764.4
20211202220453  -720.5 -82.4 -764.7
20211202220454  -720.5 -82.5 -764.8
20211202220455  -720.7 -82.7 -764.5
20211202220456  -721.0 -82.6 -764.6
20211202220457  -721.4 -82.6 -764.7
20211202220458  -721.8 -82.5 -764.7
20211202220459  -722.2 -82.3 -765.0
20211202220500  -722.5 -82.3 -764.8
20211202220501  -722.7 -82.3 -764.8
20211202220502  -722.6 -82.4 -764.9
20211202220503  -722.9 -82.3 -764.7
20211202220504  -723.2 -82.1 -764.5
20211202220505  -723.1 -81.8 -764.4
20211202220506  -723.4 -82.2 -764.6
20211202220507  -723.5 -82.1 -764.4
20211202220508  -723.5 -82.0 -764.4
20211202220509  -723.8 -82.0 -764.5
20211202220510  -723.8 -82.2 -764.5
20211202220511  -723.8 -82.1 -764.5
20211202220512  -723.7 -81.9 -764.3
20211202220513  -723.0 -81.7 -763.7
20211202220514  -723.7 -81.5 -763.8
20211202220515  -723.8 -81.7 -764.0
20211202220516  -724.0 -82.0 -764.0
20211202220517  -724.4 -81.8 -764.0
20211202220518  -724.4 -82.1 -764.3
20211202220519  -724.4 -81.8 -764.4
20211202220520  -724.3 -81.8 -764.6
20211202220521  -724.6 -81.2 -764.4
20211202220522  -724.7 -81.6 -764.3
20211202220523  -724.7 -81.3 -764.4
20211202220524  -725.3 -81.6 -764.4
20211202220525  -725.3 -81.7 -764.3
20211202220526  -725.4 -81.6 -764.2
20211202220527  -725.4 -81.7 -764.2
20211202220528  -725.5 -81.4 -764.2
20211202220529  -725.5 -81.4 -764.4
20211202220530  -725.5 -81.4 -764.0
20211202220531  -725.8 -81.1 -763.9
20211202220532  -726.0 -81.1 -764.0
20211202220533  -726.0 -81.1 -764.0
20211202220534  -726.4 -80.9 -763.9
20211202220535  -726.5 -80.8 -764.2
20211202220536  -726.6 -80.7 -764.2
20211202220537  -726.9 -80.7 -763.9
20211202220538  -726.7 -80.4 -764.1
20211202220539  -726.2 -80.3 -763.5
20211202220540  -726.0 -79.9 -763.1
20211202220541  -726.8 -80.1 -763.5
20211202220542  -727.2 -80.1 -763.8
20211202220543  -727.1 -80.0 -763.7
20211202220544  -727.1 -80.0 -763.6
20211202220545  -727.2 -79.8 -763.5
20211202220546  -727.3 -79.9 -763.4
20211202220547  -727.5 -79.8 -763.3
20211202220548  -727.6 -79.6 -763.3
20211202220549  -727.7 -79.7 -763.3
20211202220550  -728.0 -79.5 -763.5
20211202220551  -728.1 -79.4 -763.7
20211202220552  -727.9 -79.4 -763.5
20211202220553  -728.1 -79.3 -763.1
20211202220554  -728.1 -79.2 -763.2
20211202220555  -728.1 -79.3 -762.7
20211202220556  -728.3 -79.1 -762.8
20211202220557  -728.7 -79.1 -763.0
20211202220558  -728.4 -79.1 -763.0
20211202220559  -728.6 -79.1 -763.0
20211202220600  -728.6 -78.9 -763.0
20211202220601  -728.3 -78.6 -762.6
20211202220602  -728.5 -79.0 -762.8
20211202220603  -728.4 -78.8 -762.8
20211202220604  -728.5 -78.6 -762.6
20211202220605  -727.9 -78.5 -762.1
20211202220606  -727.4 -78.1 -761.7
20211202220607  -727.7 -78.1 -761.6
20211202220608  -727.9 -78.0 -762.1
20211202220609  -728.0 -78.1 -762.0
20211202220610  -727.9 -77.8 -762.1
20211202220611  -728.0 -77.8 -761.9
20211202220612  -727.9 -77.8 -762.0
20211202220613  -727.8 -77.7 -762.0
20211202220614  -727.9 -77.3 -761.9
20211202220615  -727.9 -77.1 -762.0
20211202220616  -728.0 -77.3 -762.0
20211202220617  -728.0 -77.7 -762.1
20211202220618  -728.4 -77.3 -762.0
20211202220619  -728.2 -77.3 -761.9
20211202220620  -727.8 -77.2 -762.0
20211202220621  -728.0 -77.2 -761.9
20211202220622  -728.1 -77.1 -762.1
20211202220623  -728.2 -76.9 -761.9
20211202220624  -728.2 -76.8 -761.9
20211202220625  -728.6 -76.8 -762.1
20211202220626  -728.6 -76.9 -762.1
20211202220627  -728.9 -76.5 -761.9
20211202220628  -729.0 -76.8 -762.0
20211202220629  -729.2 -76.5 -761.9
20211202220630  -728.9 -76.4 -761.7
20211202220631  -728.2 -76.6 -760.9
20211202220632  -728.1 -76.1 -760.4
20211202220633  -727.9 -75.9 -760.3
20211202220634  -728.7 -75.7 -760.8
20211202220635  -728.3 -75.8 -760.8
20211202220636  -728.2 -75.5 -760.9
20211202220637  -728.0 -75.7 -760.6
20211202220638  -728.5 -75.6 -760.5
20211202220639  -728.2 -75.3 -760.8
20211202220640  -728.7 -75.5 -760.8
20211202220641  -728.4 -75.2 -760.6
20211202220642  -728.7 -75.0 -760.3
20211202220643  -728.8 -75.0 -760.5
20211202220644  -728.9 -74.6 -760.4
20211202220645  -728.7 -75.0 -760.3
20211202220646  -728.9 -74.7 -760.2
20211202220647  -728.8 -74.5 -760.0
20211202220648  -728.6 -74.3 -760.0
20211202220649  -728.6 -74.0 -760.1
20211202220650  -728.6 -74.1 -759.9
20211202220651  -728.5 -74.0 -759.7
20211202220652  -728.5 -73.8 -760.0
20211202220653  -728.4 -73.8 -759.8
20211202220654  -728.7 -73.6 -759.7
20211202220655  -728.4 -73.8 -759.7
20211202220656  -728.1 -73.5 -759.8
20211202220657  -727.8 -73.6 -759.5
20211202220658  -727.3 -73.5 -759.0
20211202220659  -727.0 -73.2 -758.8
20211202220700  -727.3 -73.3 -758.8
20211202220701  -727.4 -73.0 -759.2
20211202220702  -727.6 -73.0 -758.8
20211202220703  -727.4 -73.4 -759.2
20211202220704  -727.5 -73.1 -759.2
20211202220705  -727.5 -72.7 -759.5
20211202220706  -727.4 -72.6 -759.2
20211202220707  -727.5 -72.6 -759.2
20211202220708  -727.4 -72.6 -759.2
20211202220709  -727.6 -72.4 -759.2
20211202220710  -727.6 -72.4 -759.0
20211202220711  -727.5 -72.6 -759.0
20211202220712  -727.5 -72.3 -759.2
20211202220713  -727.3 -72.2 -759.3
20211202220714  -727.5 -72.1 -758.9
20211202220715  -727.3 -71.8 -758.8
20211202220716  -727.4 -71.5 -758.6
20211202220717  -727.2 -71.9 -758.3
20211202220718  -727.4 -71.9 -758.4
20211202220719  -727.4 -71.8 -758.7
20211202220720  -727.3 -71.5 -758.6
20211202220721  -727.2 -71.6 -759.0
20211202220722  -727.4 -71.9 -758.6
20211202220723  -727.3 -71.8 -758.7
20211202220724  -726.5 -71.2 -757.8
20211202220725  -726.4 -71.4 -757.7
20211202220726  -726.8 -71.4 -757.6
20211202220727  -727.0 -71.5 -757.8
20211202220728  -726.8 -71.3 -758.0
20211202220729  -726.8 -71.4 -758.0
20211202220730  -726.8 -71.2 -758.2
20211202220731  -726.8 -71.3 -758.2
20211202220732  -726.8 -71.2 -758.1
20211202220733  -726.8 -71.0 -757.8
20211202220734  -726.6 -70.9 -758.0
20211202220735  -726.6 -70.8 -757.6
20211202220736  -726.6 -70.8 -757.7
20211202220737  -726.5 -70.7 -757.3
20211202220738  -726.2 -70.8 -757.3
20211202220739  -726.4 -70.5 -757.3
20211202220740  -726.3 -70.5 -757.4
20211202220741  -726.1 -70.4 -757.4
20211202220742  -726.2 -70.1 -757.4
20211202220743  -726.4 -70.2 -757.6
20211202220744  -726.2 -70.1 -757.4
20211202220745  -726.3 -70.2 -757.2
20211202220746  -726.3 -70.1 -757.3
20211202220747  -725.9 -69.9 -757.2
20211202220748  -725.9 -70.0 -757.2
20211202220749  -725.4 -70.0 -757.2
20211202220750  -724.7 -70.0 -756.9
20211202220751  -724.7 -69.5 -756.4
20211202220752  -725.2 -69.5 -756.6
20211202220753  -725.3 -69.6 -757.2
20211202220754  -725.5 -69.4 -757.3
20211202220755  -725.5 -69.1 -757.1
20211202220756  -725.3 -69.1 -756.7
20211202220757  -725.5 -69.1 -757.0
20211202220758  -725.6 -69.2 -756.9
20211202220759  -725.7 -69.0 -757.0
20211202220800  -725.6 -69.1 -757.1
20211202220801  -725.4 -68.9 -757.1
20211202220802  -725.8 -68.7 -757.1
20211202220803  -725.5 -69.0 -756.9
20211202220804  -725.5 -68.8 -757.2
20211202220805  -725.4 -68.9 -757.2
20211202220806  -725.5 -69.0 -757.1
20211202220807  -725.7 -68.9 -757.3
20211202220808  -725.6 -68.9 -757.2
20211202220809  -725.4 -68.8 -756.9
20211202220810  -725.3 -68.8 -756.8
20211202220811  -725.1 -68.5 -756.7
20211202220812  -725.2 -68.6 -756.8
